0 3.67554873228073 95.4584292471409 4.91271883249283 8.35862150788307 53.7180724740028 2465.96140944958 767.683590680361 49.0540647506714 56.1699157357216 17.1899015903473 12.4331569671631 4.12516808509827 13020.1461369395 0.900622367858887 7.48189723491669 187.221525967121 4.63116374611855 15.8866948485374 4.97508865594864 196.580982387066 28.2369067668915 385.788687616587 86.1606916189194 0 39.8172135353088 29.4028915166855 120.690295904875 14369.7996683121 2873.28818759322 0 8.96945437788963 473.598096907139 485.824165999889 12.9066382050514 234.901654094458 6.14252549409866 406.311842948198 33.9608725309372 23.9478230178356 27.3889088928699 1.01821994781494 3.11072850227356 1.64585375785828 9.87264108657837 1.44062662124634 0 0 0 2.32712131738663 0 0 0 0 0 1.3495546579361 0.739945113658905 5.61345314979553 0 0 0 0 1.21801817417145 0 5.56843656301498 0.904717147350311 0 0 0 5.70204937458038 2.48592233657837 2.57622957229614 27.24730271101 0.788350641727448 0 0 30.2527829706669 4.91809445619583 1.88564133644104 0 0 0.825854659080505 2.88376465439796 0
3.67554873228073 0 218.034468412399 2.27701461315155 3.42282456159592 1.76853728294373 11.9828914999962 5.32093480229378 931.317479372025 0.597819030284882 141.000344634056 13.9766635894775 846.523329585791 10.1378779411316 32.5091509222984 150.995724648237 232.640018314123 35.0428547859192 78.5399736464024 1.60354948043823 34.8752743303776 2239.82691636682 96.4729596972466 379.678629547358 2307.66223141551 921.547199815512 6016.45140296221 56.2430479973555 11.2829210758209 29.1029106378555 28.1043281257153 0 1.23986560106277 113.651126801968 0 171.900947242975 88.7464835941792 376.849504262209 60.2842746973038 24.4560012817383 2.91074097156525 111.506771832705 15.0904574394226 8.57454454898834 44.731859266758 7.25720497965813 1.07482743263245 0 2.43715941905975 0 192.409636735916 37.908577978611 0 0 0 0.741160750389099 1.20756185054779 4.73193061351776 0.633415639400482 7.86536252498627 1.22378504276276 36.2730882763863 0 0 1.87000542879105 14.8228539228439 2.83397531509399 12.3713145256042 0 2.42163646221161 21.3596683740616 25.8685391843319 1.57916378974915 50.7789660096169 80.0626788437366 349.357649445534 5.50268995761871 0 0 1.14519187808037 0 0 10.4963783025742 1.88242921233177
95.4584292471409 218.034468412399 0 6.84101301431656 1.44939172267914 85.7882053554058 900.944807112217 219.484173387289 49.2569336295128 57.8843769729137 80.9925857484341 12.4666394293308 32.8983363211155 287.275871008635 2.96038961410522 147.668844163418 5611.24377724528 35.4022921323776 273.24765458703 3.56434947252274 1170.35214218497 150.425050377846 11660.8002951443 272.754886597395 22.07679438591 7848.10721111298 11780.3724732995 1024.7605369091 165.471551120281 1154.02052080631 8.47451034188271 3.4656240940094 21.9667321443558 500.839977353811 52.4905814528465 1482.70348516107 156.22737044096 2108.71668678522 571.823182791471 12.3422833383083 32.2652029395103 1.23766261339188 27.8788114488125 9.6929931640625 55.4730673730373 21.8042736053467 1.93959474563599 0 0 0 28.5615130662918 45.9401021003723 0.425371825695038 0 0 3.27897015213966 0 1.09894776344299 0 0 1.41473138332367 2.15928569436073 0 0 21.0877554416656 12.2226942777634 0.454551100730896 5.59386351704597 0 8.20168378949165 20.4446415305138 62.271593272686 9.22642508149147 7.40619432926178 18.344596683979 329.216696441174 10.6109149158001 2.29230910539627 5.10075742006302 0 0 0 9.38819915056229 17.7962301671505
4.91271883249283 2.27701461315155 6.84101301431656 0 3.3338697552681 235.79646256566 705.278554171324 59.4602026939392 470.078634977341 8564.38330736756 0 1828.85580718517 0 83.2295274138451 75.2162016630173 3.86119955778122 1.99397283792496 0 0.868697166442871 27037.865190655 7.0047393143177 10.3233800530434 11.3566675186157 3099.4470717907 0 2.02598488330841 8.09254986047745 16387.6329296231 39.0162453055382 12.1595650613308 0 2.04026570916176 0.78549599647522 26.052383184433 18.0534734725952 31.1616349518299 0 36.8447652459145 3.38567185401917 125.052938342094 2.61277455091476 0 0 0 0 0 18.2473164200783 0 0 0 0.612792074680328 0 91.7605726718903 2.85317671298981 1.0232560634613 1.10295081138611 0.889512062072754 57.1910809576511 40.6844002604485 0 97.0482448339462 0 0.581575453281403 15.0672096014023 0 0 0 0 34.5451210737228 1.41690027713776 3.32014679908752 0 46.3676525354385 0 0 2.21155261993408 44.9325533509254 0 0 0 0 0 0 0
8.35862150788307 3.42282456159592 1.44939172267914 3.3338697552681 0 3151.05468204618 20.2475723028183 1166.83063557744 151.142017126083 24.3108631372452 66.6910237371922 112.024048835039 13.8434760570526 268.495418071747 3092.0883256793 0 0.778176128864288 7.08472380042076 5.63408446311951 11.2388606369495 2.12273699045181 11.1085034310818 3.01028165221214 32.8889521658421 0 9.4862625002861 8.64600476622581 20.1059653759003 284.192683696747 5.60472366213799 0 3248.48169851303 0 2296.91597378254 19.7926784157753 44.9086367487907 8.93272322416306 236.480691939592 5.83816456794739 5233.73715725541 4918.34697711468 5.15332388877869 0 0 0 5.26636362075806 4.30420058965683 0 0 0 0 0 1.44836926460266 0 0 0 0 0 0 0 0 0 0 0 0 0 0 0 0 0 0 0 0 0 0 0.871046364307404 2.74403035640717 0 0 0 0 0 0 37.6447108089924
53.7180724740028 1.76853728294373 85.7882053554058 235.79646256566 3151.05468204618 0 4308.43139407039 22380.0456281602 225.102394789457 20919.7847465575 153.109995901585 15086.6081767678 23.4619302153587 2502.03827750683 6825.71134635806 5.57843324542046 42.0372444093227 7.01445138454437 7.19896444678307 1044.36329418421 73.2405759394169 9.72301504015923 176.950242906809 125.325746566057 3.64536836743355 31.4349234104156 25.6739992201328 506.953357577324 760.39087241888 263.40561658144 1.67340874671936 1789.34599906206 21.7240924239159 1219.40891328454 639.563988745213 238.048346877098 13.127762556076 445.105627715588 19.3120991885662 5903.16760838032 1502.95731523633 14.8981076180935 3.79194700717926 0 2.10870969295502 0.633160293102264 2.04652813076973 0 0 0.360213875770569 0 0 10.1880499124527 0.807936549186707 1.63284069299698 1.13059175014496 0 17.5262676477432 10.0023817718029 0.772458851337433 28.2859114706516 0 1.87716484069824 0.974123418331146 0.528044760227203 0 0 0 4.37715542316437 0.906696677207947 2.24970924854279 0.91620147228241 12.3566465675831 0 0 0 14.8449882268906 2.14451789855957 0.959945142269135 0 0 0.886959493160248 0 1.73858946561813
2465.96140944958 11.9828914999962 900.944807112217 705.278554171324 20.2475723028183 4308.43139407039 0 5383.2324552536 766.372217535973 18945.2665630579 40.1456500291824 732.982808083296 8.37313476204872 11623.0180560946 68.6093932390213 66.8047856688499 236.152529150248 5.33365949988365 19.7404819726944 862.812839448452 986.545201838017 75.2979457080364 1811.95310333371 2757.14107227325 1.4743504524231 147.358603835106 240.938970178366 18632.1101306975 2369.91891771555 17425.490539968 0 30.7125448286533 283.707629442215 786.655785381794 93.6018666923046 1249.92022943497 28.7812323868275 1390.67294672132 179.941998511553 305.957860857248 163.678213208914 5.06038412451744 27.0613471269608 0.463360011577606 21.8339955210686 8.44554460048676 19.9266166090965 2.57373145222664 0 11.5075305998325 0.613842070102692 0 40.7095234692097 1.42288279533386 4.2193438410759 20.3093032538891 3.03342169523239 102.649198025465 30.9856203794479 0 19.7448337078094 0.385839968919754 7.0403858423233 10.5494663715363 17.0558582544327 0 0 0 35.9785165786743 5.18927150964737 12.9165294766426 5.07430079579353 160.087772607803 0 0 8.4294545352459 153.452748775482 22.9496611356735 14.3333645761013 0 0 1.79684841632843 9.19450509548187 9.63048624992371
767.683590680361 5.32093480229378 219.484173387289 59.4602026939392 1166.83063557744 22380.0456281602 5383.2324552536 0 94.2124622762203 3212.73034960032 516.400156199932 1476.95617252588 108.045370876789 19035.0995596647 608.452061414719 13.9185096025467 217.61918643117 13.3156967759132 33.0354696810246 238.544730693102 253.415557265282 29.5829386711121 527.822306394577 115.851804405451 5.91489523649216 117.853088885546 79.0217713415623 280.092005461454 2789.95787256956 1209.95004662871 3.61585474014282 1528.55051073432 61.193135291338 1899.5467659235 69.8278930783272 644.090988695621 45.4368925988674 999.074835449457 50.3301614820957 1002.5778850317 1438.19887655973 48.5646954476833 9.01326814293861 0 1.04589331150055 2.88451346755028 1.27546656131744 0 0 2.34822118282318 1.08314970135689 0 2.15521782636642 0 0 6.24664878845215 0 8.51288264989853 1.13507461547852 0 7.87540602684021 0 0.948924779891968 1.03518617153168 1.33155798912048 0.614375233650208 0 0 0 3.38411313295364 3.00534677505493 1.44192636013031 21.411253541708 0 0 6.11308270692825 32.5545403659344 6.05652502179146 5.15890976786613 0 0 1.28170073032379 5.21648213267326 4.14070212841034
49.0540647506714 931.317479372025 49.2569336295128 470.078634977341 151.142017126083 225.102394789457 766.372217535973 94.2124622762203 0 792.852944403887 25.2032500207424 3278.01150113344 169.016798377037 133.341049939394 2184.69088166952 106.748904645443 48.621420159936 7.94059270620346 17.3319167494774 341.506699174643 38.1289004087448 3226.5951153338 86.1611148118973 10099.9991912246 238.375146865845 172.820601075888 1094.46832214296 2167.65323060751 194.324561566114 285.788187325001 9.38010466098785 9.59144657850266 69.1434152126312 85.0725545585155 9.06347262859344 271.793677389622 13.4248444736004 219.515891134739 30.4384517967701 2181.24546828866 25.9923339188099 20.3475989997387 25.0582780241966 0.564943790435791 17.066059589386 11.6888498067856 96.5692606568336 2.0151230096817 0 3.14804476499557 12.2678861021996 2.45200529694557 178.225962013006 8.89226931333542 18.5807255506516 27.1047994792461 4.63573777675629 343.916962742805 155.06223654747 1.04044783115387 121.89873328805 0.488558441400528 11.7081107497215 59.6486421227455 13.6690652966499 1.70981049537659 0 1.0390477180481 124.51113986969 6.81295010447502 10.6921709775925 4.35277938842773 277.624230563641 2.30458933115005 1.49372109770775 7.65659984946251 322.730458945036 10.6771944463253 14.0247044861317 1.64137449860573 0.934743046760559 3.87659758329391 2.96115463972092 2.797577470541
56.1699157357216 0.597819030284882 57.8843769729137 8564.38330736756 24.3108631372452 20919.7847465575 18945.2665630579 3212.73034960032 792.852944403887 0 37.702955275774 13927.5843763947 14.2000178694725 3142.59560826421 216.093484789133 5.63724407553673 15.6297089755535 1.62402081489563 3.36868077516556 21590.4373756647 55.0558113753796 22.0207580029964 109.852002739906 970.518616050482 1.01227855682373 13.9314378201962 29.5780003070831 10938.6007923186 592.421254187822 158.658561944962 0 31.9551266729832 20.0011781156063 395.325457632542 688.280654937029 496.716354846954 10.8600418567657 570.653200447559 49.1600243151188 420.695617735386 109.304076761007 2.73620164394379 1.84707820415497 0 2.20507609844208 0 34.4801398515701 0 0 0 0.689809143543243 0 169.184183061123 1.69207179546356 7.87609422206879 3.18960785865784 2.70549702644348 104.184321880341 67.7354826629162 0 112.72802233696 0 2.53004050254822 17.8323201239109 1.74946403503418 0 0 0 62.3531865179539 0.802575170993805 4.89604252576828 0 130.943968981504 0 0 3.93444550037384 120.287301629782 1.62411913275719 0 0 0 0 0.589277863502502 1.01817834377289
17.1899015903473 141.000344634056 80.9925857484341 0 66.6910237371922 153.109995901585 40.1456500291824 516.400156199932 25.2032500207424 37.702955275774 0 18.0375393927097 10003.2075148821 585.542626708746 11.5379114151001 6.3761839568615 615.945515096188 6030.73076736927 2870.19213464856 4.70938557386398 19.191924482584 39.3427340090275 88.3589125573635 9.75832307338715 881.885326951742 6721.42720267177 1755.11590334773 10.2169027030468 287.211764812469 30.6612643003464 1170.33809804916 147.223459720612 4.71272534132004 8639.71075204015 4.61729308962822 171.460412025452 2377.73111319542 6273.64934915304 240.518996417522 41.4658274054527 115.010323524475 2845.29117053747 1.21442151069641 8.14729630947113 2.61668282747269 0.505698204040527 0 0 5.52280467748642 0 12.9656956791878 0.34677842259407 0 0 0 0 0 0 0 28.3366141319275 0 119.476208120584 0 0 0 1.94988459348679 5.26280343532562 1.81683164834976 1.40053272247314 0 1.08077323436737 0.902427911758423 0.864046037197113 96.0119760930538 63.9867621362209 54.1828926503658 0 0 1.39795255661011 8.70689392089844 0 0 0.5867018699646 0
12.4331569671631 13.9766635894775 12.4666394293308 1828.85580718517 112.024048835039 15086.6081767678 732.982808083296 1476.95617252588 3278.01150113344 13927.5843763947 18.0375393927097 0 167.092363983393 420.393494069576 2425.38926836848 1.72128862142563 4.23517429828644 0.651887536048889 1.1949428319931 16986.8638656735 5.05869993567467 53.7325214147568 13.9062860608101 728.429376959801 0 1.79244291782379 16.1373929977417 1299.91770005226 176.296432107687 28.8372452259064 0 32.0609990358353 3.23449957370758 129.651169896126 376.833167791367 103.116186022758 15.2202162146568 171.365320444107 76.2331510484219 2712.4437828958 163.17402240634 25.3287570476532 2.12322622537613 0 0 0.574070572853088 70.7695188522339 0 0 0 1.4566975235939 0 59.6399946212769 4.44815820455551 9.81915500760078 2.86628222465515 1.44114458560944 79.1605800390244 76.6017520725727 1.17940998077393 547.535044521093 0 0 28.9542950987816 0.87353503704071 0 0 0 64.5295283198357 0 0.503508150577545 0 50.0955624878407 0 0 0 64.6887678802013 0.422409057617188 0 0 0 0 0 6.71576955914497
4.12516808509827 846.523329585791 32.8983363211155 0 13.8434760570526 23.4619302153587 8.37313476204872 108.045370876789 169.016798377037 14.2000178694725 10003.2075148821 167.092363983393 0 120.810244470835 7.41772019863129 9.12338396906853 30.7405213117599 350.249049514532 133.64749661088 0.934554040431976 5.18119618296623 279.979363381863 12.2600012719631 31.5586602687836 5531.78922966123 2460.00962412357 5663.87452968955 7.42732465267181 62.9074883460999 4.93585440516472 3488.9945948422 38.3554675877094 1.4177668094635 1510.93475583196 97.6911304295063 1190.93833529949 1493.59717670083 3812.88480585814 673.514093160629 19.9240078628063 1230.46079915762 6985.11690095067 12.4662808179855 37.0844941735268 6.17846792936325 4.42517188191414 0 1.08281567692757 8.77152967453003 0 30.7773876786232 0 0 0 0 0 0 2.04206895828247 0 79.3265819251537 0 247.656748652458 0.487076729536057 0 1.21759694814682 0.448252171278 16.6890479922295 2.92997789382935 0 0 2.61904859542847 1.11339640617371 0.776589453220367 183.712829083204 98.2383431196213 102.264227688313 3.95261061191559 0 0 20.1027085781097 0 0 1.87291741371155 41.6634761691093
13020.1461369395 10.1378779411316 287.275871008635 83.2295274138451 268.495418071747 2502.03827750683 11623.0180560946 19035.0995596647 133.341049939394 3142.59560826421 585.542626708746 420.393494069576 120.810244470835 0 72.6529466211796 11.4685619771481 364.675033032894 30.699424803257 78.9213106334209 163.858420521021 391.639216840267 64.7237795293331 833.617907851934 171.856455981731 5.36364927887917 164.928139388561 114.644258469343 394.267911866307 8391.69123882055 2761.37781524658 3.43223950266838 1254.85270684958 231.091001391411 2279.91716253757 44.087827205658 951.941566199064 64.7286978662014 1557.90396910906 88.3310241401196 441.514015614986 649.617013156414 38.2856674790382 6.02910423278809 0 2.95748448371887 2.85982993245125 0.527424216270447 1.56311500072479 0 2.07038325071335 0.506124675273895 1.05159866809845 1.14793705940247 0 0.611757695674896 3.21404248476028 3.29312717914581 11.0700823068619 0 0 1.96018606424332 0 1.20057186484337 0 3.94921600818634 0 0 0 0 3.01576027274132 3.48792064189911 4.2969354391098 34.0791438817978 0 1.981818318367 5.01590120792389 55.7779742777348 6.98010069131851 7.00388285517693 0 0 0 7.47612750530243 4.5717089176178
0.900622367858887 32.5091509222984 2.96038961410522 75.2162016630173 3092.0883256793 6825.71134635806 68.6093932390213 608.452061414719 2184.69088166952 216.093484789133 11.5379114151001 2425.38926836848 7.41772019863129 72.6529466211796 0 1.26476365327835 3.75596171617508 0 0.64598822593689 87.7388883531094 3.25178021192551 110.898463189602 4.20533791184425 448.58019605279 4.4639864563942 7.56795355677605 47.6229371130466 207.295793503523 30.5421175956726 6.34914839267731 0.448870092630386 279.194351911545 0 91.5278441309929 396.713250428438 11.8143525719643 2.82067176699638 34.0499207377434 17.5239988565445 21277.3384604156 272.118002653122 1.27912646532059 10.7827566862106 4.67655217647552 0.80456280708313 48.7961788773537 26.4699862599373 1.63112938404083 0 0.973409295082092 0 2.06484341621399 10.2537240087986 0 1.09737801551819 0.957085192203522 0 11.4743550419807 11.5749051570892 0 11.9555527567863 0 0 5.66002130508423 1.7345404624939 0 0 0 7.3890318274498 0.681870698928833 3.4199538230896 1.10686099529266 2.79075527191162 0 1.33184802532196 0 7.72845563292503 0 1.64384174346924 0 0 0 2.11329227685928 280.326531618834
7.48189723491669 150.995724648237 147.668844163418 3.86119955778122 0 5.57843324542046 66.8047856688499 13.9185096025467 106.748904645443 5.63724407553673 6.3761839568615 1.72128862142563 9.12338396906853 11.4685619771481 1.26476365327835 0 88.8937462866306 1.8223562836647 10.0874222517014 2.07529944181442 8783.29858615994 2620.65148365498 16648.7757772207 2084.04372444749 15.1267200112343 68.9546047151089 8124.78051224351 1819.89021599293 27.7683846652508 247.446462899446 1.00759747624397 0 19.3800318241119 209.400621563196 54.682484716177 987.1345256567 49.4259015321732 607.967898279428 251.483553469181 6.67894196510315 33.2967827618122 0 50.148332297802 3.29348528385162 31.4010810256004 26.6173151433468 0 1.51843976974487 0 3.98502260446548 1.78395900130272 2.71142938733101 0 0 1.23675787448883 16.7922818958759 2.47278100252151 13.7083047032356 0 0 1.54678118228912 0 7.73988658189774 2.21948546171188 196.595999538898 2.73685014247894 0 1.24625498056412 0 56.3835159540176 99.0563359856606 47.9230737090111 75.6499113738537 0.538090825080872 2.46162587404251 59.5208237469196 65.6970944106579 12.8525602221489 36.4016599655151 0 0 4.30095267295837 16.8503865599632 10.8892748057842
187.221525967121 232.640018314123 5611.24377724528 1.99397283792496 0.778176128864288 42.0372444093227 236.152529150248 217.61918643117 48.621420159936 15.6297089755535 615.945515096188 4.23517429828644 30.7405213117599 364.675033032894 3.75596171617508 88.8937462866306 0 398.690922349691 7515.09515205026 0 1705.78317499161 150.789740949869 7222.69752401114 97.3192212283611 24.2571808993816 6525.11719480157 3349.02530667186 223.995713204145 558.074698269367 1580.87829720974 13.7303972244263 5.00505673885345 91.889848947525 2168.8981603086 22.0222602188587 517.317294031382 105.270771592855 1701.256932199 185.286617636681 8.63164272904396 12.1925785839558 5.71647480130196 7.96736741065979 5.37783622741699 24.0550177693367 20.0140622854233 0 0 0 0 21.5781182646751 27.0194332003593 0 0 0 0.717735648155212 0 5.62786477804184 0 1.73622864484787 1.92276912927628 2.44760197401047 1.29003953933716 0 10.6262876391411 9.7762798666954 1.41766703128815 3.49214607477188 0 1.95330631732941 14.5692796707153 24.6980345547199 6.05314847826958 6.2734649181366 14.6728875935078 158.954632341862 8.49049726128578 0 1.43629455566406 0 0 0 7.02363467216492 7.3448089659214
4.63116374611855 35.0428547859192 35.4022921323776 0 7.08472380042076 7.01445138454437 5.33365949988365 13.3156967759132 7.94059270620346 1.62402081489563 6030.73076736927 0.651887536048889 350.249049514532 30.699424803257 0 1.8223562836647 398.690922349691 0 3660.63835406303 1.06641411781311 8.41687965393066 20.5282145142555 27.0351534485817 1.90868353843689 293.842458844185 4032.73706397414 854.547105103731 5.35802340507507 24.5506517887115 8.61271432042122 131.434085905552 6.49613600969315 2.2015945315361 590.841278642416 0.995635688304901 33.9104066193104 248.5034057796 497.704372256994 41.74914970994 1.55679285526276 4.48486518859863 35.5038458108902 0 3.24442467093468 1.2040299475193 0 0 0 0.820607423782349 0 4.1412141919136 0 0 0 0 0 0 0 0 11.3326922059059 0 85.633466809988 0 0 0 0 13.5782178342342 2.4184527695179 0 0 0.992945373058319 0.823844611644745 0 96.578128516674 57.720576018095 66.4809646308422 0 0 0 6.42784851789474 0 0 1.43357855081558 0
15.8866948485374 78.5399736464024 273.24765458703 0.868697166442871 5.63408446311951 7.19896444678307 19.7404819726944 33.0354696810246 17.3319167494774 3.36868077516556 2870.19213464856 1.1949428319931 133.64749661088 78.9213106334209 0.64598822593689 10.0874222517014 7515.09515205026 3660.63835406303 0 0.957061111927032 145.306077927351 27.7060106396675 437.85327270627 13.3864071667194 116.848435848951 6701.04105767608 1598.8897857666 27.8957566022873 88.0716109275818 177.064949661493 48.5223914682865 5.71381855010986 8.55606073141098 1288.31689250469 6.67812252044678 147.207120418549 152.502947539091 976.063271462917 93.8185034096241 4.40595936775208 3.44733744859695 9.12710028886795 2.37708193063736 2.6838504076004 6.11617022752762 2.52321219444275 0 0 0 1.26360976696014 18.2835363745689 4.83034682273865 0 0 0 0 0 0 0 0.98384952545166 0 21.338464230299 0 0 1.75683033466339 0 1.23551273345947 0.628734052181244 0 1.37139642238617 2.58699405193329 2.52578520774841 0.757345378398895 34.7867697477341 21.7841794788837 66.6574857234955 0.482109785079956 0 0 1.34049612283707 0 0 4.10910797119141 2.80288830399513
4.97508865594864 1.60354948043823 3.56434947252274 27037.865190655 11.2388606369495 1044.36329418421 862.812839448452 238.544730693102 341.506699174643 21590.4373756647 4.70938557386398 16986.8638656735 0.934554040431976 163.858420521021 87.7388883531094 2.07529944181442 0 1.06641411781311 0.957061111927032 0 1.2101636826992 9.63476374745369 4.92117404937744 1382.75580796599 0.331405967473984 0.459146678447723 2.02899819612503 7268.59231540561 86.9685028791428 4.79706531763077 0 4.3428815305233 2.76943498849869 63.2076821625233 95.8087343275547 67.9676623642445 2.63777816295624 73.3995774388313 6.05172914266586 158.325797259808 21.9445838034153 0 0 0 2.27260255813599 0 22.8564571738243 0 0 0 0 0 106.651684761047 0 1.53299641609192 1.6210972070694 0.964372277259827 38.5530127286911 130.561597108841 0 169.810735881329 0 0.771739482879639 12.9512472748756 0 0 0 0 56.9369475245476 0 0 0 47.7228119373322 0.524891972541809 0 1.08599531650543 38.3927354216576 0 0 0 0 0 0 0
196.580982387066 34.8752743303776 1170.35214218497 7.0047393143177 2.12273699045181 73.2405759394169 986.545201838017 253.415557265282 38.1289004087448 55.0558113753796 19.191924482584 5.05869993567467 5.18119618296623 391.639216840267 3.25178021192551 8783.29858615994 1705.78317499161 8.41687965393066 145.306077927351 1.2101636826992 0 601.044449180365 23268.4740606248 448.049589604139 4.56830123066902 203.885497152805 972.860694289207 5948.08470788598 589.359487742186 17840.7032254636 0 2.91852235794067 123.821352422237 3171.04734888673 132.753902643919 3049.91881066561 104.170541673899 2896.51049903035 689.40368270874 16.8199724853039 102.616763740778 0.713643312454224 32.6204418540001 3.12160408496857 28.2043777704239 37.4804234206676 1.21434020996094 1.8672171831131 0 8.01148986816406 0 7.10787600278854 0.483915120363235 0 1.96985149383545 13.1614347398281 1.5486387014389 20.6774738729 0.572550296783447 0 0 0.552096307277679 15.7357183694839 2.43849921226501 73.8221517205238 4.48520004749298 0 0 0 77.0211076140404 105.972883820534 24.9023186266422 73.1581236422062 0.813015878200531 1.3934378027916 32.2400979995728 74.7095823287964 17.794194996357 39.4862028062344 0 0 2.82295936346054 16.1568358838558 27.4961138665676
28.2369067668915 2239.82691636682 150.425050377846 10.3233800530434 11.1085034310818 9.72301504015923 75.2979457080364 29.5829386711121 3226.5951153338 22.0207580029964 39.3427340090275 53.7325214147568 279.979363381863 64.7237795293331 110.898463189602 2620.65148365498 150.789740949869 20.5282145142555 27.7060106396675 9.63476374745369 601.044449180365 0 845.195429086685 5117.22603815794 422.581192135811 287.363194167614 4643.03547051549 912.41073346138 137.420991539955 350.522792488337 8.23829796910286 0.488284707069397 44.1414107680321 202.974964469671 25.5562201440334 850.627829223871 80.3453694880009 706.244910806417 244.235794395208 91.3969282209873 25.5927565395832 36.782714754343 47.902790248394 6.86165124177933 37.6496981978416 14.8227473497391 0 0 1.13308572769165 2.80602324008942 9.92332446575165 8.39292466640472 3.15557581186295 0 0 4.96114164590836 2.20538181066513 14.7635561525822 2.97954201698303 0.975870370864868 2.68458366394043 1.0732444524765 1.46423089504242 0 72.131598085165 2.53724086284637 0 4.30608111619949 0 27.1462015211582 105.917188763618 47.0750892460346 75.2879441678524 1.87410843372345 6.06358528137207 137.831954687834 59.163226634264 5.99961510300636 13.8660408854485 0 0 2.93380808830261 16.2582483887672 2.47655701637268
385.788687616587 96.4729596972466 11660.8002951443 11.3566675186157 3.01028165221214 176.950242906809 1811.95310333371 527.822306394577 86.1611148118973 109.852002739906 88.3589125573635 13.9062860608101 12.2600012719631 833.617907851934 4.20533791184425 16648.7757772207 7222.69752401114 27.0351534485817 437.85327270627 4.92117404937744 23268.4740606248 845.195429086685 0 732.237932562828 7.79778641462326 1077.63061466813 8427.51655805111 4998.54515823722 920.244979023933 7907.5976973474 1.18549066781998 9.59141606092453 115.431465387344 2882.79787427187 270.877422124147 5243.42750099301 358.299376010895 5969.11937865615 1834.84441176057 59.4309340417385 208.571460783482 12.7232505977154 59.6812059879303 11.8280720114708 76.4154728651047 48.135175794363 2.90876120328903 0 0.455270707607269 2.93256998062134 8.17953723669052 17.3075140714645 0.435384899377823 0 0.401331782341003 10.8938059508801 0 8.57875114679337 1.38280975818634 0 0.754915058612823 0 3.7752158343792 0 212.115143656731 12.7808507680893 0 2.0847864151001 3.26883780956268 40.9349981844425 105.041293621063 152.011053472757 51.8801480680704 0 7.54459965229034 421.885391622782 49.2775196731091 10.4244927167892 14.5822808742523 0 0 2.50613832473755 19.0791608691216 49.9600804150105
86.1606916189194 379.678629547358 272.754886597395 3099.4470717907 32.8889521658421 125.325746566057 2757.14107227325 115.851804405451 10099.9991912246 970.518616050482 9.75832307338715 728.429376959801 31.5586602687836 171.856455981731 448.58019605279 2084.04372444749 97.3192212283611 1.90868353843689 13.3864071667194 1382.75580796599 448.049589604139 5117.22603815794 732.237932562828 0 76.2420703470707 129.681705951691 2416.42103239894 23798.4183154404 392.932498216629 960.345702528954 0.934671759605408 5.23133829236031 148.890129595995 251.556182712317 35.6430585682392 768.526856094599 26.043211966753 549.938600003719 140.983344227076 534.608856916428 34.4737067222595 6.82493939995766 119.485094606876 0.905881822109222 66.8654330968857 48.6422449350357 33.1690038442612 2.70552176237106 0 28.6839592456818 9.92910635471344 1.47210037708282 53.7106720209122 1.34083616733551 5.02077829837799 59.4455809891224 12.8859829902649 267.405284464359 69.1934704184532 0.436976134777069 36.01135674119 0.377658635377884 44.3285095691681 21.475143134594 69.8658395707607 3.83648672699928 0 0 63.2289243340492 64.478670835495 86.6410413384438 26.9811709523201 534.368989229202 0 0.626262247562408 48.3308433592319 588.866859674454 87.8655768334866 74.741251885891 0 1.40655511617661 17.3145961165428 39.257286220789 15.9451515972614
0 2307.66223141551 22.07679438591 0 0 3.64536836743355 1.4743504524231 5.91489523649216 238.375146865845 1.01227855682373 881.885326951742 0 5531.78922966123 5.36364927887917 4.4639864563942 15.1267200112343 24.2571808993816 293.842458844185 116.848435848951 0.331405967473984 4.56830123066902 422.581192135811 7.79778641462326 76.2420703470707 0 1643.06143924594 4740.72458517551 8.97266522049904 3.51497957110405 3.7025374174118 263.398246824741 0.919081091880798 1.40647554397583 98.2348761260509 0 23.6374566555023 242.547713160515 216.484500676394 19.9995173215866 3.25231397151947 0 685.662187069654 0.827948153018951 20.2823505401611 8.32054680585861 0 0 0 6.57998394966125 0 68.2800245583057 2.79377517104149 0 0.732086837291718 0 0 0 0.876146912574768 0 38.6564673781395 0 179.942847430706 0 0 0 4.33227956295013 19.9535987973213 16.6326841711998 0 0 6.08462300896645 1.45640921592712 1.25211226940155 295.904373526573 144.374047577381 218.010914951563 0.431611776351929 0 0 15.2119672596455 0 0 3.40120124816895 0
39.8172135353088 921.547199815512 7848.10721111298 2.02598488330841 9.4862625002861 31.4349234104156 147.358603835106 117.853088885546 172.820601075888 13.9314378201962 6721.42720267177 1.79244291782379 2460.00962412357 164.928139388561 7.56795355677605 68.9546047151089 6525.11719480157 4032.73706397414 6701.04105767608 0.459146678447723 203.885497152805 287.363194167614 1077.63061466813 129.681705951691 1643.06143924594 0 23193.9087228477 134.254995137453 171.930966317654 252.596104592085 1786.68205410242 8.76853564381599 13.259406119585 1678.43157732487 16.559968829155 683.766184031963 820.770857214928 2086.32903200388 344.394864618778 9.99703481793404 12.2772480547428 60.0369913578033 16.5132323205471 20.6665767431259 37.3525605797768 17.5356249809265 0 0 4.21159726381302 0 176.202892333269 15.5438326001167 1.34954750537872 0 0 0 1.21301877498627 3.60705548524857 0 58.3990663588047 0.35268297791481 333.14197024703 1.99712288379669 0 3.25899657607079 15.5735489726067 32.5753270685673 41.0151955783367 0 2.97584599256516 15.5091665387154 12.7327683568001 5.88911062479019 418.655116856098 431.805230587721 747.398048102856 2.52118420600891 0 0.84705638885498 26.5781598985195 0 0 19.8998768925667 8.84104651212692
29.4028915166855 6016.45140296221 11780.3724732995 8.09254986047745 8.64600476622581 25.6739992201328 240.938970178366 79.0217713415623 1094.46832214296 29.5780003070831 1755.11590334773 16.1373929977417 5663.87452968955 114.644258469343 47.6229371130466 8124.78051224351 3349.02530667186 854.547105103731 1598.8897857666 2.02899819612503 972.860694289207 4643.03547051549 8427.51655805111 2416.42103239894 4740.72458517551 23193.9087228477 0 1498.74448916316 123.305726975203 411.027356892824 1386.25248679519 13.286365121603 12.8291595876217 1654.4959050715 117.570350527763 3213.76638531685 871.666339695454 5046.63443627954 1275.37187463045 76.6549949645996 88.9046194851398 80.842084646225 198.727122366428 68.7790494561195 331.533184051514 139.116879612207 5.76750177145004 3.01634442806244 4.99667984247208 1.40618151426315 443.120653986931 181.881048083305 4.24658048152924 0.795783638954163 0 12.3429233133793 2.31427919864655 25.092373251915 1.3175060749054 32.5416079461575 0.378737330436707 262.566655904055 6.4290384054184 0 243.463264912367 83.9642395377159 42.8582967221737 61.7458671033382 5.0353736281395 50.5713254511356 265.249602377415 470.610349237919 42.3372197151184 365.188665211201 503.307626664639 2569.3198916316 59.3148894011974 2.63682019710541 15.0718820691109 25.8654666543007 0 0.968855082988739 75.7051968574524 47.3364014029503
120.690295904875 56.2430479973555 1024.7605369091 16387.6329296231 20.1059653759003 506.953357577324 18632.1101306975 280.092005461454 2167.65323060751 10938.6007923186 10.2169027030468 1299.91770005226 7.42732465267181 394.267911866307 207.295793503523 1819.89021599293 223.995713204145 5.35802340507507 27.8957566022873 7268.59231540561 5948.08470788598 912.41073346138 4998.54515823722 23798.4183154404 8.97266522049904 134.254995137453 1498.74448916316 0 695.474006325006 7518.53572392464 0.959973394870758 5.78885251283646 315.767180413008 1029.32201179862 116.995669990778 2147.3485635519 82.2471693456173 1471.77771186829 410.345623880625 308.930707454681 94.8741923868656 1.62829399108887 92.6480032205582 3.04391986131668 50.9652149677277 31.6019766330719 48.5136517286301 3.07243901491165 0 18.7137113511562 7.68395179510117 5.27706405520439 284.610246658325 2.20101743936539 10.4823663532734 70.9799185097218 9.98874062299728 311.811120837927 111.300235241652 0 73.9531913399696 0 35.1797742843628 19.4795729517937 109.063863664865 1.27668738365173 1.65730512142181 0.851007103919983 166.925197422504 72.9496135115623 105.77956289053 28.3163903951645 493.164946913719 2.29319381713867 0.733065128326416 39.7030591666698 533.142239063978 68.6551024317741 69.0046133995056 0 0 13.6894652247429 33.4191362857819 22.7224266827106
14369.7996683121 11.2829210758209 165.471551120281 39.0162453055382 284.192683696747 760.39087241888 2369.91891771555 2789.95787256956 194.324561566114 592.421254187822 287.211764812469 176.296432107687 62.9074883460999 8391.69123882055 30.5421175956726 27.7683846652508 558.074698269367 24.5506517887115 88.0716109275818 86.9685028791428 589.359487742186 137.420991539955 920.244979023933 392.932498216629 3.51497957110405 171.930966317654 123.305726975203 695.474006325006 0 6230.02966621518 4.1911473274231 2230.81467837095 7579.24352297187 3806.68096926808 81.3746182918549 1529.20203769207 42.1836097836494 2550.35640019178 170.723286598921 510.356135070324 1220.62416812778 17.4016756117344 19.6694864630699 0 12.1520918905735 12.1225714683533 1.59779345989227 3.8351868391037 0 3.41118651628494 0 2.23608648777008 0 0 1.48188066482544 14.8471179306507 2.66142749786377 26.7648378908634 0.481714487075806 0 0 0.977502346038818 6.63084065914154 1.95745348930359 7.43056565523148 0.526846647262573 0 0 0.951149165630341 18.4158807694912 17.2455598115921 4.42755252122879 79.0621635019779 0 0 6.98865765333176 98.14761069417 21.684438586235 13.2385807335377 0 0 2.38267600536346 6.66720521450043 12.5927962064743
2873.28818759322 29.1029106378555 1154.02052080631 12.1595650613308 5.60472366213799 263.40561658144 17425.490539968 1209.95004662871 285.788187325001 158.658561944962 30.6612643003464 28.8372452259064 4.93585440516472 2761.37781524658 6.34914839267731 247.446462899446 1580.87829720974 8.61271432042122 177.064949661493 4.79706531763077 17840.7032254636 350.522792488337 7907.5976973474 960.345702528954 3.7025374174118 252.596104592085 411.027356892824 7518.53572392464 6230.02966621518 0 0 9.5263300538063 734.950476825237 3760.05217093229 69.6429798305035 1644.52324536443 36.6968237161636 2625.05213627219 388.023655742407 38.2465407848358 109.9099996984 4.83726379275322 65.4374214410782 1.06540012359619 28.6601386070251 15.5887642502785 3.71485072374344 2.07857722043991 0 11.4664743542671 0.754517197608948 3.58260059356689 2.08575373888016 0 3.3127752840519 26.2684247493744 3.97027984261513 54.300058722496 0.519753873348236 0 0 0 19.8551613092422 0 43.2329594790936 2.10924997925758 0 0 1.01052141189575 42.4170183241367 69.8929056227207 16.2847562432289 120.05385991931 0 0.86494642496109 17.3720072507858 178.780965745449 34.7632264494896 52.4010216593742 0 0 9.10901212692261 20.4925319254398 18.6009269952774
0 28.1043281257153 8.47451034188271 0 0 1.67340874671936 0 3.61585474014282 9.38010466098785 0 1170.33809804916 0 3488.9945948422 3.43223950266838 0.448870092630386 1.00759747624397 13.7303972244263 131.434085905552 48.5223914682865 0 0 8.23829796910286 1.18549066781998 0.934671759605408 263.398246824741 1786.68205410242 1386.25248679519 0.959973394870758 4.1911473274231 0 0 0 0 72.5225319564342 0 5.38012319803238 85.5352545678616 86.0054062604904 2.54102021455765 0 0 17.8228604793549 0 3.11230891942978 0 0 0 0 0.528838396072388 0 4.03283813595772 0 0 0 0 0 0 0.612799227237701 0 11.9037587344646 0 33.9296430051327 0 0 0 0 9.84702271223068 0 0 0 0 0 0.53915137052536 34.1430056095123 25.4254035949707 17.1781306266785 0 0 0 2.81781017780304 0 0 0 0
8.96945437788963 0 3.4656240940094 2.04026570916176 3248.48169851303 1789.34599906206 30.7125448286533 1528.55051073432 9.59144657850266 31.9551266729832 147.223459720612 32.0609990358353 38.3554675877094 1254.85270684958 279.194351911545 0 5.00505673885345 6.49613600969315 5.71381855010986 4.3428815305233 2.91852235794067 0.488284707069397 9.59141606092453 5.23133829236031 0.919081091880798 8.76853564381599 13.286365121603 5.78885251283646 2230.81467837095 9.5263300538063 0 0 2.17251801490784 2900.53371107578 6.85882824659348 80.3967595398426 14.1433950066566 487.315817385912 3.53171026706696 606.039556771517 3636.78171810508 22.9450153410435 0.677772223949432 0 0 0 0 0 0 0 0 0 0 0 0 0 0 0 0 0 0 0.907818913459778 0 0 0 0 0 0 0 0 0 0 0 0 0 0 1.4504911005497 0 0 0 0 0 0 0.628773093223572
473.598096907139 1.23986560106277 21.9667321443558 0.78549599647522 0 21.7240924239159 283.707629442215 61.193135291338 69.1434152126312 20.0011781156063 4.71272534132004 3.23449957370758 1.4177668094635 231.091001391411 0 19.3800318241119 91.889848947525 2.2015945315361 8.55606073141098 2.76943498849869 123.821352422237 44.1414107680321 115.431465387344 148.890129595995 1.40647554397583 13.259406119585 12.8291595876217 315.767180413008 7579.24352297187 734.950476825237 0 2.17251801490784 0 1240.98882824183 15.5837327539921 456.710097134113 4.750168800354 514.448962509632 57.3749811947346 22.721956372261 20.6736051440239 0 9.50449824333191 0 6.48869526386261 3.67471498250961 0 0 0 1.54120248556137 0 0 0 0 0.579860270023346 3.77028638124466 0.871958136558533 9.52078253030777 0 0 0 0 1.94601881504059 0 9.73778596520424 0 0 0 0 3.19842636585236 8.89856725931168 0 25.5484423339367 0 0.320260494947433 0 35.484570235014 1.35672390460968 9.28812974691391 0 0 0 3.91536578536034 1.86677086353302
485.824165999889 113.651126801968 500.839977353811 26.052383184433 2296.91597378254 1219.40891328454 786.655785381794 1899.5467659235 85.0725545585155 395.325457632542 8639.71075204015 129.651169896126 1510.93475583196 2279.91716253757 91.5278441309929 209.400621563196 2168.8981603086 590.841278642416 1288.31689250469 63.2076821625233 3171.04734888673 202.974964469671 2882.79787427187 251.556182712317 98.2348761260509 1678.43157732487 1654.4959050715 1029.32201179862 3806.68096926808 3760.05217093229 72.5225319564342 2900.53371107578 1240.98882824183 0 53.4561174213886 1358.50018519163 680.852402806282 14114.2376603484 239.631610125303 311.920080810785 2719.21701702476 588.340327590704 26.607461810112 6.9800733923912 13.7095084786415 7.13916432857513 0.952788710594177 0 0 3.01974987983704 15.1819614171982 5.09552511572838 0 0 0 7.61270600557327 0 10.8691829442978 0 4.15724456310272 0 10.6438118815422 4.7727932035923 0 21.2312442362309 7.03715109825134 2.08389759063721 2.82976067066193 0 16.8844482600689 35.8523868918419 10.7454743981361 32.5307931602001 16.0824005007744 14.5571382045746 89.3789618313313 36.7560964822769 11.2621999382973 8.16828435659409 0.476037919521332 0 1.885622382164 7.26075345277786 11.7896725535393
12.9066382050514 0 52.4905814528465 18.0534734725952 19.7926784157753 639.563988745213 93.6018666923046 69.8278930783272 9.06347262859344 688.280654937029 4.61729308962822 376.833167791367 97.6911304295063 44.087827205658 396.713250428438 54.682484716177 22.0222602188587 0.995635688304901 6.67812252044678 95.8087343275547 132.753902643919 25.5562201440334 270.877422124147 35.6430585682392 0 16.559968829155 117.570350527763 116.995669990778 81.3746182918549 69.6429798305035 0 6.85882824659348 15.5837327539921 53.4561174213886 0 2355.81641238928 368.982889205217 596.598498523235 2107.37476626039 160.186047315598 356.207337915897 25.1277930438519 782.919102549553 146.363341897726 87.4636342525482 963.148617088795 225.884611606598 50.1777188181877 8.18360397219658 4.3096729516983 4.1430703997612 18.2665761709213 0 0.51598584651947 0.87585586309433 12.7147418558598 5.15012234449387 6.5046212375164 1.53857713937759 1.54557979106903 0 7.38598948717117 13.1742498874664 4.63076055049896 24.2817779183388 0.523177921772003 0 3.41005253791809 0 15.8665791749954 10.196803689003 84.1309870183468 8.79435411095619 1.17902517318726 17.0687964856625 39.9204597771168 13.9040689766407 7.55372956395149 6.692562520504 0 0 0 42.6050436496735 60424.8074570894
