0 123.392132818809 85.2880575467058 108.699522421988 84.4155344686885 66.5631626654656 27.5448571306127 42.4867997730795 67.0882038412774 72.1460134159937 101.678290942279 74.727051893886 117.445198660218 18.4918052320086 53.0960922241211 91.0807032484729 95.0811884192764 143.706711217929 108.699473917282 86.5222775084307 78.299711776295 72.7751700503725 84.8967332803853 75.0263532379406 0 110.275220969546 120.335523675887 75.7739703057925 17.1841279137553 33.9199018449379 0 100.88958884712 33.5025217451887 51.6534363735118 130.112673681308 67.7072329089011 95.7254307443376 64.1744621765466 69.9983230071081 58.6992179560106 69.7841634699311 94.4321136474609 141.014444159355 121.170539855957 155.897696215319 133.992034912109 0 0 0 131.400308326888 0 0 0 0 0 158.378676091917 204.245697021484 78.5835201370696 0 0 0 0 157.02163641725 0 135.377909424755 183.697357177734 0 0 0 140.161830530234 104.94048325422 163.256203845239 126.243179722738 116.222511291504 0 0 127.421398806485 147.168179191574 159.101026634473 0 0 159.515853881836 175.967736954441 0
123.392132818809 0 42.9533978402047 127.409279544083 136.773058454754 136.57145690918 130.439521024531 145.523537485347 68.8854860426797 166.114105224609 60.4341046732135 109.456173956887 46.0384196880805 127.015373914884 116.053602225043 57.3218305159071 58.8049558117985 68.0942077795636 67.1357215229336 126.196350097656 90.6312626015639 28.6018048213335 69.3722532902397 83.0879164663877 24.88493129716 47.0229975908601 33.3246055635374 100.913287446469 132.740100214462 101.717945031325 69.6643114039339 0 114.959109277767 62.8159374554744 0 82.2719893719027 54.0959384634108 61.2501355998222 67.1640939281528 104.912549869439 86.702106780779 47.8398691599516 96.0371232245028 65.9308821614572 75.675442941642 87.4669372074248 127.640594482422 0 46.8196522627284 0 17.8301343312378 61.6523494596534 0 0 0 175.100112915039 133.845855712891 114.12297977203 161.816070556641 78.8624320190887 158.17219543457 73.4489657589419 0 0 107.133304193684 82.0179179218952 98.4569938250437 71.0846107919576 0 97.4616275262169 30.3141776273166 71.3002176959388 79.3230895996094 43.2033534253417 64.6623173287017 55.4578377059987 140.958229985218 0 0 90.9033233676503 0 0 73.3915679418037 163.187307613396
85.2880575467058 42.9533978402047 0 121.451885222699 111.672370910645 121.110635720691 92.7473979475848 107.519743711076 94.0789312784063 122.063978522427 82.4653424114998 129.257331687523 87.2639444834008 104.672238090277 119.913828711916 74.0264873819028 43.8134458948809 86.9768501535181 65.7376741245779 152.247752373964 63.0905906263211 57.002303328812 35.7686881705569 89.8349197040015 69.2513906943086 34.3931845076804 30.8400086361142 79.7867175501192 105.606704743258 75.4159492510153 93.1256632609708 125.829334675662 107.065031604944 61.7297590779802 138.063453116706 73.2832731855482 50.7163046678304 56.2891517032148 62.0831676083075 109.363378485702 82.591481374677 73.5339647816036 128.295901193487 112.723453529721 110.01119615303 122.027789014214 121.381004333496 0 0 0 61.3865941211466 94.2944065082715 147.845138549805 0 0 154.297098715267 0 107.829132080078 0 0 160.011627197266 119.527984116721 0 0 112.961614890369 121.913476707605 152.224426269531 131.229303066601 0 144.185953718286 58.1461069346081 109.392367122808 145.427420924077 90.6534251851079 109.587552904789 93.6659708835926 150.192324725283 174.84468149785 132.721639220867 0 0 0 123.775136510275 145.744871909064
108.699522421988 127.409279544083 121.451885222699 0 109.595030301992 62.14170883375 51.1886457863656 91.5827187867012 54.6743615580636 20.7298075392113 0 39.8960133155385 0 92.6053230965453 70.9773921568223 84.2847007021456 153.515618090333 0 174.522125244141 13.0406335808886 120.701878883577 77.0302399200836 120.110436319914 24.4045654789936 0 137.360068999217 110.777908513358 19.8832537289002 113.320445051815 94.0287398343211 0 136.544963481059 106.632034301758 115.169157082447 57.8667198818203 111.795457088563 0 105.159726442369 119.519518227012 62.8337132414033 140.373183011454 0 0 0 0 0 95.2094654613938 0 0 0 141.105941772461 0 39.6962313758053 133.01224933541 180.654541015625 170.917007446289 189.969192504883 76.6402154121548 145.977102116994 0 38.7511645253291 0 147.760986328125 100.820960204854 0 0 0 0 118.716616565862 151.731979846643 145.807248836858 0 102.527769782405 0 0 171.811399312037 123.5553620063 0 0 0 0 0 0 0
84.4155344686885 136.773058454754 111.672370910645 109.595030301992 0 14.7836698408453 113.961207514745 21.5082604218275 55.2893914577741 110.844180784752 55.3483980393873 60.3085437050035 57.330819267164 38.2987680015753 20.1577998035241 0 213.307205200195 82.841394671481 79.3587450638598 99.5263114658821 172.877389079358 109.543099421338 153.376567415133 79.2882614875548 0 115.288919763539 151.440504795272 108.158630508356 28.903680188548 117.43630119167 0 12.7668805418926 0 16.5875249834293 67.3137179341232 71.5377016242621 67.2864711963257 37.2744377619272 30.4518817269597 12.3947339657259 9.26934042298562 55.7526759472494 0 0 0 50.6559131970789 46.6203485303917 0 0 0 0 0 105.858657836914 0 0 0 0 0 0 0 0 0 0 0 0 0 0 0 0 0 0 0 0 0 0 107.856300354004 121.012439487463 0 0 0 0 0 0 75.8507472747093
66.5631626654656 136.57145690918 121.110635720691 62.14170883375 14.7836698408453 0 52.6861066948026 22.1171584975221 62.5074606261162 27.1095385866709 71.0369802945807 22.1903252898202 65.8472035276924 45.8803815117514 13.6114390688268 147.035643218232 127.277354990857 109.069524582378 103.81158603345 44.2104147555075 107.572755785662 112.358201297186 117.721184829499 84.9333306716249 102.944538295549 135.119936727275 138.655233567031 71.397098212508 54.6452631032651 85.0834624426314 142.131227204863 20.95632188027 97.0391655481686 34.9042810634307 16.7659630083187 82.9535156228272 86.8430696284841 60.4395046345042 106.232681948218 15.73545099986 22.6234553688904 74.0150775658933 189.856391184547 0 201.406805305928 166.315658569336 124.807324156551 0 0 195.069442749023 0 0 133.48559035196 123.945404052734 161.029247073951 163.160018920898 0 87.3369004216107 168.077469006334 213.351745605469 50.6860437441276 0 204.463092948633 126.952331542969 224.951461791992 0 0 0 144.099959875463 163.424438476562 109.340913209301 205.260818481445 126.576261830432 0 0 0 150.824980458915 173.3194650498 158.794281005859 0 0 190.428848266602 0 138.426383964642
27.5448571306127 130.439521024531 92.7473979475848 51.1886457863656 113.961207514745 52.6861066948026 0 49.8677924294509 60.7400294576042 23.1491401060814 125.228890536793 60.8899346000691 148.702223096736 34.1170380987876 83.6403472756893 93.0312847294911 108.292804103226 146.400353406467 125.137453829257 36.4929310602616 73.3406898427359 87.9399856171316 84.451673132547 53.7265058760214 154.654732869901 120.992114600315 110.594971942366 34.5678838356567 66.9696420394821 20.3318203284802 0 114.900303780564 68.0074648094512 78.1084032017957 114.420764691089 83.2624295808397 105.134851300033 82.774058072761 91.3223244860156 73.8036405518554 89.0722932022852 130.284072554869 147.99668127033 162.210464477539 153.509376763732 149.00629768978 100.745337993414 165.55084581615 0 138.533748161529 179.436340332031 0 128.565967556946 139.872436523438 151.744866436695 148.667459562468 194.004161924149 79.6492863040308 151.959714962204 0 125.02200494138 221.951782226562 169.730533987552 115.079189293485 129.832021609213 0 0 0 120.477569326233 136.764899067531 115.409563430657 156.186587010871 109.524439657529 0 0 152.348234325887 126.907888080518 156.407498769127 141.442906658633 0 0 175.116340137324 154.311605100339 173.647559799971
42.4867997730795 145.523537485347 107.519743711076 91.5827187867012 21.5082604218275 22.1171584975221 49.8677924294509 0 82.6972200777196 50.5661957780761 66.1106405082439 52.5761740800354 73.3626804230614 24.0768653974749 37.6978836408713 121.411961182404 117.294855739662 106.464252353134 116.517190193703 74.8449204841467 102.151798519954 102.554160859369 107.409420969631 96.1807839393141 113.903015072477 123.50300168006 132.091245131448 88.5745618156055 46.597996765843 71.8437637758909 105.431856044298 27.0239898273123 78.8570248004544 43.7110050337149 74.9085044171044 71.4728010346015 80.0369737571274 59.6645356728421 93.2007488490541 37.9776039323543 29.6709755833677 66.2347480062433 164.478353985136 0 167.159774780273 160.071821673186 99.8084869384766 0 0 174.341131664998 141.179934087975 0 138.311710984941 0 0 173.341619834231 0 99.7534578747327 223.893544757627 0 72.4901827897489 0 186.389617919922 117.062355041504 179.128498305545 233.977096557617 0 0 0 157.219463847803 109.147403577385 223.478891161254 138.427324144015 0 0 165.940643776624 158.712727315421 173.365459406043 165.850964764271 0 0 194.487885660094 198.257838798027 152.846278476787
67.0882038412774 68.8854860426797 94.0789312784063 54.6743615580636 55.2893914577741 62.5074606261162 60.7400294576042 82.6972200777196 0 69.3947180037393 132.907002104762 23.5398959479487 111.758646675561 89.981770282178 25.3450960574742 60.7604572082879 117.01451092144 136.814599575266 126.681144071504 54.4338928904777 69.4119154917315 33.2245518994425 93.6279064069487 27.4896515986487 96.9780884948274 111.40304143591 92.3038176577895 51.2969785920699 82.4888754764997 58.0528749356157 132.566332865711 76.8805195990269 67.6041632470835 75.2043050234353 105.173739436982 74.1655818328876 109.979093026309 89.812511537497 85.9056892063419 22.9870107468694 76.5685922505676 114.548807637601 107.534026421391 132.255432128906 105.426955013544 103.688516063784 41.5013123308112 119.885814908179 0 88.3346299517526 127.557972304008 113.162227353382 72.5324021928518 82.3860745494177 84.4979425831773 97.8217962861207 122.015217687687 24.0665905688359 86.1850219140578 189.355911254883 63.8056436249182 190.083129882812 109.996913371471 51.4166106635908 92.8856295586214 171.575584054644 0 163.76106262207 67.6354228911987 119.236189009989 76.9676228316972 104.980514526138 55.3143875258386 110.446240811474 170.234064169598 129.740165416172 77.7783817739543 125.53625143822 108.175091366116 170.883836363103 119.416313171387 85.5913272023847 87.6779430802828 143.841265121132
72.1460134159937 166.114105224609 122.063978522427 20.7298075392113 110.844180784752 27.1095385866709 23.1491401060814 50.5661957780761 69.3947180037393 0 136.230981255444 31.1062010731632 132.617194536364 41.749936724791 77.9865863907153 123.114039602337 123.583760808095 170.565510496654 149.293663993776 17.4603670012471 100.813556238774 106.751344863394 113.171753470303 58.0073091464462 141.636154174805 159.340944012849 145.392370466187 26.4636063281435 101.033934484421 78.6936753230802 0 124.375155000627 87.6452268894892 96.4749695874822 22.6453929028907 98.6664569986306 125.38565207473 93.9566124169574 96.8287504062506 76.6883427198676 100.859526538135 140.343455257634 150.53288269043 0 199.739887120881 0 107.236355601678 0 0 0 168.911437988281 0 58.3877006882787 139.198684692383 155.44703849884 131.594737757828 168.707229073474 89.2300715748541 153.174505408389 0 90.8559475600574 0 220.344233204936 121.071787001064 164.241831443705 0 0 0 131.416840004742 149.496963500977 137.962007490805 0 111.474654176899 0 0 205.71943008692 139.841206660516 191.0423131718 0 0 0 0 177.261901855469 130.833572387695
101.678290942279 60.4341046732135 82.4653424114998 0 55.3483980393873 71.0369802945807 125.228890536793 66.1106405082439 132.907002104762 136.230981255444 0 122.958120669802 20.218593116776 68.6621768765581 83.975590039371 120.630622637485 48.2933885605196 23.8382241466378 27.2058055955881 137.105659295939 99.4717225732958 97.7098446514351 79.9504963942836 159.512293103205 34.6367536370325 31.868705232199 54.0235989188594 146.642948695872 64.4778078723739 118.739795493875 32.9621192846854 58.7858118806461 90.7532838302393 21.8504677672422 164.820090765198 82.3966531203074 20.5418485414057 26.0462627588142 41.491863251047 64.7927636203605 36.5947317272156 14.8825052548428 116.076812744141 57.5549957062541 165.324794317339 125.709358215332 0 0 75.6590578812593 0 88.2663247743326 146.503051757812 0 0 0 0 0 0 0 84.1466166934576 0 79.9960470584208 0 0 0 149.836599426108 90.6265789286628 111.421755801732 199.633590698242 0 165.217178344727 150.580673217773 228.015930175781 64.8965266672869 100.484534520302 107.77695543408 0 0 199.143203735352 99.7894133450555 0 0 101.83430480957 0
74.727051893886 109.456173956887 129.257331687523 39.8960133155385 60.3085437050035 22.1903252898202 60.8899346000691 52.5761740800354 23.5398959479487 31.1062010731632 122.958120669802 0 15.7060082155073 74.7641594056557 22.1120089452527 89.0732624402096 150.683599221871 122.294326782227 162.803900208043 15.9469222395171 113.105237376884 80.5342464702655 122.594825897068 34.4317782680854 0 149.384205864189 120.174166367224 52.4044128510386 95.4795206370791 96.4639351208569 0 100.768677450602 95.4741399695813 84.7819890848127 20.8519443990549 91.976526782922 62.732111566108 71.4620554138129 20.2885841218138 22.4864602901048 40.0837035340908 29.1783139311913 177.737047168012 0 0 183.453857421875 67.5137197567134 0 0 0 165.774718332898 0 91.0343877307603 116.09743350393 108.471905550722 109.017876794211 170.342073338265 54.703149307593 94.5344821502937 165.814407348633 21.9877340812378 0 0 85.3570594793011 142.173217773438 0 0 0 58.7688204117828 0 164.044174194336 0 84.3836749620608 0 0 0 101.774612310538 183.769882202148 0 0 0 0 0 95.6647934333214
117.445198660218 46.0384196880805 87.2639444834008 0 57.330819267164 65.8472035276924 148.702223096736 73.3626804230614 111.758646675561 132.617194536364 20.218593116776 15.7060082155073 0 73.6579255467057 123.130079094942 125.768565496811 78.9024582320199 46.8474818227167 58.4711844753528 147.900695800781 122.533003057208 78.3306726347994 121.150750105102 132.882803753176 21.7397919130225 32.7914834900141 25.3532278859612 140.157998335725 66.5056995106671 131.092237489048 14.1261591359193 65.3468230191467 85.9064551025199 27.7067873042098 77.9648637607567 29.6521458746408 21.0999464733855 20.0954071788972 22.0505208160899 58.460979319325 13.6338690323094 9.56709578831049 62.8615980133784 58.0561980561253 106.520881146245 94.1821213441126 0 92.4415820693134 57.6871306245916 0 67.2123934883444 0 0 0 0 0 0 152.480663085135 0 70.6158680999684 0 71.0089250783555 107.148628234863 0 147.613308655147 147.953201293945 88.3560665634481 113.615195425984 0 0 132.290473360408 132.971446443389 169.005172729492 51.9402143519459 90.0923829403653 90.9704605348495 186.604485746789 0 0 92.1162804500031 0 0 112.303568125096 80.5671527378239
18.4918052320086 127.015373914884 104.672238090277 92.6053230965453 38.2987680015753 45.8803815117514 34.1170380987876 24.0768653974749 89.981770282178 41.749936724791 68.6621768765581 74.7641594056557 73.6579255467057 0 50.3190552075183 116.442074140665 113.015196939468 102.410099293772 116.58432966456 89.3288769472449 97.8984058803135 95.6331578267515 103.297275627214 95.0494853499796 103.191558885158 119.246248219126 128.055448648861 91.1413297717168 38.9428114598057 64.8161012223257 108.702696527114 29.0642349862692 53.8079844844458 49.400641572144 123.839859963647 71.1537192495174 77.2900568603247 61.0697754310247 94.5511103181618 47.8420968733792 38.9559896155565 69.8624560968197 155.834711198687 0 159.050217010817 159.276099578695 109.079124450684 184.563781738281 0 165.036317093393 186.962677001953 166.762878417969 194.081207275391 0 246.398773193359 156.196272954519 201.902571558512 102.692526756949 0 0 84.998573789417 0 208.923141001526 0 133.835932313944 0 0 0 0 140.267363813328 95.6441151887294 162.223355113742 143.074855120305 0 161.019029692116 189.259096516292 148.660765336818 188.092262893161 174.095739820345 0 0 0 157.202160951692 136.82390403308
53.0960922241211 116.053602225043 119.913828711916 70.9773921568223 20.1577998035241 13.6114390688268 83.6403472756893 37.6978836408713 25.3450960574742 77.9865863907153 83.975590039371 22.1120089452527 123.130079094942 50.3190552075183 0 124.204134049287 152.774728168231 0 177.045455932617 61.9506573516242 141.67650115681 76.9559761014883 123.296880886488 50.6129317600506 138.811179059855 144.897630476081 125.572972716904 71.9779470315862 53.0935201574614 104.516955284534 166.56623840332 39.5242162274638 0 43.2746315611624 43.9954808273742 69.5563038615834 97.1617996246417 82.2465780483026 68.6941683398111 9.5015162650893 28.9560438444396 125.265460020488 68.6940533270935 74.8666974683617 56.5806655883789 56.1646813448779 45.5405952983698 42.7410759281508 0 135.262344360352 0 150.554103132667 93.1168013277561 0 102.058448791504 128.112731933594 0 56.9013762043391 114.238241033566 0 90.0447392973717 0 0 50.1853134997306 122.475326538086 0 0 0 114.881397918654 141.953948974609 95.7189593941838 117.913841247559 75.5537401196762 0 174.726895719239 0 126.26224830734 0 151.627075195312 0 0 0 56.2175598411174 73.8704529230228
91.0807032484729 57.3218305159071 74.0264873819028 84.2847007021456 0 147.035643218232 93.0312847294911 121.411961182404 60.7604572082879 123.114039602337 120.630622637485 89.0732624402096 125.768565496811 116.442074140665 124.204134049287 0 97.7346093368337 129.993007786718 111.818605221017 87.0370251771895 16.8945986066032 33.5306286396104 14.4167335545795 41.7499333276102 108.603062447203 99.3284857753887 25.4161584018808 40.8653218806636 100.314022069484 74.7658861741467 173.048076905185 0 83.535703716695 68.5815326408106 139.923997376885 71.4849237374921 71.5966582079632 73.7223284494764 76.2887356425133 99.2748143025127 84.6292887866081 0 116.276032955656 129.409270365778 127.635498803143 128.373398079668 0 152.055267333984 0 123.196072436736 102.127372847845 141.247629715345 0 0 144.212890625 125.32696447967 166.846836359062 86.9236023324066 0 0 147.740234375 0 150.093570178894 115.057867811599 62.9595929768863 136.783357924329 0 184.002143635165 0 109.112398605809 58.3325625281868 107.489135860468 103.848520975375 129.028610229492 164.974134558487 102.543382768127 114.910919479356 135.024182707779 113.190804571008 0 0 138.656306882236 118.684165718554 170.235792478127
95.0811884192764 58.8049558117985 43.8134458948809 153.515618090333 213.307205200195 127.277354990857 108.292804103226 117.294855739662 117.01451092144 123.583760808095 48.2933885605196 150.683599221871 78.9024582320199 113.015196939468 152.774728168231 97.7346093368337 0 50.6402447662962 22.196393819988 0 55.3118092795768 80.8912701338204 34.9890208103782 119.872628661465 74.3685581989446 33.314355058592 66.1062555069752 107.763550341701 102.060332791049 74.8360686771449 76.7054546943595 93.7233089435142 96.2737866539221 37.9728593639377 149.187167856848 80.6945302445591 44.8329858404476 50.8851827859758 70.8293700547867 136.018841989275 100.937105656487 69.0183362757295 140.313570519619 131.016322843822 135.040412069173 140.259768974445 0 0 0 0 78.0353513642721 113.886983461248 0 0 0 195.760223388672 0 135.75225811633 0 139.81252018642 161.924364595254 116.688668134352 177.003387451172 0 145.703210510934 139.433353471569 125.397886506627 143.157742147878 0 152.791019262848 101.225164938258 139.246271705015 144.549606529874 101.863699416951 119.556482411754 112.872738805421 168.107199529281 0 175.238023609474 0 0 0 152.563230005443 147.947523691675
143.706711217929 68.0942077795636 86.9768501535181 0 82.841394671481 109.069524582378 146.400353406467 106.464252353134 136.814599575266 170.565510496654 23.8382241466378 122.294326782227 46.8474818227167 102.410099293772 0 129.993007786718 50.6402447662962 0 16.5782240654993 150.860260009766 96.4661356759876 100.275595782812 88.9420554528708 139.493150562019 42.9266041640997 29.0508228789597 55.5673508362024 155.80525833601 98.7821359445169 113.185091844724 50.9341797962891 90.7428173761694 128.776784540479 48.1065286818805 149.918557839541 83.7813506194112 40.0773750335157 52.5186909799387 64.5815753045083 170.68733215332 79.291474389515 56.7831098996595 0 84.7321304930925 121.505941092809 0 0 0 75.615837097168 0 82.4325762256587 0 0 0 0 0 0 0 0 90.2433682994595 0 89.0495050795883 0 0 0 0 100.507622629795 110.000210130409 0 0 160.446868896484 168.905014038086 0 67.7316938542908 102.00752292433 101.75812398056 0 0 0 113.15908373233 0 0 140.216902616653 0
108.699473917282 67.1357215229336 65.7376741245779 174.522125244141 79.3587450638598 103.81158603345 125.137453829257 116.517190193703 126.681144071504 149.293663993776 27.2058055955881 162.803900208043 58.4711844753528 116.58432966456 177.045455932617 111.818605221017 22.196393819988 16.5782240654993 0 183.298217773438 78.0541153221123 95.5197941981359 60.0801669594657 139.187326798752 54.0245805906559 34.8965944596102 62.5506261773351 125.010235320522 110.944138566529 89.8531357833419 66.8658912475027 79.4717846964563 105.570784756503 38.0677363366512 142.246905051115 82.295092517817 42.7926581794475 47.8085318441359 60.0891078023887 97.8780164864489 98.3547678099379 70.1268387058357 167.197088156325 128.072192377607 126.260114540338 135.287935129644 0 0 0 218.526168823242 73.4492410731814 122.476489979625 0 0 0 0 0 0 0 131.590591430664 0 101.062186211996 0 0 174.297987516736 0 106.713684082031 133.478179931641 0 184.704727172852 93.540113510938 153.100199531185 150.908493041992 74.464290137745 109.411180877923 113.286315002922 167.059646606445 0 0 123.679371927812 0 0 122.658939942061 153.249840788483
86.5222775084307 126.196350097656 152.247752373964 13.0406335808886 99.5263114658821 44.2104147555075 36.4929310602616 74.8449204841467 54.4338928904777 17.4603670012471 137.105659295939 15.9469222395171 147.900695800781 89.3288769472449 61.9506573516242 87.0370251771895 0 150.860260009766 183.298217773438 0 101.06458714194 93.455174037876 137.11639489628 22.6638714866188 149.199478149414 148.41423034668 134.844950314537 26.6105524549807 104.357343383969 99.6423158029538 0 142.573984372523 122.8346078088 98.4601267474032 26.2580467200964 98.0776959881922 138.735623289723 97.6951627640003 106.582036553703 62.5003915576689 105.580748560124 0 0 0 92.1360427098412 0 94.7150658603493 0 0 0 0 0 37.8054171726667 0 49.3202851505621 123.968315124512 141.387161254883 73.0126861988647 33.8298511944345 0 28.8251936462318 0 164.917129516602 107.388880293546 0 0 0 0 30.3156072878549 0 0 0 92.216015089021 173.245651245117 0 168.251724243164 127.711923716349 0 0 0 0 0 0 0
78.299711776295 90.6312626015639 63.0905906263211 120.701878883577 172.877389079358 107.572755785662 73.3406898427359 102.151798519954 69.4119154917315 100.813556238774 99.4717225732958 113.105237376884 122.533003057208 97.8984058803135 141.67650115681 16.8945986066032 55.3118092795768 96.4661356759876 78.0541153221123 101.06458714194 0 56.3191164363125 34.6844466268887 58.5637432750069 126.577779448883 89.6710812984267 68.5695868100194 32.4693498515454 83.3446663350598 29.755677978119 0 161.950393465883 78.149646048383 39.7056143828634 134.021432006764 68.3827761980611 62.1938857241607 61.7414677820373 71.1027162117323 81.9368581438055 79.1476415455966 99.1324768066406 137.074919158822 110.012793052326 144.92496428184 138.434207808863 158.907592773438 132.678929401621 0 150.496230488103 0 151.653428386817 153.220108032227 0 156.634811401367 137.870479678099 175.193077567315 83.8505538946903 238.167236328125 0 0 214.289337158203 164.3555293648 125.742380770564 97.4911519463221 161.937302956596 0 0 0 118.872900339786 68.7641969566176 134.713569030476 115.652436575156 153.798736572266 174.498891174865 133.187413502203 124.914436902017 152.063641694453 121.896218042466 0 0 128.577421366687 130.605184057468 156.593903298169
72.7751700503725 28.6018048213335 57.002303328812 77.0302399200836 109.543099421338 112.358201297186 87.9399856171316 102.554160859369 33.2245518994425 106.751344863394 97.7098446514351 80.5342464702655 78.3306726347994 95.6331578267515 76.9559761014883 33.5306286396104 80.8912701338204 100.275595782812 95.5197941981359 93.455174037876 56.3191164363125 0 56.6210268453116 33.5126564592754 63.4193268257106 80.8752905286538 39.0549954215204 57.3448357751136 79.8499731223924 62.4196371114943 107.299705193995 129.958618164062 69.9282229460245 62.0507462085629 136.131840080308 65.3327723262022 61.4434404983663 62.3898909814491 66.0610909175947 79.3787163088454 75.3838857847514 80.7976633566853 85.9392562116181 79.3892029284191 84.6471206843865 103.367696399227 0 0 81.6385955810547 145.238921634737 71.3003760476582 77.2293126057392 138.218840286909 0 0 92.7060241889606 149.315312961703 64.9024308505763 136.577726873672 105.164054870605 145.17222030269 139.157167756045 152.865358005211 0 58.1158008692188 90.0791666440413 0 130.907468247101 0 71.1341868020747 18.4578164220328 76.4837463727243 73.6478604892813 102.205116271973 129.704909745984 62.8190435184303 87.3057612964697 96.3689805453412 82.4695430843355 0 0 83.860259047745 89.9187005402031 131.747777616378
84.8967332803853 69.3722532902397 35.7686881705569 120.110436319914 153.376567415133 117.721184829499 84.451673132547 107.409420969631 93.6279064069487 113.171753470303 79.9504963942836 122.594825897068 121.150750105102 103.297275627214 123.296880886488 14.4167335545795 34.9890208103782 88.9420554528708 60.0801669594657 137.11639489628 34.6844466268887 56.6210268453116 0 71.4478899226998 101.703740315795 68.2172504744513 40.6164957111353 53.4584752380391 93.4166257562339 56.9966536926495 93.3452859018128 126.035539932999 84.0407110106656 43.5380271196733 136.486905868307 66.1084909120748 56.1799130601979 58.1160175192967 65.9308559495478 90.0355985157948 77.952302880357 99.9976449624221 132.268748016976 118.587842549041 126.750304226468 129.552888454343 147.655411505497 0 144.353973388672 141.572146528103 101.256650007424 106.617797131925 217.113830566406 0 222.061141967773 159.540293959272 0 104.557935817878 190.011810302734 0 199.287628173828 0 174.527117838184 0 71.4910631156405 143.90498015807 0 210.744970886994 157.400820303687 130.145455928949 68.5032129097311 114.607859815216 127.222041545125 0 133.232220315101 102.530528467248 140.520239271866 167.940149810415 140.645380888071 0 0 128.16161135244 144.215963802214 144.949415406332
75.0263532379406 83.0879164663877 89.8349197040015 24.4045654789936 79.2882614875548 84.9333306716249 53.7265058760214 96.1807839393141 27.4896515986487 58.0073091464462 159.512293103205 34.4317782680854 132.882803753176 95.0494853499796 50.6129317600506 41.7499333276102 119.872628661465 139.493150562019 139.187326798752 22.6638714866188 58.5637432750069 33.5126564592754 71.4478899226998 0 116.319227180343 125.514670987623 75.1862312815589 22.8507801270412 87.2257161556805 64.0181006157739 145.458812239719 117.256960870065 75.563250234476 75.0022473430477 139.325720008686 80.349824278748 92.4113664965296 88.7132497369557 93.5923602751846 47.0689732360438 88.8430390313916 131.874284056928 127.484468574778 157.168106079102 138.135356988631 135.512927916776 78.1922552303458 144.537554962498 0 127.573938853023 119.160853481918 173.006429379146 104.272514193789 111.465181395037 137.788878467372 126.945882953611 147.308572707599 60.7271001783471 121.115647106091 203.582000732422 95.2224896056823 215.743713378906 147.968104317306 88.5005848953763 104.11545428621 171.072212832861 0 0 99.1223558948132 115.18858236019 70.2831829801244 140.938889625764 94.0833424035118 0 177.193237304688 141.592944681454 108.987170797673 141.444246969427 120.909371868868 0 163.766053540631 137.743987889595 133.171776208879 184.897667787048
0 24.88493129716 69.2513906943086 0 0 102.944538295549 154.654732869901 113.903015072477 96.9780884948274 141.636154174805 34.6367536370325 0 21.7397919130225 103.191558885158 138.811179059855 108.603062447203 74.3685581989446 42.9266041640997 54.0245805906559 149.199478149414 126.577779448883 63.4193268257106 101.703740315795 116.319227180343 0 38.1800289537524 29.3846919694825 141.261321659909 134.338784263508 130.072624414644 44.7575900707176 167.430206298828 155.354751586914 58.5359384149589 0 105.649225472976 33.1051919476444 53.2394713417451 68.9555382858654 122.07846320457 0 18.7056306531532 127.636413574219 41.3804618564496 89.3460004066124 0 0 0 41.0677162714754 0 34.6002428440462 116.519146774329 0 185.693023681641 0 0 0 141.940150831569 0 60.3500190797802 0 52.2865225945951 0 0 0 111.618373720676 62.8078560547877 82.7656642919169 0 0 90.1105055655541 158.97703006789 144.15641784668 24.7271332947121 64.2617319301561 62.9619682598562 132.796997070312 0 0 73.8332687014828 0 0 80.0971691498209 0
110.275220969546 47.0229975908601 34.3931845076804 137.360068999217 115.288919763539 135.119936727275 120.992114600315 123.50300168006 111.40304143591 159.340944012849 31.868705232199 149.384205864189 32.7914834900141 119.246248219126 144.897630476081 99.3284857753887 33.314355058592 29.0508228789597 34.8965944596102 148.41423034668 89.6710812984267 80.8752905286538 68.2172504744513 125.514670987623 38.1800289537524 0 34.0848577893938 114.578753365014 113.232289226137 99.0717482753733 23.793892470233 107.735699574446 114.944531737737 55.8302243093889 148.312664409237 85.0521887774977 46.0587471938417 58.095736915883 68.2480317140839 155.037496193346 98.4094384173151 65.2953483624884 144.034488521308 93.6817405598677 124.074771896388 147.01901394052 0 0 75.314896406462 0 59.2433398402445 114.346535442017 197.166931152344 0 0 0 165.092620849609 161.295787323144 0 97.0550107165803 205.806793212891 85.3583196811782 184.448437185336 0 152.712780308032 120.767693577226 103.6031329075 113.422204682218 0 170.42267519325 105.676369141811 142.713831747175 172.809934978604 63.4065769900182 93.9071064936295 94.971533503743 161.44389403333 0 157.990768432617 102.750180562252 0 0 114.847524894915 146.627625464561
120.335523675887 33.3246055635374 30.8400086361142 110.777908513358 151.440504795272 138.655233567031 110.594971942366 132.091245131448 92.3038176577895 145.392370466187 54.0235989188594 120.174166367224 25.3532278859612 128.055448648861 125.572972716904 25.4161584018808 66.1062555069752 55.5673508362024 62.5506261773351 134.844950314537 68.5695868100194 39.0549954215204 40.6164957111353 75.1862312815589 29.3846919694825 34.0848577893938 0 77.4156897316083 122.152282778678 100.097413455539 26.3327784986484 110.258891976177 118.653602002432 67.2135084951852 143.718238913542 79.6614278426409 57.3030576505422 64.4687564621771 70.8952200130649 112.243457513044 84.3778719635094 71.568877018527 124.04417759244 101.491627414391 111.062455529682 119.475315765771 122.989024568154 120.389325029725 83.2075846357129 151.564946084051 58.253458080186 92.1136997382792 159.028659206254 156.870666503906 0 169.976685926589 157.712801263517 133.183229646456 192.933654785156 101.340997057568 110.445175170898 90.0975404792941 174.993215213188 0 96.9145010046407 114.893646904144 112.357455159014 113.592923283583 163.935094280679 124.688785164225 57.591889888833 102.579216061495 118.744420559832 66.1768318505676 97.6688244713487 91.0405646303888 139.309642721369 184.401462896029 136.984811281015 111.96845619906 0 171.323231117898 114.341733021668 154.293241809777
75.7739703057925 100.913287446469 79.7867175501192 19.8832537289002 108.158630508356 71.397098212508 34.5678838356567 88.5745618156055 51.2969785920699 26.4636063281435 146.642948695872 52.4044128510386 140.157998335725 91.1413297717168 71.9779470315862 40.8653218806636 107.763550341701 155.80525833601 125.010235320522 26.6105524549807 32.4693498515454 57.3448357751136 53.4584752380391 22.8507801270412 141.261321659909 114.578753365014 77.4156897316083 0 87.8460980469147 42.8576619865716 163.666213989258 164.501768641959 71.1542777810565 63.8701798161989 134.692674715 75.3409010539892 79.4214082637043 79.9253453326191 82.7224818669649 68.4540082359512 92.8846719777876 129.013295705975 134.084954710905 147.046121926762 144.925203756033 149.75408622879 95.6453619685499 177.049329438984 0 138.804856069649 151.665592877002 160.357384260636 56.9343134552324 126.669742732089 151.142696013611 134.147796448888 157.425026295758 70.9297146472644 123.842980521529 0 80.7727018486324 0 159.695997626635 104.300004798063 109.565486593748 177.791961669922 210.21662902832 157.596435546875 78.5160545370857 125.0799952241 76.7485068637437 141.460626332675 100.999884021927 181.928986727418 164.904174804688 147.872784171455 119.856610282088 150.304611205891 122.978334464664 0 0 137.083467958063 139.192691074896 177.705284786059
17.1841279137553 132.740100214462 105.606704743258 113.320445051815 28.903680188548 54.6452631032651 66.9696420394821 46.597996765843 82.4888754764997 101.033934484421 64.4778078723739 95.4795206370791 66.5056995106671 38.9428114598057 53.0935201574614 100.314022069484 102.060332791049 98.7821359445169 110.944138566529 104.357343383969 83.3446663350598 79.8499731223924 93.4166257562339 87.2257161556805 134.338784263508 113.232289226137 122.152282778678 87.8460980469147 0 38.1723118392547 121.268807048008 20.0134302276126 22.5816409298822 36.637074986957 111.400074034745 62.4292118261512 75.8380497718032 48.5958720350813 67.833079849424 46.9592576898415 30.6970266169825 59.4888089208402 163.146938071629 0 167.431860408134 153.122412039208 160.043845189386 185.118618505939 0 175.979351132461 0 198.379071312945 0 0 190.548217773438 153.168503298684 182.986797327865 97.3523055597154 205.145156860352 0 0 124.617774963379 188.99743743413 144.494934082031 138.890788208732 195.41438293457 0 0 216.261779785156 139.172776910361 79.7624380205948 142.163215128976 132.307444442715 0 0 179.152872672137 142.060701509025 175.861880502706 154.559034820828 0 0 165.657335813592 159.412188198845 128.483845122801
33.9199018449379 101.717945031325 75.4159492510153 94.0287398343211 117.43630119167 85.0834624426314 20.3318203284802 71.8437637758909 58.0528749356157 78.6936753230802 118.739795493875 96.4639351208569 131.092237489048 64.8161012223257 104.516955284534 74.7658861741467 74.8360686771449 113.185091844724 89.8531357833419 99.6423158029538 29.755677978119 62.4196371114943 56.9966536926495 64.0181006157739 130.072624414644 99.0717482753733 100.097413455539 42.8576619865716 38.1723118392547 0 0 122.696854352496 51.5121147654923 34.0396419147645 124.662028969375 66.1851855219409 79.3816364986623 59.4310540165792 67.9432019846836 82.0640227916442 81.9721040869566 111.15220820087 142.310026622965 117.833503723145 145.934773818574 148.752200280639 155.398667023923 156.719880512128 0 129.00320347612 109.793907165527 155.399949347931 151.122267402006 0 201.693165581421 137.829387823181 167.954323303208 79.4812035861528 149.413650512695 0 0 0 160.748850558144 0 114.265679399177 183.497743236316 0 0 103.469863891602 122.926001478596 73.4142577589943 145.189646487952 113.213301149606 0 174.583435058594 139.756282620674 123.105025383552 150.189177033587 131.47248753963 0 0 125.761967757196 146.966612230573 140.339999582932
0 69.6643114039339 93.1256632609708 0 0 142.131227204863 0 105.431856044298 132.566332865711 0 32.9621192846854 0 14.1261591359193 108.702696527114 166.56623840332 173.048076905185 76.7054546943595 50.9341797962891 66.8658912475027 0 0 107.299705193995 93.3452859018128 145.458812239719 44.7575900707176 23.793892470233 26.3327784986484 163.666213989258 121.268807048008 0 0 0 0 68.1442502193668 0 116.393067753327 53.2741523948018 67.7635507399408 95.518395185077 0 0 59.1067722348407 0 90.0223738730517 0 0 0 0 68.6598663330078 0 86.3943780098359 0 0 0 0 0 0 174.062545776367 0 94.0606804522184 0 91.8802653389531 0 0 0 0 106.345403368423 0 0 0 0 0 189.879272460938 68.4589017717959 106.144707929564 113.767994510766 0 0 0 109.520077949095 0 0 0 0
100.88958884712 0 125.829334675662 136.544963481059 12.7668805418926 20.95632188027 114.900303780564 27.0239898273123 76.8805195990269 124.375155000627 58.7858118806461 100.768677450602 65.3468230191467 29.0642349862692 39.5242162274638 0 93.7233089435142 90.7428173761694 79.4717846964563 142.573984372523 161.950393465883 129.958618164062 126.035539932999 117.256960870065 167.430206298828 107.735699574446 110.258891976177 164.501768641959 20.0134302276126 122.696854352496 0 0 73.3596104794191 21.3152334725961 126.304108191892 75.8131345293735 61.3144709651885 39.935319968014 70.8080432560725 33.0768624172931 18.4286194645866 56.3806929203754 109.665298461914 0 0 0 0 0 0 0 0 0 0 0 0 0 0 0 0 0 0 159.113510131836 0 0 0 0 0 0 0 0 0 0 0 0 0 0 193.173445345068 0 0 0 0 0 0 155.293853759766
33.5025217451887 114.959109277767 107.065031604944 106.632034301758 0 97.0391655481686 68.0074648094512 78.8570248004544 67.6041632470835 87.6452268894892 90.7532838302393 95.4741399695813 85.9064551025199 53.8079844844458 0 83.535703716695 96.2737866539221 128.776784540479 105.570784756503 122.8346078088 78.149646048383 69.9282229460245 84.0407110106656 75.563250234476 155.354751586914 114.944531737737 118.653602002432 71.1542777810565 22.5816409298822 51.5121147654923 0 73.3596104794191 0 19.6355936695908 104.56667492638 45.4840576214809 59.8486485258798 39.0847375220601 49.1396069538749 45.3294449360441 46.4860907689644 0 149.271511914974 0 155.700547667336 146.925529317662 0 0 0 154.852832062924 0 0 0 0 174.632171630859 140.402570469685 180.408599853516 91.6210023775727 0 0 0 0 163.372238002331 0 122.381257964446 0 0 0 0 126.699301969354 82.1343716256846 0 118.846382044213 0 231.249847412109 0 130.780458923201 144.481813810445 132.836392412556 0 0 0 134.715431179667 172.308853149414
51.6534363735118 62.8159374554744 61.7297590779802 115.169157082447 16.5875249834293 34.9042810634307 78.1084032017957 43.7110050337149 75.2043050234353 96.4749695874822 21.8504677672422 84.7819890848127 27.7067873042098 49.400641572144 43.2746315611624 68.5815326408106 37.9728593639377 48.1065286818805 38.0677363366512 98.4601267474032 39.7056143828634 62.0507462085629 43.5380271196733 75.0022473430477 58.5359384149589 55.8302243093889 67.2135084951852 63.8701798161989 36.637074986957 34.0396419147645 68.1442502193668 21.3152334725961 19.6355936695908 0 85.4395958071838 38.8639634122166 24.5390785787662 15.4312537780951 41.7169706183097 33.923377904871 10.3360513634126 23.2156194536536 128.371535651912 104.682649047713 126.644086862073 144.580762918362 124.803077697754 0 0 133.034677406044 72.3571795196112 119.652504741978 0 0 0 138.132851346195 0 84.6219418342468 0 141.463144387309 0 113.526625881307 200.991442742933 0 105.811877180414 136.750616815919 115.941045032466 150.276816730862 0 122.474949002982 71.0370046920202 133.24935683016 132.653173815872 78.3318588667953 111.729507363867 113.284011350334 132.41852929678 165.407145937866 129.2445564432 100.292266845703 0 147.659194946289 138.060971360936 103.022545341372
130.112673681308 0 138.063453116706 57.8667198818203 67.3137179341232 16.7659630083187 114.420764691089 74.9085044171044 105.173739436982 22.6453929028907 164.820090765198 20.8519443990549 77.9648637607567 123.839859963647 43.9954808273742 139.923997376885 149.187167856848 149.918557839541 142.246905051115 26.2580467200964 134.021432006764 136.131840080308 136.486905868307 139.325720008686 0 148.312664409237 143.718238913542 134.692674715 111.400074034745 124.662028969375 0 126.304108191892 104.56667492638 85.4395958071838 0 67.4561557455117 96.6093886067909 80.5604138277845 78.8913259603925 66.6517052257391 75.6165337862462 85.9262135507648 75.1534575242586 102.847345140803 100.259765176762 89.34376246777 79.4751852625752 88.4855280110583 91.7173424653583 164.245805705684 135.596506562205 142.942298759315 0 104.996910095215 121.058746337891 175.504692697631 153.852926279746 135.152999892612 156.800868243932 160.455551147461 0 88.3281395466011 141.184844554531 75.6047031192099 155.058455678045 127.326248168945 0 142.205656744406 0 159.641968352074 160.459926986622 156.763465455035 173.803943244157 176.627410888672 163.200830650604 154.991838018377 168.211550500965 145.060589681615 147.064241388846 0 0 0 88.1938807750571 32.1933221979343
