0 8.10425287485123 342.987971961498 19.3463028073311 6.38086062669754 138.475942343473 5396.55312585831 1697.04788705707 200.332160383463 302.484636455774 90.7803112566471 35.8179791867733 14.8511932194233 13123.7149758339 2.95520842075348 16.6845960617065 292.672217488289 12.320695579052 52.0846690535545 38.7807179987431 443.849644869566 52.4022060334682 548.284835726023 416.136110395193 2.76216387748718 199.661829143763 134.281315684319 982.855722427368 9923.53084087372 5309.49528488517 0.894789338111877 27.8665919601917 80.9622328877449 525.564154744148 15.6015448272228 511.190527528524 47.6535929441452 449.144437760115 42.8980733156204 161.409355223179 81.0662099719048 5.71338033676147 9.07044696807861 4.00651842355728 1.98901033401489 1.29534500837326 2.57632490992546 0 0 2.40353018045425 0 11.2681677937508 0.576365888118744 0 0.860308051109314 56.4908312857151 6.47882100939751 21.4042224884033 7.24387449026108 3.17485570907593 2.33535051345825 0.680385053157806 12.4414269626141 0 3.56971478462219 1.14268052577972 0 1.5589497089386 0 6.50487807393074 10.8646659851074 11.0596199333668 80.6478933691978 1.1560252904892 6.48332849144936 28.6558241844177 92.0805315971375 11.6452859342098 20.198215842247 0 0 1.50466120243073 8.4315359890461 4.7121776342392
8.10425287485123 0 317.396427154541 0 0.534625232219696 7.81576910614967 36.5536866486073 12.5817894041538 800.248699188232 2.36763647198677 392.9969201684 11.2536582648754 1086.12631225586 22.5041542053223 7.62315183877945 132.006447017193 432.867945045233 115.143046408892 374.125550508499 0.349696159362793 48.4352840483189 3728.14044645429 124.702431261539 997.498002022505 2099.79839673638 1767.52893948555 9479.97734689713 287.314063042402 20.6991531550884 42.6679763495922 72.1295162439346 5.25380969047546 2.22012490034103 203.035987317562 4.06492060422897 298.305059403181 679.337044388056 430.747104614973 139.844026297331 56.6929687857628 7.9610201716423 319.685918331146 29.0660836696625 34.6939224600792 42.9355171918869 18.5327142477036 1.65008023381233 0 18.5925200581551 2.23393708467484 112.969932705164 104.136252045631 0.973341345787048 0 1.20514252781868 12.0247811675072 1.38180446624756 7.04992836713791 0.448759198188782 36.726833999157 0.554958939552307 62.7784514427185 4.28410226106644 0 11.7035848498344 59.8982933163643 25.1046994626522 66.8355134725571 1.13887405395508 9.20557433366776 34.3821858167648 28.9695016443729 15.3135039508343 43.1639425754547 293.369414269924 731.74456384778 12.0977302491665 4.2100824713707 4.81173872947693 7.01143205165863 0 0 18.9545839428902 2.20151525735855
342.987971961498 317.396427154541 0 6.92385274171829 3.95876437425613 117.878677248955 831.408316612244 693.890416711569 110.983846127987 57.9526771605015 221.912719726562 7.08461359143257 32.1888920366764 746.730033963919 10.5145093500614 147.197534531355 5682.22248980403 142.94862818718 824.871451675892 2.13346570730209 2488.33451220393 736.391466706991 13437.2531097531 193.818498879671 24.0950396955013 18176.668536067 15519.1793742776 914.44411817193 400.641822755337 1769.95304614305 27.8462044298649 7.17949336767197 38.6733117997646 1136.16127532721 89.7461969554424 2581.13958463073 2810.06825748086 2907.64561972022 1250.82371985912 331.361145734787 17.7144674658775 16.3582371473312 93.8731308579445 92.1941309869289 142.601012736559 45.8128834962845 5.34209680557251 4.36064004898071 0.466895371675491 2.32475399971008 172.089203774929 658.428445339203 0 0 3.29676973819733 43.7910202741623 9.94253379106522 28.3387095630169 1.19981589913368 11.8852245509624 1.25482356548309 9.5038797557354 15.960959225893 0.707412362098694 93.7904095351696 262.067870676517 10.8050974011421 100.995485126972 0.853015601634979 58.3182624280453 124.983877271414 281.805187284946 63.0925132334232 15.8878128230572 528.665828853846 1838.11498633027 102.9971152246 3.52534717321396 46.9558135569096 2.57260781526566 0.515030801296234 1.57039201259613 64.8258782625198 53.7967761456966
19.3463028073311 0 6.92385274171829 0 5.63648170232773 263.879263997078 447.007147520781 107.558017283678 513.674132019281 8666.81768867373 3.32855042815208 2472.0595998764 1.57549214363098 101.575415462255 31.6977322399616 4.45653209090233 2.84893172979355 0 2.38437986373901 25563.5245640576 7.39702886343002 7.53227841854095 9.27164417505264 3572.34251451492 0 1.20119595527649 10.5686015188694 13264.2032119632 126.179422080517 13.7070143818855 0 1.45130482316017 5.43672508001328 36.8952308595181 15.370803385973 117.504276037216 3.24458590149879 91.3514333963394 3.69411769509315 91.8599245250225 21.111928075552 0.497306823730469 11.279764354229 0 8.66537839174271 1.18027114868164 20.091763406992 1.08598673343658 0 2.58662509918213 0 1.22420287132263 62.3195454478264 0 14.10985070467 97.9690265953541 10.8878026902676 117.671699017286 56.4094533324242 0.88051849603653 117.869889199734 0 7.07493457198143 6.58457034826279 0 2.27492579817772 0 0 22.7166285514832 2.06433069705963 8.06413397192955 0 160.49539282918 0 1.13647413253784 1.57965731620789 244.172584503889 5.13789686560631 4.82044497132301 0 0 0 9.7821426987648 1.31868529319763
6.38086062669754 0.534625232219696 3.95876437425613 5.63648170232773 0 5229.18669492006 24.4793585836887 896.417918205261 89.2542333006859 22.7698493301868 27.3059160113335 69.0036858916283 5.52315890789032 288.743773847818 2757.23222881556 0 2.88628086447716 5.51068484783173 4.67749261856079 4.5539938211441 1.1755782365799 6.44773879647255 4.33292889595032 20.8003366291523 1.40580379962921 8.11267098784447 8.17614248394966 17.9377999007702 214.851903110743 11.9430987238884 0 2123.13071906567 0 1303.69772624969 396.175509512424 56.9899155199528 12.1467376947403 159.871422499418 11.5170496702194 10451.8460045457 3164.57265084982 4.06479632854462 2.55202093720436 0.867186069488525 0 3.15205928683281 6.89211773872375 0 0 0 0 0 0 1.59863460063934 0 2.18827247619629 0.347756385803223 0 1.09750866889954 0 0 0 0 1.62591135501862 0 0 0 0 0.637834131717682 0 0 0 3.82783281803131 0 0 1.58813554048538 1.58378005027771 0 0 0 0 0 0.782218456268311 84.8139312565327
138.475942343473 7.81576910614967 117.878677248955 263.879263997078 5229.18669492006 0 5234.29971289635 15828.1736708283 380.026937097311 17767.6747714281 117.359471589327 8441.25710901618 18.5222401320934 3131.88118469715 7819.77448421717 11.4591741263866 57.3266359567642 12.7067140936852 14.9042268097401 825.236932069063 157.290137320757 30.2630250751972 181.311500042677 386.326271981001 3.68853631615639 83.3529216945171 69.1462006866932 1446.50930458307 762.594261944294 288.045827031136 3.0894513130188 1665.03992965817 18.159662514925 1201.25108373165 217.578825771809 354.575863361359 17.7390247881413 414.65252378583 33.0979997217655 12119.9342510104 1772.4712305069 18.831171810627 9.77415204048157 0.582657933235168 7.34243258833885 0 6.19640782475471 0 0 0.894141465425491 0 4.91766539216042 9.76459559798241 0 4.34661680459976 67.6324819028378 8.0827462375164 34.5964029729366 21.031504034996 0 19.4862160682678 1.23578035831451 10.2633723318577 1.63478326797485 3.57059597969055 0.615998327732086 0.304086327552795 0 12.1065651774406 0.760082483291626 4.33807718753815 5.33640190958977 80.0131938457489 0.450315743684769 3.0386036336422 7.9871571958065 125.108910799026 5.69047310948372 9.0253574848175 0.909078478813171 0 0 8.59561282396317 5.77794462442398
5396.55312585831 36.5536866486073 831.408316612244 447.007147520781 24.4793585836887 5234.29971289635 0 7386.98412948847 1933.13630226254 18182.8257159889 126.934732317924 1200.22852927446 17.7484883666039 9589.6609480083 125.940206557512 287.017763137817 283.524442881346 20.8761854767799 52.8992055654526 553.14173540473 1594.9654070735 322.102269202471 1760.08524233103 6291.73912099004 10.5215209722519 339.714462637901 679.422867387533 29167.6837900281 3986.29190504551 11138.1867085397 3.73910182714462 55.8821824491024 291.287577152252 1125.96034675837 142.506088495255 2938.03662911057 163.687812387943 1906.08791252971 238.738524109125 857.420020192862 412.929385334253 6.78583824634552 113.030723899603 8.12593448162079 78.2924900054932 14.4339022934437 52.1300977170467 13.4048357605934 0 42.279588341713 6.01072058081627 28.7899539172649 61.9293527007103 0.65158224105835 42.6238613426685 735.840775519609 93.0019490420818 317.599697560072 135.854409396648 0.442605972290039 70.2224211990833 3.78412860631943 100.837308764458 11.2947747707367 36.6828326582909 5.72535490989685 0 2.18266835808754 72.1356864273548 45.650922358036 65.0635406970978 61.3398728966713 864.078654199839 1.90367862582207 19.6347955465317 71.9579783678055 1286.12788909674 93.5602934360504 124.097914904356 1.03481066226959 0 6.25909847021103 43.9858290851116 28.5015430152416
1697.04788705707 12.5817894041538 693.890416711569 107.558017283678 896.417918205261 15828.1736708283 7386.98412948847 0 339.6196654737 4714.81087458134 263.851396262646 1054.69024389982 29.2534985542297 23139.9995600879 600.023573130369 33.3113678395748 439.622295409441 40.4468900561333 106.866868972778 376.208863854408 746.772448003292 61.8697656989098 824.224777489901 807.632326513529 5.90761068463326 396.896881848574 250.597720354795 1681.56552788615 1818.9108671546 2483.42735108733 3.8887705206871 1764.60260567069 25.3222350478172 1465.28656443954 33.2451648414135 735.504884272814 100.634953349829 791.808653861284 97.0593962967396 5099.67815360427 1610.08882075548 33.5571325421333 26.5627498924732 0.925755798816681 15.6800347864628 2.13835319876671 8.00497904419899 2.59669810533524 0 10.2930815219879 1.94310691952705 14.4215033650398 16.5269564986229 0 8.73955383896828 125.109379738569 18.1542848944664 61.320984095335 25.5572912395 1.14273631572723 18.6618004441261 0 27.5341664552689 1.23385953903198 12.8748278021812 3.95706233382225 0 3.30319169163704 15.4591567218304 10.2995136082172 11.3488685190678 14.148028254509 187.242121875286 1.38205683231354 10.9669745862484 30.907176733017 271.248136729002 14.2029408216476 46.1680720448494 0 0 0.97921696305275 11.8349504470825 3.73333829641342
200.332160383463 800.248699188232 110.983846127987 513.674132019281 89.2542333006859 380.026937097311 1933.13630226254 339.6196654737 0 841.770471930504 98.8535779118538 1939.25107422471 174.262607842684 468.760141730309 1503.04051053524 147.408126741648 122.776460945606 33.6766846179962 65.9819110929966 278.1673592031 302.71486005187 4950.11298561096 201.639135599136 14342.6087680161 289.601772248745 280.355030983686 1592.43676134944 5338.07966448367 803.891301214695 1085.45246398449 18.4208828210831 7.09427782893181 113.949943631887 240.765749335289 24.385157674551 690.519005089998 152.513160198927 366.49190852046 90.1380119025707 2467.87530207634 61.0560264587402 23.4547854363918 61.7634550333023 8.37650042772293 44.0508337318897 7.59342503547668 100.458976089954 6.65578657388687 1.96250814199448 26.6857949197292 9.78572124242783 21.7173397839069 115.271373480558 0.821313381195068 47.1129260063171 376.353089958429 43.8636258542538 595.673009127378 159.280791193247 6.63316363096237 144.784989058971 11.1799108982086 45.0364584922791 13.7308480739594 22.0259770154953 5.47668480873108 1.34235846996307 4.36900797486305 101.478681415319 45.1404531002045 90.6121506094933 18.1175684630871 715.740498512983 4.48663592338562 20.6908461153507 59.5061067342758 813.978947818279 43.4506932199001 97.7427080571651 0 0 4.94725269079208 22.3244486153126 7.93427786231041
302.484636455774 2.36763647198677 57.9526771605015 8666.81768867373 22.7698493301868 17767.6747714281 18182.8257159889 4714.81087458134 841.770471930504 0 92.4814983904362 15102.2712282836 13.105921715498 2283.04527446628 215.530309051275 10.2440651059151 17.4480912685394 6.53578341007233 18.2945410311222 18522.2699371576 69.4295190870762 29.2049703299999 91.2235786020756 1683.07667559385 3.39090222120285 33.5910609066486 45.1550842523575 7996.9262675941 1124.99942097068 161.02076536417 0 38.5318453013897 29.570481300354 555.194053322077 527.021574258804 848.734540849924 26.2516377568245 772.099702179432 67.6062112748623 773.280754029751 223.786890596151 7.43288892507553 26.3000782132149 0.822145938873291 10.8807313144207 5.81392246484756 32.1514410674572 6.54493972659111 0 9.44489502906799 0 0.451543092727661 75.0997656583786 4.55847871303558 20.3670752942562 283.276910632849 26.3848088085651 202.351146668196 97.7865807414055 0.816115736961365 64.8568413555622 2.98757582902908 24.8587101399899 0 3.3534879386425 1.4504342675209 1.35270589590073 0 68.6893174052238 3.23492342233658 10.9504737555981 3.22847798466682 327.504529953003 1.54993343353271 2.5721687078476 11.7822535037994 453.197840362787 20.010117828846 24.0803961157799 0 0 0 19.228512108326 3.75192746520042
90.7803112566471 392.9969201684 221.912719726562 3.32855042815208 27.3059160113335 117.359471589327 126.934732317924 263.851396262646 98.8535779118538 92.4814983904362 0 35.9003422558308 10009.3027910888 630.643654078245 2.86276787519455 15.4601393640041 1078.84376657009 6030.97877389193 4715.68766123056 20.2400801479816 83.9751692116261 187.068358361721 258.094575762749 80.5240872204304 2632.67449057102 8179.71204021573 3862.23537003994 76.9995781779289 433.373702198267 171.361703664064 1279.32934093475 141.112066030502 6.43734675645828 8566.79969573021 12.1324514746666 560.603885859251 6396.89023706317 10340.6144219339 468.380494832993 77.8318999111652 75.8804245591164 4544.31526678801 13.5112678408623 144.890594094992 51.1692571938038 8.62470066547394 1.48288178443909 0 148.933776199818 0.505148649215698 22.5508740842342 9.07377794384956 0 0 0 13.6815648078918 3.66424828767776 1.61684638261795 0 301.999134480953 0 618.038791328669 2.49833297729492 0 0 10.3025037050247 89.698140591383 44.7339636981487 0 2.75993406772614 10.413596957922 16.0780846178532 7.99285900592804 202.661091506481 332.427474796772 347.211394518614 15.3026015758514 0.958728551864624 9.89285245537758 68.5512697696686 0 0 13.8763460218906 2.73694014549255
35.8179791867733 11.2536582648754 7.08461359143257 2472.0595998764 69.0036858916283 8441.25710901618 1200.22852927446 1054.69024389982 1939.25107422471 15102.2712282836 35.9003422558308 0 4.07150998711586 678.392048537731 2298.70013681054 0 2.2690178155899 1.11896958947182 2.40074121952057 20245.4360116422 4.52033570408821 27.3651349544525 9.11911699175835 780.019742369652 0 9.04975041747093 25.056479036808 1319.69070589542 182.74231788516 28.6244304776192 0 20.0689662098885 6.49539643526077 187.110747247934 474.265922635794 208.541484683752 5.90485382080078 148.674435079098 12.9716074168682 3031.17409697175 80.4989248216152 2.28225433826447 2.11307603120804 0 1.29128432273865 0 20.547949552536 0.558841228485107 0 1.78201287984848 5.77657034993172 0 236.769473671913 1.10295939445496 19.348939448595 30.0357021987438 7.18832302093506 92.7405645251274 79.9175782799721 0.741504430770874 469.35680270195 0 4.24436688423157 2.9740908741951 0 0 0 0 272.032764136791 0.742065012454987 1.28512108325958 0 98.9733862578869 0 0 1.78495556116104 161.017513632774 1.26316851377487 1.98139917850494 0 0 0 4.76603174209595 0.937163174152374
14.8511932194233 1086.12631225586 32.1888920366764 1.57549214363098 5.52315890789032 18.5222401320934 17.7484883666039 29.2534985542297 174.262607842684 13.105921715498 10009.3027910888 4.07150998711586 0 71.2325622141361 0 5.35517007112503 58.3404160737991 276.22645893693 179.474808722734 1.74904823303223 9.29582831263542 376.467959284782 18.7033264040947 134.388779759407 7731.27461382747 1529.77644944191 8126.28005415201 36.5831683576107 48.5289661586285 12.1880419552326 2736.78624582291 14.9063150882721 0.858019113540649 992.256565123796 1.80785173177719 154.766657143831 4928.80190554261 3457.2582270205 274.920548200607 31.7925446927547 136.210622906685 7392.01702111959 15.854921579361 247.054263412952 74.5848242044449 6.959865629673 1.52521380782127 4.41860949993134 413.684888720512 0 26.5682775378227 12.2054555118084 0 0.820001423358917 0 2.20599868893623 1.74039632081985 0.953951120376587 0 565.788412570953 0 1140.83427017927 2.55300265550613 0 0 6.8546125292778 78.2279604375362 44.7231407165527 0 0 7.16809225082397 3.24519151449203 3.70225048065186 278.63993781805 321.225701987743 374.855310499668 2.77841597795486 2.37908226251602 1.30436599254608 125.267347484827 0 0 17.8536384105682 0
13123.7149758339 22.5041542053223 746.730033963919 101.575415462255 288.743773847818 3131.88118469715 9589.6609480083 23139.9995600879 468.760141730309 2283.04527446628 630.643654078245 678.392048537731 71.2325622141361 0 132.873366892338 37.1635094881058 543.699287116528 66.593006759882 189.712730139494 307.197162270546 928.278119713068 112.500225409865 1023.37637069821 1022.88889041543 24.7116468548775 584.018995910883 363.720094561577 2117.99722957611 10116.1662811041 5044.56085503101 9.24051362276077 1570.94871917367 79.2748495340347 2768.49558624625 63.865737259388 1568.2950103879 190.533372312784 1605.83242180943 159.191774576902 1689.32513403893 903.529039174318 40.5135073065758 34.7283380627632 4.80876189470291 34.583416223526 6.65113994479179 8.19612020254135 1.55282402038574 1.33755445480347 10.9721030890942 3.27919429540634 20.6575538218021 7.99754768610001 0 8.31977215409279 207.580093055964 23.0570879280567 90.8710458278656 15.7945666909218 5.49725544452667 12.5606160461903 7.00968769192696 33.8066439032555 2.84622740745544 13.0532595515251 2.50765115022659 1.45929622650146 3.11378154158592 8.1461301445961 18.6950658857822 22.8072191178799 25.9824828505516 270.040340840816 3.74172782897949 12.0609389841557 48.9692548215389 319.260678559542 26.6990630328655 55.5007395148277 0.471284210681915 0 0.660479843616486 9.02773457765579 5.03877300024033
2.95520842075348 7.62315183877945 10.5145093500614 31.6977322399616 2757.23222881556 7819.77448421717 125.940206557512 600.023573130369 1503.04051053524 215.530309051275 2.86276787519455 2298.70013681054 0 132.873366892338 0 2.24422991275787 5.587222635746 0 0.806925892829895 100.403714925051 7.09939050674438 57.0764390230179 25.0279044806957 365.877276837826 4.08312165737152 13.9126564264297 30.3420381247997 121.16028162837 44.1224429905415 16.8015641868114 0 73.3390557765961 0.767414748668671 20.4780640602112 412.04117962718 52.5932910740376 14.0013247728348 15.1589934229851 8.89660882949829 12836.7155891061 96.942529976368 1.19873774051666 3.01346892118454 3.32958114147186 2.87289434671402 11.7130187451839 22.3913818001747 1.2782438993454 0 0 0 1.31210243701935 3.66680577397346 2.66633820533752 1.10415136814117 9.92682152986526 1.16049575805664 47.2202411592007 11.4828028678894 0 13.2484631240368 0 1.32092571258545 2.16677969694138 2.3830700814724 0 0 0 7.08978205919266 0 2.2237343788147 1.1883887052536 25.9678330719471 0 0.611736476421356 5.98162099719048 32.3605645000935 0 0 0 0 0.617647409439087 1.40856778621674 146.447973161936
16.6845960617065 132.006447017193 147.197534531355 4.45653209090233 0 11.4591741263866 287.017763137817 33.3113678395748 147.408126741648 10.2440651059151 15.4601393640041 0 5.35517007112503 37.1635094881058 2.24422991275787 0 211.865552097559 9.25799283385277 37.3625241219997 1.36290830373764 7643.78882548213 4860.87832444906 21622.2448731959 2088.66030070186 8.62431669235229 134.205503880978 8244.28078460693 4340.09146457911 139.9131270051 487.553039371967 0 0.470428138971329 30.013555586338 616.270057022572 70.7163719832897 2178.27847579122 699.888498336077 1016.0409103632 488.167113572359 164.789280325174 9.24277007579803 1.27394449710846 103.629521846771 40.8449875712395 107.349483311176 38.5005709528923 13.8445580005646 0 0 7.8035306930542 16.633381664753 134.365735143423 0 0 2.38923594355583 68.4024437963963 8.05203467607498 45.4458592534065 2.69376224279404 2.14262700080872 2.1048396229744 2.08579343557358 17.3761385083199 1.79005825519562 920.824630826712 32.3609051704407 0 9.02409887313843 0 461.670183092356 312.537557661533 1747.13228800893 216.323221802711 2.33647072315216 33.1816999614239 535.22468444705 391.732959806919 32.2113946974277 174.161154508591 0 0 6.65474072098732 54.0276066064835 21.6221023499966
292.672217488289 432.867945045233 5682.22248980403 2.84893172979355 2.88628086447716 57.3266359567642 283.524442881346 439.622295409441 122.776460945606 17.4480912685394 1078.84376657009 2.2690178155899 58.3404160737991 543.699287116528 5.587222635746 211.865552097559 0 630.413549333811 9252.48605027795 3.81153482198715 3336.49048703909 735.404361188412 11480.8491626084 209.92031955719 64.0581654310226 6350.22296887636 7216.74039718509 479.470758795738 930.922362655401 3993.03711587191 24.6090670228004 14.0075344443321 57.9852004349232 3565.18144220114 48.1971040070057 2081.07450902462 2110.66451260448 3185.91863328218 1003.40876817703 204.515946626663 22.2447374761105 25.409325003624 52.9219365417957 64.1079107522964 85.3772988319397 41.4014947712421 2.15799844264984 0.832082808017731 0.793172061443329 2.62470671534538 121.138802051544 304.534192502499 1.23436480760574 0.943120956420898 0 34.1776618361473 3.73646903038025 12.6144042611122 0 16.1996475458145 0.658239006996155 26.3069255948067 8.68349447846413 0 56.9804989099503 148.095376104116 23.7934586703777 114.85555228591 0 32.966748714447 54.4133193194866 131.608608275652 33.7080687880516 34.8493128716946 488.874691963196 1155.09598240256 46.2654097080231 3.02652037143707 26.5316570103168 4.05138298869133 0.502598345279694 2.3120790719986 31.0565810501575 31.4012857377529
12.320695579052 115.143046408892 142.94862818718 0 5.51068484783173 12.7067140936852 20.8761854767799 40.4468900561333 33.6766846179962 6.53578341007233 6030.97877389193 1.11896958947182 276.22645893693 66.593006759882 0 9.25799283385277 630.413549333811 0 8757.28789514303 2.40138268470764 37.1923837065697 47.2137078940868 144.572393745184 24.3333378732204 551.950434118509 9435.74931779504 1399.24671781063 25.0860456824303 56.0324993729591 76.6774702966213 163.860686272383 11.8994278907776 0.436757177114487 622.601150214672 3.68320173025131 252.154519230127 918.534273028374 1173.76325020194 217.676974385977 11.2711845040321 11.8078892827034 41.5168176591396 2.81309574842453 40.9962878525257 22.175400942564 4.07742494344711 1.05444610118866 0 19.3233997821808 0 15.7906470894814 9.86243408918381 0 0 0 8.16443654894829 0 0.95369416475296 0 120.675896912813 0 258.392225086689 0.841179728507996 0 4.12475591897964 8.74520081281662 83.838884472847 57.6999910771847 0 1.26791745424271 2.09892386198044 1.15803688764572 1.80727455019951 189.23943901062 371.122543901205 330.839991360903 1.02925336360931 1.27524185180664 3.11616134643555 48.7867677807808 0 0 4.08846348524094 2.16284322738647
52.0846690535545 374.125550508499 824.871451675892 2.38437986373901 4.67749261856079 14.9042268097401 52.8992055654526 106.866868972778 65.9819110929966 18.2945410311222 4715.68766123056 2.40074121952057 179.474808722734 189.712730139494 0.806925892829895 37.3625241219997 9252.48605027795 8757.28789514303 0 3.62779855728149 297.010236024857 197.175042361021 849.222090959549 75.3346329629421 447.616301327944 12034.9776976407 5111.53144741058 92.5639346092939 189.430110961199 486.133768796921 111.325463324785 15.1877058744431 11.4999952912331 2101.59737029672 29.0977471768856 1058.5505502224 1837.97022497654 2715.46074843407 715.453981786966 59.2133056521416 29.4850251078606 35.2086083889008 38.9725714921951 68.8730836510658 65.9105070829391 15.5326270759106 0 0.953017115592957 14.104577422142 0.725179851055145 51.5551094710827 54.7733103632927 0 0 0.650809943675995 12.7628239989281 6.01801550388336 2.20461472868919 0 82.8767133653164 0 136.221537560225 3.34773445129395 1.46323764324188 6.81874176859856 45.9497491419315 111.008535474539 173.702851802111 0 9.29993766546249 19.4552366137505 34.0818509757519 5.68726307153702 198.609162122011 732.699149101973 867.275130480528 12.9128806889057 1.2733428478241 10.6744447350502 26.9965808391571 0 1.78437149524689 30.0780129432678 11.4032689332962
38.7807179987431 0.349696159362793 2.13346570730209 25563.5245640576 4.5539938211441 825.236932069063 553.14173540473 376.208863854408 278.1673592031 18522.2699371576 20.2400801479816 20245.4360116422 1.74904823303223 307.197162270546 100.403714925051 1.36290830373764 3.81153482198715 2.40138268470764 3.62779855728149 0 4.99832898378372 3.99060833454132 3.59604698419571 1613.00665825605 1.50503098964691 5.70280873775482 10.5692603290081 4831.37152427435 167.866481423378 20.0621044337749 0 12.9590673744678 5.94739508628845 90.9842295646667 64.1516743600368 133.407230943441 4.19957035779953 116.123244315386 9.5989243388176 255.302788555622 33.492329031229 2.83637642860413 5.03827339410782 0 1.18695342540741 1.70478665828705 1.58948558568954 1.79692602157593 0 6.65779292583466 2.84175854921341 0 85.755158662796 0 2.17904016375542 69.9223548769951 5.00421613454819 49.739781498909 27.1856219768524 0 94.1231808662415 0 4.7665211558342 0.496456146240234 0 0 1.14523124694824 0 12.7192254066467 0.416097909212112 0 0.558636665344238 69.2034918069839 0 3.18424546718597 3.61654025316238 112.857288330793 9.19755882024765 3.03979420661926 1.26292967796326 0 1.16005980968475 4.24858903884888 2.31463181972504
443.849644869566 48.4352840483189 2488.33451220393 7.39702886343002 1.1755782365799 157.290137320757 1594.9654070735 746.772448003292 302.71486005187 69.4295190870762 83.9751692116261 4.52033570408821 9.29582831263542 928.278119713068 7.09939050674438 7643.78882548213 3336.49048703909 37.1923837065697 297.010236024857 4.99832898378372 0 1527.96838986874 35335.7947071791 1015.79097720981 11.6310955286026 896.453719079494 2012.02280622721 15821.3810778558 1249.17854040861 23282.3510230184 1.76724669337273 8.84503629803658 262.647361814976 4715.83047842979 181.218435913324 6266.00137257576 1025.54536515474 3498.48416849971 1174.3527841866 432.02353939414 54.8811085820198 11.4334397315979 93.5739671587944 18.9941262900829 54.8377207815647 26.2210573256016 14.836482167244 0.911011278629303 1.28780424594879 26.3399693071842 10.8479812145233 74.6513873040676 0.974873185157776 0 2.91421914100647 108.469427108765 22.5227053463459 88.7514096498489 4.03382048010826 3.32236498594284 1.13257813453674 6.56397145986557 31.7870557308197 1.34033834934235 437.634071201086 21.4406812489033 3.02014183998108 5.96252781152725 2.35581398010254 539.358334183693 287.634238511324 510.270956635475 393.004493266344 3.9309296309948 32.5703039467335 196.652209103107 649.353720515966 84.7081804573536 340.407254010439 0 0 9.67216458916664 45.3874025046825 50.2052323818207
52.4022060334682 3728.14044645429 736.391466706991 7.53227841854095 6.44773879647255 30.2630250751972 322.102269202471 61.8697656989098 4950.11298561096 29.2049703299999 187.068358361721 27.3651349544525 376.467959284782 112.500225409865 57.0764390230179 4860.87832444906 735.404361188412 47.2137078940868 197.175042361021 3.99060833454132 1527.96838986874 0 3928.91018995643 9438.33753716946 708.506697177887 782.59102332592 10009.5572651625 3089.25839939713 332.73789742589 844.658298134804 22.3864839375019 2.33606120944023 77.5456712543964 624.348743975163 74.0693248510361 1744.80219018459 973.887287259102 1234.1517521441 563.469348400831 327.951189815998 18.2943966984749 72.0659610927105 93.9032709300518 54.5314504206181 98.5629008114338 40.4735729694366 14.4937562942505 2.38404577970505 5.54430890083313 10.5480070114136 90.0428498387337 359.909784376621 0 0 0.512634813785553 70.1082184016705 5.29360604286194 59.4615200459957 5.05130621790886 7.79198464751244 0 24.5085734724998 16.5377162694931 1.22961914539337 632.419908285141 104.039073437452 4.98507314920425 20.0255183577538 3.94162529706955 269.628628998995 277.851768761873 797.241359204054 181.424897313118 12.8529215753078 124.688094049692 956.850816488266 267.793230205774 22.3187479674816 115.270633399487 1.64390981197357 0 1.06483092904091 47.8228949308395 24.4507033824921
548.284835726023 124.702431261539 13437.2531097531 9.27164417505264 4.33292889595032 181.311500042677 1760.08524233103 824.224777489901 201.639135599136 91.2235786020756 258.094575762749 9.11911699175835 18.7033264040947 1023.37637069821 25.0279044806957 21622.2448731959 11480.8491626084 144.572393745184 849.222090959549 3.59604698419571 35335.7947071791 3928.91018995643 0 1020.82555806637 19.1766905486584 4011.61835604906 15148.9564839303 5872.0390766561 1277.69098970294 9256.05818155408 9.63076665997505 7.732123285532 196.864745378494 5845.5313564539 552.263040184975 11655.980276674 4459.53405949473 8099.40703955293 4204.83633694053 1457.83133018017 67.3781829476357 41.5732060372829 229.672012388706 84.6174593865871 254.565690726042 127.679426968098 29.4197719693184 9.44676369428635 0.744123339653015 13.3110387921333 66.4023177623749 640.820340931416 0.533374011516571 1.16799867153168 1.65609115362167 116.102592557669 14.3336371481419 69.0740732848644 2.58956763148308 7.42834520339966 3.42944428324699 7.51556751132011 33.516661554575 5.69848975539207 1806.89272639155 113.649632126093 9.58540323376656 48.9956507980824 0.667103171348572 536.271461516619 470.079216241837 3355.4681225419 278.69214835763 10.8130096793175 145.450241446495 2143.33262044191 523.321335196495 39.6637876033783 230.149432748556 0.67103773355484 0 7.92737799882889 122.472054183483 181.147998034954
416.136110395193 997.498002022505 193.818498879671 3572.34251451492 20.8003366291523 386.326271981001 6291.73912099004 807.632326513529 14342.6087680161 1683.07667559385 80.5240872204304 780.019742369652 134.388779759407 1022.88889041543 365.877276837826 2088.66030070186 209.92031955719 24.3333378732204 75.3346329629421 1613.00665825605 1015.79097720981 9438.33753716946 1020.82555806637 0 283.523314803839 303.907578825951 2419.71319076419 39571.9953106046 1761.3310893774 2597.33996894956 14.2549012601376 16.5449886322021 337.194195389748 715.828025639057 75.4261722266674 2252.5191963613 271.7110465765 1058.92910578847 216.629141151905 883.280509829521 137.289881199598 19.3951337635517 271.376630723476 21.3946696519852 128.681166440248 40.2423406243324 106.278469383717 16.2247183024883 1.75204217433929 93.2147926986217 15.0216881632805 69.7463839650154 212.161176353693 2.15533739328384 87.8327875137329 1281.14311665297 158.404377251863 892.96092107892 286.864557892084 13.7569890022278 244.090818315744 4.91404986381531 198.841523915529 10.0676821172237 171.546826660633 20.9685946404934 2.12015360593796 6.63731241226196 191.194003611803 290.488157361746 315.653912186623 173.988932520151 2218.50731986761 5.04684883356094 50.6692078113556 156.093364804983 2935.15134644508 169.6087872684 377.672193735838 0.387037873268127 2.21529877185822 24.7340764701366 104.448486417532 20.1662739813328
2.76216387748718 2099.79839673638 24.0950396955013 0 1.40580379962921 3.68853631615639 10.5215209722519 5.90761068463326 289.601772248745 3.39090222120285 2632.67449057102 0 7731.27461382747 24.7116468548775 4.08312165737152 8.62431669235229 64.0581654310226 551.950434118509 447.616301327944 1.50503098964691 11.6310955286026 708.506697177887 19.1766905486584 283.523314803839 0 1809.91182875633 6197.34840080142 72.930988997221 20.9810045361519 17.3422663211823 246.253611028194 0 0 211.191748738289 1.71960878372192 116.725494027138 2005.67692363262 843.490307569504 110.223156005144 14.4948856830597 0.460231065750122 1981.12436008453 6.46082681417465 112.365519225597 58.931990981102 8.50419056415558 1.8023265004158 0 148.368499159813 0 39.9662863314152 10.0973137319088 1.40099835395813 0 0 7.51644796133041 0.437828034162521 1.60533586144447 0.829352617263794 319.452792227268 0 619.837414085865 2.73492020368576 0 1.30568015575409 9.80909669399261 153.995977163315 82.8759499490261 0 1.0353881418705 12.4435706138611 8.65931668877602 7.28850734233856 480.79575741291 520.216752618551 491.196426779032 1.7024610042572 1.118532538414 6.35455191135406 84.0984216332436 0 0.708277642726898 16.7170737981796 2.7780424952507
199.661829143763 1767.52893948555 18176.668536067 1.20119595527649 8.11267098784447 83.3529216945171 339.714462637901 396.896881848574 280.355030983686 33.5910609066486 8179.71204021573 9.04975041747093 1529.77644944191 584.018995910883 13.9126564264297 134.205503880978 6350.22296887636 9435.74931779504 12034.9776976407 5.70280873775482 896.453719079494 782.59102332592 4011.61835604906 303.907578825951 1809.91182875633 0 45606.9199142158 433.057248070836 534.755796253681 1254.4118540287 2955.64890339971 32.4028546512127 27.7820259332657 2749.14072960615 69.0795463323593 2804.47456869483 6070.78255224228 5296.59278774261 1579.15952405334 197.949116975069 47.2982173860073 165.746151477098 187.389169991016 384.297368496656 362.711994737387 84.4539721012115 8.81289032101631 4.43682968616486 88.5409564077854 4.79861533641815 321.551861971617 406.690411835909 0 0 0.795849084854126 67.6296634972095 11.983876645565 20.3474398255348 5.59175395965576 581.828143745661 0.876413702964783 1079.09455353022 30.1339081525803 1.66623347997665 69.4967218637466 272.833047091961 593.654580295086 773.759921252728 0.702588677406311 50.2331639826298 74.5216070711613 160.977399766445 46.5214366018772 1025.79750066996 3622.08969432116 4474.23734474182 52.9522520601749 8.00859019160271 60.6479412317276 180.322236061096 0 0 128.924685329199 41.9506895542145
134.281315684319 9479.97734689713 15519.1793742776 10.5686015188694 8.17614248394966 69.1462006866932 679.422867387533 250.597720354795 1592.43676134944 45.1550842523575 3862.23537003994 25.056479036808 8126.28005415201 363.720094561577 30.3420381247997 8244.28078460693 7216.74039718509 1399.24671781063 5111.53144741058 10.5692603290081 2012.02280622721 10009.5572651625 15148.9564839303 2419.71319076419 6197.34840080142 45606.9199142158 0 2589.59223422408 369.311950445175 1064.57767224312 5338.40832474828 18.2516251504421 41.9526766240597 4375.1624366641 263.425526112318 7728.77203959227 10239.0278951228 8799.33777534962 3881.95468169451 915.004439085722 61.0041110217571 220.574437767267 459.722542047501 602.583656847477 735.762544870377 278.45022252202 25.7586408555508 11.0689979195595 80.4805218875408 15.841156899929 926.788964271545 2211.36947819591 0 1.19401347637177 7.06311073899269 196.261555612087 41.037340939045 65.6193404495716 7.7032967209816 574.840671479702 4.454006254673 1045.22272384167 54.5211952030659 1.73009723424911 687.782162308693 978.927196890116 571.22508379817 1075.28777778149 1.63451799750328 256.817637979984 480.665523886681 1925.83457821608 179.196406394243 1018.26774179935 4880.35755732656 10561.3768322766 291.036461174488 19.6725948750973 160.728428721428 163.63894829154 0 4.57529881596565 274.141769111156 141.91688644886
982.855722427368 287.314063042402 914.44411817193 13264.2032119632 17.9377999007702 1446.50930458307 29167.6837900281 1681.56552788615 5338.07966448367 7996.9262675941 76.9995781779289 1319.69070589542 36.5831683576107 2117.99722957611 121.16028162837 4340.09146457911 479.470758795738 25.0860456824303 92.5639346092939 4831.37152427435 15821.3810778558 3089.25839939713 5872.0390766561 39571.9953106046 72.930988997221 433.057248070836 2589.59223422408 0 3257.47468295693 15261.9719694555 3.6604266166687 21.4936516880989 658.581246137619 1708.13866382837 167.040991097689 4869.78355655074 368.89723649621 2362.22539144754 531.489661186934 668.4366568923 228.099041312933 9.47273308038712 330.970581501722 23.3926196396351 149.371703356504 60.5115157365799 101.897412210703 19.612245619297 3.47385108470917 135.176535725594 11.3754941225052 95.0809800028801 170.365780591965 1.5240433216095 76.0313957631588 1476.04473382235 166.389313131571 867.558291316032 284.31979829073 9.76359769701958 180.066112577915 5.77999973297119 275.099851518869 12.9716900885105 297.465377420187 26.7925385832787 1.33281481266022 8.64103761315346 161.018016517162 419.927257657051 398.929579436779 280.080754369497 2662.80542814732 2.80542492866516 33.7130075097084 191.898981124163 3270.80909839272 232.901796489954 626.327481746674 0.653792440891266 0 37.5227091312408 144.715160667896 54.7457733750343
9923.53084087372 20.6991531550884 400.641822755337 126.179422080517 214.851903110743 762.594261944294 3986.29190504551 1818.9108671546 803.891301214695 1124.99942097068 433.373702198267 182.74231788516 48.5289661586285 10116.1662811041 44.1224429905415 139.9131270051 930.922362655401 56.0324993729591 189.430110961199 167.866481423378 1249.17854040861 332.73789742589 1277.69098970294 1761.3310893774 20.9810045361519 534.755796253681 369.311950445175 3257.47468295693 0 11441.1714469194 10.8703590035439 2591.41052532196 11795.2901207805 4430.49445673823 101.710343956947 2793.97616566718 248.56852248311 2633.73423761129 190.275966018438 735.231504410505 1100.60885566473 21.2271350026131 46.7705879211426 7.38015276193619 20.8559492826462 6.08435368537903 9.32410904765129 2.34867566823959 0 26.5801052153111 3.13397771120071 17.9747109115124 5.58633691072464 0 3.90278145670891 201.261992305517 19.9021081626415 106.388458758593 19.5421680212021 3.46110701560974 17.9647654891014 3.95644569396973 39.9228222072124 0 40.7240845859051 1.58328950405121 3.4101454615593 6.6680109500885 4.21822264790535 52.7517596781254 60.683918684721 40.3871879279613 331.373900413513 7.05946099758148 15.3158301413059 47.0026121735573 466.136896371841 33.8266725242138 87.4026458859444 0 0.461139142513275 7.76447406411171 22.7403817772865 22.4494968652725
5309.49528488517 42.6679763495922 1769.95304614305 13.7070143818855 11.9430987238884 288.045827031136 11138.1867085397 2483.42735108733 1085.45246398449 161.02076536417 171.361703664064 28.6244304776192 12.1880419552326 5044.56085503101 16.8015641868114 487.553039371967 3993.03711587191 76.6774702966213 486.133768796921 20.0621044337749 23282.3510230184 844.658298134804 9256.05818155408 2597.33996894956 17.3422663211823 1254.4118540287 1064.57767224312 15261.9719694555 11441.1714469194 0 2.70351558923721 26.1245511174202 717.043456017971 5492.60121893883 123.578901648521 3968.97815978527 348.227110147476 2938.63962164521 734.986792474985 374.126682788134 144.713922411203 3.62733441591263 94.5721770226955 6.57677254080772 53.694329559803 28.0782561302185 16.4547707438469 4.37363159656525 0 28.5745320320129 7.91976851224899 64.51946875453 4.96165323257446 0.709709286689758 10.7647568881512 259.693732142448 30.0332154333591 157.529170751572 16.5006247460842 4.43467885255814 6.43881243467331 2.14565032720566 57.5673664808273 0.652107656002045 135.163406729698 14.5448119044304 3.1150313615799 3.05435362458229 5.87171596288681 198.908862620592 155.089537113905 154.384846657515 532.429350167513 1.65998151898384 35.5735934972763 138.027447760105 782.520580947399 68.8098800182343 198.508438885212 0 0 10.2905243635178 41.9794649779797 28.0607616603374
0.894789338111877 72.1295162439346 27.8462044298649 0 0 3.0894513130188 3.73910182714462 3.8887705206871 18.4208828210831 0 1279.32934093475 0 2736.78624582291 9.24051362276077 0 0 24.6090670228004 163.860686272383 111.325463324785 0 1.76724669337273 22.3864839375019 9.63076665997505 14.2549012601376 246.253611028194 2955.64890339971 5338.40832474828 3.6604266166687 10.8703590035439 2.70351558923721 0 5.31296241283417 0 79.1397612988949 0 42.3795319795609 284.556304246187 263.153715610504 37.4048793911934 2.24852937459946 2.63039809465408 40.0403260588646 3.58336919546127 27.7631130516529 11.2060234546661 3.66972833871841 0 0 34.5342755913734 0 5.59467315673828 1.37568309903145 0 0 0 3.3611221909523 1.33704030513763 0 0 96.859858751297 0 188.221689343452 0 0 0 2.06273049116135 18.6853470802307 16.5215774476528 0 0 2.26268151402473 0.55834972858429 1.2200653553009 89.7140509486198 102.937722712755 96.5351843237877 0 0 0.87357372045517 28.8535024523735 0 0 4.18590253591537 0
