0 147.658537260136 101.71651247353 97.7765345501638 77.5630780281292 73.1886872399336 33.3078888570152 47.9864435905733 76.2855679655914 83.477532188194 107.258910908926 100.12297432951 111.793392763517 25.3311900699842 93.427950759981 104.158942420428 108.44561421771 135.892900561594 127.235961719479 85.633919567699 85.5902222243574 96.7150335692481 96.7044302484926 82.3729119776254 110.777615188566 124.025224540574 130.76881360688 80.6331739684186 25.3200290881961 39.2646047677648 171.116302490234 87.6447882338917 48.1527244302994 66.4269272457687 119.223017522559 75.0017958809698 96.9508397734022 72.0178255020662 89.3513281228144 62.7528090035596 59.9814925904563 94.2974058307088 154.505641261863 182.52815296608 182.86704601244 168.063810015431 167.07638807826 0 0 145.892789083775 0 163.485954319611 165.369277954102 0 152.514190673828 149.44977858805 155.040225006988 98.154731094984 160.363843965318 211.960399459139 182.317745090773 136.640777587891 158.191282479643 0 149.03010495117 174.392917315675 0 203.408632667178 0 156.886163040948 96.3098322447374 160.989150581619 136.407253000079 134.819198608398 193.90318070482 178.603152674126 147.978412795607 162.943570669273 150.205385878532 0 0 141.003280639648 163.409481634198 179.384441162542
147.658537260136 0 53.5581445256841 0 125.415061950684 124.21712127851 118.131426465169 135.889349242747 73.2300886826669 163.254978189113 60.6725231684533 105.902933721498 45.2798086228238 137.740458428845 109.407586473239 61.5877376365651 60.6598522578819 67.2461038216973 60.0147568488754 156.422744750977 106.594412908605 26.4488862360771 86.2163993615359 81.5793840692697 27.0387880883036 50.7179489524504 35.2514146695803 101.007364303383 123.901276133208 108.918157769518 67.8832195408744 105.418773495712 95.7215013316663 60.8487913392648 117.699395839897 80.2246409158647 41.0073291234341 62.4190118627678 69.6810300240354 99.6603335828259 95.6544363844334 42.8762931986774 89.5236670200792 66.0932475312388 83.10451617387 88.3795001395081 198.063041544667 0 57.8607466347292 148.484661393507 28.4418014259033 75.6489798459455 181.501040227664 0 183.843412220199 144.541084899016 186.241279279444 136.137648905144 173.701797485352 99.9276285111552 164.941284179688 71.2628887536772 166.186731537496 0 83.9423306293389 77.8296653826322 102.474578097074 78.8488452440463 166.469085693359 118.825628828493 53.1167039137225 97.0341622863255 115.943173576115 57.8753456000302 75.8875774031409 66.283697561259 138.956891546682 136.863419237024 129.38545362576 104.587704897138 0 0 74.9131058908023 143.520671296808
101.71651247353 53.5581445256841 0 139.93519583002 116.350761602589 122.736154510392 93.0783107259879 120.361732919177 95.2979254730389 117.476822289377 90.0940981074486 138.212273758812 99.8231914431904 113.351516544871 127.495499089751 81.9124937975186 49.617237687505 89.4109539769636 66.3113306495787 153.160205211271 63.3155988354583 56.0070450038589 35.7966240084413 105.354004695329 95.228425898324 37.4851894534611 36.1264609876288 87.2698680129111 106.277061425013 79.5351798782179 100.306581482377 129.75681364566 99.8339872233258 62.776450781428 133.644454238066 74.6136984435884 45.9989165661323 62.5995218739886 64.4147448556363 84.2370183908805 117.010115298816 82.4645265034307 130.082055022746 104.418642511949 112.153340936225 123.621699384214 145.994625982872 161.476795492273 93.7788772583008 145.538250727357 69.4603690701205 100.874559900533 0 0 179.152305677508 171.457507408639 196.978783822522 131.68759138275 166.876225679178 147.948270129014 232.15380859375 142.740067966804 172.287808384936 104.258613586426 115.679662466168 109.132931810423 145.098063486571 124.143911923657 181.759475708008 142.416895266406 79.302134419243 118.68757694184 143.349386824427 105.818895104358 112.339469487957 101.379441143371 157.151154330383 155.563912584788 150.369006500376 183.462673224627 206.64533996582 170.029171990848 111.075127226108 149.821982521092
97.7765345501638 0 139.93519583002 0 108.170584390407 70.6911188309989 51.7287996428895 98.4549034716804 69.1911743809097 20.9135364144377 143.630167892264 44.7955265740312 165.573272705078 110.746051141868 75.0844775743437 125.198091831672 179.677132733661 0 179.250424577163 14.0914126316774 116.072908132504 103.763079421173 124.33801795567 30.5443146364332 0 131.946350097656 166.507319091475 22.7138169245009 109.193229948513 114.163364749738 0 158.712641461694 100.281786121907 109.972281067553 98.1316650913293 102.32336340664 113.834948564416 104.943161671159 115.984671894612 85.0598259955634 102.715020198296 150.69482421875 157.608299878388 0 172.705622857223 147.348358154297 114.782403176749 165.899337768555 0 164.682610664352 0 228.706428117161 82.5034601369479 0 156.047593024541 146.50963833922 171.807980968651 91.410898955433 152.770403237429 215.682312011719 59.1363765789038 0 192.490521969091 128.479225604049 0 224.376718894484 0 0 131.835803663775 182.737934227281 136.966848702183 0 121.412690435114 0 194.794631958008 208.609969076272 146.871471529124 168.822659955832 175.406373279986 0 0 0 162.530342182555 205.205169677734
77.5630780281292 125.415061950684 116.350761602589 108.170584390407 0 12.6838024867796 110.545931801325 23.0400642955932 55.0625265280114 114.690828725181 61.3616484317237 67.9118305674828 69.8517683807595 34.9216282853875 19.2674559124495 0 150.320502120007 86.1626344309401 79.4378765509475 98.6511825043065 148.542174173866 112.612500244079 140.765896147883 88.1171588545236 77.3431167602539 106.118161217861 115.78834937009 121.570902829551 27.5815634875504 124.095196332909 0 11.0361468481175 0 16.9413043606509 47.3184242819017 71.9428919328886 68.6799673286102 40.590718844668 48.69293075515 10.5074854344534 9.09449081190161 64.2523515412881 61.6636110478238 143.269050142068 0 73.3623662594197 40.1211444357691 0 0 0 0 0 0 28.3778719453683 0 179.852233886719 229.005645751953 0 150.741928100586 0 0 0 0 42.6826858520508 0 0 0 0 210.35417175293 0 0 0 170.575890772313 0 0 129.450762133607 168.93083190918 0 0 0 0 0 183.812866210938 74.2093319312314
73.1886872399336 124.21712127851 122.736154510392 70.6911188309989 12.6838024867796 0 51.7080531857366 25.1380098677561 58.9913462980002 30.6121430874463 80.7659389734832 28.3275907063992 81.1349236068677 39.3629916847575 15.6176000935942 123.856139391738 131.817459525656 117.628682752785 140.05688544904 46.2652442692923 108.686523322783 116.981529224158 118.405836506421 82.4639861440393 142.404624307792 141.213877568975 140.438052166109 69.8471081340649 47.296353030202 89.0684891470848 128.219309987784 17.3874333467999 104.861568200354 33.7910059501377 24.7242728516099 81.2818625445779 107.114263683833 54.0627438717355 85.5989597511523 17.0750194923042 19.5212596130065 79.2080655971871 170.154058552737 117.26261138916 181.543681526756 0 117.575697748061 0 0 190.546808305179 0 190.808676794496 163.498240987316 0 149.926806898659 153.894847111278 179.883648818989 104.526598552267 158.581231245331 0 116.3201299448 179.571975708008 170.532028455295 96.5972438550786 188.161493286601 218.872024536133 241.762847900391 0 146.724408342953 180.354034423828 130.653003022443 180.304464703811 135.987036784166 199.804351806641 209.043134825685 190.04302142941 154.187453965781 189.412979318157 165.304443073739 211.103469848633 0 0 172.036881856705 150.86874162327
33.3078888570152 118.131426465169 93.0783107259879 51.7287996428895 110.545931801325 51.7080531857366 0 58.4582568245005 63.5443852255041 29.8044955684918 130.620369477064 52.1402417026384 145.454507238446 51.3932381003227 75.7807006327196 81.158199625115 113.335505380516 161.105582307254 134.950914374121 41.9707008283719 72.7791137165485 83.5342992136617 84.4139913851678 53.8079597305996 154.892534535952 123.470422028694 108.115779972086 38.141644565744 76.7529027138577 27.8027675765532 182.797010228806 125.104803674225 76.3536511644914 84.859240183602 115.540409637225 81.3372151563738 102.255379906577 83.0755365882544 95.2093612049507 79.7318368211102 86.7323747915713 126.992193570438 148.185997902993 169.926148635654 155.140049161792 162.517250697514 130.714379136663 155.016625776704 0 137.482397110654 156.558759480031 166.14906024083 142.954620016907 171.071701049805 143.2758908917 132.133081081535 150.607460412391 81.9619700908867 144.695051402129 198.457656860352 125.709967428505 153.182134511443 158.070945453793 135.811110972666 141.928212388425 175.452862934811 0 205.389587886549 129.83834209518 145.85333026657 107.145827484671 161.661947935808 116.106561145625 205.151998044542 196.06846699009 161.749342705106 132.602686814288 158.517701222842 136.811034051894 243.624740600586 0 139.273552788421 148.746135829459 163.826041797932
47.9864435905733 135.889349242747 120.361732919177 98.4549034716804 23.0400642955932 25.1380098677561 58.4582568245005 0 88.824374531428 51.7036439610574 81.4698675975303 71.1074067751587 103.987031917224 22.8626306168546 40.7060422693413 125.471164270497 128.623342783783 122.938590326088 133.554632821689 75.6107328467738 105.733268022227 116.239135371063 114.639352091059 92.5953859281452 101.175408976763 139.455613677121 138.806825668531 93.5706459544558 53.7120884114213 77.0294695519706 161.293320370153 17.8507953079849 91.8485055614845 45.0734356134041 109.767245442677 80.8718969535323 104.297843591257 62.1785619495858 105.754299191814 30.0237671912253 23.8311453081671 65.184217656457 163.042579656607 187.483228845188 193.760701325844 161.342533288581 165.159168387036 135.503275523164 0 155.713684040367 166.932318047273 186.194439378103 169.471602883564 0 178.938607778465 158.781042109792 169.522504195013 115.036849277127 162.727534485371 241.295455932617 139.204332023702 0 176.765132406705 111.568939208984 162.930811246859 202.048411473251 0 217.920565124735 142.616881388538 171.693389206017 172.698582125257 186.315665096649 139.404517168551 187.148977024784 217.791031028703 182.896599893505 156.768617232974 179.088780414247 163.180443004557 0 0 148.235852417441 185.398751748246 221.883523719314
76.2855679655914 73.2300886826669 95.2979254730389 69.1911743809097 55.0625265280114 58.9913462980002 63.5443852255041 88.824374531428 0 76.3687290924914 132.8170451717 24.2480273888488 118.919019897934 92.2399263590102 21.2662566074798 59.9173193570096 121.558670620423 143.049563058023 132.544798790929 64.8363826363323 66.0686760051621 28.7780779745951 85.494281360789 27.08246174101 101.784105329323 123.866085863121 99.0330813730078 57.0729646719198 78.2737864382398 63.9826774840605 139.893063844703 106.237734055409 67.6655352212556 91.0999055829264 133.700098887866 71.1284397056314 97.2394703252855 93.9162589084474 94.7427438948615 22.9347882015813 89.7244142716664 117.828299630442 97.9877213388691 154.828614819795 108.536965619976 111.127187870862 50.7273369365946 104.526960189524 129.814430631669 93.1771628729856 112.672053357187 145.471637533038 92.7447842073606 135.18864440918 94.0010465134615 89.2871779980388 116.282308811442 28.1434198830917 97.8086576735728 163.819599080017 69.8090513141438 173.18957072815 114.451859202796 65.7594389539831 98.0617761835759 157.986612060284 176.252578735352 170.527908748037 79.087737781324 94.5139853186785 27.1809106947442 113.025627114106 64.6958862672337 144.475955975583 165.264502045887 140.893598870491 89.3272417639366 110.585205938779 89.75452751796 0 0 101.430665652505 117.355175093445 168.188228780281
83.477532188194 163.254978189113 117.476822289377 20.9135364144377 114.690828725181 30.6121430874463 29.8044955684918 51.7036439610574 76.3687290924914 0 139.592707851085 32.0556733503004 160.912458070622 83.7606418998176 71.7651450586837 112.1146181129 154.909924670029 174.985140278365 166.618711291186 19.0698247896428 104.677658974795 113.446967001159 111.32638421939 57.652044599408 163.655813114707 167.781133334517 147.102282453476 32.7790333062075 103.384383605596 103.285707390794 0 131.699044369806 103.444401554345 105.567894810274 29.9006382793682 101.159464575312 124.740531366183 98.9634155942421 109.011830823113 76.7524528802286 99.3120635038192 136.044358973804 165.69098049298 169.066452026367 179.961841833536 172.246199786487 119.322675501017 174.50898120715 0 159.359203290757 0 175.724304199219 155.503302864309 191.331522553721 170.166161235666 150.145504229216 171.748630214546 96.4623066580344 160.789501907229 226.329513549805 118.613843885489 204.198801593841 188.3696341885 0 164.228814860584 212.424015549268 232.715743790274 0 150.399793179083 162.356864572414 130.360624381583 180.075843200292 131.564712912402 158.690780639648 227.950724648834 198.884153430384 150.846695939242 173.626855546599 149.115766210738 0 0 0 173.228064968282 188.325209638893
107.258910908926 60.6725231684533 90.0940981074486 143.630167892264 61.3616484317237 80.7659389734832 130.620369477064 81.4698675975303 132.8170451717 139.592707851085 0 130.807650841462 20.8199338957199 77.2564670283695 147.706842999722 125.345180093618 58.5968223190055 25.9026599092051 33.0687191261226 126.626361614108 109.795021675561 94.655076845239 98.581558675394 148.355825635337 32.9760882129495 38.2582611069982 59.6741187070555 152.584613186363 79.6997141732348 116.374435641539 37.1178756128745 63.9257630508312 77.1885217709003 25.0952359444237 143.347996111414 89.0921552327155 29.2454865419856 31.1727016739436 58.7252299051158 83.5774024309973 63.8505730218097 17.3412599247858 162.035899050042 65.8065830744886 111.861863495693 138.994860529875 118.034278869629 0 53.2347143164348 218.228332519531 102.25344332176 154.79182749528 0 0 0 201.999883415658 161.156908578708 167.587160484603 0 80.0694520336968 0 74.1956478432035 159.756596687486 0 0 152.084053744458 107.239361322908 116.809495818772 0 181.728839494713 130.654607223826 167.972793160902 194.337702332376 68.9725797779102 111.864919724666 116.058935223813 205.761317725243 215.276901245117 197.740967567235 77.2282645264856 0 0 121.592095768503 137.048507916679
100.12297432951 105.902933721498 138.212273758812 44.7955265740312 67.9118305674828 28.3275907063992 52.1402417026384 71.1074067751587 24.2480273888488 32.0556733503004 130.807650841462 0 153.761199496519 94.1041571562843 23.4784049347699 0 138.84596949947 198.592156140292 185.494602118411 15.6209414423898 123.965007978067 80.7560193815672 139.637282416246 35.2496313000567 0 162.639792058967 150.680525558675 57.8457902422298 102.89722738895 112.750699784555 0 122.489215205384 108.491275653359 102.796325853983 19.2470774788237 81.2220588961532 139.616441354286 100.715928491313 99.5474217920869 26.7390754668 92.9779134031905 104.682761193099 38.3061890140209 0 173.124847412109 0 64.444019249857 86.7351226806641 0 149.169825143975 149.689071482709 0 27.4001173482995 83.0208511352539 82.7241170673501 131.687131085886 153.659486477953 61.4135311103282 63.3150468529102 174.294525146484 17.8623682717621 0 182.841182801895 66.9820677038696 0 0 0 0 19.9439888143984 193.841705322266 210.250183105469 0 98.3479988566293 0 0 184.245248799325 91.6396905532998 157.432306332165 156.407174440835 0 0 0 178.707220965686 191.426208496094
111.793392763517 45.2798086228238 99.8231914431904 165.573272705078 69.8517683807595 81.1349236068677 145.454507238446 103.987031917224 118.919019897934 160.912458070622 20.8199338957199 153.761199496519 0 93.5804510755393 0 133.911157002941 97.3561070822441 52.4352700500366 67.2207397372467 144.64684428698 134.794614148166 80.5677642198581 126.807249438333 129.417519120638 18.988885255961 41.4061706835473 30.5932206914701 150.253481817746 105.242110316391 148.52354882622 16.4586167698484 82.7706741460857 128.734643676229 35.7193287224055 140.302755035297 60.6506630458539 25.3546704792585 30.2836253627736 33.9602187729573 77.4572878573131 24.1226538690453 14.8836000584076 149.592888035587 51.9338684916424 76.5930150874185 95.6007230071765 193.59591268567 31.0818391722968 41.6205296112421 0 87.8621761172864 132.936473694203 0 65.5041046142578 0 220.695740818108 215.012670271534 165.675486036398 0 66.8165339622192 0 58.112897531414 145.70498978281 0 0 133.521622537523 95.0932710448451 110.999571299474 0 0 130.911558626019 160.263177156519 199.305915250298 54.8949607569119 97.0706106261991 91.1716148949499 201.608665860633 121.258192258052 156.756743853474 69.4163670684865 0 0 103.239747525896 0
25.3311900699842 137.740458428845 113.351516544871 110.746051141868 34.9216282853875 39.3629916847575 51.3932381003227 22.8626306168546 92.2399263590102 83.7606418998176 77.2564670283695 94.1041571562843 93.5804510755393 0 48.6386184904318 114.473360159551 123.861701064923 119.101791884998 121.890832925323 90.4683464236832 100.638352152098 111.218657608283 110.122430875175 95.3074403833731 107.351921862652 128.91888423793 132.425361147366 96.4789817595295 36.7172841968661 68.365751563281 118.98385152048 22.6181684644706 75.9883700582666 45.8630234179381 121.871216136285 76.6423110806751 99.3868686428152 57.8612857847638 94.0157355431993 42.4234297366719 36.9842342263289 70.9228906557377 175.69436227161 204.840259776097 178.369302223216 191.031818210332 169.004122235531 201.365045666086 115.209480285645 163.171930331865 140.216564732919 192.850388760739 184.0473035303 0 186.064929553174 161.727398428254 180.646788760201 108.182416299258 180.350127730144 168.837165616703 166.564568276889 160.463980283035 178.039270301694 168.346084635584 168.630437066877 190.519060171718 245.516845703125 163.401490013921 166.305699078799 163.188985053189 126.776189674015 184.942677875241 146.956063883862 154.401422320053 181.531005684104 178.819822637898 158.281606514567 183.167653896335 167.10348603334 209.208648681641 0 167.182159423828 154.941879552385 162.629419552585
93.427950759981 109.407586473239 127.495499089751 75.0844775743437 19.2674559124495 15.6176000935942 75.7807006327196 40.7060422693413 21.2662566074798 71.7651450586837 147.706842999722 23.4784049347699 0 48.6386184904318 0 107.107240896125 146.107765422839 0 156.408111572266 57.472439393123 116.826450424383 80.9687935236986 107.859431300622 44.6604564172301 140.985394592258 147.463876713711 128.114590620068 88.1190229790833 74.2725032060893 103.815411094091 0 41.2993340814787 102.074775695801 66.0216233634483 47.7386119968832 57.7014999864864 93.6263016117607 91.1337074678012 115.730168080088 10.4159384957983 28.5850478389879 61.4943237304688 84.4311011106397 68.4473948637668 123.68105375987 53.7193045232601 53.4685753221615 62.4007186889648 0 0 0 105.48966217041 131.240658093653 32.9291122594515 150.938629150391 122.395168488377 177.032663189557 55.0430595808649 117.88953273045 0 87.2245632576127 0 176.157791137695 49.8306865753246 152.512030378571 0 0 0 118.850310507242 0 93.7589492797852 185.178848266602 87.6134165985579 0 132.041244506836 163.081679863004 124.138869960564 0 0 0 0 118.121520996094 162.592116946408 74.1339536225572
104.158942420428 61.5877376365651 81.9124937975186 125.198091831672 0 123.856139391738 81.158199625115 125.471164270497 59.9173193570096 112.1146181129 125.345180093618 0 133.911157002941 114.473360159551 107.107240896125 0 94.6331023198529 144.105186136412 126.244306423235 95.9697787336891 24.3814901056251 36.3582194967007 21.244094472243 37.6660570785312 105.83333448187 104.943617025193 27.1326327711373 40.6843762881882 94.8865009859604 76.6033417052035 0 167.8603515625 75.7782847516404 67.0626886449023 133.450523572764 70.1433427287259 51.8387058215986 75.046004285521 73.848242281731 84.0404574472279 80.5405532510078 107.475044250488 121.180764379538 93.1341054656078 115.055424707806 117.146939839569 124.020161602223 0 0 127.128711846436 94.0109602988489 107.500245065905 0 0 177.040103265979 143.134020709695 144.879349894976 92.9780795862922 165.588552056965 171.988466618826 129.076097979947 147.303472650933 150.1891622721 121.148223876953 92.317807025955 132.761885739109 0 148.108387644378 0 113.735359434189 61.5348411604925 101.417069581021 112.582694576119 113.982381785193 145.759013524538 100.983688504223 120.728464508255 129.21710626365 117.800866738967 0 0 139.292499923341 107.715989778767 159.722823511921
108.44561421771 60.6598522578819 49.617237687505 179.677132733661 150.320502120007 131.817459525656 113.335505380516 128.623342783783 121.558670620423 154.909924670029 58.5968223190055 138.84596949947 97.3561070822441 123.861701064923 146.107765422839 94.6331023198529 0 57.8911065868139 23.6167578499173 168.870960053912 57.138382015727 72.9756383070075 38.1250207022246 123.643389542047 68.722556975266 42.9779883958763 71.7720165937205 114.189493185258 104.366490930969 72.8103790285826 96.8044176424189 112.124655950871 94.69381042412 41.4929073947041 135.773597978695 77.4625497978443 48.6828344583847 53.1753685764733 62.0723344621786 91.0266689868157 111.314987249209 83.827799151082 142.38627445525 112.584927117179 128.574129822766 127.378078730091 166.81260962126 118.491302490234 95.1101684570312 171.191522995471 82.3182271227345 115.90510868906 185.931180464394 101.949111938477 0 189.855489805933 185.083240455024 144.80034751919 0 128.442463978587 143.718231201172 129.934134221341 187.053260418367 0 140.683527268272 122.516576000423 147.524386064333 123.466480729544 0 161.555912421411 93.5737232969639 138.78887587874 168.303818463782 94.6328492978079 114.593013969667 114.739077274866 177.081800037979 190.581281949924 174.076127535629 141.47802365817 247.922882080078 185.977867858594 125.109480362587 157.704047293936
135.892900561594 67.2461038216973 89.4109539769636 0 86.1626344309401 117.628682752785 161.105582307254 122.938590326088 143.049563058023 174.985140278365 25.9026599092051 198.592156140292 52.4352700500366 119.101791884998 0 144.105186136412 57.8911065868139 0 18.9523079990545 147.344120870315 115.850414323061 100.437321930994 103.787684001593 154.671563396583 46.2104948188039 26.2202725763365 65.4426631406716 162.424030319231 127.124382260876 122.590096624781 54.5303304522932 97.6926018645617 121.657989501953 57.1779660437211 150.069400520124 92.3209722410772 51.4135552409895 57.7798650466879 69.7259748497784 119.684951368049 84.559565410961 53.5691099902092 141.969524207148 80.5125916364542 113.608784923236 140.492917660777 217.317230224609 0 80.9923832607891 0 102.411081091173 151.654515809536 0 0 0 205.577073789728 0 232.122924804688 0 91.0681865319659 0 84.3027223064431 201.935015706346 0 185.630666643103 151.920707465651 107.863310145922 114.474192383758 0 226.584161399117 120.089036347751 155.938769628321 202.262566142043 70.8257059582645 107.038907824583 111.271068243027 234.24787902832 150.334503173828 194.734813533782 105.14367795302 0 0 103.705820855762 178.722716253599
127.235961719479 60.0147568488754 66.3113306495787 179.250424577163 79.4378765509475 140.05688544904 134.950914374121 133.554632821689 132.544798790929 166.618711291186 33.0687191261226 185.494602118411 67.2207397372467 121.890832925323 156.408111572266 126.244306423235 23.6167578499173 18.9523079990545 0 154.867076264976 89.8293394197082 91.5661138781326 73.272424820249 143.151994570292 49.730652269442 36.9279025868662 66.9942268747553 139.512283029797 113.850891730447 96.6864362843574 68.7659491337367 94.9585842872974 116.685595025702 43.4669694755104 135.281821211871 81.3422912650572 49.528545042003 51.7701313139134 60.6502619395809 100.111285896298 77.5173480620665 60.9380902548567 148.615140908321 110.196807724367 123.277567851959 130.370311098593 0 108.776069641113 75.5307790124966 191.20426940918 86.5137696635668 130.814137916653 0 0 201.808547973633 185.545577971459 207.49078973432 142.484562042984 0 106.207021156738 0 94.1945129267405 207.870482154064 172.493316650391 172.65329203151 129.049704722419 108.733735969367 114.236242966014 0 178.982560661195 128.89955618086 156.443847890278 191.773536335198 72.4553774790099 108.192464900547 112.018850348868 194.956625203735 210.402984619141 182.658914136845 113.088420912161 0 200.301556289302 120.139994539596 160.459940832035
85.633919567699 156.422744750977 153.160205211271 14.0914126316774 98.6511825043065 46.2652442692923 41.9707008283719 75.6107328467738 64.8363826363323 19.0698247896428 126.626361614108 15.6209414423898 144.64684428698 90.4683464236832 57.472439393123 95.9697787336891 168.870960053912 147.344120870315 154.867076264976 0 160.890795032809 124.828915689103 120.969107807213 30.2725723115904 147.093322753906 174.21158914104 157.217978262943 32.6856368314054 98.3129524292957 116.831640807351 0 119.328850642431 82.9233250108777 100.494251372391 35.1230448109054 91.4612445811906 119.240064848497 92.6523425639879 103.73203306205 61.6743142493797 93.3630137272128 104.489176314238 168.422255543625 0 151.867553710938 135.883087158203 86.2369298182561 210.938888549805 0 134.264595064583 148.848953078945 0 39.4067477598533 0 158.720731733388 134.660639893253 148.694715897259 95.3050104330719 156.243291276545 0 37.6938597814484 0 155.133047182954 139.856689453125 0 0 237.749755859375 0 140.659854613765 190.317199707031 0 202.997161865234 118.729587320069 0 186.183815914139 183.971346331766 141.716499935393 172.016217229976 172.583794562494 233.199432373047 0 215.313262939453 160.453981471948 181.633070724438
85.5902222243574 106.594412908605 63.3155988354583 116.072908132504 148.542174173866 108.686523322783 72.7791137165485 105.733268022227 66.0686760051621 104.677658974795 109.795021675561 123.965007978067 134.794614148166 100.638352152098 116.826450424383 24.3814901056251 57.138382015727 115.850414323061 89.8293394197082 160.890795032809 0 59.5794836140679 33.7596809320607 51.7437680896321 129.27314521674 92.4495371214436 74.6204089359503 28.7881809917549 84.0631296619409 34.2072841333419 164.216944334878 145.521361452731 71.9478833213352 44.6457059997503 132.362989382843 70.3281475664361 59.9032067982862 68.1516897706091 71.6895424279834 85.1429524996258 101.805775782338 101.392013824062 132.065164188939 128.984895842366 140.251310125264 141.322525092499 140.46580282382 205.42253112793 154.245777702443 132.62798420093 145.576528438574 140.981478410788 163.633972167969 0 174.596971322944 143.046924331734 161.893175798719 99.8571841106765 165.040813834919 196.23283920441 128.515991210938 175.608378617133 157.886847244318 101.588905334473 112.250880244502 156.74908762226 183.620443332265 165.708015339277 225.841299949527 123.366292035845 78.850111163467 124.787219475352 119.353589971618 137.186478797086 170.627927819389 137.688639162617 130.235234989406 137.702775489232 126.05123865645 0 0 125.045682125312 124.805359994721 160.28401048423
96.7150335692481 26.4488862360771 56.0070450038589 103.763079421173 112.612500244079 116.981529224158 83.5342992136617 116.239135371063 28.7780779745951 113.446967001159 94.655076845239 80.7560193815672 80.5677642198581 111.218657608283 80.9687935236986 36.3582194967007 72.9756383070075 100.437321930994 91.5661138781326 124.828915689103 59.5794836140679 0 55.0816385753464 37.4770195382681 63.003589594606 80.2403739651567 42.2000649791548 61.2108596380581 78.1362768074732 64.103399502831 103.459959637741 180.648239238207 59.9359982500612 57.7796985891201 128.06455252021 61.892690407142 45.4153739303374 63.3487691953193 62.6531678084442 72.9947558686765 105.437547245437 81.6580715177429 100.588334057768 85.509808149771 92.3787135100036 94.3796258623814 101.943370694898 90.6228853770326 100.529637584505 95.9985865687195 34.332754206983 79.9586619371594 0 0 116.312606811523 128.337684402503 137.251130773173 72.8255806638483 144.334621059596 130.33493026418 0 110.818027203611 138.611381796273 74.997444152832 61.1226919002236 95.3873505727494 143.292064527039 124.477597190129 103.336217722803 81.5898824819673 30.0309476552289 74.0678096477641 85.1118664556623 113.387064795778 110.492230654881 75.4644534418296 98.0434328737739 110.346983381512 82.9415145378192 164.757297080517 0 130.381946576482 93.3359997509803 149.234910451695
96.7044302484926 86.2163993615359 35.7966240084413 124.33801795567 140.765896147883 118.405836506421 84.4139913851678 114.639352091059 85.494281360789 111.32638421939 98.581558675394 139.637282416246 126.807249438333 110.122430875175 107.859431300622 21.244094472243 38.1250207022246 103.787684001593 73.272424820249 120.969107807213 33.7596809320607 55.0816385753464 0 76.3585171447872 114.781525216714 68.3609922921982 41.4226602291384 62.6606730413641 96.6945506748383 58.2380051713979 126.825601296895 139.32714999586 81.3036721773918 54.0401388008677 131.850693999488 71.4718051366532 51.4410208604949 67.2568806012438 68.9614799387998 82.7095602387452 96.9082228264515 103.265035948783 127.936205865082 120.915325594109 124.359764937803 129.060219621022 132.948982154089 140.35660976524 139.583023071289 156.702072455541 98.1390456094291 112.590324537211 204.044479370117 122.885902404785 189.871154302028 156.873308011256 173.012512114743 109.517699052762 188.448614724164 174.160516843717 207.02793596309 153.070769911144 165.098184673372 137.399746654747 105.95446081483 132.830358779331 186.76897525855 149.14267109741 143.377487182617 126.165883152182 77.2594841805629 113.89328415922 126.970231229337 123.391881147642 145.11266227247 107.902295617764 140.239252860077 159.242072586517 133.135219071334 144.152008056641 0 130.958830020796 122.534937386751 158.218154069671
82.3729119776254 81.5793840692697 105.354004695329 30.5443146364332 88.1171588545236 82.4639861440393 53.8079597305996 92.5953859281452 27.08246174101 57.652044599408 148.355825635337 35.2496313000567 129.417519120638 95.3074403833731 44.6604564172301 37.6660570785312 123.643389542047 154.671563396583 143.151994570292 30.2725723115904 51.7437680896321 37.4770195382681 76.3585171447872 0 111.53607056516 132.333426786403 96.2571171020694 25.1718442777409 85.5963069676697 68.6020313392945 152.207860930937 136.592666208961 74.9723623935882 81.6811330446507 140.672075260615 79.4901839305914 96.0405566535861 90.2504020638536 93.5184751548192 56.2491063112439 98.4066114260528 135.980231253233 125.919461591032 158.338002693102 135.758929855905 136.00435695627 102.045431626162 146.755583263968 177.846117367293 122.698795808273 128.175624419025 146.290542533606 121.295724236814 141.699476019385 126.418921090597 114.514961848451 133.664719379156 60.9979477090857 120.093339202085 192.94753883423 101.476694877073 185.891330407187 143.436709348787 108.585153348772 102.501903381702 169.422601961036 196.85467031605 183.146333457497 108.112093414392 116.711332732443 68.7794543105713 131.081768417153 91.0996866851274 161.518842402252 178.144769115702 148.725873407968 109.622396533242 138.755936059988 117.614673399176 214.398620605469 186.229460240873 120.501756620411 130.8711478061 166.081647484294
110.777615188566 27.0387880883036 95.228425898324 0 77.3431167602539 142.404624307792 154.892534535952 101.175408976763 101.784105329323 163.655813114707 32.9760882129495 0 18.988885255961 107.351921862652 140.985394592258 105.83333448187 68.722556975266 46.2104948188039 49.730652269442 147.093322753906 129.27314521674 63.003589594606 114.781525216714 111.53607056516 0 44.8038244240058 26.7696632472702 136.151775914818 107.931868680847 134.765256581643 47.5817239550127 0 0 55.4483489185621 125.079818725586 79.6606338684588 21.919780533548 42.9206754228423 58.3384750219933 117.632687808939 131.148880004883 18.160875766463 120.357190326714 52.9685807166444 78.2189492194097 104.362343454338 138.994263942926 0 35.1427449851059 0 63.7511462192097 101.51558484089 202.158645629883 0 0 171.252104608996 223.330657958984 134.020094504259 198.507202148438 58.9639139151921 0 45.3363287521718 141.56468425123 0 110.7371664065 122.420339725368 74.2041876356361 87.3112682327921 0 154.356072318755 98.1621938700756 132.488143929351 153.888648795881 27.1998052454447 75.3943377659239 78.6426578895036 177.368490800517 92.5348587036133 161.513735587835 72.5541136843032 0 140.10139465332 98.6167082934492 180.086396122124
124.025224540574 50.7179489524504 37.4851894534611 131.946350097656 106.118161217861 141.213877568975 123.470422028694 139.455613677121 123.866085863121 167.781133334517 38.2582611069982 162.639792058967 41.4061706835473 128.91888423793 147.463876713711 104.943617025193 42.9779883958763 26.2202725763365 36.9279025868662 174.21158914104 92.4495371214436 80.2403739651567 68.3609922921982 132.333426786403 44.8038244240058 0 38.1047127984345 124.709468668275 118.957576146386 100.887271472018 25.6677068800693 106.707184609364 124.272853903406 59.7993403024203 145.87672003353 83.9417059913082 50.212350212669 61.0071720568753 68.5545669339012 102.299550292808 87.965543274264 63.6468797198035 142.412201630337 97.6491863242617 116.705117975998 120.525838475985 155.935869928511 134.017649469467 75.2019438929814 193.272972160569 77.254675000223 117.24523134913 0 0 218.000289916992 183.804877855614 213.687070965994 157.697777565441 199.466522207011 94.8483941358914 204.537994384766 86.2161195473926 186.777123914841 178.666698880152 147.655136900078 116.872189798155 104.993262148295 106.356184378048 203.612854003906 168.321017718259 114.911260016966 145.978348175206 178.671777817928 69.1023260628544 102.670642014299 104.102163673921 189.358070715476 184.85644135974 168.899544360649 106.562731198595 0 0 113.927611150735 164.981443557721
130.76881360688 35.2514146695803 36.1264609876288 166.507319091475 115.78834937009 140.438052166109 108.115779972086 138.806825668531 99.0330813730078 147.102282453476 59.6741187070555 150.680525558675 30.5932206914701 132.425361147366 128.114590620068 27.1326327711373 71.7720165937205 65.4426631406716 66.9942268747553 157.217978262943 74.6204089359503 42.2000649791548 41.4226602291384 96.2571171020694 26.7696632472702 38.1047127984345 0 88.9200009984148 126.033142351774 105.914120357845 20.0572321179408 114.147191791037 108.171826547371 67.7862847944473 139.61207462437 81.0909095864326 52.5809286922562 68.036542707872 71.887199092323 91.6044251322624 99.0025347205023 70.6041043111056 128.047759367614 98.0216985481368 112.291183012237 119.605188347943 158.13255181445 147.551868182499 83.362576829359 167.557442389573 67.6754691531279 103.167368075356 0 106.394744873047 175.417634062018 169.804844801704 192.270541078159 134.82285652427 183.513593261572 99.2313070734125 185.411211965608 86.7726801789345 183.539636563281 133.388088268266 107.25138166991 111.037289746743 109.053293206655 107.972925324544 171.667696522282 137.167511527372 80.5728465994247 110.86253874135 148.201761007667 69.9399177786389 102.239002594864 99.1063540343651 154.910132714339 180.590597643352 154.958236475934 110.030505270838 0 175.919017601505 109.662267927654 158.280520983211
80.6331739684186 101.007364303383 87.2698680129111 22.7138169245009 121.570902829551 69.8471081340649 38.141644565744 93.5706459544558 57.0729646719198 32.7790333062075 152.584613186363 57.8457902422298 150.253481817746 96.4789817595295 88.1190229790833 40.6843762881882 114.189493185258 162.424030319231 139.512283029797 32.6856368314054 28.7881809917549 61.2108596380581 62.6606730413641 25.1718442777409 136.151775914818 124.709468668275 88.9200009984148 0 88.4436861469764 48.697641805049 169.117577978909 137.436075746428 74.8861345254857 77.8545565701874 134.071133304137 80.7092814893364 87.3437469562921 89.2796078458077 92.3343978307414 91.1257202991244 103.637125121476 137.596359660768 141.295137727855 161.344015209827 145.797659547206 150.489984240038 128.583331961935 162.168859737524 169.231093064553 131.467369859026 147.807198660444 160.034324670482 140.458504831155 175.148154468382 147.494240386484 130.770982271521 150.37441834081 79.5071413788031 145.698859206303 205.792941244059 121.588952222043 209.894823313587 152.715144959228 138.963751268173 118.087141963202 183.181722867616 232.94270324707 184.950798125364 134.810340260288 127.666637937611 77.1662938940868 139.620475310476 109.649558955874 181.155295800585 189.243876300962 152.175863369317 129.630061898044 145.173717097245 130.68967169725 229.202438354492 0 132.697095555665 142.73260973627 177.367470001626
25.3200290881961 123.901276133208 106.277061425013 109.193229948513 27.5815634875504 47.296353030202 76.7529027138577 53.7120884114213 78.2737864382398 103.384383605596 79.6997141732348 102.89722738895 105.242110316391 36.7172841968661 74.2725032060893 94.8865009859604 104.366490930969 127.124382260876 113.850891730447 98.3129524292957 84.0631296619409 78.1362768074732 96.6945506748383 85.5963069676697 107.931868680847 118.957576146386 126.033142351774 88.4436861469764 0 42.1167101112391 127.815208768005 16.9674957821851 22.1751865370278 37.8641703305511 109.180216725782 62.5325084864423 80.0719520231088 50.841329820748 82.017752536897 53.3641884985528 34.0844512050978 67.4259244131428 155.061464957948 161.312453385558 182.941663745404 143.782121614617 156.280714859721 180.076822485776 0 168.030199717001 166.138672117738 177.327369931369 162.552287021296 0 177.881408984363 157.95069058976 178.514704068114 98.8499980677572 164.439529634907 199.008470633933 153.952528315541 155.992491241861 177.905217235342 0 135.291362228548 182.592613563276 198.182265332625 191.988534234779 162.22828972002 137.844979404471 90.8263585811692 175.211049947074 136.891218745486 147.998882469245 192.686290853877 169.0708351249 148.417638293125 172.008318440902 147.16472980739 0 192.020660400391 137.370255253222 169.972579075175 156.365000441533
39.2646047677648 108.918157769518 79.5351798782179 114.163364749738 124.095196332909 89.0684891470848 27.8027675765532 77.0294695519706 63.9826774840605 103.285707390794 116.374435641539 112.750699784555 148.52354882622 68.365751563281 103.815411094091 76.6033417052035 72.8103790285826 122.590096624781 96.6864362843574 116.831640807351 34.2072841333419 64.103399502831 58.2380051713979 68.6020313392945 134.765256581643 100.887271472018 105.914120357845 48.697641805049 42.1167101112391 0 152.794369813653 129.161255180079 55.4906820230643 41.3548145921747 130.666643562795 67.8167876286391 79.6101425585391 69.6428760899917 76.550377414236 86.3148933261499 86.8938995756855 122.133580873752 145.264788355629 164.760536597649 152.397452032674 163.349866768609 155.099698346909 140.195971179271 0 134.800581646753 141.154195294783 150.854864092586 154.943230804992 217.80940246582 149.329923462037 135.942308121169 152.794669256968 79.5080272658484 170.289599797343 179.745084988688 146.421072213974 179.781086351979 157.396709740082 169.433837890625 120.277521994927 161.967365322318 194.136728194021 189.019987752998 147.648585917296 125.407979677582 75.2564659190721 139.844742308833 118.899734393721 164.286203154676 180.63433604326 150.595005780301 129.914429335736 150.893052234045 130.271630871314 0 0 138.273011548395 136.682118122241 161.748501572813
171.116302490234 67.8832195408744 100.306581482377 0 0 128.219309987784 182.797010228806 161.293320370153 139.893063844703 0 37.1178756128745 0 16.4586167698484 118.98385152048 0 0 96.8044176424189 54.5303304522932 68.7659491337367 0 164.216944334878 103.459959637741 126.825601296895 152.207860930937 47.5817239550127 25.6677068800693 20.0572321179408 169.117577978909 127.815208768005 152.794369813653 0 101.394891337043 0 70.0953207864394 0 105.055915256307 59.1955554084494 67.9433437596748 86.7654038242159 115.665872754041 114.475658729871 56.2650030143456 154.09978933571 78.8157459780018 116.445375768408 134.172836804816 0 0 70.5523340659561 0 109.274340920845 152.615570408291 0 0 0 218.164017759437 171.578277587891 0 0 93.6282391827881 0 86.71119275279 0 0 0 163.450790841707 108.970260264163 119.103515125944 0 0 160.680641268461 204.055740356445 193.229095458984 73.4194130193789 117.155524344572 118.025969052478 0 0 186.539427711768 106.693309506138 0 0 130.224552382147 0
