0 16.5953000485897 213.387618482113 77.715190500021 2.94896152615547 131.73038867116 3408.08985736966 756.465499460697 224.073042273521 360.805477499962 30.2482338547707 46.8873744010925 9.6338170170784 16240.1011127234 5.00439441204071 34.9265116155148 272.329224079847 14.6150226891041 80.1970924139023 58.9502275586128 271.105981677771 75.5508917868137 474.057159811258 391.874279469252 1.7019807100296 181.104598283768 150.923745304346 845.413356781006 11980.8394870162 4092.10237571597 0 17.9831139147282 402.579451143742 728.553404480219 17.9554505348206 484.864801675081 24.4924301505089 331.452334225178 97.1554082632065 172.540110260248 45.7301238775253 4.51845651865005 18.788464486599 3.62724667787552 13.1999761462212 4.55551224946976 0.532422721385956 1.15071141719818 0 3.20959687232971 2.40372198820114 12.8890438377857 1.34561479091644 0 6.87603577971458 55.615738093853 14.7510917186737 22.6987845301628 5.59177023172379 1.16067120432854 6.45092830061913 0.766786992549896 12.0044121146202 1.07666665315628 11.8498046398163 2.55513578653336 0 0.726742804050446 3.35915923118591 15.2554349899292 8.84890097379684 14.0564596354961 82.2015846073627 0.789285957813263 6.58516001701355 24.7853312194347 116.920451641083 9.40092685818672 7.58577561378479 0 0 3.23859077692032 7.86548221111298 5.88201081752777
16.5953000485897 0 1511.66691702604 4.29610067605972 1.15759706497192 20.3076407313347 48.3439281880856 54.5581904053688 1229.10308304429 8.64023610949516 266.063625633717 15.7341359555721 1014.45364180207 92.4145114421844 36.3428030014038 112.91223102808 982.103418081999 96.218619376421 643.49485757947 0.791417866945267 74.8736912310123 2728.22243908048 522.449371606112 869.717364728451 2610.1312367022 2359.89640617371 8867.11320409179 174.063432693481 60.1351424157619 113.308046787977 69.4998401403427 5.3803488612175 10.9996458292007 716.450465142727 20.2269544899464 1008.48858326674 617.506346434355 1020.64436453581 281.770645976067 115.575925499201 2.01643991470337 159.606506884098 86.6126620769501 57.8264847993851 76.7174481153488 33.3986989855766 3.53182899951935 0.787374317646027 2.24154818058014 1.64841789007187 133.060742586851 290.386847198009 3.27264446020126 0 0 16.09627866745 3.38752365112305 7.88827008008957 5.19533398747444 26.5953328609467 0 49.832172870636 9.60647982358932 0 6.87620580196381 130.213018536568 7.520731985569 71.5372571349144 0 5.07802641391754 73.3603485226631 85.6178494393826 7.77678129076958 52.5826712846756 434.989734649658 868.965720713139 15.5196683108807 3.13446688652039 16.0927587747574 5.34336888790131 0 0.447224408388138 40.8690846562386 8.1446368098259
213.387618482113 1511.66691702604 0 13.6853406727314 3.33291625976562 262.265970855951 1834.95309841633 824.710910022259 185.271804481745 87.7646889686584 121.114487230778 6.82533031702042 27.3022736907005 1019.02111202478 7.34304744005203 237.996924638748 5189.36495545506 82.6199991106987 564.060027122498 7.71752056479454 2940.07291564345 732.326011925936 17431.0702391267 383.785370141268 28.6111086308956 12005.8508503437 17000.37224105 1803.73431032896 240.145984560251 2443.05399009585 8.62552037835121 11.4011749923229 40.1180538535118 1434.63846108317 75.2423819303513 3295.59676164389 1264.08376812935 2812.05372825265 1082.79242309928 187.757871687412 18.7349615693092 4.57789647579193 346.55986109376 200.741636514664 382.101935237646 143.351746082306 17.0579960942268 4.64807879924774 1.42933464050293 3.78726172447205 215.678299725056 1851.86015197635 0 0 3.31368285417557 88.3278086781502 17.3650209605694 23.1710742115974 4.84538841247559 12.5390205681324 0.874288022518158 5.13326567411423 33.63418841362 0 65.3797526359558 476.667917996645 4.18311095237732 79.5336068272591 0 59.0996305942535 216.074468046427 680.254303783178 58.4555834829807 27.9322191178799 619.079560220242 2735.79469612241 72.6989613771439 17.1368075609207 61.6259729862213 3.02876722812653 0 0.507938504219055 139.525415629148 40.2076409161091
77.715190500021 4.29610067605972 13.6853406727314 0 1.77955204248428 581.011781990528 979.015125691891 165.660869508982 883.920654773712 10921.4668590724 5.32650488615036 2997.78269654512 3.85972589254379 199.553681701422 121.500364214182 9.06943926215172 4.28883004188538 0.507964313030243 0 31367.9240314662 8.25168949365616 16.4438746869564 30.910405933857 3907.16643536091 0 3.8684287071228 13.6777848005295 20981.3820008337 171.25929453969 25.2756774127483 0 8.50303030014038 14.3259348273277 113.244593411684 33.8496454060078 289.169171839952 1.00590789318085 83.111715644598 14.1132622659206 246.388607859612 41.5330087840557 0 54.6081802845001 0 5.46959379315376 3.3869720697403 82.4501172602177 1.84282660484314 0 3.51882740855217 1.63321396708488 0.447962164878845 259.024269104004 1.1974917948246 52.3327826559544 86.3927995860577 24.4507416784763 78.2842864990234 204.225860327482 2.10156017541885 324.828396081924 0 10.5711492300034 37.1701876521111 0 0 0 0 285.089853644371 2.06035429239273 1.0255001783371 2.42932015657425 280.121112853289 0 0 4.21208292245865 228.662512421608 3.26515871286392 1.11262294650078 0 0 0 2.08773005008698 1.31221413612366
2.94896152615547 1.15759706497192 3.33291625976562 1.77955204248428 0 1595.64702948928 8.58763074874878 275.876990914345 52.3005567789078 7.22728729248047 13.9410582780838 65.0546949505806 4.15594244003296 156.820560246706 1873.61227297783 0.82932060956955 1.31989014148712 2.84797602891922 3.15935307741165 6.39931285381317 0 8.57577383518219 0 42.6904999911785 0 3.40323466062546 14.1565846800804 8.61123597621918 217.938407510519 3.21072489023209 1.59663906693459 4032.29626476765 0 836.856742560863 3.00024744868279 20.6362010836601 3.33115935325623 40.2403653264046 16.2540618777275 2431.88063132763 1920.73440557718 1.95161068439484 1.36765342950821 0 0 0.466725915670395 1.89658141136169 0 0 0 0 0 2.48508673906326 0 0 0 0 0.649649858474731 0 0 0 0 0 0.943053543567657 0 0 0 0 1.78899985551834 0 0 0.96287328004837 0 0 0 1.46326875686646 1.8579775094986 0 0 0 0 0 0.582698941230774 0
131.73038867116 20.3076407313347 262.265970855951 581.011781990528 1595.64702948928 0 6627.62834462523 17333.890999496 498.867350935936 19692.9749244153 66.2649795114994 10080.569295764 45.9557140469551 1696.01344308257 4907.5060415566 11.04158821702 56.4720743298531 6.92158538103104 22.0211433172226 1394.10987895727 117.332968682051 50.6028115749359 374.115278363228 663.946435213089 4.67880886793137 99.1290792226791 97.760846182704 1419.60393875837 387.710499882698 324.274749994278 0.571432054042816 1693.99625137448 16.0812267959118 533.185078620911 1566.77036741376 467.025548160076 23.3293413817883 262.670875668526 103.791440814734 6632.26229310036 1261.9202567935 14.9487252533436 37.8067979514599 4.01965790987015 5.91348293423653 4.06637951731682 44.3153206110001 4.16715323925018 0 2.19302380084991 0 6.99625608325005 65.7936508059502 0.3774473965168 31.2388289868832 116.50995400548 27.7307181358337 45.7431557178497 125.247584730387 2.82845902442932 76.1169583797455 0.873182952404022 19.0357330143452 12.1333024501801 4.44508615136147 1.3445291519165 1.06346714496613 0 58.9723299443722 5.63633221387863 3.31838792562485 10.6439659297466 218.839957326651 0.826521277427673 2.29259580373764 16.9638720154762 202.508773207664 8.85380771756172 3.60499230027199 0 0.942401826381683 0 7.36815184354782 2.63841772079468
3408.08985736966 48.3439281880856 1834.95309841633 979.015125691891 8.58763074874878 6627.62834462523 0 6011.67902502418 1727.74861744046 22315.0664348602 78.8903073370457 930.341646492481 33.6659230291843 13008.5195564926 141.325430959463 238.00333032012 291.592526882887 14.6709492206573 72.4407240450382 584.121359288692 1405.45835459232 287.643357247114 3519.70772820711 4438.88060110807 5.86076006293297 375.197116225958 780.824500262737 26681.9592305422 3847.65597955883 12606.4661928415 0 54.0597745478153 348.973963558674 1876.88237118721 181.376194685698 2825.97679030895 124.910535603762 1429.58066099882 431.174424082041 1089.92411935329 323.818244338036 11.3911210000515 117.27473294735 10.2710127532482 57.1907832920551 15.6018726825714 71.9852851629257 9.45616489648819 0.679665386676788 30.2864337861538 4.16610395908356 40.4433515667915 159.503736227751 1.16630312800407 77.175806581974 469.245721578598 121.960476517677 194.568108528852 307.337680488825 1.11452567577362 104.492199987173 2.41510516405106 91.9323604404926 24.1539262533188 35.9676726460457 4.38166493177414 0 2.824094414711 153.384573966265 41.0656966567039 43.6788923442364 89.0372134447098 881.61909031868 1.15161383152008 9.82126641273499 100.283861160278 839.114988923073 66.186820179224 24.6278683543205 0 0 11.3338383734226 38.614837706089 33.7890360057354
756.465499460697 54.5581904053688 824.710910022259 165.660869508982 275.876990914345 17333.890999496 6011.67902502418 0 414.657583862543 4708.86342427135 448.201994329691 1259.42455905676 201.81101000309 17597.0980635583 1067.07785496116 40.1346499621868 358.900701314211 43.1616316437721 131.427980154753 548.727342903614 426.154014468193 83.5512919127941 1078.12984552979 645.177659749985 18.2686797976494 464.083588987589 402.519768506289 1297.74857130647 1247.50724619627 1706.43338149786 8.77250069379807 1561.68243676424 24.9561095535755 2136.73280793428 103.720868319273 993.607764214277 74.8131697177887 934.287394851446 354.073110789061 4886.70940122008 1760.15005961061 76.505912065506 24.4790230691433 2.56948256492615 23.7014347314835 9.06602826714516 10.3307413160801 3.4544905424118 0.791646718978882 8.76686304807663 3.56227019429207 18.7906011044979 19.6180189847946 0.832521557807922 16.565513163805 123.649867117405 26.7973552942276 40.9593468904495 54.5704635083675 1.16679206490517 21.6982722580433 6.61534249782562 28.1232343614101 4.07119572162628 9.03963905572891 6.25703039765358 2.61498248577118 2.24100708961487 22.0038204789162 12.9381965994835 13.8954353630543 27.2068268060684 204.621942967176 2.80847865343094 23.5311542153358 52.6936368346214 217.892438530922 18.383028447628 8.95374581217766 0.871511518955231 0 1.74990558624268 16.4286536574364 10.172838062048
224.073042273521 1229.10308304429 185.271804481745 883.920654773712 52.3005567789078 498.867350935936 1727.74861744046 414.657583862543 0 1115.67922535539 33.2208309471607 1217.2550072968 166.663414984941 436.85593277216 1544.67602172494 189.221153885126 80.2301263511181 13.7007616758347 54.9133912920952 456.506847083569 258.56305783987 4963.05417144299 279.689182579517 17994.8238120377 332.39716643095 228.909684836864 1575.47272083163 4284.75349724293 441.257770031691 654.658914089203 11.9605142772198 11.873536169529 115.354868143797 336.71280580759 26.5182089209557 901.232923865318 87.9739193320274 298.889544427395 78.9743845164776 2216.57868203521 41.0943340063095 26.158057898283 120.113750249147 4.30872023105621 31.2804685533047 22.5412833094597 128.3601115942 3.69715774059296 0 12.4170268476009 11.9960332810879 24.3463017344475 215.477925866842 2.189080119133 55.2183070778847 289.073059558868 41.6300782859325 245.693713873625 311.762390494347 5.04608875513077 115.580788075924 5.13256043195724 43.3286190629005 43.3321830034256 64.5582309067249 6.3698256611824 0 3.93463131785393 144.594381302595 74.7636524438858 89.9018760919571 94.8480176329613 716.25794762373 4.37710052728653 15.0919918119907 45.4131824076176 653.933801710606 40.5670231282711 52.5452235341072 1.23094362020493 0 3.33107352256775 34.9759993255138 11.1955845057964
360.805477499962 8.64023610949516 87.7646889686584 10921.4668590724 7.22728729248047 19692.9749244153 22315.0664348602 4708.86342427135 1115.67922535539 0 68.683204293251 23617.6253525615 28.7266750335693 2564.21829414368 275.70539072156 17.0654945373535 10.5205356478691 6.03314220905304 4.48163574934006 24706.2165884972 70.0869510769844 37.2626998722553 200.630486428738 1514.41747117043 1.19979619979858 48.2312318682671 77.7010364830494 10112.7741680741 1030.14489817619 179.353769540787 2.44067698717117 43.9706339538097 45.1286308467388 849.288705676794 625.306336253881 1274.16118898988 26.0559104382992 585.95167940855 153.006591677666 1265.6366378963 299.862966746092 5.08960849046707 66.2544105648994 2.27334398031235 10.0400350093842 3.88478630781174 163.061728954315 1.34626126289368 0 2.06272214651108 0.78615140914917 1.39304950833321 368.257581710815 8.25261449813843 99.6083678901196 219.08241635561 50.6138114929199 171.731383502483 425.97460269928 1.72206580638885 256.077428847551 0 37.7546077370644 43.7631689608097 3.23501896858215 0 0 0 263.383635640144 6.35286483168602 8.58082622289658 8.97099784016609 562.92032918334 0 4.6478633582592 8.67305535078049 475.587071090937 9.59541860222816 4.15261662006378 0 1.36435675621033 2.65431225299835 6.93638491630554 3.19810235500336
30.2482338547707 266.063625633717 121.114487230778 5.32650488615036 13.9410582780838 66.2649795114994 78.8903073370457 448.201994329691 33.2208309471607 68.683204293251 0 37.2496698498726 10680.5983728468 703.302604168653 1.23191690444946 17.3607464432716 565.431774109602 8267.30948135257 3076.59261325002 17.0757082402706 65.4491675496101 58.8052991628647 174.303510963917 39.4733210504055 1496.53576615453 7495.09801447392 1761.69863420725 38.0792789459229 326.895202159882 49.8106781840324 868.266230046749 115.210766941309 25.4986757040024 7953.66202646494 13.5908374488354 535.389704704285 4377.44758376479 8801.50700432062 604.962480276823 149.99761518836 50.5824615359306 3982.66815835238 8.44025826454163 18.1707553863525 14.0758320093155 3.33062183856964 1.19904708862305 0 23.4622727036476 1.29833376407623 10.4772517085075 19.1200654506683 0.594121277332306 0 0.705649256706238 3.1929224729538 0.737589240074158 1.96471482515335 1.45313358306885 184.558072149754 0 485.790397077799 0.24986931681633 0 0.912898063659668 7.86901372671127 72.5861970186234 40.6251755952835 0.698760807514191 2.31284475326538 4.44668328762054 4.77671694755554 5.84504991769791 149.49063372612 271.816633701324 256.354898363352 3.16904133558273 1.24455153942108 1.4817331135273 60.2032334208488 0 0 6.06382244825363 5.15336358547211
46.8873744010925 15.7341359555721 6.82533031702042 2997.78269654512 65.0546949505806 10080.569295764 930.341646492481 1259.42455905676 1217.2550072968 23617.6253525615 37.2496698498726 0 14.4486949145794 767.982216536999 5835.56977421045 2.07116839289665 4.18356174230576 2.06138795614243 4.85502877831459 27543.7657532096 1.05578863620758 34.4468062222004 9.14109867811203 1105.81952607632 3.18990111351013 27.2507300376892 27.7696969807148 1288.00108474493 287.821429014206 18.9636034369469 0 41.6452340781689 1.55016639828682 269.552567839622 1128.41070494056 476.666939467192 6.58759546279907 185.941499322653 43.2651144266129 2770.97156828642 106.118542671204 1.96926873922348 41.7119417488575 0 4.18993520736694 0 93.2719600498676 0.856356263160706 0 1.72374665737152 2.00804048776627 0.482922792434692 95.5182452201843 2.21853005886078 43.0341723263264 53.7540923655033 15.5709059536457 69.7503940761089 136.858361691236 0 448.350400716066 0 4.26567375659943 15.9943588376045 0 0 0 0 112.879219025373 1.29240536689758 1.01694428920746 0 170.01736921072 0.766747236251831 2.11363768577576 1.46918368339539 143.392636239529 0.589003086090088 0.56164276599884 0 0 0.74381411075592 0.374132394790649 0.425308167934418
9.6338170170784 1014.45364180207 27.3022736907005 3.85972589254379 4.15594244003296 45.9557140469551 33.6659230291843 201.81101000309 166.663414984941 28.7266750335693 10680.5983728468 14.4486949145794 0 162.463921278715 2.13127130270004 4.07441061735153 57.6038409173489 674.974521398544 257.042403995991 8.56924238801003 6.14933612942696 237.583793640137 31.5473758280277 73.6705524027348 5830.45462864637 2379.76767152548 5174.67165380716 20.1238235831261 93.9822698235512 9.86990857124329 2644.70748531818 44.4215335845947 2.9302864074707 822.406786173582 93.6645002365112 1092.81403273344 3174.26932474971 5317.92020124197 1905.94815587997 156.570668160915 933.2557746768 4984.53179097176 40.0305148363113 88.7051127851009 90.0040531158447 61.4502364397049 1.4659937620163 5.317238509655 74.1852839589119 0.483382433652878 36.7296235561371 14.4660255908966 0 0 1.37671959400177 3.24628418684006 2.68584138154984 3.16092392802238 0 695.654571145773 0 1682.7477607131 2.0049712061882 0 0 4.83291900157928 190.579607844353 57.3770487308502 0 1.73981446027756 2.88563984632492 6.2755863070488 3.82935237884521 519.085879385471 667.131761699915 478.498532116413 6.85280966758728 1.31790065765381 0.670159101486206 189.383908212185 0 0 16.4948480725288 37.3668503761292
16240.1011127234 92.4145114421844 1019.02111202478 199.553681701422 156.820560246706 1696.01344308257 13008.5195564926 17597.0980635583 436.85593277216 2564.21829414368 703.302604168653 767.982216536999 162.463921278715 0 117.000873416662 72.0892961919308 597.677229225636 98.4248103201389 163.410250902176 386.885661900043 613.634912908077 186.02046212554 1330.0144328475 744.262816399336 29.7717091441154 718.659229278564 580.107841432095 1780.15667507052 10083.7475604564 3660.92813074589 9.37458515167236 1630.1480652988 150.029666662216 3051.55193018913 77.8815657794476 1905.02048254013 125.064201325178 1404.21600398421 349.414566129446 2355.36560058594 804.101459920406 72.5148517489433 37.4221489131451 5.38072913885117 25.3473048061132 5.86089709401131 11.5383663475513 5.74824392795563 0 8.35212567448616 9.14876806735992 42.5251511335373 12.934360563755 0.404282212257385 13.665592700243 107.486755073071 26.0274986326694 44.7183752954006 30.1799452602863 5.29432374238968 5.45871734619141 5.52103400230408 26.4477671980858 1.41566333174706 15.2912514507771 10.8571510314941 2.56088066101074 0.587624073028564 24.8911664485931 15.5981880128384 15.3993438184261 39.0301434695721 244.336200475693 2.32046043872833 27.229862600565 74.4266517460346 189.049222379923 14.4610400497913 15.9527330994606 0 0 3.56446707248688 17.6825744211674 12.8610178828239
5.00439441204071 36.3428030014038 7.34304744005203 121.500364214182 1873.61227297783 4907.5060415566 141.325430959463 1067.07785496116 1544.67602172494 275.70539072156 1.23191690444946 5835.56977421045 2.13127130270004 117.000873416662 0 0 4.55235919356346 0 1.31457555294037 202.65734142065 2.22027921676636 75.3500117659569 6.95967030525208 903.851872265339 2.11739319562912 10.3046925067902 45.0384844839573 179.353956311941 41.5993264615536 14.6748195588589 0 278.421472996473 3.4094335436821 42.9375173449516 76.350717484951 126.297718971968 2.78923833370209 16.931513696909 9.11284619569778 12721.3693750799 69.3862295150757 1.57631635665894 13.0684899687767 0 0 0 22.9943355917931 0 0 0 0 0 22.1549458801746 0 8.17477357387543 11.6663334965706 2.0383665561676 10.4478802680969 18.4931116402149 0 20.3052002489567 0 0.593721985816956 8.93025982379913 0 0 0 0 8.59178376197815 0.569328427314758 0.631649911403656 1.09125062823296 28.4347488880157 0 0 3.84614539146423 26.520815551281 1.91778182983398 0 0 0 0 0 0.881557464599609
34.9265116155148 112.91223102808 237.996924638748 9.06943926215172 0.82932060956955 11.04158821702 238.00333032012 40.1346499621868 189.221153885126 17.0654945373535 17.3607464432716 2.07116839289665 4.07441061735153 72.0892961919308 0 0 104.852244049311 3.5317360162735 23.6967104077339 4.17054179310799 12547.2211664915 6037.0955799222 22620.0272839367 2582.7409593761 4.29370629787445 105.293503701687 7854.54911074042 5463.81960141659 119.366447657347 527.231089800596 0 0.859823226928711 56.6573580205441 718.139347404242 62.7688727080822 2129.89423167706 466.720784902573 921.469550102949 652.538107633591 169.863138586283 14.0860176086426 0.833569347858429 178.857765495777 45.9064104557037 84.0669085383415 77.8846854567528 14.031539618969 1.85828047990799 0 8.76396089792252 5.38437551259995 53.4865067899227 0 0 1.45593047142029 48.4127005040646 13.1757078766823 45.2437897920609 3.457389742136 2.23606026172638 0 0 20.3392819464207 0 453.811214476824 9.64556014537811 0.757585108280182 5.84276986122131 0 193.116275012493 328.656531453133 777.434885799885 184.039173185825 0 6.22098648548126 298.075377702713 240.314287662506 27.0069156587124 43.7015732526779 0 0 2.51221299171448 44.9614138007164 14.9511493444443
272.329224079847 982.103418081999 5189.36495545506 4.28883004188538 1.31989014148712 56.4720743298531 291.592526882887 358.900701314211 80.2301263511181 10.5205356478691 565.431774109602 4.18356174230576 57.6038409173489 597.677229225636 4.55235919356346 104.852244049311 0 312.594575554132 6564.17052316666 3.87003463506699 1534.69040900469 224.416210472584 7493.01858949661 91.1856643259525 54.574098944664 6844.29700043797 6258.36339834332 279.805314183235 413.586285680532 1845.30579909682 12.7755983769894 3.98408445715904 90.4321765005589 2442.63205906749 28.6901024281979 861.477813541889 263.789745271206 1406.27505329251 485.3646723032 68.0149198770523 7.97760370373726 1.6276119351387 63.5965602993965 59.3980887532234 95.172153711319 28.5388213992119 6.41639763116837 2.25863981246948 0 8.73050844669342 91.6593008041382 411.475326955318 0 0 0.894030869007111 11.5204584598541 2.12816974520683 2.3921183347702 1.50311517715454 12.1272556781769 2.05907601118088 3.82949805259705 7.35760635137558 0 8.68426007032394 125.487791538239 9.20483630895615 56.6413373351097 0.784041285514832 12.2925432324409 36.7920137047768 78.5828909873962 11.5740018486977 11.0328576564789 414.821168273687 804.627134650946 9.37129265069962 2.92759215831757 6.8307900428772 2.75180631875992 0 0 48.1915881037712 12.2912069559097
14.6150226891041 96.218619376421 82.6199991106987 0.507964313030243 2.84797602891922 6.92158538103104 14.6709492206573 43.1616316437721 13.7007616758347 6.03314220905304 8267.30948135257 2.06138795614243 674.974521398544 98.4248103201389 0 3.5317360162735 312.594575554132 0 5786.05283498764 2.56825095415115 26.2199470996857 20.8404872119427 76.0092290937901 10.9351886212826 546.058410733938 6049.56897699833 909.402483582497 12.1515081524849 47.2870998680592 30.8568579554558 174.076776564121 10.0424872636795 7.94207093119621 686.148575812578 5.82310739159584 223.517707526684 556.893977046013 998.480580806732 168.968878209591 25.2444242238998 0.574603497982025 44.5951216220856 6.46618103981018 10.9724881350994 9.00379121303558 6.01548212766647 1.55107694864273 0 4.41442108154297 0 12.5611498951912 8.4890678524971 0 0 0 2.44426417350769 0.787806987762451 1.25679311156273 0 60.7108079791069 0 193.837752819061 2.09117802977562 0 0 7.59083122014999 53.0497817397118 36.0022331476212 0.754613220691681 0 3.56441825628281 0 0 90.4905794262886 272.876080602407 211.708490371704 3.54166516661644 0 0 30.2144303321838 0 0 5.81661260128021 1.67310434579849
80.1970924139023 643.49485757947 564.060027122498 0 3.15935307741165 22.0211433172226 72.4407240450382 131.427980154753 54.9133912920952 4.48163574934006 3076.59261325002 4.85502877831459 257.042403995991 163.410250902176 1.31457555294037 23.6967104077339 6564.17052316666 5786.05283498764 0 2.44529891014099 209.311547458172 67.2478883862495 680.807454675436 40.9539130926132 541.824064433575 9476.1287086904 3207.42117470503 58.1375864744186 154.459685534239 278.526448488235 50.3905561864376 19.8532254695892 25.9181370735168 1615.94422587752 10.0246315896511 444.219108045101 357.023236036301 960.784963518381 181.807632416487 29.1194943487644 10.0255968570709 19.1692107915878 21.1542603373528 22.9747047424316 27.2019819021225 12.4466446638107 0 0 1.79552870988846 0 44.5931806564331 53.0587168931961 0 0 0 6.46688869595528 1.00989329814911 2.80721238255501 0 29.7038958072662 1.1476845741272 82.3461790978909 3.69695490598679 0 0 33.8819634914398 30.8590767979622 80.7453762888908 0 0.538623332977295 9.1477535367012 14.194037348032 2.06656327843666 74.1079816818237 509.417733669281 532.009905427694 4.19670620560646 0 1.83305114507675 19.8221446871758 0 0 20.4219048917294 1.0397846698761
58.9502275586128 0.791417866945267 7.71752056479454 31367.9240314662 6.39931285381317 1394.10987895727 584.121359288692 548.727342903614 456.506847083569 24706.2165884972 17.0757082402706 27543.7657532096 8.56924238801003 386.885661900043 202.65734142065 4.17054179310799 3.87003463506699 2.56825095415115 2.44529891014099 0 2.58620744943619 10.7521069049835 12.2847954928875 1707.02465239167 0 9.29242497682571 17.4706873297691 5788.05446135998 220.600282520056 19.2246116697788 0 6.98055440187454 7.36584985256195 179.406814098358 138.799266308546 257.885945618153 4.57358479499817 106.543116539717 26.050704240799 440.519451528788 65.2212553918362 1.52744543552399 30.9049243330956 0 1.49127852916718 1.69043743610382 64.3766128718853 0 0 0.359172463417053 0 0 120.449826717377 1.27610182762146 37.4963340461254 61.3125463426113 16.966606348753 73.1257663369179 140.684866458178 0 172.174394905567 0.468218773603439 5.15665650367737 20.1690949201584 0 0 0 0 86.7356572151184 0.888344675302505 1.34808313846588 0.413257628679276 213.767426133156 1.03314578533173 0.690189957618713 0.664625704288483 142.386225640774 2.99527245759964 1.04502463340759 0 0 0.87659740447998 1.9681082367897 0
271.105981677771 74.8736912310123 2940.07291564345 8.25168949365616 0 117.332968682051 1405.45835459232 426.154014468193 258.56305783987 70.0869510769844 65.4491675496101 1.05578863620758 6.14933612942696 613.634912908077 2.22027921676636 12547.2211664915 1534.69040900469 26.2199470996857 209.311547458172 2.58620744943619 0 1497.38970962167 31000.8001303971 1053.19263479114 5.57190722227097 521.899994671345 1867.54728537798 12430.594381094 640.940890595317 19185.8397493362 0.597424030303955 1.94343268871307 176.039336264133 4106.22516602278 184.051490336657 4910.51338738203 693.014958262444 3010.72369539738 1550.80054861307 383.218508720398 54.784448236227 4.30758249759674 130.372059941292 18.7807122468948 58.2447972595692 31.4244664013386 14.2275474071503 4.95323365926743 0 15.5613431930542 2.65120589733124 62.202971547842 1.39315792918205 0 6.1868831217289 93.0853682756424 14.3341036736965 85.3369494080544 1.32750898599625 2.27881371974945 0.967126071453094 0.505180656909943 21.682286053896 0 211.544496268034 12.9033697247505 0 3.68260723352432 1.49416589736938 208.655700176954 194.961381524801 306.76109623909 246.089043885469 0.665556609630585 16.8648602664471 164.935644894838 266.475218474865 35.1741631627083 40.3993798792362 0 0 11.8957706987858 47.6660992801189 36.2697243690491
75.5508917868137 2728.22243908048 732.326011925936 16.4438746869564 8.57577383518219 50.6028115749359 287.643357247114 83.5512919127941 4963.05417144299 37.2626998722553 58.8052991628647 34.4468062222004 237.583793640137 186.02046212554 75.3500117659569 6037.0955799222 224.416210472584 20.8404872119427 67.2478883862495 10.7521069049835 1497.38970962167 0 4753.90363737941 8737.73118618131 519.695604324341 375.972711116076 8586.71457484365 2824.73285633326 239.21207511425 586.786308288574 17.1838002204895 1.49127179384232 96.8569574058056 708.960462421179 84.0824363231659 2242.02224767208 668.76346886158 1124.96841701865 665.319298326969 297.097198218107 28.7611192762852 57.1795061528683 160.487262308598 45.8272047638893 129.464813530445 91.054779291153 11.3029696643353 0.854713618755341 1.97278451919556 9.19450426101685 14.5404671728611 135.462187707424 4.72484019398689 0 4.52120718359947 82.5951093137264 12.0659813284874 62.0303672254086 2.56503653526306 9.76558041572571 3.07898277044296 19.3603680729866 21.2015841305256 2.48497158288956 343.033638000488 22.3724060058594 0 11.1976906061172 1.91408634185791 91.5289166271687 408.389975607395 805.990459084511 162.547299355268 4.44689866900444 45.8327380418777 542.384860575199 192.493857741356 17.412326157093 32.1495960950851 0 0 3.99953052401543 44.5071153342724 28.0487383008003
474.057159811258 522.449371606112 17431.0702391267 30.910405933857 0 374.115278363228 3519.70772820711 1078.12984552979 279.689182579517 200.630486428738 174.303510963917 9.14109867811203 31.5473758280277 1330.0144328475 6.95967030525208 22620.0272839367 7493.01858949661 76.0092290937901 680.807454675436 12.2847954928875 31000.8001303971 4753.90363737941 0 1789.6233111918 35.4769450128078 2731.75168642402 15566.1665193737 10413.7004102767 853.725240290165 10241.4698230028 1.92209357023239 7.20416441559792 210.409082651138 5654.94632846117 341.477580606937 11018.63259238 3573.35851201415 7574.53875982761 4024.77583181858 869.307375907898 80.1972534358501 11.7992613911629 539.086880922318 170.263836890459 476.79846650362 268.001242309809 46.7974167764187 8.05920904874802 4.4796154499054 16.1843223869801 57.487302839756 788.110853075981 3.32984361052513 0 8.21919476985931 129.707746326923 21.0191428363323 37.3179297447205 7.05380523204803 10.3322584629059 2.41611549258232 5.06824415922165 40.6178175806999 0.539560437202454 770.47161513567 127.826901912689 6.12400880455971 17.6777240037918 0.54229336977005 201.387957602739 797.660488396883 2708.18147408962 227.881641030312 6.56593000888824 131.725201010704 2434.41544303298 252.561610907316 26.1311576366425 67.2549992501736 0 0 7.78029450774193 124.82088264823 105.535251677036
391.874279469252 869.717364728451 383.785370141268 3907.16643536091 42.6904999911785 663.946435213089 4438.88060110807 645.177659749985 17994.8238120377 1514.41747117043 39.4733210504055 1105.81952607632 73.6705524027348 744.262816399336 903.851872265339 2582.7409593761 91.1856643259525 10.9351886212826 40.9539130926132 1707.02465239167 1053.19263479114 8737.73118618131 1789.6233111918 0 146.709623157978 209.390809565783 3303.46216514707 36126.6602253914 1018.32405656576 1367.9430488348 4.02011755108833 16.4933465123177 241.354804843664 984.603305160999 70.4263310134411 1765.04431903362 138.664113610983 692.061801403761 271.08011585474 1327.62428665161 106.769124627113 11.9393214583397 322.169200927019 15.5144388377666 144.091511428356 66.1531652808189 199.755153268576 28.7531655430794 1.47055232524872 94.2496772110462 11.5496698021889 52.3615999519825 341.658711075783 5.70682942867279 154.64645242691 1086.94715505838 233.837847024202 610.61525696516 546.903776347637 3.45699054002762 198.030317276716 4.95494297146797 232.389469236135 55.8223696053028 108.491475313902 5.88229581713676 0.923589766025543 2.11464968323708 343.756398141384 132.449358701706 115.895857155323 180.177604883909 2227.79872599244 2.58520531654358 33.5800728201866 136.026675879955 2271.31624823809 217.038526296616 133.781407862902 0 0.397194594144821 30.4491577744484 100.194708615541 29.4343293607235
1.7019807100296 2610.1312367022 28.6111086308956 0 0 4.67880886793137 5.86076006293297 18.2686797976494 332.39716643095 1.19979619979858 1496.53576615453 3.18990111351013 5830.45462864637 29.7717091441154 2.11739319562912 4.29370629787445 54.574098944664 546.058410733938 541.824064433575 0 5.57190722227097 519.695604324341 35.4769450128078 146.709623157978 0 2745.16131964326 4911.1117541194 16.9012038707733 17.2005527317524 14.0593289136887 406.741544723511 2.10005596280098 0.797518134117126 293.112740784883 4.78059339523315 255.752090722322 869.445648789406 611.627535432577 127.317433297634 31.170480966568 2.39946150779724 1259.39293402433 18.3311522006989 48.3905164003372 48.1084421277046 18.7081367969513 0.877322196960449 0 15.6114864349365 1.07247984409332 40.613731443882 36.4081198573112 0 0 0 2.50831413269043 1.09055519104004 4.82210499048233 0 185.312731921673 0 527.519814968109 1.29246097803116 0 1.63569790124893 19.875474691391 121.498096585274 100.124212861061 0 2.18700450658798 11.484158873558 14.3969436883926 2.70280778408051 304.059191286564 707.991694927216 575.436723321676 1.8741210103035 1.98844057321548 3.23908066749573 63.095893740654 0 0 18.3837311863899 0
181.104598283768 2359.89640617371 12005.8508503437 3.8684287071228 3.40323466062546 99.1290792226791 375.197116225958 464.083588987589 228.909684836864 48.2312318682671 7495.09801447392 27.2507300376892 2379.76767152548 718.659229278564 10.3046925067902 105.293503701687 6844.29700043797 6049.56897699833 9476.1287086904 9.29242497682571 521.899994671345 375.972711116076 2731.75168642402 209.390809565783 2745.16131964326 0 24442.2346943617 303.888409644365 354.836332112551 757.395695030689 1482.98232936859 43.3781833946705 57.0048692822456 3913.57397964597 84.897297501564 3173.03491568565 2236.66211819649 4458.12521317601 1190.47730425 126.824795901775 22.1226924061775 67.4231701493263 202.324460804462 239.895274281502 332.020787805319 151.653341054916 10.1109434366226 3.08877664804459 11.0442925691605 10.2041366398335 298.409518569708 646.508621096611 1.02757036685944 0 2.4999794960022 35.0648735463619 9.51789167523384 14.1897288262844 3.9692260324955 273.302166849375 0.522468209266663 736.855088829994 30.8415896594524 2.40931433439255 14.9212725758553 384.729713588953 375.554605364799 715.619622021914 0 22.7489248216152 67.3454427719116 122.0523917377 12.6747740507126 670.087911367416 4271.08828440309 4545.64966344833 12.8518099486828 13.4480731189251 25.3968548178673 163.206600964069 2.0408279299736 2.83955428004265 184.043557435274 37.2739541530609
150.923745304346 8867.11320409179 17000.37224105 13.6777848005295 14.1565846800804 97.760846182704 780.824500262737 402.519768506289 1575.47272083163 77.7010364830494 1761.69863420725 27.7696969807148 5174.67165380716 580.107841432095 45.0384844839573 7854.54911074042 6258.36339834332 909.402483582497 3207.42117470503 17.4706873297691 1867.54728537798 8586.71457484365 15566.1665193737 3303.46216514707 4911.1117541194 24442.2346943617 0 3025.74220767617 416.703527212143 969.663864284754 2268.78753176332 34.355358093977 66.277774810791 4981.0356117487 288.618438124657 10601.577165395 4470.07959797978 8893.25595200062 3605.66775944829 661.459927499294 44.3468127846718 62.8236325383186 839.261406511068 506.22561019659 952.731260240078 405.523456782103 51.2117647528648 13.5503836274147 8.18481862545013 11.1623810827732 572.341310411692 2412.0275118649 3.09540987014771 0 11.5529261231422 184.896884232759 29.2943588197231 44.5021006464958 12.3484754562378 191.652065992355 1.90979182720184 427.049728035927 61.8671019673347 0.930262625217438 276.108414500952 731.72783946991 241.161814570427 598.559679806232 11.9563149213791 134.410824865103 750.344673067331 2135.3164383173 119.471682816744 447.315245419741 3924.72378504276 7207.56622183323 148.513440281153 43.0654132068157 111.794422030449 86.5339003205299 0.575479745864868 6.98688262701035 389.645294725895 118.233248025179
845.413356781006 174.063432693481 1803.73431032896 20981.3820008337 8.61123597621918 1419.60393875837 26681.9592305422 1297.74857130647 4284.75349724293 10112.7741680741 38.0792789459229 1288.00108474493 20.1238235831261 1780.15667507052 179.353956311941 5463.81960141659 279.805314183235 12.1515081524849 58.1375864744186 5788.05446135998 12430.594381094 2824.73285633326 10413.7004102767 36126.6602253914 16.9012038707733 303.888409644365 3025.74220767617 0 2365.75580126047 13282.5823682249 1.90912663936615 15.2431537508965 661.712241530418 3364.95000886917 234.404554128647 4890.30282738805 304.500168859959 2102.34595680237 872.962121486664 916.245004951954 219.732236266136 8.00481539964676 370.478777647018 23.6018579304218 164.926353603601 55.4905619323254 213.662177532911 22.6312378942966 0 91.4202668368816 9.78963929414749 59.0927923023701 368.356360197067 3.6578486263752 133.446411758661 1161.67830389738 223.244356185198 593.197644680738 551.204905182123 12.7507698535919 222.959485381842 0 242.047460883856 60.8866684734821 204.058449983597 21.7458783388138 0.765169978141785 4.8142471909523 271.828504264355 256.46394520998 196.096995413303 304.083427727222 2375.51516166329 0 23.4490061998367 178.713837295771 2544.58976399899 215.415480643511 160.166867166758 1.47672200202942 1.88507232069969 30.4378303289413 110.325010687113 57.8521147370338
11980.8394870162 60.1351424157619 240.145984560251 171.25929453969 217.938407510519 387.710499882698 3847.65597955883 1247.50724619627 441.257770031691 1030.14489817619 326.895202159882 287.821429014206 93.9822698235512 10083.7475604564 41.5993264615536 119.366447657347 413.586285680532 47.2870998680592 154.459685534239 220.600282520056 640.940890595317 239.21207511425 853.725240290165 1018.32405656576 17.2005527317524 354.836332112551 416.703527212143 2365.75580126047 0 8230.37976893783 5.12762585282326 3353.64572754502 13395.8721894026 5708.277769804 81.4275589287281 2070.84076619148 104.796549737453 1508.39364930987 318.590389668941 1012.65340405703 1169.09182792902 27.0805245637894 43.9502385556698 5.09969234466553 31.0984058082104 8.89526900649071 9.45849338173866 3.07599475979805 0.619720578193665 6.27253159880638 6.28911083936691 14.6322337090969 9.80472058057785 0 10.2775338590145 122.640952795744 30.7131881415844 64.3076545894146 23.9521713554859 2.92721515893936 3.79892578721046 4.51943308115005 26.8465287685394 0 18.7632849514484 6.97243669629097 0 0 7.76931953430176 39.4215888381004 26.8768988549709 32.3470543324947 232.314767092466 0.515978753566742 18.0498322844505 54.5524809360504 280.333107888699 29.7158168554306 19.2089936435223 0 0 6.53002527356148 19.5344072878361 15.7069684565067
4092.10237571597 113.308046787977 2443.05399009585 25.2756774127483 3.21072489023209 324.274749994278 12606.4661928415 1706.43338149786 654.658914089203 179.353769540787 49.8106781840324 18.9636034369469 9.86990857124329 3660.92813074589 14.6748195588589 527.231089800596 1845.30579909682 30.8568579554558 278.526448488235 19.2246116697788 19185.8397493362 586.786308288574 10241.4698230028 1367.9430488348 14.0593289136887 757.395695030689 969.663864284754 13282.5823682249 8230.37976893783 0 0.728149712085724 11.1208098828793 615.425169914961 3932.74000838399 110.928706675768 2449.50464481115 192.041885674 1752.39640077949 746.046401441097 285.252940297127 60.031130105257 0 79.3242442905903 10.6553320884705 67.4745888411999 33.6396259665489 18.270368874073 3.71842068433762 0 19.787347227335 3.0983961224556 67.9978593289852 4.69079029560089 0 5.82143753767014 168.883416116238 35.4116502404213 113.489328593016 13.6101359724998 2.91749709844589 0.581116259098053 0 25.6926632225513 1.63512778282166 73.0129183530807 11.159589111805 0 5.2810280919075 1.98511677980423 82.7326058149338 67.3794957399368 131.910355567932 277.864840149879 1.19006013870239 28.8720668554306 119.892407923937 419.624100983143 38.7164854705334 51.7679232954979 1.06428289413452 0.633412480354309 11.6107887625694 40.1577028632164 34.486052185297
0 69.4998401403427 8.62552037835121 0 1.59663906693459 0.571432054042816 0 8.77250069379807 11.9605142772198 2.44067698717117 868.266230046749 0 2644.70748531818 9.37458515167236 0 0 12.7755983769894 174.076776564121 50.3905561864376 0 0.597424030303955 17.1838002204895 1.92209357023239 4.02011755108833 406.741544723511 1482.98232936859 2268.78753176332 1.90912663936615 5.12762585282326 0.728149712085724 0 0.576785326004028 0 77.5872091948986 0 34.8556005358696 172.86196988821 108.384974688292 18.2617876529694 3.01279604434967 3.09297186136246 22.1354375183582 1.01279973983765 8.23974561691284 4.222740650177 2.46766370534897 2.36819994449615 0 4.48130714893341 0 2.42493599653244 0 0 0 0 0.865735650062561 0 2.00006175041199 0 47.7150011658669 0 120.583440095186 0.986822187900543 0 0 0 24.7633283734322 6.97025287151337 0 2.20455014705658 0 1.74449449777603 0.81198912858963 50.5549075603485 109.77014952898 102.570613056421 0 0 1.497434258461 26.7296460866928 0 0 4.01132100820541 0
