0 111.859663997831 94.0774832752816 82.7140978413996 83.613953365865 79.6470659681356 39.3354003052239 46.5675031313425 65.3453326174627 77.7297138133633 95.8985156726616 89.7019624007022 101.318536101084 18.0114830160525 100.595356959547 88.5415542319113 90.7006150021422 137.950940875728 110.968083546878 90.2528359862661 74.9168964227759 83.8303957061628 87.4263026015648 75.2284926562657 156.183005105731 106.290086084263 117.350822354373 75.9286152228607 19.8842578076813 31.2590172501053 0 82.6935755764171 29.3284639703036 50.9982937652768 104.845053290178 67.1424999806503 83.4866556668256 67.077542792904 77.271368367146 55.6469410265806 60.4057987611002 89.7692137196362 151.524028868735 137.143390859308 146.581253402799 138.715995123405 119.333656311035 159.683700561523 0 137.857279832218 152.556397166671 148.338266838493 149.690643310547 0 169.751599270169 137.043036310654 156.833084667118 79.1046104342776 177.496745475763 211.655439556104 138.384176306093 160.719360351562 158.099779929668 174.736307195724 124.463901046413 173.136482699615 0 186.492889404297 137.801338725345 139.759636652834 132.294425354592 151.015966323929 119.446384335093 168.408874511719 162.817605978525 150.930839777068 131.516664377588 159.178445071525 133.877092717391 0 0 164.473572992075 147.606824342994 167.913399238849
111.859663997831 0 43.9589820218377 122.141627979214 130.421279907227 124.333969581241 123.036717285946 127.141444795608 71.0909169816743 144.846906451002 57.4741177239841 102.360849327312 42.2134031181652 117.133441457199 111.146299446886 71.0516875493582 54.0161646527175 63.323584260357 55.0088593066894 156.62255629672 93.1056707211846 30.3483526562514 68.6234796419107 82.1731423997777 24.8985594240609 43.7443877402335 32.167832344916 101.169938181327 110.774531530818 103.991628065974 61.7821710278698 103.164805059738 95.605054672933 57.8504842593014 123.434658384065 72.6082186522104 43.3178282138079 53.2840898127865 57.6332395093846 99.44157466673 91.0426398017743 40.4681121201885 94.8156238387929 61.2107344449294 80.4412618050793 82.2438208612532 114.960295861565 138.492568969727 52.9422098078753 184.693840162292 25.4903423409771 66.3316002211244 170.18664207273 0 0 140.318793259416 178.905269177667 132.823590666546 178.956790988453 80.0116001939736 0 74.1724576403529 156.831260878425 0 83.6891907644995 74.6827209479473 88.2754648840894 76.1524372601187 0 123.471736949733 38.5770418553559 91.5282738905022 124.171186167046 48.2099308449301 64.2089415828578 59.2189396558067 146.894929272856 147.438338946237 112.303164248881 82.8697196075916 0 130.664169311523 73.1442030117074 142.908300454945
94.0774832752816 43.9589820218377 0 113.309807065297 147.482192406237 112.949823960247 92.6613830906323 110.524937273894 95.630750952687 109.048255426927 78.1762102420258 140.539808038393 96.3465378231907 106.74101464629 139.903896420181 86.5601411821065 44.428050354203 76.4173540462548 63.5089379412529 141.294829051575 64.7884129770452 53.5240190995645 37.3977636774234 99.9107768661907 82.8703299958247 29.8284325284781 39.2140835053288 81.6089824768332 106.422018340415 74.471121612529 95.0640899281626 125.075244075647 96.0727737692359 59.9545559667267 122.41806335492 69.8244211925895 46.3166026183859 53.8417899118824 61.8640616617937 94.6667614648738 105.569169327636 90.4845656104756 115.238565026504 87.6696467652155 101.55498723999 107.88156128122 131.0589678016 111.592199483231 137.616073608398 155.495666408012 61.1605427042127 91.1559206163148 0 0 194.492819827463 156.383229184708 170.454490180248 118.293906316238 212.590673263152 142.289716649277 215.139801025391 167.06827987582 170.271281807224 0 120.476890605135 103.837952749922 147.593123242157 119.049502238135 0 132.314081824402 68.5077336153134 108.088646141735 142.993988698195 93.5509876942748 99.3789180864044 90.4848448428193 151.225452375185 179.835374948398 143.735306272206 134.674754871058 0 169.970596313477 102.145260617347 138.24146327257
82.7140978413996 122.141627979214 113.309807065297 0 98.6804024715354 66.9099853992146 52.0236487117922 94.7212626082773 58.4153816275851 25.1102335714284 156.052187245999 44.4865264247977 137.25560914895 106.642337920749 67.5991544848049 100.572641163952 129.56107271156 170.273330688477 0 13.6228625858043 110.354002393576 98.4815921412411 113.082731444868 26.4754577827007 0 150.25335126227 120.740957149544 18.899449037549 101.735524911122 99.2401867916754 0 138.527612740237 87.4254600968916 99.9603213519498 74.3601982866691 89.6050712610541 120.589714050293 103.468539307606 105.71861418306 80.512608329102 107.528582093913 0 95.6261109493789 0 161.168353363366 149.063759381556 112.534202354269 184.185072791467 0 171.389677341564 163.01176776756 172.008255004883 70.7754999091621 156.563471414451 129.055678284462 134.431796041516 153.664503497847 87.3148831655983 133.395354204022 167.601394250374 50.0719515926028 0 152.042204869741 116.006059610447 0 0 0 0 64.497306374539 160.963053206881 109.599533081055 151.69376838577 111.504046833446 0 0 188.881274982927 133.390996986842 181.19347160032 185.976929850744 0 0 0 140.701509925449 112.742909269332
83.613953365865 130.421279907227 147.482192406237 98.6804024715354 0 13.2135247975599 113.977619483659 27.1886632084553 52.7092470163949 112.571009900913 58.5379740117467 64.697244224241 39.2565365541622 35.4853215507312 17.3464925517441 138.879272460938 76.4855270385742 85.1015200676033 64.8629638258532 108.374523019216 0 104.507571043759 0 71.1552449398623 0 91.3571281569883 108.555179220573 110.028961710434 26.1506108722379 114.777967816937 91.6820666583449 10.017830277966 0 15.3349858672672 99.2155511260785 70.8836620499648 72.4759379735922 42.3263875752941 41.5579332820331 15.6194107705642 7.99798284631209 53.5681025392285 82.3714553710917 0 0 117.085571289062 93.4662661752101 0 0 0 0 0 148.69083058286 0 0 0 0 79.0128707885742 0 0 0 0 0 135.593734741211 0 0 0 0 141.480318356708 0 0 184.730041503906 0 0 0 156.936996459961 162.377349853516 0 0 0 0 0 228.614196777344 0
79.6470659681356 124.333969581241 112.949823960247 66.9099853992146 13.2135247975599 0 52.9121823019492 22.4978799956978 63.1103409762029 35.9732701477301 79.1213739613078 33.6096634772453 73.1963891790618 53.5506728012284 21.1560398069189 122.618687822119 121.420672371654 130.713623562806 130.624961904439 53.6350019948167 104.336692082627 112.413581266837 110.978281973872 72.434394546433 126.43812132405 130.569448383921 139.727707088787 75.5414369803009 79.8133905505265 80.1452374531576 104.01700592041 15.9461824780482 101.206492623826 52.4810514394152 16.2115542989787 82.4840471527073 100.300409800131 77.2306502793281 76.0343794639922 23.76287334116 22.9935588026377 74.8076779217732 99.3757419818166 155.067661921004 181.405652705822 135.015467463377 115.667133295269 165.737998490408 0 157.902740479959 0 182.369909277845 152.295888043729 151.350021362305 155.107705159344 145.204915310075 159.449305129722 109.061852329749 156.929797626002 141.068417922175 123.62088480898 163.609817504883 171.112422540053 128.717359441076 142.802774941707 183.791122436523 237.912338256836 0 135.4072036233 169.882805437874 134.294603582786 184.444407342642 127.59921207403 202.241311410765 196.03888038887 182.419865311379 149.46266022526 183.691977530721 160.759073163727 0 192.167020001912 0 186.918507232436 208.64195758855
39.3354003052239 123.036717285946 92.6613830906323 52.0236487117922 113.977619483659 52.9121823019492 0 59.404119709012 58.8825857759676 28.5519732417349 126.506355272034 53.7359861098201 116.020853592661 43.0957242106327 77.5171947974152 90.9419463741332 105.938611986612 150.354871488664 124.33188311652 54.4530847356136 74.8609102898116 81.4926547973538 83.836271898574 53.4435020574778 146.382605006728 118.588381503013 110.31597210704 39.5270362928965 69.4619286706705 27.4803917246532 0 119.965444308654 70.4237832785661 77.1335209434969 100.416090617288 83.6428882334259 95.381328644766 84.708841441325 91.596933212357 77.5641975485054 86.9202020443132 114.725326412717 136.389775898981 155.583118858981 154.561281663076 154.819983964518 126.794574005869 156.778220253331 166.163101196289 137.307051749061 138.877772311403 162.714049279631 142.065196562548 142.095395881308 147.287474955429 129.144077726313 145.66847028841 85.2392108920343 144.646585772152 200.209777832031 119.096327777743 167.649476132058 153.60930422819 125.463129032597 134.587613678913 185.360463388228 0 193.642617364378 129.364863694664 141.514052469965 110.983149094445 155.47186544976 110.24040512811 164.637344360352 197.194081872985 158.409864444846 128.211684675323 149.927639231407 151.294791006372 0 0 147.226818710803 154.448899887908 164.62169157709
46.5675031313425 127.141444795608 110.524937273894 94.7212626082773 27.1886632084553 22.4978799956978 59.404119709012 0 81.3550625748465 52.1949468587406 66.937056615047 76.8706759177809 60.6411995646839 25.3222716118541 36.9770545913974 114.067170330347 112.344930041568 108.189010890626 116.188678338524 84.4409164205079 96.903173197089 105.350932987899 106.143529460985 91.1449526108751 102.055294246784 118.963619087055 126.020298457811 91.8941271591211 57.4997803787239 70.5324347890765 113.109831766274 24.0609735277552 82.8426882440161 43.7145200927155 74.8450068193386 82.2558049263277 95.1954944728374 63.7296893921108 64.7091245717286 31.5422897156671 26.9249259467078 59.5752028345291 162.210973534173 152.541827462361 166.024113015134 151.939788346679 138.257633397301 191.730547302841 129.400894165039 162.296315150872 118.529245084537 175.250092863693 169.348816800148 147.8330078125 165.888976495157 156.101264000424 169.830002114255 109.644443509076 166.88465827 115.200942275535 138.871153197709 108.548045614639 182.121491757521 157.268502123181 160.316237258827 194.066925952262 158.936940547173 187.540655347456 150.188199892352 167.447363193813 142.078876011523 177.614868913506 133.523702455277 117.193751909131 163.507370064063 171.213767337068 151.190675624902 172.544552768674 167.559985716889 177.818222045898 0 175.404146019689 180.289035486685 157.116037858728
65.3453326174627 71.0909169816743 95.630750952687 58.4153816275851 52.7092470163949 63.1103409762029 58.8825857759676 81.3550625748465 0 72.3719750623945 129.955195877492 32.0437438354775 113.201435935657 87.7639726914567 30.002741841053 59.3868368478028 124.012908482179 138.404736160553 127.068715703735 60.499540064583 67.8841870114613 29.1844465853559 86.076484015081 23.5517583376068 101.340393558066 114.3754281758 94.2236358281512 53.9932301597139 81.2753974316114 63.9909022241181 132.237140454807 103.658678947635 67.5300511208297 83.3653859282352 112.839463482411 64.9382117485954 93.4482861949368 92.3445811169362 94.1024960157045 27.4163962974621 85.7916263980784 111.50312786143 73.4995551009938 60.2023817104441 125.602847354177 97.2692679557531 56.9773649558644 109.886308451221 0 100.46525450914 112.506948123017 128.193823569792 87.2057879183239 70.2635829855061 92.5245844484843 85.405166987302 102.492851352681 30.8088567962092 92.566780033585 151.496453868211 65.5169091846079 150.30234572177 104.823284300285 62.5173489929518 67.5644873456619 137.79028697426 0 163.324139249321 77.6692631118213 72.9434496626851 29.9064543772049 82.5132676697178 61.2392576321823 136.663788851236 158.872501116244 133.600574979346 82.0057712434405 107.086127922097 79.3129897932285 166.002543357625 0 92.038675453667 102.078107187571 146.049599358328
77.7297138133633 144.846906451002 109.048255426927 25.1102335714284 112.571009900913 35.9732701477301 28.5519732417349 52.1949468587406 72.3719750623945 0 133.291144726243 24.5190737404885 119.864143143841 73.7994980098239 77.0243862319722 122.735623822801 139.292103791115 170.68617027217 134.764987770809 19.0434483586281 104.380417216205 115.257032979089 108.549499599334 58.8139912558116 154.640182495117 151.728137732234 142.766191559439 34.1060025373878 100.350589982331 86.4461423677446 165.401626067807 128.237912983084 95.3960592588106 97.1668649170931 38.5913133002163 97.3481234991203 126.948875613538 100.556318644863 103.689463140016 82.0340929526725 100.534645736488 145.648955782878 109.722595961722 197.245495062045 181.828810403219 176.046384941549 120.264916948808 175.140182495117 0 143.326346841121 211.634719848633 180.218623872049 118.078478095034 150.357711919721 153.645999021628 146.903239401059 166.400227523473 96.4945172898766 159.385435137992 196.950783105992 105.589194480688 0 166.941499131226 129.135945310626 179.632237434068 0 0 0 140.827738103686 162.044101346583 153.912937579657 179.372543961972 122.425433916727 0 228.451891258537 185.851335469012 150.681643553349 184.392240231905 184.725888743439 0 206.066497802734 159.577323760156 184.737208585184 157.530838666825
95.8985156726616 57.4741177239841 78.1762102420258 156.052187245999 58.5379740117467 79.1213739613078 126.506355272034 66.937056615047 129.955195877492 133.291144726243 0 135.354860907455 19.4566541635106 71.0321081796083 135.354055190046 120.566263475675 50.1378596133812 22.5854538788259 27.3868991856012 138.053266707918 100.126979174115 91.1791381702132 84.7792181463101 145.504967541324 32.9002962632928 29.0771806201365 56.5236667080216 140.321957238316 71.0567918173044 106.420528917181 36.6486226714361 64.9368683530451 82.8812258178785 23.4467792755413 100.699615657824 72.9869467171803 22.4483123661901 22.4984764437823 37.5894866111835 67.7219029473501 50.3726975072727 13.9932328152969 165.259884013001 68.8769753498741 113.774200969567 134.205528100326 128.020706176758 0 57.1786698536033 200.954895019531 79.1474880287121 122.281318017856 212.103042602539 0 223.650909423828 186.001848361785 226.374923706055 176.991304946061 235.960955505145 74.257701800061 0 68.8147105997772 238.143539428711 0 161.806289672852 124.380370032353 93.0886226196875 106.462703985129 194.877670288086 141.653472936125 116.805889471181 145.298919843139 187.437232417109 56.1479756949005 94.8692836179394 98.8013581703394 179.953320949694 178.260544651634 160.523265183105 90.622755285105 0 0 138.88316199767 114.742137730995
89.7019624007022 102.360849327312 140.539808038393 44.4865264247977 64.697244224241 33.6096634772453 53.7359861098201 76.8706759177809 32.0437438354775 24.5190737404885 135.354860907455 0 122.833395444378 97.5269609883458 18.9832272404205 162.215664432336 191.590221346892 152.33166956593 174.509414348357 16.6044233119444 244.680206298828 93.3728440513035 159.798075798901 34.2819319128497 150.116621577082 159.965725112411 160.115961825039 57.117132735711 103.981190451625 129.470300646538 0 111.566906430381 105.884510812022 99.104370311182 18.4872357704603 79.7549421020664 144.467432923295 107.148337747487 108.508640110737 40.3800925318199 101.236247273275 99.9360486800519 79.1138574736735 0 179.677816259796 0 89.9798824366994 134.044235229492 0 159.19580078125 130.219212205538 197.974731445312 128.775152945526 144.160848758902 127.137802759659 127.916010994738 143.747143803065 75.5335282213131 135.732654393377 0 23.4075125445631 0 187.954347144449 102.697692610789 0 0 0 0 100.094262188428 177.231781005859 117.007606506348 0 107.071537449594 228.517730712891 209.710601022515 178.680396307683 137.476603235487 160.695755004883 157.992416381836 0 0 160.848297119141 143.535614013672 214.49089050293
101.318536101084 42.2134031181652 96.3465378231907 137.25560914895 39.2565365541622 73.1963891790618 116.020853592661 60.6411995646839 113.201435935657 119.864143143841 19.4566541635106 122.833395444378 0 74.311194861418 162.160187534256 137.308872570051 80.1075571319531 40.5560711503598 54.7635275708739 157.523441759498 105.234264194863 75.8132555477703 109.851337914435 126.19435731907 20.9875772360097 31.4835466834808 30.7298856611884 132.122383597123 71.0743381846168 114.930620716924 14.1600292086569 58.9930474877176 79.2678308935136 38.7933188376788 72.0908511074012 36.0900682492562 21.7956985861363 18.4371583433391 16.5073791280942 46.1038728533531 14.4503209078635 9.96473578235187 67.092236644037 53.1713663303415 74.1930299378528 43.7439802289811 57.5031764506934 47.461860593361 39.6283925252453 178.984161376953 73.3331533366461 127.869741211316 0 0 73.5802688598633 187.922945447791 93.5151530817173 161.063985292563 0 60.1030403316884 0 58.0074819504706 134.165127520782 0 0 118.966641176508 82.5209434533632 90.6281075029103 0 176.695657640767 103.708670225865 151.967547156049 165.368360095195 46.180578632337 80.3733450399586 86.9086299226319 169.024498321385 143.609491705548 178.796325683594 81.2629312779203 0 0 104.702840654442 78.6670759336387
18.0114830160525 117.133441457199 106.74101464629 106.642337920749 35.4853215507312 53.5506728012284 43.0957242106327 25.3222716118541 87.7639726914567 73.7994980098239 71.0321081796083 97.5269609883458 74.311194861418 0 59.4856260496278 116.845128409609 109.263129559243 106.87514426545 115.560327257871 100.492189665187 93.6738018101674 104.268710973173 102.030846557621 95.9890629444832 113.438056260343 115.782220175119 125.168038796846 92.7794992993409 29.8739847404245 63.7583558980152 130.123344606248 27.2125453796231 59.6730005808379 49.1600481693428 97.4199161812447 74.5069141255282 82.302433212973 66.1627821653609 78.6522953500946 41.9636287223003 42.6667414603696 66.8143421102204 173.030369211163 163.50125035491 165.345605932798 166.16134676168 177.191830479334 186.846801015234 0 161.948313202515 139.164210809375 167.042183128166 180.151446303451 168.522964477539 182.961132286635 162.121657266702 177.390383456419 106.670927052333 176.351592538067 159.271280620653 175.733612553553 113.424293266056 182.785123748765 184.979834559253 159.787990055119 179.426129516462 167.828907676453 218.76806640625 161.437697423434 154.230595864644 116.075133533722 172.05303395376 142.108482391123 128.910240762666 164.56000437764 163.775906156478 155.102801676197 173.248184608659 166.301650073495 0 0 170.021171755013 168.456680507346 158.529327703755
100.595356959547 111.146299446886 139.903896420181 67.5991544848049 17.3464925517441 21.1560398069189 77.5171947974152 36.9770545913974 30.002741841053 77.0243862319722 135.354055190046 18.9832272404205 162.160187534256 59.4856260496278 0 0 153.556861211612 0 162.407527094147 60.9242623871371 134.36571702085 84.7470031875362 147.832158598473 45.823031030683 167.158574627354 167.092146291428 133.705555096255 85.1162118123845 71.4296226111593 117.453127531358 0 36.929678765138 121.468236344949 63.7416572776933 29.1174976913547 52.982694110553 167.870553847279 113.95154109887 110.56830808247 14.0432589977864 27.9005517178087 171.049194335938 80.4606351107739 0 0 0 88.6431831889766 0 0 0 0 0 125.3687301657 0 141.840508328335 130.633159710276 137.348907851592 59.1431850562182 129.855006767532 0 90.8518162144773 0 104.969902038574 96.6761091176422 0 0 0 0 115.502402568388 151.547653198242 95.0902862548828 174.874693724827 106.116314412204 0 0 167.400061760001 132.952457621955 169.731353759766 0 0 0 0 0 172.614242553711
88.5415542319113 71.0516875493582 86.5601411821065 100.572641163952 138.879272460938 122.618687822119 90.9419463741332 114.067170330347 59.3868368478028 122.735623822801 120.566263475675 162.215664432336 137.308872570051 116.845128409609 0 0 106.551296884889 135.528575719807 122.97204702263 95.2980618926735 21.5932238713694 34.8326213197895 21.2315933200563 41.0065637310778 95.3604492422154 108.194517380157 32.585845712241 35.6150060063495 94.351704441809 79.9991626929107 0 198.324568736893 80.9848677051895 68.0294168714685 128.24490698076 74.7881795694855 57.7623929142248 72.88076467605 75.4763453846138 85.4400391034461 90.3056845637641 103.994674682617 111.055101105522 93.0115062722952 117.357098660607 113.908511569271 126.495868802768 138.674448221579 0 127.829718963696 99.1562295158597 121.91610899507 0 0 152.640930175781 140.584339687658 159.924743878675 72.5458108585095 188.91888246287 133.023510523818 0 0 151.280779477059 0 99.3822077584465 134.199596156052 197.567626953125 159.164583583177 0 104.178919532058 58.8637674518952 104.532540100657 101.25967151372 0 138.329444765686 105.528690197607 106.383107013802 133.646721121328 118.975317660289 0 0 111.509950561388 112.856981404832 143.256335822339
90.7006150021422 54.0161646527175 44.428050354203 129.56107271156 76.4855270385742 121.420672371654 105.938611986612 112.344930041568 124.012908482179 139.292103791115 50.1378596133812 191.590221346892 80.1075571319531 109.263129559243 153.556861211612 106.551296884889 0 52.2387415562803 21.7238180003808 142.819915276096 57.9267415906152 81.8227110643046 32.3432036495322 126.227134291666 70.2434987404727 42.4779089984584 64.8975817653404 102.64252650091 94.0593368825077 71.7146413571574 91.6761010710541 85.4863211939214 82.526833915521 37.0036580628598 124.506533396907 76.7171565223865 56.3760128808739 48.7380613816423 60.5286842652637 94.6859942958714 96.0650811008014 112.102875564347 132.537983477155 99.1036176829486 118.889041054454 118.963204740994 154.493526372929 103.480583190918 0 167.064513568079 73.127155593331 105.327638233104 0 0 237.487824266032 172.124171023302 199.407013910311 146.598808442238 209.21086567235 134.489796328482 199.523848073382 122.247474100466 190.767331265696 0 144.809770406028 114.545077731149 143.502891073761 118.207107015472 217.129379272461 152.387111307925 85.5665102828766 128.314943023117 178.184646498721 97.3996996963344 103.981725131812 103.15288564424 180.409470944317 161.417637377072 166.53409598889 126.676020703342 0 0 115.960612900212 135.283476101795
137.950940875728 63.323584260357 76.4173540462548 170.273330688477 85.1015200676033 130.713623562806 150.354871488664 108.189010890626 138.404736160553 170.68617027217 22.5854538788259 152.33166956593 40.5560711503598 106.87514426545 0 135.528575719807 52.2387415562803 0 16.3996245835796 157.438019332391 108.742060508858 98.2457989855238 97.5636752158154 158.02526165263 42.3313126098985 24.105203448178 59.4175495640385 150.469443240566 105.930698801636 119.535873034617 46.0277100920745 95.5744396230463 113.692925119188 54.8911303454304 129.722174352615 82.6283712504043 43.9773378468557 50.2277092057442 60.0355088136808 92.9584624448286 100.410827636719 49.1142882791699 139.254547797236 115.392307498865 128.612654183404 152.648387520414 225.935433109573 0 72.2156813188299 0 85.3939313926177 139.253891196169 0 0 0 207.691487152187 215.474105834961 159.930356185576 0 89.7625205994453 0 80.7780307653268 184.231248634486 0 0 126.679711248561 98.4189354252647 106.117099250024 193.379928588867 0 135.536859745206 0 0 64.6128432229184 95.6202838334762 100.111240853079 212.013454657836 0 0 94.8502923196186 0 0 146.45179185089 140.920935372975
110.968083546878 55.0088593066894 63.5089379412529 0 64.8629638258532 130.624961904439 124.33188311652 116.188678338524 127.068715703735 134.764987770809 27.3868991856012 174.509414348357 54.7635275708739 115.560327257871 162.407527094147 122.97204702263 21.7238180003808 16.3996245835796 0 219.270966504991 85.9926004530836 95.0736290654305 73.1180734439174 142.073080880138 46.9402907785839 33.9978230389397 63.6310999277646 124.084714600878 107.143311810728 91.8381485240537 64.3332639699198 88.8043628137255 93.4240539685889 46.5339472745855 128.338602311799 86.8310649715677 53.9983158345214 54.4494273924214 66.6861609251337 111.047599143896 93.5211695382296 51.4579526696411 140.300690259114 115.027285756787 122.146402004948 128.722925226151 0 0 76.7607881921036 0 70.038533058084 117.485729015278 0 0 0 194.403422774819 228.681976318359 159.484904195899 0 100.613099738473 224.780456542969 91.8253228008916 211.170030534323 0 0 121.508585347177 103.889428006604 108.076601073427 0 205.98078918457 114.501330729213 147.357550170983 216.184453964013 71.3813139263067 100.163399222255 103.298338494328 199.333942698294 0 188.109819563638 113.676567759349 0 0 119.308608673536 197.719680786133
90.2528359862661 156.62255629672 141.294829051575 13.6228625858043 108.374523019216 53.6350019948167 54.4530847356136 84.4409164205079 60.499540064583 19.0434483586281 138.053266707918 16.6044233119444 157.523441759498 100.492189665187 60.9242623871371 95.2980618926735 142.819915276096 157.438019332391 219.270966504991 0 134.022813762531 118.57871315509 141.902735957902 26.1851609306725 0 173.3897753003 160.008058731979 29.0801535055746 106.945528488511 132.699417192675 0 132.944195806653 109.010384768117 99.6497409682324 37.3339710618738 92.7218893612308 112.997269685575 102.750071967715 103.388687099006 75.3958590077187 102.009768242853 140.995094831248 104.600170680386 0 159.013924351993 189.649597167969 105.68038985484 0 0 135.395446777344 0 0 134.625132805193 124.406135559082 138.606678014625 140.352886256894 157.190027120218 91.1564777815664 148.503527379286 0 53.1522270726816 227.320053100586 143.331831449352 119.575968975722 0 0 0 0 130.818457452781 183.099623363834 139.457366943359 174.636474609375 111.544928949356 174.533676147461 242.482788085938 191.442092895508 142.885239666926 188.539880963941 217.363662719727 0 0 177.921768188477 189.917457413018 0
74.9168964227759 93.1056707211846 64.7884129770452 110.354002393576 0 104.336692082627 74.8609102898116 96.903173197089 67.8841870114613 104.380417216205 100.126979174115 244.680206298828 105.234264194863 93.6738018101674 134.36571702085 21.5932238713694 57.9267415906152 108.742060508858 85.9926004530836 134.022813762531 0 57.7387344656749 36.8620124509201 46.2366374922647 124.446134715626 93.3182269445691 78.7751630413257 30.6129359810431 79.1357523060048 31.7226001493484 145.96354675293 134.956425868449 71.9075254529093 44.0741537513134 116.281895294404 67.9218326082838 56.5526149671304 61.6196587508499 66.2137869214263 80.3356718820479 86.9472190005253 145.125719680919 131.891987598635 125.297979066673 139.646320464236 129.732564884167 154.061135543939 134.567558917199 0 138.478060345932 113.00581729485 134.097487111509 152.390427289987 0 164.501460496013 141.311559369746 156.562515220066 78.5858106612101 147.107759038509 180.514815288851 187.075912475586 207.691848754883 164.153990643524 0 114.674875904018 148.749711906859 0 191.217921955997 187.883758544922 117.828951804875 74.4025307119991 119.058162627223 112.101242714149 129.668258666992 166.21641345861 128.967663949787 123.759583308636 150.879909886503 126.304302467672 0 0 129.668075545519 136.317071997614 138.407460662562
83.8303957061628 30.3483526562514 53.5240190995645 98.4815921412411 104.507571043759 112.413581266837 81.4926547973538 105.350932987899 29.1844465853559 115.257032979089 91.1791381702132 93.3728440513035 75.8132555477703 104.268710973173 84.7470031875362 34.8326213197895 81.8227110643046 98.2457989855238 95.0736290654305 118.57871315509 57.7387344656749 0 52.2083584541247 37.1057251907435 63.2308493848164 83.166883025906 41.2672503838318 55.6118334708194 81.9657338703155 65.6878481965996 98.3105122289256 134.574828236083 61.6031380674384 58.6475200280326 114.627381574923 61.3662493866963 45.1414709212935 56.7599599491363 60.6548386474089 70.2466893911019 75.1220609811686 74.1862598261514 81.3597560815965 64.2841649440084 81.5506844754797 82.9913416654652 142.740728882332 91.7889862060547 89.8325576782227 114.216671943652 53.8156430459838 73.4910413819524 179.873004024812 0 144.109163621918 117.782653883068 148.227381285775 66.2605036237634 133.765314560697 141.949560540974 136.81975169746 120.283145915544 136.681044721531 129.35152055666 65.7036713671062 91.8971690337318 0 140.515709616931 123.879501342773 83.8007308468739 23.4316684997077 71.290489621353 84.4283919771417 102.035285228083 129.932189709965 66.7373957633212 97.6442338743177 121.933896272535 100.484909284961 0 0 122.529574074657 80.0656012530184 131.678954054586
87.4263026015648 68.6234796419107 37.3977636774234 113.082731444868 0 110.978281973872 83.836271898574 106.143529460985 86.076484015081 108.549499599334 84.7792181463101 159.798075798901 109.851337914435 102.030846557621 147.832158598473 21.2315933200563 32.3432036495322 97.5636752158154 73.1180734439174 141.902735957902 36.8620124509201 52.2083584541247 0 71.6782565149198 107.973359016119 70.1802478571795 47.9540004143273 56.8673885795167 91.6707703126905 55.1253436772032 104.029928385655 145.12664756194 78.8321229218032 48.2228254316287 119.195987572225 68.4590318468974 48.4521187592429 57.7414522938707 64.8234394287924 78.8031664389142 94.3023109086823 100.695913826112 121.041201618877 103.398606146892 111.873955594397 119.7165248846 134.32386089349 136.513583535188 117.556191023877 154.456221150008 95.1044614835512 108.358423816603 178.013411048557 0 179.233320561625 154.026625660512 172.12603063364 102.291397066314 176.624688488266 155.296766773796 143.202148992343 171.529641227951 179.297645106845 162.097412109375 102.639574932208 127.994206457449 165.159236890263 139.912292310655 198.486221313477 128.737648667629 66.943854254051 108.523998715598 126.255534608732 120.469990198943 139.035881523546 101.884897583311 139.382555581139 158.054437721979 137.395807780571 0 0 148.903271203073 123.085528044561 147.48212597771
75.2284926562657 82.1731423997777 99.9107768661907 26.4754577827007 71.1552449398623 72.434394546433 53.4435020574778 91.1449526108751 23.5517583376068 58.8139912558116 145.504967541324 34.2819319128497 126.19435731907 95.9890629444832 45.823031030683 41.0065637310778 126.227134291666 158.02526165263 142.073080880138 26.1851609306725 46.2366374922647 37.1057251907435 71.6782565149198 0 114.184643567239 125.216573187931 83.9694995018907 23.3449593671494 88.8222523253336 73.7060051692063 145.449055465283 121.476630207976 75.9354824478091 79.310607315695 125.368195839009 79.8696028177743 95.1809187558309 89.4970951931976 89.3136281979498 53.8208496131046 94.6723471401879 132.384932220807 117.719203516466 119.700017341296 132.364870378163 130.396785395366 96.75202849547 142.735980682759 173.317016601562 123.634403396313 126.254933404539 148.479595761888 117.615708975922 116.208226799831 125.029948227887 113.326838370022 128.835414653585 60.4031234297899 121.244287231565 158.981386162155 98.2359673224126 178.569843264163 137.794717161535 87.6947569484658 118.209966133863 147.219788834209 214.916381835938 180.14652722281 103.87055743324 117.433578553391 75.7968921576757 129.440085901105 91.0877006824714 160.650456885786 173.27285680399 136.019948915087 108.917988906371 136.4945132937 121.760029591048 0 213.716705322266 122.777225227018 133.932559543195 161.559211322366
156.183005105731 24.8985594240609 82.8703299958247 0 0 126.43812132405 146.382605006728 102.055294246784 101.340393558066 154.640182495117 32.9002962632928 150.116621577082 20.9875772360097 113.438056260343 167.158574627354 95.3604492422154 70.2434987404727 42.3313126098985 46.9402907785839 0 124.446134715626 63.2308493848164 107.973359016119 114.184643567239 0 36.9917856291731 31.6517529818129 135.751972605051 98.1586424581545 129.204150908504 43.595060981408 118.118968065844 123.338088989258 56.4067485135469 116.04863389624 81.569441959834 25.9563613885474 50.8569628599762 60.0585789583532 115.603075131841 103.344237533435 14.4188345835112 105.283557824617 54.0662591289349 71.8894620323295 62.4864208519766 156.6776019596 0 32.1677007855374 164.702026367188 44.6004339671096 89.1603638342556 0 0 0 187.683368910548 124.586097717285 130.812971711843 0 53.8493780634314 0 43.1700113893439 132.340480573422 0 102.477536992121 90.4002528504376 66.0123554796809 74.1738511672131 0 167.636583705394 63.8739774496238 109.717736756316 178.451558642217 28.330603601267 66.7297366825621 69.2981948476789 146.122114018526 140.402487586567 135.897451700473 64.562649554645 0 0 101.980778935273 0
106.290086084263 43.7443877402335 29.8284325284781 150.25335126227 91.3571281569883 130.569448383921 118.588381503013 118.963619087055 114.3754281758 151.728137732234 29.0771806201365 159.965725112411 31.4835466834808 115.782220175119 167.092146291428 108.194517380157 42.4779089984584 24.105203448178 33.9978230389397 173.3897753003 93.3182269445691 83.166883025906 70.1802478571795 125.216573187931 36.9917856291731 0 33.6740582432586 114.476215231187 108.555132481446 100.054260657585 23.4180680942422 103.293521858231 102.848740610558 56.1340398058989 132.836717257497 79.7141193644154 49.8505261274716 54.927087434301 62.8200644524743 104.25942301265 95.600487865133 57.3859185405881 123.91126328931 88.3404374344507 105.825259682054 109.260727390038 144.993994205099 150.128721923532 77.2564940240918 179.236090776787 62.069681450612 98.7088315217618 208.286712646484 0 211.364068280343 174.437209960132 185.005956296468 165.531842142211 204.62654960357 91.3169593651316 189.908630371094 79.0746363522618 179.690478249936 191.765637798148 143.867141485915 103.621838375716 94.2033545991229 96.5025430755127 0 152.742614813456 93.3540838596858 137.839738794331 173.882046265948 63.5752340407232 87.5537889080223 89.6448114134701 189.42697238079 160.693020328873 154.914886344793 95.5431092020711 171.889714055128 166.217974805246 107.131712432564 135.557884776127
117.350822354373 32.167832344916 39.2140835053288 120.740957149544 108.555179220573 139.727707088787 110.31597210704 126.020298457811 94.2236358281512 142.766191559439 56.5236667080216 160.115961825039 30.7298856611884 125.168038796846 133.705555096255 32.585845712241 64.8975817653404 59.4175495640385 63.6310999277646 160.008058731979 78.7751630413257 41.2672503838318 47.9540004143273 83.9694995018907 31.6517529818129 33.6740582432586 0 82.4877985167489 114.246108934419 101.383535025246 22.3838970154967 105.906989563759 105.43699409228 66.0954962400939 127.322606822061 76.8361680676937 52.8896998215878 60.9068373079044 67.6287856778173 92.130464886822 96.463426648282 72.1740978563098 116.810181103851 89.8694409527544 100.802083966453 109.054360678156 138.640631505878 130.170532200747 94.5823374133663 147.821106205236 59.9961749274633 91.8425480595291 192.90061900044 0 187.114452774943 154.588670332968 177.959415324536 133.681244717335 183.79134683492 101.969116375649 187.605468063012 89.3350990027688 173.078135114494 171.355010986328 105.32434200199 102.220029067271 100.932942269679 103.567186002632 176.325345744053 126.893772992446 64.0096993956159 103.110423012874 139.250928383318 67.7367965416354 91.2672246593418 90.0264510742621 150.683146143326 167.208397135474 143.146987844702 105.722933790339 241.431991577148 146.874096535199 106.630456442511 146.441829264376
75.9286152228607 101.169938181327 81.6089824768332 18.899449037549 110.028961710434 75.5414369803009 39.5270362928965 91.8941271591211 53.9932301597139 34.1060025373878 140.321957238316 57.117132735711 132.122383597123 92.7794992993409 85.1162118123845 35.6150060063495 102.64252650091 150.469443240566 124.084714600878 29.0801535055746 30.6129359810431 55.6118334708194 56.8673885795167 23.3449593671494 135.751972605051 114.476215231187 82.4877985167489 0 86.4677395667116 45.4366415035567 153.115982250941 133.376057295627 72.3577200873972 67.2068603781018 120.37061337696 77.0362893216802 76.2281311713915 79.168789645463 79.6974064565152 84.0163211320355 95.1171056158871 134.501199929707 127.85819223023 130.785229402458 141.663488262942 140.666409449085 119.61873447499 149.669637373706 0 131.801922447481 132.448750784794 146.704590072297 134.850952311098 144.944015297612 145.648286949857 124.320754035389 144.561402379807 78.6939400303778 146.535238746047 177.461848267202 118.399101332195 0 147.668925578563 126.123050108352 120.114636389503 170.402438101254 167.600296020508 206.648743738995 131.236103415053 121.067259728233 87.2372213811001 137.502026705535 107.304722867958 0 182.483191483877 148.109665627326 121.176181001815 143.451116835343 131.93901652024 230.032135009766 201.601576753347 133.135619391793 137.17427953726 165.589350715465
19.8842578076813 110.774531530818 106.422018340415 101.735524911122 26.1506108722379 79.8133905505265 69.4619286706705 57.4997803787239 81.2753974316114 100.350589982331 71.0567918173044 103.981190451625 71.0743381846168 29.8739847404245 71.4296226111593 94.351704441809 94.0593368825077 105.930698801636 107.143311810728 106.945528488511 79.1357523060048 81.9657338703155 91.6707703126905 88.8222523253336 98.1586424581545 108.555132481446 114.246108934419 86.4677395667116 0 32.1834170894459 125.222898849766 14.9694758609283 17.0648585709805 34.4694583358638 101.563084342812 65.0691868698241 83.7526449086325 53.5736936639769 62.2568454947288 49.5609449278738 30.0172522949607 68.0341169442536 157.785227649124 133.436102065813 155.142601466768 153.869463569078 157.009862501985 174.93649703882 94.015380859375 161.346609272498 153.292581309122 166.652881783374 176.091877515828 0 183.887877591901 153.073662623488 169.82467374776 102.664253875111 176.237491008084 175.441895295962 154.21346454265 127.144430662736 174.389106427123 0 146.071537625933 160.81931355302 0 0 176.250542653836 137.796996958486 105.766364257842 151.567330428465 136.324859352833 134.089492797852 161.317837186198 158.769614868706 144.91122779108 167.069981204977 151.376790338755 0 0 151.149851751739 162.415658680011 119.340485754348
31.2590172501053 103.991628065974 74.471121612529 99.2401867916754 114.777967816937 80.1452374531576 27.4803917246532 70.5324347890765 63.9909022241181 86.4461423677446 106.420528917181 129.470300646538 114.930620716924 63.7583558980152 117.453127531358 79.9991626929107 71.7146413571574 119.535873034617 91.8381485240537 132.699417192675 31.7226001493484 65.6878481965996 55.1253436772032 73.7060051692063 129.204150908504 100.054260657585 101.383535025246 45.4366415035567 32.1834170894459 0 146.528884887695 114.288853422757 46.1136303820156 42.4907327388504 112.344885527989 67.7094397146243 70.8684775339981 63.2277695158571 68.8926656203062 78.0670990110307 78.2193340648631 0 136.527502729477 141.276382290893 144.82446740239 142.261142880022 144.600792722722 152.139034791648 0 136.15062906788 123.101768347229 143.532220253598 149.074266528319 0 181.60494284384 133.354113891215 162.760013564214 82.7248194775154 173.661118819852 214.441606360279 145.987365722656 0 161.260103496106 181.802066689203 121.542910573828 151.359561030383 0 166.375315126139 141.730547550766 127.408973820056 90.4643214235208 140.035867449019 114.847842285532 148.725890771184 165.95142009268 142.739086921926 126.937662770552 147.274491752101 139.495363873484 228.223052978516 211.625427246094 140.344695575074 140.524238502455 155.526765882467
0 61.7821710278698 95.0640899281626 0 91.6820666583449 104.01700592041 0 113.109831766274 132.237140454807 165.401626067807 36.6486226714361 0 14.1600292086569 130.123344606248 0 0 91.6761010710541 46.0277100920745 64.3332639699198 0 145.96354675293 98.3105122289256 104.029928385655 145.449055465283 43.595060981408 23.4180680942422 22.3838970154967 153.115982250941 125.222898849766 146.528884887695 0 121.124450683594 0 71.4612944811894 0 103.501692744486 54.0241698325669 63.506599925206 79.8363270564485 147.361595223683 90.493717733996 54.03676585625 225.586929321289 96.9600557695415 111.284746673382 140.149352065593 160.146673087268 0 93.6592919361682 0 107.527464966773 0 0 0 0 181.462585449219 0 179.145261985759 0 92.7627273558414 0 83.0363313097336 154.371612548828 0 0 0 104.892192825144 116.66376718512 0 157.4207034114 0 135.898489374804 194.845031738281 66.6710768717453 97.3917728169133 103.684232395428 0 0 151.642364501953 104.532339053476 0 0 125.756138963369 0
