0 111.245724375386 103.365608904272 85.4776626625994 78.1986580649027 55.5480840699946 35.4856678357717 45.3901443714276 81.0539134085891 77.8617866935098 103.55718923439 84.0378302303117 71.6870854809841 16.5726919735197 78.7006786672218 92.121103068789 105.943121413923 126.567994377826 125.165748128677 71.7910344303569 85.6994567909545 85.5371225394041 93.4361124796336 80.3751815976741 146.703828801095 124.091776461885 119.992553052163 80.2481753561855 16.7817727404774 35.4653531587375 171.193353442608 78.0283551529572 35.1565719597131 51.7579149423372 121.623806395165 65.895056173106 92.6179833054847 62.9488335672103 74.3931282496203 50.7062585876858 60.6899130756781 81.5140723644312 143.973341484674 169.30339050293 161.538147723557 103.923049926758 135.019813882962 0 0 160.606506347656 182.441131591797 208.643383542109 153.509698935764 0 0 147.750253364965 167.232230812211 102.458913056928 142.586853027344 0 123.781401358201 0 169.543759016188 0 129.567337425385 0 0 0 0 146.721278802003 150.965218515926 167.923948652973 128.678020029328 0 191.941062771004 168.309497940714 146.561525360343 189.4143615411 135.490005493164 0 220.578308105469 0 0 122.748058745895
111.245724375386 0 41.1966680965792 145.098673967282 119.975799686804 133.277338914771 112.470027843037 135.338931672651 63.4167356321596 142.3077298926 60.4386103485219 94.6800966017238 40.5708705049111 132.372288617085 94.1469244836369 58.3512630469561 58.2709707620018 67.985254786937 61.3330324301236 114.813510897879 86.632891043508 27.0677689024626 67.2640115545865 78.9168085330259 23.5082631599829 46.5575331403313 27.2228313377758 98.965657038237 121.288677399698 101.456785856955 61.0777570847827 167.035385131836 100.413657346683 56.5996149032286 147.708741568959 75.2819924858141 47.4124074465062 56.002286868725 59.881794520945 85.77160594656 98.8528689760082 40.4805000424121 82.0803557165099 61.2157478984014 65.3309936320612 80.8640183354552 168.72917175293 239.708419799805 0 130.064010620117 21.870529927349 61.9805778837139 200.499572753906 0 0 138.532295835831 133.598129272461 78.1617551389211 180.91002937604 74.5021855656649 0 56.3869725991627 157.665441775883 0 98.4760738295213 70.7827807476344 72.8599567060745 68.2298074292759 0 113.715809682634 31.6607499457975 83.9609625965553 116.764205462906 28.4274364286807 60.6260309559831 56.0317859733619 142.911349220084 225.759164162457 109.867981624553 120.206904443208 0 0 77.6641535014122 152.85212080459
103.365608904272 41.1966680965792 0 122.689150483904 0 127.160470221955 91.1866344257769 117.115895272246 94.6969240676589 114.784074697606 78.4092061832666 137.721834749563 87.1993997823271 111.195838358169 121.93807879677 75.625689968622 33.0132243724446 74.324510060784 56.7887849963498 112.060203335804 58.3296419728304 47.0190833161888 34.5024593119462 93.8291806142481 67.6246031349556 30.1657825993435 34.9140330473123 79.870157205381 108.438861303211 78.3568994417199 83.4322549386204 143.438659667969 93.4274004104416 66.5389203033887 138.864788059286 71.9919903719994 47.3961945527823 56.6063888438879 60.817205079068 91.0173930119991 109.802614100891 119.942717799158 110.63022213127 88.1259758483586 95.4006438154399 102.802562019003 108.313049316406 104.557319641113 104.263168314671 155.664234048322 57.4631515287762 88.6271313411568 0 0 191.671050215553 150.338003266542 177.849690131011 123.807603460271 183.094573737741 156.995989112704 0 115.681294163193 159.501256133887 0 105.979365877689 102.443141784932 134.15553087498 124.40932145469 0 128.845605932938 66.9991026182511 101.473931430362 143.052759912775 88.0551741066862 103.05959107302 85.0515284940588 140.216254926531 142.621150496621 132.112535032512 129.582565307617 0 119.534973144531 108.163333110161 156.671138939581
85.4776626625994 145.098673967282 122.689150483904 0 152.566471149515 56.5101151864982 51.1086376073172 80.5280649755935 66.7335190504869 22.9621784919209 0 35.184143397445 0 89.6466374741469 80.1291192587648 78.4857903398695 149.455857158341 0 138.196502685547 12.4229599448553 116.674153979434 87.3679605375653 118.060527630643 32.0525268684084 124.188590692681 160.879630556562 118.536770560065 18.7747351367796 102.211692954112 110.15272111086 0 96.9767379760742 100.154222704358 96.3148172157886 143.044550947154 93.4655224702197 118.042248458828 96.9002437302927 92.5950292453362 85.4742787887055 102.311694011617 0 110.718224406733 0 196.674545288086 160.509429931641 117.251409631834 165.390670776367 0 123.713226090257 106.730690002441 0 26.0813316566211 0 129.142665031299 144.559923035374 162.275673137664 94.635901731334 33.6941558866545 0 21.0392593876032 0 155.686566628358 104.896796103407 171.0537109375 0 0 0 47.2043437603091 176.786674090262 151.485338636183 0 114.537238266459 0 210.061080932617 158.216049194336 89.2847936442606 195.389703596356 146.937615813326 0 0 0 189.205352783203 0
78.1986580649027 119.975799686804 0 152.566471149515 0 12.2626302533192 106.457539502802 35.1714553626262 46.2728947779045 114.05589009734 62.1596744711635 56.6302812385227 41.7278046120754 46.8959309795626 17.2165720948562 115.631660461426 163.844299316406 87.9834682955454 0 88.7326226348294 144.317153552067 104.709841966288 141.496254956675 81.99922010365 141.117797851562 0 191.163388786945 116.725484141269 35.1388277062701 125.111822761641 0 12.7453575918439 73.0661722761246 14.1832403932381 121.744238830184 71.8241694787126 0 37.359436545271 70.3330176631654 11.2237224368063 9.38087030561203 0 0 0 0 0 0 0 0 0 0 0 0 0 0 151.703628540039 0 0 0 0 0 0 0 0 0 0 0 0 0 0 0 0 148.15608215332 0 0 207.325958251953 0 0 0 0 0 0 0 0
55.5480840699946 133.277338914771 127.160470221955 56.5101151864982 12.2626302533192 0 52.1393530074046 23.4984616083832 71.9861709662943 32.0860325884352 78.0561052037247 26.9084660406056 47.0291132339821 41.5305669059019 19.2618736045812 112.560853904649 130.598496955889 145.930144808479 118.848157275037 40.9237369209242 114.325313886787 111.413022439697 117.409726985173 67.7624338840409 107.868419882661 152.223264719156 141.703162414925 65.3972979146291 38.6035376023644 86.1527646798838 120.346412658691 16.4566821047011 80.7664030772948 25.9782367391541 129.389866731286 79.8548630812612 90.14791199363 48.475846984013 67.9596857214206 18.9193429623856 17.9685651675466 62.0494803620777 193.616699235019 0 167.951538085938 157.812545776367 106.631366088589 0 0 161.456882818496 173.2021484375 0 157.908415086381 0 172.937555064955 158.473747179783 157.420597030082 103.987962453597 169.493857045374 0 102.114055396256 0 226.975311279297 118.57929876292 163.909052228321 0 0 0 159.350224954634 151.076652316741 200.169042851921 182.232756311446 142.036075883405 0 0 160.443939208984 157.721519809974 188.118439221645 175.361431965011 0 0 186.74745726261 179.93943855753 121.2694438938
35.4856678357717 112.470027843037 91.1866344257769 51.1086376073172 106.457539502802 52.1393530074046 0 52.1966386993778 58.7648041732226 31.2487041177281 89.9940324213528 49.4447573890875 77.2943574137955 41.0390023391489 72.8355809173331 84.998833641658 104.836901833332 145.200270438455 124.329484252747 34.4729745601064 73.7934198860763 77.8511334233264 84.0206896646419 49.9395367555721 140.120973938952 118.305596223293 107.787936344479 38.809686935299 54.905978987864 32.9334507513958 0 105.627540134366 62.6635529373528 69.0303975141805 134.746223934933 80.2541593597728 90.2416927441147 79.925887677791 87.7404575035832 71.5606949260934 82.0903863046964 125.909569038861 137.403154080856 139.503257461093 154.80378529574 156.040160411289 125.238147960692 151.688338102326 0 145.464402116293 146.173836996449 159.333006988609 139.849592102307 174.032537555003 156.000275686254 131.421213863733 152.390295045785 80.535022374536 142.589326656442 0 129.537027737415 172.165566699517 163.802982483027 116.158215489441 133.493389133799 169.984072036744 0 180.960983276367 133.748732287554 149.613804343237 103.620515342498 159.62746654759 116.687840216063 164.366237255836 174.389388654421 151.569426583796 130.116892338847 169.108773057753 151.164806954471 0 0 138.212217516228 146.53204115947 154.901180333032
45.3901443714276 135.338931672651 117.115895272246 80.5280649755935 35.1714553626262 23.4984616083832 52.1966386993778 0 82.5226835466032 47.7923900155105 75.5255019021456 56.042686225236 56.5261724331924 19.4934335917964 39.2120766414827 114.536117583187 128.752632324155 140.356785426048 142.474450187104 70.5204470710811 103.716169102179 103.70264524481 112.025993248716 76.7802303964532 122.597308863882 137.913257070022 136.220730939285 84.9950993693409 39.8754851522144 76.6000429820692 122.324285287111 19.4908238081624 80.436253895521 46.5272682928148 130.174099191308 85.745874567168 105.35654432062 61.6646466635808 87.5296766998678 39.1582711419156 35.5161762142496 63.6344037406848 177.166478715333 152.274527966738 171.198172386678 98.8981126817727 173.834522907249 125.859680900462 0 190.151310945085 177.260995082829 167.207190314788 176.39371918058 212.883010864258 163.372129786306 158.072393502064 174.971583500381 107.664190352668 169.733817805476 0 136.784988372397 0 182.094545652788 128.151799874268 155.638853970998 195.195986311719 0 0 163.488758086968 171.302261794995 123.538636612097 175.06114609475 144.172122808103 176.11181640625 173.439872691707 185.091257044631 153.724758103457 183.533337859763 183.739376385165 0 0 155.023040771484 216.546141000875 145.133248461957
81.0539134085891 63.4167356321596 94.6969240676589 66.7335190504869 46.2728947779045 71.9861709662943 58.7648041732226 82.5226835466032 0 76.7999956918944 119.217403845813 18.5370839238522 110.483344487523 86.3974658821383 21.056789621099 56.3670289003218 115.650244202755 126.415614053037 126.863808695107 56.6598236140844 79.8926934369635 26.8116610300667 90.6740569581027 25.2589846373126 93.2968228931962 112.405668726145 86.8661639361756 53.2277481692215 84.3048004378437 62.7153611455003 117.500237062918 113.62412188536 61.3094455053337 77.6641214467368 140.460134963362 54.9532781184717 91.3123940278278 87.512813816219 84.3481736288794 12.7056267825338 95.4191667643675 110.572273508353 101.615929554815 0 110.145878830323 150.298650953719 55.529449050776 122.981800785955 0 105.086501746723 72.1233004706482 114.083531007041 93.1065827303211 0 99.3794465625227 86.4241318056647 107.146553475729 32.5118526515591 98.9404147504044 150.347702026367 75.5131060806004 0 123.591480403852 56.6831036049049 83.7581076265051 180.449325317291 184.346878051758 0 79.6095417020302 96.8783534815309 32.1591697191245 119.608678404144 56.011460269825 110.313617561233 140.456429617282 110.162753938823 86.3870471349506 118.266499413664 97.1669879621403 0 167.607162475586 105.43086130889 115.013634431236 163.260347512712
77.8617866935098 142.3077298926 114.784074697606 22.9621784919209 114.05589009734 32.0860325884352 31.2487041177281 47.7923900155105 76.7999956918944 0 131.792847618404 18.7829050341294 119.329329966051 57.5051298060843 71.930362993846 110.172222762577 134.763381055042 151.392868041992 153.991729216032 16.9546154550701 103.969247170426 103.54984865442 111.870479831692 59.3821468144711 163.266649627015 141.626758792643 130.873383449681 38.2954221182083 98.5394584774402 90.2222642793904 164.526260375977 120.142211963607 90.2243938992396 98.1574093087925 154.626123511724 97.9226048400277 103.804024781702 98.4110921556348 101.65058220218 76.7852597383072 98.3261198823558 124.21347811148 163.796486585771 165.840020251284 187.698708172397 151.701461791992 129.526623194855 208.958341740495 0 168.277668326802 146.642123874603 172.655417928622 161.723624696914 145.389007568359 167.363623478306 151.141453898439 176.015189910584 104.564768138377 163.723967502664 0 52.3241140657029 0 186.11777578368 134.649169542133 161.570197895934 180.359531951422 0 188.487335205078 154.657080725825 163.719443027545 142.328714853011 171.211940059047 135.049406652785 0 0 187.133911831904 155.722518026056 168.590196952922 176.359802535569 0 213.81266784668 181.324890136719 195.692599982445 182.60576983852
103.55718923439 60.4386103485219 78.4092061832666 0 62.1596744711635 78.0561052037247 89.9940324213528 75.5255019021456 119.217403845813 131.792847618404 0 116.545501708984 19.8784352913404 79.0487564606735 0 130.636067716332 58.8723632922501 23.5355662221985 31.1632727232186 152.361624323528 98.8543007066077 88.7597238727543 81.6253775597878 138.438543223084 28.1467934365906 29.409784412179 46.5377733861552 147.76794226381 72.5419866715911 111.537004055412 19.2784713462528 66.3700143775073 105.347570958556 23.1438784073434 126.132801967757 74.2490984950721 25.059360950809 27.2612844076962 51.8040047682475 56.991250614385 46.4785990821666 16.3169848393963 161.466506324513 110.565243050363 122.776947287377 177.741845080525 139.226791381836 0 161.464584350586 0 86.3115157391074 126.210038912047 0 0 0 0 0 0 0 99.312712227836 0 69.7725327144996 0 0 0 120.173415444856 103.934403866646 109.87324614345 0 0 117.736625671387 150.161679791067 177.002777099609 58.2701241245907 104.677228415722 103.366449799358 0 0 0 98.196915486343 0 0 148.469287704875 132.50192392886
84.0378302303117 94.6800966017238 137.721834749563 35.184143397445 56.6302812385227 26.9084660406056 49.4447573890875 56.042686225236 18.5370839238522 18.7829050341294 116.545501708984 0 106.720325102228 79.6640257745888 17.3486896644023 118.651462041335 158.984079676998 0 0 11.9303903255727 116.91929042572 62.4209486127874 119.195869062133 39.0284775755151 117.392861130125 159.264032661675 120.293078906564 47.9530346847272 94.3886264621506 124.963960769841 0 100.756006706231 93.9710632956571 92.2517672599471 161.377783308744 55.9649931917728 129.990570068359 95.680789551403 84.3808787935236 18.4656010074337 89.6023339488546 0 70.8718675617821 0 0 0 93.7825557519663 213.325408935547 0 0 0 0 120.68860590247 0 154.610136114594 122.004663973798 136.520843907967 64.2450767202728 129.293160533026 0 14.9355313612273 0 146.294339905314 77.0121282417105 0 0 0 0 103.056471903845 108.214706420898 51.4381256103516 212.871154785156 110.025238496267 0 0 169.402130126953 130.036442225397 166.8447265625 133.895162952982 0 0 130.962905883789 0 0
71.6870854809841 40.5708705049111 87.1993997823271 0 41.7278046120754 47.0291132339821 77.2943574137955 56.5261724331924 110.483344487523 119.329329966051 19.8784352913404 106.720325102228 0 60.7922207476589 130.10908222488 108.447510201761 78.8073729961071 46.6746466415062 54.0054292442749 0 114.596287572884 74.8819087315876 103.823742545317 125.073378060137 16.60404391404 25.2095615055172 23.1954308545883 121.058348785064 50.7263000974516 104.70187498116 12.2309934861936 46.2078979823866 75.4656530711154 17.8882661695228 77.5995170305024 34.0184021863019 15.0968346200408 19.7892809000092 15.7562057173188 28.2556708103742 13.0438819728061 9.61326385427157 80.7978569829527 80.8248971137731 69.1808615651244 56.9793183451442 46.9770153736906 29.9518066183442 54.3545112609863 87.4524917602539 66.4287710026149 119.676093021492 0 0 0 115.506957189675 206.154647827148 0 0 49.8555955402927 0 46.7304694207412 110.303909158722 0 0 0 95.4470926324434 113.227675142421 0 0 89.0717678533011 137.159956763587 149.829177856445 46.9865564557091 85.446434330048 91.2089177261846 200.658564620644 97.6707326098783 0 87.9153277650872 0 0 33.81102260875 80.8562827155771
16.5726919735197 132.372288617085 111.195838358169 89.6466374741469 46.8959309795626 41.5305669059019 41.0390023391489 19.4934335917964 86.3974658821383 57.5051298060843 79.0487564606735 79.6640257745888 60.7922207476589 0 48.3825509110637 105.26379014787 118.056329373667 123.23534542013 128.620951331457 74.7186693243533 99.0291776866029 98.1866324797115 105.291011456958 84.8736249361092 141.326549337841 132.955971332057 132.787022630249 87.1079828835391 28.4167409333841 62.0011054185984 136.87371545968 24.0774882915681 50.6881409945394 46.2924797088516 127.413047882929 73.9496763973592 97.9748179233337 59.3235660700341 83.6183052435263 40.7239054876982 46.2134568940225 79.7472342253925 169.527458739336 138.708908081055 175.867458441299 137.056634847822 138.099205835547 193.74966517488 0 167.075248383304 166.369676519687 176.983199190611 169.806278629842 0 174.156659806743 160.718281490745 190.488362259004 108.088162159107 167.694704811815 209.391998291016 163.243590351152 0 197.469933553558 0 143.471485898706 189.323822021484 185.613006591797 196.401809692383 159.362518310547 164.339195322872 137.892631954154 178.322843289739 144.296904695659 0 162.3446559301 167.323206219581 157.654024351867 198.930209013721 163.540496577433 0 0 174.676806227499 185.507446902441 142.689056297772
78.7006786672218 94.1469244836369 121.93807879677 80.1291192587648 17.2165720948562 19.2618736045812 72.8355809173331 39.2120766414827 21.056789621099 71.930362993846 0 17.3486896644023 130.10908222488 48.3825509110637 0 89.6454478161257 0 152.041939249993 112.394830797823 47.2927848425804 0 66.5704194383276 129.15776196604 43.8626901759015 120.027342057859 142.190975044805 120.775437614693 78.28420077418 54.4584406527307 105.753686024872 0 37.2517408235591 87.5474555921678 30.9398590041774 124.160466948924 39.8273332021883 129.201309204102 71.9061784690881 0 10.3059621598871 22.0135048303531 132.598190307617 92.8657952033054 0 0 180.505889892578 72.9769131118995 0 0 119.733589172363 0 0 123.613998340942 0 0 119.305902409218 132.613533318352 57.2942700696721 121.197289930391 0 97.9276644534825 0 165.298690795898 0 136.200744628906 0 0 0 123.394821166992 0 60.7409867647099 0 94.5572414672623 0 0 0 118.828539304636 164.626738678132 223.804595947266 0 0 0 0 0
92.121103068789 58.3512630469561 75.625689968622 78.4857903398695 115.631660461426 112.560853904649 84.998833641658 114.536117583187 56.3670289003218 110.172222762577 130.636067716332 118.651462041335 108.447510201761 105.26379014787 89.6454478161257 0 98.2754365836998 135.477329584816 109.129201889764 89.897294343128 21.7537044937642 32.279229291292 18.8075559372683 36.6600276718814 92.1577257380541 99.6476962979505 31.5491813007613 35.7338897380531 89.5103395616752 76.2593260695946 0 132.861913061829 71.9010820789871 63.8767187580501 136.599373630337 67.9760725682467 54.3889566311568 67.3556488793898 70.5341719520755 78.2308130003175 107.079211467291 118.434748521541 107.640118284007 85.4880280893791 105.639402764749 112.145882119648 117.52242970625 177.412374592549 0 121.834869694667 104.579850793544 110.11429712289 0 0 156.364564645876 127.374939138432 160.717793092602 104.321065477474 149.461948165377 216.221954345703 0 212.252471923828 150.790552577947 152.459683709023 95.5705740512453 144.375597818243 0 148.171809863145 115.329482129551 108.303370169601 57.1253758942351 103.561105565807 107.466379036224 135.078292012764 133.796797964474 98.7050208530293 111.902071913884 137.553989116872 117.486044519355 0 0 120.499601612767 102.456588917459 157.28169303869
105.943121413923 58.2709707620018 33.0132243724446 149.455857158341 163.844299316406 130.598496955889 104.836901833332 128.752632324155 115.650244202755 134.763381055042 58.8723632922501 158.984079676998 78.8073729961071 118.056329373667 0 98.2754365836998 0 55.0832422369262 20.7817828622613 143.694000244141 56.0876696361858 76.2480028938774 29.2481674323341 119.650228793516 71.8137700278271 31.7736875442681 64.0965648417827 99.7953207709246 103.235221974912 73.9173105711792 87.68995807264 133.113225305284 97.530681330523 35.924995653003 137.671360431807 72.0872418521242 43.4073143589953 43.9696604332519 58.3166390798664 84.3927648004959 98.2959457317942 73.2036977335646 136.668447242323 108.728358599117 116.798545620901 111.150234682916 0 0 0 179.66471862793 76.9627911474807 105.218457042979 0 0 0 179.525779842619 220.654418945312 0 0 131.136374114233 0 111.743969921711 199.234162298118 0 128.397678367201 116.310162399436 127.26646734551 130.86865202862 0 152.801080848101 98.6106560022169 131.133583665146 165.536570693211 96.6911935158027 112.801724431969 104.935439291783 174.757813287178 212.234344482422 157.981132123903 163.1591796875 0 0 118.646370436177 142.364845528262
126.567994377826 67.985254786937 74.324510060784 0 87.9834682955454 145.930144808479 145.200270438455 140.356785426048 126.415614053037 151.392868041992 23.5355662221985 0 46.6746466415062 123.23534542013 152.041939249993 135.477329584816 55.0832422369262 0 19.7647624112714 0 107.833911043252 105.233770164749 88.2379673406072 181.302270450871 46.901785403487 25.6427725766022 57.0564612338294 143.529776721907 113.208002988714 119.132948517794 49.9648056603972 81.7454230067087 0 50.1384205646857 150.582901000977 87.7818394327993 49.0407976300283 51.3180596838399 73.4111638052317 104.684044013985 57.5642776489258 53.6176023873184 191.503242274356 168.103424594604 127.94025106797 0 0 0 0 0 95.7997262644473 140.122314453125 0 0 0 0 0 168.088455200195 0 110.249816831478 0 82.7228493310804 0 0 0 0 98.0853819373987 95.7717072725423 0 0 134.341598510742 164.730824729486 216.050033569336 67.3751144414113 105.70355948484 103.651346277597 246.465789794922 0 0 100.304380348813 0 0 150.320358276367 0
125.165748128677 61.3330324301236 56.7887849963498 138.196502685547 0 118.848157275037 124.329484252747 142.474450187104 126.863808695107 153.991729216032 31.1632727232186 0 54.0054292442749 128.620951331457 112.394830797823 109.129201889764 20.7817828622613 19.7647624112714 0 0 83.9067795675298 93.256831021418 64.2985903182111 135.382877867575 47.9729506119951 27.6639130247929 59.5528689547974 126.681587884433 109.199472018312 97.6929874117619 61.3311922365852 115.241752624512 118.026632686277 38.6912204134541 148.502180590203 78.8163514780475 46.2399217246246 44.4800753497497 57.658058924833 99.8281873084441 67.370252608677 59.1629711671114 156.384691954484 119.577433091107 116.707715365745 132.343598191597 0 0 0 0 79.4218696603693 122.240670290741 0 0 0 0 0 145.447883100917 0 136.390099125874 0 97.9372679194338 185.455304813423 0 126.101226806641 139.877819441217 107.643704788511 110.630814191927 0 159.645715845905 119.327607076917 156.912479742841 150.742904663086 69.679938628986 101.807194963701 105.638011520483 184.092207430735 0 0 108.317815986391 0 0 109.152216735905 142.211782849433
71.7910344303569 114.813510897879 112.060203335804 12.4229599448553 88.7326226348294 40.9237369209242 34.4729745601064 70.5204470710811 56.6598236140844 16.9546154550701 152.361624323528 11.9303903255727 0 74.7186693243533 47.2927848425804 89.897294343128 143.694000244141 0 0 0 98.7545849155105 88.6589775780971 110.968524113558 27.5651936178693 166.792801381746 148.343069606094 122.795966324934 29.4763588668732 87.0230395081172 94.1155732696232 0 109.557934629947 81.1548189707758 85.0395439031618 150.84741727608 85.48022244567 116.517706696844 84.1640277398915 103.753006457341 50.2343178943928 85.465033807077 0 153.733932495117 0 143.61574283098 118.513336181641 114.68290889579 0 0 147.95133972168 0 174.995803833008 146.802173456276 0 154.739242384034 133.815359744136 167.776797774983 86.2675637715138 151.593979842314 0 26.222080131415 0 168.929908410888 112.336532792053 126.588523864746 0 0 0 149.801867034151 244.793167114258 160.198929877188 148.454687788174 123.094720334316 0 0 0 135.871099376527 172.998060131572 140.857315460954 0 0 0 156.032777720665 173.821823120117
85.6994567909545 86.632891043508 58.3296419728304 116.674153979434 144.317153552067 114.325313886787 73.7934198860763 103.716169102179 79.8926934369635 103.969247170426 98.8543007066077 116.91929042572 114.596287572884 99.0291776866029 0 21.7537044937642 56.0876696361858 107.833911043252 83.9067795675298 98.7545849155105 0 55.2854253260704 35.8383467886911 41.60916411085 111.438720454283 86.7647434995756 71.358330346542 33.2525834395234 83.424002725069 37.1842807108064 122.275083797591 154.775049529541 71.0948078767675 37.477277381436 129.325354989595 65.0797001951624 61.0762777858729 56.2229755787681 64.9424579695908 74.6373459814298 89.279817911507 110.54874675356 125.842247076822 124.620416888602 134.153770476265 126.174938874058 127.393914774107 155.879694652193 108.133605957031 135.734863779414 104.796909426913 124.310807554938 147.076907749966 0 204.156305203839 136.28206550108 165.43997816253 100.96743812787 148.147077709143 180.1875 0 209.700947587373 153.027733991392 205.761489868164 103.552928294805 138.603589393853 156.437576293945 171.634175656908 0 120.89797307121 80.5632204148166 127.818102211186 115.460016593606 121.065498352051 151.524879425219 125.941157297631 125.841594236215 149.702689636141 129.063259709617 0 0 146.756064956853 133.436227978491 144.774633560009
85.5371225394041 27.0677689024626 47.0190833161888 87.3679605375653 104.709841966288 111.413022439697 77.8511334233264 103.70264524481 26.8116610300667 103.54984865442 88.7597238727543 62.4209486127874 74.8819087315876 98.1866324797115 66.5704194383276 32.279229291292 76.2480028938774 105.233770164749 93.256831021418 88.6589775780971 55.2854253260704 0 50.9744072692549 32.0562013303039 58.5401262226497 78.8982386292396 29.2028975746969 58.8019165586037 83.5223066174142 65.5347637861597 91.5171056579696 151.965497584937 63.3325842206008 59.4007666814862 122.567261326716 63.3827203532925 48.4757473644518 57.5295355306286 61.1402226067056 61.1719447593024 104.79472993398 77.2320361742531 85.3473505332626 93.862350946683 79.3788872854982 110.135432342252 105.847900365166 0 0 106.388464401641 79.2290646805238 70.4182196292012 121.443893432617 0 114.555410875192 108.222851443732 143.491868404527 47.1665438888364 121.143232900405 0 88.4811096518741 111.57847305667 126.830746499408 0 69.3573097395791 88.3848429483212 136.603841306233 107.989132743101 102.414248366249 89.0884142915865 19.1256123641487 83.3459103730248 73.7403704002342 79.0812785925503 104.829927700126 68.3883259246885 89.6926050660301 106.044973554629 96.7541737378167 0 0 100.787394138857 82.8823085095697 139.790243638656
93.4361124796336 67.2640115545865 34.5024593119462 118.060527630643 141.496254956675 117.409726985173 84.0206896646419 112.025993248716 90.6740569581027 111.870479831692 81.6253775597878 119.195869062133 103.823742545317 105.291011456958 129.15776196604 18.8075559372683 29.2481674323341 88.2379673406072 64.2985903182111 110.968524113558 35.8383467886911 50.9744072692549 0 64.578150374766 96.1147882857963 61.7922635688691 43.3441276203792 57.6237457227058 94.5281065721642 57.248297531954 106.99632045945 151.128815619622 80.1563817458453 42.7049240653746 127.886113364458 65.1915769976848 46.7047622863362 51.3565506840821 60.4752661709769 74.0666323102399 94.2368805016315 93.55566916688 122.348992919741 115.558965839689 111.060401505425 119.820621683984 133.036832291734 169.010778999841 129.497122933873 169.014763573033 85.1595135036931 106.121350566769 184.36106767678 0 180.102623759054 148.995574309742 179.25084338054 106.318214426442 179.088496808527 146.577569829846 193.32058669558 145.79079855005 170.258202276344 0 101.477874240221 116.993553983584 171.898549626546 141.86566138032 164.426435753519 127.114483141285 77.3127322264218 107.893928935347 127.956615741693 118.6731682409 134.312502266802 100.118862340248 133.943444160555 156.189594284911 132.129143930973 0 219.625106811523 141.354545022181 114.993040283574 140.394275131062
80.3751815976741 78.9168085330259 93.8291806142481 32.0525268684084 81.99922010365 67.7624338840409 49.9395367555721 76.7802303964532 25.2589846373126 59.3821468144711 138.438543223084 39.0284775755151 125.073378060137 84.8736249361092 43.8626901759015 36.6600276718814 119.650228793516 181.302270450871 135.382877867575 27.5651936178693 41.60916411085 32.0562013303039 64.578150374766 0 111.730665914764 121.943100268571 78.9884830087121 21.1039556701273 84.8073841609359 64.8254646548324 138.999217626946 127.954814083206 70.203549075007 74.6515801653567 139.869687464221 75.8932657377874 91.7558937861941 84.6933752196814 90.6092954070762 43.8174777405989 90.4548434913224 138.040397277791 121.518578915197 122.801524270466 130.377363378434 134.452907609727 106.834808248481 143.610365505497 173.628921508789 130.527920703988 103.821536389264 144.803710350112 124.045519822822 0 132.725416344784 113.618745507329 137.135344332599 62.7976168849969 124.951914939027 207.306017592248 118.207086725683 0 145.561855644998 93.5528196896813 106.074248588229 159.174421853986 223.608422315452 180.26688011083 118.276355499425 117.803080080474 72.6587276671678 130.15620683149 87.7925278058101 118.792974005756 181.201604616592 131.412736407321 110.093773687043 142.685847082258 123.770647899184 0 186.579208374023 133.841766498459 126.700327575134 168.776997405415
146.703828801095 23.5082631599829 67.6246031349556 124.188590692681 141.117797851562 107.868419882661 140.120973938952 122.597308863882 93.2968228931962 163.266649627015 28.1467934365906 117.392861130125 16.60404391404 141.326549337841 120.027342057859 92.1577257380541 71.8137700278271 46.901785403487 47.9729506119951 166.792801381746 111.438720454283 58.5401262226497 96.1147882857963 111.730665914764 0 39.4122606802244 26.8666751891443 128.780065312544 112.289826291264 129.380545970684 43.1771189152376 106.201065063477 152.310028076172 45.6029610179245 127.042296511708 46.5500544052476 18.099111845618 44.4110302354501 42.8794853567611 105.883628590311 77.18872972477 13.4206330574072 119.032218272668 47.9283932787265 80.7113049775686 91.149047863194 129.581527709961 0 33.5959683309658 0 39.0693945240814 97.2340312817616 0 0 0 0 0 0 0 53.8965210150493 0 38.3777322585613 118.325683437618 0 107.883764677769 102.893687996053 64.6214732525578 71.3545068563288 0 122.265250996669 78.3039933657714 122.820214803418 190.306228637695 20.7907988452337 58.7509703156221 58.890388485167 184.49739074707 0 189.102722167969 58.7896386845508 0 0 75.1516587733685 82.2701451063802
124.091776461885 46.5575331403313 30.1657825993435 160.879630556562 0 152.223264719156 118.305596223293 137.913257070022 112.405668726145 141.626758792643 29.409784412179 159.264032661675 25.2095615055172 132.955971332057 142.190975044805 99.6476962979505 31.7736875442681 25.6427725766022 27.6639130247929 148.343069606094 86.7647434995756 78.8982386292396 61.7922635688691 121.943100268571 39.4122606802244 0 27.4605588660438 118.360001485486 118.766287877583 99.7204492382979 22.8136471882827 151.417057537913 109.765829686915 52.227687343032 141.535138535255 78.6924527851195 50.509770220734 53.4932964352929 61.850222828147 99.4919493646769 84.5347482684128 59.873634188523 130.563298653254 96.995090337295 106.539534451451 127.949555690793 122.60111153435 120.132926940918 117.75174840516 0 63.6145184933124 103.429822485066 0 0 0 194.770279851799 220.754409790039 143.303918840876 203.179359303828 98.6801044951106 0 85.3866637773205 0 0 142.251579008969 111.116617480805 100.547512118765 103.850074161763 0 150.059396603761 102.087122886183 133.139562038255 177.391730544533 62.4949110416031 95.3536449755036 90.5592508553211 182.709229452604 0 151.988720304662 107.377329788719 0 134.58349609375 104.862444515943 162.680394806501
119.992553052163 27.2228313377758 34.9140330473123 118.536770560065 191.163388786945 141.703162414925 107.787936344479 136.220730939285 86.8661639361756 130.873383449681 46.5377733861552 120.293078906564 23.1954308545883 132.787022630249 120.775437614693 31.5491813007613 64.0965648417827 57.0564612338294 59.5528689547974 122.795966324934 71.358330346542 29.2028975746969 43.3441276203792 78.9884830087121 26.8666751891443 27.4605588660438 0 82.4714285628429 121.22172371719 98.6042969905168 14.0735850767846 135.452225541101 99.5222487708607 62.2919428914971 136.361953030425 74.810164462739 54.2710825202199 60.7752689114273 67.0080151854381 82.0652490472627 92.0800671005981 54.0373095991176 110.963541185428 91.5742047714993 95.2581448190692 104.346525670156 139.616484881536 144.636620060397 100.117518193102 158.96457572742 56.2768482785571 89.4818855542979 171.967381065574 0 161.666519165039 142.57274590622 172.177771727184 118.063724173019 154.885016379076 103.748529862528 185.560240132048 85.6751853785092 161.063997188663 0 95.3957763896535 101.319230998918 101.166366372399 105.068826634966 227.668533325195 121.039255637258 63.2193780050018 99.9004224509122 128.667303315981 57.8173675509235 92.8280767436661 83.892805050301 134.394872962871 149.607124342423 131.367357348692 105.863950072946 0 129.801346702021 106.231150437053 143.078232035899
80.2481753561855 98.965657038237 79.870157205381 18.7747351367796 116.725484141269 65.3972979146291 38.809686935299 84.9950993693409 53.2277481692215 38.2954221182083 147.76794226381 47.9530346847272 121.058348785064 87.1079828835391 78.28420077418 35.7338897380531 99.7953207709246 143.529776721907 126.681587884433 29.4763588668732 33.2525834395234 58.8019165586037 57.6237457227058 21.1039556701273 128.780065312544 118.360001485486 82.4714285628429 0 82.8567121227463 41.3968208950587 152.393314926336 131.894621496863 67.3385635874504 63.6645773277404 140.136353525171 74.6261227726086 83.5399919385273 78.3722234159401 82.5008176621522 78.6077475945764 97.1253582572323 131.047816342506 128.566109704073 141.138805198313 138.402685077347 141.026742082576 115.589495812637 167.425122322644 0 143.38424887625 131.510467338096 151.230871814579 140.808752304071 202.659658048489 146.33498779422 127.151491458687 152.306258294456 81.2474979728092 139.181902392224 0 130.127576573095 0 153.809378215364 118.701668871632 113.840084649478 159.728227704099 0 215.592888061549 132.269832089729 124.826263492627 96.3589388799554 140.755253499374 107.947727211842 152.866108502285 195.896883389715 134.952432089163 122.385706166622 152.985066214662 132.890621696456 0 0 137.503998434638 137.996542283822 157.588802262502
16.7817727404774 121.288677399698 108.438861303211 102.211692954112 35.1388277062701 38.6035376023644 54.905978987864 39.8754851522144 84.3048004378437 98.5394584774402 72.5419866715911 94.3886264621506 50.7263000974516 28.4167409333841 54.4584406527307 89.5103395616752 103.235221974912 113.208002988714 109.199472018312 87.0230395081172 83.424002725069 83.5223066174142 94.5281065721642 84.8073841609359 112.289826291264 118.766287877583 121.22172371719 82.8567121227463 0 39.4235271125615 133.54036340162 18.0334570956799 17.5437176311397 32.7539191061351 112.004296365495 61.928867377835 77.9154622885449 47.1671254225227 63.5185111229962 40.9299367449064 33.7552973837021 66.0512312167539 157.319414099944 112.540977478027 152.25797546807 114.143699185583 162.216629202729 92.7545700073242 0 158.361458677113 135.64017660291 182.892921770907 169.386436437628 0 178.246895740882 158.103562835425 195.135394746075 110.305944377348 170.798438440543 0 158.292366965635 0 186.948176546778 147.409072875977 123.818639218967 207.981375316234 0 0 153.055896810161 139.674595423666 112.112449151117 179.761860691383 133.976262322598 0 187.344775043249 152.878888870663 146.645955872561 180.678765426032 152.601741578201 0 0 147.847767518772 160.0777982871 117.372323831566
35.4653531587375 101.456785856955 78.3568994417199 110.15272111086 125.111822761641 86.1527646798838 32.9334507513958 76.6000429820692 62.7153611455003 90.2222642793904 111.537004055412 124.963960769841 104.70187498116 62.0011054185984 105.753686024872 76.2593260695946 73.9173105711792 119.132948517794 97.6929874117619 94.1155732696232 37.1842807108064 65.5347637861597 57.248297531954 64.8254646548324 129.380545970684 99.7204492382979 98.6042969905168 41.3968208950587 39.4235271125615 0 144.736067158037 107.88063517282 47.6264472908585 34.7208393671168 122.942832963003 63.6127402178658 72.3417145225966 56.8219856777145 67.7838184486295 73.321414474814 73.4669788284234 93.5951364140782 135.844346104172 192.225746869035 141.92567514852 123.246121251287 136.465803327628 147.573446436176 127.554672241211 139.384564506034 124.060577843587 154.757580332774 153.805345126754 0 168.506758822291 139.836384621707 153.191554200741 85.0244452715765 146.251320807063 187.344055175781 135.042621787877 143.194244384766 158.852199338678 145.972728103499 113.436698902098 163.367021569037 0 162.83271333276 156.666103686387 132.026632962045 90.5302336387786 148.625416463787 116.92328126527 181.482623224528 147.094536762693 140.608082169754 125.561592334043 150.275845545605 132.912294967367 0 0 133.461932979794 124.593141317687 130.508117528001
171.193353442608 61.0777570847827 83.4322549386204 0 0 120.346412658691 0 122.324285287111 117.500237062918 164.526260375977 19.2784713462528 0 12.2309934861936 136.87371545968 0 0 87.68995807264 49.9648056603972 61.3311922365852 0 122.275083797591 91.5171056579696 106.99632045945 138.999217626946 43.1771189152376 22.8136471882827 14.0735850767846 152.393314926336 133.54036340162 144.736067158037 0 0 0 67.5760980722751 0 100.802590705023 55.7408753846704 60.9158524792664 90.0441567173682 107.762529561719 82.3629913330078 55.0209407679584 0 0 0 0 0 0 0 0 121.827838490847 142.219370868708 0 0 0 0 0 0 0 97.0429458618164 0 84.4921165590616 0 0 0 109.844795227051 100.479707123046 105.753510816768 0 0 0 0 179.310623168945 66.7003196164776 99.154883071635 108.984341721052 0 0 0 100.194151921076 0 0 0 0
78.0283551529572 167.035385131836 143.438659667969 96.9767379760742 12.7453575918439 16.4566821047011 105.627540134366 19.4908238081624 113.62412188536 120.142211963607 66.3700143775073 100.756006706231 46.2078979823866 24.0774882915681 37.2517408235591 132.861913061829 133.113225305284 81.7454230067087 115.241752624512 109.557934629947 154.775049529541 151.965497584937 151.128815619622 127.954814083206 106.201065063477 151.417057537913 135.452225541101 131.894621496863 18.0334570956799 107.88063517282 0 0 68.2057648346571 21.1275621143585 120.498545843788 76.2389553584659 74.8689935271863 40.1474479888501 73.3432561597205 37.3237238757728 19.2510176939523 70.3736621584608 100.954551696777 142.688339233398 0 0 201.42219543457 0 0 0 0 0 0 0 0 0 0 0 0 0 0 0 0 0 0 0 0 0 0 0 0 0 191.528625488281 0 0 0 169.743759155273 0 0 0 0 0 0 0
35.1565719597131 100.413657346683 93.4274004104416 100.154222704358 73.0661722761246 80.7664030772948 62.6635529373528 80.436253895521 61.3094455053337 90.2243938992396 105.347570958556 93.9710632956571 75.4656530711154 50.6881409945394 87.5474555921678 71.9010820789871 97.530681330523 0 118.026632686277 81.1548189707758 71.0948078767675 63.3325842206008 80.1563817458453 70.203549075007 152.310028076172 109.765829686915 99.5222487708607 67.3385635874504 17.5437176311397 47.6264472908585 0 68.2057648346571 0 19.7649759609343 97.7722306912161 43.5372150094778 60.4285566955204 33.8090749741539 40.0223470286789 46.5791508301524 51.0248380217466 71.931631551079 142.590387361854 91.9900360107422 118.098747253418 0 0 0 0 141.109853444123 0 158.476716311469 0 0 161.858310171163 140.129205480894 151.352480992256 117.964080810547 176.292327879573 0 153.114196777344 0 143.813064575195 0 107.009520712034 0 0 0 0 126.634897576053 81.7387729910646 161.249470155799 123.161076634982 0 0 130.12882666244 133.738547626599 147.77099609375 158.498612749841 0 0 118.321358475122 0 115.324169080473
