0 13.5221965909004 208.477642714977 27.6623648703098 14.4403131604195 359.046916365623 3741.11965167522 1756.89311000705 166.927371352911 437.487001299858 46.7489982247353 30.844655841589 3.28827100992203 11064.732544899 8.67570608854294 27.7540313005447 170.101570188999 5.46471393108368 22.4158579707146 25.046688169241 241.217196464539 55.8636670410633 407.385662853718 278.526461094618 1.50133889913559 92.1206730008125 96.4242028594017 515.283227145672 16088.410767436 3980.12651175261 0.778496444225311 24.6717514097691 225.731280833483 581.53331387043 15.7843920588493 283.506473869085 13.3034581542015 364.648446768522 42.4685544073582 49.1137194931507 43.7147195935249 3.04830026626587 20.348945081234 0.856063783168793 9.22815725207329 5.07486426830292 1.30573093891144 0 0 0.975548624992371 0 0.764101266860962 0.485582709312439 0 0 9.71236610412598 4.51900088787079 1.58536839485168 2.05324441194534 0 0 0 6.45460519194603 0 9.83906236290932 0 0 0 0 9.1634920835495 6.53921920061111 8.14763626456261 55.4660416841507 0 0.616280615329742 6.26404118537903 66.7981350421906 2.75432771444321 3.65215140581131 0 0 0 4.96957778930664 3.40324872732162
13.5221965909004 0 164.095841556787 7.63445425033569 1.10124480724335 4.2900647521019 33.2837986797094 7.96819326281548 592.665515899658 2.75622579455376 249.262083381414 26.958643168211 762.88541418314 16.1250750720501 36.4884796440601 84.2027966976166 562.485388785601 73.9649436175823 303.631013989449 2.59627947211266 34.9133304059505 2985.03987932205 199.247079104185 459.45474216342 3902.34243670106 875.1607439816 5882.06926637888 31.1874185502529 19.4253049492836 47.8568077981472 32.4603214859962 1.03204354643822 3.9691658616066 371.489554643631 9.67661762237549 403.437380045652 277.697643816471 902.141271859407 217.309634655714 39.1002978086472 7.44111973047256 38.2834928929806 30.6515533924103 27.3093429207802 79.3532071709633 17.7071608304977 0.932569950819016 0 0.60387647151947 0 122.870239913464 30.8586814701557 0 0 0 2.64605805277824 0.320839405059814 3.15624696016312 0 19.5706880092621 0 22.8718674182892 1.50179994106293 0 3.34851485490799 23.7326743602753 10.1001692116261 36.7259361147881 0 1.38650947809219 15.087716460228 21.5055894553661 8.55972838401794 59.5046656131744 86.1019140481949 226.152515739202 6.19257047772408 0 5.45744836330414 3.20076364278793 0 1.25306057929993 21.8913120627403 6.24181261658669
208.477642714977 164.095841556787 0 17.5301890075207 0.963928669691086 113.477989733219 1713.47016775608 212.433657079935 52.5668594241142 87.2104495465755 136.187567740679 5.11429780721664 27.1381358206272 325.888760954142 2.48942077159882 116.087311714888 4179.02819705009 64.7550856769085 485.575999230146 7.80636635422707 1737.6572343111 363.634773820639 16303.6009595096 217.952972978354 32.8432710468769 15592.6290019155 8971.84409993887 980.38812816143 206.583401501179 1527.30674374104 11.44674295187 3.17509832978249 37.185750156641 859.956125974655 58.3056657612324 1507.45793664455 519.148861974478 2093.33745509386 686.276735931635 120.736189991236 20.0412659645081 3.12604761123657 144.451868206263 48.0216475725174 139.827512919903 56.4651840031147 10.1417878568172 1.36733531951904 0.553312480449677 0.485534340143204 47.0448899269104 134.664119333029 0 0 0 21.1449754834175 1.85446098446846 5.18726524710655 0.661826491355896 4.25582405924797 0 5.26838621497154 0.693854451179504 1.15807521343231 23.8651332557201 37.9648495018482 3.2812066078186 11.0312211811543 0 23.2652147710323 66.8433493673801 147.81194075942 20.6008005440235 9.5594055056572 31.2183812558651 316.613604158163 27.799545109272 5.01639449596405 13.302095413208 0.595382511615753 0 0 42.969828993082 25.0342350006104
27.6623648703098 7.63445425033569 17.5301890075207 0 0 212.310751914978 396.283143758774 54.9278079867363 480.388426214457 7178.74993792176 0.802302926778793 1585.88458111882 0 48.6816078722477 68.8593190312386 3.05224487185478 1.61144468188286 0 0.905881702899933 27945.1995826662 4.4007893204689 13.6728399395943 24.2060186564922 1429.0174472928 0.463400453329086 4.45220670104027 13.9268130064011 13458.7198194265 53.1238170266151 10.8456886410713 0.449030727148056 1.83814311027527 6.57189786434174 21.1784426569939 4.61480313539505 56.3726443350315 1.00519314408302 45.48087438941 8.32895478606224 122.817213892937 5.99246561527252 0.701210498809814 4.24706098437309 0 0.421582460403442 1.79743075370789 14.5308817028999 0 0 0 1.48629730939865 0.732883512973785 406.656729638577 0 4.8295291364193 20.2130580544472 1.98926913738251 32.3153529763222 18.6924026608467 0 55.4216555953026 0 0.995023190975189 4.17108929157257 1.0195289850235 0 0 0 85.2030926942825 0.36419153213501 5.92770433425903 0 66.318886756897 0 0.315135776996613 0 65.2995797991753 0 0 0 0 0 2.35007199645042 0
14.4403131604195 1.10124480724335 0.963928669691086 0 0 5725.57679635286 13.4427738189697 1228.64232045412 64.8457005620003 14.0443957149982 53.6384407877922 71.1114559471607 9.09266346693039 446.393280118704 2949.63477915525 1.45320844650269 1.12854707241058 1.61455941200256 0.288477748632431 2.93267786502838 3.3125696182251 2.11234429478645 0.826103806495667 31.5675536692142 1.58558914065361 1.48710486292839 7.19669333100319 9.05612716078758 850.109431624413 5.83644872903824 0 2842.97252953053 3.09637024998665 1168.70869252086 7.82272499799728 36.9600526988506 3.33015239238739 166.906975269318 25.8379926681519 5986.78163513541 2349.11301887035 10.4808329939842 0 0 0 0 0 0 0 0 0.987349987030029 0 0 0 0 1.4853743314743 0 0.956250309944153 0 0 0 0 0 0 0 0 0 0 0 0 0 1.36937773227692 0 0 0.73392915725708 0 0 0 0 0 0 0 0 4.47960382699966
359.046916365623 4.2900647521019 113.477989733219 212.310751914978 5725.57679635286 0 4162.31072229147 22982.8662213534 271.962473958731 19677.1781932116 114.532920062542 9225.32608950138 13.8824918866158 4436.89360383153 3540.61891829967 14.1521116495132 38.3375488221645 3.17358992993832 12.6088820397854 1148.78396812081 102.025897800922 18.6744813024998 186.659001037478 414.632920339704 0.817488819360733 48.0152202546597 60.0800228714943 878.565121352673 1740.64771345258 210.498367160559 0.635749697685242 1836.62738023698 23.9746504426003 653.487820148468 173.858700662851 257.92167365551 14.8860978484154 317.597998201847 39.9787571430206 4936.73751920462 945.85503706336 7.62763425707817 9.70698368549347 0.429694384336472 3.30550754070282 2.75145530700684 13.2869734764099 0 0 4.09942001104355 0 0.900026261806488 10.4963808953762 0.540485680103302 3.26625430583954 45.2147879302502 6.78283044695854 25.5955210030079 14.9434640109539 0 3.10312640666962 0 5.00869646668434 1.35178899765015 2.98001116514206 0 0 0 3.5582882463932 2.00859293341637 0.958450376987457 4.86902424693108 85.96628677845 0 0 5.58996742963791 97.6228252053261 3.47010540962219 7.40333154797554 0 0 0.625432074069977 3.42301028966904 2.30930170416832
3741.11965167522 33.2837986797094 1713.47016775608 396.283143758774 13.4427738189697 4162.31072229147 0 2910.58500865102 1125.69999828935 13857.6723718643 57.1809675991535 344.407573670149 10.0852589309216 8260.93731018901 41.4602834880352 219.514577955008 373.270375460386 12.0917705595493 64.6660623401403 225.477218478918 1832.65829542279 209.419763684273 3275.44283691049 4202.77611958981 6.82995903491974 440.265134125948 678.822304040194 19832.3180540204 2127.43490022421 12477.6433197409 1.56676399707794 34.5138118267059 261.028292626143 863.151429742575 44.1053430438042 1320.37310484052 72.2431684732437 1044.2336858809 233.486003935337 228.203827470541 90.9561145603657 5.32641279697418 91.4024742841721 3.81643638014793 40.0611991286278 22.674058675766 18.4073937535286 1.57462233304977 0 7.43936535716057 4.959980905056 10.5550383925438 12.496342331171 1.51580703258514 10.3865162432194 109.82015439868 28.2458797991276 107.19165918231 26.4643957912922 1.4048056602478 3.14994871616364 0.522887766361237 22.6331859529018 1.04717701673508 35.8898757994175 3.57064962387085 0 1.55630096793175 11.5365844368935 23.5992107093334 17.1857168972492 40.6830052137375 263.643785327673 1.28337872028351 2.33957743644714 35.5868020355701 334.510202646255 28.8939766287804 33.6368443667889 0 1.43977439403534 2.92255136370659 23.5380780696869 19.9557985365391
1756.89311000705 7.96819326281548 212.433657079935 54.9278079867363 1228.64232045412 22982.8662213534 2910.58500865102 0 198.512234210968 2481.47249466181 284.665527462959 501.587215781212 52.0877068042755 17878.9988891333 419.710640251637 20.8888767361641 110.810127392411 5.2697851061821 27.7102218270302 101.042068570852 191.470248609781 38.4693169146776 317.799329102039 328.019131958485 6.62201426923275 104.51192624867 102.712581932545 521.471110284328 2899.0701418221 772.617957860231 0.927972972393036 1296.29591548443 46.0689944028854 1445.85408869386 33.0186279118061 500.269394218922 25.9137370586395 668.570033639669 80.7659494578838 1121.28745898604 1075.45923897624 20.3888545036316 20.6580438017845 3.1007966697216 9.41639372706413 2.75718021392822 2.00107032060623 0 0 2.58617168664932 1.7295942902565 1.26355719566345 2.88220065832138 0 3.52966439723969 21.9557108283043 5.98394981026649 19.2659723162651 4.04744523763657 0 2.72852104902267 0 6.43401461839676 0 14.8174220919609 0 0 0.328864276409149 0 8.92168998718262 6.52234083414078 9.8913382589817 78.4205444157124 0 0.449780642986298 14.2741557061672 97.3809726834297 8.00272652506828 5.75635451078415 0 0 0 8.80903166532516 2.2374139726162
166.927371352911 592.665515899658 52.5668594241142 480.388426214457 64.8457005620003 271.962473958731 1125.69999828935 198.512234210968 0 678.739154905081 49.8910022675991 1460.67554575205 152.533670157194 299.966632723808 1471.21587449312 149.715572267771 68.512243360281 9.94226703047752 34.4116732925177 299.652086555958 309.735564768314 2616.35953900218 241.088075131178 11071.5872598588 386.485912367702 128.087755203247 691.63461881876 2811.57555830479 439.140222907066 651.293482065201 4.5909087061882 2.10015404224396 111.769325107336 253.046134054661 30.9132913351059 660.740911662579 69.9833937883377 383.925940006971 85.4896380007267 2084.30656260252 27.0123373270035 5.3205843269825 86.5121848583221 6.56956753134727 29.8026812076569 11.812008202076 96.5139548480511 1.00900939106941 0 13.2348450422287 9.36248916387558 4.62080720067024 46.9623084366322 0.966161668300629 21.3720265328884 181.229229718447 36.254053235054 355.880683839321 117.696905851364 0.632764548063278 41.4292309880257 2.24014315009117 27.7110816240311 14.2664832174778 30.7842316627502 1.06880062818527 0.602888584136963 4.23251885175705 32.8205705583096 36.7465207278728 35.7853078842163 31.9893982708454 540.417214930058 2.27791917324066 4.86954784393311 23.1967264413834 420.972151935101 32.0857546031475 36.9918882846832 0.967212080955505 0.277583360671997 3.12389302253723 20.5381043255329 5.87535285949707
437.487001299858 2.75622579455376 87.2104495465755 7178.74993792176 14.0443957149982 19677.1781932116 13857.6723718643 2481.47249466181 678.739154905081 0 26.8945048451424 12498.4513775706 2.3921974003315 2250.92647367716 69.1214519441128 14.035811394453 10.9017476141453 2.23930886387825 1.28398007154465 14179.2272962928 93.1878968179226 24.8380653262138 145.999329328537 1006.31507226825 1.11028361320496 30.8148421794176 49.3280739784241 5420.83100470901 326.859663903713 110.380082726479 0.329184740781784 19.4154740273952 26.9759112000465 221.515473008156 161.537045121193 279.468492031097 8.71922674775124 226.594533294439 39.4826796352863 193.899572461843 40.2733989357948 3.0101729631424 12.2344819903374 0.412571907043457 5.15958634018898 2.84416773915291 35.3711587190628 0 0 2.90632322430611 0.579114735126495 2.27392852306366 26.8324776291847 0 8.03066408634186 75.6641363799572 6.40893265604973 85.1402163505554 50.6693751513958 0 23.1014562547207 0 3.76703384518623 1.63316690921783 1.13595747947693 0.823235213756561 0 0 5.66854006052017 1.46453547477722 2.69159057736397 2.73261293768883 174.182149022818 0 0 6.42295789718628 149.076798945665 1.77488866448402 2.31212183833122 0 0 0 3.43885177373886 1.26219394803047
46.7489982247353 249.262083381414 136.187567740679 0.802302926778793 53.6384407877922 114.532920062542 57.1809675991535 284.665527462959 49.8910022675991 26.8945048451424 0 4.96842139959335 9088.41716524959 529.618800699711 1.46451485157013 10.3126879036427 434.492825597525 3904.36137863994 2716.80196157098 0 43.0596458315849 80.3374665677547 140.551701486111 25.281456142664 2064.6143130362 8499.26502209902 2223.36693832278 30.4929176270962 338.759009122849 71.8222443759441 796.754113644361 123.43158403039 8.80854630470276 9230.7134244144 2.44648045301437 319.086113035679 3009.32292282581 8924.90396785736 208.331034749746 58.296001046896 125.758844017982 3494.64878031611 8.54522043466568 18.2101819515228 34.1999900341034 7.34970921278 0 1.03936278820038 0 0.929001450538635 23.9809172153473 2.83032238483429 0 0 0 0.355323255062103 1.07117402553558 0 0 46.0607735514641 0 127.162480175495 1.58144760131836 0 2.10774260759354 4.65392035245895 33.0298852622509 29.044511705637 0 0 2.64185997843742 2.62197589874268 3.92770013213158 130.520420789719 102.961198568344 137.222765028477 5.05404916405678 0 0.535349667072296 12.5951283574104 0 0 18.4052296280861 0.408151030540466
30.844655841589 26.958643168211 5.11429780721664 1585.88458111882 71.1114559471607 9225.32608950138 344.407573670149 501.587215781212 1460.67554575205 12498.4513775706 4.96842139959335 0 1.52188518643379 210.124131828547 3180.61376184225 2.82843914628029 2.72605380415916 0 2.69203302264214 23109.8735939264 4.86170262098312 61.0772350430489 16.1778501570225 1746.53543582559 16.0547988712788 2.93043404817581 22.5067257881165 1112.84679505229 60.5256387889385 13.1224870383739 0 8.24945220351219 3.74175608158112 49.4804325401783 30.2368607521057 49.9785460531712 4.81033053994179 46.3937980532646 10.4764805436134 3078.92760196328 12.0459635853767 0 4.22652405500412 0 0.333605736494064 0 6.91255313158035 1.16034364700317 0 0.510843336582184 0 0 13.6609270572662 0 17.8599277734756 23.7659793496132 0.801387637853622 37.2819399237633 59.137944996357 0 566.781533837318 0 1.918143004179 1.24828612804413 0.458150207996368 1.73682355880737 0.354825019836426 0 57.5818477869034 1.28986310958862 0 0 43.1195860207081 1.46903598308563 0 2.55532097816467 30.8864304721355 1.60679495334625 1.26462984085083 0 0 0 0.663782238960266 0
3.28827100992203 762.88541418314 27.1381358206272 0 9.09266346693039 13.8824918866158 10.0852589309216 52.0877068042755 152.533670157194 2.3921974003315 9088.41716524959 1.52188518643379 0 63.1676745414734 8.07152915000916 2.44607770442963 34.1290123462677 181.914803504944 118.255664080381 0 11.0992729663849 331.366893783212 25.3860402107239 45.2290963232517 7878.47738456726 2500.6525593698 4266.94898381829 20.0089222192764 45.3061538040638 5.93494319915771 1953.20213651657 16.5932973027229 0.58705461025238 1427.41441577673 42.027085095644 674.435569941998 1709.71719512343 2150.27989435196 395.939375311136 34.3967477083206 294.212259560823 5772.02237275243 10.1606135368347 23.6485059857368 49.0584679543972 2.46444857120514 0 0 2.22043454647064 0 26.2015779912472 0.651370704174042 0 0 0 0 0.499087065458298 1.22793021798134 0 79.3757455646992 0 208.66810208559 1.14123749732971 0 0.471659928560257 4.62596750259399 65.4412661492825 34.9527422189713 0 0 4.0284087061882 4.54685491323471 1.47115957736969 146.174901306629 127.899294137955 143.958606600761 0 0 0.798114538192749 22.1806701123714 0 0 19.4715097844601 23.3582645654678
11064.732544899 16.1250750720501 325.888760954142 48.6816078722477 446.393280118704 4436.89360383153 8260.93731018901 17878.9988891333 299.966632723808 2250.92647367716 529.618800699711 210.124131828547 63.1676745414734 0 158.800596088171 29.672308921814 189.488466322422 15.2130722403526 46.7149901986122 81.0398289263248 330.216270327568 76.4744986891747 624.621877491474 518.392046436667 9.74765107035637 175.961974382401 152.762388721108 781.563606739044 11561.9005687684 1721.86744529009 5.06796237826347 972.734085768461 138.70722207427 2146.49882572889 22.1255036890507 865.205387949944 44.0546963810921 1172.32231074572 121.498066008091 692.116815626621 514.995456814766 30.657985329628 21.5353636145592 4.73117476701736 18.0014560222626 5.77288275957108 0 1.08638513088226 0 3.46130195260048 3.20320761203766 2.21366009116173 0 0 1.21455869078636 24.193057924509 8.10601860284805 24.9116795659065 1.76116499304771 0.854960501194 0.601430058479309 0 5.94330132007599 0 12.0475690364838 0 0.920856475830078 0 0 8.86187759041786 8.27616405487061 13.6164846122265 99.3519326150417 0 3.42304682731628 18.8785238862038 108.727652043104 11.3777514100075 10.8288628160954 0 0 3.24379694461823 8.59913092851639 4.76735210418701
8.67570608854294 36.4884796440601 2.48942077159882 68.8593190312386 2949.63477915525 3540.61891829967 41.4602834880352 419.710640251637 1471.21587449312 69.1214519441128 1.46451485157013 3180.61376184225 8.07152915000916 158.800596088171 0 2.65739113092422 3.52829456329346 0 0.598437607288361 105.995058685541 5.38461038470268 58.0250255763531 18.4303073585033 703.137400627136 12.1844057440758 6.38581448793411 37.6022129952908 130.156554162502 77.3359127044678 9.77240094542503 0 104.281244069338 0 43.0941230654716 9.89911738038063 27.8097944259644 4.3353171646595 18.4768596291542 8.45209860801697 15977.6870164275 33.8914353847504 0 0 0 0.412005364894867 0.510667502880096 7.72522515058517 1.22433269023895 0 0.796254575252533 0 0 2.52408921718597 0 0.414351105690002 8.31871455907822 2.17922735214233 16.1886165142059 5.65501022338867 0 1.52100598812103 0 0 0 0 0 0 0.788093864917755 0.889686524868011 0 0 1.79322630167007 15.0146175026894 0.347885638475418 0 0 24.6321814954281 0 0.662104189395905 0 0 0 0.865450441837311 0
27.7540313005447 84.2027966976166 116.087311714888 3.05224487185478 1.45320844650269 14.1521116495132 219.514577955008 20.8888767361641 149.715572267771 14.035811394453 10.3126879036427 2.82843914628029 2.44607770442963 29.672308921814 2.65739113092422 0 77.7439635396004 2.49372529983521 9.45576003193855 1.44497492909431 11411.2983540595 2498.34186199307 20418.7364267707 2605.47959190607 9.27122592926025 91.3780866265297 8692.33616986871 3271.07722145319 110.534700840712 555.928904473782 0 0.84857714176178 55.5980705022812 524.181445121765 66.4910220503807 1805.28205609322 354.626830965281 802.336954712868 249.850666642189 123.315655887127 20.910279661417 2.47045439481735 302.659703373909 77.3003379702568 136.695305854082 95.4688427448273 6.99955475330353 1.174560546875 0 5.50026071071625 4.6665358543396 32.015443533659 0 0 1.77035629749298 26.317413687706 7.14798223972321 4.38224795460701 2.56693434715271 0 0 0 9.30917865037918 0 189.00211596489 6.37585818767548 0 0 0.774016737937927 82.7186286747456 146.016365021467 293.660853952169 55.0020389258862 0.98191100358963 6.46970456838608 179.380662232637 94.2050244808197 22.6959484815598 40.6854148805141 0 0 10.1585020422935 40.9841626882553 20.2870301008224
170.101570188999 562.485388785601 4179.02819705009 1.61144468188286 1.12854707241058 38.3375488221645 373.270375460386 110.810127392411 68.512243360281 10.9017476141453 434.492825597525 2.72605380415916 34.1290123462677 189.488466322422 3.52829456329346 77.7439635396004 0 353.469487577677 5235.42729705572 1.59674453735352 1031.68329077959 267.715564489365 7081.49481365085 92.0931553989649 78.8779416680336 4779.65445333719 3106.33055460453 174.892924070358 248.0846157372 996.611291766167 12.5552991628647 7.78129875659943 32.2798714339733 1818.05719640851 8.90533283352852 248.757893234491 119.402239888906 1465.18395623565 154.305482387543 20.6718054115772 6.83431696891785 3.06915330886841 44.6671106815338 19.6104699671268 83.5651638805866 22.1660382151604 0.835493445396423 0 0.365063726902008 0 77.3608027696609 21.2369865775108 0 0 0 5.74635893106461 1.54744786024094 3.11020809412003 0 2.42866677045822 0 17.3251106441021 1.31789162755013 0 6.39816352725029 29.0884903073311 3.98278996348381 17.3699267208576 0 3.3210728764534 10.7106057703495 52.0458430945873 11.7068541944027 47.5226926505566 87.8960233330727 193.908944636583 4.42171189188957 0.931647539138794 3.36304196715355 0.363773703575134 0 0 25.8493807017803 3.57690224051476
5.46471393108368 73.9649436175823 64.7550856769085 0 1.61455941200256 3.17358992993832 12.0917705595493 5.2697851061821 9.94226703047752 2.23930886387825 3904.36137863994 0 181.914803504944 15.2130722403526 0 2.49372529983521 353.469487577677 0 5696.3940448761 0 12.511638879776 13.5607818067074 39.1697788834572 4.11644470691681 194.011264443398 8266.92945969105 632.555313497782 3.48893874883652 15.1335226595402 14.2575514912605 81.5912659466267 8.11260378360748 0 279.122552484274 0.900915086269379 43.2787699401379 199.861980140209 432.921159148216 32.3793026506901 4.46430176496506 5.08694010972977 6.51296430826187 2.39528316259384 7.65334820747375 9.77819800376892 2.38692271709442 0 0 1.25992727279663 0 5.93332654237747 0.988284975290298 0 0 0 0.513850271701813 0 0 0 13.4575756788254 0 28.5922435522079 0 0 0.577780425548553 0.603040218353271 15.2350928783417 17.0640064477921 0 0 1.64950573444366 1.95487692952156 0 46.8834333717823 34.5710083544254 45.9864302277565 0 0 1.43755269050598 1.76717141270638 0 0 6.51860988140106 0.498797386884689
22.4158579707146 303.631013989449 485.575999230146 0.905881702899933 0.288477748632431 12.6088820397854 64.6660623401403 27.7102218270302 34.4116732925177 1.28398007154465 2716.80196157098 2.69203302264214 118.255664080381 46.7149901986122 0.598437607288361 9.45576003193855 5235.42729705572 5696.3940448761 0 0 75.7523835301399 57.6652338206768 367.924325495958 27.1440684497356 345.741095840931 9134.64229959249 1646.07161337137 24.9918080568314 46.2295679748058 99.91028252244 51.2863950133324 3.88125026226044 7.70117980241776 869.443802595139 2.13528591394424 193.925638079643 301.846864551306 1087.46566152573 132.094851881266 4.57421582937241 1.17649853229523 4.97700655460358 8.39100009202957 15.8334059715271 48.0483137071133 5.58227002620697 0 2.21472668647766 0.462231516838074 0.44154891371727 37.943039983511 4.17475378513336 0 0 0 0.951677739620209 0 1.26351094245911 0 19.8597015142441 0 36.9749950766563 0 0 1.00981730222702 7.70414265990257 30.2469497025013 39.5132840573788 0 1.76879191398621 2.92518544197083 4.98124128580093 1.03839910030365 95.9349941909313 93.252230733633 148.549575328827 0.593749225139618 1.52403634786606 1.2834125161171 3.22209244966507 0 0 13.5172359347343 1.77028542757034
25.046688169241 2.59627947211266 7.80636635422707 27945.1995826662 2.93267786502838 1148.78396812081 225.477218478918 101.042068570852 299.652086555958 14179.2272962928 0 23109.8735939264 0 81.0398289263248 105.995058685541 1.44497492909431 1.59674453735352 0 0 0 9.76226407289505 5.92689621448517 10.4074112176895 1177.52940046787 1.21473014354706 0 7.90619567036629 3916.36824142933 36.6895649731159 7.92424806952477 0 1.6489000916481 4.3350527882576 20.2733780443668 8.50191640853882 29.9169573783875 2.46701073646545 20.2250573933125 5.95152631402016 152.217581033707 4.49128884077072 0 3.6295462846756 0 0 0 8.85202705860138 0 0 0 0 0.390749841928482 143.895432651043 0 0.766526758670807 18.713544011116 0.687367558479309 24.5938299894333 9.19916963577271 0 104.183866679668 0 1.44708180427551 4.15569579601288 0 0 0 0 0 0 2.37979245185852 1.96841460466385 35.6628592014313 0 0 0 38.491412371397 1.24852192401886 0 0 0 0 1.33827567100525 0
241.217196464539 34.9133304059505 1737.6572343111 4.4007893204689 3.3125696182251 102.025897800922 1832.65829542279 191.470248609781 309.735564768314 93.1878968179226 43.0596458315849 4.86170262098312 11.0992729663849 330.216270327568 5.38461038470268 11411.2983540595 1031.68329077959 12.511638879776 75.7523835301399 9.76226407289505 0 1335.52153611183 20035.5855302513 1637.43565157056 8.50905174016953 357.969935566187 1115.24377727509 16087.7304162383 640.053016841412 17083.3658611178 2.17872184514999 5.52170190215111 167.165081292391 3512.45904111862 81.559096544981 2355.32407668233 149.223085135221 2094.93246534467 384.993598788977 134.493515014648 20.015315413475 1.6917031109333 342.13143274188 34.6104709804058 106.425955176353 65.8609807789326 10.0826897025108 3.33188235759735 0.931928813457489 8.35402983427048 3.11731642484665 17.2562060058117 0.580342948436737 0 0.335085541009903 28.3994210362434 28.9166366755962 17.8749339580536 1.75329694151878 0.794327914714813 0.459204792976379 1.64489960670471 24.0983646214008 0 209.757187366486 5.12119555473328 0 1.99653661251068 0 155.020848214626 129.350060641766 213.81016844511 94.9504693448544 0 6.53236216306686 114.439539790154 188.112095177174 35.7307007312775 68.6207874715328 0 0.729172646999359 11.7564842998981 67.814639955759 37.6326576173306
55.8636670410633 2985.03987932205 363.634773820639 13.6728399395943 2.11234429478645 18.6744813024998 209.419763684273 38.4693169146776 2616.35953900218 24.8380653262138 80.3374665677547 61.0772350430489 331.366893783212 76.4744986891747 58.0250255763531 2498.34186199307 267.715564489365 13.5607818067074 57.6652338206768 5.92689621448517 1335.52153611183 0 2108.54318112135 5398.46508622169 1014.12249359488 276.437693804502 4874.16037419438 685.088245838881 175.573449939489 700.322823435068 8.93893837928772 0.611601859331131 55.3589132428169 564.959914118052 70.0548968911171 1971.02367731929 438.714544147253 1205.89780285954 421.054173916578 235.88671797514 22.0396644771099 20.2845056951046 296.270026117563 78.4423255622387 236.339941173792 132.797200798988 18.8231539130211 7.94604206085205 0.651174426078796 4.81729683279991 42.9631104171276 68.4834413826466 0.834857106208801 0 1.80013987421989 41.736095905304 5.74551182985306 16.0882301926613 1.50798761844635 2.605304479599 0 5.19493660330772 9.50518158078194 0 271.097284525633 16.4077144265175 0.93562838435173 11.7343701422215 0 99.6548271179199 599.055857717991 339.537768989801 77.5736156702042 10.7654817998409 25.2988805770874 392.808071106672 112.125464260578 17.4623990654945 51.0459732711315 0.69979339838028 0 6.72612792253494 62.4343366026878 30.7607178390026
407.385662853718 199.247079104185 16303.6009595096 24.2060186564922 0.826103806495667 186.659001037478 3275.44283691049 317.799329102039 241.088075131178 145.999329328537 140.551701486111 16.1778501570225 25.3860402107239 624.621877491474 18.4303073585033 20418.7364267707 7081.49481365085 39.1697788834572 367.924325495958 10.4074112176895 20035.5855302513 2108.54318112135 0 1763.74731779099 31.0804409384727 1944.55788719654 12345.418225348 6283.31532534957 787.646221145988 7415.73732995987 8.25027185678482 6.7256250679493 172.72572106123 4392.9631717205 314.739178210497 7345.432266891 1442.64845779538 5594.28031536937 1721.0228087604 554.480986535549 88.4319337308407 11.9345746338367 564.409357756376 169.109458893538 388.732944279909 223.513265132904 31.6088281571865 3.3092879652977 0 7.55173051357269 29.0180821716785 165.110683619976 0.648885369300842 0 3.0494059920311 44.2816986739635 14.9472818672657 22.1658044755459 1.36936730146408 4.91806918382645 0 2.8582421541214 15.6778053939342 0.378485441207886 360.586153656244 26.1514946520329 2.48515972495079 19.4419238269329 0 130.825771331787 314.639735817909 677.519504100084 86.5847456753254 6.14799213409424 29.6815094947815 628.002500087023 129.287927031517 27.1738281846046 65.9705085158348 1.19455608725548 0 4.79997986555099 91.8755415081978 106.980938583612
278.526461094618 459.45474216342 217.952972978354 1429.0174472928 31.5675536692142 414.632920339704 4202.77611958981 328.019131958485 11071.5872598588 1006.31507226825 25.281456142664 1746.53543582559 45.2290963232517 518.392046436667 703.137400627136 2605.47959190607 92.0931553989649 4.11644470691681 27.1440684497356 1177.52940046787 1637.43565157056 5398.46508622169 1763.74731779099 0 135.130948334932 152.021157309413 2291.39454528689 39258.8636396229 810.245306193829 1259.77456599474 2.16597473621368 5.6018063724041 204.294193506241 643.003989726305 54.4551395773888 1584.8099809885 115.439045265317 738.529416769743 178.133478432894 940.920063436031 40.4818945527077 2.99139755964279 314.424427032471 22.1144288182259 124.427599579096 75.4922742843628 89.9922478199005 9.14923268556595 0.535059571266174 35.3206281065941 11.0097350776196 26.341799557209 47.3495365083218 0.508562922477722 38.8644106686115 377.641858547926 109.543031543493 398.576119601727 117.603345304728 4.44826829433441 27.2693715393543 0 74.2329514026642 7.89556559920311 111.881154239178 4.39263385534286 0 2.60927572846413 10.7348531186581 76.7547107934952 113.979060292244 125.760587781668 1252.2710223794 3.05376693606377 5.24817734956741 102.806499242783 1266.00849381089 87.8856759369373 92.2685924172401 0 0.604378998279572 11.6337668001652 99.5128858983517 19.7187397181988
1.50133889913559 3902.34243670106 32.8432710468769 0.463400453329086 1.58558914065361 0.817488819360733 6.82995903491974 6.62201426923275 386.485912367702 1.11028361320496 2064.6143130362 16.0547988712788 7878.47738456726 9.74765107035637 12.1844057440758 9.27122592926025 78.8779416680336 194.011264443398 345.741095840931 1.21473014354706 8.50905174016953 1014.12249359488 31.0804409384727 135.130948334932 0 1270.83535221219 4450.12056547403 13.1212233901024 10.1581562459469 9.14515820145607 214.948644191027 0 0.479300975799561 278.481191158295 0.830735445022583 117.583744585514 430.736678183079 657.269157081842 80.3668449819088 22.4250191748142 3.51533851027489 428.267569720745 23.087967634201 72.6330095529556 171.28895637393 20.1719395518303 0 0 2.5728600025177 0 96.8687946498394 16.6665131151676 0.758594691753387 0 0 0.7010697722435 1.44998013973236 1.32255020737648 0.402038186788559 129.480120182037 0 292.204763233662 3.394376039505 0 1.73748916387558 16.3272013366222 182.660049468279 155.444277584553 0 0.366217732429504 7.51065871119499 3.72382724285126 4.21666297316551 438.03516921401 416.96136829257 506.066196143627 0.983027786016464 0 2.23852276802063 26.2472760379314 0 0 51.0740728974342 2.46919447183609
92.1206730008125 875.1607439816 15592.6290019155 4.45220670104027 1.48710486292839 48.0152202546597 440.265134125948 104.51192624867 128.087755203247 30.8148421794176 8499.26502209902 2.93043404817581 2500.6525593698 175.961974382401 6.38581448793411 91.3780866265297 4779.65445333719 8266.92945969105 9134.64229959249 0 357.969935566187 276.437693804502 1944.55788719654 152.021157309413 1270.83535221219 0 29032.1285378933 232.479894056916 144.867005765438 494.882205724716 2140.68673807383 16.4243918955326 16.420938462019 1909.74361860752 25.1517163217068 904.260947734118 1466.2995031774 3532.68613114953 591.134952187538 41.459332048893 17.2968670725822 24.6151776015759 43.6740380525589 54.3127646148205 134.325040370226 25.0737121105194 1.22210097312927 1.43344235420227 1.91881030797958 1.33742859959602 122.146828830242 31.2514282166958 0 0 0 1.19185072183609 1.69399139285088 0.938098609447479 0 76.6072761714458 0 158.012154310942 2.48404869437218 0 4.13266083598137 25.8951468765736 78.1665607988834 154.620739281178 0 5.02738556265831 7.60478428006172 21.5387759208679 5.71894836425781 232.514884501696 337.26644963026 415.017523139715 4.06164500117302 1.0376518368721 11.014642983675 11.9953242838383 0 0 56.9629866480827 15.2929276525974
96.4242028594017 5882.06926637888 8971.84409993887 13.9268130064011 7.19669333100319 60.0800228714943 678.822304040194 102.712581932545 691.63461881876 49.3280739784241 2223.36693832278 22.5067257881165 4266.94898381829 152.762388721108 37.6022129952908 8692.33616986871 3106.33055460453 632.555313497782 1646.07161337137 7.90619567036629 1115.24377727509 4874.16037419438 12345.418225348 2291.39454528689 4450.12056547403 29032.1285378933 0 1780.71166414022 171.701519846916 651.826543271542 1366.07716301084 5.59813264012337 36.498291939497 2290.4788646996 151.802006304264 4123.740113765 2234.16989213228 5904.50919947028 1774.16053593159 341.299978017807 54.9950383007526 38.4808216392994 432.756430864334 238.858634710312 712.770619690418 233.696857273579 22.1456154584885 2.65183991193771 0.724068760871887 4.02312669157982 376.265848040581 376.451231837273 0.510164737701416 0 2.52792900800705 39.7826868891716 14.1875180900097 21.5774006843567 3.09406089782715 96.3381109237671 0 174.94731092453 8.29769369959831 0 87.2668895423412 137.532574802637 119.30036881566 240.871822535992 1.72930747270584 56.0753004848957 199.917303115129 455.970654845238 42.9952937066555 300.325336188078 575.811421275139 1374.48667743802 60.5718557238579 16.8631377220154 37.8761774599552 15.5007085502148 0 3.68395620584488 232.569802612066 96.5884549617767
515.283227145672 31.1874185502529 980.38812816143 13458.7198194265 9.05612716078758 878.565121352673 19832.3180540204 521.471110284328 2811.57555830479 5420.83100470901 30.4929176270962 1112.84679505229 20.0089222192764 781.563606739044 130.156554162502 3271.07722145319 174.892924070358 3.48893874883652 24.9918080568314 3916.36824142933 16087.7304162383 685.088245838881 6283.31532534957 39258.8636396229 13.1212233901024 232.479894056916 1780.71166414022 0 1179.66487616301 8855.18108633161 1.43142819404602 11.6274475455284 422.752382278442 1384.20622363687 80.4416580796242 2218.72328516841 142.958660930395 1161.53486892581 300.878474473953 316.518615722656 79.5036362707615 3.63316595554352 230.870649963617 15.0801468193531 105.209670305252 57.2887246906757 62.6415450572968 11.0452438294888 0 40.366978764534 9.48616698384285 14.0173408389091 31.1992739737034 0 13.054121285677 269.476400673389 79.9731049239635 272.152766823769 72.6171753704548 3.53444603085518 37.0163933038712 0.966980963945389 55.511420994997 7.0143831372261 77.5056936442852 6.8691503405571 0 0.514109909534454 13.862977296114 81.2044404745102 74.8271060883999 93.6621014773846 874.127417445183 1.97269225120544 5.89343312382698 64.6531007289886 980.4091334939 88.6446332931519 74.8782012760639 0 0.33454430103302 9.30261698365211 62.5213965773582 23.7191792726517
16088.410767436 19.4253049492836 206.583401501179 53.1238170266151 850.109431624413 1740.64771345258 2127.43490022421 2899.0701418221 439.140222907066 326.859663903713 338.759009122849 60.5256387889385 45.3061538040638 11561.9005687684 77.3359127044678 110.534700840712 248.0846157372 15.1335226595402 46.2295679748058 36.6895649731159 640.053016841412 175.573449939489 787.646221145988 810.245306193829 10.1581562459469 144.867005765438 171.701519846916 1179.66487616301 0 10350.2408076823 1.12076136469841 3364.58802828193 10550.8621495068 4351.57441985607 42.7603590786457 1511.99817806482 56.9755068123341 2041.29668191075 213.14740678668 476.609226465225 869.549447029829 14.1507768034935 62.8814170062542 3.38726627826691 16.3019713163376 21.4246352910995 3.56936866044998 3.00377726554871 0 5.25979954004288 2.663250207901 1.58827370405197 0 0 2.19015473127365 28.5152783095837 17.4942892193794 19.0594685971737 4.73308873176575 0 2.5578693151474 0 16.6684622764587 0 37.1372167468071 1.30997702479362 0 2.10838782787323 1.70890438556671 36.9369513392448 16.9226946234703 27.9732883870602 155.07639631629 1.39881110191345 1.50693807005882 20.533617824316 163.870907455683 28.3839573860168 17.5009008347988 0 0 4.54362547397614 17.9083735942841 6.67188560962677
3980.12651175261 47.8568077981472 1527.30674374104 10.8456886410713 5.83644872903824 210.498367160559 12477.6433197409 772.617957860231 651.293482065201 110.380082726479 71.8222443759441 13.1224870383739 5.93494319915771 1721.86744529009 9.77240094542503 555.928904473782 996.611291766167 14.2575514912605 99.91028252244 7.92424806952477 17083.3658611178 700.322823435068 7415.73732995987 1259.77456599474 9.14515820145607 494.882205724716 651.826543271542 8855.18108633161 10350.2408076823 0 2.92144167423248 10.5582018494606 746.690313160419 5338.69362717867 59.9470196664333 1499.51071742177 86.2562261223793 2186.75513926148 306.767888039351 80.5301960110664 61.2726927399635 4.32057592272758 175.042492598295 18.1494439840317 73.2693877220154 22.6863500773907 9.51418253779411 5.62180304527283 0 12.233346760273 13.7625016868114 8.94825547933578 0.298714309930801 0 4.20349603891373 43.3959598243237 25.0587717592716 32.0569150745869 2.16148126125336 0 1.32630598545074 0.508068740367889 18.0033250451088 0.555035412311554 81.1400054395199 2.30140432715416 0.510803580284119 2.00144663453102 0 81.7765721380711 49.3989768028259 105.964478850365 147.530909061432 0 7.29791575670242 51.4955699145794 212.171790391207 40.3545574843884 47.8349310457706 0 1.08869612216949 0.509538948535919 28.2040701806545 10.5343877971172
0.778496444225311 32.4603214859962 11.44674295187 0.449030727148056 0 0.635749697685242 1.56676399707794 0.927972972393036 4.5909087061882 0.329184740781784 796.754113644361 0 1953.20213651657 5.06796237826347 0 0 12.5552991628647 81.5912659466267 51.2863950133324 0 2.17872184514999 8.93893837928772 8.25027185678482 2.16597473621368 214.948644191027 2140.68673807383 1366.07716301084 1.43142819404602 1.12076136469841 2.92144167423248 0 0.42838928103447 0 52.0373232662678 0 9.46328043937683 75.498097717762 127.162833601236 11.1844931840897 0.49912104010582 1.6985670030117 7.99291902780533 0 0 3.68740406632423 0 0 0 0 0 1.79348108172417 1.2756185233593 0 0 0 0 0 1.11361658573151 0 10.2510423660278 0 29.6794049441814 0 0 0 0 8.78879174590111 2.93482482433319 0 0 0 0 0 15.653158724308 16.8031467795372 11.3970201015472 0 0 0 0.794667989015579 0 0 0.645531833171844 0
24.6717514097691 1.03204354643822 3.17509832978249 1.83814311027527 2842.97252953053 1836.62738023698 34.5138118267059 1296.29591548443 2.10015404224396 19.4154740273952 123.43158403039 8.24945220351219 16.5932973027229 972.734085768461 104.281244069338 0.84857714176178 7.78129875659943 8.11260378360748 3.88125026226044 1.6489000916481 5.52170190215111 0.611601859331131 6.7256250679493 5.6018063724041 0 16.4243918955326 5.59813264012337 11.6274475455284 3364.58802828193 10.5582018494606 0.42838928103447 0 4.75757774710655 1922.7957136929 3.44813707470894 94.2675381302834 13.0834439694881 399.12040373683 34.2236605286598 580.95155018568 2883.92948180437 10.9473246335983 2.34143662452698 0 0 0 0 0 0 0 0 0 0 0 0 0 0 0 0 0 0 0 0 0 1.44695335626602 0 0 0 0 0 1.00842785835266 1.61632120609283 0.916946232318878 0 0 0.584688484668732 1.94613969326019 0 1.05380356311798 0.684650659561157 0 0 1.14248859882355 0.532430827617645
225.731280833483 3.9691658616066 37.185750156641 6.57189786434174 3.09637024998665 23.9746504426003 261.028292626143 46.0689944028854 111.769325107336 26.9759112000465 8.80854630470276 3.74175608158112 0.58705461025238 138.70722207427 0 55.5980705022812 32.2798714339733 0 7.70117980241776 4.3350527882576 167.165081292391 55.3589132428169 172.72572106123 204.294193506241 0.479300975799561 16.420938462019 36.498291939497 422.752382278442 10550.8621495068 746.690313160419 0 4.75757774710655 0 1045.47764676809 12.833831936121 290.418536067009 4.10016018152237 419.227363288403 42.5609976053238 12.96592476964 15.3580712378025 3.39110338687897 16.2685780525208 0 4.98115867376328 1.19853115081787 0 0.774733424186707 0 0.58722710609436 0 0 0 0 0.321321815252304 3.47441232204437 0.545125007629395 8.09432566165924 0 0 0 0 2.50662678480148 0 3.05901271104813 0.440999299287796 0 0 0 5.82082027196884 2.99337011575699 14.2631097435951 30.2090866863728 0 1.8197870850563 5.37001687288284 28.909382045269 3.06659454107285 6.13915258646011 0 0 1.07292261719704 3.09516263008118 1.08293890953064
