0 6.13859221339226 202.940570414066 48.477782189846 4.46218019723892 106.101606011391 5278.56501558423 500.267300367355 212.215696394444 312.120146006346 33.2746089994907 22.8496370911598 3.50176817178726 15661.409367919 2.65512031316757 56.6469048559666 212.722671598196 1.7399021089077 31.7724971175194 40.0141960084438 327.297472119331 73.6899941265583 548.468033730984 299.396772325039 1.62004569172859 139.867991536856 108.610385388136 682.01181063056 20986.8034125566 3880.88117080927 1.53121960163116 11.8334115147591 457.481709361076 592.218811094761 48.2894387245178 507.805160194635 10.7970834374428 380.297493427992 67.6619567871094 40.3229545652866 37.6069008111954 2.00528663396835 6.14025735855103 0 1.73438405990601 0 0 0 0 4.92954513430595 3.76850003004074 1.01119041442871 1.15531730651855 0 1.35474580526352 31.4429671168327 2.14973101019859 18.8949457406998 10.1053458452225 0 0 0 7.05329865217209 0 6.05584871768951 0.965098440647125 0 0 2.06776994466782 9.73222693800926 6.87064397335052 1.1883579492569 39.5920842587948 0 0.577889263629913 4.89024728536606 35.9871454238892 8.44893938302994 7.97826191782951 0 0 2.51380163431168 3.76218450069427 3.86888992786407
6.13859221339226 0 652.231721520424 2.4351224899292 2.08196413516998 9.41943699121475 41.8310070037842 18.0136152207851 833.629489719868 6.67948395013809 371.877746939659 9.58488982915878 772.967739075422 19.8373082280159 34.1435497701168 159.457649022341 309.697303205729 85.4271103739738 248.602146655321 1.44428098201752 42.1811122596264 2862.59362483025 204.288243323565 345.04151687026 2871.61025390029 1014.35275194049 6958.96074354649 62.3445984721184 24.741737216711 43.4388837814331 26.6157920062542 0.469270795583725 3.53371647000313 262.014979183674 15.8782891631126 338.46641394496 221.664407968521 666.813327968121 233.587524026632 119.246550440788 2.95593655109406 219.335382819176 13.7794691026211 19.3434792160988 23.7544302940369 11.5770218372345 0.898962795734406 0 0.749993562698364 1.18957257270813 156.033653557301 64.0292564034462 3.97088587284088 0 2.09836220741272 4.60303574800491 1.09402287006378 10.9311954677105 3.09641933441162 4.15699571371078 0.88241845369339 18.80499958992 0.928713500499725 0 5.28918796777725 24.5306275486946 0.809338688850403 12.6469290554523 0 1.09065175056458 27.5884277224541 19.9720366001129 4.56468224525452 19.4221799969673 65.3479883372784 235.908504366875 2.92609268426895 0.736414849758148 5.01678186655045 1.241375207901 0 0 7.86458110809326 3.14052587747574
202.940570414066 652.231721520424 0 15.1847691237926 0.406406611204147 149.144613653421 1817.67002749443 468.35143700242 72.5614917874336 220.482162892818 129.160283058882 13.4901793301105 37.3656568527222 448.964945614338 10.3280534446239 151.613290607929 4402.92125865817 60.0734426677227 495.278167754412 11.6855171620846 1017.0150218606 630.233448237181 13348.7647376359 167.11038762331 42.6552178859711 12100.6717386246 12323.5029762983 916.776991426945 320.649745881557 1173.74039748311 3.54511439800262 5.31217736005783 79.6105521023273 735.987701743841 59.4080075919628 1315.08508357406 334.371754348278 1612.29617124796 765.615595549345 54.5397153794765 22.0396023988724 6.45140385627747 95.7991096377373 42.238801419735 125.801605939865 19.2968919873238 2.18856191635132 0 3.125912129879 1.82118487358093 144.631993681192 310.788075447083 0 0 1.504548817873 11.5013487935066 2.67266145348549 8.75748521089554 5.34036609530449 3.94549056887627 0.678409039974213 2.18832749128342 4.56662094593048 0 50.857767790556 61.5822505056858 0 7.11463499069214 0.47481369972229 19.6798362731934 118.434494286776 187.185014039278 18.2740912139416 0 50.0046662390232 667.659940302372 15.4319353103638 0.630134701728821 12.2968154549599 0 0 1.24006628990173 36.5997675657272 14.7716275453568
48.477782189846 2.4351224899292 15.1847691237926 0 0.89276248216629 342.591891467571 555.034334629774 241.12447360158 671.73128041625 11254.3660829663 5.26545575261116 2787.07986560464 0.269370585680008 221.549957990646 54.2696785032749 15.2689371705055 0.906831085681915 0 0.459112942218781 25618.7946043611 13.9808287322521 20.5811580121517 35.3467928469181 3659.69306272268 0.725219964981079 5.06921184062958 31.4024173915386 16171.1408125758 109.332968175411 21.7443847060204 0 10.0326094925404 13.3635458052158 94.7775563001633 302.760746687651 164.919693768024 2.54395538568497 123.239187479019 15.1947004497051 134.420597612858 18.4292222857475 0 4.12442827224731 0 0 0 45.9437759518623 0 0 1.99126827716827 2.31951275467873 0.77651834487915 230.965045720339 1.51822030544281 29.5099144876003 59.1481120884418 8.4543961584568 76.9163872003555 263.825767219067 0 41.0122718214989 0 8.49327439069748 6.51876139640808 0 0 0 0 89.0901676416397 0 7.101532548666 1.91143959760666 135.38238209486 0 0 1.90120267868042 91.136445492506 2.54778218269348 2.76495271921158 0 0 0 1.44028556346893 4.01926696300507
4.46218019723892 2.08196413516998 0.406406611204147 0.89276248216629 0 4189.75438117981 14.2009179294109 442.50599271059 68.5672245323658 21.236650377512 32.4595028758049 40.8533298373222 9.16852670907974 148.160736858845 1192.99381691217 0 0 0 0 0.927207589149475 2.4177348613739 4.7870472073555 0.535282969474792 28.3305058777332 0 6.04204151034355 2.14571097493172 13.4914182722569 239.289880543947 2.88340866565704 0.538238942623138 1986.72459661961 0.436477482318878 1230.00909435749 9.7824698984623 33.8107270598412 3.11480975151062 86.0349410176277 19.3119158148766 5015.34567704797 1993.52211511135 5.16929751634598 0 0 0 0 0 0 0 0 0 0 0 0 0 0 0 0.679238557815552 1.52777636051178 0 0 0 0.845659077167511 0 0 0 0 0 0 0 0 0 0 0 0 0 3.36627706885338 0 0 0 0 0 0 0
106.101606011391 9.41943699121475 149.144613653421 342.591891467571 4189.75438117981 0 3681.89825901389 27218.5828045011 447.051315188408 22157.0877389014 97.8981006741524 4978.81980204582 41.6022044122219 2582.66708767414 5791.06301170588 14.9718180894852 38.3402713537216 0.674111425876617 11.1698904633522 1057.0196210444 100.154779031873 27.247740060091 219.577612966299 682.323138773441 4.23212721943855 54.4964634776115 75.0104904770851 880.894448965788 1491.93048453331 180.645796179771 1.03856074810028 3032.61664056778 11.9884005188942 1182.35553741455 8878.82096791267 420.361915796995 15.891806602478 510.181020081043 76.7173714637756 7450.48747083545 1223.10123085976 26.1954780817032 0.994145512580872 0 2.22003901004791 0.595618724822998 14.1298239529133 0 0 5.47896149754524 2.00658628344536 0.94434916973114 29.8976795971394 0 18.3089815676212 64.8908713459969 8.5781118273735 29.1723353862762 73.0894674062729 0 27.3671461343765 0 6.48975571990013 3.90442445874214 1.74596253037453 0 0 0 23.4461683928967 6.7559859752655 8.00212839245796 5.35227698087692 79.4282748401165 0 1.80102068185806 3.54734653234482 73.6276381015778 3.61837935447693 2.87213277816772 0 0.735248565673828 1.40518575906754 3.2102038860321 3.63699018955231
5278.56501558423 41.8310070037842 1817.67002749443 555.034334629774 14.2009179294109 3681.89825901389 0 5851.22831645608 2148.39982551336 25788.7169471979 59.2129130363464 464.914674043655 11.9486466348171 11912.2611605823 107.10934895277 210.730757802725 316.419845581055 8.73367688059807 45.5536803007126 603.505675047636 1478.16916587949 289.352565139532 3193.98328453302 4025.34238612652 11.0408191978931 414.200421959162 1002.69912198186 16020.931322366 2954.31001490355 13029.4148959517 0.495175927877426 37.3324209600687 384.351068168879 1127.42879858613 525.227644115686 2143.01987475157 70.029677927494 1167.38975319266 302.636612027884 347.232600837946 141.219793051481 10.2755883932114 24.2198226749897 1.90077286958694 13.9740721583366 0.795699715614319 11.9534591138363 0.49577534198761 0 30.6256123185158 7.02022439241409 16.7885912656784 98.0832584798336 0.595979034900665 53.1042940914631 429.546417206526 71.132202655077 231.315746754408 328.298482745886 1.0876225233078 73.1085017025471 0 57.7530902922153 8.0219783782959 41.9285727739334 0 0 1.24832212924957 77.3788670003414 52.4228276014328 44.8042612075806 34.8480262160301 478.551571249962 0 6.38586562871933 45.8926656246185 508.087885946035 60.1188636124134 36.1308709383011 0.827888906002045 0 14.8402858972549 22.0855631530285 28.9006195068359
500.267300367355 18.0136152207851 468.35143700242 241.12447360158 442.50599271059 27218.5828045011 5851.22831645608 0 464.814068585634 7659.11233076453 231.337756335735 868.288961291313 79.2244447469711 30623.2978794277 475.110546022654 37.9748886823654 215.348203271627 11.3690754175186 34.5479754805565 565.225755929947 393.608970075846 64.7046171724796 803.020037293434 718.123847603798 7.68486696481705 223.076627194881 190.26186940074 1133.19293686748 2692.58793872595 955.795549333096 1.87139430642128 2067.96503862739 38.1225836277008 1332.77600798011 747.482727706432 688.106022953987 34.6697120666504 686.239787399769 115.991849660873 1180.79345598817 536.748877197504 30.4788431823254 5.43608343601227 0.518844544887543 1.69975930452347 0 0.393104761838913 0 0 11.1122334003448 1.77505335211754 0 14.760480761528 0 17.2820205390453 97.1306186318398 18.2857077717781 48.9016519486904 63.8491337895393 0 9.54397934675217 0 12.0748730301857 0.626925766468048 4.53940278291702 0 0 0 25.6147929430008 14.2486250698566 10.7026453018188 4.97199931740761 114.215211451054 1.30362462997437 1.14493924379349 8.72759094834328 132.909578084946 12.7861421108246 12.208178371191 0 0 3.43113502860069 6.10060182213783 11.8260389566422
212.215696394444 833.629489719868 72.5614917874336 671.73128041625 68.5672245323658 447.051315188408 2148.39982551336 464.814068585634 0 1149.69719314575 51.2886271178722 1444.58437204361 83.8242205381393 449.108801037073 1244.13924995065 147.751216560602 22.8620435297489 7.41896492242813 18.8864602148533 441.659202039242 147.459399998188 5140.21451508999 205.322238832712 15054.8172013462 198.522164195776 75.2901946306229 380.829574942589 3149.11615380645 451.558583706617 732.186194658279 1.6981885433197 16.6070952415466 146.993543595076 274.839454799891 130.589334160089 717.299684345722 41.9324461817741 269.523915350437 69.5190358161926 2520.5143969655 42.9150309562683 16.7588768899441 15.0803360939026 4.00736898183823 5.79902684688568 1.50779402256012 81.9912335276604 0.684959352016449 0 28.7704812288284 11.3766305446625 5.12554597854614 152.661189645529 3.24462395906448 57.0747120082378 300.47895398736 39.7307957410812 441.236584097147 326.424023300409 1.19304096698761 206.941676169634 0 56.5585591495037 8.33283627033234 31.5881948173046 0.369348526000977 0.465937942266464 0.388861864805222 111.362729400396 54.2570486664772 65.5796216130257 27.1412741243839 655.670680910349 0.316602110862732 2.71942687034607 24.2184107601643 429.601360023022 52.8899036645889 35.9824960231781 0 0 13.3671249747276 37.9359422028065 11.0931287407875
312.120146006346 6.67948395013809 220.482162892818 11254.3660829663 21.236650377512 22157.0877389014 25788.7169471979 7659.11233076453 1149.69719314575 0 51.9704927206039 10158.2385577261 12.7951720058918 3104.93875856698 272.46673977375 35.4890510439873 35.5452196598053 3.33542233705521 12.5477550923824 15124.6228931248 134.305401206017 47.4500544369221 319.758321106434 2191.29038068652 1.89582097530365 64.7823576927185 128.537936389446 9531.97752591968 792.826154410839 203.31377223134 0.575089991092682 70.6763531267643 47.313890427351 541.980111196637 4932.54744935036 929.904059290886 23.1296508610249 594.127787917852 89.2905241698027 478.857497632504 133.342744410038 10.3957408368587 2.28096878528595 1.49903273582458 3.45137637853622 0 52.4010562896729 0 0 5.32823157310486 1.13343018293381 2.19061988592148 137.20377355814 0.78124463558197 81.1608295738697 207.120465159416 40.9373000860214 170.983004808426 386.585853397846 2.37420356273651 75.6137593090534 0 18.9885263442993 14.5066787004471 7.41158491373062 0 0 0 109.314826339483 4.86333739757538 10.8641885519028 7.37174814939499 330.547630339861 1.04180204868317 0.690852642059326 10.6431215703487 262.053870081902 5.48961779475212 6.71388590335846 0 0 0 6.71105855703354 20.1767492592335
33.2746089994907 371.877746939659 129.160283058882 5.26545575261116 32.4595028758049 97.8981006741524 59.2129130363464 231.337756335735 51.2886271178722 51.9704927206039 0 7.94290781021118 18859.489687562 377.308625936508 3.6571087539196 5.63265731930733 524.858111917973 8117.0592776835 3966.78864043951 5.26668652892113 26.8837175965309 116.641634941101 122.921724587679 18.1618899106979 3305.67631083727 13154.1543804407 3055.44997620583 21.854285299778 298.467176288366 53.3902158737183 1169.1941318512 128.387704819441 11.1793464720249 7910.30162480474 12.6591856181622 201.062969624996 3107.36493101716 6624.82262453437 168.247757107019 24.2336059808731 59.7535144388676 3269.99101263285 1.36966866254807 4.58649933338165 10.1220311522484 1.15966808795929 0 0 0 0.495496183633804 15.8058476746082 0.459775894880295 0 0 1.53531873226166 0 0 3.17968770861626 0 25.3815890550613 0 103.268932759762 0 0 0 0.926562607288361 20.9192635715008 8.98747271299362 0 0 1.74189376831055 1.26024305820465 2.08046489953995 44.2094633877277 113.347263783216 95.4534088373184 1.7546272277832 0 0.927490949630737 13.7063050866127 0 0 9.83613502979279 2.03071182966232
22.8496370911598 9.58488982915878 13.4901793301105 2787.07986560464 40.8533298373222 4978.81980204582 464.914674043655 868.288961291313 1444.58437204361 10158.2385577261 7.94290781021118 0 2.1801815032959 298.865641534328 5119.19427767396 2.55648490786552 6.05050829052925 0.983335316181183 1.51859152317047 20925.5364679992 10.8418132662773 59.6978258490562 19.3739042282104 1624.17387720942 5.02020525932312 8.10268726944923 15.3989487886429 1482.69270841777 117.926202148199 14.93320068717 0 20.0952492058277 4.51266080141068 88.4663165211678 11980.0457402468 157.22420156002 1.87271413207054 102.252711683512 8.60649287700653 1959.6961094439 28.3114458322525 0.511560320854187 0 0 0 0 40.4766997694969 0 0 0.699262082576752 2.75252062082291 0 34.9316283166409 0 11.0867487192154 29.9076859652996 4.87837147712708 23.2568057477474 70.5199318826199 0 415.6138638556 0 1.88238841295242 11.0943545103073 0.431922107934952 0 0 0 24.6790887117386 0 2.65777498483658 0.467973649501801 78.3737923502922 0 0.449891209602356 2.08234223723412 54.8950152695179 0 0 0 0 0 0 3.86498141288757
3.50176817178726 772.967739075422 37.3656568527222 0.269370585680008 9.16852670907974 41.6022044122219 11.9486466348171 79.2244447469711 83.8242205381393 12.7951720058918 18859.489687562 2.1801815032959 0 100.941454917192 2.28048586845398 2.35745659470558 36.0189461708069 414.758466899395 148.775460481644 3.26416921615601 8.08629155158997 237.248102664948 33.4339310228825 22.1622910499573 9369.40215083957 8269.40674972534 5902.08166435361 13.7242308855057 60.7415759861469 16.2891626358032 3379.29190126061 39.5177107453346 4.31923151016235 1455.45976707339 71.4395130574703 394.046812951565 2460.58307924867 2639.79375529289 582.362061053514 28.4542659521103 365.778522491455 4854.05785900354 20.6636785268784 10.2647285461426 20.1757483482361 29.7892884612083 0 0 20.9355308413506 0 15.0532680153847 1.40428960323334 0 0 0 0 0.597413122653961 0 0 52.3783771395683 0 233.914417773485 1.04462993144989 0 0 0 31.9596837162971 3.18289512395859 0 0 0.879264235496521 3.32687029242516 0 37.3486782610416 90.0457069277763 113.217819035053 0 0 0.898317515850067 25.8586980998516 0 0 13.038094997406 23.8584394752979
15661.409367919 19.8373082280159 448.964945614338 221.549957990646 148.160736858845 2582.66708767414 11912.2611605823 30623.2978794277 449.108801037073 3104.93875856698 377.308625936508 298.865641534328 100.941454917192 0 84.9790902733803 65.3888810873032 271.177293211222 23.7224689126015 56.4016778171062 347.727841258049 514.691635847092 93.5962572693825 860.268737971783 713.267731949687 12.3081331849098 286.321137562394 208.763512253761 1248.5535531342 9410.83528476954 1788.16969043016 2.42600780725479 2531.89544761181 172.600944548845 2040.89900919795 173.545393168926 1159.97889190912 59.8002111315727 1010.68860161304 126.693292379379 546.526140332222 396.814992457628 51.6579424738884 3.83370226621628 0 5.97586792707443 0 0.612977206707001 0 1.06760513782501 13.6193524003029 2.30500650405884 3.77473810315132 9.04884660243988 0 8.62842980027199 105.230059891939 20.8138693571091 41.5714606046677 43.443565517664 0 10.244681417942 0 16.6196398735046 0.913373649120331 5.60252088308334 1.86278051137924 0 0.901018500328064 9.68507540225983 15.3782339096069 7.67371526360512 6.77954772114754 128.077689707279 1.35038185119629 3.87152147293091 9.66777583956718 123.972549021244 19.0750035941601 15.3498622477055 0 0 6.39749991893768 6.40052238106728 12.6676767468452
2.65512031316757 34.1435497701168 10.3280534446239 54.2696785032749 1192.99381691217 5791.06301170588 107.10934895277 475.110546022654 1244.13924995065 272.46673977375 3.6571087539196 5119.19427767396 2.28048586845398 84.9790902733803 0 0.959821701049805 2.54250782728195 0.653564691543579 0 126.491807818413 5.09913730621338 111.431114792824 7.5093289911747 648.170326441526 14.2705332636833 3.89401066303253 13.0364987254143 106.230487555265 33.1880980730057 6.39445582032204 0 35.127627581358 3.68846246600151 19.8185597956181 755.999200791121 20.173674851656 0 15.0468648076057 3.61130854487419 15985.4689107537 20.2833924293518 0.725621938705444 0 0 0.386636406183243 0 11.5141856074333 0 0 0 0.831500440835953 0 11.8398907780647 0.913623034954071 1.3760182261467 5.05984422564507 1.86912977695465 13.5119202136993 15.3870504200459 0 6.52648276090622 0 0 3.28853994607925 0 0 0 0 2.21849822998047 0 0.437564492225647 0.57978355884552 11.4517646431923 0 0 0.568376183509827 9.00222331285477 0 0 0 0 0 0 2.45068371295929
56.6469048559666 159.457649022341 151.613290607929 15.2689371705055 0 14.9718180894852 210.730757802725 37.9748886823654 147.751216560602 35.4890510439873 5.63265731930733 2.55648490786552 2.35745659470558 65.3888810873032 0.959821701049805 0 96.6692789494991 1.72722977399826 15.8852632939816 3.53712797164917 11102.1962883174 4218.05601358414 17027.596560955 3231.48649299145 10.2617181539536 71.2646257579327 9014.97549381852 2629.22729539871 189.781858056784 603.959796637297 0.467880219221115 3.11852356791496 92.7787316441536 562.284377872944 146.257777363062 2296.47160306573 246.058893978596 812.666487276554 531.455740600824 42.6931348741055 20.3510106503963 3.04599058628082 67.8998647928238 14.7515033483505 26.2928918004036 2.66747331619263 1.47419929504395 0 0 8.01549708843231 2.51208180189133 27.4217613935471 0.918412327766418 0 1.8590921163559 23.0909635722637 7.53331533074379 11.5570814609528 6.28490749001503 0 2.53355646133423 0 10.5918129086494 0 330.055377364159 4.68205168843269 0 0.571360468864441 0 166.085420072079 224.723215520382 252.044723063707 94.0378480255604 0 0.830880105495453 127.960364043713 101.516740560532 22.4650237858295 45.1877986192703 0 0 15.1561645269394 32.0509418845177 8.7875107228756
212.722671598196 309.697303205729 4402.92125865817 0.906831085681915 0 38.3402713537216 316.419845581055 215.348203271627 22.8620435297489 35.5452196598053 524.858111917973 6.05050829052925 36.0189461708069 271.177293211222 2.54250782728195 96.6692789494991 0 434.696928232908 6970.09841966629 3.01816138625145 1062.67686522007 189.344682365656 7379.05694308877 37.8528881967068 60.3619436323643 5252.97958979011 2833.52368396521 165.730186462402 414.186101466417 1446.3053047955 7.41040173172951 6.97067147493362 71.4828001260757 1921.38851124048 39.0386116504669 529.657438367605 98.5460101366043 1572.31618270278 348.834306031466 14.1112998127937 13.7328136265278 5.30453324317932 13.8479281663895 2.19456750154495 15.8890281021595 3.66817313432693 1.71645241975784 0 0 0 20.809775531292 30.7457060813904 0 0 0 1.43203368782997 1.12433475255966 2.37228712439537 0 3.15286022424698 0 1.93839800357819 0.712657988071442 0 4.79723477363586 10.1982536315918 0 7.38581848144531 0 7.5075511932373 13.4239524006844 20.303898870945 7.7585357427597 5.52182674407959 29.937686920166 108.455642133951 2.53893584012985 1.05533671379089 1.3756240606308 0.682404756546021 0 0 10.2019788622856 3.15980371832848
1.7399021089077 85.4271103739738 60.0734426677227 0 0 0.674111425876617 8.73367688059807 11.3690754175186 7.41896492242813 3.33542233705521 8117.0592776835 0.983335316181183 414.758466899395 23.7224689126015 0.653564691543579 1.72722977399826 434.696928232908 0 3602.30784419179 0 18.1687642633915 26.9260510206223 74.841234266758 5.82186269760132 565.651773065329 7560.10251376033 1020.05569165945 5.11958134174347 18.7606162428856 25.0552861094475 83.0889491140842 4.27884396910667 2.62515509128571 493.893394947052 4.59934115409851 46.3155822455883 199.586488366127 609.049705445766 63.8322286307812 2.79234105348587 4.20231831073761 19.6022600531578 1.23756921291351 0 3.65863525867462 0 0 0 0 0 14.7111788988113 1.37167847156525 0 0 0 1.02574133872986 0 0 0 10.6379425525665 0 36.286404967308 0 0 0 0 13.2847871184349 13.3440650701523 0 0 1.39728832244873 0 0.533766508102417 31.1738086342812 85.5382190048695 105.166259497404 0 0 0 5.46786403656006 0 0 4.85533004999161 0.584688663482666
31.7724971175194 248.602146655321 495.278167754412 0.459112942218781 0 11.1698904633522 45.5536803007126 34.5479754805565 18.8864602148533 12.5477550923824 3966.78864043951 1.51859152317047 148.775460481644 56.4016778171062 0 15.8852632939816 6970.09841966629 3602.30784419179 0 0 123.35143044591 47.9555402100086 453.865373790264 19.3035170435905 360.853572160006 6952.86427551508 1913.2083773613 31.174683123827 88.8136624991894 179.428210020065 26.842370390892 2.41385543346405 12.5713913142681 1131.87877321243 8.02909401059151 169.68372040987 105.123708039522 1004.97773894668 118.513444036245 4.75354215502739 1.75252616405487 16.2029208540916 3.76859050989151 0.984502553939819 11.5618010163307 1.65339922904968 0 0 0.792060315608978 1.00221073627472 40.5461031794548 4.76601451635361 0 0 0 0 0.943606078624725 0 0 4.58592057228088 0 20.4190717339516 0 0 2.85260027647018 1.12299835681915 6.60559326410294 17.2897580862045 0 0 5.56217077374458 4.26950454711914 1.18970167636871 22.9825055897236 135.524804800749 146.188867092133 0.547803044319153 0 1.75891399383545 1.31676316261292 0 0 9.29790103435516 2.71313977241516
40.0141960084438 1.44428098201752 11.6855171620846 25618.7946043611 0.927207589149475 1057.0196210444 603.505675047636 565.225755929947 441.659202039242 15124.6228931248 5.26668652892113 20925.5364679992 3.26416921615601 347.727841258049 126.491807818413 3.53712797164917 3.01816138625145 0 0 0 9.25813680887222 11.1316618919373 26.5514792203903 2899.07507461309 0 2.49571341276169 9.04358339309692 5653.45732283592 159.365135997534 14.3608767390251 0 12.0874121487141 11.4855240285397 105.610334575176 1382.45820099115 188.433587998152 7.20133554935455 84.859327852726 15.0787529349327 161.407696336508 26.5137350857258 0 0.373615980148315 0 1.86075949668884 0 18.8610181212425 0 0 0.842328071594238 0 1.20729637145996 122.944321155548 0 20.1439788937569 39.6870997846127 11.3169446587563 51.0649433135986 133.051790952682 0 66.2023306787014 0 3.97671756148338 6.37359988689423 0 0 0 0 49.2194629907608 0 1.09451448917389 0 126.771115273237 0.386524468660355 0 1.77133548259735 79.093750923872 2.99783134460449 0 0 0 0 0 5.93339955806732
327.297472119331 42.1811122596264 1017.0150218606 13.9808287322521 2.4177348613739 100.154779031873 1478.16916587949 393.608970075846 147.459399998188 134.305401206017 26.8837175965309 10.8418132662773 8.08629155158997 514.691635847092 5.09913730621338 11102.1962883174 1062.67686522007 18.1687642633915 123.35143044591 9.25813680887222 0 1443.79773700237 27927.8818189204 947.39134734869 6.25124114751816 321.188506871462 1080.96494910121 8650.36600533128 810.063670396805 18835.5014237761 0 6.96491333842278 307.349901169538 4992.83425378799 464.430390059948 5973.5767877996 236.572069585323 3267.42429658771 1180.4550575614 81.780743509531 61.3258698284626 5.98556673526764 80.8569352328777 7.68729376792908 18.7000948786736 3.88044908642769 0.470467269420624 0 0.362039834260941 15.744894772768 3.06629371643066 28.7727780938148 2.64126247167587 0 4.05830377340317 35.3349179327488 10.9066122770309 16.7345716953278 10.4322276115417 0 3.07807564735413 0 21.3940496146679 0 262.893533468246 6.82853931188583 0 0 0.353462964296341 247.113974690437 153.417233347893 118.936033308506 150.710996359587 0 4.55668640136719 54.1640520989895 147.028203934431 55.4716514348984 89.8755525648594 0 0 13.3518218994141 59.2499907612801 43.4052238464355
73.6899941265583 2862.59362483025 630.233448237181 20.5811580121517 4.7870472073555 27.247740060091 289.352565139532 64.7046171724796 5140.21451508999 47.4500544369221 116.641634941101 59.6978258490562 237.248102664948 93.5962572693825 111.431114792824 4218.05601358414 189.344682365656 26.9260510206223 47.9555402100086 11.1316618919373 1443.79773700237 0 2766.1593696475 7539.76139929891 661.716957330704 244.642304837704 4390.97929859161 1232.09577766061 221.248371392488 791.126554608345 5.54246765375137 3.04821407794952 99.5174592733383 395.74480214715 80.0432949960232 1628.56431150436 260.591851860285 803.844625562429 429.968894481659 280.600798934698 21.5382725596428 48.0312421619892 119.858693748713 12.8454654216766 54.4773523807526 5.56699687242508 1.13818255066872 3.59326130151749 1.91685569286346 11.6484088897705 61.3921377062798 61.5339861214161 6.48983189463615 0 1.64543932676315 47.8628893196583 10.3442859649658 98.5864561498165 18.8022165298462 3.19667908549309 7.39477607607841 1.65702891349792 16.2342298924923 1.03304147720337 395.286943554878 9.33364677429199 0 4.58728736639023 7.41577208042145 204.824589133263 686.68911832571 264.839543282986 161.096943795681 4.62642604112625 20.3445035517216 242.138415753841 155.90040025115 53.6092563867569 76.702142059803 0 0 23.5103949308395 59.5371357798576 22.1330372989178
548.468033730984 204.288243323565 13348.7647376359 35.3467928469181 0.535282969474792 219.577612966299 3193.98328453302 803.020037293434 205.322238832712 319.758321106434 122.921724587679 19.3739042282104 33.4339310228825 860.268737971783 7.5093289911747 17027.596560955 7379.05694308877 74.841234266758 453.865373790264 26.5514792203903 27927.8818189204 2766.1593696475 0 1352.06248041987 21.1718972027302 2103.21040385962 13913.6846348345 5610.46676304936 1078.11806795001 7792.89631068707 2.13687369227409 14.7414847463369 380.651856660843 5863.54070997238 781.017353534698 9849.3629411459 955.417330741882 7509.77746027708 3865.24505230784 312.608950614929 83.7554580569267 14.1370779871941 166.714558184147 52.3487071990967 100.852533906698 11.8378020524979 8.85408532619476 4.22478008270264 0.720879912376404 6.24107533693314 31.2650719881058 163.711150556803 1.75276470184326 0 1.85079696774483 50.1992699205875 8.11706626415253 27.7502233982086 7.23264914751053 3.74239659309387 1.40369868278503 0 10.7128286957741 0.592625200748444 648.066868335009 34.6740997433662 1.57608449459076 5.26466369628906 0.531680762767792 139.024408519268 415.852047294378 680.881466150284 144.638585984707 0 26.3007954359055 756.476581096649 104.494533896446 22.5305292010307 41.2525851130486 0.465773403644562 0 5.29910033941269 57.6214929223061 92.488311290741
299.396772325039 345.04151687026 167.11038762331 3659.69306272268 28.3305058777332 682.323138773441 4025.34238612652 718.123847603798 15054.8172013462 2191.29038068652 18.1618899106979 1624.17387720942 22.1622910499573 713.267731949687 648.170326441526 3231.48649299145 37.8528881967068 5.82186269760132 19.3035170435905 2899.07507461309 947.39134734869 7539.76139929891 1352.06248041987 0 57.3276735246181 46.4831115603447 1257.92293918133 31705.282840848 787.829691007733 1029.33311226964 1.5344018638134 21.0082399845123 247.528267025948 594.243682831526 302.16897174716 1559.61056497693 63.9946825504303 632.481331288815 169.658451199532 949.532670915127 75.6588400304317 7.10707372426987 41.0366436243057 0 15.7998262643814 1.83011043071747 84.3791614174843 0.395693778991699 0.4907146692276 40.0162243843079 8.06498405337334 10.7857303917408 218.509301781654 6.54041093587875 108.063170701265 554.855474919081 130.542821615934 519.919292509556 526.535344570875 0 274.343331843615 1.47760248184204 86.3491132259369 17.6823795437813 89.3863700926304 1.64917051792145 1.04531741142273 0 199.003908038139 112.934615343809 92.9399045705795 44.8843315839767 923.506397664547 0 4.1068531870842 42.3400873839855 806.544165104628 91.1336458623409 94.1046766340733 0 0 13.3400408029556 38.125545412302 26.7037799954414
1.62004569172859 2871.61025390029 42.6552178859711 0.725219964981079 0 4.23212721943855 11.0408191978931 7.68486696481705 198.522164195776 1.89582097530365 3305.67631083727 5.02020525932312 9369.40215083957 12.3081331849098 14.2705332636833 10.2617181539536 60.3619436323643 565.651773065329 360.853572160006 0 6.25124114751816 661.716957330704 21.1718972027302 57.3276735246181 0 2085.81755965948 5896.21131625772 15.8695233464241 24.6307716369629 4.74068433046341 178.888174444437 8.29038441181183 1.15070772171021 313.037778377533 2.15781384706497 101.267626881599 796.167397260666 762.358086317778 128.167152643204 20.0508741438389 2.79644590616226 1460.81830585003 34.1754999756813 28.67616969347 57.0074132084846 73.1098957061768 1.96415972709656 7.08055710792542 67.1459291577339 2.57123100757599 32.0489802360535 6.11963123083115 0.777332007884979 0 0.833087921142578 0.554426789283752 1.09313201904297 5.27765095233917 1.00858342647552 189.438473016024 0 217.183177500963 0.813826441764832 0.306760042905807 0 1.04472196102142 41.4092901349068 5.34070926904678 0 1.20546489953995 8.33118218183517 4.72990435361862 2.86375826597214 101.898943066597 161.205347031355 209.543381601572 2.65269649028778 0 0 14.5323543548584 0 0 38.8656021356583 0.621679067611694
139.867991536856 1014.35275194049 12100.6717386246 5.06921184062958 6.04204151034355 54.4964634776115 414.200421959162 223.076627194881 75.2901946306229 64.7823576927185 13154.1543804407 8.10268726944923 8269.40674972534 286.321137562394 3.89401066303253 71.2646257579327 5252.97958979011 7560.10251376033 6952.86427551508 2.49571341276169 321.188506871462 244.642304837704 2103.21040385962 46.4831115603447 2085.81755965948 0 27728.5305875242 155.99165648222 307.111085742712 589.910162299871 2155.7585953176 12.341156154871 46.6063425540924 1874.53127679229 22.9238723218441 822.625358790159 921.299977093935 2960.46333405375 550.264899551868 22.7228372991085 11.1751261949539 73.4967717528343 9.09454697370529 12.6257439553738 46.7572426795959 6.22734731435776 1.08643734455109 0 3.47347640991211 2.05203032493591 146.520487815142 30.3847333788872 0 0 0 4.29524213075638 0.730562031269073 4.62592816352844 0 52.6868278682232 0 140.827609747648 0.615486621856689 0 5.1855371594429 5.14084148406982 59.9727241396904 70.8598040044308 0 1.09432971477509 10.3539982736111 15.0380510985851 3.16816508769989 116.516647100449 639.695574223995 676.429549366236 3.5213203728199 1.95928472280502 8.27527004480362 22.9009666442871 0 0.779599964618683 15.1355108618736 14.0862121880054
108.610385388136 6958.96074354649 12323.5029762983 31.4024173915386 2.14571097493172 75.0104904770851 1002.69912198186 190.26186940074 380.829574942589 128.537936389446 3055.44997620583 15.3989487886429 5902.08166435361 208.763512253761 13.0364987254143 9014.97549381852 2833.52368396521 1020.05569165945 1913.2083773613 9.04358339309692 1080.96494910121 4390.97929859161 13913.6846348345 1257.92293918133 5896.21131625772 27728.5305875242 0 1384.07266831398 255.259835153818 610.620311230421 1063.12927991152 15.8811972439289 55.9549574553967 2596.39832243323 224.759328752756 4437.32073989511 1614.73041424155 5727.26646080613 2352.06231564283 198.974886506796 35.616044074297 92.0287691056728 230.847728729248 63.1203380823135 235.411652207375 43.3523395061493 7.92573219537735 3.88810610771179 5.01018464565277 2.56175804138184 274.127435147762 399.714619129896 4.09273138642311 0 1.97521623969078 41.6206087470055 9.10801440477371 11.13944414258 7.24270418286324 43.1436711251736 5.28510302305222 143.525362998247 6.83557841181755 0 336.071655958891 84.4242850840092 46.0703321099281 56.0038921833038 0.614417552947998 65.3705289363861 329.681049793959 656.680049419403 57.5331847071648 118.4952429533 609.822638452053 1764.21045634151 60.9010013341904 6.83872324228287 22.9271697103977 26.0905017852783 0 3.17604619264603 93.4215304851532 62.1059669554234
682.01181063056 62.3445984721184 916.776991426945 16171.1408125758 13.4914182722569 880.894448965788 16020.931322366 1133.19293686748 3149.11615380645 9531.97752591968 21.854285299778 1482.69270841777 13.7242308855057 1248.5535531342 106.230487555265 2629.22729539871 165.730186462402 5.11958134174347 31.174683123827 5653.45732283592 8650.36600533128 1232.09577766061 5610.46676304936 31705.282840848 15.8695233464241 155.99165648222 1384.07266831398 0 1681.23763683438 11006.2860181332 0 27.3146362155676 573.746310412884 1897.92697954178 496.816058069468 3502.50929751992 126.067064583302 1461.45746803284 375.565124094486 379.970214366913 114.092694222927 7.53467041254044 84.5191106200218 3.67131274938583 25.0218003988266 3.8623703122139 61.2194818258286 0.984572649002075 0 72.1576443910599 1.58969390392303 10.6219183504581 152.250070035458 0 73.6702854335308 515.856221467257 97.1180348992348 367.333745330572 440.450216978788 2.77174472808838 90.9642318189144 0 112.965641513467 12.8109630048275 124.57295358181 4.17325633764267 0 3.16387689113617 106.710671007633 179.758478701115 132.139367878437 106.249637782574 800.634289801121 0.535422563552856 3.74424874782562 43.6492804586887 829.21685436368 110.849736064672 108.206167429686 0 0 42.3601099252701 53.0955631732941 42.2451366186142
20986.8034125566 24.741737216711 320.649745881557 109.332968175411 239.289880543947 1491.93048453331 2954.31001490355 2692.58793872595 451.558583706617 792.826154410839 298.467176288366 117.926202148199 60.7415759861469 9410.83528476954 33.1880980730057 189.781858056784 414.186101466417 18.7606162428856 88.8136624991894 159.365135997534 810.063670396805 221.248371392488 1078.11806795001 787.829691007733 24.6307716369629 307.111085742712 255.259835153818 1681.23763683438 0 5707.84086745977 3.98844715952873 4302.05049788952 12308.6157971621 3743.46214768291 184.210714191198 1696.57612121105 77.4742482304573 1796.44668766856 217.603521257639 330.233595967293 1071.16136258841 40.3475899100304 16.9990832805634 1.6631418466568 6.70162531733513 0.728246331214905 4.16479179263115 0 0 24.8383659422398 2.00167161226273 7.13321328163147 5.64053222537041 0 4.09634009003639 69.0082923173904 10.1113866269588 54.4922215640545 33.8162389099598 0 2.95864766836166 0 16.829287558794 0 15.7940618991852 0 0 0 4.50641497969627 33.1793027222157 17.9207007288933 11.97523188591 127.45689535141 1.7255254983902 6.39972579479218 11.40057310462 108.403029233217 20.6630245745182 30.3450085818768 0 0 3.7772182226181 10.3887469768524 20.6646664738655
3880.88117080927 43.4388837814331 1173.74039748311 21.7443847060204 2.88340866565704 180.645796179771 13029.4148959517 955.795549333096 732.186194658279 203.31377223134 53.3902158737183 14.93320068717 16.2891626358032 1788.16969043016 6.39445582032204 603.959796637297 1446.3053047955 25.0552861094475 179.428210020065 14.3608767390251 18835.5014237761 791.126554608345 7792.89631068707 1029.33311226964 4.74068433046341 589.910162299871 610.620311230421 11006.2860181332 5707.84086745977 0 2.83961403369904 10.1936510205269 781.014713793993 5644.98762947321 243.937764316797 2673.76533454657 73.8104212284088 2190.67120686173 590.430266112089 68.5650345683098 53.0070324242115 5.97583037614822 40.2188194394112 6.09968155622482 21.5963850319386 1.25447225570679 2.40776580572128 0.526106417179108 1.05981886386871 35.3867010176182 2.39642089605331 13.0933623015881 1.6183500289917 0 5.32391563057899 115.04706132412 23.7497184574604 79.7480088174343 27.0693525075912 0.918169915676117 1.56423437595367 0 41.6525806486607 0 82.1671741008759 4.24978482723236 0 0 3.04241955280304 147.283328324556 87.9373374581337 50.1716539561749 199.826631516218 0 2.61171573400497 43.6976982355118 231.74029096961 79.1761374175549 61.8788537085056 0 0 21.3658245801926 39.9030105769634 23.6692228317261
1.53121960163116 26.6157920062542 3.54511439800262 0 0.538238942623138 1.03856074810028 0.495175927877426 1.87139430642128 1.6981885433197 0.575089991092682 1169.1941318512 0 3379.29190126061 2.42600780725479 0 0.467880219221115 7.41040173172951 83.0889491140842 26.842370390892 0 0 5.54246765375137 2.13687369227409 1.5344018638134 178.888174444437 2155.7585953176 1063.12927991152 0 3.98844715952873 2.83961403369904 0 1.1172286272049 0 36.935182929039 0 4.98287251591682 58.3467449247837 62.970468878746 7.2970375418663 0 0 8.0450037419796 1.1518075466156 0 0.465807914733887 0 0 0 0 0 0.637785613536835 0.397896528244019 0 0 0 0 0 1.55375325679779 0 1.45804059505463 0 11.7142817974091 0 0 0 0 3.88619780540466 0 0 0 0 0 0 4.8982350230217 13.6002873778343 10.7258087694645 0 0 0 2.45279175043106 0 0 0.66025048494339 0
11.8334115147591 0.469270795583725 5.31217736005783 10.0326094925404 1986.72459661961 3032.61664056778 37.3324209600687 2067.96503862739 16.6070952415466 70.6763531267643 128.387704819441 20.0952492058277 39.5177107453346 2531.89544761181 35.127627581358 3.11852356791496 6.97067147493362 4.27884396910667 2.41385543346405 12.0874121487141 6.96491333842278 3.04821407794952 14.7414847463369 21.0082399845123 8.29038441181183 12.341156154871 15.8811972439289 27.3146362155676 4302.05049788952 10.1936510205269 1.1172286272049 0 4.72964251041412 2284.36550587416 18.2069640159607 141.465322941542 14.6527514457703 392.392620146275 43.8859044909477 438.389305382967 3212.05545854568 26.1005122661591 0.514897167682648 0 0.369456827640533 0 1.32620584964752 0 0 0.844663500785828 0 0 0 0 0 4.64894506335258 0 0 0.678204536437988 1.05307865142822 0 0 1.84742140769958 0 0 0 0 0 0 0 0 0 3.28215163946152 0 0 0 5.22301980853081 2.59947168827057 0.731763541698456 0 0 0 0 0
457.481709361076 3.53371647000313 79.6105521023273 13.3635458052158 0.436477482318878 11.9884005188942 384.351068168879 38.1225836277008 146.993543595076 47.313890427351 11.1793464720249 4.51266080141068 4.31923151016235 172.600944548845 3.68846246600151 92.7787316441536 71.4828001260757 2.62515509128571 12.5713913142681 11.4855240285397 307.349901169538 99.5174592733383 380.651856660843 247.528267025948 1.15070772171021 46.6063425540924 55.9549574553967 573.746310412884 12308.6157971621 781.014713793993 0 4.72964251041412 0 1301.25966247916 58.337308973074 506.967233866453 14.4988594055176 520.820115357637 93.3762184381485 17.2576205730438 14.7744288742542 0 4.86994206905365 0 2.79898011684418 0.825433224439621 0 0 0 3.26701122522354 0 1.02940714359283 0 0 2.71148991584778 10.6692587733269 1.30593007802963 4.72129330039024 4.98953440785408 0 2.98433518409729 0 6.74399650096893 0 4.96822422742844 0 0 0 0 13.9544152021408 4.91966989636421 7.31304758787155 33.1194130182266 0 0.4248306453228 0.361254662275314 25.9650408625603 3.02070432901382 5.0187286734581 0 0 1.77483281493187 3.52684140205383 6.35743546485901
