0 126.619044907704 107.05243354889 91.1914289404965 83.7301185756053 78.9322173686206 28.1489304885524 49.5146262418825 77.6591534707683 78.6266968075885 101.63487695615 94.2087871605021 74.1760842332342 12.8073524491938 115.993305332624 104.268899193364 108.952938597093 151.427013768462 128.322273821377 86.393271039401 91.4888987149621 84.5892352374762 96.0423555360047 82.8602998413468 108.657529017314 125.666257066898 129.0605985055 81.9248230418295 15.9441839384649 36.7268042788014 138.570415387296 83.3122691574252 34.0368055661088 53.8681555251919 130.345647835681 66.9672719903996 86.0030723070937 69.1524374115286 87.2993026116794 55.1258785785345 61.347868354145 81.5959025338698 132.329630699402 0 148.673324584961 0 0 0 0 164.770790024912 166.51910568398 173.848724365234 162.930539787857 0 174.390041389126 152.706615702674 175.769105825351 93.3265113564801 168.200855073152 0 0 0 168.960333878678 0 131.597157048951 189.269165039062 0 0 165.131835397602 140.615612021707 99.6421026659675 164.876373291016 133.425604565751 0 229.501617431641 172.359096486657 142.009050971137 170.915159363092 146.56128867136 0 0 147.991121169651 177.357613525135 129.037830175532
126.619044907704 0 45.1034537699967 121.936846541314 133.120097238977 142.114696668081 128.512027819402 144.406928288272 78.1258379091868 168.615735656002 60.2815586950595 113.287148020482 53.0264235681797 132.370383820505 121.5918008894 59.3663517749058 60.5559549891222 65.9326958785966 58.0686910434701 156.935873000735 112.783107401404 34.8465508350836 75.9323364590487 87.6568350426346 28.1285071231018 51.2999167303063 25.5444531453999 112.456203160524 119.939693442527 110.322149831462 66.1941152126851 194.194564819336 129.410263414438 65.611907795313 137.102269183055 84.6389084458294 53.2232968758955 62.6534797039224 66.9337693787394 101.237395623885 133.875660833738 50.0268384215147 94.7114600385098 72.171157879659 79.2803406698336 91.5838093034455 108.753936767578 0 39.3767738342285 114.157328363748 13.5489712046024 59.1125653591636 168.953984984942 0 172.543502414778 152.75840393457 134.275421142578 83.0311001290556 172.961131119317 91.6063283333435 100.094612121582 63.4712082054824 239.666122436523 0 110.650449504618 68.0591107895525 87.6640243530273 78.4532772884993 0 90.1915740966797 54.2977289775959 86.5884612350457 144.850789861412 35.6599833715077 71.3054637297123 53.4495259626621 166.164305646569 136.650573730469 99.3697759355172 91.8492279052734 0 0 83.2890917008445 159.486750067246
107.05243354889 45.1034537699967 0 139.924718828596 151.475982666016 133.143537696472 104.417690724862 130.383287437874 117.117935334803 132.186051223292 91.9306144400043 145.23897402583 91.5273079935869 122.716069348579 143.742363196262 84.2006599023517 41.0169551757544 79.4274902222355 62.8412152693227 149.636885964367 73.7974863092322 51.5025355970893 36.362864457979 113.193417831645 79.2476317377406 29.1347885588765 36.4655703114973 94.4128437252005 115.953179116442 84.8951373786934 96.4019985600802 166.613261306722 105.726299532476 70.3141560287735 147.603058934823 83.9882543598149 55.6507654661072 64.16986705978 67.24244118279 107.467292952851 105.531709103671 82.0402712625483 129.714839537017 99.787368105214 112.066473664689 114.893004719445 139.603886238233 0 118.524917810127 135.292080661939 52.9391447444745 94.5875848002236 0 0 211.949554284931 177.352061133853 180.215677513498 139.636553246389 208.059565057609 170.385382184644 110.994827270508 118.466782176101 188.244100258667 0 109.262129248011 114.062708017967 0 128.828605683842 225.048629760742 127.385551964826 72.42122384666 109.06641897966 151.597188584104 0 119.325604784802 89.9527348636748 171.533930339251 156.38020324707 146.677172368103 0 0 157.907791137695 120.189443560841 136.711161276374
91.1914289404965 121.936846541314 139.924718828596 0 134.490537253988 59.2095509472247 57.2215236555869 89.5194720295441 64.7842090906651 20.4002609848397 150.611149540531 40.435753189052 159.97444152832 98.1824189521446 74.6766820113834 100.199812857754 175.959395476413 0 202.406646728516 14.8127287148417 119.119601682806 94.3591297984398 122.361842017064 31.3698671193243 171.529983520508 181.328620999468 139.489929017102 19.9594451106552 110.670677761531 97.0710504152504 0 147.215853031684 103.141795746857 104.491154507899 50.9434536075591 105.693062288764 138.460292246587 104.694264211668 124.564748242527 73.9503591105016 110.031914731898 0 181.094004602825 0 0 0 109.512364862669 0 0 191.024462410095 170.284396442547 175.988952636719 50.8260330063858 122.334159851074 147.326480584375 145.036331257231 177.928697341129 86.6299380607189 95.4637963632687 0 114.741400117816 0 164.068344211916 128.801953903826 0 0 0 0 87.6696742787631 0 146.465701374691 208.658522451991 118.98411697756 0 0 205.503053029987 140.882648261583 187.180420179729 172.277666301497 0 0 0 214.966949462891 145.003384520787
83.7301185756053 133.120097238977 151.475982666016 134.490537253988 0 10.2661555814085 115.529368841115 31.7360316421813 51.6365587094022 117.436626614454 62.4196599039087 53.2536716622449 61.3490293281426 44.1397966680298 19.0879042449154 0 0 0 0 112.628221948847 136.079177500195 108.153415999086 120.789222717285 83.6599891376449 0 102.846215243868 113.428238231973 123.497005206766 29.4933499355722 120.229982884775 107.253845214844 11.5819459572258 60.6978912353516 14.8159108538816 63.8577972246453 65.9446190350663 69.3762786463946 36.0723677972958 39.8755934185971 10.2007542402342 9.31261468388948 52.2926729855034 0 0 0 0 0 0 0 0 0 0 0 0 0 0 0 66.8825759887695 212.926586092381 0 0 0 166.968963623047 0 0 0 0 0 0 0 0 0 0 0 0 0 191.965756537331 0 0 0 0 0 0 0
78.9322173686206 142.114696668081 133.143537696472 59.2095509472247 10.2661555814085 0 50.831189688343 22.269129281627 60.5443904601482 23.6126756352539 78.4725682105791 32.7732890100484 61.5585280852664 45.2259853189394 18.1183432077677 132.488275909476 141.327587370887 188.203460462746 129.72500900662 44.3940539387212 114.606987894638 114.013965850454 122.321066257357 61.6004606212677 123.793724407167 146.156364244174 139.157647165379 72.9441888387071 42.5107217177351 92.0923096106448 96.1689987182617 17.4431864869352 93.4452425194743 39.8520427144597 15.8306327331987 84.5051980182354 80.7817695046265 59.3814540347319 63.6625951731288 17.6340327100498 24.3836685709372 59.5751723326988 146.148300170898 0 192.870472134013 92.7762145996094 108.747271109544 0 0 166.204010160773 186.384754226859 186.611587524414 148.638783105994 0 166.32430918508 151.130697293821 172.904437945427 97.8567193828868 159.021274729525 0 123.010415321908 0 164.172760659276 132.353492494282 151.474191088744 0 0 0 148.131786769331 155.504995506611 142.693133983892 186.601493151179 132.349475509127 0 210.664222615646 187.204103136603 150.75042193117 192.699649523583 156.247037319434 0 234.808517456055 172.119763004901 156.24281062445 165.878958472509
28.1489304885524 128.512027819402 104.417690724862 57.2215236555869 115.529368841115 50.831189688343 0 55.3464766169107 60.4234404583483 21.3382923610601 137.523131909616 61.242174647822 149.315958644513 34.1482888407225 80.9915607467033 91.7403985203081 114.62958021568 165.888518467255 140.673419363773 42.9021941122863 77.2822371415119 85.5908447256493 89.5096548852131 56.2258157519451 159.613523374022 128.653655885324 118.755802904086 41.4290826203987 58.7083593576832 26.4784809733715 207.263198852539 119.294020903546 71.6231420737631 83.3233279300553 74.1170655302098 90.161632996053 101.396276824508 95.6540776913528 102.239715359808 81.7679928299845 92.9669254478364 144.221582854247 156.039545203434 132.604700723335 171.822712968083 147.612380981445 115.444453510328 206.756500244141 0 137.402400468624 140.164559257919 182.443276455442 144.879969757787 206.451293945312 148.743516528485 131.427822095877 160.841071820679 80.5868231411409 150.387828129749 204.9013671875 131.464482172114 0 156.74132924147 140.723417752644 142.781155778829 0 0 230.815582275391 139.132483641338 143.170058577809 105.26741091842 164.807406625119 115.173022457069 0 225.161179507336 164.030179828788 134.473083165606 157.677532399629 142.316065145403 241.245361328125 0 146.066996252361 158.996790784463 161.706435671823
49.5146262418825 144.406928288272 130.383287437874 89.5194720295441 31.7360316421813 22.269129281627 55.3464766169107 0 88.8366849252394 38.0988177119863 80.0019625141882 71.2504941283068 77.9861214678114 18.0843812457361 45.2543017609993 119.543719618341 132.809603249425 146.865334314942 142.81349160544 72.588918258773 109.707425758653 118.690602500684 118.596165683246 87.1628853922699 117.406385165766 145.957214943633 148.063722036299 95.5664899168453 39.7258318538664 80.9641877180693 115.249215471749 24.9233122221857 93.7537240824778 50.109277075447 50.2067789236263 81.3107718793443 96.2513905544721 62.793946533463 77.776682621653 39.5370753654932 34.7029442348657 66.1123700114671 165.082293802518 189.098480224609 178.021595216511 0 179.145721435547 0 0 162.027913023626 179.982703111223 0 162.686031302816 0 193.19645240215 155.932498092277 194.762506964357 102.30629662746 175.439112579938 0 141.279094103939 0 187.535022904874 231.713409423828 150.668251249725 0 0 0 158.354888536636 167.040589910524 152.851401310221 194.26779086452 144.572401248598 204.100997924805 219.093422835056 214.62916740865 161.152937532213 188.010176338205 172.082494236625 0 0 180.92812798978 171.403216847919 146.822469338605
77.6591534707683 78.1258379091868 117.117935334803 64.7842090906651 51.6365587094022 60.5443904601482 60.4234404583483 88.8366849252394 0 74.1411790710644 139.288450565149 25.7473834758832 132.890443351108 94.9878539596401 28.1772113668078 60.9366713900324 143.251220235755 140.680918273302 143.831525100418 61.64096962861 79.34037673555 29.1026441630109 101.9832766589 23.1234995067459 113.232986962176 135.738376112591 100.619803758937 58.128577507985 90.9403407985506 58.7652797860988 136.339169775699 127.172490170396 77.4554776277971 89.8713177309999 86.3815104318276 83.466164998094 116.801658360676 96.7874355573528 101.592031735597 23.1078753531352 100.522216905935 129.129508623079 83.5707568157559 155.238485829136 93.3216536645491 217.79638671875 44.6918856240014 130.925476074219 0 88.3999395189106 104.710813159432 115.038598391235 87.6063470362259 76.362308885257 101.580927970441 81.2763160181712 109.021273772612 21.2447181023674 93.6227004811209 140.952011108398 45.2849523650968 0 108.626823365656 58.8550868407319 78.1954677470411 134.308395385742 200.188766479492 248.065979003906 82.7485164480183 81.770643600663 38.7390591695823 138.942033619959 53.3907638757822 145.747665405273 163.010518278627 120.976992383258 81.1411297289059 99.680325423684 83.8808727345427 0 0 84.9190091214944 91.9995288563133 134.07814426812
78.6266968075885 168.615735656002 132.186051223292 20.4002609848397 117.436626614454 23.6126756352539 21.3382923610601 38.0988177119863 74.1411790710644 0 141.135683748358 24.3350245688147 160.965058536563 56.4833646750996 69.743299133813 121.632682593374 147.38549424982 184.733712566427 153.054837830326 19.5281810326231 110.275600763664 113.880197142605 121.524656760536 59.9962560385385 191.511471230001 153.791519195534 146.157547472804 34.2213762853505 104.04972593235 90.3142422449687 188.895584106445 123.485007415886 100.732940977691 100.428772306553 25.5251494216324 102.00255531335 132.672573133877 105.314561571479 112.201511271957 76.8482115032932 99.2187602319083 129.191072435379 173.078808938338 164.158432006836 202.183002816674 0 112.323073435384 0 0 168.372030054084 169.461355185424 197.867554834661 156.45466727249 216.665771484375 165.018259521199 147.604001832324 168.704994587407 99.3466460946218 162.718916979649 190.06896726311 140.823001555743 0 166.480881251096 136.499668974861 185.989030624318 0 0 0 146.044651537521 165.01151017985 141.68638041125 208.01063674544 126.309376545312 204.65705871582 218.982086181641 196.539830258566 152.911774656925 185.080078821392 152.114556158732 0 0 0 172.970650050402 173.454333431584
101.63487695615 60.2815586950595 91.9306144400043 150.611149540531 62.4196599039087 78.4725682105791 137.523131909616 80.0019625141882 139.288450565149 141.135683748358 0 144.560797467492 15.499700900916 75.0564964725033 158.036106248344 141.572133578852 54.0206328473999 20.1372281842507 24.8187173325491 129.447229241108 113.167174491322 103.728286378563 93.8392225027925 148.335128272681 28.0679306569394 23.5693362491046 49.2491766484327 154.257170518918 70.2067120110803 122.137651441285 24.56431385829 64.5347023019285 107.879288890236 24.6824030337833 152.720482758465 88.5695298136934 23.4867070104235 30.2665220487883 57.1171277028787 97.2291714969758 54.5373086865705 14.5994808698303 151.294464631796 57.2752714122487 126.664123245371 126.135787963867 0 0 0 221.468551635742 76.0991523505364 155.292938232422 0 0 209.466278076172 0 0 159.875956090645 0 83.667507162462 0 76.4504598586796 0 0 0 128.057159423828 96.2942174266447 111.337686602242 0 0 133.322674530271 145.965057373047 172.664730267525 60.7592022463805 99.1485022842432 98.3784099356623 221.506507891575 0 169.866592407227 93.0625066187545 0 0 131.307444007662 111.308276337168
94.2087871605021 113.287148020482 145.23897402583 40.435753189052 53.2536716622449 32.7732890100484 61.242174647822 71.2504941283068 25.7473834758832 24.3350245688147 144.560797467492 0 115.485256806527 92.6774292001835 18.5696808570372 135.144817340638 165.049565737207 179.774440758854 205.532679313554 14.3724160166355 139.091981350692 72.3033767195131 146.585368117279 28.9967561755358 142.515143432254 163.36036978711 144.801811336582 51.1026364790516 110.9265765914 107.659263479268 0 118.800636412033 109.521673156123 109.331232373937 13.7627686868021 104.272820693037 131.029136170793 103.825746426758 124.717396935115 27.8164674186322 98.4439765877818 108.069404602051 0 0 0 0 80.0248839077329 0 0 201.271881103516 133.203922680734 0 120.663100708155 0 120.846181455821 131.212527856889 144.474849395237 72.7770592514094 140.214834801099 0 17.6972822320427 0 148.053186859427 112.180785317505 152.645462036133 0 0 0 124.697717325625 0 104.310668257645 212.824279785156 98.3411353925288 0 174.795074462891 136.995618444976 136.742106206155 0 0 0 0 0 0 167.931170307292
74.1760842332342 53.0264235681797 91.5273079935869 159.97444152832 61.3490293281426 61.5585280852664 149.315958644513 77.9861214678114 132.890443351108 160.965058536563 15.499700900916 115.485256806527 0 78.3378516331083 187.680873666893 129.198555658167 89.4274058215614 47.7384528272689 60.8067783201012 128.14232569174 141.317870704383 95.8995898217326 115.034399031693 153.875743119025 18.682829224121 18.4375588566602 29.0321999157529 145.107402091525 70.0932458968357 128.231911182708 9.69203770350157 65.1474287613146 66.6343917523663 27.518415184217 84.9266003893456 31.5545003914565 24.6050467315038 30.5801229343109 21.3686315959735 83.7374377460889 15.6756028075331 12.3587027898119 42.4864293050664 76.6549161077434 54.9306158963428 36.4610810559341 0 0 25.3881765674338 0 65.4389824300665 109.708351135254 0 0 0 0 77.674674987793 0 0 61.3869479135277 0 39.5816983333628 151.414596557617 0 0 0 88.5481151552506 109.548783683674 0 0 121.427024841309 174.862944945407 0 54.9398596470897 91.031900694606 92.2423524407271 0 0 83.317024230957 85.6433688433423 0 0 39.8992341906848 78.1136114927874
12.8073524491938 132.370383820505 122.716069348579 98.1824189521446 44.1397966680298 45.2259853189394 34.1482888407225 18.0843812457361 94.9878539596401 56.4833646750996 75.0564964725033 92.6774292001835 78.3378516331083 0 60.6451073189527 115.966634707133 123.519672477205 119.714213225655 129.363309881513 87.2436597898474 104.966909426012 102.22805614034 111.899999628193 94.4780748374621 105.147907508172 136.008588107321 140.274029920329 95.6143782553922 26.5464838723113 70.267812883705 106.777556781442 25.0465007529996 56.2781286279912 45.849624447135 99.4723342235074 71.5079085476912 80.846689508517 58.5551270841798 82.3255861454483 50.0516009638461 40.6973070770629 70.1750492296992 132.098735618236 0 193.619215380068 0 178.862258911133 0 218.758041381836 169.246936724909 156.996320631513 189.61723070139 178.377740709469 0 188.582356521652 167.199405654553 196.730546434733 113.092401163348 180.986683644072 0 164.226830436321 0 192.539903505642 233.432968139648 164.209865426663 190.063766954497 0 149.848602294922 174.149916018902 159.649665699953 133.468520023825 182.665926658045 149.590875561599 146.586648080709 179.525160057681 179.427239441424 162.833079569955 182.568593714971 188.574520706623 0 0 176.531408201029 194.578148554205 141.438833185394
115.993305332624 121.5918008894 143.742363196262 74.6766820113834 19.0879042449154 18.1183432077677 80.9915607467033 45.2543017609993 28.1772113668078 69.743299133813 158.036106248344 18.5696808570372 187.680873666893 60.6451073189527 0 126.11398104619 167.764627968286 184.045227050781 0 60.4640258275176 146.415967019836 79.8885036435652 129.605286090551 44.5347632848785 149.664076347468 164.988362017361 138.696580630684 87.1580493283058 81.9287495022597 114.264679520127 0 40.5729201031121 117.161300944749 60.876540607396 16.6429688794922 99.3285902170716 0 115.30433556359 148.40239481178 12.0829471485676 42.87807125984 129.18229675293 0 0 175.241714477539 0 69.5150754355933 0 0 0 138.625866714063 0 121.917568478326 165.578414916992 122.971932952682 111.862439526507 175.974304199219 52.0168350630377 132.93768390933 0 62.1281699374853 0 0 84.5131109712363 0 0 0 0 123.693528500846 0 129.6533203125 166.628372192383 106.051695079651 0 0 215.665710449219 130.5981338935 0 0 0 0 0 0 135.008627308978
104.268899193364 59.3663517749058 84.2006599023517 100.199812857754 0 132.488275909476 91.7403985203081 119.543719618341 60.9366713900324 121.632682593374 141.572133578852 135.144817340638 129.198555658167 115.966634707133 126.11398104619 0 99.2820889526179 119.662704980365 117.769225816776 102.15397417752 20.0277296175496 34.7327798472863 21.2078970175161 33.5791885254174 116.734236171701 115.85368212642 24.8811192915055 39.3382276324141 94.2487911617838 70.9869546959338 138.114456176758 132.977800533071 80.787648199708 69.2186761419695 145.038335562446 77.277800170144 59.4589309052886 77.9120557200714 78.3962555532803 92.7204522129768 86.7854889946979 105.103823777364 116.041176554379 86.9763142567246 138.028432600359 121.817273371009 145.217178344727 0 0 124.686172436118 116.2257286359 122.691352674027 202.620584754135 0 166.115250556895 141.262371743456 152.740508655463 105.188213132069 184.785447111167 0 175.677024090039 0 136.381584259954 0 101.175255202789 143.26721255945 0 165.142074584961 0 114.877599025192 59.6030994321348 106.879352961097 115.406472461675 0 141.811477661133 102.278331081492 120.650877252826 129.282341154769 113.950834909603 0 0 127.858567478434 113.739634564808 170.791913268396
108.952938597093 60.5559549891222 41.0169551757544 175.959395476413 0 141.327587370887 114.62958021568 132.809603249425 143.251220235755 147.38549424982 54.0206328473999 165.049565737207 89.4274058215614 123.519672477205 167.764627968286 99.2820889526179 0 50.7205630954705 19.3274268982178 134.628600199716 60.4772551894618 79.0187338789504 30.4888460496456 137.071627708071 70.2644009179165 40.5888635637011 69.1660192084118 118.15853568382 107.262855157464 73.9709010181141 87.0043671764713 110.890170563583 102.826823250988 43.3146156994097 156.519385930914 91.3956263766998 59.4084570230005 56.8340304831716 69.5966730907579 98.6822401790509 110.967570248513 79.6790243550439 144.334883355571 122.612304369457 127.949790051482 150.361420877092 166.067659307136 0 0 0 75.0230491328855 115.346313353845 0 0 0 175.771478911668 216.900555987168 130.953996461758 0 147.856853677758 0 138.721986408419 193.489562988281 0 139.323581146785 127.043059401183 0 139.225506143281 0 185.87319018373 102.920583600867 141.339829577018 181.018172188637 91.1170612447831 115.153405943806 115.776361914847 184.91192900117 223.638946533203 148.520378493032 148.343551635742 0 0 141.512698427487 192.698611507438
151.427013768462 65.9326958785966 79.4274902222355 0 0 188.203460462746 165.888518467255 146.865334314942 140.680918273302 184.733712566427 20.1372281842507 179.774440758854 47.7384528272689 119.714213225655 184.045227050781 119.662704980365 50.7205630954705 0 21.1314341900981 0 116.72383623086 107.174784945801 93.6605582760302 169.532071415461 43.5529483165466 22.722006415351 59.2399083069358 164.685817804555 110.995569624522 124.136486104428 51.6030797829641 103.584654751784 137.996184470695 53.9512890844706 145.171509232292 97.780953580594 43.6674644034711 57.322823961095 67.355397138614 147.795890126292 77.1102185029923 53.6374894252273 136.367202758789 0 119.593599631251 0 0 0 0 0 69.0316886123316 120.979621887207 0 0 0 227.825531005859 0 0 0 95.485960412381 0 82.8189492859068 0 0 0 0 99.0408458671056 107.378136930669 0 0 125.711532744844 0 227.446441650391 67.3871349890156 100.354831111167 100.129621208773 0 0 0 97.2869524038538 0 0 125.058244083175 196.806121826172
128.322273821377 58.0686910434701 62.8412152693227 202.406646728516 0 129.72500900662 140.673419363773 142.81349160544 143.831525100418 153.054837830326 24.8187173325491 205.532679313554 60.8067783201012 129.363309881513 0 117.769225816776 19.3274268982178 21.1314341900981 0 0 93.8074477027262 99.1548577817282 70.1869148049766 157.720557205386 50.9064385367878 36.1643401390942 65.2368027925689 135.008271593563 120.114713929573 97.8056352944061 66.5561646340013 105.780754497127 121.775231080649 46.1181091360646 151.354529877988 95.5359660466035 46.6224560013301 55.7915517541546 69.4881411573162 133.384316061726 150.286080758885 74.7297069688635 165.693800061015 151.619705200195 122.305248023145 138.971969604492 0 0 75.6613388061523 231.463119506836 70.246735651899 121.133046341995 0 0 0 0 196.112915039062 0 0 96.5149880370497 0 97.3890357724518 0 0 166.099409291138 156.723663330078 104.75181456425 110.426689375406 0 0 122.538145201467 174.635366079524 188.55005608838 84.6451592400875 100.212830016199 101.175787693005 244.927505493164 0 176.377823856538 134.832916259766 0 0 120.624230153486 189.678520234039
86.393271039401 156.935873000735 149.636885964367 14.8127287148417 112.628221948847 44.3940539387212 42.9021941122863 72.588918258773 61.64096962861 19.5281810326231 129.447229241108 14.3724160166355 128.14232569174 87.2436597898474 60.4640258275176 102.15397417752 134.628600199716 0 0 0 118.897171704558 115.529733126311 135.989359741294 23.1967642443975 0 166.502847384297 145.753114685883 33.6995825654683 107.712463646257 127.112634865135 0 126.520471077729 92.6218163882537 102.234071435685 27.972425716862 98.442957664127 148.287411547505 102.986780598863 108.746950228633 64.1706275303367 94.1470326928381 0 163.979995727539 0 188.859191894531 0 96.6888661448753 0 0 165.310424804688 0 153.338317871094 68.9013252443335 0 154.737092604647 130.603304746207 154.722464623667 83.8188914329381 149.375737058185 0 88.0295127438779 0 171.579878170896 122.805359653472 0 0 0 0 120.086719526065 0 108.316268920898 0 112.975515076623 219.815048217773 0 131.368942260742 136.754004462189 162.949437197076 0 0 0 0 0 149.373361811514
91.4888987149621 112.783107401404 73.7974863092322 119.119601682806 136.079177500195 114.606987894638 77.2822371415119 109.707425758653 79.34037673555 110.275600763664 113.167174491322 139.091981350692 141.317870704383 104.966909426012 146.415967019836 20.0277296175496 60.4772551894618 116.72383623086 93.8074477027262 118.897171704558 0 56.815236048742 35.2360161248227 46.7133786818838 138.040468138846 98.5512059576325 79.4089931868866 31.7401803816104 89.5594763584987 30.5072833985428 0 141.963251966524 80.0116609888135 48.411725620753 145.617395611496 76.0320174041699 69.7444185442563 68.8863379398829 71.854363883038 89.8715076876223 95.9124807982289 121.192474501219 122.456388786124 119.924564781736 141.148371231372 136.711929026007 207.862030029297 0 132.01350402832 145.011363106123 124.624834502622 151.153754477662 159.376466612952 0 171.695443901898 151.713861308395 168.348998915357 106.000226181632 176.625782921573 0 191.709167808748 0 160.510284924885 0 113.377681068434 157.94100116972 0 0 148.779754638672 122.832439671789 74.7655883232158 125.2622083526 123.404008062366 0 198.389259725905 137.405323231799 134.184885893429 151.017596809552 128.993224383201 0 0 130.380876014575 126.297979491765 149.972655036561
84.5892352374762 34.8465508350836 51.5025355970893 94.3591297984398 108.153415999086 114.013965850454 85.5908447256493 118.690602500684 29.1026441630109 113.880197142605 103.728286378563 72.3033767195131 95.8995898217326 102.22805614034 79.8885036435652 34.7327798472863 79.0187338789504 107.174784945801 99.1548577817282 115.529733126311 56.815236048742 0 54.5962220638542 28.2793214131244 76.5793295133901 97.0878222973965 40.0133904869946 61.4472002609256 86.6549316686949 60.5009384995985 108.104227917624 131.09184670577 71.1287975834569 66.912169377031 132.387231105376 68.4018940832682 53.4033617898235 69.4541597217138 67.0998339742726 69.6575871187366 92.8278577867973 98.2664769127317 74.8523965877984 65.9570285223644 87.083100738066 84.4867825072917 109.407648117848 86.2860334518758 179.480392456055 92.8124817473927 24.8959686039764 70.2500867874058 122.951539037747 0 135.05171548551 103.489931198174 124.400661840608 45.910153399223 155.819378542769 132.310009266312 80.4751812765218 163.182337859767 108.089851417573 78.8869400024414 55.3348720835123 85.5820850617705 0 130.511543003372 157.554008076614 71.7401205322861 15.9895841337966 68.0110332141685 72.5998735442197 73.8284949123945 114.324927764793 60.434192730441 84.3335067566645 93.6789222796212 72.9500325996233 0 0 78.4507091250791 66.0550542771502 144.136083919717
96.0423555360047 75.9323364590487 36.362864457979 122.361842017064 120.789222717285 122.321066257357 89.5096548852131 118.596165683246 101.9832766589 121.524656760536 93.8392225027925 146.585368117279 115.034399031693 111.899999628193 129.605286090551 21.2078970175161 30.4888460496456 93.6605582760302 70.1869148049766 135.989359741294 35.2360161248227 54.5962220638542 0 75.5139710608779 116.117568429067 71.3977095650468 42.6323955838347 65.0819790433111 98.4412013908907 55.591842321671 117.726717535117 145.953757026513 87.674122035699 50.9405066070248 142.888520188675 75.7391607800505 58.421876584434 63.9124962329554 68.9203066943135 85.8796575302028 96.109065784021 107.55486546087 129.79506096351 116.164217834667 131.547182121506 137.206181470669 130.341368047157 128.512995181034 155.087493896484 144.962144183658 84.9547933515741 115.665911718733 189.447976089446 0 175.675958085107 165.443048823574 171.84664206512 131.101980230676 196.768994997643 165.868680221276 238.174594319812 0 181.808505595078 230.311187744141 106.166198027143 143.40229057011 172.579167583671 155.158871557356 192.318267822266 135.73989750822 71.3071965765221 113.639787489289 140.16657986537 0 156.20239312196 106.080952583254 146.325365914376 159.495876633117 136.517939486254 187.020874023438 0 140.155265913265 119.558856506122 148.895734305776
82.8602998413468 87.6568350426346 113.193417831645 31.3698671193243 83.6599891376449 61.6004606212677 56.2258157519451 87.1628853922699 23.1234995067459 59.9962560385385 148.335128272681 28.9967561755358 153.875743119025 94.4780748374621 44.5347632848785 33.5791885254174 137.071627708071 169.532071415461 157.720557205386 23.1967642443975 46.7133786818838 28.2793214131244 75.5139710608779 0 126.588985892667 149.719588559456 81.0386734950584 21.099241088284 94.5665459623791 69.9865548198858 152.435955066143 134.231289596437 81.3593658574635 86.332589893409 76.133046988592 86.9512510265778 98.0304717129407 96.0770302069696 98.6804386022732 45.9451532368258 101.2643972798 145.19543334319 143.701354929425 0 162.690311974572 153.232874021212 76.4103583296106 163.584014892578 181.968536376953 130.036765468597 129.734179060879 154.695971671359 104.49322370426 112.145118443647 132.00067509277 118.239937445242 138.678425389873 52.9438071863022 128.666003109055 0 63.9843886354666 221.60779050873 142.401049619473 104.561263699376 119.843095921865 228.543395996094 210.798889160156 0 106.46301672469 122.436139312247 79.7270509867303 149.26415781167 94.8420429651542 0 182.813237187395 143.375257733042 116.252576651894 139.946839339665 125.409953591928 0 0 125.989680407483 126.562165476408 154.627867966628
108.657529017314 28.1285071231018 79.2476317377406 171.529983520508 0 123.793724407167 159.613523374022 117.406385165766 113.232986962176 191.511471230001 28.0679306569394 142.515143432254 18.682829224121 105.147907508172 149.664076347468 116.734236171701 70.2644009179165 43.5529483165466 50.9064385367878 0 138.040468138846 76.5793295133901 116.117568429067 126.588985892667 0 42.6514558801314 31.0629312452376 146.584780047005 100.668311559587 141.317829740039 42.524847526227 83.3708454375192 161.035614013672 53.3049935679389 138.273710019584 83.3408732456365 25.3917154582287 49.3891250225951 53.5043069818086 140.954474666608 26.2668910419579 17.2415647734932 36.6449739190361 32.8175458505523 44.4216185684934 20.2280358154108 32.350355030293 61.2330320454785 10.7437644700992 216.516668441435 42.1457453203222 84.8687312573787 190.22785949707 0 60.0974235534668 149.029983520508 81.3668365478516 134.914141654191 229.926300048828 26.717750503052 0 42.4949902384936 65.199333190918 176.920364379883 0 118.665084838867 60.2177019581274 79.42980120531 0 135.924094533693 70.334710351769 113.228766748102 167.18969930897 26.144552210348 65.5539850328005 63.5540418210536 206.774301772307 0 0 70.0599650416005 0 0 17.319529334605 114.513847351074
125.666257066898 51.2999167303063 29.1347885588765 181.328620999468 102.846215243868 146.156364244174 128.653655885324 145.957214943633 135.738376112591 153.791519195534 23.5693362491046 163.36036978711 18.4375588566602 136.008588107321 164.988362017361 115.85368212642 40.5888635637011 22.722006415351 36.1643401390942 166.502847384297 98.5512059576325 97.0878222973965 71.3977095650468 149.719588559456 42.6514558801314 0 31.9448471205484 128.302867137849 127.447096603302 103.426988955015 18.6505875312416 122.392276935163 123.729394033764 65.4618006767413 156.207074311919 95.9672252154042 53.4079503762067 66.250102081407 76.4400808570864 139.457006418126 98.6198278861038 69.436942897671 164.937369535901 119.516199854896 117.921561583727 132.289736174515 131.213124555199 0 86.7281289048363 196.585010666451 65.5540579200229 118.634727822051 0 0 0 194.537091127667 218.306930541992 141.309366079929 0 98.2529073630066 0 81.3733965248219 221.71842956543 0 167.261700755234 129.124349602212 97.9737181339242 106.055310185435 0 195.322254219412 126.521410039271 154.601650895404 212.220506990003 66.8626392166471 94.6500617523162 94.1601191253169 181.493295967358 210.207839118301 172.302772299084 100.321125615693 0 211.214706420898 120.025408277325 188.326714595343
129.0605985055 25.5444531453999 36.4655703114973 139.489929017102 113.428238231973 139.157647165379 118.755802904086 148.063722036299 100.619803758937 146.157547472804 49.2491766484327 144.801811336582 29.0321999157529 140.274029920329 138.696580630684 24.8811192915055 69.1660192084118 59.2399083069358 65.2368027925689 145.753114685883 79.4089931868866 40.0133904869946 42.6323955838347 81.0386734950584 31.0629312452376 31.9448471205484 0 91.938026016509 128.360460105433 107.51320486686 26.2818525427056 135.007596862573 118.812676405896 71.0473745585161 154.782887526789 84.7049993088375 59.0169589918937 70.5936533918613 74.6297791040635 97.6888498807376 97.9366892832134 73.3079800051157 121.570083398042 101.93365378529 111.981580715279 111.312111459004 135.458214852983 121.843066873273 130.998209136435 131.241344308462 60.6728905575933 93.7877345462433 182.132363987516 0 194.43183684141 156.377977948445 180.555693342718 119.249554535056 196.783466559423 103.952680560989 181.344737314211 88.8432366020049 165.913399911853 0 99.3053983297252 114.353620212414 101.618074031644 110.452526662351 210.926055908203 132.369388408238 61.0626735133321 104.644805945689 140.501610007678 62.834804885813 96.5080709523331 90.7683327302874 159.064505505369 166.691561197567 146.378048681353 99.5877458800921 0 157.781678520394 106.451919404351 151.171241289079
81.9248230418295 112.456203160524 94.4128437252005 19.9594451106552 123.497005206766 72.9441888387071 41.4290826203987 95.5664899168453 58.128577507985 34.2213762853505 154.257170518918 51.1026364790516 145.107402091525 95.6143782553922 87.1580493283058 39.3382276324141 118.15853568382 164.685817804555 135.008271593563 33.6995825654683 31.7401803816104 61.4472002609256 65.0819790433111 21.099241088284 146.584780047005 128.302867137849 91.938026016509 0 91.9153500206954 35.9710119791461 0 143.494757794309 76.8865342472605 74.3321177798225 110.662924431306 86.1871680929488 92.2923433212179 93.0344433957401 95.1968252294674 83.3676307034966 103.342042723454 137.190814653761 129.903240815357 135.690021724764 152.87128388537 183.721876548525 110.861895322933 189.536926269531 0 133.934941564576 162.465962240024 160.764869456458 138.027723546628 0 157.934515062991 131.332997790063 161.791696740877 75.3236294669841 149.00088598675 164.585684284615 135.113635546492 0 150.964470504504 137.361351148742 120.200196789499 181.79089521113 0 200.069280092377 138.650989758573 120.863614589683 83.7576323129963 150.846426948729 115.830867914674 219.375915527344 189.008260726173 153.108472702636 126.46576000762 149.683816011107 128.209426337424 0 0 132.331124849804 136.611890272653 162.039048537693
15.9441839384649 119.939693442527 115.953179116442 110.670677761531 29.4933499355722 42.5107217177351 58.7083593576832 39.7258318538664 90.9403407985506 104.04972593235 70.2067120110803 110.9265765914 70.0932458968357 26.5464838723113 81.9287495022597 94.2487911617838 107.262855157464 110.995569624522 120.114713929573 107.712463646257 89.5594763584987 86.6549316686949 98.4412013908907 94.5665459623791 100.668311559587 127.447096603302 128.360460105433 91.9153500206954 0 40.209914685766 115.59269863799 16.3418348089627 18.4201951932128 36.9531727656826 117.992807483309 65.6164292500616 83.3007681323694 49.5226262512809 63.9835559701158 51.3292005869836 25.7125768432345 64.3717774754846 128.383115998915 143.785598021638 153.832590952396 90.8042984008789 137.082073310203 0 0 169.338402539887 139.423114428871 168.557297837345 191.322406886268 0 190.501874768972 167.001169724023 196.868091031431 109.887632686082 189.70285125227 0 197.528840320006 0 177.297262887855 0 146.821769003311 0 0 0 173.919032995307 145.706885347017 109.941722603984 178.386139932578 147.154647233502 170.59561385465 162.466751705256 150.720614388751 160.981960384197 179.117391897971 150.159926575993 0 0 147.648629190008 168.878910864958 140.19312246115
36.7268042788014 110.322149831462 84.8951373786934 97.0710504152504 120.229982884775 92.0923096106448 26.4784809733715 80.9641877180693 58.7652797860988 90.3142422449687 122.137651441285 107.659263479268 128.231911182708 70.267812883705 114.264679520127 70.9869546959338 73.9709010181141 124.136486104428 97.8056352944061 127.112634865135 30.5072833985428 60.5009384995985 55.591842321671 69.9865548198858 141.317829740039 103.426988955015 107.51320486686 35.9710119791461 40.209914685766 0 139.385407283442 120.96311236104 53.0117948461904 36.6683473758785 135.502517543849 70.7061151308334 81.603978920074 66.3605932179964 72.1914984676898 90.9643174448745 87.7925074749204 126.478976347473 130.346118221972 161.769967211264 152.460406056413 154.539596557617 160.372345542484 136.644119262695 113.314693990766 132.914862501651 121.875194502875 156.048050900967 145.222160413529 0 180.644567475301 130.307555074792 159.204039869146 76.8609118516921 161.705511155318 203.478103637695 153.561889648438 0 146.099918808573 0 118.032751577496 172.515501958662 0 0 189.557065586487 121.686029238826 79.5875818786993 136.779758797192 117.682664031911 0 202.60598205531 145.173123214071 128.54950987852 145.861438063781 126.919177553465 0 0 129.020012117183 126.753842771714 153.589108010106
138.570415387296 66.1941152126851 96.4019985600802 0 107.253845214844 96.1689987182617 207.263198852539 115.249215471749 136.339169775699 188.895584106445 24.56431385829 0 9.69203770350157 106.777556781442 0 138.114456176758 87.0043671764713 51.6030797829641 66.5561646340013 0 0 108.104227917624 117.726717535117 152.435955066143 42.524847526227 18.6505875312416 26.2818525427056 0 115.59269863799 139.385407283442 0 96.9490966796875 0 70.7157733351133 0 117.357613466458 53.6020404094759 69.9309914578508 76.24420868083 0 0 58.2230997923432 152.028991699219 0 123.110023498535 0 0 0 0 0 96.3191070556641 172.984848022461 0 0 0 0 0 188.099212646484 0 89.3713455200195 0 83.7310622809241 0 0 0 0 97.0170087625488 0 0 0 0 0 0 65.2031016177581 104.163598039626 97.8221836621063 0 0 0 102.056483993312 0 0 134.174606323242 0
83.3122691574252 194.194564819336 166.613261306722 147.215853031684 11.5819459572258 17.4431864869352 119.294020903546 24.9233122221857 127.172490170396 123.485007415886 64.5347023019285 118.800636412033 65.1474287613146 25.0465007529996 40.5729201031121 132.977800533071 110.890170563583 103.584654751784 105.780754497127 126.520471077729 141.963251966524 131.09184670577 145.953757026513 134.231289596437 83.3708454375192 122.392276935163 135.007596862573 143.494757794309 16.3418348089627 120.96311236104 96.9490966796875 0 93.3496586284269 23.0772746986732 118.364803833098 73.6308735157134 67.586609452062 41.5120376328664 48.3386723817472 24.3818496879949 16.0569319197349 59.8928426931618 107.14330291748 0 237.305908203125 0 144.09033203125 0 0 208.517074584961 0 0 0 0 0 197.203200676584 0 0 165.094299316406 87.0650863647461 0 0 240.985443115234 0 0 0 0 0 0 0 0 0 205.013065377993 0 0 0 195.742457927558 218.082027230009 177.739410400391 0 0 0 0 0
34.0368055661088 129.410263414438 105.726299532476 103.141795746857 60.6978912353516 93.4452425194743 71.6231420737631 93.7537240824778 77.4554776277971 100.732940977691 107.879288890236 109.521673156123 66.6343917523663 56.2781286279912 117.161300944749 80.787648199708 102.826823250988 137.996184470695 121.775231080649 92.6218163882537 80.0116609888135 71.1287975834569 87.674122035699 81.3593658574635 161.035614013672 123.729394033764 118.812676405896 76.8865342472605 18.4201951932128 53.0117948461904 0 93.3496586284269 0 24.3297402899069 103.049919721554 47.1340338634872 56.4565131969383 39.9584780605746 48.2443549121706 55.0573067991562 51.9734103660477 0 120.004373290255 0 140.340707114563 86.4005972132577 0 0 0 143.395553239312 0 173.500381469727 0 0 168.969593792652 144.996312416702 164.718472415224 79.2538977648366 186.91594971753 0 146.939725604279 0 155.575135254965 0 143.892309499075 0 0 0 0 123.713207621798 87.1068539132266 157.976885067293 130.223278565507 0 249.370529174805 177.235641479492 144.848010468736 173.59606144584 132.60758379204 0 0 167.458078920653 145.226981190555 106.340051247776
