0 17.8535218536854 155.43299844861 47.3338761031628 9.7521498799324 556.122280448675 6977.78940677643 4714.97545784712 264.100936293602 499.121767252684 32.1068713068962 34.9897925853729 4.19735109806061 10133.8855519593 10.5921681523323 14.3644875884056 148.888745844364 0.398751795291901 16.1024878919125 34.9015288949013 204.09870621562 23.6479127407074 395.91930142045 345.378381371498 12.2802946865559 39.8845728635788 78.8082449436188 364.184057533741 12623.4631012678 3644.36845621467 0 44.5013239681721 181.519731938839 490.417435348034 18.1152741312981 477.566493093967 19.1885097622871 443.881580263376 87.2650425434113 143.086160063744 137.68243971467 5.20990246534348 23.2793097198009 0.852226138114929 5.54895377159119 7.46405780315399 1.17327666282654 1.72908070683479 0 3.93469488620758 1.82981985807419 0 2.87028825283051 0 4.20642593502998 43.8671591579914 11.7128343880177 20.6522791683674 4.97736302018166 0 2.05102133750916 0 8.97147604823112 1.69531548023224 1.66201615333557 0.434246361255646 0 0.789430797100067 0 11.6739123165607 6.20669773221016 10.1223271489143 59.346677839756 1.59374761581421 1.78584104776382 8.50118917226791 66.9738784134388 7.6775261759758 21.8554885387421 0 0 0 3.40832835435867 8.25429409742355
17.8535218536854 0 1024.18043771386 1.35940611362457 0 10.314084649086 62.8578596711159 17.6568934321404 1091.9208612442 6.05683580040932 343.547869294882 13.2171112298965 678.159665167332 25.5482340753078 23.4481690824032 149.603097110987 1379.10692045093 44.4781641364098 501.483066946268 1.1089763045311 62.9645892977715 3251.71132093668 432.285894855857 783.615396052599 4443.73051247001 2438.8041691184 11219.8937375247 131.237302213907 33.2085672318935 110.167249053717 77.6516487002373 0.549707591533661 2.32430535554886 549.73982539773 12.8082563579082 823.159897238016 638.217678576708 1562.08574438095 352.638599961996 53.6573507487774 4.04505515098572 98.9608310461044 34.3964615762234 34.3325138688087 63.0726688206196 11.6489855051041 0 1.95830595493317 0 3.12319865822792 123.842254847288 132.242296367884 1.19486010074615 0 0.421499490737915 9.13129845261574 1.29526051878929 6.62888714671135 1.85765016078949 22.4294296503067 0 42.4280814528465 1.29804062843323 0 3.71960446238518 77.8952495455742 15.6968297958374 61.3058696687222 0 2.12541988492012 23.7107570767403 42.5496520400047 5.63699579238892 58.9647919535637 243.90460512042 429.637021690607 9.06666707992554 0 7.54597252607346 2.07512763142586 0 0 27.3220711350441 7.69654163718224
155.43299844861 1024.18043771386 0 6.64064475893974 0 128.869127362967 1560.58089637756 193.036571592093 108.22210714221 62.716646105051 98.7799804508686 8.57333159446716 30.9230861067772 278.696484267712 2.8911095559597 186.462508171797 5284.39796352386 40.2242030501366 588.901093691587 2.71371060609818 1948.97739869356 760.343330025673 13067.5922715664 391.673630297184 79.6768926382065 11298.1162026525 15885.9549882412 1209.77810508013 172.472709864378 1523.2867359519 11.3520424962044 2.56066942214966 9.43343678116798 507.450581759214 10.134200066328 1032.60602390766 758.426855534315 2027.9001211524 499.079983264208 34.3802311718464 1.77253496646881 2.12038895487785 132.818499237299 165.884583562613 311.524987578392 49.8880656063557 3.56624048948288 0 0 5.80249834060669 229.660993754864 611.960282534361 2.07274717092514 0 2.68223631381989 63.5629512071609 9.15659019351006 8.65713715553284 5.36573284864426 8.92590972781181 1.33614110946655 24.0367479324341 28.5846634209156 0 46.4368812441826 217.212761968374 9.00967478752136 69.0153849124908 0.282445669174194 33.6546264588833 92.9936188161373 476.067599534988 35.4807283580303 36.396339148283 288.936838954687 1693.02767628431 43.3999445736408 7.05083611607552 32.1852180659771 2.98819461464882 0 0 122.97557631135 7.7765988111496
47.3338761031628 1.35940611362457 6.64064475893974 0 1.71796828508377 315.561216324568 659.361335098743 92.6483739614487 839.872044086456 12059.5698708892 1.94602906703949 1853.69445216656 0 107.717435330153 137.800766050816 5.29297930002213 0.709187626838684 0.343306183815002 2.07404631376266 36695.1780581772 8.82711565494537 23.517536252737 24.9966643154621 4160.09001034498 0 1.09562015533447 37.1075604259968 12656.5079761744 162.70283177495 60.2555025517941 0 3.50872945785522 16.2703612744808 38.5997065007687 5.48521417379379 205.608425110579 4.0282393693924 84.1006461381912 48.1542579829693 135.887298583984 14.0727571845055 0 58.5686451494694 0 3.01287519931793 2.36696523427963 18.6898719668388 1.04356360435486 0 7.01668977737427 0.753652334213257 1.77798068523407 262.691341876984 0 5.64984467625618 110.804018378258 19.4875916838646 85.7663866877556 77.1796986460686 0 12.0073227286339 0 19.5065122842789 0 1.74003115296364 0 0 0 47.4666279256344 2.82156804203987 0.812142133712769 2.3851235806942 122.630044281483 0 0 1.05094829201698 83.335385710001 6.15381628274918 5.17081919312477 0 0 0.74109274148941 3.09409791231155 1.48009705543518
9.7521498799324 0 0 1.71796828508377 0 846.664644777775 5.22038021683693 1059.33092391491 39.1845457553864 10.0467782914639 14.0313271284103 48.4736987352371 0 162.248999983072 4461.84628778696 0 0 0.713400602340698 0 1.62188613414764 0.459225952625275 6.34494400024414 0.527053236961365 22.048500597477 1.68667554855347 2.87154281139374 0.579007267951965 4.01634287834167 263.456506311893 1.33477345108986 0 2252.20015370846 0 1119.35078266263 0 9.94504761695862 0 37.2842258214951 8.55596423149109 6493.14821380377 2909.34088343382 0 0.816203713417053 0 0 0 0 0 0 0 0 0.713529348373413 0 0 0 0 0 0.60239452123642 0.877035856246948 0 0 0 0 0 0 0 0 0 0.48968294262886 0 0 0 0 0 0 0 0 0 0 0 0 0 0 0
556.122280448675 10.314084649086 128.869127362967 315.561216324568 846.664644777775 0 3936.33453989029 27617.7868022025 244.989951193333 18429.1170907021 46.3659641444683 5484.50370848179 1.45664966106415 3165.5374610424 719.806443810463 14.9805197417736 78.4155842363834 0.810350060462952 13.0156351625919 394.879441142082 131.528790026903 25.7356064915657 249.11827263236 513.955069839954 15.2822814583778 39.5515462756157 74.9561239480972 1013.71184596419 1420.53160575032 521.031521886587 0.371087193489075 2476.22568750381 28.7869994044304 592.153487414122 49.0810095369816 332.062760353088 14.0982795059681 407.836096763611 66.8684041202068 1434.08291682601 1606.0687315464 2.67055463790894 25.1644792854786 0 4.41685935854912 4.48479443788528 6.62451994419098 0 0 2.87918275594711 1.356055945158 1.73958241939545 23.4879476726055 0 3.22579398751259 62.5967081189156 7.99696376919746 35.0662892907858 30.0572228729725 1.1820113658905 5.12359151244164 0 15.3566599190235 1.453244805336 3.55633160471916 1.84055027365685 0 0 19.8708595633507 2.7135334610939 2.20435577630997 4.75254315137863 108.452144682407 0.399284839630127 1.26187235116959 4.51651540398598 58.6761881709099 6.72490653395653 13.1921340823174 0 0 0.449927568435669 1.55965369939804 1.46994149684906
6977.78940677643 62.8578596711159 1560.58089637756 659.361335098743 5.22038021683693 3936.33453989029 0 3584.42632442713 1993.98889538646 16488.0144913793 35.1453996896744 563.990845352411 8.90877747535706 7851.95098766685 125.331502258778 288.723760694265 380.913786351681 3.35874357819557 58.0274351239204 398.81711986661 1669.19237044454 297.072726637125 3130.27972701192 4721.76044473052 19.4063836932182 239.537699624896 1274.69335842133 17019.3666371107 4901.96362866461 19148.4635719955 1.43803864717484 35.591528147459 526.063763439655 927.089793980122 113.25616645813 3292.48024624586 201.402009159327 1346.95890715718 760.743978053331 440.504122912884 194.494981914759 5.69026738405228 159.945247679949 15.3792492747307 60.6952001750469 43.0386205017567 46.9563712179661 8.68925696611404 0 27.0937792658806 8.49919617176056 16.613293170929 78.106378287077 1.09130752086639 20.1457757949829 457.238590151072 57.5237520337105 240.207104176283 90.6922046840191 1.83819961547852 22.2973101735115 0 118.109860986471 6.12063735723495 30.2420295774937 10.0558460056782 1.10199499130249 2.12676957249641 46.8902696669102 68.0451163649559 32.7871656119823 81.5276585221291 677.766220957041 3.23043203353882 9.48622724413872 86.5991438031197 551.263257354498 55.2570007145405 173.163292944431 0 0.367930561304092 15.519749134779 35.5012820661068 18.1831835508347
4714.97545784712 17.6568934321404 193.036571592093 92.6483739614487 1059.33092391491 27617.7868022025 3584.42632442713 0 299.315203070641 3996.15019366145 169.967636883259 732.563992023468 22.8211399316788 27297.4151304066 148.916402131319 16.3678249418736 150.864215195179 7.23619720339775 27.9499440491199 166.748305559158 230.147093594074 42.7407996952534 432.385697424412 487.900961816311 37.4271393418312 73.3825912773609 104.264662206173 460.588033646345 4047.13392168283 1579.87601777911 1.99654734134674 2754.38949733973 71.4986027479172 1422.1406788528 29.0340798199177 572.952771514654 18.9316049516201 741.461584866047 118.042849421501 912.310408145189 1973.98304468393 17.0257192254066 20.0452407598495 0.539629340171814 13.2651711404324 2.77461779117584 2.58809924125671 0 0 5.15502047538757 5.1824224293232 4.62937670946121 9.83176317811012 0 2.9217129945755 69.0691198408604 5.5687096118927 30.4923830628395 12.1491409242153 1.58495777845383 0 1.32162284851074 30.2471538186073 0.448948562145233 7.6209628880024 1.42458784580231 0 1.00879836082458 2.38062593340874 7.06688532233238 4.74401998519897 4.82495096325874 98.9489744305611 0 3.88528025150299 11.0590420365334 95.9722177684307 18.4746483266354 32.631284981966 0 1.67502427101135 2.4855974316597 11.0657643079758 1.37215709686279
264.100936293602 1091.9208612442 108.22210714221 839.872044086456 39.1845457553864 244.989951193333 1993.98889538646 299.315203070641 0 867.226604491472 44.391724601388 1400.61270071566 63.5451566874981 501.453571736813 874.49555015564 138.966905802488 113.063514232635 6.58112871646881 36.1790134906769 567.313061594963 195.883042126894 4559.12380450964 232.562934786081 13124.9311521649 332.821935087442 174.94410315156 823.149781644344 2602.76414996386 672.871021360159 1280.42361113429 9.80272689461708 9.10449090600014 118.484006464481 221.798729687929 27.4505583047867 853.6275652349 81.6750613451004 259.861799448729 150.281119644642 1236.39897149801 32.7269058525562 8.76041683554649 134.544222712517 11.2597309648991 32.3950609564781 25.1759315431118 37.7063599824905 9.00474232435226 0 36.214623183012 4.92007833719254 13.0249419212341 127.836054027081 2.33899468183517 22.3668821156025 426.13562437892 55.1526285111904 369.213751465082 176.9937325418 4.45354375243187 55.9397204816341 1.4220666885376 76.5156573951244 11.9700593352318 45.5831581950188 11.537418782711 0 2.92731481790543 84.4535012543201 113.413048774004 51.8616977035999 73.7519923746586 726.395368903875 3.10531234741211 13.8234246373177 54.0839211940765 468.379582613707 42.118491768837 161.933063268661 0 0.926644623279572 16.6025980710983 44.2910362780094 12.4785608351231
499.121767252684 6.05683580040932 62.716646105051 12059.5698708892 10.0467782914639 18429.1170907021 16488.0144913793 3996.15019366145 867.226604491472 0 18.6018408238888 12438.4711780846 2.24039894342422 3923.77709183097 138.265299260616 31.6640817224979 27.9986052811146 0.941452741622925 6.7597528398037 21510.485498935 79.1965382397175 39.4829424917698 160.548503994942 1608.38096266985 5.2174765765667 18.4106215536594 77.4288190901279 8992.40706968307 991.332880377769 329.510110110044 1.12846493721008 39.0114264190197 67.0577515661716 298.334917664528 30.3524381816387 917.317510724068 14.5936639904976 471.199081122875 179.544935166836 488.024720847607 145.996561974287 0.974719107151031 71.3947950005531 0.575481295585632 7.62936401367188 3.23887747526169 34.3555823266506 0.935313880443573 0 2.23127973079681 2.05246651172638 1.75799351930618 91.9942752420902 0 8.85284301638603 151.532072246075 21.4955824911594 90.860408872366 555.237508177757 0 181.09644728899 0 31.3119255900383 2.49022442102432 1.16154631972313 0.6413494348526 0 0 60.6094113886356 11.3975488841534 0.985487133264542 2.75446417927742 176.683765053749 0 1.19006311893463 6.09135958552361 129.952591538429 6.91777488589287 14.9650756120682 0 0 0.6554314494133 5.10805502533913 2.890485227108
32.1068713068962 343.547869294882 98.7799804508686 1.94602906703949 14.0313271284103 46.3659641444683 35.1453996896744 169.967636883259 44.391724601388 18.6018408238888 0 5.13467460870743 14843.2531740069 341.473411232233 3.05069437623024 3.5032961666584 550.14445823431 6370.46297675371 5498.24261444807 0.925365388393402 23.9220617413521 108.324042260647 80.414815813303 17.2427560091019 7491.96025019884 7579.08257845044 2827.14315110445 20.8176636397839 366.186409533024 57.5032941997051 2065.57302463055 45.1844185590744 3.04383498430252 10759.015917778 9.78126409649849 514.775780946016 4797.9324119091 10751.0874997973 395.813712358475 71.0362869501114 58.003302693367 3017.10536679626 4.73872512578964 8.13492152094841 22.7735639810562 0 0.381831735372543 0 0 0 10.2884259521961 12.0971247851849 0 0 0 2.21235358715057 1.26398733258247 0.834528058767319 0 205.487889647484 0 317.966476410627 1.30787786841393 0 1.59929364919662 8.39272904396057 42.2866528332233 42.3437619507313 0 0 4.44646841287613 3.71497058868408 1.16942608356476 66.0403395593166 190.188156276941 127.044670462608 1.70634865760803 0.833943545818329 2.09173387289047 26.1078849434853 0 0 9.49071627855301 3.50074976682663
34.9897925853729 13.2171112298965 8.57333159446716 1853.69445216656 48.4736987352371 5484.50370848179 563.990845352411 732.563992023468 1400.61270071566 12438.4711780846 5.13467460870743 0 0.391279816627502 392.938689112663 3213.65688714385 1.86638659238815 5.06924510002136 0 3.15982156991959 25892.0890773237 5.11376675963402 65.3356809318066 7.22379174828529 1734.01002156734 2.10480469465256 6.54736825823784 17.3562739193439 541.264912068844 162.302650868893 31.3877022862434 0 17.1479957699776 6.30617508292198 68.6561876535416 3.75012105703354 147.635330319405 2.25930899381638 98.1937072575092 31.8833355903625 2783.55094262958 63.2005233168602 1.37680298089981 37.9439652562141 0.635575652122498 1.3657038807869 1.42467212677002 12.5251156687737 0 0 0 1.11092436313629 0 32.9272898435593 0 4.23362502455711 35.7814553678036 3.81002762913704 36.1099600791931 119.858306735754 0 458.102148324251 0 6.00056970119476 2.00574100017548 1.71663337945938 0 0 0 157.786693483591 0 1.74165433645248 1.21286484599113 35.5834016501904 0 0 1.70117849111557 36.3597121238708 0.624999225139618 2.29483675956726 0 0 0 0.433432847261429 0
4.19735109806061 678.159665167332 30.9230861067772 0 0 1.45664966106415 8.90877747535706 22.8211399316788 63.5451566874981 2.24039894342422 14843.2531740069 0.391279816627502 0 44.9173013865948 0.272557824850082 3.1639789044857 59.7795786559582 229.632352381945 262.254448115826 0 3.25933289527893 240.375808149576 16.9205909371376 36.0637656450272 15245.1370413303 3614.20265075564 6709.55071720481 3.88842156529427 23.336010992527 6.30103549361229 7559.89436656237 3.49778836965561 0 969.630523741245 0 53.3667157292366 2656.39563179016 1901.71828773618 54.7542984336615 15.8333899080753 2.98317086696625 5364.72577047348 2.49570173025131 8.18080908060074 10.8761901855469 0 0 0 0.693345427513123 0.536033391952515 28.4667223393917 4.50192478299141 0 0 0 2.60995990037918 0 0 0 267.249535650015 0 347.554388523102 2.71179035305977 0 0 7.40578928589821 58.0992175638676 55.7686450481415 0 1.07323729991913 1.99291658401489 3.28331431746483 0.537863194942474 97.0579001903534 206.518023341894 106.753305912018 0 0 2.14959305524826 128.312457740307 0 0 12.2221851348877 0
10133.8855519593 25.5482340753078 278.696484267712 107.717435330153 162.248999983072 3165.5374610424 7851.95098766685 27297.4151304066 501.453571736813 3923.77709183097 341.473411232233 392.938689112663 44.9173013865948 0 44.0891015827656 23.9534992575645 209.390576273203 19.2506922483444 74.9911089837551 153.00113505125 302.101109564304 57.132494777441 647.811772376299 672.734497338533 62.8357183635235 147.748698771 162.848009496927 703.465623676777 15132.5754288435 2707.55171179771 3.01330614089966 1400.56228625774 304.532881289721 2944.5031042695 35.1930821537971 1241.92228919268 60.4732371270657 1739.78237614036 321.300720155239 848.918413221836 1072.17014053464 21.0806762576103 41.0770163238049 2.23837411403656 13.3477021753788 6.18405905365944 8.50616469979286 0 0 6.58414533734322 0 3.91436493396759 8.18648198246956 0 5.82703939080238 122.015527546406 13.8804975152016 47.9375487267971 19.6604296863079 1.155921459198 5.32978001236916 0.586560547351837 19.0271541178226 0 6.28811007738113 1.75762784481049 2.53724503517151 2.98040348291397 4.75431829690933 11.7226417660713 6.82248812913895 11.5501228868961 119.450929045677 0.473300009965897 15.5016888976097 13.5845151245594 123.880388230085 14.6376709938049 40.1559210717678 0 0 0 8.70422524213791 7.45916417241096
10.5921681523323 23.4481690824032 2.8911095559597 137.800766050816 4461.84628778696 719.806443810463 125.331502258778 148.916402131319 874.49555015564 138.265299260616 3.05069437623024 3213.65688714385 0.272557824850082 44.0891015827656 0 1.57245424389839 2.78063136339188 0.419516146183014 1.77733302116394 124.231151223183 0.895112037658691 106.358376860619 3.98820748925209 771.24247854948 9.87696418166161 7.21486926078796 23.9456907808781 163.069385886192 31.0620724260807 16.5335830450058 0 6.93506145477295 4.64654609560966 12.800723195076 1.64503356814384 18.4229321181774 1.96772345900536 18.7984039783478 2.35323750972748 15244.4722314477 74.8901948332787 1.47686791419983 1.30172854661942 0 0 0 2.11257034540176 0 0 0 0 1.20128881931305 2.8884833753109 0 0 5.46268019080162 0 2.49444216489792 3.40118637681007 0 0 0.397066593170166 2.31970226764679 0 1.08883905410767 0 0 0 2.1380587220192 1.37316143512726 1.21217739582062 2.85458669066429 9.07891553640366 0 0 2.74037057161331 4.65098491311073 0 1.58048605918884 0 0 0 0 0
14.3644875884056 149.603097110987 186.462508171797 5.29297930002213 0 14.9805197417736 288.723760694265 16.3678249418736 138.966905802488 31.6640817224979 3.5032961666584 1.86638659238815 3.1639789044857 23.9534992575645 1.57245424389839 0 91.6985126137733 0.933317869901657 12.9760414063931 0.558284521102905 4599.88828146458 2876.82368594408 10504.0585981011 5088.74739465117 19.5120977163315 68.9178443551064 8083.75519534945 3757.19423282146 31.1436130106449 316.094978451729 0 0 6.67880284786224 158.122629374266 9.85354459285736 700.19146168232 568.334931612015 172.938644349575 116.265901774168 20.083949059248 3.1516500711441 3.11988699436188 116.076518088579 62.6995584368706 144.088561356068 55.6067435741425 4.3548629283905 0 0 1.58118146657944 3.81910952925682 58.8555848002434 2.97413140535355 0 0.62712687253952 22.9197595715523 3.93088218569756 13.7491279542446 0.962075352668762 1.25928699970245 0 0.556122839450836 5.3057821393013 0.564987421035767 180.22440341115 7.29851102828979 0.732530236244202 1.0627709031105 0 66.5976801514626 172.931070625782 433.062807708979 52.224360704422 1.07162910699844 9.34115472435951 335.725400149822 49.5815466344357 1.15898653864861 47.0479846894741 0 0 1.0710406601429 42.0033737123013 6.15474152565002
148.888745844364 1379.10692045093 5284.39796352386 0.709187626838684 0 78.4155842363834 380.913786351681 150.864215195179 113.063514232635 27.9986052811146 550.14445823431 5.06924510002136 59.7795786559582 209.390576273203 2.78063136339188 91.6985126137733 0 216.5826651752 8723.28042134643 0 1455.17357930541 431.471572309732 8491.15377315879 178.210910081863 169.709083646536 7302.3325240314 5302.98885926604 270.447769165039 308.631819039583 1743.74764189124 28.7533847391605 3.53676754236221 28.5014901161194 1786.16246026754 5.24471992254257 424.482839852571 369.874496847391 1947.55087378621 229.680924743414 12.0594233572483 4.71640881896019 8.65677613019943 56.4060021042824 47.5766538381577 102.49132090807 16.5501626729965 2.21791803836823 0 0 1.42806625366211 136.233096897602 173.38378226757 0 0 0.377103686332703 14.640304684639 3.94807159900665 2.12471556663513 0 23.4814384281635 0 40.5957207977772 3.92179369926453 0 12.0753319263458 95.8363630771637 22.1703490614891 108.609597861767 0.627834022045135 20.5493296980858 31.3182604908943 126.544655174017 9.49737149477005 61.1589334011078 425.280179291964 732.470937550068 13.2749500274658 3.19618773460388 19.292869925499 3.04799717664719 0 0 65.5993918180466 3.22543519735336
0.398751795291901 44.4781641364098 40.2242030501366 0.343306183815002 0.713400602340698 0.810350060462952 3.35874357819557 7.23619720339775 6.58112871646881 0.941452741622925 6370.46297675371 0 229.632352381945 19.2506922483444 0.419516146183014 0.933317869901657 216.5826651752 0 6887.70960974693 0 4.43967792391777 15.3862943053246 26.6141663193703 5.25480917096138 318.031568408012 4849.07727456093 540.870475143194 1.66494047641754 23.0004323422909 6.00807127356529 140.121551424265 0.977923393249512 0 327.854473233223 1.69018709659576 78.1811074912548 260.31103053689 710.442496240139 65.3742036223412 4.9090901017189 0 9.55083850026131 0.992116332054138 2.56866961717606 7.00599038600922 0 0 0 1.0212789773941 0 1.83555829524994 0.966612458229065 0 0 0.829743444919586 0.6788409948349 0 0 0 69.4037996828556 0 108.764328956604 0 0 0 4.41823169589043 28.5838876068592 21.7188107967377 0 0.431861072778702 0 1.23148429393768 0 28.0688937306404 66.8520697057247 37.7329234778881 1.03923559188843 0.943589866161346 0.504998326301575 9.08156985044479 0 0 0.600923717021942 1.63148283958435
16.1024878919125 501.483066946268 588.901093691587 2.07404631376266 0 13.0156351625919 58.0274351239204 27.9499440491199 36.1790134906769 6.7597528398037 5498.24261444807 3.15982156991959 262.254448115826 74.9911089837551 1.77733302116394 12.9760414063931 8723.28042134643 6887.70960974693 0 1.14404916763306 86.8124537169933 83.0564360320568 377.779857456684 28.7917116880417 675.678656071424 17062.5487650633 2962.52959001064 37.1166818737984 79.7373011112213 165.976706236601 147.527848571539 6.87992680072784 1.53006267547607 1681.43894475698 5.33628484606743 424.812931537628 591.659452944994 2339.99541404843 289.443001657724 15.7626058757305 7.33994141221046 15.9331233501434 11.9523089826107 23.3767713904381 44.0320701301098 7.28266662359238 1.84845858812332 0 1.26430481672287 0.357377648353577 40.5583587288857 25.1182691156864 0 0 0.610739052295685 2.28517886996269 0.532341063022614 0 0 173.304735422134 0 227.124543398619 2.82035064697266 0 2.19664537906647 22.9559955298901 108.193436414003 154.476134866476 0 3.31294572353363 7.82613995671272 14.8009936511517 2.56934589147568 145.632216691971 540.703618586063 413.387090057135 1.13064497709274 0.652963280677795 5.54354465007782 23.2398665249348 0.67250382900238 0 26.6966094374657 2.26382130384445
34.9015288949013 1.1089763045311 2.71371060609818 36695.1780581772 1.62188613414764 394.879441142082 398.81711986661 166.748305559158 567.313061594963 21510.485498935 0.925365388393402 25892.0890773237 0 153.00113505125 124.231151223183 0.558284521102905 0 0 1.14404916763306 0 5.73461371660233 3.81706327199936 9.65250086784363 1586.60500273108 0.754610061645508 0.550501585006714 10.0711095631123 2777.68479728699 99.2730020284653 13.2886666059494 0 4.46787723898888 11.9108824431896 27.6678384840488 0.366029977798462 106.969763547182 2.67642360925674 43.6050437390804 30.2396550178528 172.24811989069 12.8581431806087 0.608023643493652 52.6488386690617 0 2.22966104745865 1.94092988967896 21.541832447052 0 0 0.751611828804016 0 0 71.4801214635372 0 6.41065436601639 44.493450909853 5.90776273608208 41.7208660244942 35.4850218296051 0 79.0864118337631 0 7.54251340031624 3.09961152076721 0.339181452989578 0 0 0 24.503631234169 0.703780472278595 0 0 52.195921599865 0 0 0.751682996749878 55.0243425965309 0.39071786403656 1.29519605636597 0 0 1.54702055454254 2.64244699478149 0.496530681848526
204.09870621562 62.9645892977715 1948.97739869356 8.82711565494537 0.459225952625275 131.528790026903 1669.19237044454 230.147093594074 195.883042126894 79.1965382397175 23.9220617413521 5.11376675963402 3.25933289527893 302.101109564304 0.895112037658691 4599.88828146458 1455.17357930541 4.43967792391777 86.8124537169933 5.73461371660233 0 940.885352879763 19957.0734266937 2229.29176959395 12.6547936499119 265.217490613461 1765.98276466131 8023.2202321291 488.511135131121 16774.2842510045 0 2.18564200401306 64.5309016108513 2008.2389561832 60.5890865623951 2302.76274862885 354.199305653572 1409.18530729413 483.039179027081 71.1536821424961 9.9939868748188 0 79.8640034496784 26.6404844820499 54.6132232546806 27.8629720807076 8.12945473194122 0 0 2.00626212358475 11.2368547022343 42.9499534964561 3.05429801344872 0 1.76130259037018 44.99156203866 3.68172565102577 31.2230696678162 3.90689116716385 0 1.43946725130081 3.27924519777298 9.20756569504738 0.630518615245819 92.4793033003807 20.0577063560486 0.683667242527008 5.01624310016632 0.374768853187561 184.152543783188 64.7680940926075 190.507041156292 106.063492745161 3.06182783842087 15.8417814671993 154.969777047634 110.333403497934 6.89478087425232 89.3232788741589 1.1781679391861 0 3.931376516819 35.262280613184 10.1752545237541
23.6479127407074 3251.71132093668 760.343330025673 23.517536252737 6.34494400024414 25.7356064915657 297.072726637125 42.7407996952534 4559.12380450964 39.4829424917698 108.324042260647 65.3356809318066 240.375808149576 57.132494777441 106.358376860619 2876.82368594408 431.471572309732 15.3862943053246 83.0564360320568 3.81706327199936 940.885352879763 0 2037.13882675767 7469.53654941916 1098.25095884502 480.921584963799 5961.08016166091 1181.57500693202 83.184568464756 647.448634207249 24.0245018005371 0 14.6556337475777 255.962228536606 13.3340643048286 751.987183898687 638.427672326565 634.689755350351 185.143822520971 153.633332282305 0.659425139427185 38.2130933701992 101.28333953023 69.8622014224529 134.71257892251 47.1129779517651 4.60186624526978 0 0 2.48871487379074 37.3001526892185 86.2611262500286 1.06301763653755 0 4.07110279798508 39.4711782932281 8.14316862821579 26.763418674469 7.86409190297127 4.86749774217606 0.9965460896492 14.1958155632019 7.65633630752563 1.46228635311127 169.354872137308 34.2599502801895 4.46043109893799 15.9797571003437 2.31678426265717 140.71507871151 247.142367869616 430.606393665075 92.8362738490105 4.55244362354279 56.6630520820618 436.158527255058 78.7689343094826 3.42641848325729 57.3055417835712 0.609054863452911 0 1.27540498971939 59.7431616485119 4.86417728662491
395.91930142045 432.285894855857 13067.5922715664 24.9966643154621 0.527053236961365 249.11827263236 3130.27972701192 432.385697424412 232.562934786081 160.548503994942 80.414815813303 7.22379174828529 16.9205909371376 647.811772376299 3.98820748925209 10504.0585981011 8491.15377315879 26.6141663193703 377.779857456684 9.65250086784363 19957.0734266937 2037.13882675767 0 1596.12004515529 33.8995630443096 1160.33393540978 15123.6657706201 6591.93907719851 663.536809116602 8123.59705290198 5.06774014234543 6.50870585441589 65.485584884882 2113.9561162591 47.4307786822319 1468.79276871681 2115.82022169232 1940.79703432322 396.608652919531 39.2056107521057 17.9407397508621 3.59718316793442 294.701094359159 264.422842770815 481.493844747543 143.018443226814 11.8777593970299 0.977816522121429 0 4.77137622237206 67.091299444437 409.88489434123 2.57075563073158 0.811902165412903 3.09688627719879 108.578138411045 7.93219649791718 24.872222006321 9.89044091105461 3.34146329760551 1.47266280651093 2.29920154809952 26.8579991459846 0 283.949496418238 96.9075040221214 2.00187557935715 29.3666294515133 2.03192752599716 144.487914472818 349.711102247238 1429.09634050727 117.403038978577 6.42577168345451 98.1198177337646 1646.20598322153 128.747515499592 7.32336795330048 77.5411224365234 0.676772713661194 0 4.37952443957329 131.573778033257 12.8531640470028
345.378381371498 783.615396052599 391.673630297184 4160.09001034498 22.048500597477 513.955069839954 4721.76044473052 487.900961816311 13124.9311521649 1608.38096266985 17.2427560091019 1734.01002156734 36.0637656450272 672.734497338533 771.24247854948 5088.74739465117 178.210910081863 5.25480917096138 28.7917116880417 1586.60500273108 2229.29176959395 7469.53654941916 1596.12004515529 0 133.188654139638 207.995051443577 3824.83442491293 30094.3387047052 1014.00340935588 2314.1046937108 7.35688188672066 4.33957755565643 203.090053498745 487.020997732878 67.4555056989193 2177.00282755494 243.182353824377 598.924160152674 395.500948101282 737.104754269123 45.1610680818558 1.56783929467201 347.312038600445 24.8205814361572 141.477550774813 59.1298187971115 56.1300702691078 7.30231577157974 0.940552353858948 50.3523562848568 13.3561909198761 49.16097214818 128.802510797977 0.506178915500641 33.1598433256149 731.521978199482 85.3563322126865 412.481927901506 161.939897328615 1.07392856478691 35.8666711449623 4.10949444770813 186.427532732487 14.2344012260437 111.222427666187 17.9421406388283 2.7448273897171 6.03916031122208 57.1989801824093 265.128835648298 125.192263275385 204.75477001071 1056.66386726499 1.24933314323425 24.8641602396965 160.28103685379 892.871703237295 86.1101432442665 387.558834522963 0 0 18.7882470190525 122.859687119722 11.6190332770348
12.2802946865559 4443.73051247001 79.6768926382065 0 1.68667554855347 15.2822814583778 19.4063836932182 37.4271393418312 332.821935087442 5.2174765765667 7491.96025019884 2.10480469465256 15245.1370413303 62.8357183635235 9.87696418166161 19.5120977163315 169.709083646536 318.031568408012 675.678656071424 0.754610061645508 12.6547936499119 1098.25095884502 33.8995630443096 133.188654139638 0 2706.98650550842 5693.0265109539 114.9325928092 62.3032886683941 18.3823473453522 374.810853511095 9.21373438835144 2.01062786579132 1016.07225328684 29.4029458463192 954.201979964972 2441.65581554174 2041.68020796776 830.161003500223 59.0164721608162 549.05511790514 4447.30974835157 10.6812928318977 38.4170623719692 74.1485662162304 8.04137170314789 1.77730125188828 0 3.48997467756271 0.66610985994339 66.437795907259 19.7269639074802 0 0 0 2.30106312036514 0 3.86978733539581 1.54649651050568 493.375896245241 0 795.789452463388 3.38107824325562 0 0 19.5636074841022 164.764541387558 211.70189011097 0 1.13863527774811 6.31232464313507 6.28988796472549 0.47334161400795 341.224345326424 656.126113891602 442.73284432292 0.405826449394226 1.45203346014023 3.33181869983673 52.779502093792 0 0 67.205950409174 11.1481319665909
39.8845728635788 2438.8041691184 11298.1162026525 1.09562015533447 2.87154281139374 39.5515462756157 239.537699624896 73.3825912773609 174.94410315156 18.4106215536594 7579.08257845044 6.54736825823784 3614.20265075564 147.748698771 7.21486926078796 68.9178443551064 7302.3325240314 4849.07727456093 17062.5487650633 0.550501585006714 265.217490613461 480.921584963799 1160.33393540978 207.995051443577 2706.98650550842 0 33828.301281631 203.51017343998 155.501670062542 326.528227746487 3954.70785981417 10.9847882390022 3.31853088736534 2164.31215104461 22.9114294350147 1362.19017672539 1649.71250528097 4489.41251963377 828.37357378006 31.0654933750629 7.62812468409538 45.9538497030735 60.7770298421383 128.28013241291 277.710631668568 30.2417342364788 0 0.666405737400055 6.1865981221199 1.35451579093933 290.21298032999 160.173321336508 0 0 0.582752227783203 23.9453418254852 2.81089162826538 6.74578809738159 0 614.294770598412 1.58172142505646 955.162924230099 11.6748012900352 1.36963701248169 14.1002050638199 157.864182651043 369.417252153158 737.368719100952 0 11.9726811647415 31.2341317236423 90.8180055618286 8.79281723499298 547.634016364813 2615.82404267788 2024.94106668234 12.2684698104858 4.25570577383041 16.9625285565853 111.484824746847 0 0 146.953120082617 9.87978112697601
78.8082449436188 11219.8937375247 15885.9549882412 37.1075604259968 0.579007267951965 74.9561239480972 1274.69335842133 104.264662206173 823.149781644344 77.4288190901279 2827.14315110445 17.3562739193439 6709.55071720481 162.848009496927 23.9456907808781 8083.75519534945 5302.98885926604 540.870475143194 2962.52959001064 10.0711095631123 1765.98276466131 5961.08016166091 15123.6657706201 3824.83442491293 5693.0265109539 33828.301281631 0 3751.85488387942 196.265631496906 894.192403376102 3123.64436003566 3.51391327381134 23.3787313699722 2655.55505818129 62.4788271486759 4014.03473001719 3501.78595173359 7390.7868783772 1864.00400727987 115.199374079704 7.23972567915916 68.5790718495846 457.971397310495 516.569757461548 1080.47973680496 196.863367944956 13.4602851867676 3.16078865528107 2.43223530054092 5.81979608535767 764.139741361141 1549.82244613767 4.73894441127777 0 6.82079285383224 172.501633524895 20.8364832401276 26.2039875388145 8.80731108784676 444.823541402817 1.17563703656197 655.315718352795 45.5848200023174 1.28098583221436 160.487428218126 627.416673064232 246.426850795746 688.184881806374 1.61207008361816 143.065765053034 370.000166356564 1627.21038979292 101.805876582861 483.319755762815 2592.18249359727 5555.51005926728 121.283863246441 9.94711065292358 95.3249711990356 68.7875546813011 0.796703815460205 3.50920623540878 421.769685000181 33.3284906446934
364.184057533741 131.237302213907 1209.77810508013 12656.5079761744 4.01634287834167 1013.71184596419 17019.3666371107 460.588033646345 2602.76414996386 8992.40706968307 20.8176636397839 541.264912068844 3.88842156529427 703.465623676777 163.069385886192 3757.19423282146 270.447769165039 1.66494047641754 37.1166818737984 2777.68479728699 8023.2202321291 1181.57500693202 6591.93907719851 30094.3387047052 114.9325928092 203.51017343998 3751.85488387942 0 1248.48628044128 8457.24789786339 2.77128112316132 6.36310517787933 312.944075733423 916.261641889811 97.2107689976692 3560.31536790729 362.692568808794 1204.74599334598 724.33071064949 283.136848658323 70.5121234059334 87.3306393325329 256.333207994699 33.2641083598137 89.3355759382248 54.0094232261181 37.5696201920509 6.25203084945679 0 59.9687445759773 13.3613376319408 39.5457607805729 84.0795612931252 0.950055658817291 24.23465102911 515.40323984623 43.8303164541721 292.730393528938 122.37054091692 1.34841322898865 22.4717982113361 7.40999978780746 109.283320814371 10.0458913147449 105.882347136736 16.1911345720291 0.857825577259064 6.3315058350563 54.8079120516777 262.987687557936 110.032697618008 188.569002747536 770.345911741257 1.97829180955887 13.2199135124683 145.08912101388 726.249868482351 77.3331063985825 349.361452162266 0 0.364320933818817 12.7994224429131 88.1608960032463 41.4011465907097
12623.4631012678 33.2085672318935 172.472709864378 162.70283177495 263.456506311893 1420.53160575032 4901.96362866461 4047.13392168283 672.871021360159 991.332880377769 366.186409533024 162.302650868893 23.336010992527 15132.5754288435 31.0620724260807 31.1436130106449 308.631819039583 23.0004323422909 79.7373011112213 99.2730020284653 488.511135131121 83.184568464756 663.536809116602 1014.00340935588 62.3032886683941 155.501670062542 196.265631496906 1248.48628044128 0 12591.0088282824 5.16249117255211 2059.23712477088 14166.6168319285 6963.55547755957 90.025363266468 2486.10163813829 102.906758397818 3626.64447465539 724.709282070398 558.511627852917 1219.43665957451 12.1740239858627 37.7010053992271 1.3543629348278 17.3100639283657 16.532312899828 2.98617243766785 2.6171669960022 0 13.2550898194313 0.434052437543869 6.23198819160461 9.09305512905121 0 2.83986538648605 106.48386657238 8.99883678555489 54.8895837664604 8.07647916674614 1.49818742275238 1.70340609550476 1.5648820400238 24.4271444678307 1.94507658481598 5.77405485510826 0.957768559455872 0 6.61102050542831 4.28239426016808 20.2884258329868 4.54383909702301 9.78738030791283 177.585923761129 7.14478993415833 4.38580399751663 9.48250588774681 125.850899070501 27.239079862833 67.4201630055904 0 0 2.06610476970673 14.4388786554337 12.9692012965679
3644.36845621467 110.167249053717 1523.2867359519 60.2555025517941 1.33477345108986 521.031521886587 19148.4635719955 1579.87601777911 1280.42361113429 329.510110110044 57.5032941997051 31.3877022862434 6.30103549361229 2707.55171179771 16.5335830450058 316.094978451729 1743.74764189124 6.00807127356529 165.976706236601 13.2886666059494 16774.2842510045 647.448634207249 8123.59705290198 2314.1046937108 18.3823473453522 326.528227746487 894.192403376102 8457.24789786339 12591.0088282824 0 2.59684979915619 16.2407006323338 759.289600849152 4795.5372389853 98.1746598184109 2946.65677681565 240.430555507541 2716.65656465292 844.789743423462 178.415113508701 72.8593048453331 5.7923087477684 146.221848636866 16.7153087854385 72.6092220246792 42.014163672924 8.44712644815445 0.402309417724609 0 20.555602312088 12.4515154659748 30.0402812957764 4.50799199938774 0 5.70889338850975 217.459644198418 14.9937614798546 85.6264586746693 22.227717012167 1.75280827283859 0.433247119188309 0.927209854125977 54.8298348784447 0.639748096466064 80.55296215415 12.9169877171516 0.707782566547394 5.89009809494019 1.84394490718842 201.586318403482 51.7606998980045 161.653627187014 344.985890299082 0.49143373966217 21.4743493199348 122.07886955142 368.214664191008 37.3493765592575 205.718592226505 0 0 12.9246033430099 53.8148063123226 18.5559143424034
0 77.6516487002373 11.3520424962044 0 0 0.371087193489075 1.43803864717484 1.99654734134674 9.80272689461708 1.12846493721008 2065.57302463055 0 7559.89436656237 3.01330614089966 0 0 28.7533847391605 140.121551424265 147.527848571539 0 0 24.0245018005371 5.06774014234543 7.35688188672066 374.810853511095 3954.70785981417 3123.64436003566 2.77128112316132 5.16249117255211 2.59684979915619 0 0.633905470371246 0 97.0669972598553 0 27.1571528315544 143.573753416538 231.594122231007 29.3573156893253 1.24825012683868 0 7.62781831622124 0.571799635887146 5.02313077449799 6.04802310466766 0.750007688999176 0 0 0 0 2.53170511126518 0 0 0 0 0 0 0 0 53.5796481370926 0 65.8089181184769 0.394501388072968 0 0 1.4275963306427 9.52191096544266 14.1473751962185 0 0 0 0 0 14.1985677778721 40.8305262625217 24.8834457695484 0 0 1.42284339666367 122.065165102482 0 0 4.50184172391891 0
44.5013239681721 0.549707591533661 2.56066942214966 3.50872945785522 2252.20015370846 2476.22568750381 35.591528147459 2754.38949733973 9.10449090600014 39.0114264190197 45.1844185590744 17.1479957699776 3.49778836965561 1400.56228625774 6.93506145477295 0 3.53676754236221 0.977923393249512 6.87992680072784 4.46787723898888 2.18564200401306 0 6.50870585441589 4.33957755565643 9.21373438835144 10.9847882390022 3.51391327381134 6.36310517787933 2059.23712477088 16.2407006323338 0.633905470371246 0 3.93348443508148 2265.5437143445 0 27.1916721463203 3.91799414157867 205.735356658697 9.50021654367447 129.306411415339 2994.5739531219 1.79455977678299 0 0 0.406590551137924 0 0 0 0 0 0 0 0 0 0 1.96726149320602 0 1.01057761907578 0 0 0 0 0 0 0 0 0 0 0 0 0 0 1.66298633813858 0 0 0 0 0 0 0 0 0 0 0
