0 125.934597016965 103.519476690945 85.7559018813131 73.8460195611156 46.178151252077 27.713023112369 30.602004753622 69.6124160973652 63.150339362016 93.1719247846637 87.1967726612178 115.688584932897 23.7553168950683 80.1481008198474 100.855973167477 104.580989156723 156.743957519531 129.831456926895 89.5736917697728 87.4821029214096 90.2875634682601 96.6206724919231 74.1223664814028 98.9766885025665 135.923718858222 129.282324769221 84.1955809896968 17.8818418454247 38.1178036609032 0 79.7587779231553 45.1146526325689 64.2080408682772 131.930527018396 72.9299163558091 85.2229002906836 70.7758693532565 75.1813014202699 50.851917370544 58.5907611154205 80.8706148380711 143.740810885351 177.50048828125 165.629355646856 144.053917279682 154.242275542613 170.086210086212 0 149.091817127802 154.205941255587 0 157.972887164363 0 171.897478573294 148.612203039285 162.129116246391 90.3440633574344 152.949748090241 0 114.90714263916 0 151.401231721507 153.15705871582 139.453005988215 175.616897583008 0 171.318328857422 0 151.800043246792 143.044415968704 171.323972854836 125.502673443608 159.171356201172 180.844603919799 178.858004128156 139.996365870146 177.559310620023 139.7379135739 0 0 0 170.66738075794 169.820239293566
125.934597016965 0 43.7810704273247 135.501716363638 0 153.070228692846 121.821659475607 126.465035333169 69.4375316888855 158.236804600517 61.8752467155503 107.982355166769 50.3198818723557 140.403162335166 104.720910213261 62.4618837720461 52.310096370564 71.8050430242482 60.1713124185673 125.727443438368 87.6826707543539 30.6153076365793 65.1716057714677 77.870041960934 22.9582790037947 47.7398842205197 27.5288463962694 101.503269329681 114.192640920931 101.242379397155 63.2341779274789 199.686767578125 116.310685154844 52.5446835026191 122.793592086148 70.1806111524144 43.6162766613594 51.2583379671643 57.5324945869886 94.3553136769408 106.871577710708 51.6826640307657 100.365986101494 67.8207656816191 83.8811780372163 86.8568206245663 0 139.862121582031 0 155.252848954749 27.4532932735406 68.4609674927665 213.430163481466 0 162.202133178711 164.4223783876 168.072117685798 97.5426134751426 159.860955618172 76.7723653037614 0 72.9913490753333 146.913753798707 0 119.639029768315 72.9829764768933 91.8720371496678 81.0398785237145 0 123.008252621298 57.1302216699343 104.862715495762 146.473648671396 39.6597179131769 69.4540907000686 64.8533101611026 165.023129751002 0 115.053800643563 106.679455473904 0 0 65.4997523909484 124.270706486979
103.519476690945 43.7810704273247 0 126.085473629121 0 119.464331971564 93.4527728621823 118.70748489378 88.3116257344657 126.051824589622 83.109751964379 120.148993962428 94.9125711204914 113.762928135915 151.213500010357 67.9096290482753 37.2206588259536 75.6983120740219 62.2084820590768 137.053840550502 61.5388060852801 50.8710355615982 34.356578963995 90.9421783822989 77.1303859296339 26.9271453876366 33.5808498539725 82.0705773098491 108.024759554348 72.9976612725264 87.8882626317611 155.974343673629 102.396532196432 53.1832470123481 146.10766751346 69.4159606934329 43.6111637997295 51.3207770720033 57.9967506107108 92.0237434038616 63.9247016906738 77.756335922749 120.38149475892 86.0462513010011 103.994457147627 115.353983440785 210.199961036976 0 0 183.662089956238 60.9693352430772 91.418994846344 205.46838586412 0 187.985403738217 156.650509174845 177.13983924221 121.777737071479 182.758386670874 137.555963860907 203.164184570312 111.643321099457 181.604779678404 0 117.11730770743 102.90771248868 140.723645655123 122.445211487395 221.301467895508 132.58436918062 84.896177375335 109.279195146249 149.511757678201 82.1972429315122 106.836681057757 93.2699244347377 151.662720252851 168.530493083572 148.847540859011 156.44404201153 0 0 99.2922170277543 145.893130723212
85.7559018813131 135.501716363638 126.085473629121 0 85.4566087670492 62.0953815496512 49.0555606298645 99.2210812896437 57.8927350312939 22.5831178640788 168.455091611812 41.3037069069457 0 102.329062840167 71.3295134582022 93.5873375811575 151.273315429688 167.605163574219 197.665985660011 12.3570914539526 112.629513925375 90.5444618958933 116.313104015477 26.0970661838948 0 145.619082221435 119.806849261868 16.7623900313296 100.961596008006 99.1592236285974 0 152.709926885579 94.2655919751882 101.633464630163 163.283293763099 95.3503140629612 112.436873966462 100.491725679574 101.107963960712 70.2222822217043 107.960759101788 0 91.0893071900343 0 170.916012694244 153.128845821125 111.709572333314 147.561965942383 0 158.630553666775 154.881576538086 153.407953866499 35.3696313506754 0 135.968820906402 140.043334091161 153.52655046706 88.8481246016351 144.735274482941 0 113.8534769945 0 156.929798601496 0 164.163564541003 0 0 0 103.382618913695 144.418110236191 144.887486417901 171.287900272806 121.586312651778 0 0 184.130434245673 148.594007614936 166.595229915238 159.538040186603 0 0 157.109375 182.792050805728 155.595672607422
73.8460195611156 0 0 85.4566087670492 0 19.6813620445774 113.291992604217 19.0155768300755 52.3965578712071 114.82165784547 53.3163631391613 54.9644289327281 0 33.0052640040291 15.0349243539075 0 0 90.2075958251953 0 76.6816394759177 148.222106933594 103.345336352407 161.228912353516 78.0715244236655 94.2546045120483 114.879591104188 142.555358886719 127.415756366148 20.9269106626907 112.461080783247 0 11.5026249998429 0 13.9404939606219 0 83.1427508753117 0 34.079938692021 43.4596959268816 12.2529520774133 8.50434371999019 0 186.701797485352 0 0 0 0 0 0 0 0 237.873397827148 0 0 0 0 0 92.7805252075195 227.326202392578 0 0 0 0 0 0 0 0 0 220.673370361328 0 0 0 0 0 0 0 0 0 0 0 0 0 0 0
46.178151252077 153.070228692846 119.464331971564 62.0953815496512 19.6813620445774 0 53.118253390739 22.0218690491126 76.3001773732883 28.2805730731669 98.2906467534935 28.7700024027072 128.770671876305 44.5126460592047 19.1328247448393 122.674101255715 128.410337560635 100.655059814453 155.628198193726 52.1364057813548 106.739141032538 110.947588645476 113.605991420063 72.7709294945332 73.765167029461 138.233173047355 143.799151289532 67.2595086179055 52.0870755723776 80.2119075825327 181.618133544922 21.9699469479871 93.4061512075491 57.0593867078663 33.2653890160557 97.0597050942179 100.171012819533 67.6902200504211 89.1665970217863 26.0989949004705 26.6765964118258 79.2604262778953 130.543463556973 0 180.247253686553 163.176748759825 125.572703249161 0 0 160.000572737944 211.239040931578 229.789836402907 160.193236452437 0 168.257113375352 152.292276776218 177.044374673862 104.573711878929 161.001524234977 164.679992675781 117.045394603857 0 170.928353183807 163.653681266542 165.723953802722 185.849780124099 0 0 153.006693589639 170.142396632681 146.452272451643 171.872054762447 132.94571486186 197.936401367188 209.734689125065 184.42622090605 155.386759195467 177.047217949177 162.565441105484 0 0 153.591125488281 178.94908507193 212.364151000977
27.713023112369 121.821659475607 93.4527728621823 49.0555606298645 113.291992604217 53.118253390739 0 62.4316991424381 59.2571275144948 29.7768453528922 136.422872247848 49.2165107868752 153.340317135361 44.8624544496664 76.2049619307363 84.972648937556 107.627646107432 147.819586957757 130.314809095009 46.4446292466628 70.7593976498472 83.2879465525871 81.9653005845814 51.9716458269669 138.222179100416 130.185332603731 100.720268850248 33.9799495894361 60.3109390273012 27.7043543030906 189.025820217336 126.152522694361 69.1039775682074 77.7537554023052 138.92527784111 79.2584699285875 78.2904985503896 85.1138451488688 83.2269782482551 77.4980436215729 88.1547629783227 129.326342491751 126.508107292169 160.664659902675 153.182599924513 152.040126566758 127.294712928263 156.640553165401 0 147.919605978582 128.940965017657 157.407935599189 151.318604840031 195.0439453125 153.208829994739 133.477197883091 152.008877290734 84.5929003941086 152.407701535089 199.254943847656 129.334670108902 0 152.205135675061 111.362789047499 125.333158591557 185.059607129171 221.779357910156 194.163756408324 141.799347211239 133.929132267691 121.228661410562 158.245873750005 116.289316521358 159.073005175365 192.012785945694 159.734825919268 134.471000137822 161.919976518416 137.64839117126 0 192.884063720703 139.282295578337 146.59881732124 160.68950468343
30.602004753622 126.465035333169 118.70748489378 99.2210812896437 19.0155768300755 22.0218690491126 62.4316991424381 0 85.6230634812416 52.6478178958539 77.592635401686 70.5932918460802 89.9505484045768 20.0403655572987 36.0262504053814 124.058031616509 122.70777056542 116.541796157369 127.024440504172 90.8958761866489 108.4984112096 116.011471370367 112.919556465725 89.9252679159524 68.0796902631004 132.67671355821 140.326951879969 98.8613052165325 42.0783552272906 75.9453390297244 107.380799277119 23.7008267583065 84.3227562988265 48.6433334042141 136.379302603288 82.1180365688933 105.581192059664 61.9834395334957 82.2214975340936 34.5268703954893 28.7214650758901 70.1167577596079 154.890341546345 210.273773193359 176.031930591478 211.00288068058 172.490312798306 0 0 169.332200283407 153.207708885759 184.823986473763 166.767228674093 0 178.086409881977 155.427216921503 181.084428320678 111.794383835269 182.005849806405 178.535644062348 0 125.222236633301 170.25825425585 150.372970581055 162.018324908834 226.185738500932 0 223.719375610352 181.549365672381 163.975635597241 151.980170065361 203.514004435784 139.536062593459 0 176.783418790503 182.987840300059 155.891162478867 180.239297079623 162.651600103502 0 207.926910400391 166.501848299121 191.30573703595 139.926483154297
69.6124160973652 69.4375316888855 88.3116257344657 57.8927350312939 52.3965578712071 76.3001773732883 59.2571275144948 85.6230634812416 0 73.6392734569862 128.262076404381 24.3269452173027 117.326281661452 80.7751386211842 24.0799102738767 64.0853192637174 108.519032106023 136.488384343883 126.475203503119 51.9201122739993 70.9070604167732 29.5094200413072 86.0644244750269 23.4783226558979 94.3844473658599 116.34008757804 91.3834760322028 58.2331578799862 77.236531687379 60.8915410202751 136.236510811008 112.194516699435 68.0603564868641 76.3196305637942 137.202239552832 67.6155505541502 76.3503971987259 92.030054450079 78.1272053121722 23.2082832999474 94.4398660581847 109.723568593583 78.5908583386788 93.1314838187683 106.866271200831 110.447376757635 59.1864758830393 129.977313886884 0 102.185486022349 105.041546960312 118.418759722535 89.5670534116473 87.9682556020524 95.9208510474237 79.2216490296282 101.049934161749 24.1006946518162 93.9634873735487 144.609242011098 77.2275138176873 157.989458000112 95.7532429882534 70.9265168153267 65.4056334742335 139.329763599991 0 122.639120533276 83.3104220450131 80.7390395380053 46.7218784258254 101.498594296436 60.4009222280354 108.297675241332 157.348189350093 121.217050674224 84.1610565209288 107.941316833972 83.4701931315938 0 165.011795043945 90.915571500012 102.186406464787 161.71669745976
63.150339362016 158.236804600517 126.051824589622 22.5831178640788 114.82165784547 28.2805730731669 29.7768453528922 52.6478178958539 73.6392734569862 0 143.463560774277 25.6129297600481 153.960509425614 50.1613844730228 76.4580010894863 112.642265673137 147.395821883447 202.574279785156 166.34196033254 16.2611358941819 105.147840975193 103.556245566108 117.604664081698 60.5500368217629 131.853745399085 164.596659391643 131.773312557921 30.9726647542805 97.4632111901723 89.2926478343846 177.838302612305 124.719996943864 95.7595178402754 100.672705846285 135.735564860174 98.2137672491116 122.736488292913 96.9757603760893 99.6693218349142 81.3535041035648 102.215602598524 128.179382324219 106.552262260482 145.248641967773 187.295876387842 192.121157554322 124.69537039825 187.209570530337 0 196.513708000901 193.014752692643 180.318517099686 119.723097561155 0 170.612037192549 150.366066213905 169.487771723901 101.664756255297 38.0648445935784 0 16.2005128781724 0 173.270238052569 137.498187578275 177.961882516879 212.049728393555 0 0 84.1226991933268 175.648611212326 168.085604006151 162.15604924111 133.08832853772 0 219.843647750848 184.909626291343 157.93566948788 187.763430154153 170.484701186728 0 0 189.190811157227 168.546976621801 173.493936762877
93.1719247846637 61.8752467155503 83.109751964379 168.455091611812 53.3163631391613 98.2906467534935 136.422872247848 77.592635401686 128.262076404381 143.463560774277 0 160.021930577419 17.8489912778212 74.4254574637334 182.9834817172 138.178207633468 56.1261289683977 21.8394221420877 27.9288970020729 106.137855529785 113.396338835562 90.3518291955861 82.7133858283163 147.201502904355 22.2362218300998 32.5725968530418 53.5247714465561 132.459371894028 66.5125811206131 113.551424779426 28.2838812799702 70.4527986486951 112.27442920296 20.6843331807985 122.203831995387 74.5481347524404 23.3329251456322 27.9097562407644 54.2407296036313 59.3868661074514 44.434684376462 14.1292359548497 140.874793275018 86.0711885226826 118.243309343425 0 199.029922485352 0 0 0 96.2573687515089 138.567705445037 0 0 0 228.4135626602 151.416104190483 152.72052701177 0 79.4032132394004 0 70.4136649066319 165.07214991549 0 175.9246393119 130.107994868167 109.072095494623 119.169288206574 0 0 107.632856802723 154.560160080719 211.110733032227 65.4276457152798 104.726535714635 111.793466115346 193.564811719542 138.311950683594 182.106154533732 79.7493732247869 0 0 106.857695787504 143.246082776892
87.1967726612178 107.982355166769 120.148993962428 41.3037069069457 54.9644289327281 28.7700024027072 49.2165107868752 70.5932918460802 24.3269452173027 25.6129297600481 160.021930577419 0 152.576400756836 86.1779596026724 19.5192697203196 81.8545939219925 147.353608380977 0 157.911323436589 13.6589221473561 116.077532908218 63.1418913776602 106.285626223629 24.8124856942204 107.906459910606 145.475294440871 119.417533258734 55.7858944256739 103.340502437832 96.1324750041811 0 112.820503207406 95.7383939922874 102.010747587953 124.596735599535 92.9801863578084 91.0798657790331 94.1454986641164 96.7103866335105 20.9587242215471 98.0984224512745 128.200379536031 55.4518295975752 134.173110961914 145.881045197704 146.339126586914 65.5318884417376 0 0 0 192.790985107422 0 120.164221136005 0 105.262025864213 112.86941389165 162.316491989244 74.1685335182774 51.391908376495 0 13.4445316790343 0 133.282978264092 109.123153710427 179.213151926303 0 0 0 23.9035009362529 0 90.1632587625227 186.166615538565 102.886562014837 0 0 176.860897260265 131.958379538621 156.531387329102 161.617350288233 0 0 0 173.832122802734 0
115.688584932897 50.3198818723557 94.9125711204914 0 0 128.770671876305 153.340317135361 89.9505484045768 117.326281661452 153.960509425614 17.8489912778212 152.576400756836 0 99.6223177538264 144.729614257812 124.365273904374 84.2995484664203 49.1045429207232 55.0701826330058 0 147.969298334891 80.4781905462586 117.035580661084 132.923719420257 15.5150172813563 23.7770328811165 26.7940579178733 148.744501032683 88.4523386672001 149.310039299615 11.7916029103328 89.2304021221357 0 38.2633640460751 0 88.3523977888494 21.2327931726877 36.6584711406036 66.8419680425535 82.8045818336133 68.1444460223946 10.9838829373292 150.525206024823 77.5113348534811 97.4907135428524 0 0 0 64.8037261962891 177.887680053711 72.8089532112723 132.489905727464 0 0 0 205.181286660568 0 0 0 72.9361814317294 0 64.1334114082013 157.65408284045 0 0 114.161890149948 93.5977570482985 101.233268463454 0 207.231018066406 106.666703936875 158.301933722219 202.299758911133 46.9245527677873 91.3762622966949 96.3053965982267 0 0 170.734479818832 16.0361080634701 0 0 102.453440883728 0
23.7553168950683 140.403162335166 113.762928135915 102.329062840167 33.0052640040291 44.5126460592047 44.8624544496664 20.0403655572987 80.7751386211842 50.1613844730228 74.4254574637334 86.1779596026724 99.6223177538264 0 65.4989149721933 127.575296147759 121.033548053089 114.67411404648 114.13078216216 95.4705189365509 100.628636441848 110.02837479504 109.982374965415 85.8372685457878 78.5851151779711 128.936241319957 138.549434800253 95.8505384535657 32.1954878599356 69.4462166557382 105.870632644468 26.5027978557093 44.8617635885472 45.0014604106037 130.845765108444 71.8520240074205 90.3410442321358 55.1868387944152 71.9887378706929 41.6625795060638 39.0158014173679 73.5407811801563 158.054089633377 173.175565556951 183.00935556654 169.30757355424 160.143512218423 0 0 175.137849663348 0 187.478016685597 156.101861801596 0 180.415214212096 154.272663764033 177.670522137293 102.874429833876 169.969694754089 154.318435668945 165.009288997768 180.832504272461 168.130929429456 0 146.277316450101 175.394424438477 161.773430939359 178.136222054235 149.558720466704 166.318733248932 123.011999117488 174.951789249917 142.414348522619 208.779556274414 162.44455229046 185.09516108707 155.522951673337 184.974034903585 160.273577164632 0 0 0 177.605144264484 163.092824141914
80.1481008198474 104.720910213261 151.213500010357 71.3295134582022 15.0349243539075 19.1328247448393 76.2049619307363 36.0262504053814 24.0799102738767 76.4580010894863 182.9834817172 19.5192697203196 144.729614257812 65.4989149721933 0 122.004883681861 156.398143241395 172.096801757812 69.5014724731445 55.6170623513071 114.610772403564 71.8972243872829 106.71842613849 40.7123811024884 126.28392147055 153.236234189037 125.172221223676 78.7817969753697 85.6880943973316 97.4574744188333 0 44.2677484386105 91.2146820403521 72.173328359966 186.414020912501 88.1263527019844 117.443950507457 113.782749131018 105.025877368396 11.5183204854799 27.0546032736209 166.173049926758 54.8272756299395 0 0 0 62.8432272165041 0 0 0 0 142.171752929688 125.962944342302 0 0 133.033433280488 0 50.4324959357625 127.283878767532 0 0 189.053497314453 150.44092909693 0 154.91711742604 0 0 0 113.143726686216 151.354273004407 66.4670562744141 155.372486491591 118.475062493731 0 0 161.082810334454 141.858914478974 0 137.68090862668 0 0 0 0 0
100.855973167477 62.4618837720461 67.9096290482753 93.5873375811575 0 122.674101255715 84.972648937556 124.058031616509 64.0853192637174 112.642265673137 138.178207633468 81.8545939219925 124.365273904374 127.575296147759 122.004883681861 0 90.8265633059883 129.713368667092 122.327731314625 93.6762161254883 14.235672133938 34.7867886756439 19.1713086656153 24.9743036680467 98.2111188083297 100.133944073709 26.3865947421709 31.2919642408937 106.421902012821 73.040467574662 0 0 88.4057025357398 59.9832733027208 120.602542950814 68.0593019063768 43.8496563831002 74.7543058541 75.5212482064213 86.0991368065305 82.3366626318546 101.259573894342 117.226725970285 81.5095731120421 104.37717976648 110.582136211635 114.34525887868 0 0 184.764108092861 95.4555198342638 102.989524684121 181.809021135086 0 169.050552368164 142.038618807358 168.958613693174 97.4792494385101 192.00996727347 147.242034912109 0 179.800491333008 176.858902446484 178.855239868164 71.7506781876257 112.16719862626 138.186950683594 132.1486390642 0 112.877861321262 58.638189375865 100.633845098503 120.565087469441 114.770026260671 137.240169828447 99.6384649725336 129.866893865845 160.994500907412 121.398236114928 0 0 130.008727307261 109.639214376596 168.489074277398
104.580989156723 52.310096370564 37.2206588259536 151.273315429688 0 128.410337560635 107.627646107432 122.70777056542 108.519032106023 147.395821883447 56.1261289683977 147.353608380977 84.2995484664203 121.033548053089 156.398143241395 90.8265633059883 0 48.1481546757442 21.6937550718915 0 50.8387429195381 72.5085189681879 27.4306676952039 117.940616415147 65.4251727906651 35.6264401095066 62.3242935012249 109.437980072099 100.244606869128 71.1785744625041 85.2321603262035 104.743088927129 95.1301545352001 36.7163100566336 175.134290559179 77.8813519188362 50.3309232456851 45.2277717930737 65.8583155939028 111.42339813455 128.194630770595 85.1883640435669 139.05859915448 102.495246344378 113.367196231728 133.839403731096 177.290401343995 0 0 176.693315941793 71.0772521434182 105.92177926303 0 0 216.705062866211 172.122919024088 174.802690204144 124.021690479603 0 108.539039800811 0 107.607895932167 200.055990403284 0 139.338122092343 116.031947572108 126.158541370054 117.338363678368 203.838684082031 154.770864626283 102.112742466965 129.398147925192 162.533856153954 82.7197173926192 106.068124619462 106.69141515235 181.337969483917 193.880919143199 161.874282688244 148.45924721589 0 0 115.358203889738 144.693715585687
156.743957519531 71.8050430242482 75.6983120740219 167.605163574219 90.2075958251953 100.655059814453 147.819586957757 116.541796157369 136.488384343883 202.574279785156 21.8394221420877 0 49.1045429207232 114.67411404648 172.096801757812 129.713368667092 48.1481546757442 0 14.5398894655955 0 97.6512533484341 100.363696580422 91.5816896192714 152.062338806109 46.8308606589446 22.4319760093767 60.3397088480744 139.707341373519 89.0575292488331 130.197815308935 49.6761702748209 102.742172241211 0 55.3923030699691 196.070147246238 86.9749676791141 48.8816141734035 53.1238019854564 64.9548492473339 80.5450989851747 0 60.9883361951739 147.241394042969 124.654681174837 106.487217835233 0 0 0 78.8371353149414 0 90.6861274341727 120.900688171387 0 0 163.312438964844 190.315231323242 0 0 0 87.8541389954074 0 83.1564080838922 0 0 0 138.24378336551 106.594076412223 121.53366179747 0 182.156478881836 0 172.607055664062 0 64.7525105966306 105.018560024557 113.891436424442 200.570539006209 147.236053466797 162.048568725586 97.8386701936031 0 0 129.118057250977 119.808242797852
129.831456926895 60.1713124185673 62.2084820590768 197.665985660011 0 155.628198193726 130.314809095009 127.024440504172 126.475203503119 166.34196033254 27.9288970020729 157.911323436589 55.0701826330058 114.13078216216 69.5014724731445 122.327731314625 21.6937550718915 14.5398894655955 0 161.173004150391 88.4427808736421 91.900053823398 69.9308816896044 134.859549741446 50.0771091369987 24.7876537566004 63.1239815814291 126.456402456538 99.9837501921359 102.131199885197 59.1314663230159 99.5447105853357 88.4391761556741 43.0779801974391 125.936815999777 82.3852718864943 48.8140726747369 49.2213214136839 64.3283338283203 97.5357784404557 83.9125377440711 63.0866405889351 158.115954950999 121.777018320302 119.862479910624 132.387762214222 162.98867151943 0 110.212471848576 199.323608398438 80.8933820602035 122.949805232735 0 0 199.277816772461 221.737907862412 213.433853149414 0 0 97.9701026067049 0 88.1069025796722 183.190701186414 0 143.573821084435 126.311834382979 107.884633824427 112.454281953243 0 147.402406827617 126.184192331452 151.887090775065 183.172615910331 69.5171685551215 104.812268210422 106.019264481105 203.324755073276 220.513336181641 178.757928454296 105.579802377485 168.218963623047 0 121.89484910038 145.027550751677
89.5736917697728 125.727443438368 137.053840550502 12.3570914539526 76.6816394759177 52.1364057813548 46.4446292466628 90.8958761866489 51.9201122739993 16.2611358941819 106.137855529785 13.6589221473561 0 95.4705189365509 55.6170623513071 93.6762161254883 0 0 161.173004150391 0 135.977941690965 88.8002274568273 116.004031942333 24.3064222838244 181.645324707031 139.700775146484 123.491418608603 27.2873310918063 102.465445088489 111.21418625959 0 137.535762620979 97.1156686604965 113.084581051848 153.534301757812 98.0611674763688 131.065519121258 107.845988687049 102.453226216655 58.9619293735809 102.692491473034 156.265045166016 80.8392593968187 0 157.613059933614 152.038803100586 102.418577482026 0 0 144.599838256836 0 0 69.3396098491134 0 154.002116897073 139.200797763539 146.560849949734 82.0598834202547 146.19538298811 0 22.0584096480589 0 173.011986649778 112.116576026479 172.364898681641 0 0 0 137.568533604475 160.186157226562 0 0 116.72562729471 0 0 209.288696289062 141.24209931864 210.706298828125 139.739990234375 0 0 154.081019710668 147.122016048528 216.921600341797
87.4821029214096 87.6826707543539 61.5388060852801 112.629513925375 148.222106933594 106.739141032538 70.7593976498472 108.4984112096 70.9070604167732 105.147840975193 113.396338835562 116.077532908218 147.969298334891 100.628636441848 114.610772403564 14.235672133938 50.8387429195381 97.6512533484341 88.4427808736421 135.977941690965 0 53.162603354508 30.0941288357412 29.7839167649209 129.460707582769 96.7646465297087 66.2837636211109 30.2997437432741 85.1325529981058 28.5686188961785 0 167.062614924857 74.1807001192492 38.1465514914541 128.04627131561 65.5460025101065 49.809605698457 59.0420852114104 70.3981134540652 78.7069683934772 100.392345635437 0 127.433777928418 113.040749273077 127.452348153369 133.136459417023 124.375917469409 0 0 162.482984515261 103.657433203299 125.266594851197 168.958492094139 0 156.058140977321 146.693201163989 164.053280378829 109.487343287133 156.182306882943 0 158.893996987012 153.455390960619 170.92178528923 137.237655639648 110.044188994975 151.795669780466 156.384613037109 173.362139496856 156.609741210938 117.750489877138 75.8238569445609 124.567507777455 119.67870098562 117.432496661032 169.035880575037 129.386723239736 128.258225839938 162.253258284301 126.943103522699 167.009216308594 0 142.225678924975 124.943878567782 160.364997870361
90.2875634682601 30.6153076365793 50.8710355615982 90.5444618958933 103.345336352407 110.947588645476 83.2879465525871 116.011471370367 29.5094200413072 103.556245566108 90.3518291955861 63.1418913776602 80.4781905462586 110.02837479504 71.8972243872829 34.7867886756439 72.5085189681879 100.363696580422 91.900053823398 88.8002274568273 53.162603354508 0 51.1259915229722 35.2020192016177 59.0203943616711 81.2552251973179 38.3346751350538 63.1120279974342 90.9781644780189 60.763755513383 99.2334965776511 0 74.8609537717507 58.2917717314613 132.871328108879 63.3870368248306 35.1357823016895 60.3568063144015 62.1659389082166 66.9121138325127 153.699493408203 73.4307838470245 75.0864950323994 60.3406433086153 70.800626802186 77.1579177366568 94.5623444059744 0 0 129.510922549186 54.8888374145707 77.7453636717033 151.006474570793 0 141.765689172997 118.166427463001 141.373465141602 48.429980825768 123.880320636267 135.482998250634 123.931609838911 100.621400477521 130.02779547791 61.1922874450684 58.1678028011393 93.7768665740395 122.039542959583 120.392558924256 145.906822392493 73.6662529234996 21.6872127705918 68.8741618034693 80.6548571321615 88.4285292208771 108.652625962032 70.9457227166173 103.138385373656 117.643741967238 91.8801164181671 122.75993347168 0 181.42358708631 78.3499956882979 154.752561739343
96.6206724919231 65.1716057714677 34.356578963995 116.313104015477 161.228912353516 113.605991420063 81.9653005845814 112.919556465725 86.0644244750269 117.604664081698 82.7133858283163 106.285626223629 117.035580661084 109.982374965415 106.71842613849 19.1713086656153 27.4306676952039 91.5816896192714 69.9308816896044 116.004031942333 30.0941288357412 51.1259915229722 0 61.2638395639864 106.028238308125 73.1964286410671 40.9683321181789 51.0659446352124 96.6857050360087 53.884880292992 123.43107275084 174.772266304291 91.7247300038278 39.7430690359557 139.394902703166 72.8035472578593 40.2110853010898 55.0215795900778 76.3116383921436 104.483231762899 131.017863907322 86.5100452763753 122.027033528631 88.3323901232867 111.059231667691 117.895581318852 137.614635800214 104.676536560059 0 143.696602875009 85.6777387527557 104.823986091714 166.533158054273 194.389419555664 181.064722003099 156.322897451348 191.46921737724 116.370557149048 173.351367715452 168.147300184662 149.895055717455 153.932258391002 174.898240588829 0 100.090819523509 129.438343708664 152.004089719339 152.353303656232 168.38188751162 126.047121167009 70.8036917886629 108.281799939088 127.942840719834 120.949154452407 134.416744506708 103.607008961431 141.73246800848 172.310972885701 141.065502843006 163.146484375 0 151.054826112969 111.6452102806 161.197988339671
74.1223664814028 77.870041960934 90.9421783822989 26.0970661838948 78.0715244236655 72.7709294945332 51.9716458269669 89.9252679159524 23.4783226558979 60.5500368217629 147.201502904355 24.8124856942204 132.923719420257 85.8372685457878 40.7123811024884 24.9743036680467 117.940616415147 152.062338806109 134.859549741446 24.3064222838244 29.7839167649209 35.2020192016177 61.2638395639864 0 107.273572689155 119.832638356211 73.0296680130558 21.4886710785801 81.6282891344603 65.5824580976968 146.488115219742 134.781119152129 70.4667722079938 74.0365419042166 134.827731814451 73.015408809994 70.3315310024312 87.9157371246307 80.7491708269091 47.1804805864986 96.8828529787607 156.657101091361 112.130532212465 115.313540864745 134.569223802065 127.555874165523 105.100080226997 161.394625119123 166.059997558594 133.095033214542 128.714452960338 136.658390771668 127.643651918506 101.21346282959 133.312010102606 116.882034542859 138.127027759686 63.797031121829 133.541893324749 205.890773910694 116.478338361492 171.632591893407 136.380964235282 110.414278621156 107.650598025815 162.091283760857 186.425729437621 178.290068522522 119.05534999696 112.825231590663 77.935844861592 122.589616084534 97.2961762276408 91.4966430664062 170.340532492641 130.312666516757 115.635432573554 143.22395760297 118.152294220556 0 0 125.639519163683 128.898270021301 165.402515424194
98.9766885025665 22.9582790037947 77.1303859296339 0 94.2546045120483 73.765167029461 138.222179100416 68.0796902631004 94.3844473658599 131.853745399085 22.2362218300998 107.906459910606 15.5150172813563 78.5851151779711 126.28392147055 98.2111188083297 65.4251727906651 46.8308606589446 50.0771091369987 181.645324707031 129.460707582769 59.0203943616711 106.028238308125 107.273572689155 0 40.7578137830951 26.2704842322706 37.2311482719072 78.986572306957 122.803606031813 43.8379913991703 75.1060369494266 118.098564776104 28.9551630454917 84.932856149959 31.3045616784336 18.2615829162541 29.6929802322185 19.2698971430952 29.4556474392209 12.8146986035986 12.0782618473294 81.0429239767283 66.4503675934761 75.687848338056 89.4945669734615 116.389505304491 0 35.5136590231409 111.937774658203 52.4038925459235 92.0299616989218 0 0 0 172.250640690215 0 126.700112724997 202.555465698242 55.5087067342294 0 41.9185505238592 141.606443009079 0 0 96.1835982741343 69.555904487943 72.4915526729022 0 134.454379112613 59.1792115364183 117.500379376171 223.311859130859 26.4254067782374 67.0064032400684 69.8183602459166 137.769989013672 124.719474829114 165.197210962424 72.6127197419699 0 0 68.976833734327 83.9751077386688
135.923718858222 47.7398842205197 26.9271453876366 145.619082221435 114.879591104188 138.233173047355 130.185332603731 132.67671355821 116.34008757804 164.596659391643 32.5725968530418 145.475294440871 23.7770328811165 128.936241319957 153.236234189037 100.133944073709 35.6264401095066 22.4319760093767 24.7876537566004 139.700775146484 96.7646465297087 81.2552251973179 73.1964286410671 119.832638356211 40.7578137830951 0 31.7258653915047 121.639894172355 112.74964705307 110.290742454164 16.0872488739447 103.357607927163 120.030085711771 55.1677387204672 136.80500356921 82.3260996267067 49.2379431221483 55.9756041786093 67.2532965910657 100.735093009413 93.0150915924003 67.081849741759 136.762484726087 104.284802163245 110.971652398508 124.50216988499 0 121.488525390625 103.224064440999 163.768173217773 70.6164430042726 111.78413348811 0 0 222.649688720703 183.542540800817 200.135842499874 133.350696317567 0 89.6729429693886 239.100372314453 80.2566370349939 193.529835047637 181.59114074707 157.304873513303 111.893669925011 101.144738128063 104.205522358751 0 161.573784024385 121.132548281746 142.388218365522 198.746385066363 62.3615914371839 94.0757103121145 97.2865264440327 180.730711257246 159.596798985122 171.275212078817 76.499021725313 0 0 108.193255514178 167.658914572351
129.282324769221 27.5288463962694 33.5808498539725 119.806849261868 142.555358886719 143.799151289532 100.720268850248 140.326951879969 91.3834760322028 131.773312557921 53.5247714465561 119.417533258734 26.7940579178733 138.549434800253 125.172221223676 26.3865947421709 62.3242935012249 60.3397088480744 63.1239815814291 123.491418608603 66.2837636211109 38.3346751350538 40.9683321181789 73.0296680130558 26.2704842322706 31.7258653915047 0 74.2821977097446 124.038592032863 95.9473271874533 23.0977144363189 114.475792879003 110.529477645897 61.8899037999013 143.720886324707 76.5886108333621 48.963504312207 59.8349517423505 67.2724637335154 96.204174145842 114.128534837999 64.3051569203095 116.056404100175 86.5322087601135 101.773818686589 113.227076834317 135.220049736277 148.884864061119 98.3813548967423 166.420689935229 59.958384269815 90.5448444707098 175.598171105794 0 172.003289740125 155.32744671007 183.559641586096 138.691165253824 169.030834234218 92.2453672900176 157.27067142891 80.1061175408979 174.231211676141 135.911697387695 104.525324027461 105.300565667532 104.40528503849 105.653704013525 183.148179917831 130.383674246336 70.2847583910982 105.883095772204 142.374726234274 66.9430076416441 95.84509621814 91.426556284378 148.45262826103 174.555136180568 145.519441383524 66.3047528363689 121.866516113281 146.974231315609 100.33313463016 153.819335326479
84.1955809896968 101.503269329681 82.0705773098491 16.7623900313296 127.415756366148 67.2595086179055 33.9799495894361 98.8613052165325 58.2331578799862 30.9726647542805 132.459371894028 55.7858944256739 148.744501032683 95.8505384535657 78.7817969753697 31.2919642408937 109.437980072099 139.707341373519 126.456402456538 27.2873310918063 30.2997437432741 63.1120279974342 51.0659446352124 21.4886710785801 37.2311482719072 121.639894172355 74.2821977097446 0 88.487642644699 46.855438547567 177.291867045277 130.84812759376 73.9601749625153 69.7166187763625 136.381868052809 74.6471636002291 64.4947259420508 79.6768018754897 76.7504535344315 82.8656504098829 95.2308913827741 22.3652096976426 122.121265328831 133.277337889303 143.726336557083 137.698925333335 125.667593525997 168.499528029441 0 142.21703713583 133.525562850306 150.37077346348 150.865513632226 170.795038624227 158.181583725352 134.106143461907 156.457097801601 88.7893868059061 155.54786916511 191.218167012123 133.914215816411 90.9890508880371 152.490762345938 131.352013356787 118.964598443893 167.957031738169 208.640159706847 186.108279808037 147.81869395232 120.282795344475 99.880655323206 134.571944599456 117.037846026808 147.650017354821 182.326179332908 145.077050681152 131.614147475021 154.469767509562 127.353375022313 0 211.395645141602 138.949070974674 138.570463514926 155.358355255309
17.8818418454247 114.192640920931 108.024759554348 100.961596008006 20.9269106626907 52.0870755723776 60.3109390273012 42.0783552272906 77.236531687379 97.4632111901723 66.5125811206131 103.340502437832 88.4523386672001 32.1954878599356 85.6880943973316 106.421902012821 100.244606869128 89.0575292488331 99.9837501921359 102.465445088489 85.1325529981058 90.9781644780189 96.6857050360087 81.6282891344603 78.986572306957 112.74964705307 124.038592032863 88.487642644699 0 31.9464210595775 111.42604013604 20.8598969688719 18.9063588162719 31.5715017381685 117.237840091178 61.1372203458062 67.2397173219026 46.5258368296765 56.4726786883781 45.9777400932409 30.5519267127517 69.8264169187156 158.567360854939 154.7840556512 162.118005165127 145.519837402998 153.398739160298 206.613119599578 0 159.655696222351 151.680114746094 185.411144036997 171.34562330181 0 197.301603122434 152.940191881204 189.794273931184 103.446072352255 176.241348776096 185.073846614061 197.407955483133 138.86344909668 171.748510221057 200.757962473966 138.662115357562 161.415817260742 0 163.772253172889 141.115971730904 140.713508488625 118.48053070023 169.793045930743 136.463452088385 97.4619280617638 185.250431696123 180.177881782108 148.34845549649 168.167554192969 149.026184390628 0 0 176.282369801554 158.572487798199 135.443121735559
38.1178036609032 101.242379397155 72.9976612725264 99.1592236285974 112.461080783247 80.2119075825327 27.7043543030906 75.9453390297244 60.8915410202751 89.2926478343846 113.551424779426 96.1324750041811 149.310039299615 69.4462166557382 97.4574744188333 73.040467574662 71.1785744625041 130.197815308935 102.131199885197 111.21418625959 28.5686188961785 60.763755513383 53.884880292992 65.5824580976968 122.803606031813 110.290742454164 95.9473271874533 46.855438547567 31.9464210595775 0 134.237168469724 121.172549025394 50.0678261591888 37.1673750581236 125.971961639586 64.0586488048414 64.469526191746 59.7469217087248 64.596739202252 75.0220481435353 89.8993072126811 91.0478212268596 134.89416374831 125.512349776751 148.268595935132 138.89530551852 131.228615439993 165.268173217773 0 144.275866215916 129.011399109029 142.073694700504 157.558523742163 0 157.35700950868 134.702962226766 156.906730379342 89.7547581818074 156.370344864508 189.453389772607 175.061294555664 167.847045898438 157.962993309823 155.710418701172 118.238368943927 153.653347680371 187.801132202148 180.826031630787 147.15691938419 118.502551051512 89.2122238225622 129.703436415742 120.985491636774 161.412033081055 171.573922264197 141.067397826443 128.135056562279 156.34626084002 130.424069237219 0 0 141.538426351769 136.146163384536 155.831795554822
0 63.2341779274789 87.8882626317611 0 0 181.618133544922 189.025820217336 107.380799277119 136.236510811008 177.838302612305 28.2838812799702 0 11.7916029103328 105.870632644468 0 0 85.2321603262035 49.6761702748209 59.1314663230159 0 0 99.2334965776511 123.43107275084 146.488115219742 43.8379913991703 16.0872488739447 23.0977144363189 177.291867045277 111.42604013604 134.237168469724 0 124.458938598633 0 67.8748823506509 0 100.819752622181 55.9381188725947 63.7066265532142 82.2941523834799 91.4542846679688 0 61.2358190252663 174.170791625977 127.537862222024 108.524734340839 209.470352172852 0 0 0 0 91.9693397143688 0 0 0 0 0 0 0 0 91.4107599889148 0 81.6871158731568 204.910888671875 0 0 138.154831447757 108.947182418899 121.075472220471 0 0 0 0 0 68.9945370179182 106.204804550515 111.36971923582 0 0 203.319614428537 9.56258489094037 0 0 112.721612854989 0
79.7587779231553 199.686767578125 155.974343673629 152.709926885579 11.5026249998429 21.9699469479871 126.152522694361 23.7008267583065 112.194516699435 124.719996943864 70.4527986486951 112.820503207406 89.2304021221357 26.5027978557093 44.2677484386105 0 104.743088927129 102.742172241211 99.5447105853357 137.535762620979 167.062614924857 0 174.772266304291 134.781119152129 75.1060369494266 103.357607927163 114.475792879003 130.84812759376 20.8598969688719 121.172549025394 124.458938598633 0 90.0472635191723 21.1423144657515 0 85.5456374992806 114.08455099398 47.8812922664141 58.2549084875855 41.1042862666262 18.1887690958727 68.4912058962704 0 0 215.241348266602 0 0 0 0 0 0 0 0 0 0 175.726110312274 0 143.655963021264 0 0 0 0 0 0 0 0 0 0 0 0 0 0 159.139539592362 0 0 0 0 0 0 0 0 0 0 0
45.1146526325689 116.310685154844 102.396532196432 94.2655919751882 0 93.4061512075491 69.1039775682074 84.3227562988265 68.0603564868641 95.7595178402754 112.27442920296 95.7383939922874 0 44.8617635885472 91.2146820403521 88.4057025357398 95.1301545352001 0 88.4391761556741 97.1156686604965 74.1807001192492 74.8609537717507 91.7247300038278 70.4667722079938 118.098564776104 120.030085711771 110.529477645897 73.9601749625153 18.9063588162719 50.0678261591888 0 90.0472635191723 0 24.3531863482932 101.89777758492 45.049861083883 47.7095081583752 41.5065750645171 41.4896851472684 49.7417291248506 57.9259739943439 67.9366302490234 159.246884377019 0 151.713929002999 157.52812626768 138.003768920898 0 0 129.807603493756 0 158.320819868065 172.933776855469 0 177.560913085938 139.858120731202 195.973537173667 98.7905739569511 185.21369934082 0 0 170.043960571289 159.511692397012 0 108.044678903312 230.912490844727 0 0 0 147.414277115536 0 166.687529265956 123.374130827711 0 0 116.196517944336 136.40780525679 172.146952600055 141.27328448669 0 0 0 135.779022216797 164.013621180887
