0 134.865574585251 119.939439206943 82.4308221129068 86.6907255484587 66.3514336333863 41.9707330928398 42.6906203805275 71.92829987029 64.1933250932226 112.090696605 71.7786767505898 113.517003659862 20.8546694178231 80.2170716843458 116.838998686456 127.263970863208 145.412937942327 136.590710536691 79.2666808567651 90.3383733182669 98.4310354015691 104.604088879083 78.4585924716804 148.22662381302 144.544322539728 139.62521248793 83.235888995929 20.0543053231982 43.6034745090982 139.28871832694 97.6259722028327 55.5687933623635 72.0899121656696 135.278293365626 80.3506260187036 103.870895913718 83.3402823001549 98.9717227542624 62.0351915696392 76.3369185366964 91.4709527398934 161.612558380466 163.867468072781 183.219444801316 113.451690673828 145.457022891555 146.603441379826 0 157.321061578209 130.224243164062 173.457009873884 168.22184753418 0 156.773500755058 147.667125599123 163.990111672598 101.159997923988 163.394246297721 104.007843017578 146.63956210355 0 178.275494903149 0 160.590265303164 0 0 0 155.819391360196 163.947209031348 106.098248032948 171.856832230877 134.363789888805 150.406471833813 186.503684038977 186.165175949864 143.681778943212 171.144850396433 156.221972059431 0 0 0 163.126075311404 190.25716115875
134.865574585251 0 51.3458082300642 131.260070910738 138.075988769531 0 128.270541442841 143.332589633014 68.5511477475435 151.932882483272 67.6003378483064 108.87604901196 46.6638194353702 137.182936317515 115.558669727864 67.4754686387836 55.7358298623206 74.9128311126801 57.8378709536069 0 92.0887555001576 26.3539496399713 69.7716678277189 82.4977552824335 26.3543119352401 49.3525663972767 31.8983648295896 99.704691997996 128.337304819317 106.434575088105 80.5733274191737 0 114.007936911973 62.9262378403019 131.404465639688 73.9475610856728 46.8315836636747 58.8990584227668 65.0869834499778 87.7430368041277 80.5959530796042 52.2386454716992 93.8656829723712 66.4835107587662 72.2240780112619 91.2516446073407 142.727901841528 88.7581024169922 139.657001869112 170.414794921875 23.8168516718557 67.0295164071642 0 0 0 162.530638482116 185.770602798232 104.285883041345 0 104.730998572769 0 74.9654630408477 153.866138276299 0 107.13550432811 71.0645086328143 91.7340386506235 73.564743689751 232.256759643555 120.055421477545 51.9501154061519 95.0908310730719 139.054418533963 35.2417003997827 62.5431497990082 63.1936436352217 152.826812087808 173.232662790743 140.554495504207 111.6398146596 0 0 90.4143956917883 147.059194987758
119.939439206943 51.3458082300642 0 130.079763577147 0 150.30413278409 108.605880570681 134.245425227773 109.22936494839 133.111625037098 86.0954601506007 132.598034212263 104.433053581092 127.547232922395 0 89.2083540383932 43.7688761807206 90.4082209234192 67.4690273929332 155.943878173828 71.3895464030296 61.8009802963952 37.1684524062785 106.490577812012 82.4181087545677 38.0617610735656 40.7816008483088 92.938104079613 126.947263958752 90.5198491438138 91.5660133284111 168.556259155273 119.064430487585 56.8071553413542 139.86212027575 79.2086912353496 56.4935103996313 60.888274887621 65.9904146860392 96.0223144119693 101.323463946568 109.405035956349 131.143273065169 100.80082451225 114.918373969569 119.57685292296 163.272058712008 0 0 0 74.8404834586879 100.084660436743 0 0 0 168.92439449037 192.991647598218 141.750391402044 213.146951987762 143.73189147882 0 108.013572692871 193.517417319888 206.504305061551 125.152238996881 112.261633602692 155.676156905402 131.618600654005 0 143.737363430797 78.4247710585269 123.477160751363 158.123412134254 113.411574628507 113.024814873526 100.755389462954 165.696260084955 208.476487024319 155.154811328994 0 0 0 124.987154180093 146.795341615615
82.4308221129068 131.260070910738 130.079763577147 0 116.326107783045 66.8674144677606 57.3115686334233 91.3931930186983 59.64422026105 20.0177378074773 158.009706271492 36.9295161948497 127.827066361844 96.1940548577674 74.9148114429464 132.903696546797 99.7024841308594 179.47297668457 162.668466257073 12.9283196778837 130.172633103425 92.5493001405131 124.401531068969 26.0178909744443 0 177.019081257365 164.816660035864 20.422999112714 96.7512316865702 86.0203783487238 0 138.984930365825 93.8388959531997 103.553271803097 84.1459370956957 80.4279108062953 0 105.269063232172 110.105878957033 67.8361317414837 96.3614717174094 162.391830444336 98.4804971468861 0 169.521340819405 146.990631103516 105.436230756995 172.769714355469 0 177.762969970703 0 0 27.024255194027 0 151.176873940914 143.514570520076 158.642089412054 93.0954429120881 101.7177724575 231.965301513672 30.0251670140037 0 169.377734441842 122.033317134424 163.111485528872 0 0 0 37.7399245165883 0 132.574493408203 187.898060552285 120.847741467744 0 0 0 106.018993325924 165.90501859103 160.600266634944 0 0 0 195.191366353398 0
86.6907255484587 138.075988769531 0 116.326107783045 0 18.9645518256683 117.103297912517 31.8606774285832 51.7988013827788 120.00469419058 70.116937537805 65.311553832328 60.1182311140029 46.5360226558597 15.1759972714559 0 0 89.2976379394531 0 97.7891309392727 0 103.463705690472 149.907429519298 76.6453807694579 0 113.41923964509 134.190017077524 115.702911162053 30.63569464443 119.651664430983 114.538154602051 12.8099751241006 0 14.7037038343051 129.258587268858 69.1691598323938 0 49.0945178430842 53.0235642236013 13.1968170286296 10.460763510783 66.3734789700289 101.547973632812 83.4073333740234 0 0 0 0 0 0 111.502471923828 0 0 0 0 0 0 88.5829772949219 0 0 0 147.524627685547 0 0 0 0 0 0 0 0 0 0 185.035781174038 0 0 0 168.327255249023 0 0 0 0 0 0 90.1473083496094
66.3514336333863 0 150.30413278409 66.8674144677606 18.9645518256683 0 56.9303896290276 23.2793904913145 61.8746160287869 26.637736240051 83.0013615433727 27.2243254083524 70.6632668814692 49.8053988982593 24.4795213308593 173.689113211584 139.034353419123 95.7510646087329 96.4871427724806 48.4033313759351 115.271835368986 106.876963367631 127.774806102527 72.1240497334179 82.6923621853283 128.082664308624 147.028599611832 72.8839374591679 43.6326842602344 95.8705709006977 0 17.4571163690765 97.0622592918215 38.0296542661566 56.1397073105736 73.014616487398 78.5645707004461 61.2821383441645 47.6879608404433 27.1527841249796 21.3041347575314 64.1506571981335 126.596715489883 0 139.013577119909 109.890798284732 124.865515239156 0 78.8095169067383 175.840680577129 0 0 154.785805145418 0 168.92061382621 150.675054308664 171.439374623359 104.927189998174 155.1525466885 176.009291545814 119.148239356866 0 182.926370332268 111.40942217461 165.930631940478 201.968375410129 0 0 163.263555760586 189.277859580554 122.604098975363 202.224278591284 140.269308725929 0 0 173.162142754831 149.949538205871 189.795201512838 176.471414892141 0 0 162.627685546875 158.161237325604 187.796605516318
41.9707330928398 128.270541442841 108.605880570681 57.3115686334233 117.103297912517 56.9303896290276 0 62.3387990157566 59.8576858100573 32.3362643388864 132.480412443656 51.8150027391993 117.993432069532 39.1343732689931 82.2437725663323 93.1303606512439 119.432724894107 155.277623294513 152.961852366543 43.702220771624 70.4835568514334 79.3366056729024 87.9892256478167 53.3902326457584 147.522243408116 139.500685712451 118.579307474855 40.1864301125979 64.6953691732367 27.2575188117625 156.960402577752 121.138175547727 71.7879764509903 84.1168581770796 143.519925432368 80.8210942319867 101.986867949117 86.363580048958 92.1279569885166 77.4434325679763 85.1295217654712 129.853756997458 126.767520020537 165.410439343831 154.896541403528 151.238019436163 130.806743369175 172.238683683766 0 148.353306887315 160.189305484057 158.685796552275 149.356436465519 159.148408283413 153.998687505064 138.445695885282 156.809099821955 90.4791799976518 147.674268227908 190.517034947209 127.208019711145 0 161.869851572319 157.110705957379 146.707646176009 187.754598463544 243.634108577219 0 153.1822996907 152.486866451409 115.038338408973 155.136212004953 119.084607011107 166.992483063556 173.718791872742 174.253731773471 135.985431772488 158.757037481147 141.740172481947 0 0 145.156231008178 150.000708980966 175.832839488231
42.6906203805275 143.332589633014 134.245425227773 91.3931930186983 31.8606774285832 23.2793904913145 62.3387990157566 0 77.0271434905547 47.4545768761874 81.2277602979791 59.3018972739343 76.6217414779165 24.9377738281985 39.5970395190586 131.664468718199 138.127434274469 115.360950688464 119.532248802298 78.7160158227057 105.080087309623 104.702684863624 124.953258117894 82.9795942238911 91.175725692862 129.197991266026 146.464315918554 91.3771304169917 44.6514638187306 77.5379937422801 122.318965353112 30.7261863226701 92.0456492265515 48.3456663125805 113.377334715736 83.0036210703619 90.2884800572794 69.0775745047729 82.1782960980529 37.7048588190917 33.885502399302 64.933641445135 147.983119937807 123.584909287423 167.633731085269 116.800457738419 161.98015643663 98.110969543457 146.613399674503 168.302788962261 165.48454284668 218.329429094622 166.73288214908 0 169.740336340472 156.592304356845 173.808978543332 107.554177055377 162.860121554516 119.804224625421 140.861854912875 142.975311279297 173.919774136726 169.583131405902 170.805935580182 0 0 0 170.929905279412 189.511994003046 145.399892629485 197.445317037358 140.871591868886 141.819235272191 186.634871412969 201.686935291184 153.929093598039 187.086484141144 159.617425306114 0 211.869372447347 170.657974862687 175.348128573423 138.979851417935
71.92829987029 68.5511477475435 109.22936494839 59.64422026105 51.7988013827788 61.8746160287869 59.8576858100573 77.0271434905547 0 68.689229940888 130.567291937003 25.0088519165735 113.351196784556 81.9144616271563 26.9606925769125 67.8890055974959 124.66028633412 143.75945285367 139.890469786513 58.9075262590336 80.4468365544068 32.0103969020776 93.7210849240036 26.946508075142 99.6576545249923 129.049495324929 88.5626604468502 56.7241475191228 81.4757719119619 61.8635298261185 131.83681725244 129.266048909798 68.4399434615297 80.4826614535221 138.245666468394 65.4878212051758 97.8092103516963 91.821612747821 91.0100821175786 24.4228167754244 83.1350074103326 116.5332568556 75.3392892965193 130.36403871593 114.450885953589 104.10692969671 59.5136947313488 122.787953407788 0 100.976895574109 101.925549471386 131.47877747942 90.2796747948278 113.338779749675 108.132855081433 89.9057840203164 105.731312187737 28.1053405975747 92.9784359245184 139.771039112189 61.630593136671 170.12930942839 113.402375856071 71.8073724256772 99.8529435185221 144.574534855018 181.300598144531 165.894529790176 92.2956388271595 104.235762525028 55.4783761677866 119.194221867141 70.9091800369651 202.023897565103 143.009897837574 129.055498186786 88.0112395071251 117.71011708822 95.6540001459291 0 154.825236126236 103.174068379418 103.286543560618 159.402657894281
64.1933250932226 151.932882483272 133.111625037098 20.0177378074773 120.00469419058 26.637736240051 32.3362643388864 47.4545768761874 68.689229940888 0 138.128663417308 31.7212419563727 131.103364815413 64.8815241344865 78.6197610226262 134.641538291544 153.19003945051 157.268669488747 165.56779303682 15.0822098121235 116.373386927973 117.541187062715 125.172116097031 57.9249495939636 142.230321905906 173.577223614563 168.738933711808 26.2320023923826 95.7200532268008 88.2856219271562 161.982360839844 124.618796022067 91.4682136378936 102.390876689909 87.0225380692886 95.42081436546 127.178710648786 102.713570645479 118.556997413563 74.4046239203758 99.6856041647226 130.133240376164 116.724115839758 155.627331439216 171.626361572312 169.654381352987 141.731328533348 143.144485473633 150.477966308594 161.14229783199 199.315199990697 0 84.5974888791979 170.785039153356 162.988642735961 150.76395110139 161.598599468998 99.6731678391468 145.171639041829 154.568145751953 83.3574787488669 0 179.300375680381 136.911161414362 163.688886943475 213.873184204102 0 240.048202514648 76.658898614281 215.025728131376 146.594881707214 201.162914906596 131.122554042858 193.177357298126 217.756541699712 194.285301473775 150.792317844203 173.636011158269 177.106797575401 0 231.61198425293 167.295447974783 176.337783678341 183.431247763294
112.090696605 67.6003378483064 86.0954601506007 158.009706271492 70.116937537805 83.0013615433727 132.480412443656 81.2277602979791 130.567291937003 138.128663417308 0 130.124746493352 21.6665758839575 84.4291823241186 103.257679854273 132.682971175108 60.1319304149123 22.524968542757 26.5354440146509 141.029917605745 105.607737486762 107.121460986238 90.2449588073818 143.559475782819 34.215150525891 33.6136279014296 59.6970954631344 143.069838264544 76.4625227315944 122.915478252247 31.0717304886626 68.2656525681184 91.8951641494741 25.1050617247151 140.984524463246 85.5350252036619 26.1039372715724 32.2360529752132 52.3930606191491 79.8368199716791 69.8268587290545 22.9178974254045 135.095708561323 91.5854528061948 109.564757089643 148.208419568066 0 0 50.4904949064298 201.407775878906 71.1762806872081 155.799935513801 0 0 0 198.162803075696 220.014895270346 168.621143777318 235.068435668945 78.9929111503645 233.308441162109 72.8758118692787 111.857818603516 0 209.641779022914 131.147403538845 101.157360077501 117.043833560237 0 159.410537719727 108.69863804245 156.550712276341 191.452136974922 58.620995999765 106.120000440593 109.266591762274 192.233356065286 190.00669099803 226.446542170299 104.158524108648 0 0 116.148777363907 161.315505821861
71.7786767505898 108.87604901196 132.598034212263 36.9295161948497 65.311553832328 27.2243254083524 51.8150027391993 59.3018972739343 25.0088519165735 31.7212419563727 130.124746493352 0 148.567198691806 81.520019093011 21.7371967499707 120.504484244437 181.667021675567 138.356999375027 147.492576595215 13.417055674505 184.306720604357 74.4750066130646 148.556085109962 34.7747221015483 141.865597323523 164.408730734754 161.487428683537 49.8509173920797 96.0794464761006 113.380807056643 171.669952392578 107.996189576288 103.771113829379 97.0703298459142 18.9442017386683 74.4532177357789 128.27675098972 99.7444699034455 110.66388977007 27.4225484492934 92.0232603162527 134.289471384321 76.0942714409744 117.284858703613 163.22963835694 122.694159427722 66.7672822468727 176.637680053711 0 0 127.459838867188 0 125.79392491986 0 149.169863430571 139.967355210367 163.877856695634 63.3958539542344 138.50441362237 139.017852783203 29.9578286612704 164.534622192383 215.340776231869 85.5951500314159 147.762359774986 0 0 0 132.980918117256 126.789671003221 149.452087296135 170.580207038426 115.34229200535 0 0 216.109924820212 130.571418751164 209.390625520141 131.863998413086 0 194.323638916016 0 181.077263025594 217.0832817304
113.517003659862 46.6638194353702 104.433053581092 127.827066361844 60.1182311140029 70.6632668814692 117.993432069532 76.6217414779165 113.351196784556 131.103364815413 21.6665758839575 148.567198691806 0 86.9276328170175 98.7845539978446 116.773026533002 87.4842791574885 49.6427000485769 67.8030339235474 151.42861151916 129.290629290645 84.3936210111166 116.645049925953 126.965783518955 18.2413290264776 25.652759095703 27.4036525784349 132.016437221888 84.0179879766958 127.749833176508 14.5423723708653 62.7647083054627 110.98053783095 31.4721361688668 89.4470787662157 43.8725046716399 20.8560554898777 33.7560013351667 39.3277678263302 37.0331922243349 18.0882984562835 12.5191820322296 95.889465682529 71.998733536947 62.7629033325942 35.2951048443583 61.3043548666017 43.7067535467635 36.0313946425374 0 60.5370625258574 156.436885398967 0 78.2163391113281 78.4556502232801 173.645488997126 81.0115221103759 134.484649658203 0 62.2521481543869 134.196833657581 62.7142430784317 125.63069152832 0 135.036153959399 127.586029624355 85.0483083119633 102.86824628006 0 0 102.868469331882 142.28275727697 201.342431369012 48.1629233752841 90.6104065269442 90.5759939140202 192.34130859375 70.1992492675781 199.127197265625 90.7928919978343 85.9168124680588 0 90.5328598000567 96.3215883747017
20.8546694178231 137.182936317515 127.547232922395 96.1940548577674 46.5360226558597 49.8053988982593 39.1343732689931 24.9377738281985 81.9144616271563 64.8815241344865 84.4291823241186 81.520019093011 86.9276328170175 0 61.198554052587 120.971727396396 128.198901383617 109.922777168165 120.837424031556 92.8757580704955 99.0417811768859 101.916400464725 114.789271855844 87.4331785771026 98.1037856864549 125.63690205644 142.487166585546 91.6364549091275 30.802742783397 67.4954033666389 116.78245291896 27.2336939533359 61.3371955198036 55.7291519278641 123.926767956452 77.4728137685027 94.0306248015475 67.8850578468266 87.6412550863692 47.9115594978301 51.3314540277305 74.4372918014343 175.267105837436 190.000729227888 150.261671922746 122.254376366669 169.390365193084 170.239918788473 91.5032085832758 169.153964734996 176.43319571118 183.854790831938 170.052945858267 0 169.290043478099 156.608683038505 183.485291883565 117.733545167802 161.835505632245 187.186859130859 158.988591447301 137.972586401611 182.26647279204 0 189.208699961851 188.093249220458 181.185699462891 185.248104499128 177.130653990057 153.194819214087 136.752089912251 180.703582472251 148.660289844234 147.546909025845 164.269902467747 178.329233958252 156.180827520541 189.581128521309 163.47591861567 0 0 184.678894042969 164.862735831814 131.800218398227
80.2170716843458 115.558669727864 0 74.9148114429464 15.1759972714559 24.4795213308593 82.2437725663323 39.5970395190586 26.9606925769125 78.6197610226262 103.257679854273 21.7371967499707 98.7845539978446 61.198554052587 0 97.9591157784547 174.971984863281 0 107.495590209961 63.6413159865368 135.232284545898 76.6140137778224 126.954204120815 47.0022667429807 151.836083363243 162.95384646204 129.334910389492 84.2140667847916 75.2117423683314 96.680342716291 0 43.2391840515666 104.412849745128 58.7920357326889 122.460744940502 50.4358474632281 107.686828846301 90.5866429184674 76.0123921461155 12.142041539607 24.6393187748823 87.200745828685 88.028516856915 0 178.087879642996 0 73.961925301459 156.538925170898 0 0 0 153.500747680664 115.359179588128 0 156.554916381836 131.758737144739 135.365234652644 59.1094173943905 136.247864629807 0 108.462894230491 0 192.475601660645 91.7088645495618 121.147003173828 0 0 0 122.372348941011 137.598368924218 0 143.528398360423 110.072287358807 0 0 151.308944702148 132.151510447012 144.458435058594 174.734051401306 0 0 0 0 150.465645393401
116.838998686456 67.4754686387836 89.2083540383932 132.903696546797 0 173.689113211584 93.1303606512439 131.664468718199 67.8890055974959 134.641538291544 132.682971175108 120.504484244437 116.773026533002 120.971727396396 97.9591157784547 0 108.335590129053 145.821968106906 119.138503822637 0 22.6319457118156 31.0229088286955 18.4601349884457 36.841474872968 104.471047613964 113.275894192571 32.8502089787516 38.757038708301 98.6989594587637 82.2616250595188 0 166.72419962741 77.6443607823642 66.4857406648942 141.253630292157 70.684426085322 61.7453316656883 73.7092977070373 77.2599370187357 85.3568550260089 85.7722628263962 138.986458440074 120.026958374685 94.5799329383089 124.641333686999 122.548105911262 131.076270517344 148.797406388891 0 131.712976738309 91.6259142883239 116.964348392226 153.016765194364 0 177.18092173434 140.689324075683 169.812712984951 105.620239611572 168.38997480977 0 0 0 162.342092058995 124.05965423584 97.0369829293254 142.110982450488 176.820280978121 168.73000971627 0 110.740115380644 66.8492338749009 101.963260874073 110.673748007127 158.715209960938 162.774552018171 108.381930333021 118.34824153295 157.143823226954 122.982961541342 0 0 127.383393159995 115.047082993025 166.153028441016
127.263970863208 55.7358298623206 43.7688761807206 99.7024841308594 0 139.034353419123 119.432724894107 138.127434274469 124.66028633412 153.19003945051 60.1319304149123 181.667021675567 87.4842791574885 128.198901383617 174.971984863281 108.335590129053 0 62.207874853068 26.4649759067971 182.923141479492 62.5808777257043 78.9718592392472 36.5562313088323 125.557312389736 73.4917158459405 37.3937510973341 68.7630129157399 106.400526312384 114.494710995743 81.6921771380657 86.3085837254991 127.870090003328 114.723902015194 46.9590370335932 152.396380294776 81.7070304028581 49.1459355400213 55.1387482532555 66.7983085748479 88.769862458298 111.083146626203 248.78889465332 138.077823849131 108.252569473075 120.8231657021 134.769192781711 190.997772216797 0 0 0 75.7563308424241 108.073349192079 0 0 0 186.889129437373 221.813110351562 142.64978410628 0 180.250107049189 0 137.66694544459 183.407295426417 0 140.042321756438 118.939347143191 131.687133789062 128.883816272166 0 146.617704568374 95.4956102906668 138.903298792582 171.27954652182 105.400417596081 112.016753405586 110.180258833736 178.960753288333 223.288983291612 165.314403195395 134.369506835938 0 0 148.310295876328 165.621241819784
145.412937942327 74.9128311126801 90.4082209234192 179.47297668457 89.2976379394531 95.7510646087329 155.277623294513 115.360950688464 143.75945285367 157.268669488747 22.524968542757 138.356999375027 49.6427000485769 109.922777168165 0 145.821968106906 62.207874853068 0 21.1787716254432 182.517648837986 118.279331845437 134.129913591358 101.130765241769 158.653264237122 48.2179302690537 32.5372740879605 69.0561634656014 151.534663299037 104.979348432937 132.604069926397 53.1383973499864 99.4749745751837 149.566787719727 57.1583259598252 162.568488182599 96.9873562840562 48.5066626704137 59.1073373127406 69.9866476059482 112.109643642991 83.9892565680375 58.0887187854117 162.717376600167 101.502680834139 115.526364891305 120.309926581277 0 0 106.328690169908 0 88.6579504174688 137.285605073712 0 0 0 0 0 0 225.759368896484 99.2002642193626 0 85.5700142317889 236.731964111328 0 202.149627685547 137.861228883344 99.9713936357613 116.06113765946 0 0 138.498992919922 182.061123992661 192.234268188477 67.580338597464 108.50072213381 105.778815044304 208.697463989258 142.648590087891 199.438177713516 106.34045298318 0 0 135.914307893351 151.927642822266
136.590710536691 57.8378709536069 67.4690273929332 162.668466257073 0 96.4871427724806 152.961852366543 119.532248802298 139.890469786513 165.56779303682 26.5354440146509 147.492576595215 67.8030339235474 120.837424031556 107.495590209961 119.138503822637 26.4649759067971 21.1787716254432 0 0 89.2833055700812 97.9751429647125 70.1363028450344 142.44192335351 51.3506621511209 28.7310596524169 67.8692700478041 118.518050721363 104.314796757874 101.213894329174 67.7538210214268 96.1505779053927 118.450241763021 43.6806834700278 149.292018676428 83.8420203700923 46.8206981815152 50.8085592852263 60.6947047008458 107.385982350383 88.8677805927783 66.3973104245083 143.055904752854 114.364527712994 121.499802215087 130.102246214755 0 0 144.963430220847 211.584747314453 64.9095304064933 121.948798424157 0 0 0 202.302862212426 0 167.59690662278 0 120.44062187281 0 104.396488632885 222.707809448242 0 182.416395868357 123.210795719917 102.207545578808 111.908342494885 0 160.558078683616 126.798274336271 151.792779155035 189.001675983925 73.1377878821233 105.021000220511 101.711871439418 189.53629432228 207.776092529297 176.025810461999 114.250790697299 0 0 118.909927700803 176.277930639413
79.2666808567651 0 155.943878173828 12.9283196778837 97.7891309392727 48.4033313759351 43.702220771624 78.7160158227057 58.9075262590336 15.0822098121235 141.029917605745 13.417055674505 151.42861151916 92.8757580704955 63.6413159865368 0 182.923141479492 182.517648837986 0 0 87.53514761822 97.5748848046247 122.391559821248 26.6263928288807 160.459935197576 174.891887371577 196.928534098221 31.5437084508927 101.284563821974 98.1934778704656 0 125.45604738885 95.4790740221975 109.261038928626 20.0363608183556 90.5060661115263 127.590456007673 105.518407562291 113.98605396507 67.3048078535326 102.958263884917 125.137224711442 99.975034627931 0 162.02228925073 168.71522256476 96.4073902679943 210.998596191406 156.711349487305 156.75296383879 0 0 34.2981842174084 0 159.354246600035 151.298495285868 176.294537132381 90.6218986483875 157.694121211979 0 55.2800792422354 0 183.038903035727 128.425965171382 0 0 0 0 164.080685906251 0 134.780685424805 0 127.913004646262 0 0 200.236392738606 148.801580625311 171.728017346936 177.562966444358 0 0 0 182.169753353729 194.392135620117
90.3383733182669 92.0887555001576 71.3895464030296 130.172633103425 0 115.271835368986 70.4835568514334 105.080087309623 80.4468365544068 116.373386927973 105.607737486762 184.306720604357 129.290629290645 99.0417811768859 135.232284545898 22.6319457118156 62.5808777257043 118.279331845437 89.2833055700812 87.53514761822 0 61.3948140391531 36.6812974788606 39.0882160942344 126.417289854766 98.0556670553161 83.4185556968503 28.402032519785 89.5756873217612 27.657099283578 142.993720538544 156.679749643386 75.9890331860061 41.8135209968897 136.909267497241 67.8613458841155 63.9356054652877 61.6476697159671 69.8447334579194 79.9545219811976 80.3898334066909 115.40577702104 132.980937988286 125.403519058425 138.693372812559 142.476231916619 142.631792266778 197.485229492188 194.612184316757 147.74353235736 117.950544699781 136.419779306892 175.961380004883 0 178.268379705473 145.140826514626 178.075346859579 97.3171953813166 186.391007379438 203.692643714886 0 0 169.69045737594 148.364478236163 114.339004069338 161.827563740109 183.04985234723 178.113037459688 0 120.23207573686 83.774442710429 123.01938525556 115.830268262593 0 154.395698130657 131.997323183909 125.472798280768 163.583545057647 128.813743730248 0 0 154.846146098292 124.962209645356 164.790579053275
98.4310354015691 26.3539496399713 61.8009802963952 92.5493001405131 103.463705690472 106.876963367631 79.3366056729024 104.702684863624 32.0103969020776 117.541187062715 107.121460986238 74.4750066130646 84.3936210111166 101.916400464725 76.6140137778224 31.0229088286955 78.9718592392472 134.129913591358 97.9751429647125 97.5748848046247 61.3948140391531 0 56.8746742460939 34.7732805626206 64.4654273100084 89.0376530825229 34.5631327070952 58.8198886377002 84.5129124151604 68.7924038104269 133.805829833457 132.767211914062 65.5438754572463 58.7075325434787 129.654379407636 64.8077515197478 50.583961691953 60.0289506298367 66.4038668385738 75.1443207404462 82.770587596 79.1337662176209 95.9778978320894 67.7269958301264 91.7654940120768 89.0504865878826 84.0454799251623 132.578536987305 0 136.121133392264 35.921978556727 78.0857079954627 120.624667582403 0 0 113.739351451723 143.711588508213 34.855533616677 148.880059803866 127.477441182051 114.011550196867 122.59311729919 142.159428735901 131.383865356445 63.8144026863116 105.384922368302 0 136.223785288331 0 84.3305740773477 25.6694106303186 76.8664255759805 77.0496377484128 90.2531103572852 114.299579884216 73.8709223598754 92.2646408219038 119.023865451255 91.2986213230084 144.652923583984 0 198.634302216036 100.952533237855 153.313344068817
104.604088879083 69.7716678277189 37.1684524062785 124.401531068969 149.907429519298 127.774806102527 87.9892256478167 124.953258117894 93.7210849240036 125.172116097031 90.2449588073818 148.556085109962 116.645049925953 114.789271855844 126.954204120815 18.4601349884457 36.5562313088323 101.130765241769 70.1363028450344 122.391559821248 36.6812974788606 56.8746742460939 0 69.9814148155792 100.334348155013 71.881126396452 43.2779053253993 53.2958375688315 105.30298231171 64.0280765124978 122.532853856581 167.819139427232 90.9137822081105 48.8703755927998 136.325846193098 67.5165981330996 52.015984735663 58.634587839418 65.6187466358246 77.8280990528941 79.2692460299921 108.15923105714 128.261501080749 103.582623468773 119.670648306094 125.650152335765 138.744309204981 0 0 157.570250516112 87.6522067746991 109.225919157194 152.197189331055 0 181.812225364713 157.828443235104 191.760032759387 109.238132375838 233.901445655113 154.15387198698 156.853424072266 130.169175077002 174.582428546473 143.347773751365 99.3909471808592 134.123824691334 175.434632160067 155.982473697084 0 122.532823063009 79.4437971124356 108.722935721699 125.919856467113 134.565885425788 140.102233784899 108.516138098652 137.594642522339 166.116477347481 136.522876943617 191.158584594727 0 143.055393510682 124.825626775406 154.63409444833
78.4585924716804 82.4977552824335 106.490577812012 26.0178909744443 76.6453807694579 72.1240497334179 53.3902326457584 82.9795942238911 26.946508075142 57.9249495939636 143.559475782819 34.7747221015483 126.965783518955 87.4331785771026 47.0022667429807 36.841474872968 125.557312389736 158.653264237122 142.44192335351 26.6263928288807 39.0882160942344 34.7732805626206 69.9814148155792 0 117.13769187963 134.792927422131 79.2333935921925 24.7935145887467 85.8419828976931 67.9601236540747 0 131.612122605827 71.4911361689729 75.7162603597701 150.225176979562 71.216621205592 81.426393449226 86.5653809946613 87.8534166599796 48.2096288053819 92.2280907824181 149.342846049968 112.542118252806 126.125621236437 130.128985240615 131.405510861838 108.252204900318 149.153356501462 188.664096288498 122.389777313899 130.328364123462 136.206029154988 101.774080704605 136.243829123161 130.26418252912 117.43618363353 135.414220740016 63.1692673902292 124.195213429618 171.520767416713 73.0860749987654 0 143.136205288362 108.535191862822 112.223931629856 165.196058750815 206.396481014914 176.844483986884 123.270690589544 116.575156355029 81.7005049741933 123.54641742452 95.2577976760633 200.540941167334 173.548902144202 140.725147589946 110.978978474022 140.094227423219 116.576986289114 0 178.089181925748 123.860604797465 121.345623101258 189.318741438285
148.22662381302 26.3543119352401 82.4181087545677 0 0 82.6923621853283 147.522243408116 91.175725692862 99.6576545249923 142.230321905906 34.215150525891 141.865597323523 18.2413290264776 98.1037856864549 151.836083363243 104.471047613964 73.4917158459405 48.2179302690537 51.3506621511209 160.459935197576 126.417289854766 64.4654273100084 100.334348155013 117.13769187963 0 45.6033720385393 33.5290811025723 129.420135810039 95.2968113599835 130.306294974776 48.1043677133525 71.682503211032 144.201354980469 50.6475341066264 123.213239970697 89.1669834287938 21.2528653573323 49.1759994025838 60.8091588860285 97.0878458733132 34.5107377362558 18.5495097856702 105.645730618937 63.8925325911681 71.149989951242 39.9917652703195 51.5363596718846 37.4002536214823 29.9209974510816 0 28.6465275320634 119.07198067371 0 0 229.502807617188 169.14383603493 80.3477319125239 147.31315198946 216.68473815918 55.6522598760446 0 46.7575990927536 71.839322540829 0 142.401321411133 89.2449236155611 65.6194413554767 75.9852771994451 0 126.333748457666 92.3536959968955 130.44302686524 176.346115112305 25.3341175143385 68.7282956018425 67.6696137066695 191.639368818571 89.2424233037719 178.999099731445 70.3858696347969 0 0 84.1391100827351 163.765924958838
144.544322539728 49.3525663972767 38.0617610735656 177.019081257365 113.41923964509 128.082664308624 139.500685712451 129.197991266026 129.049495324929 173.577223614563 33.6136279014296 164.408730734754 25.652759095703 125.63690205644 162.95384646204 113.275894192571 37.3937510973341 32.5372740879605 28.7310596524169 174.891887371577 98.0556670553161 89.0376530825229 71.881126396452 134.792927422131 45.6033720385393 0 37.922062723161 119.614606516805 121.023970761523 115.902871608735 14.1961953364376 105.453253858681 147.857274596392 63.0156957973188 141.7279415862 85.4906073269695 52.0339779143013 62.0478730851461 70.0238618998644 98.620914889571 118.215809131106 71.8588510797036 133.534342702431 100.670039587908 110.511923098867 121.664475635255 171.730330541951 127.845489501953 103.302667447444 189.345792768751 59.3949991744568 106.133661164587 0 0 0 195.456839411703 206.207225679704 176.668770752904 0 105.586257646173 0 88.3706193213913 203.684579935842 0 159.057135129856 108.425085205271 102.503692601601 108.203982540425 0 159.998604081 103.438957355482 141.208512112129 176.811518309838 65.8436943760611 98.3387589794192 96.4002867225 177.069143554043 180.254942424005 156.757629747652 111.65250568207 0 204.262725830078 120.84240657588 150.5873443164
139.62521248793 31.8983648295896 40.7816008483088 164.816660035864 134.190017077524 147.028599611832 118.579307474855 146.464315918554 88.5626604468502 168.738933711808 59.6970954631344 161.487428683537 27.4036525784349 142.487166585546 129.334910389492 32.8502089787516 68.7630129157399 69.0561634656014 67.8692700478041 196.928534098221 83.4185556968503 34.5631327070952 43.2779053253993 79.2333935921925 33.5290811025723 37.922062723161 0 81.6135045122864 131.054476741363 113.411943900743 27.8096022383918 124.203171094164 124.703410826914 71.1481940035762 145.963773772507 81.7874841366474 58.6091374970421 68.2908347738497 73.2106453134828 88.143196037692 102.730567286808 74.9777839942816 122.527483454788 94.0666283709153 104.197131816231 113.938834527224 140.0997243776 119.224180461467 93.6743925146958 161.028683562175 59.8449707112358 95.3911032098881 139.929397583008 0 183.43347214739 159.560496766805 182.18452467762 122.624781516865 194.523352034254 110.506588219019 168.426027886545 96.817026279571 168.57522981802 141.092488456839 96.0653531169146 108.071997544553 107.15869325356 109.947286004396 212.285522460938 125.376297812794 69.8499915932781 104.293770375963 136.672031284021 67.4490123107522 99.2083577662362 93.1018169936987 145.778412739622 188.38525394504 149.991273473216 111.886540645332 231.855110791638 150.955623954901 111.179415069342 160.954100156895
83.235888995929 99.704691997996 92.938104079613 20.422999112714 115.702911162053 72.8839374591679 40.1864301125979 91.3771304169917 56.7241475191228 26.2320023923826 143.069838264544 49.8509173920797 132.016437221888 91.6364549091275 84.2140667847916 38.757038708301 106.400526312384 151.534663299037 118.518050721363 31.5437084508927 28.402032519785 58.8198886377002 53.2958375688315 24.7935145887467 129.420135810039 119.614606516805 81.6135045122864 0 90.450792719446 48.9614651011933 173.795344844831 137.277377840322 74.5111264690755 65.4206583309853 140.559058975422 74.8488267725975 82.0960531205086 80.9225661192482 81.5588739334185 81.7529792667083 92.3816888364944 142.118786026294 126.151434679327 147.722800133969 141.863352857459 138.90399391399 130.211681320807 168.26187320318 164.886104578144 138.191075070389 157.697344860192 146.343590511579 153.291567105477 165.319614866744 152.791709717176 136.411916173912 154.725604358077 86.3262165835359 151.099491895617 212.27424871195 128.407320485518 0 159.08802508934 137.740125989501 115.252352509794 164.082541266923 196.94580550124 181.465455274192 152.304708744846 124.581688361619 92.5418824213663 131.591144712608 112.049073537138 116.147071838379 174.731614652792 150.551102051296 125.874040871151 150.472794489449 124.448788350556 0 195.182373046875 135.524255617612 132.067727229854 167.125986769899
20.0543053231982 128.337304819317 126.947263958752 96.7512316865702 30.63569464443 43.6326842602344 64.6953691732367 44.6514638187306 81.4757719119619 95.7200532268008 76.4625227315944 96.0794464761006 84.0179879766958 30.802742783397 75.2117423683314 98.6989594587637 114.494710995743 104.979348432937 104.314796757874 101.284563821974 89.5756873217612 84.5129124151604 105.30298231171 85.8419828976931 95.2968113599835 121.023970761523 131.054476741363 90.450792719446 0 42.7709041101963 127.018459709915 24.8255765046652 22.9959965219981 42.2348754917211 115.297473861635 65.5335386783355 84.8201143987596 54.7793251993147 75.2417092451491 45.7898301164039 36.107305304321 68.8789904045517 151.50697565265 131.064818208854 158.237483210244 129.87365814758 157.907163240486 136.835636535672 101.802716405855 167.360365236521 128.930336895176 174.949012544071 146.974990844727 192.826431274414 185.292696652464 155.276510461752 178.361918891862 106.086504367775 187.182179173251 179.675785661258 156.127075540484 141.860033893202 176.263667045694 153.866653442383 149.643832031398 207.557230377019 178.719024658203 207.521721880446 0 158.779861043532 128.45286068466 171.813603150343 139.363273006613 117.299174480117 174.001194427949 188.395686014115 150.28049444572 181.696044723017 151.395055359969 0 0 169.569263122104 164.761947371946 147.858785230746
43.6034745090982 106.434575088105 90.5198491438138 86.0203783487238 119.651664430983 95.8705709006977 27.2575188117625 77.5379937422801 61.8635298261185 88.2856219271562 122.915478252247 113.380807056643 127.749833176508 67.4954033666389 96.680342716291 82.2616250595188 81.6921771380657 132.604069926397 101.213894329174 98.1934778704656 27.657099283578 68.7924038104269 64.0280765124978 67.9601236540747 130.306294974776 115.902871608735 113.411943900743 48.9614651011933 42.7709041101963 0 194.785952997861 127.331294055897 54.0374336352985 43.9755157440153 136.889578917679 70.186462566384 78.9040561648934 70.075981164619 75.3604486770665 85.9972827078936 77.9685048696559 117.38406489322 143.033306646909 139.597738756259 149.777259590883 151.563055271083 159.068737114089 160.074743117864 176.07096862793 146.294801103514 135.811787523901 152.388789623317 177.452255249023 172.464077883924 167.370589157966 138.051526134352 154.396827482059 88.8231433296446 155.089883408652 183.673639557064 125.678807593672 0 154.442216865631 122.377603636615 129.395485331245 184.278037299905 0 209.609212525788 175.241202715229 130.33313258024 101.112940742419 144.923387656928 118.333650409194 143.995294735977 174.481979499951 154.825019800574 128.492653602889 153.524060359637 131.345480347799 0 0 130.516816990305 135.488817954203 165.313351692698
139.28871832694 80.5733274191737 91.5660133284111 0 114.538154602051 0 156.960402577752 122.318965353112 131.83681725244 161.982360839844 31.0717304886626 171.669952392578 14.5423723708653 116.78245291896 0 0 86.3085837254991 53.1383973499864 67.7538210214268 0 142.993720538544 133.805829833457 122.532853856581 0 48.1043677133525 14.1961953364376 27.8096022383918 173.795344844831 127.018459709915 194.785952997861 0 0 0 73.2476080981797 148.570218745165 106.878527597616 57.3540793507343 70.7571432579594 78.5988760299365 108.931336069558 0 69.2467786859566 148.960124266027 114.086518539639 121.190096161727 0 0 0 105.055439769558 0 88.5315165074391 158.929794311523 0 0 0 0 0 0 0 104.463352901799 0 89.8859887551511 177.661575317383 0 0 116.407485961914 104.370477669371 107.840574995619 0 0 0 229.393310546875 0 71.3311472644763 108.744876996476 108.137568233801 0 0 0 111.097589971554 0 0 0 0
97.6259722028327 0 168.556259155273 138.984930365825 12.8099751241006 17.4571163690765 121.138175547727 30.7261863226701 129.266048909798 124.618796022067 68.2656525681184 107.996189576288 62.7647083054627 27.2336939533359 43.2391840515666 166.72419962741 127.870090003328 99.4749745751837 96.1505779053927 125.45604738885 156.679749643386 132.767211914062 167.819139427232 131.612122605827 71.682503211032 105.453253858681 124.203171094164 137.277377840322 24.8255765046652 127.331294055897 0 0 72.0531036517835 20.6669219743134 116.390072994095 75.0612417500262 70.5131725459639 47.7374655292888 53.5625974025234 37.3103276234304 18.895516116991 60.6478121789687 164.314749043404 0 90.2442229373453 102.879226894566 140.39631652832 0 80.123151411824 0 0 0 0 0 0 202.159653711993 0 225.714309692383 237.221633911133 0 0 0 147.931442260742 0 189.700378417969 0 0 0 0 0 0 0 185.286337382825 0 162.513793945312 0 216.990378698232 208.070649620456 0 0 0 0 0 129.284622192383
