0 20.0510196387768 212.935405701399 58.5233724415302 12.2360825538635 800.546530783176 6053.85773986578 6128.47438427806 240.353796064854 902.555058032274 54.1340340077877 162.959443837404 77.8856629729271 10798.9548356831 15.5912674963474 19.0813766717911 207.634074121714 3.89658677577972 36.3672618865967 70.284260392189 274.000185087323 27.0494855344296 587.715319901705 370.066164523363 2.09344068169594 66.1535142064095 123.691534787416 463.348548203707 15461.1222164035 3936.14538234472 0.541747331619263 47.8562621176243 142.796870797873 538.027933657169 19.5647184252739 539.33108407259 22.4055233895779 396.047947496176 130.942891657352 191.012062847614 118.557911366224 3.20217740535736 13.3267117142677 1.10761761665344 7.29807609319687 0.547759830951691 0.743859589099884 0.790856182575226 0 6.30490332841873 0.771434426307678 3.2063624560833 6.41888648271561 0 2.7560456097126 54.2870436012745 7.60168561339378 29.0948588550091 10.3926196098328 0 0 0 17.6034963130951 0 6.74282848834991 1.73788321018219 0 1.19506943225861 6.62312877178192 9.20965480804443 1.83531004190445 7.34406846761703 69.4603169858456 0 6.97828531265259 13.7241766452789 68.9388420283794 5.2393613755703 14.5145139694214 0 0 1.94248420000076 12.8800215423107 5.79076033830643
20.0510196387768 0 1148.72114422917 8.05291897058487 2.08746489882469 16.6996675431728 83.2621729373932 26.0933534502983 1037.0166528523 9.60636767745018 393.60508069396 16.6975631713867 761.123818665743 35.1108301579952 38.5219752192497 239.923863172531 1452.69819611311 68.0586482286453 561.462445050478 0 100.990415364504 2694.76179814339 407.841165184975 1104.46079277992 3272.88400071859 2445.14251309633 9082.90631684661 178.208304286003 39.1766248643398 127.505322396755 50.0127394795418 0.810239255428314 8.23097991943359 669.702723056078 22.4079297184944 796.708200961351 502.825943171978 1084.48554164171 380.794323861599 52.4512032270432 10.46815097332 174.26048335433 35.788862913847 26.343784481287 54.2897120118141 14.4891196489334 0 0 0.591951191425323 0.938100039958954 142.514205038548 98.5230186283588 0 0 0 18.1845951974392 1.56817224621773 4.33945897221565 0.865995824337006 26.7346742749214 0 52.505078971386 6.35130670666695 0.452097475528717 5.58226588368416 68.7549566626549 19.6237736940384 62.7534031271935 0 6.68658173084259 16.6308309435844 44.8375221788883 1.04494366049767 57.339339017868 260.936183035374 491.331925004721 4.05960649251938 2.50813591480255 9.71660163998604 5.48432248830795 0 0 39.0646650195122 4.83706557750702
212.935405701399 1148.72114422917 0 21.3905458450317 1.25207197666168 181.465811252594 2178.99873766303 274.106808066368 148.792427808046 145.848885774612 86.2275296449661 7.47967004776001 36.2913800776005 365.283176809549 3.73349139094353 211.074576973915 4745.2492967248 39.987910091877 576.18944761157 6.76133298873901 2489.16962867975 741.881645321846 12685.7367780507 432.58075928688 60.2785789966583 9456.30922040343 13584.4582903981 1431.95973467827 230.613599568605 1803.16753643751 12.2818249762058 2.50083127617836 22.7020819485188 837.692500442266 24.8947761654854 1413.86795067787 800.979150354862 2068.77022364736 703.398900389671 72.8532218337059 17.4863831996918 6.36864709854126 154.096772521734 62.4177021980286 177.758826911449 60.3470992445946 4.0870623588562 1.49266839027405 0 2.6504248380661 193.507925748825 405.306516975164 1.87949657440186 0 0 58.547646433115 3.16091537475586 7.25704902410507 1.34111624956131 14.539847433567 0 18.4922108650208 14.3197997510433 0 40.513741672039 219.198302686214 8.41824960708618 64.9107593595982 0 47.0606444478035 85.9406693279743 287.170506477356 32.9282704293728 28.4101063609123 358.148753494024 1404.11858153343 43.1487402319908 4.86737763881683 32.0036700367928 3.99742078781128 0 0.452831774950027 88.7343320250511 5.33206084370613
58.5233724415302 8.05291897058487 21.3905458450317 0 0 390.299360632896 775.817773550749 126.145070821047 858.096654295921 10651.9395243526 2.8069184422493 2010.05826854706 4.60373306274414 121.605523467064 130.706175506115 14.5128896832466 0.992786675691605 0.850097596645355 1.05453109741211 38679.4970020056 12.1262301504612 27.3125998973846 21.7023359537125 3351.99548071623 2.09709858894348 2.04678907990456 23.9647759795189 12991.2861905396 200.573304444551 53.2856768369675 0 0.486830621957779 24.9366779625416 63.6735425293446 9.93260356783867 244.529868453741 1.65812376141548 86.4302469193935 43.9482450783253 101.919679999352 27.9029089212418 2.61505138874054 60.1561244428158 1.4535881280899 3.00373530387878 0 39.1354816555977 2.9793872833252 0 0 1.61420738697052 0.546873152256012 312.227495580912 0 28.6966585814953 161.807133108377 34.5775005221367 145.181410431862 127.833101004362 0 27.6550154387951 0 33.9884306490421 3.47832360863686 4.29512199759483 0.797496497631073 0 0 52.7295680642128 2.76005402207375 2.23078805208206 2.66036641597748 201.747091323137 0 0.936826050281525 2.83482730388641 138.822724401951 6.70567801594734 3.45503637194633 0 0 1.13953053951263 4.92624402046204 2.55619394779205
12.2360825538635 2.08746489882469 1.25207197666168 0 0 1431.2105410099 17.1066573858261 1135.67429435253 61.1063741445541 17.605428904295 12.5909419059753 84.666406929493 26.2259674072266 149.746658265591 3641.52473419905 0 1.50632321834564 1.26649761199951 1.93825268745422 3.13531851768494 0 6.43927091360092 1.74160489439964 26.1294160783291 0.898902475833893 1.50645631551743 0 8.11098390817642 548.390849500895 3.93439412117004 0 2438.36119908094 0 2463.64371031523 1.12182581424713 16.4231570065022 1.88578999042511 53.4345953464508 15.6525492072105 7226.69938164949 5127.70945197344 1.31645715236664 0.862592399120331 0 0 0 0 0 0 0 0 0 0 0 0 2.73590990900993 0 0 0 0 0 0 0 0 0 0 0 0 0 0 0 0 0 0 0 0 0.827121317386627 1.74214386940002 0 0 0 0 0 1.3184974193573
800.546530783176 16.6996675431728 181.465811252594 390.299360632896 1431.2105410099 0 4978.62980619073 37953.3525302708 296.362830907106 18877.6064597666 88.4594528079033 7020.44695293903 252.570262759924 4159.49574017525 748.010426938534 16.849146604538 108.03533038497 5.5550961792469 22.9459153115749 660.880817651749 130.214177638292 24.0093516409397 302.303046524525 530.526403337717 6.60481983423233 56.4247480928898 88.769700974226 1234.46466997266 1229.89837479591 575.906532406807 0 3252.03444841504 45.2568243145943 1422.82408642769 210.517093092203 425.701083421707 18.2137221097946 428.589267969131 151.564949035645 1705.12163516879 1702.07666546106 15.0628281235695 27.4781399965286 0 3.72671249508858 0 13.9265839755535 2.59506964683533 0 6.22535544633865 0.690245687961578 0.727147221565247 30.1501868963242 0 16.1590315103531 103.653161644936 15.3678142428398 53.8112933933735 42.3074447512627 0.499677419662476 11.3330408036709 0 24.4817038476467 0.493874758481979 1.38908845186234 0.478642463684082 0 0.807262778282166 16.670549094677 5.40280491113663 6.10206258296967 8.30868121981621 135.137851417065 0 2.56733533740044 6.63191628456116 94.9507761597633 13.6565300822258 14.0316362977028 0 0 4.79571151733398 7.60615941882133 0.356933176517487
6053.85773986578 83.2621729373932 2178.99873766303 775.817773550749 17.1066573858261 4978.62980619073 0 3957.37053596973 2254.52795678377 15894.0389479399 49.7695721685886 503.522479593754 69.6698418855667 6607.40264493227 157.647664427757 345.880076676607 466.615731179714 3.3281247317791 61.7120063602924 546.386470884085 1789.12092995644 292.86046937108 3718.80133771896 5777.89206236601 7.74563181400299 344.972506552935 1446.82081949711 18783.5404202342 5917.01877108216 18945.6511352658 2.87824216485023 32.3937049508095 643.233677715063 1195.61105358601 90.4933098852634 3246.72511282563 134.896707624197 1449.05620908737 747.403722584248 432.164335012436 213.078718751669 5.74576663970947 167.824446946383 4.30105766654015 58.0936441123486 15.1074313223362 46.8205996900797 8.0564032793045 0 55.4104675650597 9.32909625768661 27.5877134501934 117.61563128233 0 40.1388489603996 549.570685476065 91.4712060987949 335.091518521309 176.693109422922 2.57462385296822 28.9329637289047 1.51684421300888 198.142006844282 6.11862993240356 29.3340924680233 14.1517328023911 0.866811752319336 1.70272862911224 48.8031009435654 50.4896508157253 52.4469011723995 69.4974432885647 787.666260272264 2.05895593762398 9.39369341731071 81.6151411831379 631.020971268415 93.5718453526497 142.082316339016 0 0 15.0271084606647 63.8096184432507 32.4340811371803
6128.47438427806 26.0933534502983 274.106808066368 126.145070821047 1135.67429435253 37953.3525302708 3957.37053596973 0 435.412535697222 4420.5163372457 260.868022859097 1427.44412729144 415.118279278278 25470.6879605651 82.2064022421837 11.0420334935188 197.597244590521 7.75278997421265 64.161976903677 288.129264742136 265.83491975069 28.2837295532227 606.699592530727 648.364113271236 6.65114223957062 122.798930495977 151.452509760857 615.418889671564 4030.80183288455 1721.71291199327 4.31675142049789 2027.6137201488 74.7182660698891 2188.24255597591 26.195280611515 727.481803417206 40.6584314405918 768.213341444731 265.75962382555 762.225599944592 1759.40410980582 34.9664360284805 28.8942723870277 2.67978453636169 8.44274717569351 1.48281198740005 10.2404000759125 1.30720293521881 0.736078202724457 8.21143460273743 2.94485154747963 5.82847142219543 16.0760969519615 0 6.77535897493362 123.35628503561 14.0401854217052 63.5614994764328 34.8085614740849 1.40476262569427 3.36956468224525 0.57821786403656 37.4019348025322 0 4.4204688668251 0.902134656906128 0 0 10.4990965127945 8.19697442650795 4.9165230691433 5.85544395446777 162.461040049791 0.850785255432129 5.11221647262573 21.799182921648 139.288369268179 13.859981328249 19.2417038977146 0 0 2.08602854609489 13.017493724823 9.55586242675781
240.353796064854 1037.0166528523 148.792427808046 858.096654295921 61.1063741445541 296.362830907106 2254.52795678377 435.412535697222 0 980.354627609253 60.2770479023457 2232.78557038307 110.946309149265 517.772941946983 1826.30572590232 158.199296206236 133.309254825115 10.8441596031189 53.4789781570435 538.073659032583 311.305613785982 4017.31593987346 302.055743068457 17225.6085598469 349.063609451056 238.265593782067 887.472691506147 2860.36137354374 780.601855427027 1369.83816304803 5.87526518106461 5.93591946363449 175.401998460293 336.138008594513 23.8455980420113 894.133709490299 96.0804825425148 391.35463231802 181.43539711833 1465.31455084682 37.0499280691147 25.0721961706877 122.253560960293 8.29988732933998 39.9724667966366 15.7837895452976 35.4593095481396 1.91989332437515 0.671245694160461 27.7562809288502 4.50068014860153 15.4078492820263 123.493874967098 1.31525719165802 26.1094337999821 346.956714093685 55.4170422255993 332.145210802555 124.67786771059 4.52392780780792 34.5008130073547 4.59160763025284 107.818018823862 2.92989021539688 97.5769926607609 5.40113526582718 0.390313029289246 2.79065516591072 62.6153557598591 143.497482568026 135.322698205709 99.8740074336529 593.746344357729 1.57413506507874 15.886364877224 41.2866304516792 400.563568681479 69.4339426755905 167.509947180748 0.398330301046371 1.72636616230011 9.36664667725563 44.5842441022396 7.79856234788895
902.555058032274 9.60636767745018 145.848885774612 10651.9395243526 17.605428904295 18877.6064597666 15894.0389479399 4420.5163372457 980.354627609253 0 43.6312843561172 15397.7258627713 74.0689537525177 3490.33335310221 158.852577984333 23.9818086922169 62.008559435606 1.24461126327515 16.5381792783737 22447.4824812412 101.577583998442 42.6645790040493 242.241265952587 1499.16718196869 2.73624733090401 40.2289199233055 109.417525142431 7898.58489355445 1751.53547619283 432.574427261949 0 38.9154976010323 102.390789598227 531.678001493216 72.193600922823 1233.13066467643 11.1516896784306 545.958395034075 262.186929523945 563.099158883095 183.14727589488 7.65710043907166 98.5182234048843 2.00745379924774 15.4292570650578 2.66644510626793 40.3401108682156 0 0 8.66959363222122 1.21619156002998 2.05060043931007 125.096795022488 0.705687820911407 44.4678261578083 254.917141705751 57.7526366114616 219.937804251909 172.689515918493 0 52.6896435022354 0.397949486970901 81.4164545238018 2.32299256324768 8.66156131029129 0 0 0 75.4210350811481 8.05051523447037 5.68382033705711 10.5045199692249 354.697021484375 0 2.65010440349579 7.54785659909248 218.408456772566 23.2425171136856 19.534695982933 0 0 1.17677813768387 14.6904622018337 9.49206221103668
54.1340340077877 393.60508069396 86.2275296449661 2.8069184422493 12.5909419059753 88.4594528079033 49.7695721685886 260.868022859097 60.2770479023457 43.6312843561172 0 23.0431180894375 20945.3308418691 366.496468305588 2.58249035477638 6.34301188588142 611.701097428799 7254.36708337069 5692.52526572347 1.99665540456772 31.8130069673061 121.945517301559 82.6214601695538 40.9893600344658 3982.61975631118 9540.17787617445 3391.77557918429 24.685811817646 469.507657498121 57.1812953054905 1885.6817997992 54.8468123078346 5.71360373497009 11119.3838496804 6.77449598908424 418.130182266235 6372.76105904579 10135.0778106749 608.009331643581 82.7813650965691 17.4418410658836 4196.17847967148 5.27514439821243 49.3185671567917 28.1364625096321 8.15622270107269 0 0 11.1442202031612 0.48210221529007 25.9072631597519 9.43909615278244 0 0 0 0.875713765621185 0 4.58190357685089 0 311.300719797611 0.707133710384369 324.019737094641 0.82200825214386 0 0 9.38083004951477 70.8974975943565 40.5759933292866 0 0.688280880451202 3.0020090341568 4.3945569396019 0 115.366202354431 235.972367703915 136.372483253479 0.470818936824799 0.446143507957458 0.511536240577698 44.6208864450455 0 0 16.6804443001747 1.60717701911926
162.959443837404 16.6975631713867 7.47967004776001 2010.05826854706 84.666406929493 7020.44695293903 503.522479593754 1427.44412729144 2232.78557038307 15397.7258627713 23.0431180894375 0 41.8380768299103 763.858660161495 3338.60481739044 1.02588433027267 7.56097120046616 0.90837174654007 0.874624371528625 26643.6743801832 2.98477441072464 49.1843436062336 12.7428957521915 1899.22133719921 4.46537977457047 5.58856377005577 23.6792670786381 538.145052105188 320.421500116587 34.1255685389042 0 30.4657426774502 11.0939102768898 182.944413453341 70.3422602415085 237.938708692789 3.7636401951313 185.737314105034 61.9413220584393 2892.38101375103 75.9503269195557 4.95503178238869 29.4479234814644 0 1.83060038089752 0 13.7986306548119 4.25483506917953 0 0.946831345558167 0 0 39.7994104921818 0 9.99706381559372 38.9607074260712 10.5208637714386 58.3086756467819 47.0914863944054 0 199.575513362885 0 8.67409840226173 7.10705041885376 0.380773037672043 0 0 0 37.9468129873276 2.71640780568123 1.36988186836243 0.99769389629364 50.4909580051899 0 0 2.43040871620178 35.0294218659401 6.27279359102249 3.47927674651146 0 0 0.551765561103821 0 2.77184396982193
77.8856629729271 761.123818665743 36.2913800776005 4.60373306274414 26.2259674072266 252.570262759924 69.6698418855667 415.118279278278 110.946309149265 74.0689537525177 20945.3308418691 41.8380768299103 0 486.232528686523 3.98070448637009 9.47802752256393 73.634212821722 473.559369027615 375.183346301317 11.1518020927906 12.7764314115047 249.035829156637 27.8919098675251 385.590393871069 9871.28676643968 4310.71461546421 6668.52436047792 40.4146367311478 506.920673429966 33.5253219306469 4152.73989346623 95.4303218722343 9.28319078683853 3581.14522886276 65.8391497433186 972.599846303463 4439.13870343566 5080.85453280807 1523.89629086852 219.820315778255 1410.70534154773 8737.1900216639 11.7640450596809 82.0333615541458 45.20535120368 10.8472102880478 0.866242945194244 0 22.7642164826393 0 11.2725049257278 5.23100799322128 0.463188499212265 0 0.699408650398254 2.61711317300797 1.58554875850677 2.26274991035461 1.11481595039368 392.555515229702 0 419.346247106791 1.48061841726303 0 0 4.09289568662643 56.5023484826088 41.8891627788544 0 1.72320580482483 14.5342702865601 5.18123638629913 2.03517359495163 178.323920637369 214.159258723259 111.511743873358 2.2475198507309 7.39043587446213 0 53.6731390953064 0 0 28.6484498381615 24.8765629529953
10798.9548356831 35.1108301579952 365.283176809549 121.605523467064 149.746658265591 4159.49574017525 6607.40264493227 25470.6879605651 517.772941946983 3490.33335310221 366.496468305588 763.858660161495 486.232528686523 0 37.0108475089073 20.8907419741154 265.671535491943 20.2522699534893 89.0890431404114 225.006582885981 373.566708922386 52.6314274966717 777.222338318825 786.49542760849 16.0754365175962 138.965549200773 233.452150046825 803.984172642231 14571.4657493532 2754.75233867764 2.11949902772903 1338.19832545519 236.52499255538 2609.28135359287 41.0088576674461 1284.8277797699 59.8347779810429 1408.81246584654 371.815768122673 752.693634480238 670.150044292212 41.1544854044914 34.0661274492741 0 14.803996026516 1.80183523893356 12.6117791235447 2.73903656005859 0.612164914608002 17.3783506453037 4.699871301651 4.04164952039719 20.3133764564991 0 10.7366676926613 137.338358789682 27.588370770216 75.598659068346 25.7529962956905 1.42720925807953 12.9317687451839 1.8600190281868 44.5128925740719 1.22076165676117 5.57103437185287 1.55879312753677 0.539877235889435 0 8.48883414268494 12.5415781140327 16.528926461935 18.4629290997982 183.477106183767 1.80374002456665 5.25110739469528 17.9480872750282 154.130806982517 26.4412986636162 33.0905054211617 1.71155655384064 0 6.38280543684959 13.1825084090233 9.26193594932556
15.5912674963474 38.5219752192497 3.73349139094353 130.706175506115 3641.52473419905 748.010426938534 157.647664427757 82.2064022421837 1826.30572590232 158.852577984333 2.58249035477638 3338.60481739044 3.98070448637009 37.0108475089073 0 4.92802968621254 5.84101527929306 0.739125549793243 1.90430590510368 118.322675973177 1.77093786001205 102.369268119335 2.85064563155174 1006.54031682014 9.01092979311943 6.48114657402039 29.2669577300549 171.275775521994 17.1642758250237 20.7516815960407 0.572391331195831 27.291620194912 1.17428779602051 14.4733572602272 0 45.6619977355003 6.81871753931046 25.9674470126629 9.97108787298203 15564.4656973481 145.024554371834 1.46140432357788 11.7095811367035 0 1.44494360685349 0.670495390892029 3.99432992935181 0 0 0 0 0 10.5354456305504 0 4.10913249850273 15.1233458518982 2.21631628274918 25.4789680838585 17.7527103424072 0.347161263227463 2.6479160785675 0 4.03709161281586 0 0.37498939037323 0.371350437402725 0 0 9.7285795211792 1.4111436009407 1.68219897150993 0 30.4401521980762 0 0.444498211145401 1.53449320793152 20.4943391680717 1.35023558139801 1.42186629772186 0 0 0.890843510627747 1.14859807491302 0
19.0813766717911 239.923863172531 211.074576973915 14.5128896832466 0 16.849146604538 345.880076676607 11.0420334935188 158.199296206236 23.9818086922169 6.34301188588142 1.02588433027267 9.47802752256393 20.8907419741154 4.92802968621254 0 133.361121743917 2.46723619103432 21.1918993890285 1.16064912080765 5213.57749959826 2893.78973567486 14307.2389319539 5050.15538293123 31.3718855381012 128.538266927004 8547.35313358903 4407.98769447207 37.1005273163319 352.789810359478 2.18392840027809 0 7.10015580058098 277.126410633326 14.3963229060173 606.841873139143 334.180113345385 347.235226452351 170.404421359301 25.3002786338329 8.46322798728943 1.59288260340691 114.622616052628 24.7496345043182 159.117338836193 68.7118873894215 11.834126830101 1.03484487533569 0 1.44193035364151 13.8708188533783 71.7049678862095 0.456909626722336 0 0 40.7402535974979 4.11727395653725 10.0756163597107 5.48205974698067 1.56794440746307 0 2.58067047595978 4.82073920965195 0 246.748509734869 20.4668446183205 0 3.81067377328873 1.25132536888123 100.774290263653 229.839949816465 717.658756196499 69.9608510732651 0 19.1485244333744 476.579710274935 74.4022553563118 7.4229693710804 50.3031262755394 0 0 0 63.1346584558487 6.76499593257904
207.634074121714 1452.69819611311 4745.2492967248 0.992786675691605 1.50632321834564 108.03533038497 466.615731179714 197.597244590521 133.309254825115 62.008559435606 611.701097428799 7.56097120046616 73.634212821722 265.671535491943 5.84101527929306 133.361121743917 0 226.861798703671 8093.80153188109 4.66260692477226 1423.12379348278 464.026773869991 7028.31631183624 280.054299175739 137.310940980911 6187.83832266927 5403.50689464808 292.213420033455 454.275204271078 1637.94284048676 11.5175886750221 3.22890782356262 45.4067469835281 2057.45025363564 10.1700440645218 613.631549060345 511.605734586716 1802.34035217762 427.871565699577 30.0448721349239 17.6027256846428 14.5576646327972 67.3233716487885 35.9673931002617 89.7576789855957 36.2726902365685 5.70219874382019 1.94163620471954 0 3.21188640594482 137.40733653307 110.084181040525 0 0 0.6424281001091 18.8988333940506 1.57078284025192 4.32868823409081 0.926782101392746 29.1972477436066 0 48.6534026861191 5.00514164566994 0 4.3126003742218 128.034243732691 12.0485335588455 100.606765836477 0 14.2565343081951 28.9838382303715 114.877376943827 21.2440213263035 40.2760966718197 431.493139266968 804.329773545265 18.4010080397129 5.15841123461723 20.4451157748699 12.5637720823288 0 0 45.637419372797 7.16716232895851
3.89658677577972 68.0586482286453 39.987910091877 0.850097596645355 1.26649761199951 5.5550961792469 3.3281247317791 7.75278997421265 10.8441596031189 1.24461126327515 7254.36708337069 0.90837174654007 473.559369027615 20.2522699534893 0.739125549793243 2.46723619103432 226.861798703671 0 7273.64428621531 0.852400541305542 7.6204688847065 19.3089707493782 27.5883763432503 8.04497316479683 433.271903783083 4877.51162824035 748.659356385469 4.15317910909653 22.2894086837769 14.1457239985466 135.532168388367 2.41097313165665 0 480.299789726734 2.0205283164978 110.396411418915 519.336450248957 947.668345987797 112.419951170683 2.34322905540466 5.56349146366119 51.9417436718941 1.44373559951782 15.9505126476288 16.1686108112335 1.26534950733185 1.25820779800415 0 6.94157075881958 0 6.39854857325554 0.715699851512909 0 0 0 0.681561410427094 1.284623503685 0.731976926326752 0 160.53511300683 0 177.927574843168 0 0 0 2.80207741260529 28.8692036867142 21.3930928707123 0 0.887571334838867 0.624796032905579 1.27383428812027 1.3423730134964 70.9590398967266 108.556981176138 65.6662430167198 0 0 0 17.2146154642105 1.42375218868256 0 5.32833164930344 0.392083317041397
36.3672618865967 561.462445050478 576.18944761157 1.05453109741211 1.93825268745422 22.9459153115749 61.7120063602924 64.161976903677 53.4789781570435 16.5381792783737 5692.52526572347 0.874624371528625 375.183346301317 89.0890431404114 1.90430590510368 21.1918993890285 8093.80153188109 7273.64428621531 0 0 102.006675839424 123.712054848671 435.919553846121 69.9488963335752 718.264880567789 12231.4565012157 3468.53160500526 56.833752155304 131.037090033293 200.204623520374 94.039373934269 4.99936360120773 7.80327367782593 2167.07658419013 11.8799105584621 609.603431969881 933.048559904099 2375.20680209994 503.083558827639 13.4203517436981 9.07679641246796 45.7065405845642 24.4929975867271 43.766426473856 75.3430252075195 11.1805912852287 1.28783321380615 1.12987267971039 6.05158331990242 0 51.6567851006985 32.5984694957733 0 0 0 4.43030500411987 0.470283359289169 0 0 192.613883197308 0.581796944141388 331.385566323996 0.615993320941925 0.294735997915268 2.83486557006836 31.4653886556625 134.148666024208 206.364113420248 0 1.54845851659775 5.3490863442421 11.7255508899689 1.09997484087944 190.987946093082 712.025333404541 466.210067272186 1.9858415722847 1.47018057107925 3.26793259382248 73.3366277813911 0 0 40.7557857036591 2.28253710269928
70.284260392189 0 6.76133298873901 38679.4970020056 3.13531851768494 660.880817651749 546.386470884085 288.129264742136 538.073659032583 22447.4824812412 1.99665540456772 26643.6743801832 11.1518020927906 225.006582885981 118.322675973177 1.16064912080765 4.66260692477226 0.852400541305542 0 0 3.41925346851349 10.7108999788761 9.11615025997162 1636.98709461093 1.7868030667305 1.47263252735138 9.14218181371689 2939.79600328207 168.865218162537 18.0425572693348 0 4.80790582299232 13.3684420585632 53.0400063693523 3.95060414075851 168.256760686636 3.48171144723892 54.281950622797 36.5818694829941 181.675461411476 19.4765747487545 0 28.8647146821022 0 2.80373007059097 0.886771500110626 20.9716358184814 0 0 0 0 0.824181914329529 117.749361932278 0 13.9526982009411 72.1192998290062 14.5977228879929 74.4444763660431 61.9718093574047 0.633422613143921 17.2478791475296 0 9.15631327033043 6.71628278493881 0.583305954933167 0 0 0 26.7494826614857 0 0 1.03415071964264 115.128666818142 0 0 0.420479595661163 65.1781750023365 5.41255009174347 2.80680555105209 0 0 1.74892622232437 1.97647541761398 0.514043271541595
274.000185087323 100.990415364504 2489.16962867975 12.1262301504612 0 130.214177638292 1789.12092995644 265.83491975069 311.305613785982 101.577583998442 31.8130069673061 2.98477441072464 12.7764314115047 373.566708922386 1.77093786001205 5213.57749959826 1423.12379348278 7.6204688847065 102.006675839424 3.41925346851349 0 964.661713391542 24894.7848301828 1589.90794557333 13.5691474676132 354.403673410416 2257.30698719621 8515.05604559183 501.640501588583 17652.4376337826 1.43087258934975 5.46657055616379 78.103661864996 2384.30143114924 50.143172711134 2055.38966718316 321.513006210327 1939.83762225509 598.115904450417 62.9692008793354 24.6571260094643 3.55103313922882 74.6850479841232 16.6260511875153 55.5452517271042 26.4737600684166 2.18103063106537 0.981552422046661 0 2.85219767689705 13.7480069994926 24.421267747879 1.41154849529266 0 0.856579065322876 39.2708007991314 4.06265008449554 9.46971815824509 6.27896663546562 2.04906749725342 0 0 13.0104820430279 0.918398678302765 132.317735403776 12.8236224353313 0.416986495256424 6.12756836414337 0 141.512849807739 133.029539227486 200.488475799561 95.7794218659401 1.15039843320847 22.7737730443478 145.401709705591 103.425346374512 13.0400255918503 84.8438948690891 0.398963928222656 0 0 41.2856412529945 16.1354696750641
27.0494855344296 2694.76179814339 741.881645321846 27.3125998973846 6.43927091360092 24.0093516409397 292.86046937108 28.2837295532227 4017.31593987346 42.6645790040493 121.945517301559 49.1843436062336 249.035829156637 52.6314274966717 102.369268119335 2893.78973567486 464.026773869991 19.3089707493782 123.712054848671 10.7108999788761 964.661713391542 0 2794.42188563943 6735.41625419259 720.598203837872 510.839127629995 6160.40054741502 997.357904076576 88.4473444521427 605.846761167049 14.2174256443977 0 24.8731974065304 427.564045697451 9.54124167561531 706.726048856974 581.073184788227 769.17176091671 236.00290375948 106.756345778704 5.25429099798203 52.854802697897 128.823189496994 27.2369943857193 93.1523635983467 70.0380386710167 8.79732823371887 1.42855763435364 0 1.07018887996674 45.3308715820312 118.111430197954 4.52748000621796 0 0.490322887897491 29.6056975722313 2.69143763184547 13.1351634860039 4.61303490400314 9.62149223685265 0 12.6250145733356 3.98914030194283 0 211.874979376793 42.9770507216454 4.80335247516632 13.6614495515823 0 103.432263076305 377.747409552336 449.6983525455 76.5449025034904 7.26089191436768 57.6736700534821 498.507517814636 73.2512902319431 7.53614771366119 37.8321879804134 1.23064172267914 0 1.56295838952065 53.1265542209148 6.76906269788742
587.715319901705 407.841165184975 12685.7367780507 21.7023359537125 1.74160489439964 302.303046524525 3718.80133771896 606.699592530727 302.055743068457 242.241265952587 82.6214601695538 12.7428957521915 27.8919098675251 777.222338318825 2.85064563155174 14307.2389319539 7028.31631183624 27.5883763432503 435.919553846121 9.11615025997162 24894.7848301828 2794.42188563943 0 2095.06023263931 25.8254810273647 1380.08011454344 14879.0904017091 7444.32317209244 863.515467226505 8508.53718370199 1.98219040036201 5.69476380944252 127.036034107208 3044.13541322947 28.0819690525532 1642.76265528798 1480.33663901687 2644.1639880836 670.396892040968 62.7095689177513 21.5881578326225 6.36101937294006 372.978515893221 98.3338750004768 404.164040207863 169.521969258785 33.5114857554436 2.84566226601601 0 13.4075677394867 72.8054495453835 367.104663640261 1.5764125585556 0 2.52461206912994 134.343268305063 8.46698278188705 19.6310740709305 16.3771236240864 8.27033704519272 0.495692819356918 6.15003579854965 26.3856020569801 1.60024154186249 423.694566816092 112.872608870268 2.94685274362564 23.5229582190514 0.395313024520874 194.869308292866 418.682619571686 1587.93002226949 165.642511636019 6.76301252841949 111.155408620834 1643.65993115306 150.54003944993 9.18421450257301 85.6840943098068 3.90868896245956 0 1.96679520606995 176.907053381205 18.3253311812878
370.066164523363 1104.46079277992 432.58075928688 3351.99548071623 26.1294160783291 530.526403337717 5777.89206236601 648.364113271236 17225.6085598469 1499.16718196869 40.9893600344658 1899.22133719921 385.590393871069 786.49542760849 1006.54031682014 5050.15538293123 280.054299175739 8.04497316479683 69.9488963335752 1636.98709461093 1589.90794557333 6735.41625419259 2095.06023263931 0 181.236304208636 364.991668224335 4721.28014986217 30467.7148332 1385.96024629474 2435.39423242211 8.25284832715988 16.459612518549 324.706447333097 840.957854688168 58.3839340507984 2297.46577575803 188.253533765674 1019.92824631929 582.143359184265 734.677351921797 135.996703505516 48.132186293602 397.682620584965 20.400994181633 126.543170690536 48.4252368807793 80.8912423253059 22.1376388072968 3.28162324428558 78.4775671362877 15.0590808689594 40.1799374818802 201.388126343489 0 79.3793378770351 1067.49815052748 160.555194556713 645.736676394939 318.229353666306 5.03037947416306 57.4784768521786 3.82220110297203 314.637681424618 9.89310616254807 142.031326621771 17.6158667206764 2.09988003969193 4.31193119287491 107.430980145931 270.495792925358 214.53993794322 212.693064749241 1563.76673197746 8.35761615633965 16.6821850836277 142.522292405367 1295.19004189968 168.775760412216 405.118386536837 0 0.374908924102783 26.1189192831516 148.509096294641 22.9519871771336
2.09344068169594 3272.88400071859 60.2785789966583 2.09709858894348 0.898902475833893 6.60481983423233 7.74563181400299 6.65114223957062 349.063609451056 2.73624733090401 3982.61975631118 4.46537977457047 9871.28676643968 16.0754365175962 9.01092979311943 31.3718855381012 137.310940980911 433.271903783083 718.264880567789 1.7868030667305 13.5691474676132 720.598203837872 25.8254810273647 181.236304208636 0 2622.38666522503 5420.6292861104 23.5380541682243 28.5581244677305 14.3728088736534 243.705549776554 2.59913676977158 0.997873187065125 499.370030909777 0 126.769359469414 2261.35492298007 1196.59382143617 208.394684612751 8.22464746236801 10.558536529541 3547.15734755993 37.2735597491264 115.178031504154 139.992213457823 30.6012595891953 1.54594308137894 1.25126802921295 57.6218785643578 0 74.6650012731552 12.431986361742 0 0 0 2.97892379760742 0 2.19262632727623 0.748577177524567 558.659490138292 0 804.589407324791 3.24650591611862 0 0 15.023077249527 178.173534989357 174.212895393372 0 1.58314538002014 12.0866120755672 4.33670330047607 0 611.130302548409 665.469487845898 419.560898452997 0.876179575920105 3.40674418210983 1.7936150431633 113.766124546528 0 1.39352357387543 81.7816208302975 2.63452553749084
66.1535142064095 2445.14251309633 9456.30922040343 2.04678907990456 1.50645631551743 56.4247480928898 344.972506552935 122.798930495977 238.265593782067 40.2289199233055 9540.17787617445 5.58856377005577 4310.71461546421 138.965549200773 6.48114657402039 128.538266927004 6187.83832266927 4877.51162824035 12231.4565012157 1.47263252735138 354.403673410416 510.839127629995 1380.08011454344 364.991668224335 2622.38666522503 0 36164.9132907689 287.744822382927 202.536163836718 415.966993361712 3533.67889869213 10.8148539662361 14.9612348973751 2681.75737032294 28.0957403481007 1604.62711849809 2389.70941674709 3967.02973076701 1174.28483146429 54.0018298327923 18.2200303673744 147.366044998169 105.988404363394 169.08955976367 307.34572699666 49.8120434582233 1.11231446266174 2.25690072774887 20.0472640097141 5.34089061617851 264.747016876936 118.759558916092 0 0 1.29821336269379 20.282312899828 4.37576612830162 4.88188117742538 1.29232835769653 782.649637818336 2.96536827087402 1073.88486677408 20.9487735927105 0 15.3675832748413 219.114379972219 447.138364136219 747.62215384841 0 12.6479776501656 30.0982888936996 80.9116185605526 19.0013153553009 642.982963740826 2965.97201502323 2218.5813319087 14.4920054972172 15.2021335363388 17.2092850208282 228.789487630129 0 0 172.572995871305 10.3069649338722
123.691534787416 9082.90631684661 13584.4582903981 23.9647759795189 0 88.769700974226 1446.82081949711 151.452509760857 887.472691506147 109.417525142431 3391.77557918429 23.6792670786381 6668.52436047792 233.452150046825 29.2669577300549 8547.35313358903 5403.50689464808 748.659356385469 3468.53160500526 9.14218181371689 2257.30698719621 6160.40054741502 14879.0904017091 4721.28014986217 5420.6292861104 36164.9132907689 0 4151.18298563361 279.678398758173 1066.83811113238 1483.71172317863 4.90476268529892 27.7753689289093 3672.15072998405 47.3332997262478 4205.16106811166 3556.49447977543 6613.32818165421 2256.22030481696 160.998213142157 38.7757210433483 150.79707595706 434.194735199213 255.045627325773 744.795760095119 226.383663624525 23.9023123681545 3.78852570056915 21.6640101373196 10.8861961364746 551.791447043419 1007.30429634452 5.6683167219162 0 4.02660229802132 125.34877884388 14.1224408745766 23.8638771772385 7.75649404525757 636.043267786503 0.591866374015808 823.903461784124 37.1543383598328 0.944399833679199 178.795538187027 486.040327936411 362.202216058969 636.018684566021 2.09856775403023 130.764663249254 413.697088986635 1233.81323081255 106.757832407951 493.681239008904 2580.59951287508 4675.35279643536 104.68367382884 24.0638286173344 75.2133937776089 166.983728528023 0 5.34280776977539 318.665749400854 31.9939443767071
463.348548203707 178.208304286003 1431.95973467827 12991.2861905396 8.11098390817642 1234.46466997266 18783.5404202342 615.418889671564 2860.36137354374 7898.58489355445 24.685811817646 538.145052105188 40.4146367311478 803.984172642231 171.275775521994 4407.98769447207 292.213420033455 4.15317910909653 56.833752155304 2939.79600328207 8515.05604559183 997.357904076576 7444.32317209244 30467.7148332 23.5380541682243 287.744822382927 4151.18298563361 0 1388.85250690579 10506.6249424815 0.543646514415741 8.33803468942642 389.082130461931 1428.9334449172 90.3498959243298 3582.3840931356 210.888468682766 1683.56918251514 870.405609220266 263.120612084866 119.98851659894 2.40449565649033 269.953024148941 11.7174672782421 93.5200845301151 35.950734525919 44.4339380562305 11.9436271488667 0.747453808784485 61.842947602272 8.14065417647362 24.2902444303036 135.893188416958 0 54.3124591112137 624.277632504702 92.2770599722862 369.019606739283 168.597601056099 1.15077871084213 33.3877308368683 2.18155014514923 183.337414205074 8.11866211891174 153.202531754971 10.048865377903 0.780840933322906 6.04796016216278 70.3125187456608 250.379113316536 203.716929912567 160.655508965254 946.448697030544 1.83416563272476 19.0575489699841 159.711580574512 818.74710431695 105.625690221786 283.202283501625 0 0.312443524599075 21.3642746210098 102.365865051746 22.2372629642487
15461.1222164035 39.1766248643398 230.613599568605 200.573304444551 548.390849500895 1229.89837479591 5917.01877108216 4030.80183288455 780.601855427027 1751.53547619283 469.507657498121 320.421500116587 506.920673429966 14571.4657493532 17.1642758250237 37.1005273163319 454.275204271078 22.2894086837769 131.037090033293 168.865218162537 501.640501588583 88.4473444521427 863.515467226505 1385.96024629474 28.5581244677305 202.536163836718 279.678398758173 1388.85250690579 0 12619.9940279722 6.72054758667946 2164.46266448498 14007.4209995568 7137.15184533596 117.566526561975 2750.14762607217 90.4117732644081 3386.61203709245 805.914962679148 638.161297649145 1050.86337164044 39.5382054746151 58.9276016950607 2.65689200162888 20.8941746354103 10.5349276065826 9.00737026333809 5.98656451702118 0 16.1856244206429 2.41757071018219 4.9172665476799 18.5582180321217 0 10.3034679293633 146.721804499626 18.2774095833302 79.5889259278774 21.7515239417553 2.72486400604248 5.12588274478912 4.58386695384979 40.4326878786087 2.14778816699982 11.7327524423599 7.36840093135834 1.36815571784973 2.30208325386047 4.33183628320694 26.7338990271091 20.2639600038528 16.8105597496033 219.740866780281 3.05061054229736 11.2613582611084 34.1150424778461 185.266179949045 26.72703820467 70.9010384678841 0 0 3.35343500971794 21.2697947919369 28.0769321620464
3936.14538234472 127.505322396755 1803.16753643751 53.2856768369675 3.93439412117004 575.906532406807 18945.6511352658 1721.71291199327 1369.83816304803 432.574427261949 57.1812953054905 34.1255685389042 33.5253219306469 2754.75233867764 20.7516815960407 352.789810359478 1637.94284048676 14.1457239985466 200.204623520374 18.0425572693348 17652.4376337826 605.846761167049 8508.53718370199 2435.39423242211 14.3728088736534 415.966993361712 1066.83811113238 10506.6249424815 12619.9940279722 0 0.595039427280426 19.4493342041969 950.245852053165 5263.84359925985 100.760746121407 3621.14898771048 195.658850699663 3009.97685396671 1021.00880396366 176.22442740202 118.017760306597 6.58287060260773 165.435698717833 12.6061083376408 77.0103127658367 20.1778254210949 18.2339494526386 3.79165118932724 1.46013152599335 32.9663010239601 6.66892194747925 31.7972053587437 14.3036402463913 0 5.80725032091141 225.539974302053 23.8204103410244 96.3901900649071 17.7461008131504 1.13345313072205 1.75811570882797 1.74576437473297 77.1806953549385 2.84480020403862 94.4441368877888 21.860138297081 0.80878609418869 5.93935891985893 0.432928919792175 174.832997500896 129.831147313118 149.754770994186 392.297642439604 1.51254141330719 23.4369215667248 99.7498167455196 396.250119507313 45.3983465731144 233.106227487326 0.638186872005463 0.461928874254227 16.9659852981567 67.9910621643066 25.2541740238667
0.541747331619263 50.0127394795418 12.2818249762058 0 0 0 2.87824216485023 4.31675142049789 5.87526518106461 0 1885.6817997992 0 4152.73989346623 2.11949902772903 0.572391331195831 2.18392840027809 11.5175886750221 135.532168388367 94.039373934269 0 1.43087258934975 14.2174256443977 1.98219040036201 8.25284832715988 243.705549776554 3533.67889869213 1483.71172317863 0.543646514415741 6.72054758667946 0.595039427280426 0 0 0 72.224285453558 0 17.1819086968899 138.743624746799 168.909642189741 24.2467262148857 1.60267043113708 0 23.4505592882633 0.680654883384705 12.9713165163994 2.66178148984909 1.71206033229828 0 0 4.54737365245819 0.841543018817902 1.57508832216263 1.08078038692474 0 0 0 0 0 0.492664515972137 0 50.0985189080238 0 72.1470103859901 0 0 0 0.52773529291153 11.5744624733925 4.760249376297 0 0 0 0 0 18.2857602238655 33.2663230895996 26.7128178477287 0 0 0 12.8141938447952 0 0 6.02591493725777 0
47.8562621176243 0.810239255428314 2.50083127617836 0.486830621957779 2438.36119908094 3252.03444841504 32.3937049508095 2027.6137201488 5.93591946363449 38.9154976010323 54.8468123078346 30.4657426774502 95.4303218722343 1338.19832545519 27.291620194912 0 3.22890782356262 2.41097313165665 4.99936360120773 4.80790582299232 5.46657055616379 0 5.69476380944252 16.459612518549 2.59913676977158 10.8148539662361 4.90476268529892 8.33803468942642 2164.46266448498 19.4493342041969 0 0 2.41682118177414 2514.15514469147 4.78848248720169 56.6098020672798 6.74082583189011 192.075966209173 31.7008105516434 183.001670390368 2647.39426663518 11.8700550198555 0 0 0 0 0 0 0 0 0 0 0 0 0 1.45224377512932 0.861055970191956 0 0 0 0 1.37925517559052 0.94339519739151 0 0 0 0 0 0 0 0 0 2.4748882651329 0 0.920336306095123 0 1.40429523587227 0.644000470638275 0 0 0 0 0 1.18765431642532
