0 123.134374763056 102.319573926009 88.2079444734769 79.860900465828 43.8857382593615 32.1900987313465 26.2102838412897 70.317386925932 65.6186264307068 97.3164006433128 65.4836676351231 70.8127738535067 22.4581301382805 81.7850939660837 127.130307836699 110.509732018693 129.013692997043 130.718779713685 84.1796071916637 87.9513773495999 107.303751254945 96.6155983507398 74.2438836655958 140.336492002339 131.119346847117 130.469253275557 83.1687842864644 17.0209927087446 38.5644424095351 149.100738525391 78.5825227620387 42.1580167094135 64.669031512196 123.834936162797 71.2371400354166 107.375474974866 72.2388723359308 68.7631196208319 48.7793950026413 63.0627759496697 97.1009721457021 162.223348942301 111.713607788086 174.438165254101 148.012435913086 175.659698486328 145.345916748047 0 169.712670581984 132.118347167969 191.673590208359 168.79760340933 0 172.161095432235 145.988359463164 167.490532732061 82.7345627293353 165.556253644407 0 0 0 178.174508700042 0 159.114328001575 196.679552312563 0 222.258728027344 137.570708757489 161.978246522027 132.97725906118 164.855652721135 129.517841743131 0 177.249674965711 175.14298950517 144.596551014006 170.962847016613 144.664231318976 0 0 142.213237370199 155.164679462067 177.66951265133
123.134374763056 0 40.8595910232081 121.571578490592 131.473537678381 138.111857647098 115.645029452013 135.583687339509 69.4256438195615 142.027387079267 65.1116204186666 98.8793815666189 49.942975204351 130.799087680622 111.654416121712 59.6691006652808 52.5685399163427 66.3095266483829 60.0499430703103 0 87.7918456290485 30.2065212734022 68.6191223144769 78.9547965944732 24.9646035956263 47.9088464638419 29.4839961265993 102.154738843603 114.655520870158 103.042764472041 64.9180921589038 178.361389160156 115.708818784989 54.9235815769104 129.962915489478 69.0329085233497 45.3697261916261 53.4693177634015 57.9513244937871 90.5082192094965 62.8797879094716 50.5581503708775 96.7811575087876 67.8572851272874 81.1520373556447 96.9358144383529 0 0 94.8050537109375 138.378997802734 19.2989118796525 66.3126579026644 0 0 0 131.217384121122 178.064849795838 122.180896115764 166.560806274414 82.0534831812777 0 82.0329696266207 164.161980947052 150.26725769043 126.110620082589 75.8225729477107 93.9007058827608 83.2553990189767 0 124.421828240828 74.2772124036193 96.1610351618928 132.290708081391 39.3383065296934 70.625242873774 60.5613089504568 173.695320802414 172.046819529512 118.397118723202 128.444514770141 0 0 74.6002333031828 137.729427723405
102.319573926009 40.8595910232081 0 121.211125613071 170.06901550293 121.940235525201 92.3464968690556 119.84750861316 92.3789600651774 120.665207401847 84.6797641598021 134.636681960767 90.5992549988442 116.228777923224 123.40015975314 80.5382838777084 40.0356656415199 80.931096180963 64.007253752602 123.776351237644 61.0174601520303 50.7119421093507 33.7881117662776 95.4200195586878 77.8946598832758 31.6696527138175 34.6220433645779 81.8092738494269 109.637365599532 74.3159250199162 100.236092407584 124.297764445185 102.029908904648 56.4355984168243 133.98362708236 65.5866924703366 40.7312674286783 51.6493847135586 56.8993493809179 79.573152056275 85.1450095818274 112.237297129646 118.280369417917 96.3355301687003 107.964880151667 108.723328617351 116.268332490601 104.934906005859 0 171.73144601483 60.9782872229765 89.807585518752 197.450609201763 0 0 156.895184261928 214.91622737622 122.68700699077 167.656672901698 126.963254306873 0 121.406489393233 181.737714014344 0 113.107883760918 102.211338194103 139.61459573378 115.730201284486 0 140.258703158082 80.8299331516345 111.297974628203 144.608896071932 86.4230607578644 102.822983551756 91.1995365320474 154.778063668473 178.712006297835 161.068827966743 142.988670895042 0 178.759689331055 109.401466627456 162.954725760583
88.2079444734769 121.571578490592 121.211125613071 0 0 61.596317101746 45.6248247301975 99.4831799914645 60.7377878972978 23.8609168061618 182.081436539229 41.9915465795803 130.544115509718 100.98150284908 72.7133709834391 100.234026542551 149.450599211123 188.019439697266 178.14853121433 12.0878678620444 102.739675724401 89.4747483427336 119.987906155276 27.3040958082886 177.535301304608 168.75317139475 131.697399761083 17.2314873058933 100.424478842047 99.515358324639 0 152.383163452148 91.35646520086 103.111510931957 147.717023705633 97.5892639806968 126.621753091496 104.606120381343 99.4494750913809 73.7690610447643 110.302806310158 159.007006627406 104.469659351855 142.329574584961 165.055627090011 0 111.939900817066 196.165760897978 0 0 160.300216141034 195.874420166016 47.8446854439704 0 151.334718884047 140.202403214234 165.248945089081 89.1658049391031 160.225385229247 0 126.080533019033 0 155.330788021839 171.648604619166 174.192274111194 201.961151123047 0 0 146.777032914814 166.274645052599 134.777727353337 175.159444789464 124.294149209699 0 204.021026611328 178.948528326791 153.855450536505 161.556102337039 188.806460082006 0 0 127.482070922852 189.891281748371 192.424742756605
79.860900465828 131.473537678381 170.06901550293 0 0 20.8784470659933 112.380446865322 22.1383799011252 56.1345404808197 117.941519478764 60.8897298322896 58.442188584853 38.3647666031984 39.5907510092881 15.9882179622306 0 78.122932434082 83.8657760620117 152.738283870923 85.8179069346371 0 110.326663601625 168.55976421389 78.5324500713473 87.890007019043 108.408345422646 0 117.453106575561 27.4407470154877 110.634038760871 0 13.2400115425542 0 12.0271074299186 84.6694793701172 96.5917441313221 59.0112609863281 38.6964470335639 50.7904215763317 12.1728845418157 8.38552446182519 66.585319519043 83.1072235107422 0 0 0 0 0 0 0 0 0 0 0 0 181.392759341107 0 0 0 0 0 0 0 0 0 0 0 0 0 0 0 0 0 0 0 0 194.962890625 164.888809204102 0 0 0 0 0 104.839340209961
43.8857382593615 138.111857647098 121.940235525201 61.596317101746 20.8784470659933 0 51.1513960335585 20.7635577124178 77.0880345579907 30.0317753025252 94.846440090509 28.1556031338999 56.0234347815502 43.184805628162 21.480728219653 117.998977786764 129.439089736342 134.489004183901 133.646352323959 49.8760319627543 108.768943651693 123.236950062093 113.935040264087 76.7999723547245 148.971387140957 146.098641611805 142.047301043067 67.1549282442189 64.0617838780512 82.502424775254 0 19.1651353376425 91.2883306795867 39.9824131810433 23.7564988844782 98.0843559374059 114.992875173269 73.0622611776324 77.8267974754877 24.4502487666972 26.3177699589988 75.4734651747022 133.607606872078 0 193.638188645319 0 149.290651695425 176.813239630972 0 171.14552680992 136.638488769531 169.455505371094 168.486118214981 0 171.433704213383 151.645826026372 167.875531039277 102.712549891886 167.822212520196 241.479843139648 142.286933216808 0 164.140110963468 179.047210693359 168.299452550469 185.594711303711 0 244.830703735352 157.839860664333 174.8615274961 135.542231961469 191.567748297989 132.868790851067 0 221.630127231658 180.779873521463 160.583326081278 185.579258119163 164.44346512937 0 0 161.465355458294 192.65348023726 194.881652832031
32.1900987313465 115.645029452013 92.3464968690556 45.6248247301975 112.380446865322 51.1513960335585 0 60.8469340073259 58.0133205011566 31.8471942970536 133.546487145939 59.1046939341512 85.6183939380959 49.5371281401698 73.5660300071049 81.1749619368359 110.306870616746 160.647493979455 137.235673104627 42.1033336176433 70.2026530891806 84.0305120794975 80.8632858997495 48.0775740530045 146.617632355015 127.27235214338 101.157086662382 35.5108257627756 57.2670523174696 28.4132958002598 181.775729341191 123.527027013479 68.9894340952991 80.4703315335179 135.226145738016 78.5891704340693 92.6462796361004 85.9679370444653 83.0804169977212 79.8174703371909 87.0142862024714 129.791420551438 129.490628143808 164.983871610519 156.711494044062 146.690335389765 123.559542647472 160.28964860658 0 146.802983383698 153.023968608456 163.440278438738 147.945157665239 0 148.951609100457 133.344009819277 151.013692860349 83.5132908104365 153.080590723403 237.364327466732 128.628593178289 214.261152856665 148.931812633286 127.749997383482 136.342307648317 179.053053471181 214.188430786133 192.957455053503 143.082771770329 144.029120752278 112.242308848822 155.534993245226 116.845609347321 178.414966335002 194.463803303352 158.730487358224 135.418382638418 158.255743292043 138.200682394339 0 0 141.994116128678 151.75654226438 167.165300101847
26.2102838412897 135.583687339509 119.84750861316 99.4831799914645 22.1383799011252 20.7635577124178 60.8469340073259 0 83.5582869778598 60.7966557705561 77.5152566729001 67.9299166051017 50.0858741046136 20.2468171141406 56.7205522373781 120.991475811985 124.532647106555 117.081259948873 121.574145967944 88.6057172847005 106.327879014173 127.863973938105 111.488107046935 86.1456546525122 142.156806843175 134.340229932651 143.865339399325 96.1310017317813 43.1630306090373 73.5308232120634 121.77248118699 23.0969547361184 78.6884951098121 42.5791456752872 110.03793156289 80.1775434244205 96.7722460042043 65.4143865132292 69.620755880918 41.2549058371378 27.5965574250383 74.9903302074787 151.951819250644 162.073656106462 185.935849202126 192.866198860243 183.28386444591 177.36198425293 137.969467163086 165.462969212356 159.149771274197 205.101265660864 169.534038441121 0 179.770706781059 152.113696230974 182.601764103263 105.869433764558 173.929727068665 161.018966674805 135.92300016842 160.722152709961 173.361634544649 0 159.686535498705 191.600524902344 0 0 152.82980380744 159.084542963267 168.430257553771 192.261687181251 143.543385647904 174.104965209961 188.46966719785 183.181159031893 155.925495505537 186.297742193673 163.779114216635 0 0 155.284977440302 170.139422384084 153.242388810146
70.317386925932 69.4256438195615 92.3789600651774 60.7377878972978 56.1345404808197 77.0880345579907 58.0133205011566 83.5582869778598 0 75.6885131385162 127.397905275484 21.5103526515772 116.407456234514 82.8543734318031 26.6977703531147 59.3399413458906 111.820971348898 142.073113718436 127.874354178549 53.9972219368477 61.9592161105486 29.9272251780615 82.998290415274 23.0560692230573 96.1656118082228 119.032776244395 97.9241610555019 58.3575042247482 79.3290261212313 58.0079016724201 134.053092398445 124.134582895664 65.0800897506643 74.2020436516638 133.767249996327 69.283401873264 91.0135411679021 87.3001694072502 79.4559568707198 24.8154471269516 90.8177653179358 121.472474290288 89.7328579804891 88.6651898685252 102.655614366639 82.6688717787235 68.6295851388936 137.214219540875 125.906890869141 93.4982527125997 82.6751991978807 123.861746496107 97.2727575574094 81.9973068237305 116.809412380814 87.3960071250174 108.419780446055 31.2445164375146 106.123285337745 167.969808497772 73.2826992954881 142.923590056934 103.469670709619 97.1208927160565 64.2887995250467 124.094016669112 156.181411743164 191.276175863057 86.9013624293298 73.0035811832793 37.7152973023579 90.7120513079905 66.322384173934 92.6874087543116 165.968811776473 117.373527564154 86.106830059237 109.650373357037 81.6738776849538 171.937286376953 169.578218365333 91.309990344728 97.5231986339933 158.168139308657
65.6186264307068 142.027387079267 120.665207401847 23.8609168061618 117.941519478764 30.0317753025252 31.8471942970536 60.7966557705561 75.6885131385162 0 146.838380892682 25.0631552068012 117.746714057435 63.4354895882643 78.7492129627316 108.992234890873 143.935243343705 181.675967301063 164.683889710146 16.9056622661347 105.512370405706 111.804581444077 113.107667604711 60.0270819115039 160.198994363041 163.804733571016 139.913800776665 33.634251743631 97.4184967581639 85.5339137740625 0 129.889225012403 92.9219374674029 100.653355875634 117.217063757805 100.428700120642 141.655499278282 103.909723310392 104.802231670384 84.7527512701016 105.26128674414 122.010974141454 114.936761817533 147.755224776994 178.350206524779 198.392594007959 119.368294825668 0 0 170.738598967817 165.727087262734 176.78668908521 153.901751218334 160.408172607422 160.295494341759 151.640412182991 168.365833302391 98.6034090907189 166.273917270131 0 137.46855707966 241.990951538086 166.134323051186 139.632440721897 151.523789305472 0 0 0 153.451869834425 185.733085171879 147.569231948039 194.159277540441 130.447209529044 0 213.668591633097 203.266300682397 158.01198435492 177.650792607525 162.464448405971 0 0 150.314003340813 186.962303145254 174.784945717179
97.3164006433128 65.1116204186666 84.6797641598021 182.081436539229 60.8897298322896 94.846440090509 133.546487145939 77.5152566729001 127.397905275484 146.838380892682 0 131.057675423476 18.0424167527078 76.1388652284362 175.491102693024 126.2296867856 54.258818286115 22.8788186565778 29.539491716531 127.882783514716 99.9641201091885 94.0496565366573 96.2168793922079 142.186091418798 28.8310120201268 29.1902426857005 51.6921771338624 150.298103661569 65.9069170255143 117.546018412795 25.7183197800352 66.5933620647784 91.9991011822101 22.9794087111589 140.705005628349 78.1431225018513 25.9452965566171 30.2097757654921 50.9347039401588 64.6388472411848 66.5395937660859 19.9379240952407 178.490933863569 69.660647643403 106.125253537051 128.891958126295 0 0 84.9504451715199 236.234558105469 98.9316803661952 132.747850815146 0 0 0 211.669933219306 0 151.650280197302 0 84.1372817869356 242.84391784668 75.5268858515002 186.989624023438 0 0 143.729815504945 104.918792059393 113.908334721306 0 155.00080871582 137.715119000972 155.453949790074 0 58.1940237802712 104.498666150129 110.840157111983 236.408874511719 183.396423339844 161.983383178711 94.787772106795 0 0 116.521828927194 174.007880344209
65.4836676351231 98.8793815666189 134.636681960767 41.9915465795803 58.442188584853 28.1556031338999 59.1046939341512 67.9299166051017 21.5103526515772 25.0631552068012 131.057675423476 0 103.713361657394 75.4286941733238 22.1850806523645 93.1708864947754 159.077549984395 146.283996582031 141.487854003906 14.3985018427379 89.2282966575879 69.7551175449705 132.756159360661 26.3492133158267 150.332588526885 150.906702042498 122.638876149008 56.8816305619451 98.5762685831582 104.956123227326 0 111.178421701348 98.9376734977982 97.9445231219241 30.2741057342982 90.9234790732846 150.758877898273 98.3179859099301 96.2102091981305 23.1547403450483 96.9699832615426 133.173188754877 77.2677384982496 0 126.948494260709 0 76.4519781673681 133.323564509391 0 106.684684753418 0 0 122.764566735665 0 115.778578786983 124.289594206264 129.297088043537 64.339557461898 124.274260697724 0 19.1538333210999 0 126.004159581599 82.0990134778986 104.521415710449 0 0 0 73.9641695918095 135.730904881265 122.921767643163 111.753402709961 104.368072941779 0 0 196.186858677983 131.946599102938 153.744877386566 140.352572252444 0 0 108.748435974121 0 171.614046916659
70.8127738535067 49.942975204351 90.5992549988442 130.544115509718 38.3647666031984 56.0234347815502 85.6183939380959 50.0858741046136 116.407456234514 117.746714057435 18.0424167527078 103.713361657394 0 54.1598773724638 117.751081072244 120.112815618839 84.4037948704971 45.4990744845109 55.5201313335815 112.619178387627 125.812679618998 82.9005856668025 117.327391918599 31.2521810447814 17.0510082066929 24.1530080098534 28.3932132581695 140.578178119608 49.626535228414 112.325797271286 11.7330371857215 48.2709228426065 76.9243245124983 20.033062350578 86.1543096282154 31.2833843352968 21.3402056061637 22.4685003666129 18.1382029217931 30.4539532856936 11.4109931054803 11.6023535093717 106.156822876089 53.447786731694 83.0125614051944 32.2214660965443 86.5411987304688 0 44.7346286673342 0 85.1721125425584 131.579949463374 172.341796875 0 205.418395996094 170.390389018877 192.928909301758 127.791511260175 203.822799682617 73.2402566666857 0 67.2661675544555 210.638645341162 0 0 138.518712868016 93.3950256024198 100.702817930538 0 210.956634521484 128.140979443443 157.455548992719 164.23428459026 49.0528021002083 92.9777056192857 104.211657443384 176.694671320629 154.455063121514 0 89.5640100485588 0 0 91.5840666273291 82.7483476657722
22.4581301382805 130.799087680622 116.228777923224 100.98150284908 39.5907510092881 43.184805628162 49.5371281401698 20.2468171141406 82.8543734318031 63.4354895882643 76.1388652284362 75.4286941733238 54.1598773724638 0 84.8719608405947 132.429857372551 122.40849873933 102.48289661811 120.632858500599 98.1897697881413 101.406664676065 119.565314669046 109.798476836045 86.3548464152478 110.016111206856 131.28943016631 135.682328242162 95.1691308708779 31.9740185901307 67.212499247943 110.235159603353 18.7524750350306 46.7027786894864 46.6163665204888 125.335418609875 73.592351893995 85.8173790153868 57.805722946683 64.6453664306843 43.087759855274 42.297872654512 75.0512568326819 156.314329727417 0 172.366695348056 158.160151393252 167.498601517929 173.493984797683 195.830825805664 156.364180223057 168.271621819205 169.158828312967 171.127054376558 0 163.793761447938 157.835890286574 177.115218554341 102.080639772313 163.887958007963 165.701644897461 135.537904938099 212.911346411718 175.515169324088 200.067962646484 153.092343614791 239.217249397003 232.646453857422 0 163.115341517385 163.219024850784 137.57189473849 185.719364750954 138.60569196794 212.056581407447 185.335340451982 176.212742434724 157.115096234778 182.27086305356 160.18982527102 143.752838134766 0 173.529178635678 190.507713419902 136.050063894785
81.7850939660837 111.654416121712 123.40015975314 72.7133709834391 15.9882179622306 21.480728219653 73.5660300071049 56.7205522373781 26.6977703531147 78.7492129627316 175.491102693024 22.1850806523645 117.751081072244 84.8719608405947 0 122.443393512731 142.732142962688 167.965717567064 169.799518683233 57.3890888844439 110.84322368429 72.651389039977 142.099134745981 44.2668278922516 126.639964438361 152.871870057283 127.176146249901 82.7101797201051 96.9039069437004 88.1103320877302 171.600296020508 42.740796832097 74.690803527832 88.4853435284392 0 58.160937719129 133.480367222546 118.548987067524 143.065633826583 11.9422809989633 20.4724980580572 157.657119750977 83.3501134156976 0 160.452517609243 143.06510925293 90.1620373713139 0 0 0 0 0 133.312242337073 0 127.99347954017 114.061248771297 136.867407804717 71.0735506136311 140.273894818122 184.299743652344 75.6327428830812 0 126.629329718805 0 125.508659362793 187.491165161133 0 0 124.59276368385 125.267357947338 100.141183339185 0 93.7759076177309 0 217.015472412109 171.421616023897 120.220505023953 150.869903564453 135.972338812261 0 0 139.522689819336 206.506072998047 0
127.130307836699 59.6691006652808 80.5382838777084 100.234026542551 0 117.998977786764 81.1749619368359 120.991475811985 59.3399413458906 108.992234890873 126.2296867856 93.1708864947754 120.112815618839 132.429857372551 122.443393512731 0 96.8843768469377 134.714617369156 127.212762531549 94.2031021645866 17.14917439331 34.7045786015585 19.1393168435965 29.7581755184757 109.752087564484 104.136128885426 28.2245468966603 32.8947228303328 111.842329430789 73.9682675446747 113.608722936142 0 99.9111885710149 66.8194342609285 136.080008505977 71.937843428137 44.7203416206986 74.9099618318597 77.4124772093771 94.9086740698923 75.615153228091 125.433099964136 107.602613025581 96.6906989122894 106.442903525834 105.020173394956 107.537821394585 175.312362670898 0 162.032419972919 95.6678362919221 100.163540048741 155.516784667969 0 0 147.616079730675 202.531511517488 116.836232104792 167.185469295694 152.019127507854 0 146.387384940748 173.123885503804 0 95.0560577890109 120.770858869688 0 185.008835484426 198.141677856445 110.467610412207 58.2898229588232 101.603221399036 122.562366926122 0 149.064208270798 96.8666942701104 131.148113756075 171.661618101116 113.339176417621 0 0 0 107.097583874046 174.29389130788
110.509732018693 52.5685399163427 40.0356656415199 149.450599211123 78.122932434082 129.439089736342 110.306870616746 124.532647106555 111.820971348898 143.935243343705 54.258818286115 159.077549984395 84.4037948704971 122.40849873933 142.732142962688 96.8843768469377 0 51.8826040160994 21.3486912366573 182.307234971096 52.2583785812932 73.8298629002197 31.1466564865515 119.618476360722 70.7362145954588 38.9681772033028 64.1168948810015 108.639228093987 104.263292836236 74.624215918599 90.5890543900946 129.665974272982 93.5269292196009 40.2875943701818 144.267036671604 76.2648027663455 49.2865932090961 48.8523761229055 59.2220961640443 96.1219482538301 108.128610673258 78.6801093448902 136.615707380856 113.168210687234 117.857416888294 126.88214535891 155.72953112763 118.18074798584 0 203.15984148764 66.1470657559995 104.592341669924 0 0 242.808212280273 173.304197504636 185.384139153525 142.883227454891 204.102514992673 129.186460493717 0 106.945978669717 187.056611821719 0 140.198078544381 114.092373837828 126.682255009959 119.158119468706 0 161.291587666282 102.22228503498 131.672760776996 173.132357858534 87.6977017287337 105.311182679271 105.984495717016 174.64617468615 195.721481558924 159.501868070245 135.430122213807 0 0 121.351551834959 180.688047476295
129.013692997043 66.3095266483829 80.931096180963 188.019439697266 83.8657760620117 134.489004183901 160.647493979455 117.081259948873 142.073113718436 181.675967301063 22.8788186565778 146.283996582031 45.4990744845109 102.48289661811 167.965717567064 134.714617369156 51.8826040160994 0 15.0901754439384 185.449676513672 118.586997388841 103.184619618942 98.9670654071735 138.306920050934 44.6825819302375 22.1746955476428 57.3008253119546 155.872834048726 94.7591960207069 126.858688728872 47.6262120900728 106.492846959719 0 56.3438293359779 132.137055513135 83.8593749272639 46.6884710984909 54.5536521330052 65.0739766032077 83.8729296459851 103.315025007331 55.6961040270971 128.479476928711 81.9533526696243 116.716419468988 145.899444580078 142.561859130859 0 70.1035985668947 0 98.7674191704898 163.847961425781 0 0 0 222.821411132812 182.046493530273 234.913070678711 0 90.3850593515508 0 81.6289124418751 0 0 0 158.122797022721 107.018397033012 110.932620590595 0 219.683517456055 109.693252563477 182.383786322244 202.51628112793 63.1610639370301 104.707056656605 113.576347942106 0 0 0 103.138993820749 140.790145874023 0 103.711949227921 192.624969482422
130.718779713685 60.0499430703103 64.007253752602 178.14853121433 152.738283870923 133.646352323959 137.235673104627 121.574145967944 127.874354178549 164.683889710146 29.539491716531 141.487854003906 55.5201313335815 120.632858500599 169.799518683233 127.212762531549 21.3486912366573 15.0901754439384 0 0 89.4998072982494 95.0505431007029 73.4992201196435 133.847358915096 49.2843786908401 30.157090995382 63.237913513311 136.809819439283 105.374447895944 101.674269399063 59.5485167689459 93.9289623713715 89.7871343744588 45.9986101675468 137.22308597399 78.5329497041112 47.5970759269579 51.1289116088754 60.5943754386432 100.969674173262 83.225049858665 63.3096145189358 138.292746675077 98.0227394826436 115.609619579703 116.67458757542 140.835662841797 164.842269897461 81.0993238470771 0 86.0363517811807 132.727660149298 0 0 0 195.21618465019 233.806137084961 0 0 95.3479180541545 229.354278564453 87.4720719502123 167.573257446289 218.327056884766 167.210116605777 125.214483181929 105.580184023415 109.007347719561 0 204.191354532534 126.852252747 158.576752786817 189.691414382269 69.5839534660027 103.586062649079 107.582120973012 196.510760409662 182.549898924247 174.463836206613 104.423751691392 0 0 112.36577835162 116.920280365841
84.1796071916637 0 123.776351237644 12.0878678620444 85.8179069346371 49.8760319627543 42.1033336176433 88.6057172847005 53.9972219368477 16.9056622661347 127.882783514716 14.3985018427379 112.619178387627 98.1897697881413 57.3890888844439 94.2031021645866 182.307234971096 185.449676513672 0 0 141.239222221691 81.5935921410578 136.666604888438 21.6742732364736 159.168355917448 169.439242679734 129.136582460864 28.0981852878045 103.594011845293 106.971440528457 0 125.483968347697 92.5975512064233 106.851722901357 51.5158994549042 101.052498117908 139.551019919949 110.333126564876 101.344237686027 66.5214075368917 102.91991757725 0 98.5654192625086 0 188.442837046174 150.20719909668 106.108248347718 0 0 0 0 157.649765014648 66.7332007143643 0 149.270601907936 139.319010458796 152.677988544868 88.3817158646515 156.013863977253 238.05403137207 124.383062536254 0 163.131962777258 129.354063685431 174.753295898438 0 0 0 143.429158122607 0 0 154.261199951172 117.547431451289 0 0 167.407501220703 153.584896864594 188.738732344836 179.996007732397 0 0 168.819545738538 188.8000469069 164.757034301758
87.9513773495999 87.7918456290485 61.0174601520303 102.739675724401 0 108.768943651693 70.2026530891806 106.327879014173 61.9592161105486 105.512370405706 99.9641201091885 89.2282966575879 125.812679618998 101.406664676065 110.84322368429 17.14917439331 52.2583785812932 118.586997388841 89.4998072982494 141.239222221691 0 52.7925455549455 28.7493891564263 39.2218663055549 127.115717416016 99.0564620456981 65.1084440472195 29.7855954960633 88.1107857087857 27.9738295410999 164.847133107365 147.405311980163 80.8490002705061 41.2619023742575 130.949388318955 67.259287638452 53.6365606965359 60.2458105120458 70.9451899800863 82.4968906148327 90.3836897210189 99.4725372597044 129.326658094146 111.418262762753 130.295709848088 129.386542833561 110.464392967425 117.658813476562 0 149.461107675346 107.794229715567 124.693195606013 202.597099485814 0 238.735549926758 147.653419092032 186.1116374248 114.736581707678 183.54336747315 179.482080365072 0 0 167.937753845899 139.329010009766 111.376376112709 149.008438778696 200.577835083008 171.788975971803 0 116.265938608896 76.184247334661 120.470726584958 121.16031312726 177.284983302224 160.347154142977 125.409788126441 130.683516795916 148.81129581588 124.776734062579 189.433044433594 0 0 122.337458473812 154.143486114776
107.303751254945 30.2065212734022 50.7119421093507 89.4747483427336 110.326663601625 123.236950062093 84.0305120794975 127.863973938105 29.9272251780615 111.804581444077 94.0496565366573 69.7551175449705 82.9005856668025 119.565314669046 72.651389039977 34.7045786015585 73.8298629002197 103.184619618942 95.0505431007029 81.5935921410578 52.7925455549455 0 50.7389975154279 35.6851380360412 63.6782956668438 82.1151646697896 40.6371474544122 63.6107584053725 97.9003578729303 62.2589780591241 101.375540549384 0 68.3107308492968 59.2765147646684 150.763893482405 65.6927609468091 36.4902936655804 60.8858350640522 63.4036983289938 70.6438062158088 79.3230230813715 82.354513868423 76.0710761348852 49.3090571193094 69.4141330181235 75.5332232068471 69.0486914921546 92.6324844360352 0 139.303985595703 37.5205208524651 71.2614227694497 173.87452528011 0 133.288757324219 122.728575153723 129.962487667352 77.9132953044538 159.183917285535 129.854491885064 0 121.177756997979 166.322227098311 0 61.1268409670439 91.7349594978541 127.664657210048 99.5459327581264 0 72.8599805987224 17.9401564164332 67.3723025807068 84.7960349929588 84.5237200337077 114.264651377147 65.874918545592 99.9915231559235 162.838953045943 87.6731722870303 154.606769183815 0 110.419375051166 70.3192522296464 146.946477566097
96.6155983507398 68.6191223144769 33.7881117662776 119.987906155276 168.55976421389 113.935040264087 80.8632858997495 111.488107046935 82.998290415274 113.107667604711 96.2168793922079 132.756159360661 117.327391918599 109.798476836045 142.099134745981 19.1393168435965 31.1466564865515 98.9670654071735 73.4992201196435 136.666604888438 28.7493891564263 50.7389975154279 0 58.83282065601 98.1322405504653 75.9001947119205 42.3889245128971 51.5237669492068 99.2569068268135 54.6969027326903 112.303087314384 167.733406110353 89.7385719762342 44.5226161688314 138.281232236271 75.4104110019102 41.5739379010003 56.9222500898458 70.248492437725 95.4532074626986 115.569175116347 100.001535367274 116.731922080931 102.915706980476 109.510281762489 109.477496834784 128.815695164169 129.426290698137 0 160.819659427317 82.267504337014 105.765129362142 166.213338096259 0 185.930118169113 155.242814881034 183.386532617217 125.591607216524 176.865327358493 151.501230127452 176.810821533203 153.24429494535 174.678936958107 137.979690551758 102.267931896761 122.573354819367 160.128261546173 145.104058499525 247.116149902344 125.941198613673 75.5027698539757 107.922022852995 127.872972679136 116.089847007071 131.407578836421 102.114841837442 144.329559607803 174.544724504319 139.800537133035 158.848051059564 0 200.329773138532 114.759576716162 169.304010840587
74.2438836655958 78.9547965944732 95.4200195586878 27.3040958082886 78.5324500713473 76.7999723547245 48.0775740530045 86.1456546525122 23.0560692230573 60.0270819115039 142.186091418798 26.3492133158267 31.2521810447814 86.3548464152478 44.2668278922516 29.7581755184757 119.618476360722 138.306920050934 133.847358915096 21.6742732364736 39.2218663055549 35.6851380360412 58.83282065601 0 107.686111432846 121.824298310784 75.8943878385513 22.720073083127 83.1137042267876 63.2038236738257 147.341893691196 106.111697487786 68.5148614737774 75.4077323296873 141.623395395874 74.5857399710494 80.5082951824641 83.975326071796 76.9405949871865 51.7740969394536 59.1654277431902 43.9450398257765 107.90098377739 111.294123612117 133.093882665992 134.266164772894 101.595793426379 148.481342719921 103.327867770862 129.548675906762 137.202835391495 136.814880251971 127.449592139135 0 137.497383336057 116.660684216893 132.071647042112 63.6509437044181 130.939619676789 181.600014935904 106.713050157745 79.8429465299476 134.106744966216 96.1839071612914 109.694573521022 150.051453614183 212.215575334366 180.312400082376 122.270993093799 109.897595792494 76.1898126491387 126.8136288127 97.5885098512645 127.032385943254 172.067667530972 138.535391278792 116.09652931449 140.787459855983 115.864442405314 0 206.85498046875 127.586144056809 127.217488852342 168.257821396353
140.336492002339 24.9646035956263 77.8946598832758 177.535301304608 87.890007019043 148.971387140957 146.617632355015 142.156806843175 96.1656118082228 160.198994363041 28.8310120201268 150.332588526885 17.0510082066929 110.016111206856 126.639964438361 109.752087564484 70.7362145954588 44.6825819302375 49.2843786908401 159.168355917448 127.115717416016 63.6782956668438 98.1322405504653 107.686111432846 0 41.0941973035712 29.1171543356427 143.226176789752 95.0306589680861 136.280997920238 46.0094281191557 88.5402085631113 126.631767272949 47.0745842396837 0 76.2373338615509 18.07289979947 40.6870381080768 46.0743391428882 115.972557304329 41.3065051867222 16.1471738447108 66.906234555041 45.5647426531002 60.4050728669731 45.1760574779049 110.688874999603 61.2051239013672 26.4760402036921 0 37.2149606558302 103.825340535813 0 0 0 181.706602996302 0 110.750252848035 203.839416503906 55.2231921648272 0 41.7708971059144 110.777295726008 0 0 93.8716775331876 69.2573200024646 72.1696304494451 0 128.693786621094 81.2802889230769 113.479135196368 0 20.7274180351188 64.0278798497809 69.626144500878 168.30158500584 119.275878206029 139.950966234832 67.4970161801568 0 98.1210327148438 62.4544056040964 130.44121677872
131.119346847117 47.9088464638419 31.6696527138175 168.75317139475 108.408345422646 146.098641611805 127.27235214338 134.340229932651 119.032776244395 163.804733571016 29.1902426857005 150.906702042498 24.1530080098534 131.28943016631 152.871870057283 104.136128885426 38.9681772033028 22.1746955476428 30.157090995382 169.439242679734 99.0564620456981 82.1151646697896 75.9001947119205 121.824298310784 41.0941973035712 0 30.4879361363632 125.402405680488 114.796793570756 109.456872351593 15.8073515152314 93.1677713368407 129.317974527233 58.283286174443 141.856514386789 82.1526277889262 50.0921589595674 59.0618637480806 65.7803630127033 98.9538706217313 98.7912393271193 61.9935366752754 127.42669687253 93.3372180731104 106.563169086967 123.365552554528 167.037506103516 131.669029348177 96.2229917499672 162.165445515183 68.3248564872116 111.163343208907 0 0 132.201568603516 187.58003852549 189.866121233641 161.934802380342 217.868215807987 90.0791415437188 188.720137199896 82.158908861776 171.461225653418 0 142.843556021833 109.113473259397 100.976473476252 103.441466794307 0 170.501804831997 125.998585440927 139.868669439735 178.340831604961 62.8946374306512 95.6871739805317 97.6374468171608 185.969116234757 169.08253356332 177.791524633239 102.336066582825 0 0 109.789938209676 156.057695063641
130.469253275557 29.4839961265993 34.6220433645779 131.697399761083 0 142.047301043067 101.157086662382 143.865339399325 97.9241610555019 139.913800776665 51.6921771338624 122.638876149008 28.3932132581695 135.682328242162 127.176146249901 28.2245468966603 64.1168948810015 57.3008253119546 63.237913513311 129.136582460864 65.1084440472195 40.6371474544122 42.3889245128971 75.8943878385513 29.1171543356427 30.4879361363632 0 76.2817606695006 124.166587036528 98.4164013344436 31.7060326058995 121.421606406224 120.666059420495 64.2740188279289 141.739351780468 78.4851127712049 50.8558007424562 63.9678415612033 68.7127107227448 87.6694968391011 97.9922254121892 65.5793663721305 120.360955283565 91.5499439353223 102.329135115076 110.255975067812 121.046570614984 145.310810736557 81.7560754205681 173.331220335433 58.9940812985251 91.4759780162867 189.85816117536 0 209.921135061592 156.951012545029 193.373226522099 130.792905589752 178.236892355422 91.5319699232601 178.760513305664 81.0044164564718 171.58802113898 158.71289774538 107.579256739178 104.139067200833 103.540651444956 104.57018865138 224.084900984037 132.203713536882 72.4331118574289 106.569376601286 138.055946623641 64.2722742490272 96.9403158432879 92.0329402836505 154.903685680193 164.528630305836 144.73504884119 100.46866801882 0 151.808842943436 102.978248741771 159.475222996055
83.1687842864644 102.154738843603 81.8092738494269 17.2314873058933 117.453106575561 67.1549282442189 35.5108257627756 96.1310017317813 58.3575042247482 33.634251743631 150.298103661569 56.8816305619451 140.578178119608 95.1691308708779 82.7101797201051 32.8947228303328 108.639228093987 155.872834048726 136.809819439283 28.0981852878045 29.7855954960633 63.6107584053725 51.5237669492068 22.720073083127 143.226176789752 125.402405680488 76.2817606695006 0 90.9166670159681 43.182936340877 162.046936035156 150.881510559438 76.7243748420105 71.4656287271156 138.655654163458 77.1411123830734 74.4969171834036 79.7399601941513 82.6901121027543 85.1721045688761 100.019888650575 141.822307944327 125.89329673978 137.519686222751 144.58720993479 148.705888348134 130.619824374423 166.407867857044 159.903594970703 146.218764435453 128.97414343933 145.084600760884 143.217600367865 0 156.667984569804 136.643627049149 157.126100267445 88.8983073055948 159.833524109231 232.010082945454 137.817019126499 191.054991732694 157.075494016382 142.693736369029 117.375579797383 159.218951247212 212.275138041017 185.935822051264 153.183537082911 119.446638123497 90.7553996085794 139.75189376162 119.313429205266 169.179044366441 183.352645331725 146.749364090575 132.175505744399 151.919836762298 126.212162034036 0 223.680923461914 144.146909914323 140.29775168923 175.968650908448
17.0209927087446 114.655520870158 109.637365599532 100.424478842047 27.4407470154877 64.0617838780512 57.2670523174696 43.1630306090373 79.3290261212313 97.4184967581639 65.9069170255143 98.5762685831582 49.626535228414 31.9740185901307 96.9039069437004 111.842329430789 104.263292836236 94.7591960207069 105.374447895944 103.594011845293 88.1107857087857 97.9003578729303 99.2569068268135 83.1137042267876 95.0306589680861 114.796793570756 124.166587036528 90.9166670159681 0 32.2764921231243 110.48707363891 21.172808287028 18.3963366296838 31.9596035637912 115.350073735164 63.3339709285102 76.9028846212816 47.2177606960125 57.6770466370483 49.1494507859634 35.5337980606295 63.6252046850104 145.347269824946 142.121413667232 154.189560219566 156.050303534655 172.908479850906 174.53826886117 0 160.363291175159 137.126602483186 155.37863369595 178.927613823195 0 176.231917594496 149.174194902406 176.567592713508 105.538369587506 176.776918589068 126.406791512509 187.676356521633 174.492797843329 173.168531004103 172.305069832301 136.065162905243 181.733590208623 154.151748657227 172.427315369403 186.811414279852 137.371198598005 111.558115877872 175.342022708482 137.634562610928 119.51605710186 165.383944722569 165.420201716271 152.31780730502 182.125733902129 154.201243133599 0 0 164.444096380473 155.385255502546 125.12821048255
38.5644424095351 103.042764472041 74.3159250199162 99.515358324639 110.634038760871 82.502424775254 28.4132958002598 73.5308232120634 58.0079016724201 85.5339137740625 117.546018412795 104.956123227326 112.325797271286 67.212499247943 88.1103320877302 73.9682675446747 74.624215918599 126.858688728872 101.674269399063 106.971440528457 27.9738295410999 62.2589780591241 54.6969027326903 63.2038236738257 136.280997920238 109.456872351593 98.4164013344436 43.182936340877 32.2764921231243 0 151.850234985352 125.852181469128 47.4406282680857 38.450643820571 126.412152350416 62.4510026279698 66.3705570834368 59.840388129754 63.3035994179326 77.6458149986896 82.4335360164182 96.5070239845487 136.246113170498 146.735782953824 140.139857647769 137.322446635244 147.3898738751 132.965206719596 169.159301757812 139.016019015826 115.67490760227 147.976814774556 163.997854070167 0 160.756665210401 133.767017766174 156.38102290547 89.707964968269 150.135607392384 180.044326782227 178.439494110723 176.526178422466 157.792356439267 145.422374027234 109.878869482331 159.486317664869 175.961853027344 173.596857086806 183.998092651367 118.727851924953 85.2489258431162 131.211881733328 120.019846283774 145.468215942383 172.874734608726 142.648055807505 126.263004107981 157.616538333415 126.245182436554 203.271881103516 172.240844726562 129.043598857955 132.968871417285 134.758310813172
149.100738525391 64.9180921589038 100.236092407584 0 0 0 181.775729341191 121.77248118699 134.053092398445 0 25.7183197800352 0 11.7330371857215 110.235159603353 171.600296020508 113.608722936142 90.5890543900946 47.6262120900728 59.5485167689459 0 164.847133107365 101.375540549384 112.303087314384 147.341893691196 46.0094281191557 15.8073515152314 31.7060326058995 162.046936035156 110.48707363891 151.850234985352 0 0 0 72.3538855292852 0 105.095064547883 55.1787485110385 66.4515240286499 86.9454452020658 146.00588126651 0 59.4360503714947 161.70964050293 83.1279823053762 116.562098783775 127.324172973633 0 0 69.0967544883394 233.507965087891 103.704598275424 141.044645759176 0 0 0 0 0 205.447189331055 0 93.4267323655761 0 78.3935406455257 0 0 0 183.851943969727 99.960933689111 109.806383482303 0 0 0 0 0 65.8307468466226 108.826221833522 108.506117977465 0 0 0 58.8176573142663 0 0 111.70681815931 0
78.5825227620387 178.361389160156 124.297764445185 152.383163452148 13.2400115425542 19.1651353376425 123.527027013479 23.0969547361184 124.134582895664 129.889225012403 66.5933620647784 111.178421701348 48.2709228426065 18.7524750350306 42.740796832097 0 129.665974272982 106.492846959719 93.9289623713715 125.483968347697 147.405311980163 0 167.733406110353 106.111697487786 88.5402085631113 93.1677713368407 121.421606406224 150.881510559438 21.172808287028 125.852181469128 0 0 71.3906103125147 20.5348569871497 114.271571513049 77.9062832954073 85.3250396442405 45.7042917386395 61.0365378113272 38.2089457871879 19.4466436999708 68.6161098508421 0 0 0 0 0 0 0 0 0 0 0 0 0 214.096915586915 234.155044555664 0 0 0 0 77.5074920654297 244.574249267578 0 0 0 0 0 0 0 0 0 189.685851437311 0 154.586120605469 0 197.135948027458 214.573257446289 0 0 0 0 0 117.538933847514
