0 125.44674118658 96.9120249967846 79.4245372180155 0 66.6346190759265 34.9257188707285 38.0839132460514 66.3775685086331 57.4905078224032 110.362120235332 85.8417253181927 142.025193894334 23.6742649948883 77.1312026977539 102.290549844192 99.7761896956025 133.498756206345 114.547711482564 83.1333395275054 79.9795543771236 77.1598266233111 91.4362940550426 70.3712058698438 141.636367797852 115.556001315836 131.343215212893 74.0456846986593 20.9009241234655 35.1106976543496 164.928985595703 77.6646683951901 31.8400380387718 61.1997781119171 0 74.1734689822986 108.448372651936 73.1131736044124 87.536993886066 70.3804455373025 64.7885118351405 167.804122924805 149.060207511876 170.350321915094 154.758030242512 151.550639138583 140.457857252502 143.92241258673 0 147.42954664329 0 158.425802946461 0 0 0 138.628915469635 169.008353782743 79.0782850949196 151.159582503479 197.754805243112 131.008560180664 229.064643488002 165.491911278074 0 127.462460634825 180.795570351472 0 185.093734741211 147.435979446678 131.29660896194 122.255891714946 157.313104517195 118.321263093861 0 171.313668015474 159.526637400506 128.668115378621 151.517653996561 141.161965365855 0 0 141.934875541566 156.475626964328 0
125.44674118658 0 42.9703379728733 113.254526261586 0 150.721015629834 118.171513720924 141.39899203741 70.0120313797033 135.687447590485 57.9167115823446 87.1311736753412 45.1536847670058 131.270129199512 0 69.2525764895572 51.0774815281168 67.1132968512371 54.5161416634429 110.418479919434 91.5992874010687 29.8792003105821 66.1430560819494 79.9541947372943 23.8107960038726 47.1861827783077 32.2701270448592 97.9038165450509 118.352739303174 108.274230930558 64.2509606187372 83.2895278930664 103.627847900026 59.8682668477921 0 71.6811201690405 44.2782355011801 57.1166486364085 62.9143175776436 86.6423808361032 78.1023665156456 41.9807351773476 92.6880588051344 59.6979812416347 82.5408139389964 89.6773732286914 0 0 62.6368178283888 115.694902815065 23.9862419439213 74.1996244143079 0 0 187.784240722656 156.239179998828 174.027602424597 58.8743861447233 0 89.469156411256 0 72.1341574491884 207.933364868164 0 176.048492431641 78.3098312058281 80.2619172736361 81.8376401274619 0 123.083448391279 43.3869608983061 106.818905892975 119.867664059799 34.7830276003941 71.6207115934364 67.2245369314066 124.501599930292 168.641050867482 125.624342328057 97.7540922589715 131.250595092773 0 71.2987724143083 0
96.9120249967846 42.9703379728733 0 129.742126539198 0 111.485343113113 97.2128831607795 117.745634442296 99.2845493686675 120.623991767795 75.669891468703 136.245523087683 91.7269160305928 112.17511493914 0 80.2445330567211 34.7523660751242 74.0098283026647 59.7300003022113 140.956203530732 66.449116347797 64.8260962819616 39.7463532056931 95.3970173856023 87.8571454180598 27.6927029295216 37.5823971435421 83.5391324458321 113.398625549276 84.9081285369986 87.4076308092503 95.4420013427734 96.4531953415074 60.1386670567278 0 67.5871861124228 45.9869097703063 55.8716874134812 59.3621718947895 82.4624280308151 96.0344199876708 85.3399265269191 118.521975883824 92.6503863767229 107.03773871922 112.760471084634 116.380416805187 136.968765258789 106.722671493284 176.504736176837 63.0174546154143 93.1363692403276 0 0 182.362009209252 169.263736667322 195.368770254981 129.587196093513 193.709271861734 124.537149836114 0 123.60289299319 183.805037530021 0 129.640957235835 104.47592394229 134.253161005016 116.181884126217 0 140.408221004928 90.7116635096808 115.956372201368 146.622356741792 96.9004539282963 101.218895203657 92.2712912587113 157.48520406429 159.579202207069 145.143527014682 130.394381888795 239.866271972656 149.427784591385 108.51753756139 0
79.4245372180155 113.254526261586 129.742126539198 0 0 69.9125025372841 44.5029003309616 99.1916951484576 61.2659601526491 23.9891164098953 153.679009305935 37.3065255256736 183.309646606445 104.299238167984 58.0748245776476 111.288932432879 164.755303212343 191.870233838809 153.912097913321 11.9575487574554 101.368051024165 76.1070951360339 115.317416637697 25.2403417403736 123.351066589355 177.798050595086 141.565254573052 18.3859239350508 103.30569122866 97.9231758246289 0 136.598973000128 89.6612929725379 107.360720326513 0 97.7443010368174 126.571370091609 100.446463376833 108.780689500514 60.4599037092541 110.93837720919 179.804565429688 144.112352905579 0 202.293192065067 170.29704284668 86.1935958862305 0 0 136.63824363125 158.350173950195 203.887067361314 13.9792033088592 0 141.659615081529 138.367616599632 158.948124175203 78.5181273086756 144.15614254698 0 25.4251939877791 0 165.663445792191 0 113.578330993652 0 0 229.091781616211 141.475066294136 179.879201749609 0 171.385615801245 113.740761737051 208.941513061523 247.802749633789 173.496276855469 135.067074901415 180.469470163292 150.839938512694 0 184.351303100586 138.870834350586 179.993708867502 0
0 0 0 0 0 12.7015073193999 108.80983432333 14.2556702360239 0 106.272474974288 47.0515002295194 118.482666015625 0 20.8410706627727 0 0 0 78.7198028564453 81.6706314086914 0 0 0 96.0065311175364 0 0 85.3516657717828 103.388667834768 90.3562088012695 15.2960189739287 78.7960510253906 94.1565170288086 12.2326092264241 0 14.8947108753117 0 44.7332541060019 59.3833849690458 34.2438759501574 48.024486541748 24.6071623748655 10.1017985344826 49.7251892089844 0 0 0 0 0 0 0 0 0 0 0 0 0 0 0 0 0 0 0 150.165771484375 0 0 0 0 0 0 0 0 0 0 209.119491577148 0 0 155.961181640625 0 0 0 0 0 0 0 0
66.6346190759265 150.721015629834 111.485343113113 69.9125025372841 12.7015073193999 0 53.6912251593717 26.2356632991799 71.4805615835036 25.4674327291086 80.7539871173672 32.1733348629757 93.7554282693343 35.8227410122926 16.022987095809 109.766117062775 122.660520485601 116.178808401484 128.367988530043 58.5535083314843 95.5996034123325 95.8107374908763 106.808696901718 67.199581919749 101.319912087353 129.645602244885 133.920176727318 69.076015712018 34.8416101427453 74.4426997083939 98.4521713256836 17.1051738519812 86.545643834872 34.322341528963 0 88.7067289923384 99.0644633252073 61.2608468232437 92.4909672885833 16.9944004795219 16.9417603135881 68.0350980913575 157.689171202411 209.67414855957 160.640563790695 193.793578031308 105.746922270656 173.539764404297 0 147.038702541178 182.394208527934 169.548292252418 145.659472594483 0 152.254513202571 139.388186992815 167.099283382831 80.8016811038564 150.761014336954 0 0 185.177527219648 170.113231399267 0 142.471449557471 0 0 190.17822265625 140.314733968905 178.716055278163 135.191230442863 171.112364614642 120.417504092503 0 185.940362655091 176.147050060943 137.614092562442 176.737312517982 157.140735942817 0 223.879806518555 148.544716821939 160.791713457255 0
34.9257188707285 118.171513720924 97.2128831607795 44.5029003309616 108.80983432333 53.6912251593717 0 62.3550445648843 59.9726871782372 30.6455985030122 132.484844068779 60.7246438646609 161.980322823926 47.6014445730247 80.2966708074162 79.479100525326 74.91766171818 147.277628580501 124.71600429069 50.1474897262543 73.0113729621042 74.4101732668139 85.8485778325641 50.3607095318002 152.449116657354 124.168448676752 107.107883796547 36.0373304053096 65.9521718084615 29.2324035760444 170.961641407235 116.939307759091 69.5499516685941 82.8967167325932 0 81.0521298613728 108.840726393116 83.2645944422262 93.9647245335888 72.5881916256739 84.0492513998063 143.973685987622 144.15676783543 155.277421282115 149.456655355479 160.182876701167 135.354413495232 161.722825722914 0 135.003725935546 142.577930394944 156.825234866828 138.911410974526 0 146.26186436919 129.80026010352 150.259789703885 73.1631240084531 138.601710125007 216.343009335184 113.443482888041 190.993247776724 155.455471611101 103.688283301324 142.23462364027 183.522710191193 225.19411136501 192.817365901218 137.764354736466 143.593041451433 114.020211935515 158.389331195049 110.011768180569 0 184.404937535857 153.872667698264 125.750082101714 156.847384493425 135.28289252495 0 172.693939208984 141.740061991762 158.384289860596 0
38.0839132460514 141.39899203741 117.745634442296 99.1916951484576 14.2556702360239 26.2356632991799 62.3550445648843 0 84.0546694603384 53.4587629357923 73.6240420695098 78.3201224079736 90.7278004743499 21.8383503557274 23.68989526171 121.706530077977 120.852850871488 110.794879536799 118.897596313942 89.862211370122 100.747353842889 103.51270706818 110.443761713186 86.116004146116 100.358087150879 123.225907010941 132.475582040184 91.2092934508927 38.4867114962056 77.1423183151033 136.823454802757 17.2493480793819 86.534407984816 40.525901166458 0 77.2733657470069 85.6790753749962 57.1940402563884 77.4523371853513 25.9507572256675 21.4034315898866 70.7002164458786 167.332435283029 177.511546463612 165.223548873289 166.442787595966 139.729996818601 191.368937563344 119.176139831543 164.882899841157 191.710603895896 181.53992453881 199.015838680784 0 173.290389963692 152.545669420144 182.241161905551 100.434418730384 168.06848479094 162.489025402059 106.636781166788 164.829107049763 187.111558969416 0 150.519544884276 186.96764075465 166.442247484682 183.416416623492 151.062733138671 178.274375835806 127.775072588006 182.877805878344 135.227755300449 166.058006585592 187.789180952645 178.763190144288 147.81821270902 173.496388357747 155.191470397072 0 0 158.100752146538 177.473969502664 0
66.3775685086331 70.0120313797033 99.2845493686675 61.2659601526491 0 71.4805615835036 59.9726871782372 84.0546694603384 0 69.9144747088273 129.750084315963 14.6270050065576 116.243287173738 86.3287732135608 14.8939911911282 61.888807801671 120.293726480139 140.988830613755 133.330509349951 57.6056535937102 80.7987270551474 22.4933438705713 98.0471525946764 26.9723800942982 98.6776820141322 123.400542179835 89.4730673657978 53.2307659746832 78.8274927718023 63.1520168083714 133.233203468286 117.905593800333 67.4641492769415 75.0950470220852 0 69.6937009807096 106.993236738518 79.6843916374848 92.6901778012752 14.5187519294987 89.9300512018763 112.822632856413 88.2570726879247 135.437919229512 107.643966605296 135.291998174114 39.647906307435 95.0047880469694 184.185897827148 85.762652552399 112.563657426875 131.985405433921 82.4232290342067 0 84.3456199068631 76.2608890107937 98.651972586608 23.1676425731933 82.9550207392561 143.150908432328 48.3703462456913 157.630463460346 96.6387537026185 43.4231290224499 94.9492896052691 150.343150799009 183.161889440031 177.135726637162 73.2095421770914 100.754557377198 54.2722313733081 125.062205018446 54.3161056632649 122.047568920908 145.574698953322 144.322689141796 71.9867624117962 95.4913023494885 84.7226642107709 0 0 80.1373529632309 99.1309463253575 0
57.4905078224032 135.687447590485 120.623991767795 23.9891164098953 106.272474974288 25.4674327291086 30.6455985030122 53.4587629357923 69.9144747088273 0 133.609342129283 25.1994024414796 159.802149581971 61.2096893959352 64.2338788276694 99.2174060694475 149.016360237942 164.297053163385 154.605520135891 18.8663932808966 96.1391260719853 98.477033249371 106.544061503861 54.7595617132359 168.027748006379 150.141220303819 136.872200282171 33.7659058955559 95.2071272139273 83.5482484081163 172.007083554447 111.006351738286 88.3017846971362 99.5193720309628 0 93.5482481356243 134.138645610153 93.8763994306074 104.058201257078 71.3746006025035 94.5240033726837 130.428404703038 159.478809775794 166.851890558448 172.956225504645 173.08233062943 135.030419161918 179.857658377811 220.975173950195 152.538299402499 134.074996948242 187.923388906046 58.1186732753217 0 149.931779535565 142.264556606893 165.119438783303 86.4012472127766 150.39617824199 213.499038696289 49.0865307836535 215.020928711078 173.064834629365 0 159.357179732773 189.059171918809 241.560134887695 225.766515497043 143.684743262589 172.683207988965 124.11069806177 178.253087646155 120.218943114528 178.188855181675 217.823173214906 166.082361548617 139.845144106007 163.903205378975 157.074648095244 0 203.267324161245 157.245261959056 184.489161124522 0
110.362120235332 57.9167115823446 75.669891468703 153.679009305935 47.0515002295194 80.7539871173672 132.484844068779 73.6240420695098 129.750084315963 133.609342129283 0 128.143620675994 20.5915319195577 75.2077929692399 69.9478607177734 118.375445049643 51.3867784709601 24.3930046703528 28.0025451844423 140.390155802349 98.5327127502957 102.857342664291 81.6549122621289 140.841798036058 31.5376582178926 30.0814259242555 48.1187370932845 135.743011725571 74.3880328008408 107.905700085361 21.4430028558795 56.2085022197471 101.140640842988 23.4047591080111 0 77.3775968222937 24.7546181623527 26.6490344507566 46.266536057492 66.7121604854364 49.3054694881766 21.8721173950075 150.351959599554 63.4832257566439 107.610643450549 115.179553884359 166.501147855756 0 49.9100345808989 218.214431762695 83.3055914850241 140.66971550215 218.489152669087 0 175.872495927854 198.39069674499 169.825225691356 162.570063953918 203.820007324219 77.9559584528542 152.230361938477 68.4819942314496 187.833230572457 0 171.836066705879 141.247145349733 95.1986331110317 110.978180423633 208.07666015625 165.653667989096 122.149186783363 157.687997042173 197.424653981292 62.5247477039243 99.8839566831652 103.866085872905 186.725854033925 183.4752934847 170.686164659728 93.0467383274552 0 0 122.002164103818 0
85.8417253181927 87.1311736753412 136.245523087683 37.3065255256736 118.482666015625 32.1733348629757 60.7246438646609 78.3201224079736 14.6270050065576 25.1994024414796 128.143620675994 0 109.033407133531 91.3101412265617 33.444036965476 121.820022755168 189.909548702868 157.231235649601 146.709486030441 12.9416930419357 128.410529770649 58.0817856772653 125.661048008784 23.3015012776406 116.335731804159 161.180303558439 122.365045782792 49.5825290246342 101.6749017982 103.892894447771 184.708618164062 108.020145663636 95.1390509647168 101.506928510528 0 102.633339184819 131.813501406416 99.7638534087962 104.623770485473 28.8423545979082 96.6205644888612 147.269012451172 98.255618068595 139.959808349609 163.876333810139 0 95.422264298759 0 0 0 171.882263183594 0 58.6533470791106 0 39.2412372670566 114.09937678006 103.15516540141 45.6207965278669 36.64629525321 0 13.734265479864 197.090420050124 121.003969644336 0 105.514517655496 0 0 0 17.8973726213664 128.388264014185 139.605350889984 166.400334379967 103.875935425601 0 188.602238245693 201.042683522566 103.363472449254 180.86051940918 181.923979165159 0 0 121.9755859375 106.644416809082 0
142.025193894334 45.1536847670058 91.7269160305928 183.309646606445 0 93.7554282693343 161.980322823926 90.7278004743499 116.243287173738 159.802149581971 20.5915319195577 109.033407133531 0 86.3020094903791 0 128.627794065208 86.8061715312476 50.1876188499991 63.2446644867105 152.207702636719 150.695186026309 85.764567545809 118.399615166551 132.493529560538 19.0513651790506 17.9909921347068 21.879846276941 153.859374934091 78.487940727095 138.785210739355 8.16026638467829 69.6474444154873 169.296936416154 40.3187789597316 0 77.7821904745779 29.9640011536555 30.4409908357535 28.1948384709857 94.5369096271877 24.1631363731025 19.6905120999266 143.78559813967 56.0859135896088 95.4822661056032 106.930982211477 0 0 38.3252111155228 166.384688525554 60.1634316813936 128.386627161392 0 0 189.528961181641 182.036392674266 181.847640991211 161.272945884443 215.073333740234 68.8506158923094 0 59.2572315425194 153.09014640146 0 189.560305702302 111.144343782046 88.230140036606 102.381623554083 0 165.174591064453 140.232038547645 154.761251685703 206.656684730796 51.5891338056148 88.8687639470141 90.1377723614468 160.176361083984 208.280140219582 0 82.0104175624212 0 0 94.4583565569402 0
23.6742649948883 131.270129199512 112.17511493914 104.299238167984 20.8410706627727 35.8227410122926 47.6014445730247 21.8383503557274 86.3287732135608 61.2096893959352 75.2077929692399 91.3101412265617 86.3020094903791 0 37.2361384894907 118.571978274663 115.085357119625 117.557594131333 121.172065969746 95.2922031367811 93.7681247138554 97.9957725485705 104.616135455637 88.1653459516002 108.065612313993 120.795262886612 129.894693811146 90.2986641883546 36.4580971520849 66.1897000099292 118.249396666898 12.6736025881009 62.5249738596482 47.2817176028094 0 75.1296707771001 83.9339773611284 58.2370372460758 86.7205822968579 41.4384387490619 34.5475322312742 72.2378118665959 163.628704514312 158.822360979108 170.538777421576 180.06690270958 171.742253342823 139.63020324707 0 159.545158553031 130.533192297913 174.395767309589 176.974802768393 0 178.689451758011 152.28716949999 168.426828837381 103.725379955334 160.297308556881 174.140670692388 133.807375588574 174.908006490837 181.792743432906 136.63117980957 148.170950862641 182.228867568272 213.481872558594 0 126.211584413153 156.402053366886 146.855594064616 172.393883334077 137.61664922346 143.898039876461 182.884475935757 171.86665180827 148.918402970125 171.44175260719 158.155405991301 181.528915405273 0 157.848628248561 178.002762384832 0
77.1312026977539 0 0 58.0748245776476 0 16.022987095809 80.2966708074162 23.68989526171 14.8939911911282 64.2338788276694 69.9478607177734 33.444036965476 0 37.2361384894907 0 0 0 0 0 54.5197607829686 0 67.5292663574219 143.34700012207 28.5033912713118 128.127151489258 0 81.6772918701172 65.9498833279751 57.7980723275271 0 0 0 0 73.9573445420871 0 67.2668151855469 0 118.67301940918 0 7.46080957503059 0 0 0 0 0 0 0 0 0 0 0 0 0 0 0 0 0 0 0 0 0 0 0 0 0 0 0 0 0 0 0 0 0 0 0 0 0 0 0 0 0 0 0 0
102.290549844192 69.2525764895572 80.2445330567211 111.288932432879 0 109.766117062775 79.479100525326 121.706530077977 61.888807801671 99.2174060694475 118.375445049643 121.820022755168 128.627794065208 118.571978274663 0 0 100.091531970226 131.247461607948 115.819538815312 71.6750058397628 20.7164011711997 33.9100076966406 21.3194770239693 43.017013616715 113.307442175399 107.874659470627 28.3883002214487 42.8598040402411 101.513250039707 75.3166699802811 142.662356152566 174.051498413086 86.6185017351585 70.9696037389891 0 69.1269298282116 57.0887721755355 69.7545258134765 72.7536425908985 78.0414058011608 89.3797472548161 98.8718338012695 108.704112858501 89.5344379959075 113.451882549716 111.270525635565 112.127593365825 122.163314719844 0 124.497750403315 105.180310950518 115.565976373442 175.443877118501 0 166.559138056988 141.425450458028 145.24074436381 70.1528156345919 168.11520570296 184.971254921059 142.723351245717 178.708393600064 143.770156289728 105.773536682129 93.789589203983 132.808478882593 167.303580909964 157.637027241295 137.318130493164 108.743534857837 57.3972179997093 102.331373098466 112.936676538616 183.852081298828 145.043485240907 103.56005312465 115.550255035296 129.15905750648 117.156930281629 153.347595214844 0 125.729509715742 111.853332867673 0
99.7761896956025 51.0774815281168 34.7523660751242 164.755303212343 0 122.660520485601 74.91766171818 120.852850871488 120.293726480139 149.016360237942 51.3867784709601 189.909548702868 86.8061715312476 115.085357119625 0 100.091531970226 0 48.886904155697 22.6135821767766 0 60.8084978250305 86.5972612807179 29.6893553518852 124.638591115369 70.0529778209492 35.670337101773 65.2825000458774 107.500866473676 101.442888030528 73.3059299462039 87.252711901352 197.429936133851 91.6199805679274 39.4089469643875 0 77.6304157235129 41.0575238538973 52.711465429266 60.467135896993 96.924438220339 114.345647579993 69.840147667495 140.082222138597 106.003634112025 117.669548765974 124.198815587343 208.815902709961 0 114.790046691895 181.012372572985 73.7794766497945 110.787057165844 0 0 203.640660582704 186.770854866434 203.987569785551 151.831788303868 209.651162923222 120.789084949559 0 120.847170964094 197.725108312967 0 141.102293603784 112.729871851293 129.324678277007 113.723822532229 192.580764770508 152.134320828428 106.010684824992 141.041786357554 167.315249715159 94.9673195044174 103.015514776881 104.208031684759 163.81738411053 182.655806298753 167.4936249791 0 0 0 119.821984315549 0
133.498756206345 67.1132968512371 74.0098283026647 191.870233838809 78.7198028564453 116.178808401484 147.277628580501 110.794879536799 140.988830613755 164.297053163385 24.3930046703528 157.231235649601 50.1876188499991 117.557594131333 0 131.247461607948 48.886904155697 0 18.8256173862037 163.010995566806 114.169157006655 108.839992311096 93.4835497028832 153.050679628318 44.956902147689 26.3393852613444 60.2035528800917 152.113383475882 116.737085974026 121.226688540749 51.4586705414853 91.0982879678514 131.861687974426 57.1980665808192 0 89.0744094839594 45.7017245420918 55.6099005260481 64.2518309996752 98.4867391884393 80.7787980245628 58.4111257709923 138.541973068925 79.1394802938787 110.224373660474 113.035893530252 0 0 84.1952291660269 217.788445345743 79.9616522604262 145.660834487453 0 0 200.857650756836 199.990242078059 193.626846325906 185.457930465318 197.017822265625 90.483220349924 0 82.945624976491 185.840003117795 0 179.390727069147 137.530730906929 98.0879839505589 116.637784575615 0 177.266820834906 140.502996344255 171.528615984103 210.586258633644 70.7986083909053 102.547940391008 101.905850744449 195.573585597345 200.044036865234 173.327157974871 99.7155544478803 0 0 119.441241882382 0
114.547711482564 54.5161416634429 59.7300003022113 153.912097913321 81.6706314086914 128.367988530043 124.71600429069 118.897596313942 133.330509349951 154.605520135891 28.0025451844423 146.709486030441 63.2446644867105 121.172065969746 0 115.819538815312 22.6135821767766 18.8256173862037 0 155.630233764648 88.6203649755252 104.80626228925 72.2488319136552 136.993779050416 43.5261594024053 25.3826441546556 61.3895830625724 125.850152180143 112.57213379363 98.4442547335854 66.8060613520626 78.7656811977398 111.151432111394 43.5898488865128 0 79.3799098725907 45.5148622574316 49.7794043703269 60.1689787122912 99.8687899245842 70.684842001807 66.3544858878569 137.306053294857 102.851310451923 111.867581424239 126.469789521613 159.516535166009 177.504628338981 93.4311965026051 0 74.8157167319426 129.894191076674 0 0 0 202.09340746534 155.509976891636 0 239.51123046875 95.4541184053329 0 87.6726669175023 220.557009290469 0 167.061329510547 124.35720188437 101.0373401454 106.350579822744 0 163.07853120401 121.046070712312 153.842077013135 195.354104815613 76.0127122999078 101.433675868547 99.202421042867 194.949705138785 189.257217447384 165.065372661751 102.244407118752 0 0 113.287912395381 0
83.1333395275054 110.418479919434 140.956203530732 11.9575487574554 0 58.5535083314843 50.1474897262543 89.862211370122 57.6056535937102 18.8663932808966 140.390155802349 12.9416930419357 152.207702636719 95.2922031367811 54.5197607829686 71.6750058397628 0 163.010995566806 155.630233764648 0 115.095240732486 86.1985467831806 142.771158351977 21.4093134453169 171.970687866211 169.508550894704 146.739017509973 27.5813047919518 104.823883793038 108.192450637599 0 127.45915535884 83.3090022617516 105.725891438977 0 97.8230319886443 139.093333892081 102.000328790019 103.470941826929 59.993289703935 102.255966917844 167.437029494512 171.025227192122 0 148.087190237226 178.322601318359 131.908742505193 0 0 144.093655605453 0 0 17.2404603307343 0 147.106406879877 137.386174920687 157.555176314841 79.0897779078808 143.0778006737 0 15.4086453789929 208.863525390625 194.568798975436 0 0 0 0 0 113.141319274902 129.81266784668 0 215.360701015835 111.467413821568 0 0 194.728378295898 135.648502293749 134.903578629387 145.642210093062 0 199.824035644531 176.430938720703 148.865970564361 0
79.9795543771236 91.5992874010687 66.449116347797 101.368051024165 0 95.5996034123325 73.0113729621042 100.747353842889 80.7987270551474 96.1391260719853 98.5327127502957 128.410529770649 150.695186026309 93.7681247138554 0 20.7164011711997 60.8084978250305 114.169157006655 88.6203649755252 115.095240732486 0 55.7783198578984 39.4057334109619 49.5065072240924 121.557722623271 90.8372082382723 78.3163603457928 34.116721515067 79.3188070411121 34.4026711935712 126.459234810722 123.56113211328 72.9500368399525 44.1991003004342 0 64.2873189779779 62.0788989755708 59.7814747616231 65.2120509830573 75.2100477116313 86.7318433187122 140.102501479962 132.36317824394 114.135021482256 140.678514124195 134.919697892955 134.790616342016 147.445742571939 115.142166137695 137.038158715816 103.837456886835 128.943487710243 161.5693866082 0 169.937227126382 145.780239409071 164.24017446267 87.8038787758777 165.565191182596 176.985370352903 164.307448426512 182.20634937091 151.857963264977 0 106.967978997961 154.70534838164 188.125137359551 165.144853902883 144.438980102539 116.838900160575 73.2024695269935 121.55169866533 119.322311089005 138.941818117808 152.684469588002 125.738612307549 122.611049149909 141.026947504866 120.706570198731 191.035675048828 189.294845581055 132.207453712455 132.591543842043 0
77.1598266233111 29.8792003105821 64.8260962819616 76.1070951360339 0 95.8107374908763 74.4101732668139 103.51270706818 22.4933438705713 98.477033249371 102.857342664291 58.0817856772653 85.764567545809 97.9957725485705 67.5292663574219 33.9100076966406 86.5972612807179 108.839992311096 104.80626228925 86.1985467831806 55.7783198578984 0 60.0850252018078 35.9845861566352 67.8929513502337 89.9041225037801 45.8184084311719 50.5697565118364 74.0699753355737 59.7013239669739 102.588896545744 0 61.6517243308139 62.4666933523298 0 59.3655146709133 67.2923277593216 64.5550070877242 68.7176105043661 58.8544451622203 73.0069503702142 84.1738937286881 91.9559713143638 91.3867445502569 113.752655740029 106.409253810516 111.958827618856 0 91.9901827585715 83.9538729236012 85.9618166980151 101.00558407885 161.65855077518 0 148.097640539992 111.848293186294 125.662694673232 19.3669011853543 144.606395783548 124.549742803191 106.605449350534 116.046853954278 111.411037450575 0 72.0347599897927 119.548111642557 122.103196934385 132.651222475621 132.751824073178 84.0348590167204 31.9000134459312 84.7377667398451 71.7195373748081 76.5792164916255 114.257833671029 106.083724121261 78.5008927925781 109.324190094357 84.1176669305318 162.725982666016 113.26594543457 77.8467344326068 98.0772552057562 0
91.4362940550426 66.1430560819494 39.7463532056931 115.317416637697 96.0065311175364 106.808696901718 85.8485778325641 110.443761713186 98.0471525946764 106.544061503861 81.6549122621289 125.661048008784 118.399615166551 104.616135455637 143.34700012207 21.3194770239693 29.6893553518852 93.4835497028832 72.2488319136552 142.771158351977 39.4057334109619 60.0850252018078 0 75.6831946279856 115.31370153144 68.2942379532689 45.5728632244831 59.5302342665025 97.4327257490647 63.1871123434505 113.560636246657 138.139293150757 85.2185118457946 51.1585690585643 0 66.7877898523107 50.0228697201882 58.5590024394694 64.0341205226032 77.0259821040485 102.860943453607 91.8555977624752 125.190328308244 105.069637815547 118.736382319574 121.059015346055 148.134149143739 120.876354814915 145.890914916992 148.341675959933 77.8313977722264 107.529588497571 181.462702744748 0 171.081246717093 161.390626694954 197.123909933624 112.779876368468 175.477563072364 148.435797077985 0 147.492112483244 168.654398984015 0 102.864485165605 123.497342039087 155.608523762206 146.678530085701 0 122.739153457576 73.3166141907425 112.826153980148 133.644763749043 121.24999268316 131.647641722585 105.951088864181 139.680127588082 157.848829644567 133.673255646065 163.973578486878 0 130.962217486727 118.621680899491 0
70.3712058698438 79.9541947372943 95.3970173856023 25.2403417403736 0 67.199581919749 50.3607095318002 86.116004146116 26.9723800942982 54.7595617132359 140.841798036058 23.3015012776406 132.493529560538 88.1653459516002 28.5033912713118 43.017013616715 124.638591115369 153.050679628318 136.993779050416 21.4093134453169 49.5065072240924 35.9845861566352 75.6831946279856 0 109.701395257653 127.041686831479 83.8263689773911 20.9014389813969 84.1578295680617 68.1766492207953 155.638760227993 130.490911313236 73.4447565990991 80.4547868463397 0 78.5746153742174 101.551096043176 83.4745238705589 95.1624114191605 38.7250890451206 88.3918388127548 126.949942491722 122.905948740097 139.321482007501 127.266720745699 132.046338026434 109.100846402033 136.075645267257 153.924743652344 115.338224003224 116.053823000718 146.760534537069 122.54535317621 0 126.460486887466 113.456104748016 138.293841764287 57.8579579461878 124.971109799998 194.871192566874 101.475455145777 164.190963637908 137.787547971313 49.1386108398438 107.96659842648 161.217438655505 196.69484042787 173.614697558252 118.536620050261 115.467912405613 81.5463113799225 130.219806388536 88.9941480862613 128.179699247428 170.82886498996 145.321153970948 106.143396714972 131.959175524647 115.658192390105 157.316390991211 170.040009910966 124.205732718325 131.725880260965 0
141.636367797852 23.8107960038726 87.8571454180598 123.351066589355 0 101.319912087353 152.449116657354 100.358087150879 98.6776820141322 168.027748006379 31.5376582178926 116.335731804159 19.0513651790506 108.065612313993 128.127151489258 113.307442175399 70.0529778209492 44.956902147689 43.5261594024053 171.970687866211 121.557722623271 67.8929513502337 115.31370153144 109.701395257653 0 39.1271475710513 26.8808048764375 130.101297395469 110.221016238334 130.783393386003 38.38820827713 79.3764038085938 126.295656678477 56.5322880465527 0 83.0859763781815 27.1959130397504 49.5878093530574 60.9101109481998 110.418729932812 80.2739506022285 21.0674664829448 104.517016670903 52.5863619845916 77.1785002384007 84.4121924318838 97.5731658935547 80.3781204223633 34.310651590147 0 32.6025257601606 104.657799620776 0 0 179.719924926758 162.020814555017 151.34282684775 134.980405506655 186.9625771906 58.9099297679695 0 49.6291544029206 144.716747978305 0 0 95.390868146949 70.8592944354327 71.9625645179301 0 136.928131614676 102.399328038464 130.820701493566 150.195038195611 29.6244257483681 68.6125649977399 64.0153063964246 157.274643036256 116.614542156573 153.898857140311 69.5413221066957 0 164.925369262695 81.0760058598325 0
115.556001315836 47.1861827783077 27.6927029295216 177.798050595086 85.3516657717828 129.645602244885 124.168448676752 123.225907010941 123.400542179835 150.141220303819 30.0814259242555 161.180303558439 17.9909921347068 120.795262886612 0 107.874659470627 35.670337101773 26.3393852613444 25.3826441546556 169.508550894704 90.8372082382723 89.9041225037801 68.2942379532689 127.041686831479 39.1271475710513 0 30.1496503921776 115.538926591994 116.996110699065 103.414568129404 19.5640937872789 98.0928928256944 115.701270756343 56.1887865307397 0 78.4787698382512 43.9282691182165 55.4230236881606 62.0941673796198 97.0661778917724 105.717683094782 54.7239560137669 130.588162288717 86.5177506486039 105.373993392354 115.069501441707 129.224767552611 228.46484375 75.2626712169124 182.83282161042 69.4656913157838 110.285495334102 0 0 198.11818910742 188.750031519797 175.556416374026 157.926376904994 210.291059414043 88.9545951103922 196.445220947266 81.299207072961 177.573350404989 0 156.362312099884 109.88043961793 98.6134240714355 100.849134050007 0 160.455820729664 109.804429896676 143.975227186762 174.907029157599 69.9843137237736 93.4014269622236 92.3249693918789 178.339016133911 175.480772573672 157.668181503363 96.2132123337224 0 166.714978909909 113.017114156436 0
131.343215212893 32.2701270448592 37.5823971435421 141.565254573052 103.388667834768 133.920176727318 107.107883796547 132.475582040184 89.4730673657978 136.872200282171 48.1187370932845 122.365045782792 21.879846276941 129.894693811146 81.6772918701172 28.3883002214487 65.2825000458774 60.2035528800917 61.3895830625724 146.739017509973 78.3163603457928 45.8184084311719 45.5728632244831 83.8263689773911 26.8808048764375 30.1496503921776 0 82.2282420869109 124.271237232458 106.775478082292 22.128113878088 108.305199987294 114.31918588767 67.9474984868941 0 77.6036668902468 51.2658443092945 64.1851935175439 69.1830179710342 89.4083829085161 94.7932417068136 56.6220138827201 119.383951544607 88.2431208188343 102.167790823631 110.640188142411 145.476921356703 122.749079768079 85.3508921602835 163.466482299122 57.4599804219468 93.4410447585423 175.962202990276 0 193.639254321385 168.456385432938 190.645874744252 138.890480218423 189.751596146323 91.7736408998714 198.664997454587 79.9419236746093 176.709239789013 0 110.132318165185 102.109235912085 97.7211293727515 102.439645652998 188.525909647977 136.569268745744 80.8385381964532 111.15540535035 154.467676325773 70.4857630417172 93.7800435314586 89.6383195277805 156.346313978311 170.126532251648 150.623253973638 95.7773834156797 0 175.862928975515 107.975868547067 0
74.0456846986593 97.9038165450509 83.5391324458321 18.3859239350508 90.3562088012695 69.076015712018 36.0373304053096 91.2092934508927 53.2307659746832 33.7659058955559 135.743011725571 49.5825290246342 153.859374934091 90.2986641883546 65.9498833279751 42.8598040402411 107.500866473676 152.113383475882 125.850152180143 27.5813047919518 34.116721515067 50.5697565118364 59.5302342665025 20.9014389813969 130.101297395469 115.538926591994 82.2282420869109 0 88.7199874112034 46.4675475271688 153.70256010601 132.892170916023 77.4816888881491 74.8400037994969 0 77.1808006794385 89.2855203212077 78.8075723545865 85.9184675006097 69.6211268081688 96.7017838424968 132.665605962947 131.463616066578 155.32328624467 138.752541055693 146.93735573808 121.070217848364 142.555958458754 0 126.312156794743 127.766002710583 140.280772073034 121.300717200647 0 142.835679744636 124.963865649858 146.630549893466 71.2369013088231 139.314058290017 194.216609233746 115.776874054065 196.534208974957 148.190922342717 131.821901371848 117.979716685024 169.302336189865 214.003197419144 187.303245964705 129.10147810064 123.948028668696 89.0806566014146 135.157772123284 105.398639959929 168.665148134537 173.73237842484 144.572835635889 117.814293517939 141.952502707822 124.330287348274 167.587783813477 182.110261199545 131.445351745058 144.240465197484 0
20.9009241234655 118.352739303174 113.398625549276 103.30569122866 15.2960189739287 34.8416101427453 65.9521718084615 38.4867114962056 78.8274927718023 95.2071272139273 74.3880328008408 101.6749017982 78.487940727095 36.4580971520849 57.7980723275271 101.513250039707 101.442888030528 116.737085974026 112.57213379363 104.823883793038 79.3188070411121 74.0699753355737 97.4327257490647 84.1578295680617 110.221016238334 116.996110699065 124.271237232458 88.7199874112034 0 41.2535297056346 168.078613446241 14.0481043162271 18.8031738594296 38.3724387992436 0 62.3508092592728 81.3181970744163 49.360033437311 77.341123695125 44.8572634559272 23.7841386917922 79.8219744645481 150.968237358624 141.329210362782 154.544158538791 167.569529207059 155.857846965034 164.525214192117 192.627151489258 151.633125413563 142.241356452937 164.35700340765 179.396141667152 0 164.025475936507 151.106468890093 171.183635234682 97.661630655354 167.297580833148 189.53968656258 165.778090470072 176.270256873284 171.820480051221 0 124.848172604593 185.605984289872 177.366647791077 203.646683739882 154.625051333176 137.253708642516 106.301460939376 151.930243041543 132.500290573863 157.025270234924 182.518315125862 169.914576057133 141.310429403665 163.677917204878 148.067161789876 0 231.87077331543 150.466748044482 168.774737202275 0
35.1106976543496 108.274230930558 84.9081285369986 97.9231758246289 78.7960510253906 74.4426997083939 29.2324035760444 77.1423183151033 63.1520168083714 83.5482484081163 107.905700085361 103.892894447771 138.785210739355 66.1897000099292 0 75.3166699802811 73.3059299462039 121.226688540749 98.4442547335854 108.192450637599 34.4026711935712 59.7013239669739 63.1871123434505 68.1766492207953 130.783393386003 103.414568129404 106.775478082292 46.4675475271688 41.2535297056346 0 151.738827511196 114.764905910993 51.5327564759401 38.4086753081196 0 65.9091425773297 89.8511069965143 60.283924774292 71.6306031577001 75.5925239509405 82.2844032975704 140.508276980351 141.486939933056 144.643617720569 143.050413109123 149.735128350523 140.139577677262 136.026960283192 146.565048217773 130.598767702166 129.349127374625 144.726099828556 153.246328841246 0 161.512980822996 136.319672138652 158.029958991047 79.2094824207659 159.897392085289 189.456096271811 207.693197495484 190.518706279728 155.493723804886 0 117.012521109829 160.898398142863 191.487429676033 182.901537604577 155.078461642651 120.880736478705 86.7726285544558 130.359807245148 116.903579984285 128.021292946359 165.041633283965 147.950724609741 124.607404110565 146.913182108208 130.404359782334 214.765455059426 195.847747802734 132.986529628489 142.777936820667 0
164.928985595703 64.2509606187372 87.4076308092503 0 94.1565170288086 98.4521713256836 170.961641407235 136.823454802757 133.233203468286 172.007083554447 21.4430028558795 184.708618164062 8.16026638467829 118.249396666898 0 142.662356152566 87.252711901352 51.4586705414853 66.8060613520626 0 126.459234810722 102.588896545744 113.560636246657 155.638760227993 38.38820827713 19.5640937872789 22.128113878088 153.70256010601 168.078613446241 151.738827511196 0 101.416203175659 0 66.8945896164118 0 107.658871302775 47.1450770310332 60.2974749757306 73.6721942164582 132.558233275201 0 51.4574890070396 155.70189673639 67.4835069811482 114.89556491427 115.95369720459 0 0 65.278758326113 0 78.190987298865 148.039031982422 0 0 0 0 0 181.578688675126 0 87.124566318903 0 81.0677290640165 0 0 218.016891479492 133.5943517619 102.734350062672 119.590776667556 207.875579833984 185.861874265015 147.433914129446 160.994706341987 150.333419799805 70.6340915822067 107.308889066674 107.705640800657 0 0 198.893378467661 95.8769393017382 0 0 132.950042724609 0
77.6646683951901 83.2895278930664 95.4420013427734 136.598973000128 12.2326092264241 17.1051738519812 116.939307759091 17.2493480793819 117.905593800333 111.006351738286 56.2085022197471 108.020145663636 69.6474444154873 12.6736025881009 0 174.051498413086 197.429936133851 91.0982879678514 78.7656811977398 127.45915535884 123.56113211328 0 138.139293150757 130.490911313236 79.3764038085938 98.0928928256944 108.305199987294 132.892170916023 14.0481043162271 114.764905910993 101.416203175659 0 68.6471282877166 20.457752546664 0 76.864816369728 56.5777621021729 41.3319845580205 58.1088791815042 32.5996004478261 17.3233158493814 56.9973087778947 0 0 0 0 0 0 0 0 0 0 0 0 0 176.708643901359 0 0 0 0 0 0 0 0 0 0 135.263259887695 0 0 0 0 0 174.618240356445 0 212.058059692383 112.541191101074 175.796283290042 0 0 0 0 0 0 0
31.8400380387718 103.627847900026 96.4531953415074 89.6612929725379 0 86.545643834872 69.5499516685941 86.534407984816 67.4641492769415 88.3017846971362 101.140640842988 95.1390509647168 169.296936416154 62.5249738596482 0 86.6185017351585 91.6199805679274 131.861687974426 111.151432111394 83.3090022617516 72.9500368399525 61.6517243308139 85.2185118457946 73.4447565990991 126.295656678477 115.701270756343 114.31918588767 77.4816888881491 18.8031738594296 51.5327564759401 0 68.6471282877166 0 24.6827451223397 0 44.5303766873073 76.0419314988389 38.0511273814534 66.4977531412107 59.1638727443327 46.9126954981124 99.6275253295898 150.591584003346 159.460739135742 147.04215381566 189.733835430922 141.774892924456 0 0 143.093849262061 132.42805480957 141.821935010618 166.062286376953 0 142.419067382812 142.729083749488 164.673504270476 76.9577901263623 155.749238593229 225.376403808594 0 0 164.393932249894 143.826217651367 117.707173297704 0 0 0 154.108352661133 124.186308313204 77.8665280586847 140.008337778374 122.776390995567 0 161.372708878412 172.904387438375 127.003463969661 168.053006216741 126.567773991596 0 0 128.331064510237 185.227171547231 0
