0 8.54063415527344 151.523759514093 7.75909060239792 8.87302377820015 128.338133245707 3044.91699358821 996.117784619331 102.11965611577 140.396199405193 23.0719996094704 2.75194585323334 10.8457754552364 12396.9136855006 5.21769487857819 16.6167761385441 140.241934210062 5.75266209244728 27.4280970394611 7.92638888955116 184.956901073456 19.8796447515488 282.164049625397 263.864464640617 0 143.174628704786 62.1989662051201 474.057643949986 12938.0376441479 3579.96825647354 0.719279289245605 29.4658319950104 219.627206295729 314.929558008909 8.79797929525375 252.352595597506 16.2914817333221 231.833170384169 38.7492125928402 91.8866619765759 44.0855795145035 0.955903589725494 9.01745170354843 0 7.89974591135979 0 4.84043711423874 0 0 1.41686886548996 1.31705164909363 2.23986899852753 0 0 3.25916960835457 12.7115014195442 3.27263420820236 12.3097593486309 11.1029229164124 0.89553028345108 0.493519186973572 0 3.92013216018677 0 5.39011138677597 0 0 0.638103783130646 1.03824508190155 2.81660604476929 1.11421179771423 5.54033517837524 64.6873898208141 0 1.81694132089615 9.10168862342834 47.31703171134 11.7188545167446 5.0388787984848 0 0 1.00756120681763 4.79720568656921 3.94108027219772
8.54063415527344 0 668.719500601292 1.55676802992821 2.12762802839279 5.25861492753029 27.8967734575272 10.6669151186943 1270.19742825627 6.95346856117249 178.449724674225 10.8042106926441 610.384993463755 14.6040343046188 47.5467771887779 162.889669448137 477.720646053553 44.8346097171307 202.56724268198 0.561984360218048 58.1687347590923 2075.64619091153 235.919549673796 682.119101405144 2153.88205170631 1354.17381444573 6573.79808801413 104.233424186707 13.6729664504528 57.239407658577 42.7948258519173 0 4.449083507061 215.29711124301 3.49927014112473 272.978761970997 256.557094365358 430.659091472626 127.556688040495 123.402946919203 0.789616823196411 67.3429419994354 20.5284536480904 16.39200091362 34.0668628811836 11.8143216967583 2.87537515163422 0 0 2.72090899944305 73.076379776001 68.5797657370567 0 0 1.7074818611145 3.20763000845909 3.73097223043442 3.27194756269455 1.15957769751549 6.8095942735672 2.29673022031784 11.8718580007553 2.10064390301704 1.34732568264008 5.54436868429184 19.1864922046661 7.77797910571098 17.1568105816841 0 4.78255039453506 8.0358789563179 17.2112117409706 9.55410701036453 10.6397625803947 99.6576362848282 246.738908529282 7.18795090913773 0 6.21051299571991 0.545485973358154 0 0 6.29496216773987 6.63521075248718
151.523759514093 668.719500601292 0 2.10524839162827 4.73536995053291 185.323942512274 838.674199879169 627.270294934511 62.0890382230282 90.4821391999722 249.172992795706 1.98697346448898 37.2100966572762 560.750422999263 6.73820102214813 285.434542328119 4037.29386904836 83.4757555425167 709.943261563778 3.78230506181717 2638.75148051977 148.871180295944 13936.4038385451 141.558348685503 36.6485836803913 15607.0832285881 12080.7965452969 1283.46920275688 331.746368944645 1938.88741195202 23.6708396375179 12.3669404387474 39.1110189259052 1085.34241354465 34.5267596840858 1480.07201322913 641.131321281195 1894.60083985329 566.257660239935 154.857881069183 31.0228714346886 4.58449059724808 136.929024606943 98.4150457978249 230.722605586052 86.9504154622555 14.3129627108574 3.3909854888916 0 3.45134729146957 243.948630452156 670.628844559193 0 0 0.4834865629673 20.6036212146282 5.80161669850349 14.1032035946846 2.98657295107841 13.0985841155052 0 4.52920460700989 7.69657820463181 1.01456034183502 73.7583286166191 204.559621781111 13.6628735661507 71.480210006237 0 35.1713904738426 80.5716118216515 232.146522313356 25.5764572024345 31.8406120240688 435.051521927118 1713.06192880869 29.5116638839245 2.36042600870132 26.2936913967133 1.23950788378716 0 2.80513161420822 40.3086747527122 26.3897604942322
7.75909060239792 1.55676802992821 2.10524839162827 0 4.28197595477104 215.982592314482 112.002744853497 83.4870799183846 283.915903955698 7785.3933493495 3.18529510498047 2827.97009575367 0 33.8178960382938 46.6139616966248 2.67393028736115 0 0 0.405093848705292 28782.0015473068 8.79271847009659 3.8986257314682 5.46548315882683 2444.00355690718 0 1.66265878081322 7.28649443387985 14565.3750861883 46.6500961482525 13.2925223708153 0 2.18752789497375 5.32017976045609 24.4697579741478 16.5024506449699 70.8273192048073 0 24.1663758158684 8.4591236114502 81.8678017258644 7.70764371752739 0 2.31746032834053 0 0.833762049674988 0 30.2643213570118 0.759187579154968 0 0.838190972805023 1.07095587253571 1.21277609467506 266.068174481392 1.46387147903442 33.4633925557137 46.3960567414761 13.4887084960938 71.6721469461918 91.0836538076401 0 643.451972305775 0 5.38640549778938 6.25664755702019 1.64938646554947 0 0 0 167.535012096167 0 0.770151436328888 0 131.152805626392 0 0.4555983543396 3.57076036930084 121.330439001322 2.19678923487663 0.786847531795502 0 0 0 0 0.914278328418732
8.87302377820015 2.12762802839279 4.73536995053291 4.28197595477104 0 8441.44929528236 27.4453353881836 481.1481975317 75.4184627532959 46.7587910294533 47.1280679702759 103.985057383776 13.87843978405 193.138477057219 4477.76344400644 1.08493185043335 3.28800940513611 0.340215981006622 2.53567254543304 7.89825451374054 4.05881041288376 8.09083041548729 9.02385246753693 57.5022759437561 0.788333415985107 13.4389723837376 14.3195644915104 40.8318445980549 293.219154924154 21.2157137095928 1.40261363983154 4192.7353335917 0 2391.07949787378 227.670359730721 141.543907105923 8.60770279169083 277.478007525206 35.6760187745094 10816.5518925786 3796.02607631683 1.45835566520691 4.07069003582001 0 0 4.55773037672043 3.54490059614182 0 0 0 0 0.601883828639984 1.21447360515594 0 0.936859428882599 1.79754674434662 0.78560608625412 1.03809905052185 1.66117018461227 0 1.29289376735687 0 0.891392827033997 1.20863735675812 0 0 0 0 0 0 0 0 3.15244346857071 0 0 0 0.373529672622681 0 0.29602774977684 0 0 0 0 64.7864213585854
128.338133245707 5.25861492753029 185.323942512274 215.982592314482 8441.44929528236 0 3833.4600622952 17927.3324797899 454.728167265654 18025.8638626635 152.810402870178 6299.36191040277 52.4939413368702 2417.08483150601 6065.20962426066 28.5038139522076 79.7388562262058 9.46202600002289 30.0033296644688 730.345181763172 221.97284412384 39.0626660585403 339.358092695475 838.846304267645 4.78937551379204 156.791341692209 119.533764004707 1778.2205158025 1152.74610489607 438.949418097734 0.469732284545898 3038.54343420267 24.3765708208084 1458.42724969983 1164.86740118265 724.618110835552 61.2582748532295 588.028385609388 113.354751259089 8057.97673776746 2188.27929276228 7.14490008354187 20.1403801441193 0.43599471449852 12.1697087585926 3.71054598689079 26.1603485643864 2.2461493909359 0 8.13181367516518 1.61976990103722 9.50110292434692 26.1863932907581 0 32.7801278829575 129.864522129297 28.6946402788162 66.8043911457062 137.696647644043 0 38.5726810097694 1.29649293422699 19.4027198553085 10.7591142356396 22.0077065229416 1.69324207305908 0 2.27111327648163 18.1107018589973 2.83681786060333 8.38612195849419 7.21757611632347 280.33831320703 0 4.46488773822784 13.2605094313622 305.442678362131 14.8020060658455 7.73837393522263 0 0.384639650583267 1.97305408120155 10.1979732215405 7.6477735042572
3044.91699358821 27.8967734575272 838.674199879169 112.002744853497 27.4453353881836 3833.4600622952 0 6829.21973769367 1379.1423676908 13967.7327255905 69.2205728888512 216.450903296471 29.5024611949921 11038.6609231234 67.8610239028931 225.347265332937 213.603477299213 9.35461857914925 54.3158701360226 108.636157423258 1421.3957157433 174.351655185223 1875.85685235262 4189.86371049285 4.54057711362839 353.009807288647 526.245844453573 24060.4408867657 2611.17249338329 10545.3890757859 0.462360292673111 77.9221839755774 281.962027162313 987.509768798947 82.8630329072475 2003.20614859462 112.887664228678 1056.07098299265 305.759630173445 554.462892770767 220.800053298473 3.78647503256798 125.024343490601 2.26667788624763 90.1803401112556 11.2442916929722 50.343668192625 7.20191687345505 0 18.1019681096077 7.90171492099762 18.5638326108456 34.2906837761402 2.41593241691589 79.5879394412041 306.457075089216 75.156145721674 116.08588078618 176.668828159571 1.88531935214996 33.2620449364185 0 70.2500884234905 9.41590920090675 67.6324365735054 5.25402465462685 0 0.850387215614319 24.8139767050743 39.2767854630947 40.0329860150814 80.1967813968658 805.434877157211 0 4.82338306307793 74.0506103932858 894.362052500248 83.2001388370991 40.5653296113014 0 2.40499702095985 10.6184976696968 62.6214915812016 29.8964093625546
996.117784619331 10.6669151186943 627.270294934511 83.4870799183846 481.1481975317 17927.3324797899 6829.21973769367 0 254.31292912364 7960.41056130826 305.042236179113 788.963253319263 63.6269224584103 25338.2451317906 585.317235410213 60.4167253375053 325.512384623289 19.4516680836678 86.3195714950562 166.892614811659 600.762283504009 35.7568528056145 980.299254894257 746.526768952608 5.74651610851288 452.616564705968 228.762127369642 1960.46083578467 2048.59793230891 2121.39397054911 2.75208896398544 932.995699524879 62.0617209672928 1542.16636577249 111.614794433117 866.781826704741 65.9114946126938 831.84528785944 170.565096020699 2748.98976108432 888.481976121664 19.6589030325413 22.425677806139 0 18.7061643898487 8.93908387422562 8.17711433768272 3.68126830458641 0 4.13017648458481 1.44949039816856 10.239783346653 2.82915881276131 0 11.469419926405 79.1027348935604 15.9811390042305 32.8178121447563 42.4612540006638 0 9.37983909249306 0 14.442429676652 3.45574277639389 18.1103639304638 0.447940707206726 0 1.45795786380768 4.46549192070961 13.7907336652279 6.19583559036255 18.4958925843239 192.489234477282 0.983868002891541 5.7204592525959 37.1724253296852 176.191003456712 22.4602677822113 15.3004644215107 0 1.5554233789444 3.98307886719704 9.44977203011513 13.0977021157742
102.11965611577 1270.19742825627 62.0890382230282 283.915903955698 75.4184627532959 454.728167265654 1379.1423676908 254.31292912364 0 936.875301718712 41.9971198737621 1725.06479084492 114.821176558733 242.871783494949 1377.56212761998 134.986431568861 73.4223924279213 7.63416096568108 29.3571486771107 289.313700705767 167.334737151861 5863.19125840068 141.429502606392 15222.1920173168 321.124200701714 244.96355637908 1046.59968221188 3164.73671108484 425.505253642797 588.648132026196 9.2911491394043 10.3553396165371 100.054462343454 230.574809134007 19.379166662693 667.478947252035 55.1078380942345 276.60222864151 90.0023940503597 1837.52160191536 40.884720236063 7.93557810783386 86.2635208666325 0 55.7783757150173 2.07594180107117 84.2035639584064 6.54684942960739 0 15.786317050457 5.64890652894974 12.3177177608013 20.2984100580215 0.905552089214325 26.9609009027481 111.813932180405 36.0997924506664 339.72490015626 111.625059425831 2.13713896274567 107.812277525663 1.80856078863144 32.187807559967 30.6171906292439 58.2556603848934 2.43140617012978 0 0 17.5017975270748 39.7614513337612 36.2463635206223 37.3710545599461 488.659252822399 1.63337135314941 10.9785755872726 29.7167680859566 445.243987172842 47.2864904999733 31.947677731514 0.991501212120056 0.391188651323318 11.1162584424019 35.3277622759342 9.16452604532242
140.396199405193 6.95346856117249 90.4821391999722 7785.3933493495 46.7587910294533 18025.8638626635 13967.7327255905 7960.41056130826 936.875301718712 0 55.9698298573494 19647.2050301135 16.1895876526833 2038.03559234738 142.185363441706 48.8729457259178 24.0364041030407 2.79804030060768 12.7665863633156 12416.045671314 158.344313770533 65.0585014820099 229.465191394091 1954.89570149779 1.36256968975067 38.8491731286049 116.324444949627 10441.6549198031 986.344446182251 256.252856642008 0 46.8722096383572 54.23644348979 509.629701256752 544.61986041069 1064.51094964147 18.4477882087231 662.401391386986 156.334472030401 669.597592413425 234.891898274422 3.22282874584198 24.5505350828171 0.619149625301361 15.9165110886097 4.04277259111404 80.6322392523289 3.45211327075958 0 6.1554944217205 5.35831439495087 5.46048206090927 336.106525480747 1.67116957902908 83.208974391222 239.838298499584 41.5165618360043 190.256025493145 323.726362198591 1.25966548919678 192.676409840584 0 27.2971200048923 30.2006623744965 12.9642121195793 0 1.65723943710327 0 65.6835477054119 9.25300320982933 14.6013595759869 15.1094034612179 478.904503643513 0 1.03126376867294 18.789521664381 546.749261528254 20.4339423179626 8.65331026911736 0 0.410736262798309 2.90098255872726 16.2581337988377 10.655183494091
23.0719996094704 178.449724674225 249.172992795706 3.18529510498047 47.1280679702759 152.810402870178 69.2205728888512 305.042236179113 41.9971198737621 55.9698298573494 0 34.7744179964066 12717.6777188182 354.170434266329 6.81520521640778 31.8017308115959 878.946696609259 7929.92061805725 5757.83169198036 5.98973518610001 88.7295487821102 58.1534588932991 239.61053365469 52.4598195552826 1814.78085792065 14996.3857808113 3580.53221693635 72.5013539493084 344.118693262339 157.789009541273 2653.69524434209 105.480933576822 12.6213609576225 10201.627402842 9.76089325547218 453.418761819601 4679.35953196883 8129.03669250011 381.869797080755 127.070422738791 45.4347036480904 3836.58610719442 9.9071946144104 17.0405564308167 14.7378435134888 2.12173974514008 0 0 3.44779193401337 0 23.8708435297012 13.3076611757278 1.81993937492371 0 0 3.29658097028732 0.850529909133911 0.4006227850914 0 78.1035175025463 0 254.617793679237 0 0 1.69777584075928 6.83190023899078 20.1720699071884 28.1787902712822 0 0.858052611351013 0.471956580877304 6.91252261400223 2.18705925345421 86.6937299370766 192.676094204187 216.692480415106 2.96390804648399 0 3.15531265735626 26.7327839136124 0 0 10.5653173923492 3.21517407894135
2.75194585323334 10.8042106926441 1.98697346448898 2827.97009575367 103.985057383776 6299.36191040277 216.450903296471 788.963253319263 1725.06479084492 19647.2050301135 34.7744179964066 0 4.54636147618294 226.430672347546 2531.18619811535 6.28980401158333 2.40474864840508 2.43917667865753 2.88327461481094 27648.3824254572 2.47530350089073 45.1953138709068 7.65198707580566 1230.78570872545 6.03683090209961 6.17492324113846 17.6405573189259 1714.89929631352 174.960084438324 14.3181734085083 0 33.8579394817352 4.88050785660744 170.279780566692 560.561995834112 167.923527806997 1.31117165088654 98.5844630300999 21.4532962441444 2768.57221794128 50.7212674617767 0.955791294574738 6.4567386507988 0 1.46429669857025 0 73.2313614189625 0 0 0.591596126556396 0.722543001174927 0.339695483446121 36.9350109100342 0.628837406635284 94.8777071535587 26.6282624304295 10.1846703886986 154.565495193005 309.991996377707 0 727.397384822369 0 3.67134088277817 36.4774802923203 1.16447007656097 0 0 0 139.720608353615 0.833755671977997 0.981417864561081 0.975492775440216 151.604401141405 0 0 0.682266592979431 115.244285047054 3.276721149683 0.365605473518372 0 0 0 5.01469433307648 2.25615221261978
10.8457754552364 610.384993463755 37.2100966572762 0 13.87843978405 52.4939413368702 29.5024611949921 63.6269224584103 114.821176558733 16.1895876526833 12717.6777188182 4.54636147618294 0 57.6496747136116 4.31917679309845 13.4557238519192 38.5729013979435 484.507663697004 222.544028252363 0 19.4289626181126 139.123708158731 35.2881559431553 51.0064472854137 8208.87682408094 5133.11580142379 6754.58646309376 30.2517881691456 51.3655167222023 19.8982628583908 7263.52371320128 18.7076050639153 2.35692590475082 1002.60868605971 79.9344880878925 1388.93991476297 4314.59012940526 1887.60055303574 1391.04953444004 91.6636193692684 987.801556289196 4883.6462803483 18.459008872509 18.3671577572823 26.8085232377052 8.12078732252121 3.29163372516632 0.614750862121582 2.57080519199371 1.53257924318314 45.3591469824314 9.6617192029953 0 0 0 0 3.09061163663864 0 0 173.965247452259 0 524.301760584116 0 0 2.58268117904663 4.80873066186905 38.8361997008324 25.2173719406128 0 1.62025195360184 4.53892922401428 3.47428077459335 5.13351675868034 139.217603027821 329.24666211009 291.43308621645 1.83793577551842 0 4.34293311834335 65.9162728786469 0 0 10.4895085394382 45.3858124315739
12396.9136855006 14.6040343046188 560.750422999263 33.8178960382938 193.138477057219 2417.08483150601 11038.6609231234 25338.2451317906 242.871783494949 2038.03559234738 354.170434266329 226.430672347546 57.6496747136116 0 80.6327649652958 56.2344987392426 344.382273495197 19.5734774470329 94.0736407935619 79.8298690617085 576.825627088547 38.7476184666157 895.405464142561 578.5451618433 9.16937553882599 468.887873798609 233.226146906614 1652.22311513126 12862.1145794392 3985.03210228682 4.03573122620583 1300.880954355 363.823195874691 1717.70659592748 52.1972520053387 981.386181175709 70.3162913918495 984.659800797701 139.219029784203 947.285918295383 351.424601137638 12.0497788190842 26.9503393173218 0.88355964422226 24.5162475705147 9.16432240605354 5.05601960420609 1.03606605529785 0 7.58262252807617 2.00289538502693 6.49742224812508 0.282735288143158 0 4.54596680402756 46.8577442169189 11.2734342515469 24.1246803402901 13.4237005412579 0.774795830249786 1.77049070596695 1.81356406211853 11.7634443044662 0.554707765579224 20.4219014644623 2.574512809515 0 0 4.85220059752464 13.2707256674767 7.40687268972397 22.4294850826263 162.563888221979 0.803710877895355 5.74761027097702 34.3033956289291 166.272605508566 18.1591601967812 9.32658070325851 0 0.460586249828339 4.37041547894478 13.7140081226826 11.4696562290192
5.21769487857819 47.5467771887779 6.73820102214813 46.6139616966248 4477.76344400644 6065.20962426066 67.8610239028931 585.317235410213 1377.56212761998 142.185363441706 6.81520521640778 2531.18619811535 4.31917679309845 80.6327649652958 0 1.32419437170029 5.03549790382385 0.714215517044067 1.11958199739456 112.742096036673 2.84437194466591 156.707333296537 11.5352167785168 743.50060620904 13.1217702031136 11.1121795475483 42.7141353487968 135.488027244806 68.9403046667576 12.8792244791985 1.15036377310753 277.639029562473 0.603516459465027 80.5850134193897 215.436804920435 52.4711381196976 7.40803581476212 16.0487676858902 28.581020116806 12993.9954782724 58.2475194633007 2.82142275571823 2.22807598114014 3.21862316131592 1.82845079898834 10.8950362205505 17.4592178463936 0 0 0 0 0.714411079883575 3.0676161646843 1.48209857940674 2.82818362116814 5.07310771942139 0.357982099056244 29.4834696352482 10.7968397736549 1.58552980422974 27.6747054457664 0 2.6770213842392 11.0895203948021 1.93928170204163 0.339800298213959 0 0 2.27979046106339 3.45134353637695 0 2.43962448835373 22.9702355563641 0 0 2.07347878813744 19.0806547105312 0.308193266391754 0 0 0 0 0.754562318325043 100.165467590094
16.6167761385441 162.889669448137 285.434542328119 2.67393028736115 1.08493185043335 28.5038139522076 225.347265332937 60.4167253375053 134.986431568861 48.8729457259178 31.8017308115959 6.28980401158333 13.4557238519192 56.2344987392426 1.32419437170029 0 248.281540393829 9.1946008503437 42.2338240146637 3.03061372041702 8396.09745338559 2226.23061698675 14521.2696487606 2365.7827014327 29.4741395413876 273.008588671684 8572.85939702392 3015.85915470123 89.3440753221512 483.19502350688 1.66168972849846 2.02195310592651 25.506332308054 558.993341177702 55.2410233616829 1470.96291396022 481.002014040947 983.711277276278 367.393611431122 217.170601278543 20.0696382522583 2.0457319021225 179.466101646423 33.2114822864532 251.726229012012 80.3070842027664 25.9755833745003 6.59299856424332 0 5.93637788295746 16.1303460597992 84.165515601635 0.458717167377472 0 1.68828505277634 39.8747004270554 9.09271824359894 22.6574145257473 5.47270983457565 2.69188171625137 1.84037357568741 1.01606529951096 17.3540430963039 3.09978759288788 612.985522508621 16.0559957623482 3.26253014802933 5.45497614145279 0 164.152246415615 216.273764550686 979.332262724638 140.186523020267 1.24516797065735 32.860920548439 614.710970163345 182.06663993001 24.0567175447941 62.8175338506699 0 0 3.10158121585846 52.8767286837101 31.9694162607193
140.241934210062 477.720646053553 4037.29386904836 0 3.28800940513611 79.7388562262058 213.603477299213 325.512384623289 73.4223924279213 24.0364041030407 878.946696609259 2.40474864840508 38.5729013979435 344.382273495197 5.03549790382385 248.281540393829 0 423.811040222645 7164.58728060126 0 2088.7453853786 164.274267554283 8875.46486017108 149.993501514196 58.787267357111 6859.01368179917 5453.80347567797 494.940484344959 548.971786469221 2540.4608066082 19.4820459485054 6.10230094194412 42.3137982189655 2763.6417375505 20.7061743736267 952.326054126024 491.977426856756 1979.65855962038 441.160449296236 99.6406075358391 21.9988512694836 2.43600416183472 40.8415590524673 29.999048948288 61.3280297517776 14.2688089907169 0 0 1.46993458271027 0 108.760844707489 158.759015381336 0.446317255496979 0 0 5.25591725111008 0.616898149251938 1.61725121736526 2.0158913731575 8.04366195201874 0.637333750724792 10.1469251513481 0.988160163164139 0 22.2582957744598 44.3013074994087 9.39958125352859 40.502095580101 0 16.2931660413742 30.2033571004868 54.0419659018517 11.9104306399822 13.1332343220711 227.046255886555 526.266352206469 11.0064016580582 2.98685911297798 10.3448355793953 0 0 0 14.0830227136612 15.7621469795704
5.75266209244728 44.8346097171307 83.4757555425167 0 0.340215981006622 9.46202600002289 9.35461857914925 19.4516680836678 7.63416096568108 2.79804030060768 7929.92061805725 2.43917667865753 484.507663697004 19.5734774470329 0.714215517044067 9.1946008503437 423.811040222645 0 6255.28899243474 0 29.2036539316177 14.326608479023 84.4271544218063 3.00457522273064 377.580433279276 8103.41682672501 1012.65576180816 16.5141199231148 31.7977459728718 59.7257139384747 170.402922123671 6.92104250192642 1.53532254695892 607.565260618925 3.23116159439087 104.426911264658 367.202721089125 727.688899189234 59.6863978803158 10.1132207810879 4.80363661050797 30.878563284874 2.61333239078522 3.58741962909698 16.0826852321625 0 0 0 0 0 12.2463423907757 5.24262684583664 0 0 0 0 0 1.16887664794922 0 34.2743990421295 0 118.947137176991 0 0 0 2.02455163002014 15.0636701583862 18.816365480423 0 0 0.850593328475952 2.8362529873848 0 31.4759297370911 98.0230423212051 94.9136897921562 1.88359561562538 0 0.523197889328003 20.8888248503208 0 0 5.80276107788086 1.8598281443119
27.4280970394611 202.56724268198 709.943261563778 0.405093848705292 2.53567254543304 30.0033296644688 54.3158701360226 86.3195714950562 29.3571486771107 12.7665863633156 5757.83169198036 2.88327461481094 222.544028252363 94.0736407935619 1.11958199739456 42.2338240146637 7164.58728060126 6255.28899243474 0 0 261.884243905544 53.226210296154 717.604921072721 34.4316888153553 304.140826046467 11624.8230006993 3028.7514642179 94.3376829922199 147.897355973721 406.75298127532 83.8405319154263 2.79332846403122 8.66206097602844 1874.94328859448 5.463250041008 468.829981982708 541.17355594039 1613.28467330337 295.032162070274 38.161282479763 5.62569823861122 13.9210060238838 8.34259203076363 10.8204841017723 28.9859040677547 7.21178179979324 0 0 0 0 52.5448721051216 20.5402016639709 0 0 0 1.31373476982117 0.836804211139679 0 0 23.7136389017105 0 45.3549910187721 0.846767365932465 0 1.91998434066772 18.5247105956078 21.6052654385567 41.6107637882233 0 1.32083463668823 6.83249187469482 8.74568748474121 2.5705269575119 28.1320741474628 243.429534345865 264.536834180355 0 1.34769773483276 1.56349712610245 6.51647001504898 0 0 21.8087980151176 3.3334875702858
7.92638888955116 0.561984360218048 3.78230506181717 28782.0015473068 7.89825451374054 730.345181763172 108.636157423258 166.892614811659 289.313700705767 12416.045671314 5.98973518610001 27648.3824254572 0 79.8298690617085 112.742096036673 3.03061372041702 0 0 0 0 3.40968829393387 8.48898383975029 6.15172392129898 3487.078415066 0 2.75919020175934 10.17732873559 4477.23912027478 56.9698238670826 7.85303848981857 0 5.70380327105522 9.08346918225288 34.2477686107159 95.9268006086349 76.9454147517681 1.2638213634491 53.1399843394756 10.2343890666962 213.498596340418 20.399671792984 0 3.51951918005943 0 0 1.85976326465607 34.5029187202454 0.975638329982758 0 0.455328524112701 1.71842265129089 0 42.8211102485657 0 20.1330833733082 37.8635982871056 7.17784494161606 65.8884873390198 53.0925862491131 0 112.611839711666 0 3.94599255919456 11.8224007487297 1.06345295906067 0 0 0 7.52548855543137 0.822738885879517 0 0 100.864354461432 0 0 2.11955225467682 71.3482704460621 3.30829900503159 1.30149763822556 0 0 0 2.60359334945679 0
184.956901073456 58.1687347590923 2638.75148051977 8.79271847009659 4.05881041288376 221.97284412384 1421.3957157433 600.762283504009 167.334737151861 158.344313770533 88.7295487821102 2.47530350089073 19.4289626181126 576.825627088547 2.84437194466591 8396.09745338559 2088.7453853786 29.2036539316177 261.884243905544 3.40968829393387 0 782.416312873363 28468.1419200301 1701.25229179859 11.9270370006561 1064.33284506202 1729.18653351068 10606.5180519819 622.184609532356 16610.8455766439 2.62320181727409 12.8640827536583 126.268781751394 3659.81950554252 119.561529994011 2861.59065780044 339.64183780551 2995.50774151087 697.988390624523 427.614145725965 50.4386236965656 1.918043166399 186.891850858927 19.750103354454 126.046261787415 34.9461255967617 20.6475954651833 0.692536771297455 0 7.71466255187988 19.1056235432625 64.2978387475014 2.25523227453232 0 4.26592832803726 40.7053079903126 14.3659513890743 63.1725974082947 8.41131198406219 3.25710487365723 2.02992522716522 0 16.5167695879936 7.39511168003082 440.117825180292 10.6064429283142 0 5.11064928770065 0.447886168956757 228.732216536999 203.259827017784 379.757114112377 247.139312803745 0.565830051898956 20.0636736154556 244.415110707283 250.409938395023 32.654868260026 93.4474703371525 0.609702467918396 0.346265137195587 9.34180533885956 75.062845826149 52.1824051737785
19.8796447515488 2075.64619091153 148.871180295944 3.8986257314682 8.09083041548729 39.0626660585403 174.351655185223 35.7568528056145 5863.19125840068 65.0585014820099 58.1534588932991 45.1953138709068 139.123708158731 38.7476184666157 156.707333296537 2226.23061698675 164.274267554283 14.326608479023 53.226210296154 8.48898383975029 782.416312873363 0 905.119964838028 8330.00499093533 452.774514138699 396.701181143522 3767.18533736467 1123.64530715346 93.8087244331837 293.733892768621 7.21577364206314 3.60936936736107 18.4612024128437 271.002401024103 25.3784903287888 766.61428514123 182.462219923735 435.655562400818 145.252935886383 300.325733810663 15.9313876032829 5.86992901563644 48.4330871999264 5.69333511590958 49.6726335585117 8.97202086448669 9.61210662126541 3.79628595709801 0 2.50363612174988 8.03112083673477 36.3759359419346 1.51417422294617 0 3.89635083079338 22.3201041221619 6.73972541093826 36.5159277617931 10.0657286345959 2.0114728808403 4.23180356621742 0.789791643619537 5.09279444813728 3.21598488092422 143.998320370913 15.080247014761 2.05490440130234 2.45420575141907 2.21976315975189 49.1788156032562 62.7603380978107 129.6504766047 95.6196682751179 1.80912286043167 27.4248694777489 115.770683050156 88.818531870842 5.26382607221603 17.1054291725159 0 0 1.57758808135986 20.2569398283958 10.0968008935452
282.164049625397 235.919549673796 13936.4038385451 5.46548315882683 9.02385246753693 339.358092695475 1875.85685235262 980.299254894257 141.429502606392 229.465191394091 239.61053365469 7.65198707580566 35.2881559431553 895.405464142561 11.5352167785168 14521.2696487606 8875.46486017108 84.4271544218063 717.604921072721 6.15172392129898 28468.1419200301 905.119964838028 0 750.3682295084 32.8691256046295 3953.78368464112 14863.8187381327 6525.29039695859 762.945627748966 8864.34241127968 7.42121091485023 15.7419264614582 101.494584709406 4684.23132997751 192.278281658888 4225.63901036978 1794.11750519276 5936.76205775142 1469.16001674533 663.363870233297 65.0846676528454 11.5652744174004 446.470787405968 142.228493869305 504.173525810242 227.034225672483 48.0923478901386 10.6369401216507 1.06978118419647 8.39559563994408 75.8469932079315 458.054793506861 1.600994348526 0 4.22131261229515 78.466835796833 21.3168601095676 43.3376038074493 8.25066316127777 5.84412401914597 0.525110125541687 5.63295382261276 19.1029934287071 10.0933193862438 886.035331755877 95.7456718981266 3.79158473014832 24.05392614007 0.477010011672974 223.838118731976 376.182693302631 1513.16093504429 193.214736014605 13.2448167204857 108.085181325674 2081.64983999729 220.697897106409 26.877255320549 89.1537525951862 0.541959702968597 0 6.77544417977333 141.190721571445 111.012475728989
263.864464640617 682.119101405144 141.558348685503 2444.00355690718 57.5022759437561 838.846304267645 4189.86371049285 746.526768952608 15222.1920173168 1954.89570149779 52.4598195552826 1230.78570872545 51.0064472854137 578.5451618433 743.50060620904 2365.7827014327 149.993501514196 3.00457522273064 34.4316888153553 3487.078415066 1701.25229179859 8330.00499093533 750.3682295084 0 84.1475371718407 216.77890625596 2195.07132408023 34236.0305701494 1048.70570829511 1333.18725052476 2.08559131622314 21.6434515863657 241.896613121033 711.769095957279 50.2101806998253 1986.36995780468 113.347403913736 759.733277022839 292.165883332491 1241.25406575203 139.218440264463 5.8772988319397 360.927459925413 19.7033889889717 274.740384638309 51.4244722723961 162.848591417074 36.350761204958 0 66.0850315690041 17.3461767137051 34.2699911594391 90.568134367466 1.84887284040451 141.561517983675 644.62203374505 185.218061953783 583.768969148397 491.762130200863 5.86401188373566 172.363788604736 0 182.068319678307 33.3549430668354 313.607600659132 14.5989717841148 2.92561757564545 5.66764715313911 61.0515494942665 189.35805606842 144.53637829423 251.378171622753 2696.9095915854 1.59752416610718 14.0252352356911 151.341650575399 2174.25866010785 239.024821162224 182.978266894817 0 3.33356010913849 33.8312219679356 181.415143430233 31.7534288465977
0 2153.88205170631 36.6485836803913 0 0.788333415985107 4.78937551379204 4.54057711362839 5.74651610851288 321.124200701714 1.36256968975067 1814.78085792065 6.03683090209961 8208.87682408094 9.16937553882599 13.1217702031136 29.4741395413876 58.787267357111 377.580433279276 304.140826046467 0 11.9270370006561 452.774514138699 32.8691256046295 84.1475371718407 0 2282.77711135149 6531.96000218391 18.5315097868443 9.11403000354767 10.1229859888554 394.021313756704 0 0.684428751468658 179.819361954927 0.648819327354431 68.1344693005085 1022.42311227322 312.224680870771 34.1234064400196 23.0648933947086 3.48909986019135 1138.41077530384 7.46788597106934 21.3510681986809 34.331936776638 7.42943567037582 1.27118289470673 0 2.22145873308182 0 77.9210531115532 16.8271740674973 0.890984058380127 0 0 0 0.955381810665131 0.764953196048737 0 112.619277894497 0.433642089366913 302.995952665806 1.57406449317932 0 1.87243193387985 11.9263999462128 56.5772922933102 50.4153293967247 0 1.70372384786606 9.32695043087006 12.6324287056923 3.10957515239716 144.76804703474 396.250154018402 376.84338837862 3.81614232063293 0 0 23.0807940363884 0 0 18.6728997826576 0
143.174628704786 1354.17381444573 15607.0832285881 1.66265878081322 13.4389723837376 156.791341692209 353.009807288647 452.616564705968 244.96355637908 38.8491731286049 14996.3857808113 6.17492324113846 5133.11580142379 468.887873798609 11.1121795475483 273.008588671684 6859.01368179917 8103.41682672501 11624.8230006993 2.75919020175934 1064.33284506202 396.701181143522 3953.78368464112 216.77890625596 2282.77711135149 0 33954.534999609 544.847341269255 423.084751710296 1397.48307129741 3694.9146939218 33.8607872724533 27.5525674521923 3010.14984557033 28.2958073616028 1680.42427763343 2371.20791742206 4315.72755244374 844.937260329723 161.250310570002 38.5361910462379 123.473509967327 107.812374264002 96.5883999466896 220.351823419333 62.187746822834 4.9009770154953 2.86909478902817 2.15797507762909 3.81086578965187 408.313311874866 258.387297302485 0 0 1.32890209555626 9.33420220017433 9.96981850266457 7.74087238311768 2.13407227396965 230.510446757078 0 549.129742056131 7.42835810780525 1.79560649394989 27.5199911892414 168.273801982403 203.8730866611 354.042237490416 0 19.6490329802036 24.9194516837597 89.3830360174179 13.8279568850994 392.715292602777 2145.88676616549 2583.12138170004 16.9217703342438 4.30248135328293 27.429613173008 92.9140408039093 0 0.600940525531769 94.2705530524254 22.7769197821617
62.1989662051201 6573.79808801413 12080.7965452969 7.28649443387985 14.3195644915104 119.533764004707 526.245844453573 228.762127369642 1046.59968221188 116.324444949627 3580.53221693635 17.6405573189259 6754.58646309376 233.226146906614 42.7141353487968 8572.85939702392 5453.80347567797 1012.65576180816 3028.7514642179 10.17732873559 1729.18653351068 3767.18533736467 14863.8187381327 2195.07132408023 6531.96000218391 33954.534999609 0 2096.70434945822 242.903641402721 813.445862203836 2129.637994349 17.9039869606495 32.2805096507072 4055.48848286271 97.6175118386745 4905.8012881577 3700.00972947478 7853.04317751527 2048.10163378716 547.88389274478 80.7963477671146 94.2486545443535 476.94294193387 303.104933798313 857.911233007908 257.334061712027 38.3627739846706 14.9554869532585 5.67024064064026 12.6834154725075 863.448982656002 1498.20523461699 0.642414212226868 0 4.30234527587891 77.8776960670948 24.0308682620525 42.201432466507 12.4549851119518 197.577468603849 1.84654974937439 439.315104365349 25.6991327702999 7.51607626676559 342.093824982643 377.89831033349 161.174065232277 415.269638359547 2.3690345287323 136.796652853489 337.815137505531 1070.11640891433 107.634851723909 347.190978884697 2498.57116630673 5868.0707038343 130.70103341341 24.8234123289585 104.131212562323 55.2956343889236 0 3.43409872055054 218.45936781168 86.0319793820381
474.057643949986 104.233424186707 1283.46920275688 14565.3750861883 40.8318445980549 1778.2205158025 24060.4408867657 1960.46083578467 3164.73671108484 10441.6549198031 72.5013539493084 1714.89929631352 30.2517881691456 1652.22311513126 135.488027244806 3015.85915470123 494.940484344959 16.5141199231148 94.3376829922199 4477.23912027478 10606.5180519819 1123.64530715346 6525.29039695859 34236.0305701494 18.5315097868443 544.847341269255 2096.70434945822 0 2089.41227531433 15220.6000260413 1.84277173876762 43.0794609040022 468.69092053175 2357.21058511734 169.215613752604 4793.70512956381 300.301379024982 1996.92471438646 779.309474021196 801.985038310289 235.669079214334 9.70393124222755 458.055552870035 19.7993556261063 294.406353741884 78.0514405667782 160.943830609322 30.4019771814346 0 77.600818157196 17.0161081552505 61.0726228058338 168.529707163572 0 161.063410967588 738.058897346258 172.194170102477 523.452912718058 454.872085392475 4.09884428977966 172.231116086245 0.853101253509521 199.655550226569 51.3894591033459 438.901227802038 7.96215257048607 1.65525436401367 8.56178271770477 62.533368229866 258.492870658636 194.431940853596 309.595782577991 2191.22317495942 2.22068411111832 30.9063115715981 209.919468313456 2246.8769454658 262.605075597763 194.598841369152 0 3.27944897115231 42.3119335174561 165.515115708113 76.2939231097698
12938.0376441479 13.6729664504528 331.746368944645 46.6500961482525 293.219154924154 1152.74610489607 2611.17249338329 2048.59793230891 425.505253642797 986.344446182251 344.118693262339 174.960084438324 51.3655167222023 12862.1145794392 68.9403046667576 89.3440753221512 548.971786469221 31.7977459728718 147.897355973721 56.9698238670826 622.184609532356 93.8087244331837 762.945627748966 1048.70570829511 9.11403000354767 423.084751710296 242.903641402721 2089.41227531433 0 7215.28123414516 9.43466582894325 2587.73646572232 11249.9521845281 3733.31635114551 57.7692051231861 1263.35329461098 87.0155974030495 1962.41735729575 250.747860103846 719.818933337927 591.885015726089 18.5665212571621 53.649731606245 0.97263103723526 43.0654878914356 6.6414455473423 7.05877536535263 5.11816996335983 0 10.7943914234638 6.93747782707214 9.65702652931213 1.77593922615051 0 9.4776576757431 78.6823406219482 25.8103595972061 62.8484698235989 29.9439968466759 1.32649582624435 1.47864258289337 0.966264307498932 21.7292132973671 2.45599812269211 39.2027886211872 3.42117613554001 0 0.388951063156128 1.22606706619263 31.4643302857876 16.9712009131908 31.460046172142 263.076876491308 3.0413076877594 3.83287173509598 22.1294282674789 257.545375108719 43.046411126852 26.1771108210087 0 0 4.20942181348801 19.0246473252773 22.9484266936779
3579.96825647354 57.239407658577 1938.88741195202 13.2925223708153 21.2157137095928 438.949418097734 10545.3890757859 2121.39397054911 588.648132026196 256.252856642008 157.789009541273 14.3181734085083 19.8982628583908 3985.03210228682 12.8792244791985 483.19502350688 2540.4608066082 59.7257139384747 406.75298127532 7.85303848981857 16610.8455766439 293.733892768621 8864.34241127968 1333.18725052476 10.1229859888554 1397.48307129741 813.445862203836 15220.6000260413 7215.28123414516 0 4.44567903876305 43.2470480203629 596.832148402929 4931.94395765662 110.689726948738 2043.61482456326 151.895583689213 2507.53974330425 663.954167306423 350.355441778898 123.498478859663 3.96723437309265 79.4749012291431 16.3393295407295 74.2894237935543 23.3165999352932 10.5256942510605 9.53828561306 0 9.5013824403286 4.51295754313469 29.6572753190994 0.619700074195862 0 9.95330569148064 62.9952087402344 25.1104181110859 80.3453779518604 13.1753478348255 1.18745663762093 3.04410254955292 0 37.7511156946421 1.16967964172363 116.831791251898 6.52579581737518 0 3.01357489824295 0 77.8111220598221 44.3621270358562 106.808299571276 336.874817371368 1.07534191012383 16.4251781105995 119.134823769331 309.876309245825 47.534520149231 43.5516954958439 0 0.341335773468018 7.6994933784008 57.8030385375023 26.8914117515087
0.719279289245605 42.7948258519173 23.6708396375179 0 1.40261363983154 0.469732284545898 0.462360292673111 2.75208896398544 9.2911491394043 0 2653.69524434209 0 7263.52371320128 4.03573122620583 1.15036377310753 1.66168972849846 19.4820459485054 170.402922123671 83.8405319154263 0 2.62320181727409 7.21577364206314 7.42121091485023 2.08559131622314 394.021313756704 3694.9146939218 2129.637994349 1.84277173876762 9.43466582894325 4.44567903876305 0 1.46538019180298 0 107.269738674164 0 19.4794951975346 191.99382725358 185.462348937988 12.6218355298042 2.61365693807602 1.1560732126236 31.4350877702236 0 7.8557510972023 3.12225317955017 0 0 0 0 0 4.75434476137161 0 0 0 0 0 0 0 0 27.6633648872375 0 107.320857107639 0 0 0 0.468331575393677 11.2401275634766 4.63134211301804 0 0 0 0 0 29.3006007671356 56.7482599914074 69.8548510670662 0 0 0 8.25590872764587 0 0 1.50927239656448 0.77198737859726
29.4658319950104 0 12.3669404387474 2.18752789497375 4192.7353335917 3038.54343420267 77.9221839755774 932.995699524879 10.3553396165371 46.8722096383572 105.480933576822 33.8579394817352 18.7076050639153 1300.880954355 277.639029562473 2.02195310592651 6.10230094194412 6.92104250192642 2.79332846403122 5.70380327105522 12.8640827536583 3.60936936736107 15.7419264614582 21.6434515863657 0 33.8607872724533 17.9039869606495 43.0794609040022 2587.73646572232 43.2470480203629 1.46538019180298 0 8.8957299888134 2843.72779116035 8.42850196361542 152.33600050211 19.6836498379707 465.425271391869 34.8098424077034 507.076874345541 2466.87442570925 3.83072113990784 0.824448823928833 0 0.660450220108032 0 0 0 0 0.513172805309296 0 0 0 0 0 2.38775932788849 0.55638712644577 0.36436727643013 0 0 0.435014724731445 0 0 0 0.591803640127182 0 0 0 0 0.698956251144409 0 0.601844906806946 3.93269795179367 0 0 0 10.1088027954102 1.46956950426102 0 0 0 0 0 2.50172001123428
