0 131.757328204703 102.109855511743 90.0259398861445 81.651992026643 84.9955565666995 36.2819610205087 45.8778385262809 70.2434775288115 83.8606643345724 105.707778388957 92.5148522224545 110.903467492169 25.9278890631373 91.8785507805926 91.601402064895 108.438075191086 137.035793014719 130.242345521124 78.1174821920543 85.6060349127387 89.2189828626982 94.6967022549645 78.1091958118961 123.327619935631 123.121316376809 125.833160513713 75.5114311447773 23.3979469892393 41.7978445242461 165.679999573691 85.5483414756727 46.0748461662463 66.4798932496182 144.128142661577 69.992763291459 109.042416200135 67.9984439910164 79.9346450208969 66.0193119439443 67.8303534180309 91.2056449555882 149.489248327187 168.124949731086 161.759289753043 0 0 0 0 146.673745713588 171.037734985352 170.252632140212 139.517547607422 0 169.726459358787 144.612465905962 157.100078835303 87.0320116426759 140.254852294922 213.238922119141 120.875717163086 101.510185411529 180.260157106463 179.711227416992 124.26465562336 0 0 207.037445068359 168.566880747596 139.839457959125 104.265611728717 155.540498098863 128.417098682934 0 178.815127710218 164.830346830583 134.913569516895 160.491348928296 154.226840181576 0 0 133.825347900391 138.50227751574 183.311568135297
131.757328204703 0 53.4465773329879 140.008967963459 143.801773071289 130.757465190447 118.669052433724 140.612090563956 75.7484429485158 141.866114551271 55.9773536978975 108.072706852877 39.6104928639814 132.860012645938 106.711317788948 56.7442028260593 55.3183019940163 66.7901122420542 54.787287228943 134.408430477575 94.2982297265756 25.5735424198553 76.9310112899332 79.6197962713265 21.6839832126077 44.0524463962955 29.3742636171331 97.9937341430744 126.289134570756 103.725135547232 70.3111206639117 0 103.407944875419 54.9711582177601 153.191947214852 73.6399509937934 38.5008021236418 53.7721194224826 65.3716688843798 99.777435221412 81.1532185826347 38.2550277519171 92.1849939079787 67.81731382543 77.3902008958185 72.2936238703544 102.039566461731 0 58.9588599326284 137.759262084961 28.6755854801603 68.1727056880489 166.078063964844 0 165.084350585938 147.706795063651 145.112283532962 106.09159600156 0 78.6088326409879 112.498153686523 57.1888550778339 135.662878917307 103.068183898926 90.9537277721693 72.5197531867777 84.5030272212758 73.6642391579471 161.397484583134 138.178369770412 57.593807380396 100.221742973139 137.494547060727 40.0974328368348 66.5633313543342 58.9863057478328 157.708695766535 136.735269153721 118.277429051317 77.6034262289181 0 119.292587280273 78.6266298303743 140.327755299001
102.109855511743 53.4465773329879 0 167.827845334344 171.573881945355 114.044122209136 90.9191147030632 113.758180567 101.703206693088 110.475324841738 86.8829929810659 127.269271243832 87.2918715869639 110.475221699739 128.892638936712 77.8377795953549 47.2724079721217 83.5911548250945 63.3924943263254 176.75554725406 58.0634598215025 51.2205472787408 31.0056386766123 99.925532308772 80.4475951936187 33.7194568864644 30.8377985376512 78.7387856584171 101.511554174856 76.0443573578736 98.5088201906152 147.756223756365 96.2938980855024 56.8737750064734 134.426651126521 66.7659170375098 42.504547139513 57.1022158347786 60.1825263679092 79.8965419523034 84.7086235169238 75.4428825636714 118.905995593452 95.0583899764714 104.261204124612 115.475211703576 145.102889937508 0 108.644280290699 144.056671142578 68.6856264853864 91.4224941197657 0 109.696731567383 0 161.713287228133 184.560534131656 147.823479347441 171.777787735191 130.000592209223 208.348861694336 123.467042298782 163.867917670079 0 108.610046170818 104.173168415679 153.365772181559 118.473338660463 0 136.466999960491 72.9733810286921 105.428856867965 144.30586710118 91.1743911112557 106.750668452702 90.5514709999702 152.752205199969 155.142582132119 142.271238796381 188.077365117733 0 134.094802856445 103.85994222151 148.934773470599
90.0259398861445 140.008967963459 167.827845334344 0 0 67.7354712966325 51.8588229443037 101.071258275153 65.1634274075519 22.1422953184196 151.103297544504 45.4277846855436 163.99752514801 117.81420962748 76.4846112747201 113.517237928225 126.882835388184 0 173.600967407227 13.9890842458816 99.5798160929346 94.0851646273266 125.232443778702 25.14827528065 0 210.096044225846 129.544102718934 23.3774304415831 108.576001011648 112.335856046951 0 145.663042794634 95.4385126966955 100.223458217974 62.7422615381725 99.1438837691346 145.922265038642 100.620916084958 105.363021762531 80.1117017013175 101.436039904301 142.007722610589 133.72600791759 0 171.08163464646 172.954376220703 106.904953235674 170.257675170898 0 160.43421699325 0 190.760101318359 32.3873736270445 0 156.589825470962 138.439387920127 174.172537990258 85.6201243574095 142.495665598376 242.422454833984 64.8760680309412 0 163.331595650871 158.852263372681 132.0076662017 221.1748046875 0 214.098358154297 72.9223723660607 164.189532975041 130.80207824707 171.401364949452 122.137258020152 188.197021484375 214.569613116091 171.172325878106 130.700281898945 166.5891640075 156.954914959111 0 0 166.495760567168 168.187503971541 0
81.651992026643 143.801773071289 171.573881945355 0 0 12.5435625937476 108.671021015211 22.7532181922519 56.882595368298 110.810232902566 61.0869964708201 63.5254744221007 48.0793876495267 55.8651694758361 17.7367811837495 0 104.29051038118 0 95.6191428549117 102.546520855223 173.041854364329 101.305087158265 116.557206116782 80.4741005669976 0 141.928251907711 129.950117466106 134.95560650195 29.9135172537037 106.773594584459 0 13.9091018169543 0 18.9305905141719 55.8282500590663 66.0792485967014 91.8390163980385 40.7811055762635 43.843951934868 11.3581337096855 9.77444276232599 54.7972620762352 55.4101638793945 177.946502685547 91.4916763305664 51.5171858078087 56.2011596793067 70.9534072875977 0 0 0 0 0 0 126.451934814453 193.465118408203 0 0 0 0 76.3680114746094 0 0 0 0 0 0 0 0 0 0 0 146.342789468794 0 0 186.496826171875 172.592209517267 0 0 0 0 0 0 77.782076850736
84.9955565666995 130.757465190447 114.044122209136 67.7354712966325 12.5435625937476 0 50.1224075803034 27.4968185876096 55.994517525551 30.7127623662883 92.4885979084169 27.6955696685152 65.5400072092517 47.9211505716185 17.2870453115658 116.92928204544 133.488883266107 140.252283205151 126.683606655606 45.5893232734691 103.854684848162 108.515230717892 107.716067024754 74.4861885009764 0 141.376805901145 133.898150786285 67.2229169608834 39.1071061891098 90.1574619502242 128.02411827763 23.4251725000841 102.082392937896 40.3674087239543 24.8668075123658 85.4609668100886 122.620145715817 67.6075942912133 86.7245973628418 16.2145325126055 19.6920002572716 67.0688146299449 158.3900915238 207.778564453125 170.585927260032 0 123.711574090787 175.353469848633 0 143.650835408355 163.538040605233 185.540023661037 145.75235287259 0 171.963397760891 148.09521857046 162.877826072212 87.9211929923865 162.509779346752 0 50.9115702356012 0 180.39112336599 115.880704399127 144.56570693471 175.321689868686 0 230.39778137207 141.934960240297 144.572146725584 136.762276160066 177.629684157179 130.870892209592 0 226.968844105927 161.104358159725 149.339126352851 175.587067102324 160.955637029051 0 0 197.595413208008 173.821226960731 177.06166888579
36.2819610205087 118.669052433724 90.9191147030632 51.8588229443037 108.671021015211 50.1224075803034 0 60.591718782608 59.3208766640184 28.9383075771403 130.80937943194 50.149582779801 115.974382396807 50.8789802522926 78.3531358240806 73.8177515610478 108.892373911976 148.441218572361 136.914475209354 41.2882668952497 68.7161883376629 79.7007101184217 79.1649393418773 53.2279535089672 159.798234387279 122.304948551212 104.260521730457 33.6823789216671 75.0802752288901 25.9420745292518 185.93631817802 122.681366208589 71.7094153029104 87.1968748984084 135.834783212437 77.9200962388813 107.391320422435 82.3427552493462 87.2322190447852 79.6311959264508 85.1582277941019 127.354362842883 144.829473269286 156.263933679898 151.93904036025 146.069523995017 122.207421205076 166.165996949977 0 131.224913746213 153.063251144745 157.704274770733 137.778545121287 204.080943897635 152.943874266414 126.281097572552 148.226250590064 83.8521840340687 144.43998823528 207.979902933781 117.699932728232 129.507431569692 156.213501958417 98.3543878247972 125.343684190833 180.270098313396 0 189.589233398438 136.833808581149 131.902791790713 97.1579480082255 147.052680215799 114.181428587116 196.171096801758 193.751667406113 156.628786696843 130.089587261302 152.481400297713 133.189408107674 0 181.570323356346 140.147610245814 148.833582670941 158.102317927922
45.8778385262809 140.612090563956 113.758180567 101.071258275153 22.7532181922519 27.4968185876096 60.591718782608 0 83.0063434350091 44.739252531464 79.8519097747094 70.7049221696102 67.7322452640204 23.1233497072049 41.4321758512068 109.92857695884 125.127939531586 139.980464661113 134.696744785195 74.8297942470979 102.632233197812 103.625060616359 108.428166501591 92.2664867683402 169.707898891046 135.633137670541 136.890529377264 91.4202757007968 51.5952084055078 77.560568024793 118.90044307932 21.8145258450209 98.2792153583324 44.297266885324 116.769433120944 82.1248109844112 104.649643834153 65.3791868087922 81.9927404578727 29.4617001310293 24.7561504239807 63.2157940574545 159.135269512299 134.453737675346 167.827891681015 182.37045341028 175.067967885962 181.02184857862 0 158.498706809763 221.429016113281 187.743971362479 161.20415338332 201.195831298828 194.826820343348 153.777869525057 184.147214155665 107.097397057341 170.975699580211 232.136628446239 109.201124745817 127.932623458101 178.326507815138 0 161.266562008261 182.684650866751 0 224.831438674209 163.798114580559 150.222015649189 110.84127000628 169.404209767205 139.44872657034 0 191.332616948935 175.338690142318 155.290494444013 172.535735858009 151.998117486398 0 0 150.357834091755 170.162499440266 160.525655803692
70.2434775288115 75.7484429485158 101.703206693088 65.1634274075519 56.882595368298 55.994517525551 59.3208766640184 83.0063434350091 0 74.3770801563648 129.709313297096 24.1158814078759 115.756814615347 83.7707055780291 24.1581888720097 51.9058704487509 114.805966049349 139.287759711914 128.699163876597 56.4857442739187 62.3954382408426 27.1676633395334 80.4783883951902 25.5536333265801 102.953560196609 115.258231699245 91.1021410067315 54.0749899524346 78.7520901892835 59.4458651357756 120.481762343539 132.088122771986 59.9558105372283 86.1567752414155 115.447039710829 53.2101337274756 95.423391768069 86.745693332645 86.2991672044739 19.5856099078975 80.225124079195 117.055757795247 61.2659942871432 144.920744574628 121.273154555807 102.334813818495 48.5718439425706 120.222629364413 127.625831604004 92.3287991345946 93.2016399804968 118.367461351648 91.3315335362107 128.831512557553 88.3707762962729 84.1190272010619 102.699046538926 23.93100798785 96.2304392546359 167.686786341713 55.9828347003802 139.459109868915 112.874045488258 64.1550725368932 86.7740808068486 150.439101508036 178.720722502158 160.687843345544 84.6815809317109 91.0008749880461 29.0184853109184 102.608563493992 62.4703987668618 131.189738577082 153.298548029531 129.863081060303 84.9386780326504 99.618967979031 85.9727738110633 0 138.299445808152 84.3722399811527 105.727153201045 144.288497340872
83.8606643345724 141.866114551271 110.475324841738 22.1422953184196 110.810232902566 30.7127623662883 28.9383075771403 44.739252531464 74.3770801563648 0 134.892245809858 31.3085478849112 131.721502937863 78.1377117620085 72.376615732084 105.070282069165 138.938453265484 179.87956237793 160.26753616411 17.4410559639398 93.4305170530198 113.39206838567 101.914146455344 56.2113311762975 181.644462087013 141.159484897637 124.965242688381 36.2476424363751 102.352870702182 92.3120063161713 0 131.91983948507 98.0082421470415 100.884609555163 44.9889243556614 97.2640422954497 129.705821490019 97.7161512487996 99.2689491983125 78.3546174031598 97.944532430539 130.62664946802 142.972121423404 0 179.84430962202 179.641369006967 115.558613729239 183.839988272944 0 162.653800303195 175.169193197482 186.965139887438 101.820431237545 0 152.638163103214 146.569107392703 168.763203052526 91.7060258457942 118.180419705519 230.321372886169 103.892756991144 170.899389116528 175.847420086986 138.471278241692 156.661994444875 214.349594116211 218.352508544922 0 144.831492386566 155.545862894455 143.455904772788 174.992201867609 127.699135923189 0 185.697371226252 189.31660657659 148.234697275491 164.099803974908 156.156025792834 0 0 170.79475402832 177.375891396508 181.124647972313
105.707778388957 55.9773536978975 86.8829929810659 151.103297544504 61.0869964708201 92.4885979084169 130.80937943194 79.8519097747094 129.709313297096 134.892245809858 0 128.083248902231 18.8709767145555 75.6203931196088 158.018297719577 116.854424638118 56.4515731082235 25.6175387687139 29.0751114794508 124.420946701978 100.565643965929 91.4510175107325 89.7892064365458 143.018284010064 28.8921988423061 33.2288061069358 57.379060794156 142.292434900776 71.7469025274587 113.757296947374 32.4159334558707 67.0115136040632 93.423226101122 22.9360419703815 132.208074577073 75.8933227133862 28.7636565652239 27.0679965973957 45.848988822358 72.7753074474674 36.7737127856966 17.2949459679009 150.423713439245 68.465877061241 106.939295680664 132.251182340062 0 0 54.0781687160517 0 85.2006735648551 130.949443787101 0 0 0 209.152956011428 0 177.861593848673 0 84.2864891738884 167.963412995929 69.6538830972222 245.951904296875 0 155.856804503461 152.227933076669 114.421066644366 118.882604124806 0 192.569406929048 120.090931387569 181.773348612061 191.676262177893 63.9195477050853 110.636641393475 110.863652345663 207.055640506123 0 210.219164075743 106.058951343038 0 185.934051513672 131.069932163556 145.068246145384
92.5148522224545 108.072706852877 127.269271243832 45.4277846855436 63.5254744221007 27.6955696685152 50.149582779801 70.7049221696102 24.1158814078759 31.3085478849112 128.083248902231 0 130.195698169584 91.8001573572497 20.4135599611113 133.075806684345 141.423808743411 0 170.656222127508 14.2324241333691 109.233418106244 82.6975344846721 110.184522503067 34.8551863749126 164.875223935009 159.606256582126 128.365292258275 58.8743617356898 104.922617659803 117.744286709844 0 118.862461428994 120.267654418945 98.9541476101308 13.9705521732145 76.1145212667961 119.313625890524 98.4208156886774 95.7257514759189 29.359193813985 91.1462581909609 93.585258371466 79.1942322184978 0 188.993639281325 158.069961547852 73.2589895516364 150.277536698499 163.2177734375 119.904391865693 114.393461237157 186.572463989258 39.0244915744215 0 105.475912301854 114.551325581351 126.150754634496 54.6161785706778 80.1099906412036 122.162719726562 15.5496218559834 0 128.506936659971 93.4588116952689 0 0 0 0 42.5511348586052 0 101.852729797363 153.888402885452 91.5580058975121 0 0 167.913836913749 101.72929898687 129.422801522935 130.057245044271 0 148.435836806893 143.372467041016 117.841289844946 217.142333984375
110.903467492169 39.6104928639814 87.2918715869639 163.99752514801 48.0793876495267 65.5400072092517 115.974382396807 67.7322452640204 115.756814615347 131.721502937863 18.8709767145555 130.195698169584 0 82.0444682772316 99.476874011017 116.849264767972 86.3486737442394 49.6150499373184 57.9220853651567 134.97580201254 117.361630143553 75.5160507218202 109.967871945512 126.160825922674 16.7831401662484 25.8137560078856 23.5623434789206 140.442648543727 87.2836027377544 126.751514545191 9.96631151185924 62.6537886225686 101.232322711069 31.7700246681636 85.9358406356701 29.6203865043047 24.3171842381601 22.4741215517198 18.5471866902467 45.7742276984118 13.8718977454662 12.2466573827269 53.9663860869013 43.7532456131464 65.0071737423495 44.9243005854058 110.586898803711 34.3350715264003 39.3784572139596 127.57772064209 70.8710382152473 124.858215959924 0 0 0 154.649172352432 101.618827819824 161.434497272644 0 64.6660277060588 0 51.6224948108979 126.035868210627 0 116.373115539551 127.993588622439 93.3953891397363 107.835094735216 0 192.805150065431 107.667789016324 142.737476503835 165.655197143555 48.0449841506691 95.0254321883388 90.9638413832479 197.354622484617 0 202.958999633789 86.0937075173463 0 0 92.7726234089073 94.369698825261
25.9278890631373 132.860012645938 110.475221699739 117.81420962748 55.8651694758361 47.9211505716185 50.8789802522926 23.1233497072049 83.7707055780291 78.1377117620085 75.6203931196088 91.8001573572497 82.0444682772316 0 50.1242156994425 104.72327397839 123.148372328737 113.518795898017 117.017466730498 87.3207233177892 97.8444580891985 101.196688381199 102.860745738312 93.0622259963648 120.956795317361 129.728482503139 128.852382352972 90.4028443407449 37.5740582060274 70.0721189130405 140.684948188346 33.781440823562 68.1140294811017 50.358806560476 134.010450045125 74.6312687137985 99.5119784710839 59.5039603514816 76.5995316484128 46.4151169432754 47.1487693449886 75.8146908385565 160.520314922298 181.740763551435 167.146114851793 158.712476918547 178.739303410505 184.888101375637 0 151.918718707825 0 170.968752986722 164.567320348932 0 206.629585913721 153.08157526759 180.262286656433 112.520544484977 182.795750670648 216.702771989037 135.955343730619 196.486475390172 185.130783474721 167.890518188477 142.353783425335 184.311313865023 160.03759765625 206.162480296132 162.937854629236 155.541142531977 118.500561390748 168.801131734625 141.921055503697 126.229010556078 195.537727306336 171.589662946997 156.478439074884 186.784899250288 157.039586585961 0 0 155.108005777091 162.472099061844 181.914609603331
91.8785507805926 106.711317788948 128.892638936712 76.4846112747201 17.7367811837495 17.2870453115658 78.3531358240806 41.4321758512068 24.1581888720097 72.376615732084 158.018297719577 20.4135599611113 99.476874011017 50.1242156994425 0 107.520637512207 151.333784048707 0 142.613841290832 56.5313754543111 130.146667946127 80.279597920136 135.724719364603 44.4487609288733 128.409880555762 151.505806236169 114.584546181338 81.6263332455337 43.4752440033308 100.888267795072 0 40.1473074737255 0 46.010577515628 48.0879808499063 39.2413960714173 131.20667420598 85.0874566671056 30.718505859375 10.7188443223386 22.7811151956705 0 48.6657154092385 0 128.248947143555 51.9963150024414 70.5837477632445 129.55192565918 0 0 127.918799624009 165.671234746463 112.308194531112 0 108.741658420142 108.726898161419 137.32443198347 48.9325883275442 127.336915562626 0 83.0010075537114 0 138.860066583558 89.767592526409 112.848004563723 0 0 0 118.534839254215 123.026504516602 88.7827642863991 121.267839405999 88.7426453580793 0 174.854627755943 161.689953935024 107.736055157365 173.931087781083 161.053252683158 0 0 0 163.49569886345 77.5733706747077
91.601402064895 56.7442028260593 77.8377795953549 113.517237928225 0 116.92928204544 73.8177515610478 109.92857695884 51.9058704487509 105.070282069165 116.854424638118 133.075806684345 116.849264767972 104.72327397839 107.520637512207 0 90.1462387688581 134.013022919577 110.470789519576 78.6500244140625 17.2149018812702 31.0749676525797 16.8178596947264 33.7779893315807 100.470378103507 105.90138207205 21.123371178835 35.6876222493733 83.4745376475998 66.2455857879262 139.739767868649 134.34316350579 68.5010499409983 60.0724994144197 140.809585036408 63.9855427448249 46.5716008910106 71.3402970912644 71.9403641883142 78.2644373346039 88.6876016399492 0 108.043061802525 86.5301578643209 110.571980958651 112.992388961582 107.713981375886 0 0 120.894888708327 94.4035742306114 98.5342229708355 0 0 161.396349499352 137.964492746637 142.118343322337 80.2521530824434 161.081251193857 195.442682768431 169.889373856027 0 139.946931116448 174.638000488281 86.4711986847835 135.323937455615 149.587173461914 137.836908642423 0 101.22955113812 56.8579931281334 94.6432489470309 103.320873074514 116.899706683681 135.798872301723 93.3105021206984 115.61441054765 131.870724978425 105.626524839238 0 0 100.178227850621 100.336448647122 151.001264911029
108.438075191086 55.3183019940163 47.2724079721217 126.882835388184 104.29051038118 133.488883266107 108.892373911976 125.127939531586 114.805966049349 138.938453265484 56.4515731082235 141.423808743411 86.3486737442394 123.148372328737 151.333784048707 90.1462387688581 0 56.3847111501682 20.2718457621119 149.799327392326 49.5745504256191 66.5661261346622 29.7343149937833 117.064420027988 73.0388655213533 37.4407719828225 66.2102532460869 106.294482423538 102.537586224252 71.390807454593 84.9064674574475 97.5854461274807 97.1543324930529 44.0226938765773 131.673998623335 72.0457553435423 44.6390644852666 46.8874976735146 60.8172941738996 89.3655295404841 80.5994339974339 84.9446727083946 131.837282589168 110.561413845833 126.281160379049 117.942614338793 144.059089622956 0 102.616393814704 211.058029174805 79.2602012550682 111.00440672686 0 0 204.461410522461 179.950842168345 168.843984885083 148.59481778375 215.222038610038 124.901220515476 179.305480957031 119.73845482645 201.086448260256 0 126.682497834726 116.969614059317 132.941348620428 122.474537518117 0 152.648169822677 103.241237773612 134.589488005423 163.637181945371 96.9630357064264 110.259986548158 105.907848645804 177.687866282795 191.831454960295 159.610076096468 147.296066642098 0 199.361733439345 121.920691495291 149.679149779372
137.035793014719 66.7901122420542 83.5911548250945 0 0 140.252283205151 148.441218572361 139.980464661113 139.287759711914 179.87956237793 25.6175387687139 0 49.6150499373184 113.518795898017 0 134.013022919577 56.3847111501682 0 16.2077850162733 0 116.620839832868 95.7432572497429 98.434377550898 149.921445108708 47.9947328258614 22.0153142003598 64.0478458949342 166.172698102712 109.717607635788 122.071166016279 52.0936814199381 100.226175663943 130.059310025699 55.420254969297 168.521519855455 93.4753223578846 49.3195189705342 59.4183485889687 70.1107245846384 124.262980387252 0 56.2008639605811 142.100326590498 76.3487977067732 107.942270352299 136.842916849876 0 0 72.5134887605957 0 91.4455621865988 141.168660947435 0 0 0 0 0 206.847778320312 0 96.953656839101 0 84.6367822435049 0 0 0 154.246317065831 107.867231677815 125.936606824687 0 0 137.191255505094 169.371584215755 200.058883666992 75.5615239409936 107.262076216146 108.553049369198 0 0 204.703247070312 108.341583186067 0 0 131.907787927209 150.370910644531
130.242345521124 54.787287228943 63.3924943263254 173.600967407227 95.6191428549117 126.683606655606 136.914475209354 134.696744785195 128.699163876597 160.26753616411 29.0751114794508 170.656222127508 57.9220853651567 117.017466730498 142.613841290832 110.470789519576 20.2718457621119 16.2077850162733 0 132.364319556825 80.6842080643886 87.1470121205919 67.2450839181573 141.19276851354 48.1936681903866 35.2505034907082 62.784810259566 138.631765275688 107.124077082317 99.418546093995 63.9790585785721 98.3375031921906 112.178526980428 40.5831426326769 152.550844389154 76.6053683787735 44.0542265227538 44.6402475149899 58.707893794358 93.5310851360104 76.1787280260559 65.4528583699161 136.180286376406 106.614085550092 117.404183942956 123.771600703726 174.341064453125 0 94.9173018959791 0 79.0297276823866 125.324277153743 0 0 0 198.432344171037 0 170.507148310659 223.173156738281 109.551727152258 0 89.5121799548103 197.742029742739 0 152.785909861895 117.225723298625 108.658193552253 110.974998447348 0 164.455030771241 114.277288477569 148.131179491062 177.679045935965 72.4540675991806 104.037462687135 103.595111501758 168.193618774414 0 151.129516378114 119.462800251239 0 0 120.885290429813 141.182115308472
78.1174821920543 134.408430477575 176.75554725406 13.9890842458816 102.546520855223 45.5893232734691 41.2882668952497 74.8297942470979 56.4857442739187 17.4410559639398 124.420946701978 14.2324241333691 134.97580201254 87.3207233177892 56.5313754543111 78.6500244140625 149.799327392326 0 132.364319556825 0 142.293893246325 114.52772618243 122.365884122989 20.9429096417823 0 151.355748973827 153.63432314706 33.004130804277 96.8835274828472 127.863198287962 0 119.689073772802 118.187752982559 98.6740713402557 57.6060434261425 91.3821307597458 105.568852832816 88.9818158959221 86.7747690569214 65.3081983942488 83.7142996265607 118.34402643863 145.015106130243 0 0 0 102.262166311951 0 0 112.139343261719 0 193.03680239145 40.7819678631418 0 142.546460447109 133.782416775446 153.713675384332 85.7568207719479 141.046678758966 203.813980102539 45.2116262277287 0 171.053815932146 119.463562011719 113.066436767578 0 0 0 131.006314894758 0 155.773162841797 0 116.392722858341 0 160.780227661133 183.448430122291 133.447772424332 168.959583806291 146.162606075537 0 0 0 0 158.273574829102
85.6060349127387 94.2982297265756 58.0634598215025 99.5798160929346 173.041854364329 103.854684848162 68.7161883376629 102.632233197812 62.3954382408426 93.4305170530198 100.565643965929 109.233418106244 117.361630143553 97.8444580891985 130.146667946127 17.2149018812702 49.5745504256191 116.620839832868 80.6842080643886 142.293893246325 0 54.5991513063163 28.0475459485518 42.3248835831051 119.622402164863 84.3336707318991 69.3511621078912 20.2325525040073 78.5463781630036 29.0279997460115 134.931600188325 137.508819859603 70.950672191016 42.1293455746665 134.001329026538 64.909078909231 57.3809663422209 65.1561025919458 70.3075697935348 82.293797948143 88.5661136971137 119.112103039236 129.41538570469 123.94938935474 131.33039460896 132.608734402396 140.846915878729 144.076690673828 0 137.273162517466 97.1063047484408 128.115423196029 218.162866657258 0 140.313928707721 141.512503253563 147.477554540272 85.9595883134944 162.584189469369 169.422227535791 0 153.919928855478 145.916150952038 110.030807495117 100.733543497415 140.150269873585 202.601744857861 173.578820186451 170.26676940918 111.402962490567 72.7897644834809 113.598844034614 112.6017972666 126.277544375518 155.908775690973 120.931242367381 125.717680543978 135.368826186197 113.550323871326 0 0 118.686658533152 119.752874234154 167.138516591741
89.2189828626982 25.5735424198553 51.2205472787408 94.0851646273266 101.305087158265 108.515230717892 79.7007101184217 103.625060616359 27.1676633395334 113.39206838567 91.4510175107325 82.6975344846721 75.5160507218202 101.196688381199 80.279597920136 31.0749676525797 66.5661261346622 95.7432572497429 87.1470121205919 114.52772618243 54.5991513063163 0 50.4118899965959 33.3737185100217 61.5633266649278 71.6082852402854 33.9467674638169 58.3868466852582 80.7554627854605 61.1015722367003 127.956506953511 143.021808887762 65.6646969297664 53.7428805942797 125.80642459398 57.5720202506334 40.8603516588192 58.2029475165788 61.6102237223333 73.4587635187 76.7152761662046 79.8551368572567 87.5670731404324 83.7914003390297 81.2661104200354 90.6008664788397 100.731882149084 130.692535400391 84.2252430658419 103.604555039917 46.3530234710414 72.5529161143166 158.150504375355 0 143.205446603418 120.224485563067 138.959315624828 56.3289157642565 149.273820494956 119.882181394523 142.926489359537 86.7451362759308 115.864348851002 99.888557434082 58.3772955266184 88.0843317778407 132.404084191948 111.602487713388 0 77.539341816845 28.4904431827924 69.8291388771292 87.0740664861475 75.8611930854238 95.4732973126975 68.3750565363734 100.28576317074 109.904092132449 84.638804524028 133.329788208008 0 83.837992827575 84.896318080353 146.08751111423
94.6967022549645 76.9310112899332 31.0056386766123 125.232443778702 116.557206116782 107.716067024754 79.1649393418773 108.428166501591 80.4783883951902 101.914146455344 89.7892064365458 110.184522503067 109.967871945512 102.860745738312 135.724719364603 16.8178596947264 29.7343149937833 98.434377550898 67.2450839181573 122.365884122989 28.0475459485518 50.4118899965959 0 68.6637025144661 115.74914554529 64.2851363611778 39.4509192085946 48.4685784744407 89.0901418807857 53.6637263410435 113.515453074628 146.367694671159 75.7808278287128 48.765606444838 131.393617754019 64.42116986982 45.7643055065607 62.983856694462 66.4037986402313 77.3621197010775 80.2126937285605 98.9768339183592 119.224281050274 109.122005803102 119.416295098651 116.71532277511 127.98938204115 210.078570174122 97.5637817382812 149.031575639484 92.5042130813115 102.912567155499 111.730346679688 0 197.101393169176 157.310413141465 169.38026617765 99.3599165484337 161.352342985386 160.304968936587 141.32795715332 133.520007371884 163.201377861638 158.980447293559 95.1922769079691 121.69360488463 159.587412487065 135.652190576373 123.546592712402 115.275384022162 71.0326604692109 104.027457577822 121.517914857783 115.216442739705 131.397822896973 98.8682068184505 135.626564774924 136.035429701896 121.935927444164 0 0 125.240279000549 113.6985075814 155.515997184762
78.1091958118961 79.6197962713265 99.925532308772 25.14827528065 80.4741005669976 74.4861885009764 53.2279535089672 92.2664867683402 25.5536333265801 56.2113311762975 143.018284010064 34.8551863749126 126.160825922674 93.0622259963648 44.4487609288733 33.7779893315807 117.064420027988 149.921445108708 141.19276851354 20.9429096417823 42.3248835831051 33.3737185100217 68.6637025144661 0 107.618960622702 124.361600288466 85.8550320846988 20.7031443538189 83.3966220232203 61.6613486076525 146.343780599083 137.557630649247 66.5560748548566 83.0600059700164 128.792263538455 72.2205914118514 88.6291873080422 86.3084500581885 91.2835017083013 56.0476182601669 93.9448494913327 125.126737351964 117.658350774478 137.218336022197 128.609227899862 137.12609140576 86.0077830423504 143.317419024945 140.677993774414 116.41964522011 115.489530344483 137.189232420393 113.841630568442 170.895622070136 122.699318022671 109.774687865991 133.135699760963 53.8685209315988 123.092816293105 173.034347766279 89.1539851852976 124.669630333503 134.599143752381 102.229969742792 95.6684258513011 150.030928037684 205.316587866737 164.90101553139 107.649609348947 106.560534598077 58.4741561834945 121.544689080555 92.677051265038 143.641550612927 160.773822566434 132.240548336083 108.784169912906 131.253127284594 114.480796851026 218.642593383789 188.67114422086 113.782231857584 122.719396511333 186.663963946302
123.327619935631 21.6839832126077 80.4475951936187 0 0 0 159.798234387279 169.707898891046 102.953560196609 181.644462087013 28.8921988423061 164.875223935009 16.7831401662484 120.956795317361 128.409880555762 100.470378103507 73.0388655213533 47.9947328258614 48.1936681903866 0 119.622402164863 61.5633266649278 115.74914554529 107.618960622702 0 43.6109248287259 19.5611340248356 128.047606899229 130.286017939404 129.261532696633 46.875102023257 98.724739074707 140.859344482422 49.6697383617043 153.931664781149 97.5547696992931 20.1966714069386 34.8951292563472 49.1996711251931 152.711872167752 0 15.5757870777217 114.202638502838 39.4003245172822 69.7383739117098 110.021406173876 151.535247802734 0 34.5243570808786 0 55.3003685836869 121.24723872091 0 0 0 204.296254640385 158.390548706055 119.896249762758 215.773012311703 59.7275382215422 0 45.1469447333841 168.060723588935 0 0 112.220304727636 77.5605212753814 85.5808687893562 0 141.665104701443 79.4419260236123 121.607298216055 143.747211723156 28.3767579917008 74.618367543401 68.5701195364016 195.449250983311 116.121112855128 135.014776518192 74.0803924568268 0 0 80.7014037252272 0
123.121316376809 44.0524463962955 33.7194568864644 210.096044225846 141.928251907711 141.376805901145 122.304948551212 135.633137670541 115.258231699245 141.159484897637 33.2288061069358 159.606256582126 25.8137560078856 129.728482503139 151.505806236169 105.90138207205 37.4407719828225 22.0153142003598 35.2505034907082 151.355748973827 84.3336707318991 71.6082852402854 64.2851363611778 124.361600288466 43.6109248287259 0 28.9522148525678 125.116330405787 118.363433282077 96.9187697382529 21.419025171255 114.865973515788 115.699203235321 55.7748232262679 153.596882962345 77.2969381749353 42.7133802172635 55.1989993065014 64.9352001360948 104.164525930195 86.5815227821895 60.4022363111126 125.656698085908 85.6718363127781 106.826609106858 115.537635195068 141.099977027115 0 77.1252627966932 177.825982533232 73.9988403392482 106.983731922135 0 122.770416259766 227.322372436523 185.93366571159 195.201462720232 153.311515071282 0 96.2213605734497 243.459609985352 80.5967674987592 185.064046068299 177.225828076328 140.503854076597 106.175484844988 102.718495112734 103.00969134512 0 161.266226055874 107.913993488676 141.001804133255 172.486305627461 65.9633705370719 95.7786460145084 92.5223752352928 192.695764379173 196.686100809674 164.263887380625 104.501647372612 0 184.762247395744 105.349702675498 151.579858278536
125.833160513713 29.3742636171331 30.8377985376512 129.544102718934 129.950117466106 133.898150786285 104.260521730457 136.890529377264 91.1021410067315 124.965242688381 57.379060794156 128.365292258275 23.5623434789206 128.852382352972 114.584546181338 21.123371178835 66.2102532460869 64.0478458949342 62.784810259566 153.63432314706 69.3511621078912 33.9467674638169 39.4509192085946 85.8550320846988 19.5611340248356 28.9522148525678 0 75.2010269344363 115.67634624887 96.6784349639749 22.2807373578666 121.090296518379 101.714078119342 61.0151013082043 140.312138569695 73.2115912800488 46.5549136736245 61.7704384197023 67.5477312200872 82.4490286638162 84.5266839376819 63.4215160012862 116.778016060764 87.2539652783424 102.135450120235 110.870545485788 122.990688138312 112.042350769043 74.3485616448027 149.000906399631 66.4178115506705 92.2825510121531 187.538649439115 108.544311523438 174.572344990805 161.030048833627 175.275294130274 130.487952041401 186.250841716031 95.4759687276069 162.569714409341 78.0501702578669 175.750658397221 156.703466775436 94.21394716973 104.821209614892 102.21591586948 103.82050532112 176.688315090795 123.447405200537 70.1925381131285 99.882052522249 141.525441866291 63.442862328846 93.8337868714378 87.08875197732 146.206926872839 167.121943209928 137.498299232585 107.51890367706 144.36116027832 126.347070949027 103.067832784891 157.810015454937
75.5114311447773 97.9937341430744 78.7387856584171 23.3774304415831 134.95560650195 67.2229169608834 33.6823789216671 91.4202757007968 54.0749899524346 36.2476424363751 142.292434900776 58.8743617356898 140.442648543727 90.4028443407449 81.6263332455337 35.6876222493733 106.294482423538 166.172698102712 138.631765275688 33.004130804277 20.2325525040073 58.3868466852582 48.4685784744407 20.7031443538189 128.047606899229 125.116330405787 75.2010269344363 0 87.2588695338339 43.9385151811684 152.36442565918 137.980258139613 71.2196506179092 79.7737058380657 127.942025104014 75.3952987099672 83.3869509264432 88.0053539521053 89.3563882706896 88.4017037375912 95.9762459851499 139.202633034177 133.791290616148 160.641886113383 145.570590068871 137.579200286086 120.713429972032 145.039763629785 0 131.735006250788 152.295258494259 149.989447943534 137.577117894349 161.241400443448 149.662616456681 124.773683942773 149.316413198723 76.8924299555135 146.793275933013 185.867075513752 119.191133940229 211.325029327364 146.347911574834 146.151250827856 108.500430965774 167.568361456394 0 171.259917314198 138.365935358718 117.347506633633 73.0999930097139 129.017629622265 108.569773019871 195.65072730319 177.588637501529 146.377366556507 125.959654313236 142.532901714754 123.794708027544 0 192.41821587107 133.229288208269 138.439434372958 177.695803709216
23.3979469892393 126.289134570756 101.511554174856 108.576001011648 29.9135172537037 39.1071061891098 75.0802752288901 51.5952084055078 78.7520901892835 102.352870702182 71.7469025274587 104.922617659803 87.2836027377544 37.5740582060274 43.4752440033308 83.4745376475998 102.537586224252 109.717607635788 107.124077082317 96.8835274828472 78.5463781630036 80.7554627854605 89.0901418807857 83.3966220232203 130.286017939404 118.363433282077 115.67634624887 87.2588695338339 0 39.9013056082161 129.318457301374 20.4761696815252 21.685564598978 39.8430974442194 114.966255112239 64.0603241625963 86.2418432483158 54.158092759766 71.9836198097399 51.2396854885327 33.605482070368 64.8212600231153 157.377406472664 163.535388627063 171.052760411289 135.204391479492 168.341734636883 175.502042151094 163.173843383789 152.701528869125 164.807213734157 156.875523032061 145.379732632455 0 208.647619632656 150.31161571524 174.929572846856 102.133178646426 177.70741017157 199.881887447712 161.977271776565 111.312356998047 166.64101793308 0 129.38506527478 174.936654590867 0 182.897771322132 196.326871019458 132.782601399299 94.553647137484 145.554085722327 134.370092152331 153.708327367776 164.089744103411 154.100500711215 149.42334317605 159.848394940679 139.604249969836 0 0 147.310119133941 168.154427056199 137.106452696296
41.7978445242461 103.725135547232 76.0443573578736 112.335856046951 106.773594584459 90.1574619502242 25.9420745292518 77.560568024793 59.4458651357756 92.3120063161713 113.757296947374 117.744286709844 126.751514545191 70.0721189130405 100.888267795072 66.2455857879262 71.390807454593 122.071166016279 99.418546093995 127.863198287962 29.0279997460115 61.1015722367003 53.6637263410435 61.6613486076525 129.261532696633 96.9187697382529 96.6784349639749 43.9385151811684 39.9013056082161 0 145.881123095054 123.170018208719 57.4632856348335 45.1340051263661 136.761004187332 63.8174658542217 78.0112310141542 69.4810097734235 72.888696759756 83.3465119284822 81.4764886419716 109.302915191788 136.255245471801 156.078248080534 139.867352047625 156.129369442394 139.22124710584 167.934941868021 204.120590209961 129.441092792894 107.902056664776 138.007501523937 161.22064162987 171.135467529297 165.605388080557 138.385340630013 144.597169755245 81.3914897583339 159.382271395258 174.523724605339 86.9796957843871 174.362838318778 157.075715424249 192.256149291992 105.49162669117 150.439715206314 0 201.157948373965 0 117.972023472883 77.5458533680868 124.144788265277 114.361109684866 149.799786290056 161.269860145746 140.922992363678 125.435664686039 145.211147129238 126.398211990952 248.358520507812 0 125.43077693347 136.690928194177 162.477840124517
165.679999573691 70.3111206639117 98.5088201906152 0 0 128.02411827763 185.93631817802 118.90044307932 120.481762343539 0 32.4159334558707 0 9.96631151185924 140.684948188346 0 139.739767868649 84.9064674574475 52.0936814199381 63.9790585785721 0 134.931600188325 127.956506953511 113.515453074628 146.343780599083 46.875102023257 21.419025171255 22.2807373578666 152.36442565918 129.318457301374 145.881123095054 0 104.134201057585 150.655944824219 72.8174094661423 0 107.772857436539 57.5854183238622 68.7290745567673 81.0756691675566 116.545837402344 233.831329345703 53.9200671937454 0 64.9218360548081 86.1170883178711 0 0 0 64.5135346796475 0 118.525062310851 0 0 0 0 0 0 0 0 101.418879631775 0 86.5135482690201 138.029083251953 0 0 122.256866455078 112.313908793358 133.674370364458 0 0 147.725237650936 0 0 74.9936650594868 114.284435226639 110.922621782148 0 0 0 127.828285476376 0 0 0 0
85.5483414756727 0 147.756223756365 145.663042794634 13.9091018169543 23.4251725000841 122.681366208589 21.8145258450209 132.088122771986 131.91983948507 67.0115136040632 118.862461428994 62.6537886225686 33.781440823562 40.1473074737255 134.34316350579 97.5854461274807 100.226175663943 98.3375031921906 119.689073772802 137.508819859603 143.021808887762 146.367694671159 137.557630649247 98.724739074707 114.865973515788 121.090296518379 137.980258139613 20.4761696815252 123.170018208719 104.134201057585 0 85.3470335605896 22.8352558203795 113.349647521973 74.2231902845775 78.1250993081852 46.3625301911172 62.0933954790041 41.9994316061266 27.484686578826 62.2340697538331 166.105213178117 0 175.819091796875 0 0 0 0 221.795002964026 0 0 231.717041015625 0 0 207.107396530812 216.482879638672 194.441802978516 0 0 0 0 229.623748779297 0 176.659098635932 0 0 0 0 0 140.099031990848 202.482650756836 178.215476842349 179.181015014648 0 152.54172614682 189.283051649001 203.690826416016 203.283468023194 0 0 0 0 0
