0 4.63840401172638 130.237119406462 33.1609923243523 1.43948131799698 269.685819327831 3871.07187929749 1897.9974847734 123.585952430964 439.259027928114 6.21452185511589 24.1268602907658 0 12765.2000895441 13.23487585783 21.9877707958221 248.798130840063 8.86526724696159 45.3094444870949 16.6644462347031 455.404042303562 41.0481707453728 631.813133448362 239.40060210228 0 80.336104363203 83.526317819953 280.395821273327 10298.9612287283 4143.89831033349 0 6.16430842876434 110.739545673132 386.452038109303 1.78856402635574 91.0217069685459 13.6057304739952 1.26823711395264 0.75716757774353 95.6034681797028 2.28921499848366 0 5.57012137770653 1.44731867313385 6.18899887800217 1.68264019489288 2.21097305417061 0 0 2.45747172832489 1.51190602779388 0.861141383647919 4.46275150775909 0 7.04159849882126 20.1508502662182 6.7838588654995 10.7786573767662 4.86487251520157 2.28658929467201 0 0 12.2955376505852 0 5.76682716608047 0 0 0 0.911925375461578 10.28198158741 5.86704456806183 8.10974854230881 73.8428325951099 0 1.56211453676224 9.40081435441971 48.1536264717579 2.23748075962067 15.8833955228329 0 0 0 5.13580176234245 0
4.63840401172638 0 277.957107722759 6.13446047902107 4.89987790584564 9.84366437792778 45.9809858500957 6.03791278600693 1028.69597581029 9.61442065238953 283.198184221983 28.5962509214878 971.957812279463 11.7543155550957 41.9830361604691 84.0931791067123 304.707224160433 47.1967204511166 116.249214231968 2.59747353196144 57.8929161131382 2371.40990528464 369.094903260469 719.928253829479 2507.14551261067 831.380420506001 7136.55450794101 78.0019992887974 18.2263607978821 49.7474698126316 73.2711569964886 1.4072590470314 1.8697224855423 318.428874313831 0.362298041582108 69.2097272574902 218.786719232798 23.7782444059849 1.78544521331787 78.6056226789951 0 299.329465210438 14.590441942215 17.2061788439751 18.7587606310844 14.5822439193726 3.96288031339645 1.35467565059662 2.04428380727768 1.53305381536484 68.9758176803589 105.974277108908 0 0 1.00674709677696 5.89137315750122 2.97315454483032 6.45568740367889 3.57687360048294 8.13196012377739 0 9.48771977424622 4.16624963283539 0 7.63126385211945 28.4008719921112 3.37867790460587 15.5174922347069 0 2.53225210309029 23.3297914266586 23.8927336931229 17.4412305355072 6.79179072380066 92.7642876803875 452.648616045713 12.0334677696228 3.01947164535522 6.91205281019211 2.56668344140053 0 2.15541511774063 3.71319389343262 0
130.237119406462 277.957107722759 0 11.4132581055164 0 128.8433829844 870.43076556921 144.736014544964 35.9463120698929 124.528568804264 255.092080235481 11.6603391170502 26.4592442214489 240.813164919615 3.64605170488358 104.447915017605 4563.38751518726 144.584262043238 765.048995316029 7.21180340647697 888.253265053034 187.554199069738 15048.3127589822 158.037064880133 25.8990660011768 10062.6868807971 9865.74577397108 550.37740957737 123.83481323719 787.40430226922 6.07539576292038 0 7.67800050973892 1893.88920328021 6.62946683168411 360.535122334957 873.857742995024 51.2829834222794 5.25081169605255 18.4653261005878 2.52125144004822 7.0661404132843 119.56632322073 33.4767159223557 88.089980840683 31.9717777371407 5.76691097021103 0 0 3.92880129814148 158.89013671875 565.046077847481 4.02059054374695 0 2.2745920419693 15.7843435406685 2.99351730942726 11.660051047802 4.70973700284958 11.7137283682823 1.40942120552063 8.09163576364517 13.5699101090431 0 81.1556615233421 77.3473042845726 7.82378685474396 22.488565325737 2.25166475772858 40.4118193984032 141.979027032852 274.653082340956 40.680983632803 13.1207783222198 158.344282746315 1765.04782792926 34.8696420192719 9.86916628479958 27.2565868198872 4.24508506059647 0 1.01080775260925 35.5861502289772 3.99052268266678
33.1609923243523 6.13446047902107 11.4132581055164 0 1.88577964901924 267.955196708441 558.991201877594 124.528666943312 425.786072045565 8366.6426730752 0.294708460569382 1958.306278795 0 140.874447226524 33.2360310256481 16.7331149280071 6.00628882646561 0 0.910044550895691 36945.0767712891 43.0793209075928 15.5148108005524 59.3142136633396 2826.00315266848 1.40241849422455 9.40750816464424 35.5300554335117 11390.1570837498 99.8336806297302 30.6171693205833 0.545299351215363 4.96427971124649 0.879164427518845 29.7752646207809 3.52404487133026 207.970376521349 0.846946120262146 0 0 114.753657072783 1.85744643211365 0 27.5326727032661 0 1.74369049072266 1.22783434391022 67.368190407753 0.379553765058517 0 2.74507135152817 3.32647639513016 0 532.496306449175 0 32.5011179149151 17.4293028414249 12.1447787284851 89.9343047142029 145.488250434399 0 191.94289880991 0 15.7351166307926 6.51198679208755 0 0 0 0 204.227513849735 3.77358576655388 8.12499102950096 6.09383118152618 212.645189911127 0 0.334496468305588 5.74497929215431 146.293721020222 5.77555823326111 1.02095261216164 0 0 0 1.9187216758728 0
1.43948131799698 4.89987790584564 0 1.88577964901924 0 1174.05069714785 3.39602494239807 280.252233654261 49.5444468557835 15.4276690483093 1.0525985956192 74.1072928905487 1.43431496620178 100.551583498716 2046.47007733583 0 0 0 0.373652845621109 6.66303673386574 1.86181345582008 5.28004691004753 0.469868153333664 28.6998171806335 0 0.970439195632935 9.05278173089027 7.89649653434753 285.73588219285 2.90286839008331 0 2367.29997080564 0 1224.11452567577 4.83692079782486 21.4866651892662 0 0 0 4826.50177174807 4989.98650956154 0 0 0 0 0 0.994704723358154 0 0 0 0 0 0 0 0 0 0 0 4.34674036502838 0 0 0 0 0 0 0 0 0 0.839749097824097 0 0 0 0 0 0 0.395492672920227 0 0 0.397117674350739 0 0 0 0 0
269.685819327831 9.84366437792778 128.8433829844 267.955196708441 1174.05069714785 0 4539.45409137011 14351.7587991953 255.35567894578 14702.1786698103 46.801838517189 12423.7920042574 5.7222121655941 3753.68989154696 3226.04921400547 39.5122317373753 84.1027844548225 5.37531891465187 18.9528444111347 1088.47881361842 300.774551302195 24.9099998027086 402.693561077118 498.877445936203 0.62633091211319 46.3060408234596 89.0171842575073 902.437075346708 937.870057880878 511.576695859432 0 3961.61794379354 4.70445597171783 932.557840913534 58.7999677658081 207.681921511889 8.20828852057457 3.89447596669197 0 6580.0953001529 1032.83694326878 3.18102139234543 11.1351405382156 0 3.93166643381119 0 10.9907696843147 0.476045310497284 0 2.21997761726379 0.546999633312225 7.84451124072075 31.6113758981228 0 33.0239443182945 50.7154587507248 14.2041743695736 45.3257418572903 74.0974310338497 0 29.4301799535751 0 25.0835455954075 1.26393067836761 6.47408026456833 0 0 0 16.8651464283466 6.69755765795708 10.4867333471775 3.04845163226128 157.283582985401 0 2.0077899992466 11.7645846009254 113.946607619524 8.1330794095993 5.31554287672043 0 0 0.444865822792053 4.97179582715034 0.39316800236702
3871.07187929749 45.9809858500957 870.43076556921 558.991201877594 3.39602494239807 4539.45409137011 0 3160.94331246614 1498.80700823665 17057.6678856015 18.3825438022614 612.155114710331 2.31086453795433 8956.4731643796 102.791904866695 267.277765065432 351.969727396965 8.48155063390732 62.7954461574554 390.938345968723 3423.24371778965 187.992971211672 3407.55602106452 4359.78465941548 4.5281543135643 207.851128816605 669.228559851646 21981.4940628558 2078.05752429366 15700.9437328577 0.949243366718292 18.6067366302013 48.1135661303997 635.992581486702 7.45746093988419 506.527096062899 29.8546156585217 1.42770767211914 0 324.136785835028 4.28334891796112 1.16386437416077 78.0792258381844 2.68526154756546 91.4206833541393 16.2177558541298 64.5812225937843 7.07446524500847 1.43942642211914 31.1072318255901 2.44303178787231 26.2159090042114 108.322259128094 0.990679204463959 186.384459614754 406.823655873537 98.406173825264 232.315117567778 310.757412075996 3.90147733688354 120.969929993153 1.98017299175262 169.711985617876 1.14403647184372 54.8912724554539 4.54609733819962 1.25577580928802 2.54078507423401 105.161845386028 66.6314270794392 77.9372505247593 79.5029763579369 1128.07871544361 0.337679892778397 1.92373824119568 79.7264638245106 921.721340447664 74.2606567144394 114.612897694111 0 3.819380402565 13.7382653057575 37.7111084759235 2.98158872127533
1897.9974847734 6.03791278600693 144.736014544964 124.528666943312 280.252233654261 14351.7587991953 3160.94331246614 0 258.068492114544 3469.20617097616 71.6061110496521 961.128978580236 9.19323673844337 27617.2619450241 540.230067908764 29.757465928793 213.660353302956 8.127975076437 42.3248105347157 337.671472907066 411.760454684496 41.2710905075073 586.881756693125 513.573224037886 1.37526625394821 73.8338586091995 85.2679913192987 620.839908450842 2365.69429966807 1389.90833643079 0 1545.19599169493 11.4646231234074 926.983175724745 5.39903646707535 109.296854764223 13.3364528119564 4.79115551710129 0 1829.66172516346 239.477033346891 4.18345677852631 19.0140687823296 0 14.6183687448502 2.51542216539383 12.0690016448498 1.00004476308823 0.429950803518295 5.77368545532227 3.40573400259018 5.72980466485023 20.6101581454277 0 19.0051531046629 53.6053636670113 14.4812870174646 30.1012465655804 36.7444895505905 0 11.1748207807541 0 34.3255462944508 1.47547721862793 7.05043977499008 0 0 2.33212071657181 18.3021076023579 9.0859392285347 13.7383495271206 13.215564250946 191.814675241709 0 1.84784078598022 17.2516497373581 154.452011197805 11.6675830185413 16.816535949707 0 0.511456549167633 1.59461030364037 0.949721306562424 1.24344897270203
123.585952430964 1028.69597581029 35.9463120698929 425.786072045565 49.5444468557835 255.35567894578 1498.80700823665 258.068492114544 0 843.058757394552 64.3150791525841 2118.91064509749 193.250495374203 345.931838274002 1268.66250947118 202.486683964729 22.8591514229774 9.14557772874832 14.583315461874 339.585548400879 200.891594469547 4934.89126545191 248.246368706226 11904.1781044006 355.793297171593 144.696481406689 1344.88075658679 2397.40510362387 206.230750888586 380.550171107054 22.3849730193615 9.38993313908577 16.3319389820099 80.1376419663429 6.16554605960846 294.67327055335 22.1274918615818 3.00350189208984 0 1401.22073364258 3.89265760779381 34.0175508260727 73.9698378741741 3.77588468790054 54.8112708032131 8.75325322151184 103.094205588102 0 0.63879781961441 28.1969646215439 9.55176270008087 23.7450287640095 59.3973272442818 0 55.793776512146 206.002641618252 39.6039291024208 308.285536587238 177.434963583946 0 54.2992374300957 2.61528268456459 96.0662951767445 8.92689877748489 39.2163808643818 0.975683689117432 0 1.56141579151154 64.4364503622055 36.2974659800529 112.721929728985 73.8996173739433 663.326226204634 2.02021861076355 19.0249456167221 82.597169816494 502.357210874557 56.4254103899002 111.313946574926 0 0.30873242020607 6.37448841333389 26.8729477226734 1.20768177509308
439.259027928114 9.61442065238953 124.528568804264 8366.6426730752 15.4276690483093 14702.1786698103 17057.6678856015 3469.20617097616 843.058757394552 0 9.88547030091286 14995.6131469309 1.26740479469299 2425.3423486948 84.332331776619 59.2885427474976 59.3358565270901 4.99712333083153 11.9246627390385 17073.273267895 366.55266648531 51.0709151625633 422.947457045317 1753.99445366859 0.928274989128113 46.5457400679588 107.238001763821 11603.8063776195 793.651153415442 379.441507816315 0 29.0626227557659 12.0672863423824 166.842550039291 145.416880369186 835.850403249264 9.65349406003952 2.68827193975449 0 458.056131362915 5.86218640208244 0 58.1756550073624 2.1175035238266 15.9891454279423 1.06680560112 109.009653270245 0 0.707101166248322 3.19136396050453 1.88368743658066 4.64312195777893 700.686368137598 0 112.597782790661 93.3483461737633 27.1843358278275 192.675476133823 367.22197508812 0.520776927471161 364.852275282145 0 44.4115245342255 12.0827538967133 5.51534286141396 0 0 0 137.808009624481 6.90788218379021 9.30709412693977 13.1549681425095 533.103681713343 4.65670639276505 0.612776219844818 12.2169232368469 341.022722989321 11.9397695660591 8.75986602902412 0 1.57539427280426 2.03390043973923 10.3516285419464 0.64895498752594
6.21452185511589 283.198184221983 255.092080235481 0.294708460569382 1.0525985956192 46.801838517189 18.3825438022614 71.6061110496521 64.3150791525841 9.88547030091286 0 5.75208905339241 7824.13775336742 199.13258382678 2.89960306882858 5.92031997442245 851.199899107218 7609.87028449774 6243.70381033421 3.56634172797203 32.547953337431 124.685428708792 204.337557882071 35.9060261845589 2565.19284027815 6709.42547392845 3965.28367587924 12.4793763756752 158.686154603958 38.3674157857895 560.101082205772 52.2315038442612 1.79772979021072 12511.564769268 30.7221068739891 750.32518991828 5024.60977903008 2481.93913075328 104.96303910017 43.1909311115742 10.2949629426003 4419.80539298058 9.86036556959152 193.464239954948 9.1186241209507 3.88229215145111 0 0 33.5717869400978 0 34.32390832901 13.7270478904247 0 0 0 0 0 0.497854888439178 0 163.166756212711 0 353.611892014742 0 0 0.761982798576355 2.70466262102127 85.1903269886971 13.9462112188339 0 1.71277886629105 9.39501658082008 4.74454706907272 3.31873428821564 172.257371276617 376.445214599371 384.667815297842 0 0 0.604366421699524 95.7808467745781 0 0 4.00397622585297 5.57700428366661
24.1268602907658 28.5962509214878 11.6603391170502 1958.306278795 74.1072928905487 12423.7920042574 612.155114710331 961.128978580236 2118.91064509749 14995.6131469309 5.75208905339241 0 3.44727575778961 584.552229136229 1866.28705272079 5.67090952396393 2.40599101781845 0 0.350478857755661 22970.7426517904 22.7266040146351 62.1062311828136 30.8076347708702 2378.36058330536 12.9729927778244 7.10374531149864 41.819565564394 990.465956509113 219.428478360176 14.2683843076229 0 64.574922055006 1.45100724697113 67.2467546761036 602.372542589903 407.183966457844 0.923132300376892 0.984001398086548 0 3291.92649433017 18.6925193369389 0.897275388240814 12.8581465482712 0 11.405912309885 0 32.5847018361092 1.35219836235046 0 0.972938060760498 0 4.84515762329102 372.422997891903 0 16.5853357613087 7.81669589877129 7.88361898064613 41.520189344883 126.678309231997 0 594.791822731495 0 6.92019274830818 4.23198693990707 0 0.379443466663361 0 1.92030704021454 169.469928324223 1.29820549488068 1.02673676609993 0.362124562263489 85.7516186535358 0.412624776363373 1.56004273891449 4.05131274461746 53.8401958346367 2.59856846928596 1.7800817489624 0 0 0 1.3541454076767 0
0 971.957812279463 26.4592442214489 0 1.43431496620178 5.7222121655941 2.31086453795433 9.19323673844337 193.250495374203 1.26740479469299 7824.13775336742 3.44727575778961 0 27.0182754397392 10.3342907726765 8.97495266795158 23.2512673437595 375.348894715309 150.491114914417 1.67755484580994 3.95964276790619 407.418810606003 9.63660937547684 84.8498726189137 7443.09384861588 3550.6222691834 10110.8069292307 5.3373963534832 29.7786479592323 4.14050054550171 4990.33221065998 12.5290613472462 0.850471138954163 2561.37781882286 45.2101247906685 441.333128899336 3492.82684439421 1223.47618484497 119.364032268524 28.2949959039688 161.814329445362 6204.36213815212 10.313219666481 262.144363462925 43.8490170240402 14.2757972478867 3.17288970947266 1.16763830184937 74.9775968194008 0 37.6316016316414 6.45571905374527 0 0 0 1.73970532417297 0 4.25728553533554 0 234.058175653219 0.513867914676666 553.332604438066 1.61678367853165 0 0 2.78946289420128 119.620493918657 9.13493931293488 0 0 8.8548199236393 5.38334977626801 4.24039030075073 196.150896638632 431.42701074481 382.031643569469 3.95183420181274 1.02100300788879 2.99712741374969 106.13098526001 0 0 1.25079762935638 15.1420608758926
12765.2000895441 11.7543155550957 240.813164919615 140.874447226524 100.551583498716 3753.68989154696 8956.4731643796 27617.2619450241 345.931838274002 2425.3423486948 199.13258382678 584.552229136229 27.0182754397392 0 188.141029238701 38.3100076019764 409.106240570545 11.096868366003 96.8827170729637 288.287589490414 844.607126072049 75.6278094053268 1127.64086049795 771.512986510992 7.43709146976471 158.337540596724 194.874493062496 908.473182588816 9273.58820366859 3593.29876369238 3.03968024253845 635.303361088037 71.415138989687 1917.3016499579 4.99088609218597 233.317603737116 40.5046116411686 13.2684536874294 0 1224.42433816195 112.469540864229 7.02282220125198 19.9193987548351 0.797804772853851 11.2363891005516 2.81384652853012 14.354440510273 1.57955813407898 1.183030128479 5.17912060022354 0.532765030860901 5.48636108636856 24.0301321148872 0 37.3618046939373 83.8797986507416 20.8682426512241 45.6766538321972 59.5262726545334 0.603759288787842 17.2512032389641 0.667835712432861 38.1835114657879 0.47896671295166 24.8059141635895 1.86468598246574 1.42273807525635 1.81772780418396 15.8557442426682 22.3229379057884 28.6766963601112 17.7238597869873 247.698828369379 0.878213286399841 7.00218749046326 19.1102954149246 209.905438244343 27.8622449934483 35.1842846274376 0 1.19615969061852 2.07429042458534 15.5207884907722 0.865788817405701
13.23487585783 41.9830361604691 3.64605170488358 33.2360310256481 2046.47007733583 3226.04921400547 102.791904866695 540.230067908764 1268.66250947118 84.332331776619 2.89960306882858 1866.28705272079 10.3342907726765 188.141029238701 0 5.92025065422058 7.56571266055107 2.4689998626709 0 52.5439538657665 9.34222307801247 99.4189382791519 11.4732746481895 612.596458166838 6.48106211423874 7.71961823105812 62.6860085129738 111.536083042622 35.5323674678802 16.8782994747162 0.425632745027542 236.361596882343 0.439065188169479 81.2848707735538 435.834534019232 184.907180190086 10.486314445734 4.30524909496307 1.56235763430595 12868.8212739825 144.454963207245 0.443083673715591 5.88533246517181 2.05805963277817 3.48063170909882 8.52951383590698 7.60041743516922 0 0 0 0 0.983860552310944 1.27701097726822 0 0.348100036382675 3.21940732002258 1.76715642213821 7.39305293560028 6.06580942869186 0 5.08067607879639 0 0.58856076002121 11.9252566099167 0.455408900976181 0 0 0 3.67096799612045 0.441954761743546 0 0.493285566568375 9.14509382843971 0 0 6.78237897157669 4.97395616769791 0 0 0 0 0 0 148.032321870327
21.9877707958221 84.0931791067123 104.447915017605 16.7331149280071 0 39.5122317373753 267.277765065432 29.757465928793 202.486683964729 59.2885427474976 5.92031997442245 5.67090952396393 8.97495266795158 38.3100076019764 5.92025065422058 0 94.6689360439777 4.90717399120331 21.1359423696995 11.6941246688366 9196.9447863996 3374.21986538172 22280.2603736222 1628.76198771596 9.28101882338524 107.056539803743 12096.4005273879 2370.6447096765 50.9185386002064 277.085233092308 1.38895225524902 0 8.09376102685928 906.565804034472 0.982197880744934 29.06517380476 38.9803243279457 1.2702020406723 0.7437544465065 20.5136556625366 1.76984143257141 0 132.79869478941 26.6027007699013 135.812952667475 63.0779643654823 10.8812802731991 1.60866439342499 0 8.97319781780243 23.7421833872795 158.895106673241 1.62248426675797 0 3.22415032982826 41.2869893908501 6.296770632267 33.8386144340038 12.2896263301373 6.4032911658287 2.68979716300964 1.08197784423828 12.6999980509281 0 941.179086238146 37.9760043621063 0.813057243824005 11.2150342464447 1.45111095905304 343.931760519743 564.371737927198 1292.70957478881 297.306503891945 1.52708232402802 27.3064661026001 659.971935451031 124.229070693254 37.0814780592918 146.839564800262 0 0 5.61832159757614 67.6308126151562 6.40619841217995
248.798130840063 304.707224160433 4563.38751518726 6.00628882646561 0 84.1027844548225 351.969727396965 213.660353302956 22.8591514229774 59.3358565270901 851.199899107218 2.40599101781845 23.2512673437595 409.106240570545 7.56571266055107 94.6689360439777 0 484.128910928965 7535.62607851624 1.15931248664856 1467.36150145531 80.1573455631733 9582.06302577257 58.0662337839603 34.0645738244057 5315.00789549947 5164.06011116505 145.272307783365 342.392465382814 1040.61124515533 12.5578343272209 2.82831329107285 42.4915888309479 3139.88657164574 10.2288514375687 446.280763447285 1082.30836027861 139.928166717291 21.1968895792961 13.5938768982887 4.28166475892067 13.8054538965225 18.4366671442986 6.77705866098404 27.7421920895576 14.8275443017483 0 0 0 0.745320200920105 58.3690806031227 140.052131921053 0.909586548805237 0 0.615128695964813 7.485291659832 0.437736421823502 7.06873506307602 0 3.71962016820908 0 9.80214381217957 2.93870967626572 0 19.7791967689991 26.7610723376274 4.89613634347916 26.0231808423996 0 6.30168405175209 23.321162879467 38.925150513649 16.024461209774 5.86179214715958 120.95587143302 445.666492879391 15.0549704134464 2.31308674812317 7.77457869052887 0.802033245563507 0 0 7.05509680509567 0
8.86526724696159 47.1967204511166 144.584262043238 0 0 5.37531891465187 8.48155063390732 8.127975076437 9.14557772874832 4.99712333083153 7609.87028449774 0 375.348894715309 11.096868366003 2.4689998626709 4.90717399120331 484.128910928965 0 5678.40295153856 0.550107777118683 25.5205991566181 20.8849666118622 132.954525917768 9.20174923539162 456.084540337324 5031.20626428723 1525.34760862589 7.14380294084549 24.5652143657207 18.8844171464443 129.111468136311 3.82413446903229 1.94603759050369 659.076323628426 9.77763074636459 296.954984664917 575.474096745253 256.960059046745 21.0678939223289 4.50144785642624 0.678791880607605 69.5317652225494 5.82836818695068 21.978659927845 12.3274009227753 1.55749678611755 0 0 2.7714935541153 0 11.1280512213707 5.36714154481888 0 0 0 0 0 0 0 34.1069444417953 0 64.1503603756428 0.933985769748688 0 0 2.91612195968628 36.029902100563 9.81002885103226 0 0 2.61811804771423 2.69919472932816 1.64742198586464 42.2831289172173 185.31523168087 192.233986645937 1.37089812755585 0 0 23.0055151581764 1.15369117259979 0 0 4.42109644412994
45.3094444870949 116.249214231968 765.048995316029 0.910044550895691 0.373652845621109 18.9528444111347 62.7954461574554 42.3248105347157 14.583315461874 11.9246627390385 6243.70381033421 0.350478857755661 150.491114914417 96.8827170729637 0 21.1359423696995 7535.62607851624 5678.40295153856 0 1.80951198935509 183.913298726082 22.1907991468906 978.297809660435 20.6454252898693 321.536111265421 10166.7717041373 2927.04362466931 23.3126521706581 73.6525606811047 164.622607290745 42.0420428514481 1.09697151184082 10.7586125135422 1649.60024365783 10.4498107433319 533.989402204752 799.026710569859 401.631500482559 36.6895743012428 8.01252606511116 4.06126135587692 32.2213413715363 9.89064025878906 18.8279530405998 8.89353448152542 9.13667118549347 1.73384141921997 0 0.693472027778625 0 39.4640020132065 13.4726448059082 0 0 1.66059148311615 1.20853769779205 0 0 1.06054306030273 25.2695170938969 0.923389732837677 32.9297059476376 0 0 3.89670163393021 4.34422019124031 15.6495626270771 19.3621637225151 0 0.881034672260284 4.73939335346222 11.7918173670769 3.04818099737167 23.2374258637428 244.011543869972 326.047136992216 1.79476308822632 2.90513861179352 2.75384679436684 10.4325197339058 0 0 3.62392830848694 0.514566898345947
16.6644462347031 2.59747353196144 7.21180340647697 36945.0767712891 6.66303673386574 1088.47881361842 390.938345968723 337.671472907066 339.585548400879 17073.273267895 3.56634172797203 22970.7426517904 1.67755484580994 288.287589490414 52.5439538657665 11.6941246688366 1.15931248664856 0.550107777118683 1.80951198935509 0 23.1816413104534 22.1115357875824 22.8435934484005 3051.25936061144 0 4.18917033076286 20.6719853579998 4496.0536018908 141.304309844971 18.6092598736286 0 17.1844508051872 2.70183134078979 24.639782756567 24.7555994987488 259.14693531394 2.73694634437561 1.65803551673889 0 274.746468514204 5.42361801862717 0 15.1122057437897 0 5.77273058891296 0 35.6605606079102 0 0 0 0 0.981266260147095 440.563838154078 1.34413969516754 20.4913993477821 12.853958517313 6.35536900162697 49.5878074169159 77.9857740402222 0 92.0063988566399 0 7.30824726819992 1.92898803949356 4.40823179483414 0 0 0 32.981558740139 1.93377614021301 1.83340120315552 3.37908065319061 314.458067923784 0.547833740711212 0 4.2156722843647 71.1651413142681 1.6834237575531 1.45143854618073 0 0 0 1.75006836652756 0
455.404042303562 57.8929161131382 888.253265053034 43.0793209075928 1.86181345582008 300.774551302195 3423.24371778965 411.760454684496 200.891594469547 366.55266648531 32.547953337431 22.7266040146351 3.95964276790619 844.607126072049 9.34222307801247 9196.9447863996 1467.36150145531 25.5205991566181 183.913298726082 23.1816413104534 0 806.407744348049 26182.6181313694 1197.47391054034 8.16771158576012 237.894327014685 1310.80688470602 11086.044469595 731.987329781055 18405.6949406564 0.739869058132172 4.96012139320374 77.4009410142899 7457.05992013216 1.25375297665596 67.5063214898109 117.953370630741 3.35476076602936 0 52.8782469630241 2.29443848133087 2.59736436605453 75.2506494522095 12.1339299380779 72.3689996600151 19.3979955017567 11.2819628715515 0.725064396858215 0 19.4494038820267 4.1688551902771 57.7117534279823 6.2174326479435 0 9.28857108950615 72.2442854344845 12.4896976947784 39.7818212211132 7.54516738653183 2.24317222833633 0.614118933677673 0 31.5091579854488 0.415153563022614 379.292888432741 9.09027713537216 0 3.03386574983597 4.9904753267765 328.049738556147 211.38061645627 368.557417720556 368.452840805054 0.816933870315552 9.32279902696609 181.053718388081 264.710069358349 54.8827334046364 226.181454688311 0 0 15.1994940042496 60.1675806939602 0
41.0481707453728 2371.40990528464 187.554199069738 15.5148108005524 5.28004691004753 24.9099998027086 187.992971211672 41.2710905075073 4934.89126545191 51.0709151625633 124.685428708792 62.1062311828136 407.418810606003 75.6278094053268 99.4189382791519 3374.21986538172 80.1573455631733 20.8849666118622 22.1907991468906 22.1115357875824 806.407744348049 0 2090.26810604334 7156.02084064484 748.582238167524 270.956084311008 5819.40760073066 779.319581151009 110.942439854145 405.459253460169 35.543985337019 2.23662528395653 9.42265579104424 565.817601680756 5.4682492017746 92.0534395575523 78.7860963344574 6.79916933178902 0 166.303239315748 1.14619219303131 103.829736173153 110.625788509846 33.0276811718941 118.896315842867 51.9378240704536 19.546342715621 0 1.7476851940155 14.7906299829483 28.1796992123127 182.817029058933 2.25556656718254 0 6.26529574394226 47.298875361681 9.06294271349907 81.0834727883339 11.4883261024952 5.61053156852722 4.84234955906868 8.05358636379242 27.1751496195793 2.42224594950676 622.051970869303 40.1662407517433 0 6.66229283809662 2.97029608488083 316.471915215254 533.946081906557 859.284923642874 302.778758406639 6.38240283727646 46.9038387835026 829.832487970591 202.606534421444 44.4200523197651 189.861392378807 1.59130012989044 0 6.27187713980675 72.6727564930916 8.25759226083755
631.813133448362 369.094903260469 15048.3127589822 59.3142136633396 0.469868153333664 402.693561077118 3407.55602106452 586.881756693125 248.246368706226 422.947457045317 204.337557882071 30.8076347708702 9.63660937547684 1127.64086049795 11.4732746481895 22280.2603736222 9582.06302577257 132.954525917768 978.297809660435 22.8435934484005 26182.6181313694 2090.26810604334 0 1343.64566713572 28.6955105960369 2381.63158077002 14903.8156371415 5535.33312302828 849.741807550192 6795.43599840999 6.49394410848618 3.46220341324806 94.1486565172672 14657.1830800623 0.904116183519363 452.200121819973 728.090712398291 42.5452044308186 3.50739532709122 48.964294552803 0 6.17377945780754 274.812329471111 81.9687909781933 287.827402949333 155.791097521782 45.3739280998707 4.65847945213318 0 16.8863839507103 57.6051994264126 663.169939249754 1.97566121816635 0 13.3645922541618 83.848723590374 20.0873937308788 44.5571615993977 23.6813019514084 4.63388076424599 4.55771777033806 7.86593008041382 41.396516263485 1.35547876358032 1219.22889041901 81.8972728848457 5.08447533845901 15.3044326305389 4.42445951700211 319.174721598625 806.691705077887 2320.50070390105 376.913431107998 0 85.9499216973782 2531.69693776965 242.243044674397 28.6111303567886 209.604206740856 1.46881073713303 0 11.2631664872169 74.6067304313183 4.24734863638878
239.40060210228 719.928253829479 158.037064880133 2826.00315266848 28.6998171806335 498.877445936203 4359.78465941548 513.573224037886 11904.1781044006 1753.99445366859 35.9060261845589 2378.36058330536 84.8498726189137 771.512986510992 612.596458166838 1628.76198771596 58.0662337839603 9.20174923539162 20.6454252898693 3051.25936061144 1197.47391054034 7156.02084064484 1343.64566713572 0 212.402964293957 125.306681275368 1822.38754028082 38289.6754834056 551.761915117502 1083.99009051919 9.47939535975456 11.9964079558849 34.1696600615978 219.52081438899 8.20157977938652 575.707055330276 30.2721227407455 0 0 848.250851452351 5.60194736719131 15.7308932840824 222.541296869516 14.6284786462784 188.868759304285 26.5717278122902 142.137268513441 14.5120756924152 0 87.1378562748432 20.7106986343861 60.5736488103867 174.419778704643 1.48588103055954 248.244194418192 835.937240928411 186.090645581484 589.920808672905 487.145093232393 4.4515808224678 154.617305070162 3.59097674489021 322.713467776775 10.2482174932957 224.816509634256 21.1109622120857 0.954490840435028 5.48059904575348 183.186462968588 267.910516262054 353.372770428658 261.387614488602 2970.07582166791 2.1499151289463 18.3632479310036 180.222216874361 1855.55728408694 208.488299757242 431.262171775103 0 7.53826776146889 37.1416702568531 89.4760175049305 7.21722236275673
0 2507.14551261067 25.8990660011768 1.40241849422455 0 0.62633091211319 4.5281543135643 1.37526625394821 355.793297171593 0.928274989128113 2565.19284027815 12.9729927778244 7443.09384861588 7.43709146976471 6.48106211423874 9.28101882338524 34.0645738244057 456.084540337324 321.536111265421 0 8.16771158576012 748.582238167524 28.6955105960369 212.402964293957 0 1054.00289645791 5451.04861852527 10.3938576281071 6.59413403272629 9.87543481588364 227.231504321098 0 0.733976900577545 254.469281315804 4.93752905726433 115.890859425068 1362.88760277629 281.39562690258 16.8419327139854 21.558385848999 8.15901440382004 2962.73371452093 44.8949249684811 119.702253818512 53.6807926893234 27.2387573122978 1.19605851173401 1.5536003112793 57.4070990681648 0 67.9362017512321 15.7512364387512 0 0 1.57649910449982 3.06379446387291 0 0.911600351333618 1.64319437742233 129.954911708832 0 294.492907226086 2.53781443834305 0 0 0.517787337303162 84.830616414547 13.1255026459694 0 0.801825106143951 28.723853290081 3.98885589838028 5.76971054077148 144.271186858416 419.79985383153 354.934109985828 4.32694607973099 0.955902516841888 2.44060343503952 75.1190333366394 0 0 2.2434059381485 1.99748688936234
80.336104363203 831.380420506001 10062.6868807971 9.40750816464424 0.970439195632935 46.3060408234596 207.851128816605 73.8338586091995 144.696481406689 46.5457400679588 6709.42547392845 7.10374531149864 3550.6222691834 158.337540596724 7.71961823105812 107.056539803743 5315.00789549947 5031.20626428723 10166.7717041373 4.18917033076286 237.894327014685 270.956084311008 2381.63158077002 125.306681275368 1054.00289645791 0 36706.3149887323 107.7649538517 113.507418841124 242.332341313362 1733.79522427917 5.11368307471275 13.1400366425514 2449.1205970943 28.6015139222145 1155.81668812037 2579.61214914918 653.160194784403 92.4587580561638 28.083792835474 3.07892620563507 152.298853069544 77.0097174048424 175.16924315691 96.0517517328262 31.9808050394058 6.75022119283676 1.82258713245392 16.4524497687817 3.83033725619316 341.940380096436 265.544606894255 0.640873193740845 0 1.92899721860886 5.59551617503166 2.61066275835037 6.87476262450218 3.1425276696682 257.180894196033 0.503252029418945 404.773492842913 3.75150293111801 0.72614187002182 25.0235566496849 106.437156587839 203.56687656045 188.553262025118 0 18.5580617487431 59.9262439608574 74.0151380002499 22.2132796049118 309.723224341869 2348.7716896534 3016.03064656258 13.6955692768097 1.87285453081131 11.6401252150536 99.5570707917213 0 0.632639408111572 28.9270745813847 6.70351850986481
83.526317819953 7136.55450794101 9865.74577397108 35.5300554335117 9.05278173089027 89.0171842575073 669.228559851646 85.2679913192987 1344.88075658679 107.238001763821 3965.28367587924 41.819565564394 10110.8069292307 194.874493062496 62.6860085129738 12096.4005273879 5164.06011116505 1525.34760862589 2927.04362466931 20.6719853579998 1310.80688470602 5819.40760073066 14903.8156371415 1822.38754028082 5451.04861852527 36706.3149887323 0 1290.80788582563 171.337551474571 546.423855900764 3059.72265118361 6.72457113862038 11.2230008244514 7988.93651533127 22.210483700037 1888.64573425055 4060.74007123709 715.831995457411 105.700317621231 142.325227618217 9.01929011940956 331.555671095848 544.276658177376 416.976736277342 675.975991815329 258.434113115072 37.9317137598991 3.93237644433975 21.7933356165886 19.9904328882694 1286.29522442818 2784.63117477298 1.49427258968353 0.509533882141113 8.50832450389862 46.8260730803013 16.1598738431931 55.8263546824455 15.4651615917683 268.063744962215 2.78464743494987 410.206039339304 35.7086934894323 1.28945660591125 656.82659432292 548.693751394749 234.503281325102 333.37248057127 1.4224619269371 164.506525337696 914.256958782673 1705.38568887115 167.582326889038 342.280226349831 3639.64923965931 11670.5004957616 122.512215256691 30.6365708708763 109.441296845675 111.109277456999 0 4.08454838395119 162.485487669706 11.0631394386292
280.395821273327 78.0019992887974 550.37740957737 11390.1570837498 7.89649653434753 902.437075346708 21981.4940628558 620.839908450842 2397.40510362387 11603.8063776195 12.4793763756752 990.465956509113 5.3373963534832 908.473182588816 111.536083042622 2370.6447096765 145.272307783365 7.14380294084549 23.3126521706581 4496.0536018908 11086.044469595 779.319581151009 5535.33312302828 38289.6754834056 10.3938576281071 107.7649538517 1290.80788582563 0 662.615670323372 5409.81208467484 1.69642549753189 10.2007142305374 40.6202936470509 703.974440336227 4.55891972780228 581.780829519033 14.6702500879765 2.93425661325455 0 347.525315016508 5.15199834108353 2.45899879932404 162.8060118258 8.84068492054939 125.367771178484 29.3849584162235 123.114829689264 8.04710978269577 0.671876788139343 56.7271022796631 5.32773488759995 40.7266824841499 157.711854994297 3.19778808951378 149.541199713945 566.282235920429 131.757684320211 321.81279706955 286.672579199076 1.22712087631226 107.079481929541 0.585665643215179 228.075638800859 4.80430245399475 173.77785345912 11.8389157056808 0 1.67349225282669 139.081820070744 220.277790099382 206.273735046387 215.155941009521 1897.93993288279 0.344629734754562 10.8322921395302 131.199042260647 1275.90014460683 140.727273464203 353.899730503559 0 2.41728201508522 21.692528873682 83.3810791671276 4.00733798742294
10298.9612287283 18.2263607978821 123.83481323719 99.8336806297302 285.73588219285 937.870057880878 2078.05752429366 2365.69429966807 206.230750888586 793.651153415442 158.686154603958 219.428478360176 29.7786479592323 9273.58820366859 35.5323674678802 50.9185386002064 342.392465382814 24.5652143657207 73.6525606811047 141.304309844971 731.987329781055 110.942439854145 849.741807550192 551.761915117502 6.59413403272629 113.507418841124 171.337551474571 662.615670323372 0 8482.8215226233 0.729179859161377 1936.58296352625 9002.57929065824 6340.49706399441 2.64561784267426 286.043940901756 37.3381750881672 17.4213948249817 0 1136.600215137 716.32353541255 9.32317161560059 24.1250195205212 0 13.1824562549591 3.11343485116959 0.905388951301575 1.17762815952301 0 4.04161298274994 1.60453218221664 17.173144608736 4.19520357251167 0 5.48227927088737 36.1187051832676 7.43703553080559 18.4651747941971 7.47603306174278 0 6.55183759331703 1.28352212905884 16.9556266367435 0 16.3438112139702 4.00823241472244 1.07781136035919 0 6.14218008518219 21.2528913915157 26.9924288988113 20.0026042163372 139.526846349239 0 4.96207386255264 20.4808800518513 131.353778272867 11.5234541893005 33.6770712733269 0 0 0 7.26442074775696 1.95794177055359
4143.89831033349 49.7474698126316 787.40430226922 30.6171693205833 2.90286839008331 511.576695859432 15700.9437328577 1389.90833643079 380.550171107054 379.441507816315 38.3674157857895 14.2683843076229 4.14050054550171 3593.29876369238 16.8782994747162 277.085233092308 1040.61124515533 18.8844171464443 164.622607290745 18.6092598736286 18405.6949406564 405.459253460169 6795.43599840999 1083.99009051919 9.87543481588364 242.332341313362 546.423855900764 5409.81208467484 8482.8215226233 0 0 12.9210675656796 445.820301890373 3752.31765684485 0.728816449642181 375.973208636045 68.1878736019135 4.38945680856705 0 154.043088644743 1.39864349365234 0 65.4212092757225 8.02062028646469 26.7657448649406 8.33553865551949 7.64831614494324 3.69336462020874 0 25.7062837779522 2.57768797874451 32.95563352108 3.36865556240082 0 14.0726912021637 139.941635012627 16.9581005871296 54.1355531215668 19.2581544518471 3.2252514064312 6.05441960692406 0.425037831068039 52.7599538564682 0 100.111337959766 5.1256308555603 0 2.71071994304657 2.72648119926453 138.918102324009 173.025149166584 124.78356730938 445.529787391424 0 3.58228281140327 68.4981239140034 360.061799347401 66.2271473705769 199.692621856928 0 0.978170096874237 12.6266864538193 31.5027204155922 5.15732425451279
0 73.2711569964886 6.07539576292038 0.545299351215363 0 0 0.949243366718292 0 22.3849730193615 0 560.101082205772 0 4990.33221065998 3.03968024253845 0.425632745027542 1.38895225524902 12.5578343272209 129.111468136311 42.0420428514481 0 0.739869058132172 35.543985337019 6.49394410848618 9.47939535975456 227.231504321098 1733.79522427917 3059.72265118361 1.69642549753189 0.729179859161377 0 0 0 0 50.3238022327423 0.919572234153748 24.8047775626183 167.411012351513 26.5324859619141 1.67171281576157 1.81740802526474 0 49.7020063996315 1.13619077205658 25.8423244953156 2.85687190294266 1.84054708480835 0 0 2.91127043962479 0 4.89833813905716 2.04756373167038 0 0 0 0 0.477172166109085 0.713204741477966 0 23.7885118722916 0 67.8715602457523 0 0 0 0.881332218647003 18.2166823744774 3.70098716020584 0 0 0 1.50711333751678 0 25.5831041932106 78.3160961270332 90.2501084804535 0 0 0 14.4971041083336 0 0 0 0
6.16430842876434 1.4072590470314 0 4.96427971124649 2367.29997080564 3961.61794379354 18.6067366302013 1545.19599169493 9.38993313908577 29.0626227557659 52.2315038442612 64.574922055006 12.5290613472462 635.303361088037 236.361596882343 0 2.82831329107285 3.82413446903229 1.09697151184082 17.1844508051872 4.96012139320374 2.23662528395653 3.46220341324806 11.9964079558849 0 5.11368307471275 6.72457113862038 10.2007142305374 1936.58296352625 12.9210675656796 0 0 2.6182619035244 1342.91109612584 0 59.5307956933975 5.09226602315903 5.44125962257385 0 1213.86398354173 2630.65343612432 4.55359399318695 0 0 0 0 0 0 0 0 0 0.579688668251038 0 0 0.72416090965271 3.79626798629761 0 0.680441677570343 0.683313310146332 0 0 0 0 0 1.00560665130615 0 0 0 0 0 0 1.6348443031311 5.55293399095535 0 0 0 1.41324004530907 0 1.45349586009979 0 0 0 2.03884649276733 0
110.739545673132 1.8697224855423 7.67800050973892 0.879164427518845 0 4.70445597171783 48.1135661303997 11.4646231234074 16.3319389820099 12.0672863423824 1.79772979021072 1.45100724697113 0.850471138954163 71.415138989687 0.439065188169479 8.09376102685928 42.4915888309479 1.94603759050369 10.7586125135422 2.70183134078979 77.4009410142899 9.42265579104424 94.1486565172672 34.1696600615978 0.733976900577545 13.1400366425514 11.2230008244514 40.6202936470509 9002.57929065824 445.820301890373 0 2.6182619035244 0 1448.67303168774 0 7.34661036729813 2.08747285604477 0 0 0.996137022972107 0 0 1.99544042348862 0 1.47789394855499 0 0 0 0 1.46147084236145 0 0 0 0 0 4.80774599313736 0 3.06062710285187 0 0 0 0 1.59359046816826 0 2.84956157207489 0 0 0 0 1.15955936908722 2.59655213356018 0.786921501159668 4.38933280110359 0 0 0 2.64507609605789 1.25925433635712 1.34294247627258 0 0 3.20229029655457 1.08798086643219 0
