0 116.324581629908 97.7637796351386 93.1219574842257 83.6714733954314 54.5914094570179 34.7501643902135 26.9709558051103 66.8015460383323 54.6549952622123 122.886949746446 80.8659643182182 0 14.3584319020006 66.741208244574 104.358790930108 104.439095572929 139.272301740366 124.391562242219 82.7062654671533 76.532589709194 83.1656178225432 90.0238011262491 72.147289927577 0 122.489258394683 120.891725483045 76.2226450440009 18.9044366695116 40.1526318729751 0 80.0809562271099 32.2607519790771 62.5476900252203 88.527115688072 61.4857400480364 114.591439843824 192.134429931641 173.36311340332 44.9616439236211 57.6264869996934 0 128.83135974895 151.426742553711 144.667679398229 164.707550048828 142.126811986003 0 0 128.534381707256 200.742095947266 170.886016845703 148.391397413011 0 143.062385381453 137.941603980993 141.994710421196 79.8399423776951 147.977291986764 214.395905035988 0 0 169.921902550277 0 133.294198618183 0 0 0 129.141403198242 141.74718272868 91.1590735364784 148.402721386954 118.512867234202 0 193.068683845795 159.329935469622 130.42998686121 150.32293999722 134.493925720175 0 0 0 159.900132333808 0
116.324581629908 0 43.2918376825879 123.498071402056 133.601871771965 145.944359394704 109.937179213407 126.573771370706 71.003623926501 129.117119321984 61.3518162514216 107.873294380635 51.2318580159885 123.393454769074 108.902236895231 64.7373588796281 49.5405761707253 74.6014903591218 59.5114979432754 107.579925184252 89.3123866900424 27.8735375137106 58.2153290994318 77.0706679115882 25.881291685437 50.2618747112301 33.6706539292407 100.292673252873 112.991746558552 98.4474907355241 66.2030117816829 121.644307160971 116.31343874292 38.8966253239076 180.493011474609 72.876966305581 46.2662682991312 49.5981108992531 82.0052871704102 92.2113638949131 0 50.3764974327974 92.5584703899717 78.1180798082677 81.4011831363239 75.0173342868846 92.1497688927025 131.682846069336 113.246958576629 114.76763204764 29.2993064856656 64.3187431794311 0 0 166.206774810193 163.772731676483 163.591607726882 85.1595576166041 171.799990762616 88.7857631721549 0 92.0199338161782 162.143418929132 0 105.538970386522 76.0089466687694 110.077764346053 85.2837663349659 0 126.646153525128 47.6128389138213 94.0657695164481 119.826364483864 64.4394173265163 91.8955885205301 61.1026456308956 149.386612597719 142.568140310602 118.006587981563 112.833978697503 0 170.073336136568 111.402416609465 0
97.7637796351386 43.2918376825879 0 136.704800076687 0 124.23153127335 94.3934290607072 119.313366177994 104.159354618827 119.553356598297 76.937735498421 131.38320119305 104.188486558625 113.219677437347 128.609390381558 80.3545393944177 43.9256154696597 82.327061730338 66.1584058603418 120.932711104453 64.991378990164 58.1441572826081 32.7836114275706 98.5740073835381 86.8549496363481 35.5945285464739 32.368815142016 83.6041331346216 114.374508073881 79.2877574645034 86.8661759607127 0 98.9622665239778 46.6124862348435 193.174104866942 72.9747175895357 50.0406482018373 75.6286075422998 77.7706273296659 105.789449496813 81.9233932495117 93.7559705599551 121.37466585901 101.199275626749 111.328040437995 118.90172725016 128.856431110568 0 0 164.486604653415 67.0809026076319 93.0500613233123 204.54048608784 0 171.136680610776 160.568263653949 170.394974515814 124.938854512662 190.843222228488 122.371862493245 194.836868286133 134.204258113871 168.864099353294 0 112.467941220124 107.76177442534 130.547294896599 116.943643215529 171.565636485033 133.574818540921 74.1614768533747 108.684022633303 146.81210702649 115.224227913632 107.032732919354 93.008318688354 166.223120318236 159.826167612409 143.162975491102 151.126866436459 0 144.153717041016 108.888771706832 162.511350000348
93.1219574842257 123.498071402056 136.704800076687 0 117.357546899581 74.4318100651227 60.2152034222491 94.9187428718269 65.4313685712966 30.0597557269865 182.993301391602 42.3698473476272 0 99.0806499939779 83.4028165123577 97.1447251683692 146.794070932325 0 149.138231244316 11.4638247163734 109.515882661645 95.886192875025 120.88641245464 27.9764802830635 150.037857055664 146.464495438486 131.05492553877 25.015832582964 100.44648290366 97.4950108919997 201.480682373047 130.577345281047 103.969696359148 113.1723916303 45.60072663422 86.9675108568364 105.467414855957 0 0 78.4747053409982 122.471068156622 0 91.6684366532722 0 173.995742797852 146.167739868164 85.54708360929 194.397537231445 0 174.609231344945 157.291679667664 0 22.4844850417569 0 145.11849385661 143.603280850949 152.886861294719 88.5038272662946 121.644820913761 0 37.5436238477163 0 162.397518126379 111.152150021006 0 0 0 0 41.3319646183946 190.518843126192 133.301313567417 181.876663105865 86.754269013778 0 197.815612792969 194.38466847961 99.9109182437053 183.665312422799 131.024850013243 0 0 0 144.205372880658 0
83.6714733954314 133.601871771965 0 117.357546899581 0 22.6500354992606 112.668390408609 28.7452643460237 51.4947185774691 103.241387912496 78.1643753051758 62.9972113605694 183.118637084961 34.2354018889303 17.8404766026575 0 0 0 193.321441650391 88.5804742926022 143.511486165801 104.021755888726 132.738296508789 83.7063925674845 0 192.325119018555 157.658140462386 110.238609531253 24.6793181246209 115.634528375858 0 9.23887170440835 0 11.629951260324 65.7097690793301 64.6550534122619 0 0 0 14.8317321339866 8.27873551813471 0 0 0 0 0 168.721633911133 0 0 0 0 0 0 0 0 0 0 0 170.194270782554 0 0 0 0 0 0 0 0 0 169.580291748047 0 0 0 0 0 0 215.087860107422 0 0 197.157333374023 0 0 0 0 0
54.5914094570179 145.944359394704 124.23153127335 74.4318100651227 22.6500354992606 0 55.462844961378 25.7223933853231 68.8189140671339 32.5117951582153 71.2991865308021 33.0570398658802 66.7095227546776 41.2666223516003 19.2048763801289 114.558603909689 132.774247216172 127.012678739428 147.85747957052 57.1579139473134 104.010579630643 104.726777090667 116.164494996788 77.3593304098794 87.5422058105469 148.203919638092 136.500549641195 76.4829793652567 43.6963658455514 85.971035137525 0 12.4908856950805 73.614371744548 37.6560732639562 36.5282908785138 78.0513674261408 100.770442031408 106.293043368517 0 21.0906366947381 19.596541793291 86.8808100674414 149.512846054246 0 171.418065919787 0 96.2497481682225 241.535842895508 0 145.585517461674 159.646697998047 208.052094652547 160.76940116572 0 146.541126914406 144.1824770849 149.854338787349 97.5209330777576 158.564688045429 0 125.697036188355 0 154.822871545754 143.365264424294 155.402010453911 0 0 0 139.61661197062 159.108193105255 143.515130033498 167.107397641828 124.394689343434 0 216.974707861657 199.911163987162 141.373410507086 180.09071731933 153.660590125076 0 0 168.778106689453 159.609464008045 239.260620117188
34.7501643902135 109.937179213407 94.3934290607072 60.2152034222491 112.668390408609 55.462844961378 0 56.9730592854015 58.3933132395137 30.0382215982341 143.982389579466 56.2360633191819 175.783081885023 35.3169079355879 83.0991153372121 84.2828660179438 108.891212897691 153.288309193348 125.529046727225 53.3051231835052 70.2350281930556 78.0331850940211 84.4636490898062 56.5116372206507 146.568008798853 124.661825876348 105.379858742105 38.7423063576161 57.5975837155618 29.1096654681631 180.818099975586 113.12206173336 63.2071212360526 82.6234372898191 79.5267624276054 76.6757059901455 117.802347548886 132.442194099708 0 73.8679560325546 116.719492471082 157.291152954102 136.358202026844 152.990221348547 147.766275674553 158.186784359884 106.731575113155 145.891386143256 196.739730834961 136.070070685711 176.068590255247 167.672671066899 141.724196581548 149.697052001953 135.363323304649 126.209406841391 144.18030262053 81.6324746318033 143.110619281311 214.332494978687 126.96994960809 202.222095545554 146.528481466608 131.717107353774 127.83296858494 189.70529776496 238.624298095703 192.178388010911 132.375099325995 147.66506861488 112.992888874393 156.307624628448 109.203603588756 176.000732421875 190.278217208208 163.635764810318 124.633252642484 152.517433521822 130.464312060822 0 190.747554412893 152.957179629536 140.794921979926 189.065384384584
26.9709558051103 126.573771370706 119.313366177994 94.9187428718269 28.7452643460237 25.7223933853231 56.9730592854015 0 74.6252137274175 40.9867298813356 76.3676421640424 72.2939977681475 78.8202329369195 15.9865517808179 32.7855294941736 108.39300661068 122.187097832689 143.401774735291 136.610686296539 76.7086843751945 96.5789584946116 93.9476629901928 109.519657526846 81.7956424259119 104.710925571316 137.115027359119 137.514250570981 87.7083267781895 39.6147466753067 75.4530955412273 0 18.3531059759619 82.697152046157 52.8927333108717 103.626677403137 79.4306439155624 116.040142626995 76.8015131433378 0 29.3390471399993 29.1013296508534 78.1550631626376 156.384583866166 0 162.482869410614 184.333781355899 143.832742319749 182.106188464377 224.773620605469 162.300984321071 189.852694100812 188.61695252076 159.259393513333 0 150.957884591963 148.141539595575 159.008731190313 99.5872907084714 160.822918267703 0 145.563656045625 0 163.783233482089 128.710311889648 153.558857682802 0 0 204.139478228252 143.078420410289 151.160290593345 126.468700471615 171.730060409371 129.770056602723 0 185.923170823528 179.298707064445 143.485815013724 171.050868260135 145.296764656561 0 231.546676635742 164.211813610433 195.261084601284 185.48405456543
66.8015460383323 71.003623926501 104.159354618827 65.4313685712966 51.4947185774691 68.8189140671339 58.3933132395137 74.6252137274175 0 69.169690251251 132.660986436829 21.6603985211315 122.905244975351 76.4488095381309 26.4587773382662 54.1914853646767 121.128363763733 136.66588398243 136.414356641192 50.7534947007896 68.3195945332898 28.4839942972411 84.6145621493018 25.1520112799602 100.419935622329 122.141654218637 95.9708194249786 52.9601687648768 77.5922800017164 61.246050052634 136.107047465735 77.3768010627431 66.8693297650345 93.8879875849005 39.8961143639216 42.0554676110844 129.422882002799 133.106920776911 0 18.8059927472054 94.3250866864204 121.311004844583 70.124389351949 172.407143609261 97.2023524004463 125.568524360548 40.5259730980811 0 155.339736938477 85.3373581192376 107.264162960965 120.089688194308 95.5192200991879 0 90.1351125770187 81.7838167548491 101.259181962188 26.40530313718 98.6357997666925 0 77.7644469481761 168.101312722859 98.5450831194789 67.3779167352091 81.2998060913547 152.349578857422 0 146.635081739959 81.1991460720487 99.4751980449038 35.9639514088482 109.95305974316 62.0669406739892 157.499339137799 148.151719857309 125.953678531018 77.5026326713175 105.726615980684 87.1149428852144 0 214.495544433594 76.1826047731251 101.312435018408 157.712127685547
54.6549952622123 129.117119321984 119.553356598297 30.0597557269865 103.241387912496 32.5117951582153 30.0382215982341 40.9867298813356 69.169690251251 0 156.307645375783 26.4253943940587 193.276737067833 58.2018363834383 84.3599618350629 103.611290465733 135.194225625451 194.29460022392 158.325573071882 18.0530646593527 100.334390099722 100.326513334078 113.915018108977 58.9937462725407 170.549835205078 149.152997241613 132.625152453222 35.1047333168745 90.8142118655277 84.9726115792618 0 107.04738072118 88.0223866957606 107.221172575292 32.7685801339101 87.0554450720805 134.497034970455 134.639677359263 0 76.4621818187458 100.429109945572 0 101.558164293468 215.136893575073 165.58786641325 186.291305541992 94.1555260115098 0 212.577331542969 153.124257233699 156.64437757352 184.187077522506 34.3806714020122 0 147.081304929004 144.911275945685 156.926785838091 95.4615972600308 152.712071726983 246.957916259766 61.7473493285061 0 156.928347877464 122.476044094112 159.2787926952 0 0 0 141.771319775266 173.752951963668 123.89968205821 177.03621315226 116.785037286436 195.787654460453 195.640487670898 187.168818838337 142.524204635697 176.774341962325 162.494467034846 0 192.213807594255 181.48018648543 174.74063164447 242.903045654297
122.886949746446 61.3518162514216 76.937735498421 182.993301391602 78.1643753051758 71.2991865308021 143.982389579466 76.3676421640424 132.660986436829 156.307645375783 0 147.565071369781 19.0610515736976 73.4593120171428 108.241255427164 112.210371631024 52.97667658923 21.5116307932687 23.0684777127375 153.270404349085 96.1998639381764 92.6041245794035 82.8071608967117 136.555994942842 29.7594902798645 32.0926957147669 54.5882088717172 147.478333716329 75.2552371794314 123.914876181009 35.1791541174666 56.4228213046909 101.34583155438 20.7078642458319 131.312264797083 71.2606527601326 31.2401365750941 23.4983339550713 41.5876593476716 75.8275249003531 59.6832736339564 17.2705287352355 134.362625874775 56.0129934939995 122.151456167662 127.919119782311 0 0 54.9320141963039 0 74.5440248746326 137.302510150318 0 0 0 0 0 226.532257080078 0 79.3167133861376 0 74.9013090541394 0 0 175.243789672852 143.432283646473 91.5451455440367 102.348525423954 0 182.574273368258 121.289766189881 170.415370873255 207.162784626068 56.8724830512319 95.4956809965384 102.0759216546 0 0 206.386260986328 94.7284102102884 0 0 92.732435384655 127.948715996757
80.8659643182182 107.873294380635 131.38320119305 42.3698473476272 62.9972113605694 33.0570398658802 56.2360633191819 72.2939977681475 21.6603985211315 26.4253943940587 147.565071369781 0 150.545805754347 82.3707201953996 22.2961538013217 108.413904559177 163.494227871536 0 160.381576538086 13.9642929989434 110.71182454009 67.0337861425646 123.725230431322 23.0666958862005 139.27676887259 150.989394215514 126.513630439107 54.6014411971907 93.9859954986705 113.510709845719 0 97.7668142665812 88.1318797567785 94.0760274691889 12.9785762078086 54.9435314844903 148.609359741211 86.7278366088867 0 23.3979540318673 84.3104313170956 162.323082578829 65.5843053492811 0 129.297039947842 0 59.1600913577921 219.307395546537 0 158.515228271484 0 172.812611674837 22.4073421697286 0 98.501055734738 136.713805369086 116.354738262371 63.1134922977148 62.8567187526754 0 16.7965870515403 0 109.703168518908 73.4248601482673 0 150.435806274414 0 183.116877426788 22.3748856133946 84.4382629394531 116.432456980916 178.128341674805 69.4132157475702 210.889083862305 166.592422485352 181.737624422883 95.7542603649805 101.180212864298 200.671325683594 0 0 0 112.474596939778 0
0 51.2318580159885 104.188486558625 0 183.118637084961 66.7095227546776 175.783081885023 78.8202329369195 122.905244975351 193.276737067833 19.0610515736976 150.545805754347 0 74.6349610745654 160.081456758893 131.780427946828 86.0448118688376 48.1370020528749 55.9732410410637 169.952962692272 122.832847605216 83.6329766572449 126.271250026442 130.704002116934 19.0251363779403 19.9558431575939 26.286808543767 137.595468704716 77.3059886023191 144.638449652933 9.77902917743826 58.9897535504145 81.4436874389648 19.4116329486759 78.7944302254892 37.7027120653775 30.5335592595217 18.0356177589814 18.8350549637533 86.3671160691214 11.7450551711314 14.58457487148 91.1998654503251 51.9687558591776 53.1771837733269 38.0828102118972 41.2905586148843 45.7026786804199 41.0410506162228 0 67.6676820844189 132.173853506073 0 0 0 210.465770280215 0 141.944544118182 0 75.3089430509244 138.021392822266 68.9318117818357 216.51280104636 0 0 160.639804642984 90.934775412943 108.125659090808 0 0 121.145502115868 160.93201131222 180.681985463794 52.5048252132418 91.2190049285863 95.5771903490914 200.525491999888 204.184127807617 202.543749927513 89.5863525023977 0 0 94.0656573590876 79.2947544237181
14.3584319020006 123.393454769074 113.219677437347 99.0806499939779 34.2354018889303 41.2666223516003 35.3169079355879 15.9865517808179 76.4488095381309 58.2018363834383 73.4593120171428 82.3707201953996 74.6349610745654 0 44.0976152185027 112.256988146629 117.614535107814 140.932381051131 134.830972681498 83.5762493106891 92.2960933044366 91.4661885022751 106.054446186084 83.0159604140196 100.103435202818 130.65636526942 133.602304219548 86.1435978855753 29.4945896735795 68.0008704706502 107.47811276461 29.0992578218166 46.7462605162741 50.9474498850793 84.4627941472443 71.1140723837447 98.2762242845194 64.7637283931291 0 32.5351468705444 33.0926479219347 65.3476152371479 151.291491553473 162.509735107422 179.04497228253 171.769341225796 138.977713543511 186.290954589844 242.44010925293 160.799802645797 200.150238037109 190.231972632342 144.473173936434 0 147.49471642897 145.183173891138 164.652109985258 95.6145688076862 155.801239951618 207.032913208008 134.208774340744 191.583145141602 165.024246948864 127.4833984375 135.814368662634 188.907823718178 214.522567749023 195.139043357966 142.901390288313 147.903070270458 119.159918580524 169.859032420302 129.206810824437 219.467361450195 191.340638634661 186.461546840978 141.061959978864 160.772453407592 150.159332049929 0 191.302549399935 152.515868729184 157.185564139262 196.399337768555
66.741208244574 108.902236895231 128.609390381558 83.4028165123577 17.8404766026575 19.2048763801289 83.0991153372121 32.7855294941736 26.4587773382662 84.3599618350629 108.241255427164 22.2961538013217 160.081456758893 44.0976152185027 0 109.967481860317 128.391310466914 154.293330145805 0 67.1341206546523 118.714993658471 78.4696910170115 117.272109920846 46.7384596872619 133.876482680433 165.792599660595 136.0719086988 80.7378365845164 54.0198572695434 95.6520269526371 172.859512329102 37.6053960379934 81.8311233520508 32.909603046635 47.8955320632382 32.8532438292984 63.5384927848043 52.3736544224531 34.6169892422983 10.9881522643488 25.173011581174 177.746932983398 66.8939664020449 79.7045286401863 90.9596065780005 62.345725707205 54.2480466115507 0 0 0 0 162.240247968471 108.160819047657 0 168.014587402344 135.37672319762 120.985252138438 65.8475402276939 124.381019139317 0 126.657570164116 0 173.18034362793 32.6334295043044 135.906341552734 0 0 0 98.2406885943985 162.089935302734 0 152.653167724609 116.530405532168 0 0 165.321219472638 140.379588806305 0 0 0 0 0 0 70.9486853997114
104.358790930108 64.7373588796281 80.3545393944177 97.1447251683692 0 114.558603909689 84.2828660179438 108.39300661068 54.1914853646767 103.611290465733 112.210371631024 108.413904559177 131.780427946828 112.256988146629 109.967481860317 0 95.8508472657952 138.668041255926 119.051013998827 92.5280514449795 17.8253992609424 34.2087118625792 19.3547271124732 41.7538609938638 102.84122329824 97.5295674339802 27.9053957112964 33.5521080718357 93.7774564148891 76.840918818457 192.561152040467 0 73.7118577118868 52.4557372490064 143.869781494141 100.043659932139 81.2405765840583 141.045359262798 201.77375793457 86.4194160046927 136.393202975158 0 106.272862227789 97.1853492869935 107.955850653963 101.961316902624 130.471746760844 101.022834777832 0 122.199400348074 100.134246711159 108.664936886506 119.197329812029 0 161.473546329083 135.598792871447 158.599733603406 81.1411853405059 165.385927345478 159.717401118983 132.139222683681 155.772384643555 150.832018308469 0 92.6231884879224 141.446250735914 136.473495483398 159.446065655853 168.25915746232 107.0866991663 53.7245367896521 101.287139229688 88.6725508195607 140.914828878936 145.739283013016 105.701797230319 122.747672980846 129.345296382204 110.889124913407 0 0 128.095534212644 105.51669632655 154.463603854696
104.439095572929 49.5405761707253 43.9256154696597 146.794070932325 0 132.774247216172 108.891212897691 122.187097832689 121.128363763733 135.194225625451 52.97667658923 163.494227871536 86.0448118688376 117.614535107814 128.391310466914 95.8508472657952 0 59.8842061855118 24.8855680641991 162.334860497132 56.6459023378717 85.7001353034581 32.2387690801899 116.177894117563 77.1591670848743 33.9451668060995 63.2917078247149 109.401530467775 107.333305912522 76.67556552587 90.1946467367965 106.215093853463 93.3728368998297 38.0740898850619 126.780963334681 73.1878868011126 45.6758059431453 52.4305033927959 62.9023147397383 115.335727651184 104.509430087936 72.8338493720142 143.691508031301 146.899524941488 138.045802672533 131.293055587061 0 0 0 153.65690612793 83.2657597425437 106.889909071089 216.593551635742 0 175.054336547852 188.802141081225 170.290298461914 141.481905044829 0 129.462321380078 0 125.453127510418 210.427791976582 0 146.331681754159 117.589551708865 141.844414764787 123.658816898911 0 158.574993093833 100.527858627935 139.213396670344 169.840230135601 100.798835081467 109.923854147985 111.549746599167 186.478242984131 211.939239738194 160.660062701155 139.690689086914 0 0 146.459740632514 0
139.272301740366 74.6014903591218 82.327061730338 0 0 127.012678739428 153.288309193348 143.401774735291 136.66588398243 194.29460022392 21.5116307932687 0 48.1370020528749 140.932381051131 154.293330145805 138.668041255926 59.8842061855118 0 19.7236209997743 165.30241394043 111.550409279533 106.196519218441 96.6590584262814 152.94436338771 44.039099061642 30.567707365132 62.8956261486736 142.48807037011 125.875540709624 127.111808887622 48.8635550371786 83.8237765127218 143.449280232991 59.1651309620771 135.709645788386 85.2526118443541 55.2614773736044 54.4105506419908 75.4566521389926 127.296554717786 76.9869155883789 56.1983962943823 137.574614432167 68.9050809480591 124.332034839391 166.557610083661 0 0 121.325183676515 0 83.7857605242471 135.404343632518 0 0 0 0 0 0 0 92.7570268661559 0 91.7358338719687 232.347763061523 0 0 135.368098262781 104.19343104289 111.676008653352 0 0 122.640200053935 167.394062457118 221.762931964608 71.6863784179247 105.813490461669 108.640173681061 222.290088996658 0 0 105.402128120796 137.692764282227 0 0 146.963583091463
124.391562242219 59.5114979432754 66.1584058603418 149.138231244316 193.321441650391 147.85747957052 125.529046727225 136.610686296539 136.414356641192 158.325573071882 23.0684777127375 160.381576538086 55.9732410410637 134.830972681498 0 119.051013998827 24.8855680641991 19.7236209997743 0 206.18894645966 84.9436744414284 96.1263870888514 67.0601209214434 145.121127732154 42.9665568440552 26.3000175948812 62.7922245928642 131.42643783569 113.707786962089 99.0392462360916 63.8327961067371 85.4829940795898 114.645283425004 44.5567737161662 132.510869591541 77.7218733191558 52.4891967856042 48.7995693056422 62.7796873542317 112.815180524974 73.9125661247768 59.840676574697 123.599218110917 98.6754533084457 126.696721889761 148.739270973177 210.952399825535 0 74.97216796875 0 77.237658785404 122.0399988694 0 0 110.215591430664 194.634094238281 0 0 248.029907226562 108.836959360717 170.925079345703 103.849632826017 0 0 166.013456638675 124.429602192334 105.964660791793 107.663010925918 0 190.974821971326 132.996645474361 151.437050201997 208.442897415731 71.8519789668972 101.095239178748 104.848662234365 192.190960452782 211.8747741157 200.149141318737 108.509721700283 0 0 123.477281104587 135.602249145508
82.7062654671533 107.579925184252 120.932711104453 11.4638247163734 88.5804742926022 57.1579139473134 53.3051231835052 76.7086843751945 50.7534947007896 18.0530646593527 153.270404349085 13.9642929989434 169.952962692272 83.5762493106891 67.1341206546523 92.5280514449795 162.334860497132 165.30241394043 206.18894645966 0 105.080459141615 79.5085295264424 117.715766087024 18.7102850194344 0 156.597207330559 125.457931629518 32.1970211987878 95.3681340149297 98.9568990680948 0 111.330715503668 86.5185666226089 104.301589655802 30.889476330317 78.2990023721407 122.870439879442 125.092055993979 0 62.4490888277958 108.480930922059 0 89.606774787315 0 160.255341582808 0 79.4669034177373 0 0 0 0 177.802947998047 16.8827453959965 122.583984375 134.244267884207 132.921764604145 165.68975472841 77.7707889768449 145.464212576748 0 48.7814519742646 0 144.096515030238 96.4153491197961 184.682188471639 0 0 0 132.405602430501 149.181172358184 129.94874695454 172.308711127609 43.5006776000695 187.984512329102 0 189.624858975026 134.887425259535 159.928400125542 157.382659912109 0 0 0 152.906796912397 0
76.532589709194 89.3123866900424 64.991378990164 109.515882661645 143.511486165801 104.010579630643 70.2350281930556 96.5789584946116 68.3195945332898 100.334390099722 96.1998639381764 110.71182454009 122.832847605216 92.2960933044366 118.714993658471 17.8253992609424 56.6459023378717 111.550409279533 84.9436744414284 105.080459141615 0 54.8376085163955 33.6937236964537 48.8246064862559 122.267753732562 94.1439515008716 76.2117260323567 29.565245737147 79.916940670395 30.8075489583654 162.435134887695 130.89633914805 65.5017667238194 28.0322707886015 149.628949835837 88.4059175288733 66.3718831751465 90.7076513420684 0 95.4702901966038 150.323513522448 124.199720929671 128.32429634382 94.8818707493155 131.713836295116 141.084067671319 148.785939076576 176.029739379883 0 134.610534265493 105.755227169607 138.112292359309 168.622330985433 0 157.380267046421 142.038630200668 155.910731844442 98.0655304409202 175.122235728901 170.852542997753 196.314254760742 0 149.848871153752 140.159774780273 105.660045162438 155.562173356225 0 173.09882845437 162.633155165189 118.678748827563 79.1180144342279 118.260396113058 104.934974160211 140.103897094727 158.452789297104 133.187284748943 127.259383657472 132.500351882983 118.517028278232 0 0 120.894097497693 121.76403667543 0
83.1656178225432 27.8735375137106 58.1441572826081 95.886192875025 104.021755888726 104.726777090667 78.0331850940211 93.9476629901928 28.4839942972411 100.326513334078 92.6041245794035 67.0337861425646 83.6329766572449 91.4661885022751 78.4696910170115 34.2087118625792 85.7001353034581 106.196519218441 96.1263870888514 79.5085295264424 54.8376085163955 0 52.223739636016 31.1701896854925 64.2164429020569 87.6218843998412 40.9419353364899 57.7592460921347 75.4293509692884 63.1662074518273 97.0699551033509 121.719888608256 65.3034558497185 42.3742063313987 180.415663660731 79.2624821464744 78.8938699945408 104.149915734782 0 62.1619183581265 120.58048248291 82.6522390454969 84.6425287359308 76.742535118185 87.6417903216101 84.2228868846016 91.7140172315667 0 170.169540405273 101.468526521625 64.610126077245 78.6921510059118 165.05150418985 0 126.067762944234 108.905297105381 121.140877763275 38.0744844514553 152.320079153459 145.144516507984 105.694782766194 127.563374290935 119.674572350431 124.443925626973 63.4849039303681 100.110612640281 0 109.79389700636 142.994385824924 78.861358213914 27.9876401825139 75.5774685188432 79.9072480957621 103.25995062901 123.262880226177 70.3435453959746 94.7259596269159 105.82732610795 84.5258639076893 136.177764892578 0 81.586705780315 84.1520250856441 169.304941330411
90.0238011262491 58.2153290994318 32.7836114275706 120.88641245464 132.738296508789 116.164494996788 84.4636490898062 109.519657526846 84.6145621493018 113.915018108977 82.8071608967117 123.725230431322 126.271250026442 106.054446186084 117.272109920846 19.3547271124732 32.2387690801899 96.6590584262814 67.0601209214434 117.715766087024 33.6937236964537 52.223739636016 0 71.5426398164501 111.411247389556 68.3867598262534 41.8217118735874 56.1422153122936 96.0255130208886 59.3733012250709 123.651795585009 155.026066000058 81.2244565055676 38.5078179578027 206.400372050993 77.1123792227621 53.891807487324 74.9850748787681 90.9337227048019 107.398432379538 0 106.129321726554 126.02117465382 106.257617594742 121.332312766801 119.261808895624 127.22263294644 165.609572559942 0 143.929304378394 94.8820305642206 107.11612750091 171.622507536358 0 184.323365301748 152.524086095409 181.025513519558 103.772605140971 191.481956751101 161.750738314297 199.347735037106 153.046746136637 170.087223798198 172.1103515625 102.260972537485 131.312010906156 168.097991459054 143.931824010985 186.164385247212 123.217515800543 70.386143357941 109.677334721704 121.815513449695 0 140.558166179425 103.769787206654 141.920365955826 169.659647284373 130.122248043915 172.500497515706 0 144.199734859574 124.324510753968 183.148615175803
72.147289927577 77.0706679115882 98.5740073835381 27.9764802830635 83.7063925674845 77.3593304098794 56.5116372206507 81.7956424259119 25.1520112799602 58.9937462725407 136.555994942842 23.0666958862005 130.704002116934 83.0159604140196 46.7384596872619 41.7538609938638 116.177894117563 152.94436338771 145.121127732154 18.7102850194344 48.8246064862559 31.1701896854925 71.5426398164501 0 109.134770213343 127.187955209629 85.7597187038693 19.6699060964406 81.3474163353101 69.794167212968 149.948970607484 125.100317137048 74.4776595085072 88.1155891441367 144.558066502391 67.1769079584227 114.414506513913 0 0 44.3802489306637 100.501011249385 128.060970444535 110.303358656841 155.996683948536 122.069798451659 118.034996297195 86.3587617414846 137.079687915884 0 116.185261826826 118.240358691749 140.706419641021 105.009725339041 118.464864996636 113.113144680321 109.074370529233 124.734618842393 54.7858773354778 118.100794156259 184.623557642435 84.989364164465 187.230061358478 123.766024656465 82.2357562827124 103.335030685907 156.616956569583 212.615692138672 163.852421655564 104.898956153583 112.736441501571 72.2131803317366 126.703123746142 75.9742724274005 129.629485948028 151.609487534986 140.709605501401 103.770003825407 126.003922956326 110.978443450833 0 164.115308997309 116.451155186659 123.935476655084 179.304715341047
0 25.881291685437 86.8549496363481 150.037857055664 0 87.5422058105469 146.568008798853 104.710925571316 100.419935622329 170.549835205078 29.7594902798645 139.27676887259 19.0251363779403 100.103435202818 133.876482680433 102.84122329824 77.1591670848743 44.039099061642 42.9665568440552 0 122.267753732562 64.2164429020569 111.411247389556 109.134770213343 0 40.603641724945 29.612022804296 132.523118955329 120.908607715518 132.4441891875 42.879673593716 0 144.981658935547 41.2258663255755 112.669661449408 51.9337532988053 22.5531012671899 24.272481757181 27.2453144410676 127.124706236794 25.3837857953519 16.3792979985293 35.1230410625018 38.985751588577 43.7828175708615 24.7640338048169 48.3199691772461 25.2393415586539 23.9167799454567 0 34.7601846153844 105.492793989519 0 0 214.49640957744 177.746283665973 0 117.425315856934 156.603120374082 51.5092427691014 0 48.2574825871387 129.192710796376 0 0 60.9135780334473 74.3507254251432 72.5505883521829 0 168.111907958984 51.2739946874765 135.692362344588 158.719054958257 33.3510547586529 68.8974176206274 71.5529555417181 179.574623544359 150.261703491211 159.940212746356 74.2787907235033 0 0 49.2321397641105 118.332568185686
122.489258394683 50.2618747112301 35.5945285464739 146.464495438486 192.325119018555 148.203919638092 124.661825876348 137.115027359119 122.141654218637 149.152997241613 32.0926957147669 150.989394215514 19.9558431575939 130.65636526942 165.792599660595 97.5295674339802 33.9451668060995 30.567707365132 26.3000175948812 156.597207330559 94.1439515008716 87.6218843998412 68.3867598262534 127.187955209629 40.603641724945 0 31.7672339441634 127.442261106375 123.390647217519 106.623429970325 21.8880694040051 90.2384836010577 118.282466366986 55.9781277988323 133.195341262957 81.0545723708651 51.7067900033562 54.6861644410706 64.3290292368177 130.603613849067 69.2065329001749 61.1984984148567 131.607178299275 90.9097376072138 113.764018773544 134.115513331657 151.802927358342 149.784606933594 86.2307017264064 184.196207260977 64.2395720620094 103.158023574786 193.458099365234 0 221.466098466646 196.697780387896 201.344671125759 138.130644117629 212.377302268973 93.6951389125483 176.905670166016 87.8421932752306 213.202916156731 116.783515930176 144.154160882326 107.97064436018 98.9274093201023 98.710738594971 0 165.634470480835 110.361780420021 141.586630341536 179.002045352087 68.486442556842 93.1604759527699 95.0650249152287 187.976542342146 183.616500365459 171.961504421152 101.710516877572 0 189.395721435547 107.383922547322 171.146477287296
120.891725483045 33.6706539292407 32.368815142016 131.05492553877 157.658140462386 136.500549641195 105.379858742105 137.514250570981 95.9708194249786 132.625152453222 54.5882088717172 126.513630439107 26.286808543767 133.602304219548 136.0719086988 27.9053957112964 63.2917078247149 62.8956261486736 62.7922245928642 125.457931629518 76.2117260323567 40.9419353364899 41.8217118735874 85.7597187038693 29.612022804296 31.7672339441634 0 81.8753784414828 126.070953288241 98.8230215628484 25.6446740948647 142.72323950223 113.978673612002 53.0198827734988 145.214677709673 82.2766875225984 55.197013459288 62.2863370725704 71.3783793413653 110.263968587428 98.2660650299168 63.9757294444572 119.226287091048 90.172825742634 105.656228153258 109.003139220496 130.183106653684 172.514841332991 84.6765821318687 154.329930492483 61.2117238450961 91.3177685783263 194.734087116227 201.568298339844 185.944163292975 163.929348965231 182.624691678178 125.808616380897 192.042685793744 103.760971344897 156.54377525846 97.7159000929189 175.117336024221 154.859283447266 103.061118342729 105.223889684311 105.06133103167 106.086194774067 202.781351378906 129.347417301513 65.5066934989065 106.259983637874 138.902089547411 72.6387887254892 94.9904505567843 90.6331297812871 150.500812208169 163.709991158748 141.633879069138 108.38950891876 0 150.035685319961 113.998976052571 172.322008088653
76.2226450440009 100.292673252873 83.6041331346216 25.015832582964 110.238609531253 76.4829793652567 38.7423063576161 87.7083267781895 52.9601687648768 35.1047333168745 147.478333716329 54.6014411971907 137.595468704716 86.1435978855753 80.7378365845164 33.5521080718357 109.401530467775 142.48807037011 131.42643783569 32.1970211987878 29.565245737147 57.7592460921347 56.1422153122936 19.6699060964406 132.523118955329 127.442261106375 81.8753784414828 0 87.2828696260753 43.4039027138876 165.237155823601 128.985467148431 71.8631232991512 66.2564561117455 138.45974148124 79.1218983055287 114.118508101815 142.84971361565 0 74.2485060600203 111.908301103344 166.918083948436 122.554711776418 141.506614187378 138.887152615969 136.611640310056 107.071388632748 153.505864413268 196.686325073242 125.924951727744 150.424744387874 151.255280371718 119.025089529905 172.72242229791 134.528583111662 121.268623170765 141.201832103896 78.7126365380531 144.439372824853 176.707122802734 125.240241185156 236.429550170898 144.943626661754 126.345264868864 115.583662877115 173.863452045085 0 184.006221951137 132.529195190975 124.32593867263 86.974271587571 135.722995887048 100.560168672919 175.625396728516 172.439022193302 148.246243919601 119.273617994957 136.068754989931 122.277165902746 0 182.499135887036 125.00592996095 131.60717213277 195.405215845186
18.9044366695116 112.991746558552 114.374508073881 100.44648290366 24.6793181246209 43.6963658455514 57.5975837155618 39.6147466753067 77.5922800017164 90.8142118655277 75.2552371794314 93.9859954986705 77.3059886023191 29.4945896735795 54.0198572695434 93.7774564148891 107.333305912522 125.875540709624 113.707786962089 95.3681340149297 79.916940670395 75.4293509692884 96.0255130208886 81.3474163353101 120.908607715518 123.390647217519 126.070953288241 87.2828696260753 0 36.648006178125 97.5243682861328 14.7092476488618 15.4400782074438 30.2312302901668 98.4450862353637 68.6370080592642 84.1140681751487 76.1624258340697 0 35.8900545435475 21.8001517928503 66.3605875617379 137.931032378209 0 142.514539286052 201.200852299349 172.490753173828 163.785690307617 0 136.65298786667 164.457503360865 173.626063437248 150.901931093991 0 169.127127499282 143.358650597366 161.92859977205 108.666103592132 176.266403181047 0 170.672669844377 198.442596435547 161.694064414188 0 141.121592884383 186.061609776267 219.718200683594 0 173.705364422736 140.968733643091 102.874197610384 151.640885580164 131.398710011589 0 199.965905610713 169.566246341558 136.801149696987 164.123535194393 144.000072409265 0 0 0 159.235940281952 187.622332494167
40.1526318729751 98.4474907355241 79.2877574645034 97.4950108919997 115.634528375858 85.971035137525 29.1096654681631 75.4530955412273 61.246050052634 84.9726115792618 123.914876181009 113.510709845719 144.638449652933 68.0008704706502 95.6520269526371 76.840918818457 76.67556552587 127.111808887622 99.0392462360916 98.9568990680948 30.8075489583654 63.1662074518273 59.3733012250709 69.794167212968 132.4441891875 106.623429970325 98.8230215628484 43.4039027138876 36.648006178125 0 0 113.809582578992 37.5652636159282 35.77998828877 227.379013061523 66.3129967589112 91.5182452450929 125.442906015395 0 72.9247230866173 107.09604377982 0 126.543764164692 136.626295894227 137.657511004756 128.774916738334 117.630271568022 128.258661902516 0 132.167687710449 147.785138422704 143.345161738595 177.513388644612 0 159.390126177433 128.979806711358 163.473218735779 82.3748159797912 170.424290665089 195.898892974878 155.551701091864 208.285751342773 153.420887110072 0 113.335101170243 159.465135868788 0 189.911093152257 145.7555808926 122.852012675 83.2487054363251 136.61492551053 114.641393594118 0 162.720108530866 147.893112738066 122.533651894204 132.341493636224 122.778405336449 0 159.787595057518 138.707158192676 131.214386492689 200.227509719435
0 66.2030117816829 86.8661759607127 201.480682373047 0 0 180.818099975586 0 136.107047465735 0 35.1791541174666 0 9.77902917743826 107.47811276461 172.859512329102 192.561152040467 90.1946467367965 48.8635550371786 63.8327961067371 0 162.435134887695 97.0699551033509 123.651795585009 149.948970607484 42.879673593716 21.8880694040051 25.6446740948647 165.237155823601 97.5243682861328 0 0 0 0 65.3524186753872 155.324325561523 92.8774082691235 52.1812009538652 57.4145830362326 74.7355775126898 150.818487150355 0 56.2442853164884 103.990730285645 69.6388250458548 113.815723351837 143.835832042798 0 0 98.4549564740796 0 85.0302905220303 130.635458405447 0 0 0 0 226.641250610352 184.202590942383 0 93.5191945495153 0 86.3013891512543 0 0 0 123.695053100586 105.271656616465 118.224483233553 0 0 0 147.615417480469 0 70.8381316841072 103.279037056732 109.528193066443 0 0 0 103.570685189429 0 0 0 0
80.0809562271099 121.644307160971 0 130.577345281047 9.23887170440835 12.4908856950805 113.12206173336 18.3531059759619 77.3768010627431 107.04738072118 56.4228213046909 97.7668142665812 58.9897535504145 29.0992578218166 37.6053960379934 0 106.215093853463 83.8237765127218 85.4829940795898 111.330715503668 130.89633914805 121.719888608256 155.026066000058 125.100317137048 0 90.2384836010577 142.72323950223 128.985467148431 14.7092476488618 113.809582578992 0 0 57.0848381716494 19.6562866726086 0 77.348747781512 79.5600366736668 45.5033105197545 0 31.7606323727564 16.2215347450972 53.41296999221 0 0 0 0 0 0 0 0 0 228.862884521484 0 0 198.201904296875 183.374929829158 0 156.592346191406 216.151748657227 0 0 0 0 0 205.201232910156 0 0 0 0 0 0 168.088897705078 163.986436841823 0 0 0 194.168889952196 0 180.25361503978 0 0 0 179.218170166016 0
32.2607519790771 116.31343874292 98.9622665239778 103.969696359148 0 73.614371744548 63.2071212360526 82.697152046157 66.8693297650345 88.0223866957606 101.34583155438 88.1318797567785 81.4436874389648 46.7462605162741 81.8311233520508 73.7118577118868 93.3728368998297 143.449280232991 114.645283425004 86.5185666226089 65.5017667238194 65.3034558497185 81.2244565055676 74.4776595085072 144.981658935547 118.282466366986 113.978673612002 71.8631232991512 15.4400782074438 37.5652636159282 0 57.0848381716494 0 14.3320973506638 0 63.9672910760154 83.7724441337828 0 0 54.8289413452148 0 0 184.512078015665 0 168.055236816406 0 0 0 0 127.113456726074 0 0 0 0 0 120.411327617867 0 76.0048166822293 0 0 0 0 158.388767854893 0 122.332054893958 0 0 0 0 120.096199035645 74.2055166409965 224.175704956055 115.3184135588 0 0 0 124.061948122608 135.125076293945 128.759246826172 0 0 122.538744315001 132.094436645508 0
