0 1.92051073908806 17.1106626987457 51.7040391564369 1.38749608397484 172.429245561361 4236.57021093369 1420.2453212738 101.666563302279 589.659712702036 17.462243527174 37.8807428777218 4.46953651309013 11692.6199168563 1.72583681344986 27.2321609556675 41.9457061886787 1.68745070695877 6.45699927210808 42.5672830939293 162.60693103075 34.1368831396103 195.666378051043 222.117901653051 1.03662279248238 23.6075736284256 26.6303744614124 363.331566035748 16035.94015944 4163.40212801099 0 8.23664170503616 310.846440255642 462.293963938951 27.6703924834728 445.888047635555 14.9717886149883 360.272168874741 65.3138729333878 145.026508629322 74.5716350972652 3.80325064063072 5.65529757738113 1.55328211188316 3.26564911007881 0.50911945104599 2.07662945985794 0.430448263883591 0 0.564740896224976 0 1.84029820561409 0 0 2.24195891618729 27.2566533982754 4.47670724987984 14.0485533177853 6.16092452406883 0.383467644453049 3.86162424087524 0 7.53665471076965 1.95782488584518 1.83352184295654 0 0 0 5.32004234194756 1.21171128749847 1.1460587978363 6.89123785495758 32.1775162518024 0 0.888846904039383 4.07522630691528 31.8684683740139 6.23638617992401 2.98623335361481 0 0 0 2.50493997335434 1.68104520440102
1.92051073908806 0 680.244457691908 0 0 1.70797622203827 28.5754532217979 3.12476900219917 249.592953890562 3.35134696960449 146.421174526215 1.76806259155273 496.047345995903 5.74963343143463 2.36482280492783 247.475810885429 697.716682761908 35.2272211015224 277.276393175125 0 118.234419703484 2745.94010895491 580.922202318907 321.971832484007 3086.80998900533 1687.12968122959 9110.93788218498 147.176350593567 12.5196335315704 63.8759630322456 21.2181064486504 0 2.26050290465355 201.889149188995 12.602114289999 795.093502014875 409.445812404156 588.309008210897 210.808501511812 20.3163960576057 6.93917763233185 12.431654214859 82.9031412601471 39.4655917286873 76.3748869299889 7.58320981264114 0.675120949745178 1.52945220470428 6.49019801616669 0 397.709826886654 171.712645858526 0 0 0 8.93111327290535 1.1483299434185 5.49660390615463 1.26312181353569 12.6698769927025 0 36.9400490224361 1.58432325720787 0 21.8243012428284 94.9206782579422 5.18426412343979 64.6488127708435 0 6.96479243040085 93.3310341835022 84.6483024954796 6.11443412303925 79.9333745837212 273.210366040468 1186.5841871798 14.7107085287571 0.754086315631866 9.99589815735817 0.357878684997559 0 0 24.9647336602211 7.59665206074715
17.1106626987457 680.244457691908 0 1.06000983715057 0 1.72104746103287 130.734395593405 19.7816835045815 17.3818099796772 3.8277043402195 99.7350268959999 0 16.4483388066292 29.7745948731899 0 131.567905455828 3151.93421211839 57.0390003621578 314.409119993448 0 1167.66786703467 439.348499923944 14749.9429642558 71.8615230023861 44.2290336191654 11523.600076288 13216.476632297 431.67605483532 29.6060856878757 323.363593518734 3.48261001706123 0 7.04118764400482 463.18001511693 33.4180324375629 1129.32059633732 664.712508410215 781.655404448509 311.024259150028 31.8510157763958 16.9879792928696 1.02162945270538 66.2674843668938 22.2765410542488 59.2726346850395 29.0170541405678 0 0.571061313152313 3.62896651029587 0 159.05466812849 230.085564255714 0 0 0 10.3479598462582 0.419176816940308 3.50808024406433 0.905412793159485 1.91712534427643 0 4.33715254068375 1.18423861265182 0 44.9302511513233 49.1127272248268 1.07909572124481 17.9206623136997 0 18.7871730029583 67.2020980119705 167.227257609367 10.1452339887619 11.2781943082809 57.58638677001 709.480026066303 23.6153338551521 2.07718020677567 11.3806658983231 0 0 0 9.89936497807503 14.4940652549267
51.7040391564369 0 1.06000983715057 0 1.16638624668121 275.041965126991 658.30902993679 209.97833186388 915.982894271612 17157.0749737918 3.42223310470581 1911.3449986577 0.657833516597748 131.412117868662 48.9758015871048 1.92082121968269 0 0 1.89130818843842 30721.6640202105 12.2458275258541 7.10916376113892 12.5243316888809 2964.96486225724 0 2.77800315618515 5.72861137986183 13676.7287876904 157.774598032236 36.4558582603931 0 0.410790234804153 32.0368486940861 36.8746202290058 12.8622381091118 258.383778512478 0.792212784290314 64.4919720888138 15.0500764548779 145.852140843868 9.41729533672333 0.939997911453247 118.959251463413 0.67253565788269 1.49333581328392 2.39477914571762 23.187319278717 4.99546551704407 0 1.18042886257172 2.77688646316528 0 214.376135706902 0 30.0942695736885 155.518935143948 19.9381767511368 121.920028954744 177.046768426895 0 229.389226585627 0 16.1420593857765 12.6847545206547 1.16845762729645 0 0 0 182.012277603149 0.581732749938965 1.20231032371521 3.38036680221558 295.072175174952 0 0 2.42234981060028 222.36064863205 7.91367584466934 3.754160374403 0 0 2.85337007045746 4.6825065612793 0
1.38749608397484 0 0 1.16638624668121 0 1378.86675339937 0 448.065722703934 57.8620400428772 1.82523196935654 2.3739846944809 28.3892601728439 8.76293560862541 419.583391726017 4637.08104664087 0 0 0 0.452341437339783 1.87814006209373 0.907589226961136 0.577698886394501 0.702788829803467 8.49884483218193 0 0.898755252361298 1.12895441055298 2.47789794206619 303.586114645004 1.05848509073257 0 2041.23512423038 1.15587666630745 1080.12036713958 0.921061336994171 37.0645014643669 1.64118355512619 33.620497405529 12.7769755721092 8054.37022319436 2444.86731365323 2.93272346258163 0 0 0 1.21396327018738 0 0 0 0 0 0 0 0 0 0.579022288322449 0 0 0 0 0 0 0 0 0 0 0 0 0 0 0 0 0 0 0 0 0.377791523933411 0 0 0 0 0 0 0
172.429245561361 1.70797622203827 1.72104746103287 275.041965126991 1378.86675339937 0 2096.80688768625 29150.2581997812 240.295806437731 26275.9372211397 57.5356113612652 11027.9849911928 34.8292277157307 3259.82955798507 1361.17018431425 2.10646644234657 5.29234173893929 3.96436524391174 9.23453515768051 760.02684417367 25.7873974740505 8.89106148481369 33.6210750937462 379.450060039759 1.80578947067261 14.7665060758591 9.01802763342857 539.524099856615 1293.3433573246 166.767818540335 0.445388466119766 1538.49564671516 12.1323507130146 735.951937377453 209.452828198671 395.552457332611 25.314098238945 266.922165870667 68.6419984698296 3199.29235732555 2710.22033917904 29.6308086514473 23.0859230458736 0 6.5445311665535 0.643807232379913 7.00974389910698 2.46186554431915 4.09809851646423 0.588657081127167 0 0.366697490215302 17.0491389632225 0 6.82211023569107 56.8926949799061 20.690820813179 33.2475685477257 48.735074698925 0 11.511021822691 1.61606431007385 14.685189306736 1.70708775520325 0 0 0 0 18.2375054061413 0.802055776119232 1.82755571603775 0.861623853445053 47.2703033983707 0 1.07759881019592 1.17687743902206 48.9274530410767 7.51961055397987 1.4466313123703 0 0.524530172348022 1.14969098567963 3.36101883649826 4.24725121259689
4236.57021093369 28.5754532217979 130.734395593405 658.30902993679 0 2096.80688768625 0 4699.03077253699 1498.87197399139 17825.8602137268 27.3648827373981 387.526090174913 8.1127904355526 8745.15712282062 57.2570093274117 108.088723123074 70.8356700837612 3.40666618943214 19.2993780374527 404.030834764242 1333.24168485403 310.261664956808 1131.69272646308 5655.41018238664 5.45892930030823 76.113745123148 220.121947228909 17713.6523628831 2943.9587341994 12288.7406283617 1.45386600494385 13.4239403605461 417.657013684511 749.611612021923 97.9561759531498 1300.197681427 73.0093741714954 701.472281426191 242.11864221096 294.171381235123 82.2803532481194 2.43933036923409 189.147466987371 3.99772971868515 25.6828831732273 13.3034313321114 51.6588808298111 13.509118527174 0.421692401170731 19.2974334955215 4.68247517943382 8.4869372844696 59.8310223519802 0 69.3818066269159 507.611356317997 124.122697412968 237.1874140203 255.600396811962 2.48806044459343 35.4737908244133 0.672831177711487 57.167122900486 17.2847792208195 49.8381633460522 2.36398303508759 0 1.22388637065887 142.83132827282 25.9148360788822 28.5724257826805 78.6860938966274 475.964371442795 0.443963021039963 4.18988683819771 61.1484403908253 648.085534542799 55.0953852236271 90.50300142169 0 0.422056168317795 14.4727739691734 33.7755698263645 16.6516241729259
1420.2453212738 3.12476900219917 19.7816835045815 209.97833186388 448.065722703934 29150.2581997812 4699.03077253699 0 650.802931308746 9446.03157556057 119.689504861832 2434.72497916222 65.1162790060043 30844.5555615425 910.130243629217 19.3121840059757 31.5856948494911 17.6196592450142 19.0711878836155 432.683373332024 148.577587842941 42.5446088314056 163.232748121023 910.124671012163 0 45.5941753685474 35.6556925177574 882.694030702114 3851.24850770831 1518.13996428251 1.12672173976898 1660.26516079903 43.2529640495777 1466.07026743889 56.917914301157 781.447867304087 58.1645828187466 579.619284629822 143.582054167986 2648.08974584937 1993.63130787015 64.9334120750427 53.5638635456562 1.11694407463074 10.4961279034615 4.79468840360641 24.0380859971046 4.21967831254005 2.6614670753479 5.0697249174118 0 0.640342831611633 17.8368832468987 0 19.3862942457199 160.403067260981 40.8574561476707 55.9382622241974 77.675595998764 2.68344521522522 6.26238164305687 4.74562406539917 31.4707969725132 1.56429880857468 7.09559753537178 0 0 0 45.8055162727833 1.63720852136612 5.13553214073181 7.83562415838242 180.848079621792 0 0 6.18032091856003 155.824049323797 22.138870626688 27.8029629290104 0 0.843564689159393 1.78895822167397 13.4375896453857 3.44136786460876
101.666563302279 249.592953890562 17.3818099796772 915.982894271612 57.8620400428772 240.295806437731 1498.87197399139 650.802931308746 0 1405.70886260271 4.25563472509384 1808.94968882203 1.31097745895386 344.853118866682 1788.90046906471 59.9825009405613 13.4442984461784 0.941141366958618 3.39008337259293 381.622718840837 73.3344976007938 3567.57448074222 136.63475048542 13343.5850204527 19.3416536152363 18.7157419025898 211.05641835928 2723.20327976346 360.075257211924 483.320427894592 0 1.18589803576469 66.6754297614098 170.641203373671 7.81723508238792 488.729396671057 8.90648120641708 159.228385418653 56.9703959226608 1637.59722790122 22.9332714378834 2.24656021595001 163.249460369349 0.620958030223846 25.1732136905193 8.06329596042633 97.5260720849037 9.43795332312584 0 19.4368085861206 7.48158609867096 2.26284208893776 85.7737213075161 4.76326355338097 51.9700692892075 457.584399163723 80.2409757971764 443.092515796423 250.514805018902 2.56767416000366 99.0320892333984 0 66.4230088889599 44.7214186191559 46.9163643419743 1.13288900256157 0 0 97.8573737740517 30.748286575079 53.6701805591583 51.2163144946098 704.631027430296 1.47402739524841 2.48845708370209 24.8250655531883 601.61434674263 60.0202690660954 90.065926015377 0 0 9.23312506079674 21.0132662653923 1.98799097537994
589.659712702036 3.35134696960449 3.8277043402195 17157.0749737918 1.82523196935654 26275.9372211397 17825.8602137268 9446.03157556057 1405.70886260271 0 31.511960119009 13226.374379456 9.06248423457146 2935.19835290313 118.858722686768 8.59244656562805 5.87653666734695 3.63085636496544 9.99200132489204 27785.8448890448 65.6193149387836 44.2285326719284 64.8502561151981 2934.83939638734 0 15.1033746302128 14.637099802494 12462.6504387558 1307.372528404 316.861530840397 0 19.5324018895626 123.155519247055 364.715146452188 242.679400086403 907.20860311389 12.1200398206711 443.560779988766 118.528932183981 586.601341873407 137.918639391661 5.81235748529434 194.550122737885 0.392847776412964 16.2114162445068 2.6800981760025 62.918636739254 9.15729057788849 0 6.76053494215012 0 0.868114739656448 190.286498993635 0 61.5160755515099 422.611350536346 62.4247586131096 196.729041606188 478.701922953129 0 105.384026110172 0 52.8582879304886 14.2784100174904 3.05494466423988 0.530032932758331 0 0 280.120312154293 1.09413933753967 0.438075244426727 6.13426345586777 308.812699407339 0 0.528288900852203 6.44252979755402 343.810475230217 27.9856000542641 14.3318440914154 0 0 1.81028148531914 9.88218531012535 10.2603890895844
17.462243527174 146.421174526215 99.7350268959999 3.42223310470581 2.3739846944809 57.5356113612652 27.3648827373981 119.689504861832 4.25563472509384 31.511960119009 0 21.6838351786137 21462.209243834 307.150165379047 1.38843762874603 6.55026257038116 403.930034697056 6860.32669371367 4759.08696970344 6.5112469792366 49.8700932562351 16.2415638267994 109.117813676596 14.2224749624729 3559.25148791075 12835.4054017067 1882.69777643681 23.8980094790459 497.67762863636 50.0728585124016 1586.86801701784 44.1241223216057 10.8965191245079 9314.40452936292 9.45773854851723 622.190163463354 7136.72430866957 7873.67432501912 463.924557596445 37.3213585615158 15.5360047519207 594.479128152132 3.08316349983215 147.886199355125 29.9175330400467 4.89597165584564 0 0 111.140591114759 0 37.6647380888462 4.28102540969849 0 0 0 1.26486402750015 0.656852900981903 1.06282326579094 0.952459335327148 207.710149347782 0 675.447826862335 0 0 0.564543604850769 3.85759162902832 28.3186104893684 22.536475777626 0 1.11718618869781 3.18328428268433 1.59002724289894 0.65253871679306 327.786612957716 104.538833081722 200.73687723279 4.30558755993843 0 2.16091468930244 17.867961615324 0 0 15.8576286435127 8.83382055163383
37.8807428777218 1.76806259155273 0 1911.3449986577 28.3892601728439 11027.9849911928 387.526090174913 2434.72497916222 1808.94968882203 13226.374379456 21.6838351786137 0 9.23552525043488 473.786663770676 2361.20585024357 1.46866774559021 0.953357994556427 0 2.08708381652832 20779.7153723538 0.940137386322021 22.048273563385 2.23444011807442 666.611479014158 0.861072957515717 1.39193880558014 3.86490797996521 361.101071834564 271.935125529766 15.5400772690773 0 10.7110813260078 4.71234172582626 113.135003119707 491.809937775135 530.374174267054 3.12368223071098 74.4112438261509 12.4493454694748 3305.77144864202 64.1869556903839 5.54125946760178 46.7024629712105 0 1.49245071411133 0 20.7457293272018 0 1.27457308769226 0 0 0 28.0476002991199 2.52752643823624 5.59219878911972 62.4016717970371 11.4837040305138 67.8991427719593 67.8055683076382 0 172.030490577221 0 5.35122776031494 6.50021257996559 0 0 0 0 32.938613474369 1.32340040802956 1.8550837635994 0 86.4230346381664 0 0.362550348043442 0.470808982849121 67.7242066562176 2.33815190196037 1.40190273523331 0 0 0 2.51033222675323 2.90025019645691
4.46953651309013 496.047345995903 16.4483388066292 0.657833516597748 8.76293560862541 34.8292277157307 8.1127904355526 65.1162790060043 1.31097745895386 9.06248423457146 21462.209243834 9.23552525043488 0 93.4234983325005 0 6.35478100180626 20.6909564137459 343.523186773062 112.001349598169 0.40549448132515 5.83363428711891 51.8426912128925 23.4850260317326 8.67849028110504 9690.56268915534 5072.79559579492 6049.24006947875 8.10643112659454 89.8740947842598 5.21246495842934 3285.95872831345 17.1889527738094 5.56142246723175 1612.31415271759 45.4907474815845 461.774341762066 3480.97222194076 2396.94990628958 294.372833520174 42.0963289737701 600.800969064236 1797.28894689679 43.1529848277569 170.914760261774 104.866929888725 41.5017122030258 2.31163418292999 12.178354203701 209.824323117733 0.857205390930176 37.8593705296516 4.01176905632019 0 0 0 1.9001476764679 1.85549944639206 0.428626835346222 1.5314307808876 219.38942322135 0 704.616880118847 2.19938337802887 0 1.19727838039398 4.57829773426056 47.0872648358345 43.9486627876759 0 1.93039965629578 6.51799875497818 4.71354162693024 0.45855039358139 467.519964277744 158.669436484575 273.304319292307 3.6881502866745 1.30978634953499 0 19.7497235536575 0 0 174.960249900818 32.0979315340519
11692.6199168563 5.74963343143463 29.7745948731899 131.412117868662 419.583391726017 3259.82955798507 8745.15712282062 30844.5555615425 344.853118866682 2935.19835290313 307.150165379047 473.786663770676 93.4234983325005 0 78.0257665216923 28.7657637298107 49.0251975357533 25.3362755477428 57.8834253549576 198.342538058758 228.687407016754 51.3106064796448 229.712011218071 605.84878179431 11.4528137147427 79.7208179682493 72.6970524191856 797.476842820644 22131.3681756854 2816.77589827776 2.32672905921936 2544.5858797431 268.72858402133 2157.97022151947 81.0056255161762 1358.00849360228 93.0733935832977 1023.10214859247 196.700422495604 1469.57849159837 1027.81907746196 70.1450162529945 20.2211503982544 0 10.7697102427483 1.53089529275894 12.5253022611141 2.0316971540451 0.64548671245575 3.1109207868576 3.4799393415451 2.3930732011795 5.04737520217896 0 6.41023910045624 113.035156786442 22.8853047788143 41.5688727200031 44.9719384014606 0.580237567424774 7.66217648983002 0 15.0587424635887 0 8.88230338692665 1.76440417766571 0 0 21.4512247443199 5.00795692205429 3.53864353895187 6.90201246738434 93.0551026165485 0 2.6234150826931 8.81315922737122 106.856356889009 12.3469725251198 13.6468991041183 0 0 0.575605630874634 6.31156143546104 10.4381693899632
1.72583681344986 2.36482280492783 0 48.9758015871048 4637.08104664087 1361.17018431425 57.2570093274117 910.130243629217 1788.90046906471 118.858722686768 1.38843762874603 2361.20585024357 0 78.0257665216923 0 0.513364434242249 0.762755572795868 0 0 52.1004624962807 0 74.9286558330059 3.55461847782135 493.07822728157 0.570196211338043 1.49508512020111 5.6957181096077 99.2901545464993 52.0379757285118 6.65408021211624 0 27.2912186384201 1.21964859962463 25.2466444373131 0.562331199645996 140.721695423126 1.47160220146179 17.0330128669739 4.20753365755081 15077.9215905666 184.846555531025 0.875183343887329 15.3489571511745 0 1.53936278820038 0 2.12959611415863 0 0 0 0 0 5.97308060526848 0 0.534744381904602 16.7393682003021 2.9150584936142 4.44390854239464 6.0300467312336 0 3.76305198669434 0 1.49721539020538 0 1.96964117884636 0 0 0 1.45642226934433 0.844062387943268 2.85403907299042 0 18.9072715640068 0 0 0.467510223388672 18.3541403412819 1.96621415019035 0.760924905538559 0 0 0 0 0
27.2321609556675 247.475810885429 131.567905455828 1.92082121968269 0 2.10646644234657 108.088723123074 19.3121840059757 59.9825009405613 8.59244656562805 6.55026257038116 1.46866774559021 6.35478100180626 28.7657637298107 0.513364434242249 0 80.1728230118752 2.50428476929665 17.1007358133793 0 5605.27428543568 3761.80018815398 12035.7033651471 1595.44660529494 11.9077808856964 116.757981717587 7324.93293461204 1460.42413938046 91.6784325838089 510.925742834806 0 0.648869276046753 29.8912172317505 786.889012247324 113.141040056944 1960.92044317722 188.316760271788 1019.03932794929 554.241024315357 148.357120990753 50.4292538464069 9.26910519599915 66.7343520224094 29.3690740168095 79.8654150366783 16.8815495073795 9.27128106355667 2.86809346079826 0 5.08600774407387 13.5505411028862 83.6514692604542 0 0 0.575693964958191 88.2613672614098 7.71397662162781 33.776426166296 2.29593974351883 1.64084875583649 0 3.90444868803024 10.1793956756592 0.758841037750244 635.631815612316 21.2972622513771 0 1.55250728130341 0 254.736446112394 121.316584408283 986.211799800396 168.953539788723 2.3075116276741 15.9903545975685 302.894001722336 313.139321804047 12.904980391264 119.962375551462 0 0 4.92617690563202 27.4946158230305 23.2818721532822
41.9457061886787 697.716682761908 3151.93421211839 0 0 5.29234173893929 70.8356700837612 31.5856948494911 13.4442984461784 5.87653666734695 403.930034697056 0.953357994556427 20.6909564137459 49.0251975357533 0.762755572795868 80.1728230118752 0 292.571112245321 5490.07730537653 0 1365.70553541183 202.322829663754 7807.12548881769 49.8340466320515 71.1595693230629 7444.7348690629 4196.66119453311 227.03786060214 109.916268140078 879.967401504517 4.55596432089806 0 18.3858478665352 1320.49512645602 19.063815921545 434.662870883942 453.628699868917 1236.14909726381 176.01469540596 13.1343700587749 10.7720397114754 3.41808378696442 31.2030702233315 14.3597413599491 40.3223348557949 5.09649449586868 1.0495240688324 0 0.593141078948975 0.517339169979095 108.274704813957 122.414195388556 0 0 0 3.69726184010506 0.379209101200104 1.49538266658783 1.00901320576668 1.86186468601227 0 2.74166569113731 0 0 16.5261499285698 49.9484950602055 0.424095004796982 11.5576001703739 0 7.32281309366226 33.3188125491142 56.6127062439919 10.2474245131016 10.0553706884384 86.5698107779026 526.808595687151 16.5529474318027 1.14472615718842 6.68764886260033 0.85504937171936 0 0 8.98895689845085 7.51234346628189
1.68745070695877 35.2272211015224 57.0390003621578 0 0 3.96436524391174 3.40666618943214 17.6196592450142 0.941141366958618 3.63085636496544 6860.32669371367 0 343.523186773062 25.3362755477428 0 2.50428476929665 292.571112245321 0 7753.37329226732 0 26.8903862535954 7.79055592417717 78.9387525618076 3.34877723455429 324.58011046052 10077.0110227764 610.066418498755 5.31276801228523 47.7731459140778 19.6232506334782 87.2519207894802 1.71932858228683 1.91216468811035 449.752040296793 2.59546789526939 168.457542836666 583.514527142048 812.433508694172 100.222046732903 3.50503021478653 4.23369884490967 11.659071803093 0 3.52606332302094 9.60892698168755 0.757097005844116 0 0 2.92428398132324 0 7.86895307898521 0.449990451335907 0 0 0 0 1.14851748943329 0 0 39.4610020518303 0 129.868131607771 0 0 0 1.45035320520401 15.7010163664818 22.2810878455639 0 0.830651581287384 2.44947129487991 0.432869225740433 0 118.364415198565 57.7302413582802 112.748983114958 0.323148936033249 0 0 4.08676832914352 0 0 6.08622741699219 0
6.45699927210808 277.276393175125 314.409119993448 1.89130818843842 0.452341437339783 9.23453515768051 19.2993780374527 19.0711878836155 3.39008337259293 9.99200132489204 4759.08696970344 2.08708381652832 112.001349598169 57.8834253549576 0 17.1007358133793 5490.07730537653 7753.37329226732 0 0 133.841011852026 30.0748268067837 467.035134673119 18.893208950758 389.495622187853 15126.2348574698 2492.42067429423 29.688289731741 89.2392798066139 112.499352306128 38.118187725544 4.83163225650787 7.25733411312103 1782.01833054423 14.7830209136009 622.029624193907 767.63027665019 2435.94564518332 393.636804908514 10.5556915998459 8.32949793338776 6.12864452600479 17.083160340786 7.48035806417465 16.1240928471088 1.71190667152405 1.83626568317413 0.884039163589478 1.62472498416901 0 47.0536563694477 20.8834727704525 0 0 0 1.39186215400696 0 0 0 19.7767681777477 0 47.0478693246841 0 0 2.32628107070923 13.1213929355145 8.67450535297394 30.9481013119221 0 0.558191537857056 4.37522104382515 12.9757968187332 2.75830271840096 85.2154162228107 107.143598794937 229.579991191626 0.367335617542267 0 3.24133035540581 3.41134548187256 0 0 7.86728256940842 8.25885170698166
42.5672830939293 0 0 30721.6640202105 1.87814006209373 760.02684417367 404.030834764242 432.683373332024 381.622718840837 27785.8448890448 6.5112469792366 20779.7153723538 0.40549448132515 198.342538058758 52.1004624962807 0 0 0 0 0 4.81685966253281 7.61137938499451 5.79645293951035 1000.96297591925 0 1.65754222869873 0 1861.23572841287 156.188076376915 13.5709417760372 0 0.902895867824554 9.36184760928154 44.0655591189861 73.301653444767 160.669298201799 0.608309328556061 41.9481002688408 9.35207179188728 191.164529055357 14.4456728696823 0 40.126746237278 0.833221018314362 1.42902547121048 0 22.5954320430756 0 0 1.75583112239838 0 0 131.667091816664 0.587755560874939 8.37085893750191 61.3129073679447 18.1299743652344 28.9671633243561 61.3709218800068 0 68.3466438055038 0 11.0216174423695 6.63083910942078 1.58058369159698 0 0 0 43.1764805018902 0.439953297376633 3.75257349014282 0 77.6587130427361 0 0 1.48296356201172 68.9132475852966 4.91038423776627 2.60526406764984 0 0 1.14700710773468 1.15080305933952 0
162.60693103075 118.234419703484 1167.66786703467 12.2458275258541 0.907589226961136 25.7873974740505 1333.24168485403 148.577587842941 73.3344976007938 65.6193149387836 49.8700932562351 0.940137386322021 5.83363428711891 228.687407016754 0 5605.27428543568 1365.70553541183 26.8903862535954 133.841011852026 4.81685966253281 0 721.047731786966 23554.6874725521 1119.20206063986 6.97906550765038 618.692382305861 1492.88903984427 8310.53373736143 400.6244597435 19038.669652015 1.03721171617508 3.55539485812187 116.366544038057 3101.58529695868 103.246554285288 1643.83226817846 202.811392068863 1952.71633851528 691.673125475645 150.246745675802 53.6183784306049 0.755428433418274 33.6131431758404 12.8763923943043 42.5429061949253 10.4501776099205 2.42514336109161 0.663004755973816 0 1.04804921150208 14.5169272124767 67.0576359331608 4.39032050967216 0 0 58.5726630985737 8.16474321484566 26.021849244833 2.76154896616936 0 2.23540049791336 0 10.8913413584232 2.15315097570419 171.685754060745 5.39002919197083 0 1.01708343625069 3.05899381637573 86.5342119634151 53.3946173489094 278.891964495182 136.51181820035 0.429792672395706 9.55029943585396 202.321391940117 290.372532397509 7.67966490983963 95.5128211677074 0 0 3.09264987707138 25.2662073373795 13.5428619980812
34.1368831396103 2745.94010895491 439.348499923944 7.10916376113892 0.577698886394501 8.89106148481369 310.261664956808 42.5446088314056 3567.57448074222 44.2285326719284 16.2415638267994 22.048273563385 51.8426912128925 51.3106064796448 74.9286558330059 3761.80018815398 202.322829663754 7.79055592417717 30.0748268067837 7.61137938499451 721.047731786966 0 2205.82036343217 6526.43100830913 203.305407881737 184.181760072708 5979.46348360181 1529.80981224775 137.948107808828 641.676371365786 2.29799991846085 0 39.7224044501781 546.338471144438 56.0376952588558 1287.7892127037 251.520156949759 827.02908590436 375.296603947878 134.944031357765 28.7529200613499 1.3422959446907 65.2577088475227 12.1058125495911 68.9153094291687 18.9663271605968 10.6389603316784 3.83861595392227 0.755155026912689 3.63678440451622 57.7682686448097 91.8517156541348 0.947989165782928 0 2.41905069351196 59.261611521244 0.477935761213303 72.1712131202221 5.17834275960922 0.529004514217377 2.50043678283691 4.78326106071472 12.5292887687683 0 374.133416503668 13.0970924198627 0.609871208667755 2.84314891695976 3.28946781158447 122.701992183924 159.134979367256 467.117486715317 209.410802334547 8.61913406848907 14.1446898281574 420.112461358309 278.849699616432 17.5935115516186 77.5495547950268 0 0 0.947395294904709 31.2997154295444 27.3515838980675
195.666378051043 580.922202318907 14749.9429642558 12.5243316888809 0.702788829803467 33.6210750937462 1131.69272646308 163.232748121023 136.63475048542 64.8502561151981 109.117813676596 2.23444011807442 23.4850260317326 229.712011218071 3.55461847782135 12035.7033651471 7807.12548881769 78.9387525618076 467.035134673119 5.79645293951035 23554.6874725521 2205.82036343217 0 1356.4932423234 45.7286888360977 2774.72081312537 16711.4283779263 6721.79783171415 405.264663904905 4900.00916475058 0.547678768634796 3.88002192974091 110.850468695164 3896.35735654831 380.769200414419 5428.15755099058 1115.3181027174 4846.17636808753 2163.00804272294 496.191902339458 158.449302434921 3.60782206058502 188.871275573969 86.4850783348083 219.195147186518 66.4689450263977 21.86719378829 7.1761494576931 0 6.77937525510788 93.649425894022 461.647314041853 2.52162209153175 0 1.08221009373665 130.438190549612 10.3092199265957 46.6262361109257 7.00197276473045 2.96301683783531 3.08261793851852 3.70109894871712 19.4667500853539 2.19739627838135 865.685184031725 60.2889015078545 0 14.5574074983597 1.03749939799309 227.260788977146 222.006913393736 2017.56504890323 181.062322974205 9.9468429684639 61.3368462324142 1555.34682357311 305.204056382179 9.59728944301605 100.156700909138 0 0 3.57050889730453 89.1926760673523 117.513452500105
222.117901653051 321.971832484007 71.8615230023861 2964.96486225724 8.49884483218193 379.450060039759 5655.41018238664 910.124671012163 13343.5850204527 2934.83939638734 14.2224749624729 666.611479014158 8.67849028110504 605.84878179431 493.07822728157 1595.44660529494 49.8340466320515 3.34877723455429 18.893208950758 1000.96297591925 1119.20206063986 6526.43100830913 1356.4932423234 0 18.3215228021145 73.2956406474113 1316.24955058098 23584.3117599189 966.5208542943 2123.20262151957 0 7.12370878458023 281.959322422743 1141.22500410676 98.7172402739525 2032.14429229498 72.9545631110668 788.193086206913 274.832143753767 706.440497636795 63.1523534953594 4.07389572262764 347.534584999084 10.6939308345318 87.3346708714962 26.1545306742191 136.138577014208 32.2111674547195 0.576342940330505 37.484955728054 18.3332758545876 25.1859512925148 154.409776419401 4.14871871471405 74.0510538518429 1107.39951968193 186.93918544054 686.798847436905 408.710041999817 4.49065989255905 113.907049268484 2.43789514899254 141.521140307188 41.5798082053661 209.309951066971 15.8110861778259 0.594789862632751 0.991115152835846 183.546236395836 147.38323867321 110.661267280579 278.200729548931 1603.20948383212 0 7.23652929067612 119.966005951166 1706.68638059497 135.624701872468 356.640226811171 0 1.70129963755608 27.0199099183083 86.8892347812653 17.5849145650864
1.03662279248238 3086.80998900533 44.2290336191654 0 0 1.80578947067261 5.45892930030823 0 19.3416536152363 0 3559.25148791075 0.861072957515717 9690.56268915534 11.4528137147427 0.570196211338043 11.9077808856964 71.1595693230629 324.58011046052 389.495622187853 0 6.97906550765038 203.305407881737 45.7286888360977 18.3215228021145 0 1844.95590403676 5234.51777032018 7.66271483898163 25.3446707725525 7.77893224358559 207.782817006111 2.33193027973175 0.476398140192032 337.202649027109 2.59124052524567 148.715148448944 1862.43830633163 685.011490762234 59.5412574708462 2.10373598337173 3.98915526270866 123.427943021059 14.5732094049454 134.187689781189 84.1280664801598 10.3313347995281 0 0 102.723961949348 0 155.005881667137 15.2855620980263 0 0 0 1.27334600687027 1.45666563510895 0.507705450057983 0 224.062071830034 0 695.902385562658 1.23102879524231 0 2.35578662157059 20.1729114353657 50.4920148551464 124.989219605923 0 2.63591384887695 14.1882615089417 9.13290810585022 0 711.500620573759 433.502135962248 887.632092744112 1.91060629487038 2.2325935959816 2.36162483692169 20.7538814544678 1.302414894104 0 28.8119832873344 0
23.6075736284256 1687.12968122959 11523.600076288 2.77800315618515 0.898755252361298 14.7665060758591 76.113745123148 45.5941753685474 18.7157419025898 15.1033746302128 12835.4054017067 1.39193880558014 5072.79559579492 79.7208179682493 1.49508512020111 116.757981717587 7444.7348690629 10077.0110227764 15126.2348574698 1.65754222869873 618.692382305861 184.181760072708 2774.72081312537 73.2956406474113 1844.95590403676 0 37461.2734668553 244.895896941423 163.671069175005 296.132020890713 2975.68728163838 10.1930387914181 11.4483634233475 2457.2876085937 65.7749333679676 2795.96336174011 3799.16796791553 5230.4670227766 1093.60538092256 41.2000711858273 41.1476067006588 48.4372518658638 84.9673543572426 104.33921739459 124.934344381094 23.3376112580299 4.4504805803299 0.543190658092499 17.6636093854904 0 508.292871832848 170.632381826639 0 0 0 9.49269282817841 0 7.3966551721096 0 149.134738445282 0 489.124689012766 0.863327860832214 0 14.6444238722324 138.711707949638 56.3376914560795 157.750483393669 0 16.1187639832497 46.5037832260132 72.2532919645309 10.0922865867615 607.469863653183 694.025176137686 2010.48243224621 6.05908861756325 1.1716328561306 8.2756382226944 17.4829290509224 0 0 58.9742843806744 32.0749224424362
26.6303744614124 9110.93788218498 13216.476632297 5.72861137986183 1.12895441055298 9.01802763342857 220.121947228909 35.6556925177574 211.05641835928 14.637099802494 1882.69777643681 3.86490797996521 6049.24006947875 72.6970524191856 5.6957181096077 7324.93293461204 4196.66119453311 610.066418498755 2492.42067429423 0 1492.88903984427 5979.46348360181 16711.4283779263 1316.24955058098 5234.51777032018 37461.2734668553 0 1449.46488136053 129.141076534986 580.557628244162 991.453181028366 1.03942522406578 34.8188898861408 2771.27334588766 316.450496077538 7942.37614893913 3305.59084266424 5883.00203973055 2329.49319192767 327.97614300251 111.084589481354 33.3936998844147 481.312136560678 294.338858246803 525.434316575527 127.352944463491 25.7908436655998 5.45044249296188 14.0347128212452 3.59827581048012 1394.64091676474 1476.33325242996 2.14134529232979 0 0 95.6568024754524 4.96250355243683 38.2188982665539 4.50270679593086 96.3937319815159 1.26666748523712 373.545735865831 10.2360588908195 2.28588593006134 567.518146783113 418.724698573351 60.7882255613804 260.88939756155 0 147.637641608715 559.310310482979 1837.32788556814 89.9143070280552 568.573841273785 1224.1354675889 6823.39335116744 158.649983406067 9.05519527196884 90.9222007989883 18.1069574952126 0 0.785205125808716 174.227087825537 148.39167919755
363.331566035748 147.176350593567 431.67605483532 13676.7287876904 2.47789794206619 539.524099856615 17713.6523628831 882.694030702114 2723.20327976346 12462.6504387558 23.8980094790459 361.101071834564 8.10643112659454 797.476842820644 99.2901545464993 1460.42413938046 227.03786060214 5.31276801228523 29.688289731741 1861.23572841287 8310.53373736143 1529.80981224775 6721.79783171415 23584.3117599189 7.66271483898163 244.895896941423 1449.46488136053 0 1277.85453933477 8327.05736285448 0.511823832988739 5.37300354242325 434.938933432102 1853.4072945416 172.15321496129 2766.70211717486 157.615001261234 1379.69979703426 498.247437238693 312.48660966754 106.480711400509 8.67871993780136 265.473843306303 16.6562161445618 104.690295517445 15.5496729910374 90.3556867539883 18.9388574361801 1.11496293544769 40.2573349773884 21.3687677979469 36.0544836521149 109.276642143726 1.71382349729538 59.8343230783939 808.000011622906 116.926256537437 447.227314561605 283.882267534733 0.416238605976105 66.9928546249866 0 110.294213801622 26.7570291161537 215.695651322603 19.9791052043438 0.598655641078949 3.13545292615891 129.742360383272 186.43968218565 88.8387325406075 305.796701312065 1220.91869714856 1.41752949357033 11.802583783865 168.774982064962 1611.17793849111 114.674536347389 501.533829778433 0.306012243032455 1.48915714025497 32.4986298680305 75.9509178996086 38.8384410738945
16035.94015944 12.5196335315704 29.6060856878757 157.774598032236 303.586114645004 1293.3433573246 2943.9587341994 3851.24850770831 360.075257211924 1307.372528404 497.67762863636 271.935125529766 89.8740947842598 22131.3681756854 52.0379757285118 91.6784325838089 109.916268140078 47.7731459140778 89.2392798066139 156.188076376915 400.6244597435 137.948107808828 405.264663904905 966.5208542943 25.3446707725525 163.671069175005 129.141076534986 1277.85453933477 0 8891.18470528722 3.41644299030304 2274.4071726799 10596.551956892 6895.5347250104 149.775318175554 2616.50108596683 125.097187817097 3051.26067912579 453.944268375635 1113.56156945229 1376.12173083425 47.8942876160145 32.7270550429821 0 9.14309453964233 4.7840034365654 13.2413614094257 2.87700569629669 0 5.47132974863052 2.50252828001976 5.29814848303795 7.23668473958969 0 8.9536896944046 126.787802606821 13.2226914167404 59.5062988996506 37.8975528478622 0 3.79134240746498 1.97406685352325 24.2692504823208 1.74614530801773 11.4178904294968 1.83416229486465 0 0 12.6915781497955 10.3408752679825 3.1902921795845 25.5700627863407 111.596389383078 2.4344722032547 2.07972741127014 15.5352712273598 152.122898131609 18.0303749740124 35.0812178850174 0 0 1.81909382343292 14.5316895842552 22.6702209413052
4163.40212801099 63.8759630322456 323.363593518734 36.4558582603931 1.05848509073257 166.767818540335 12288.7406283617 1518.13996428251 483.320427894592 316.861530840397 50.0728585124016 15.5400772690773 5.21246495842934 2816.77589827776 6.65408021211624 510.925742834806 879.967401504517 19.6232506334782 112.499352306128 13.5709417760372 19038.669652015 641.676371365786 4900.00916475058 2123.20262151957 7.77893224358559 296.132020890713 580.557628244162 8327.05736285448 8891.18470528722 0 0.316214382648468 11.5980432331562 1115.68415239453 5033.639955163 190.093047142029 2394.01818829775 118.937194257975 2156.20597216487 599.603607565165 223.562667369843 114.968213021755 3.24295562505722 60.4017927348614 4.94540554285049 25.7317209243774 4.66212266683578 22.1467433869839 11.5187442004681 0 6.97026583552361 11.0210209786892 25.1433272659779 3.94889912009239 0.445208340883255 3.82790383696556 182.087527245283 17.2659730911255 133.126899540424 22.4436537623405 1.03482401371002 5.32645851373672 0 30.0787635445595 7.74621656537056 93.2100206613541 2.92029845714569 1.38018435239792 0.50483113527298 12.4031293094158 74.2070779800415 35.1222024261951 151.555624783039 345.377739667892 1.30803829431534 6.02012270689011 85.1544933319092 495.835639864206 42.3736026287079 176.67206916213 0.411453396081924 0 8.50859040021896 29.2696739435196 35.860337048769
0 21.2181064486504 3.48261001706123 0 0 0.445388466119766 1.45386600494385 1.12672173976898 0 0 1586.86801701784 0 3285.95872831345 2.32672905921936 0 0 4.55596432089806 87.2519207894802 38.118187725544 0 1.03721171617508 2.29799991846085 0.547678768634796 0 207.782817006111 2975.68728163838 991.453181028366 0.511823832988739 3.41644299030304 0.316214382648468 0 0 0 46.0112745463848 0 17.7609758079052 179.715577989817 135.961152583361 14.93136292696 0.415992707014084 0 7.4486189186573 0.541053473949432 4.17256307601929 4.1296860575676 0 0 0 0.552918314933777 0 4.42683878540993 0.793731927871704 0 0 0 0 0 0 0 20.3999783098698 0 60.0066075026989 0 0 0 1.23769974708557 1.94281032681465 6.57039859890938 0 0 0 0 0 39.6224707961082 20.9722064137459 26.5431949198246 0 0 0 0.441029965877533 0 0 0.884890258312225 0
8.23664170503616 0 0 0.410790234804153 2041.23512423038 1538.49564671516 13.4239403605461 1660.26516079903 1.18589803576469 19.5324018895626 44.1241223216057 10.7110813260078 17.1889527738094 2544.5858797431 27.2912186384201 0.648869276046753 0 1.71932858228683 4.83163225650787 0.902895867824554 3.55539485812187 0 3.88002192974091 7.12370878458023 2.33193027973175 10.1930387914181 1.03942522406578 5.37300354242325 2274.4071726799 11.5980432331562 0 0 5.72532349824905 3999.79490336776 1.99801096320152 89.1739436089993 16.6085062026978 218.955319970846 41.9106592535973 240.855289667845 2937.79174572229 17.8280107975006 0 0 0 1.2169086933136 0 0 0 0 0 0 0 0 0.412334978580475 0.483526706695557 0 0 0.389962196350098 0 0 0 0 0 0 0 0 0 0 0 0 0 0.895226269960403 0 0 0 2.08777847886086 0 0 0 0 0 0 0
310.846440255642 2.26050290465355 7.04118764400482 32.0368486940861 1.15587666630745 12.1323507130146 417.657013684511 43.2529640495777 66.6754297614098 123.155519247055 10.8965191245079 4.71234172582626 5.56142246723175 268.72858402133 1.21964859962463 29.8912172317505 18.3858478665352 1.91216468811035 7.25733411312103 9.36184760928154 116.366544038057 39.7224044501781 110.850468695164 281.959322422743 0.476398140192032 11.4483634233475 34.8188898861408 434.938933432102 10596.551956892 1115.68415239453 0 5.72532349824905 0 1295.90505978465 39.505223184824 478.753892302513 18.2807807028294 521.488466411829 124.026639163494 78.5205804407597 47.9811861813068 0.514987170696259 4.6885153055191 0.525810658931732 1.17612266540527 1.15050327777863 4.63304561376572 1.3710281252861 0.599352180957794 0 0.457438409328461 3.80501174926758 0 0 0 12.8110080957413 0.729106426239014 8.03667557239532 2.96305894851685 0 1.38936614990234 0 5.71505862474442 0 4.12462359666824 0.43351674079895 0 0 2.46060955524445 2.83756506443024 1.49907538294792 7.61323148012161 19.594011425972 0 0 4.55883949995041 27.3712685704231 1.93257904052734 13.4130472540855 0 0 1.27383983135223 2.33168226480484 5.28461819887161
