0 10.1721838712692 46.2753550410271 26.6860330700874 3.7216157913208 66.7827042043209 3647.98915702105 781.393332511187 185.413005113602 395.137475967407 83.2844794094563 16.3846277296543 14.7694440484047 11715.4577054083 2.80183380842209 28.2737863659859 101.908361136913 4.30959659814835 32.3102274537086 11.5565742850304 319.341428518295 54.3798691034317 343.188017129898 357.305679410696 5.26461309194565 60.269040375948 138.626936107874 623.901512116194 9943.58554458618 3332.82270047069 0 10.6807449162006 416.156430333853 671.23610073328 18.772288620472 347.703407913446 13.8500170409679 427.639453947544 51.6420628130436 68.9436781704426 24.0968628227711 7.00977420806885 25.7515012919903 0.612654685974121 8.84119617938995 7.50463435053825 1.38545191287994 0.519106507301331 0 10.2250311374664 0 5.17181608080864 2.81765627861023 0 0.872093081474304 59.467700779438 2.01924380660057 15.8607371449471 3.29607823491096 0 0 0 19.7146789431572 0 11.2506812214851 0.709783136844635 2.00749588012695 0 0 28.4651949703693 6.91132652759552 27.6060284674168 97.6061023771763 0 8.58262631297112 18.3725651502609 96.6669499874115 20.487055182457 27.9987582862377 0 0 2.91217678785324 9.85213059186935 5.96743384003639
10.1721838712692 0 239.046172201633 0.517059504985809 2.62684643268585 2.7728256881237 13.538681268692 5.534562677145 489.867788016796 9.21956008672714 275.529789090157 10.8209487497807 591.033894240856 27.1911791563034 41.2468681633472 160.713580131531 461.377566576004 58.8909305334091 303.81040635705 1.98498374223709 42.9727854430676 2451.45301926136 209.066425532103 585.495879620314 2212.39917692542 857.115342020988 7445.71760961413 51.0319772064686 29.5567461550236 34.5185853242874 30.7300033271313 0 3.86148113012314 253.425904512405 8.08622154593468 287.876639634371 178.900532901287 375.576291918755 72.8115196526051 42.8281556069851 3.48537105321884 165.193107306957 26.4631608724594 27.2398903369904 44.3013985157013 18.2552498579025 1.20865991711617 0 1.88006901741028 1.72788786888123 151.03207975626 128.804553329945 1.59915828704834 0 0 7.27704802155495 1.45225566625595 2.67909210920334 2.19540655612946 6.50344994664192 0 18.3685255050659 1.75973099470139 0.503029406070709 6.59343630075455 40.2758148312569 10.204197794199 38.5019424259663 0.569994151592255 4.16191285848618 40.6998116970062 33.3725774586201 6.3786541223526 23.5151246786118 128.954910427332 380.19891679287 2.58063793182373 0.623420536518097 2.10260003805161 1.06333529949188 0 0 12.997316300869 3.5098502933979
46.2753550410271 239.046172201633 0 13.8138556778431 2.27295219898224 15.7317460775375 658.098271310329 65.9402721524239 82.3096806406975 113.176689565182 205.474197626114 6.35965293645859 45.5238960683346 87.7968625724316 6.98868504166603 81.2282287180424 3994.72837144136 33.9737010300159 434.571283578873 2.08066019415855 835.884504705667 161.630629807711 18809.6000113785 307.722004830837 23.3555362224579 10804.5124665499 14109.5759814382 800.311038285494 86.3118069767952 384.154309391975 22.5333914160728 0 24.2080076634884 569.497263908386 56.673310816288 1291.68518462777 239.607367604971 1727.05597525835 512.825280070305 110.934196263552 8.40235131978989 1.92915612459183 182.955286085606 72.7345557808876 273.789959877729 102.564207941294 4.20826077461243 0.764741957187653 0 4.13207775354385 238.03931465745 1129.34366631508 0 0 3.91288968920708 29.313988506794 7.69301581382751 11.6491398513317 7.31201535463333 9.82012805342674 0 7.14832583069801 16.996940433979 2.76022255420685 60.5590114891529 335.630354255438 9.2000418305397 97.5560212433338 0 31.9302866756916 161.710296958685 322.894259482622 49.6322170495987 21.0615923404694 331.559976875782 2560.66626629233 36.261920183897 4.42414730787277 14.959823012352 2.64985233545303 0 0 59.9999324977398 35.5664309263229
26.6860330700874 0.517059504985809 13.8138556778431 0 4.67977523803711 168.482630163431 278.831803113222 136.741908609867 613.319904625416 8746.14838510752 8.09021493792534 3479.56996035576 5.22472155094147 124.926362365484 93.4446319937706 2.52877268195152 5.45677316188812 0 0.664186656475067 14901.8065597713 11.2192925214767 10.931251347065 20.9538379311562 1955.48739233613 1.16209921240807 6.82969969511032 11.2959856390953 7814.02050328255 77.9713811576366 22.1730550527573 0 1.29247432947159 2.54089200496674 51.2345551550388 8.95714741945267 66.1119063794613 5.73302406072617 79.0228309333324 9.71044343709946 125.866250038147 3.04472932219505 0 3.39504891633987 0 3.92015135288239 0 34.2839127182961 0 0 0.478056311607361 1.47394931316376 0.586278140544891 61.5568596124649 1.30068027973175 28.420957416296 96.9767908155918 14.5329210162163 107.099173307419 211.296840459108 0.837497174739838 156.527739703655 0 11.3174598813057 13.0432326793671 1.22753745317459 0 0 0.703892409801483 56.5104587376118 3.19416964054108 4.0529625415802 0.605321526527405 154.108603209257 0 2.52987486124039 0.358313322067261 188.295911848545 4.70331925153732 0 0 0 0 4.7669403553009 0.725749790668488
3.7216157913208 2.62684643268585 2.27295219898224 4.67977523803711 0 2735.87301617861 5.59148442745209 1218.82946118712 139.041202545166 25.0120181441307 39.2933419942856 110.543828248978 33.8081139326096 109.189139634371 2685.6191405952 1.36334252357483 2.62848469614983 6.73218923807144 7.00383013486862 11.8452505469322 1.97635939717293 5.40821868181229 0 26.5728281140327 1.22517311573029 15.1869975328445 6.85190546512604 13.7947410643101 379.075076401234 1.53991603851318 0 5057.41106289625 1.24115765094757 2006.51522001624 2.35547721385956 65.6384969353676 10.7976878881454 223.791508734226 24.6763415336609 6730.79841253161 3878.90773534775 8.38504487276077 1.02848517894745 0 0 0.81792950630188 0.933662593364716 0 0 0 0 0 0 0 0 0 0 0.801797747612 0 0 5.20255291461945 0 0 0 0 0 0 0 0 0.892338216304779 0 0 0 0 0 0 1.1280106306076 0 0 0 0 0 0 2.15674829483032
66.7827042043209 2.7728256881237 15.7317460775375 168.482630163431 2735.87301617861 0 707.126484781504 19144.7983814776 422.325066387653 18149.4647815228 135.739120841026 6561.99339088798 90.099692761898 1488.48513287306 1815.28726089001 3.46156865358353 6.20869728922844 6.77924185991287 8.28945401310921 458.158258855343 19.1177050173283 12.8892878890038 46.2646066248417 225.411392360926 6.1822258234024 39.182046443224 21.2542237639427 299.994981229305 784.30091676116 75.9561159014702 2.02578100562096 2923.14617523551 1.02940636873245 770.198966771364 18.1931177377701 277.874143451452 28.4419021606445 376.141689032316 85.0106819272041 4598.47138521075 1783.45839095116 35.1311204135418 4.10481452941895 0 3.96812379360199 1.14140892028809 10.882869720459 0.533051908016205 0 1.09496983885765 0 1.14758563041687 33.8982662558556 0.954048037528992 9.85740649700165 59.4711701869965 14.4810243546963 22.4503791034222 82.9197424650192 0 31.4339664280415 0 6.43818211555481 7.40814530849457 2.00532853603363 0.831910610198975 0 0 18.7283959984779 2.78527498245239 0 4.22727304697037 71.9209509789944 0 1.20053890347481 2.02989554405212 83.5627592206001 4.58970040082932 4.07576823234558 0 0 0.460759907960892 6.05739024281502 1.01136934757233
3647.98915702105 13.538681268692 658.098271310329 278.831803113222 5.59148442745209 707.126484781504 0 3169.70908984542 969.124483138323 10620.8970427811 66.7461889088154 89.833684772253 14.8940303623676 6653.49107652903 35.9538569152355 64.9491963982582 220.592057168484 6.14564526081085 38.208419829607 62.3525584042072 1036.36077490449 77.7463530004025 1946.2035215795 3013.38580429554 8.91027727723122 195.686369091272 373.460909694433 14311.7644353807 1683.91440665722 9306.04301056266 2.84567725658417 8.42720845341682 89.2561068236828 556.458620101213 47.7564738988876 932.822539448738 29.6994009912014 795.015976697206 197.663810878992 190.067364364862 41.7125528156757 4.44078105688095 57.3993262648582 2.88181471824646 30.0562627911568 23.5745013952255 17.7103955149651 3.82656079530716 0 25.7326666712761 1.02765506505966 24.1913682818413 98.2013552486897 0 55.0591131746769 444.953069895506 67.0530581474304 99.5419955849648 306.064052194357 1.02684676647186 42.7693090736866 2.24263691902161 86.4364085793495 7.9446539580822 23.7289273440838 3.95977908372879 0 0.394615560770035 36.7792887687683 37.1924839913845 18.8348307609558 49.619677901268 583.446364581585 0 7.08952185511589 61.0404817461967 647.219867616892 66.9987335801125 28.9962671101093 0 0.852795541286469 6.09397411346436 43.6092807650566 11.9007040560246
781.393332511187 5.534562677145 65.9402721524239 136.741908609867 1218.82946118712 19144.7983814776 3169.70908984542 0 234.962323516607 6712.84782281518 383.502424567938 1252.72114053369 276.7231734097 16452.0593959391 527.002850860357 14.2668634355068 61.0243870019913 18.8237155675888 37.5935823023319 178.792466878891 160.929273188114 21.3119787871838 306.021208375692 481.948021918535 21.4250690340996 112.154853403568 91.3473744988441 733.676356703043 2782.8613884747 818.722815990448 6.57426327466965 1063.2782099545 29.1079679727554 1797.51374796033 30.6290744543076 602.23893725872 60.6951060295105 841.569786459208 169.027759134769 1821.28376966715 1545.53304097056 84.305626899004 22.1946501433849 0.484693795442581 14.0805210471153 8.29584676027298 5.9142442047596 4.39967405796051 2.17367404699326 9.60150846838951 2.38003772497177 5.71518036723137 11.2142817974091 0 14.1411304175854 114.225463122129 21.2880603373051 20.2680146694183 90.1464335918427 0.407550871372223 12.9747230410576 0.846388280391693 28.5119268000126 2.03270500898361 5.63388422131538 2.17457467317581 0.817258417606354 2.25438463687897 11.9159873127937 19.7754921913147 2.37402355670929 12.1572439968586 142.369180500507 0.824034869670868 7.75063073635101 18.2234469950199 176.229745417833 27.4341607391834 15.5040841698647 0 0 0.876435399055481 10.9015605151653 10.5183932781219
185.413005113602 489.867788016796 82.3096806406975 613.319904625416 139.041202545166 422.325066387653 969.124483138323 234.962323516607 0 1548.53477561474 73.5962326824665 2013.85562333465 129.006422817707 318.028306543827 2224.41962894797 114.267336130142 68.3878173828125 14.4742334485054 43.251163482666 412.188846290112 256.549540936947 2804.76839381456 193.151021391153 11073.4905370474 288.719393223524 155.968125551939 618.198150277138 2236.51759967208 497.237691342831 534.476654857397 8.66578736901283 6.31939554214478 99.1354404687881 172.721759319305 29.6238047480583 492.722268879414 45.7836673259735 302.982405871153 85.4778872430325 1529.65642863512 15.2248305082321 23.0624706149101 31.5812547802925 1.70779597759247 28.187108784914 3.81048107147217 41.3071119189262 1.11466658115387 0 12.7899093031883 18.8522263765335 29.9511028528214 99.2308612167835 3.17288732528687 40.4532832801342 178.090358495712 26.3303742110729 208.436920166016 202.862051337957 1.48008739948273 101.212930858135 1.10148477554321 36.9453154206276 29.2848430871964 13.4081049561501 2.67562684416771 0.366598725318909 1.04821228981018 49.3042295575142 22.1771464347839 67.8721628785133 31.8560832738876 484.195425450802 2.1732269525528 8.07658258080482 50.4837009012699 306.602248042822 46.8013109862804 29.5117934048176 0 0 6.64054363965988 15.9875975549221 6.99900943040848
395.137475967407 9.21956008672714 113.176689565182 8746.14838510752 25.0120181441307 18149.4647815228 10620.8970427811 6712.84782281518 1548.53477561474 0 97.29364579916 17271.0533424616 38.4451873898506 2006.09189304709 257.975305378437 12.5324891209602 45.1150189042091 6.72489616274834 20.0966425538063 10639.8031277657 124.006475567818 33.876893132925 305.103022754192 2036.13308575749 7.19209331274033 59.5749535262585 89.335185021162 8487.60861712694 1115.27689096332 454.145505458117 1.64316821098328 24.1452625393867 29.228460162878 523.499528795481 57.7334462702274 908.969431787729 34.8807645738125 832.581269532442 117.045848995447 504.131791561842 97.6563082933426 7.8064649105072 25.340163141489 1.50340813398361 9.30749082565308 5.14528530836105 102.087047249079 1.03308939933777 0 14.4452050626278 5.71529045701027 2.65117806196213 346.823117017746 2.0992603302002 165.038527190685 713.430628180504 83.1868190467358 305.013049602509 1101.00018969178 0.891881585121155 329.340073823929 1.04090654850006 60.1862091720104 50.3444371521473 8.05484479665756 2.31421783566475 0 1.19572865962982 151.398846685886 7.45252120494843 6.6137427687645 14.3091982901096 897.923485338688 1.55947858095169 3.03102388978004 23.5475098192692 1051.14528277516 26.8919669389725 15.29126983881 0.847705185413361 0 1.51155412197113 19.2356516420841 6.09231546521187
83.2844794094563 275.529789090157 205.474197626114 8.09021493792534 39.2933419942856 135.739120841026 66.7461889088154 383.502424567938 73.5962326824665 97.29364579916 0 46.9163447320461 12248.4440223277 916.769590616226 7.56634026765823 7.13342574238777 818.392911791801 6849.79350838065 3822.77403900027 14.3724400699139 67.2436688542366 134.498550355434 239.06328099966 52.0066995918751 3460.03889864683 8698.59266629815 2844.041598171 47.6886134445667 571.03955745697 103.25063881278 1237.7870259583 72.9690740704536 14.0420521497726 9030.43155935407 5.98692575097084 246.233783334494 2075.71169993281 5015.94452354312 114.805843174458 117.407013654709 23.4283049702644 2489.43402785063 13.5916974544525 61.364989221096 44.9370223283768 0.906327068805695 1.87563878297806 0 20.090396463871 0 66.9489868283272 12.2230954766273 0 0 0 4.75359493494034 2.22848588228226 1.70650559663773 0.570928812026978 117.704669177532 1.4128555059433 220.505352020264 0 0 0.912964940071106 14.7060192227364 76.6443842053413 55.0709316134453 0 2.13623529672623 7.20295825600624 6.26203203201294 6.23153725266457 92.0908035635948 242.14526039362 249.407719939947 11.2513940930367 0.678332507610321 4.10643088817596 22.5786544680595 0 0.607186734676361 25.2987473607063 1.03451061248779
16.3846277296543 10.8209487497807 6.35965293645859 3479.56996035576 110.543828248978 6561.99339088798 89.833684772253 1252.72114053369 2013.85562333465 17271.0533424616 46.9163447320461 0 16.5057182312012 526.189164698124 3560.44460475445 0.457915186882019 0.661069810390472 4.35115200281143 1.74140363931656 16939.1415566802 4.96271544694901 24.8417395949364 7.78091797232628 846.772256165743 3.69657164812088 15.3163112699986 18.4852221906185 1090.93905857205 216.739981740713 7.70709049701691 2.65529245138168 13.2194733023643 0.845971643924713 186.68506065011 167.024076223373 133.20877635479 14.6539523601532 160.992282241583 15.7698096036911 1850.88804322481 28.448360145092 2.27575099468231 0.775408506393433 0 4.52201497554779 0 54.068961173296 0 0 0 0.513061881065369 0 49.4246273636818 0 33.2072259783745 21.4941275417805 5.81536522507668 56.3114889264107 124.786276072264 0 159.187970340252 0 4.71528625488281 21.1013248562813 0 0 0 1.10147631168365 105.022615075111 1.39761173725128 1.75382941961288 1.02724301815033 83.8508214056492 0 0 1.65972864627838 98.05258461833 1.45447811484337 1.78435909748077 0 0 0 2.68929386138916 0.733499467372894
14.7694440484047 591.033894240856 45.5238960683346 5.22472155094147 33.8081139326096 90.099692761898 14.8940303623676 276.7231734097 129.006422817707 38.4451873898506 12248.4440223277 16.5057182312012 0 351.307282954454 8.90645837783813 5.98621848225594 40.8282654583454 350.336846888065 106.416022062302 5.92064881324768 7.68332976102829 248.806503146887 37.2959480881691 77.9653844535351 11865.8866604567 1507.56499737501 6273.48860904574 21.3070255815983 194.095238506794 10.7605217993259 1413.623724401 37.0837197005749 3.98411053419113 2347.67318931222 70.5643457770348 824.844832956791 2285.79534858465 2844.8692779541 666.650647938251 128.100942015648 998.671102166176 6856.5914208293 38.0504968166351 90.1019708514214 70.5923981666565 80.0310591161251 1.76100361347198 6.94133204221725 53.0000326633453 1.43538165092468 44.5571927130222 19.1629225611687 0.595577359199524 0 4.23600935935974 0.607445240020752 1.58604860305786 2.80549010634422 0 130.861463665962 1.16107034683228 280.628924071789 3.85912525653839 0 2.08678543567657 8.38485890626907 110.478863537312 32.8530619442463 0 0.948809683322906 7.0026159286499 10.3859601020813 4.49878579378128 121.913028895855 211.354469746351 202.074167400599 0.49675577878952 0 0 26.5542035698891 0 0 57.0707823038101 44.4314728081226
11715.4577054083 27.1911791563034 87.7968625724316 124.926362365484 109.189139634371 1488.48513287306 6653.49107652903 16452.0593959391 318.028306543827 2006.09189304709 916.769590616226 526.189164698124 351.307282954454 0 87.3698241710663 32.8561759293079 139.895183652639 73.7050321400166 104.42308986187 106.777947872877 374.65040063858 46.9135353267193 540.251107156277 606.598447948694 70.3165399134159 329.411364138126 313.412976771593 1139.50836527348 9075.34362950921 2403.98646509647 17.5308544933796 1499.74831154943 121.032781898975 3667.92148312926 47.4989124238491 1122.75014445186 147.118684351444 1716.97177353501 189.633151084185 1031.25699141622 363.464296758175 100.682629227638 26.9826539456844 2.89444866776466 22.793090492487 15.8202574253082 2.45088118314743 2.74607384204865 1.56653416156769 21.0544584095478 7.69411617517471 8.58337551355362 4.52919709682465 0 9.2984234392643 119.344857156277 9.36623826622963 23.8891856968403 21.1713525950909 1.56572729349136 4.47313606739044 6.47288078069687 33.0450215637684 0.796902239322662 23.6693671643734 3.16491854190826 4.43191480636597 8.08343040943146 3.26471382379532 57.5841101408005 8.59725850820541 33.5541797876358 178.635204702616 2.94749462604523 15.7865006923676 29.680731087923 226.25273385644 42.7778411507607 36.899924904108 0 0 4.49082827568054 20.9037064015865 18.3965795636177
2.80183380842209 41.2468681633472 6.98868504166603 93.4446319937706 2685.6191405952 1815.28726089001 35.9538569152355 527.002850860357 2224.41962894797 257.975305378437 7.56634026765823 3560.44460475445 8.90645837783813 87.3698241710663 0 3.26867967844009 5.91056191921234 0.464491009712219 0.91534298658371 122.468658357859 0 108.155978083611 11.7697380781174 603.322414308786 17.7468958497047 20.34560957551 48.8763638138771 125.02232298255 34.5981551110744 3.40033337473869 0 174.799383968115 0 38.4603563547134 52.0485866367817 13.9911168813705 3.04016238451004 40.1755783855915 3.15264439582825 12762.9014423788 104.774907410145 2.16788163781166 0.618101239204407 0 0 0 7.80639255046844 0 0 0 0 1.04884874820709 4.66361230611801 0.767841100692749 3.17500585317612 4.32238584756851 0.91438364982605 1.46359515190125 12.3835871815681 0 9.01270377635956 0 0 3.51459002494812 0 0 0 0 6.06677579879761 0 1.13016465306282 1.17752042412758 8.60533612966537 0 0.541417062282562 1.61363059282303 11.1372824907303 0 0.662600040435791 0 0 0 0 15.0384704768658
28.2737863659859 160.713580131531 81.2282287180424 2.52877268195152 1.36334252357483 3.46156865358353 64.9491963982582 14.2668634355068 114.267336130142 12.5324891209602 7.13342574238777 0.457915186882019 5.98621848225594 32.8561759293079 3.26867967844009 0 72.1410399973392 3.71691191196442 9.04293957352638 1.21473777294159 7916.51471436024 2432.64135980606 13722.0729986727 2881.80447533727 16.3634262681007 53.3245981037617 7950.69451284409 2134.89496591687 108.123666971922 245.7308190763 0.78356546163559 0.559657633304596 43.1697797775269 322.694940775633 62.0234310925007 1495.4703181088 124.731430590153 637.253879219294 332.344969391823 148.682467937469 15.1060975790024 5.42945057153702 157.911877334118 19.7431868910789 130.646148830652 75.2055873274803 5.23281425237656 1.63531839847565 0 16.3039224743843 10.6299352645874 104.261850714684 0 0 0 37.5697808861732 4.88774135708809 27.3768466114998 3.14649197459221 1.3365877866745 0.670519292354584 0 10.1964532136917 0 532.912644088268 20.3087052702904 0 4.27571928501129 0 269.28735396266 418.5018029809 1437.38746061921 168.250659197569 0 14.8793480396271 648.267452180386 120.177168935537 44.2089977264404 85.0655072629452 0 0.591177523136139 4.7683413028717 57.0582194626331 22.8336118161678
101.908361136913 461.377566576004 3994.72837144136 5.45677316188812 2.62848469614983 6.20869728922844 220.592057168484 61.0243870019913 68.3878173828125 45.1150189042091 818.392911791801 0.661069810390472 40.8282654583454 139.895183652639 5.91056191921234 72.1410399973392 0 341.640131264925 6657.81519508362 0 871.51818048954 181.181984364986 10504.9108248949 129.018106460571 55.9452272057533 5241.93966412544 3737.94150358438 161.617235571146 183.034248292446 754.235755413771 9.01393574476242 0.70866996049881 26.8663925230503 2233.58978143334 12.334260225296 371.926122665405 86.7687824964523 1570.93227183819 192.947005003691 50.988740593195 6.41743606328964 4.72927552461624 54.5202257037163 37.3654977083206 53.4529146254063 25.8883565664291 0 0.933437824249268 0 0 87.8843804597855 191.169751405716 3.16894108057022 0 0.938957571983337 13.2303845584393 0.569558620452881 7.20229482650757 0.955699503421783 12.9063101410866 0 4.95568597316742 2.61519879102707 0.651567816734314 15.9869265556335 100.193443834782 8.51020634174347 78.4131638109684 0 8.28804105520248 34.2765874862671 47.2038227021694 11.4243685603142 12.1979089379311 250.959178179502 693.771622419357 5.9845212996006 2.61038643121719 9.0795980989933 1.95975351333618 0 0 19.8395282030106 10.5256328582764
4.30959659814835 58.8909305334091 33.9737010300159 0 6.73218923807144 6.77924185991287 6.14564526081085 18.8237155675888 14.4742334485054 6.72489616274834 6849.79350838065 4.35115200281143 350.336846888065 73.7050321400166 0.464491009712219 3.71691191196442 341.640131264925 0 4811.56029006839 0 6.99564301967621 32.9214714467525 39.2235172986984 5.11309021711349 483.904500126839 3439.80476284027 973.926686376333 3.58681640028954 38.8722664415836 9.33937093615532 123.075343549252 5.78501486778259 2.07155096530914 367.896958708763 1.98819559812546 46.7466323971748 228.308993160725 619.376798897982 45.5320609211922 9.31899252533913 0.664615571498871 17.4292614459991 5.30043548345566 19.462418615818 19.5440161824226 0 0 0 9.12639594078064 0 17.5102713108063 5.44156664609909 0 0 0 1.64268946647644 0 0 0 62.8910804986954 0 79.5650103092194 0.992158770561218 0 0 4.17862105369568 57.8116220831871 26.0872817337513 0 0 2.29857379198074 2.23875683546066 0 58.5623368024826 181.004633039236 131.145207673311 0.816561937332153 0 0 9.3043959736824 0 0 13.4565188288689 0
32.3102274537086 303.81040635705 434.571283578873 0.664186656475067 7.00383013486862 8.28945401310921 38.208419829607 37.5935823023319 43.251163482666 20.0966425538063 3822.77403900027 1.74140363931656 106.416022062302 104.42308986187 0.91534298658371 9.04293957352638 6657.81519508362 4811.56029006839 0 0.527132213115692 95.812165915966 66.0363226234913 593.990267336369 35.4122721254826 382.650199025869 8668.94633898139 2814.93553194404 21.5011764168739 100.126300901175 134.70469686389 32.8851564824581 6.06930810213089 10.8287144303322 1180.66456350684 5.9514482319355 145.632592827082 105.60782545805 707.225410044193 82.6055543422699 20.3894835710526 5.13623598217964 8.36182874441147 28.8580077290535 29.838290989399 72.2738505005836 15.2120646834373 0 1.04360735416412 7.05664557218552 0 118.835613012314 40.2125254273415 0 0 0 5.04940664768219 0.781175017356873 2.21460086107254 0.627336621284485 62.5829925537109 1.14988777041435 28.8609918951988 2.35716193914413 0 6.76199826598167 32.1362408697605 57.8006718754768 192.166053056717 0 3.22124949097633 4.23766383528709 13.6916719973087 2.32513618469238 74.6221237778664 475.557161182165 450.33250772953 2.36303600668907 3.01901656389236 2.59830218553543 5.1648485660553 0 0 37.6308432221413 0
11.5565742850304 1.98498374223709 2.08066019415855 14901.8065597713 11.8452505469322 458.158258855343 62.3525584042072 178.792466878891 412.188846290112 10639.8031277657 14.3724400699139 16939.1415566802 5.92064881324768 106.777947872877 122.468658357859 1.21473777294159 0 0 0.527132213115692 0 3.03428429365158 3.17943453788757 3.98789632320404 1145.85306206346 0 3.61468926072121 4.92109286785126 2106.80061861873 60.1767429113388 6.90116310119629 0 1.52120688557625 0.412255704402924 38.1158159673214 15.0913075208664 45.0231530666351 1.91092717647552 37.0448316037655 6.28620481491089 117.089782953262 6.54562711715698 1.21681529283524 1.55366027355194 0 1.51212275028229 0 20.5135444402695 0 0 0 0 0 31.1921167373657 1.03634762763977 20.6167522668839 35.1850794553757 8.71047532558441 36.754853785038 84.6055482923985 0 119.333854675293 0 2.45440545678139 8.7771942615509 0 0 0 0 51.273261487484 0 0 3.42536735534668 72.7570578455925 0 0 1.88520967960358 80.4990781247616 0.506364405155182 0 0 0 0 1.07986414432526 0.370414137840271
319.341428518295 42.9727854430676 835.884504705667 11.2192925214767 1.97635939717293 19.1177050173283 1036.36077490449 160.929273188114 256.549540936947 124.006475567818 67.2436688542366 4.96271544694901 7.68332976102829 374.65040063858 0 7916.51471436024 871.51818048954 6.99564301967621 95.812165915966 3.03428429365158 0 879.208129405975 24954.263038218 1071.45829156041 16.2349436581135 193.726923048496 1333.42692387104 9804.58176794648 1028.36897072196 18123.9717575312 1.52438166737556 1.25262326002121 310.277940064669 4548.45033350587 223.974878311157 4060.69223487377 126.36526247859 3454.66274869442 1170.56324979663 453.192944556475 48.0970175564289 0.767296195030212 194.054332435131 6.79368168115616 123.8577722013 76.2368585169315 4.22747623920441 6.92071330547333 0.52565336227417 55.2256258428097 8.16426515579224 48.2836331427097 1.90550634264946 0 1.51846104860306 93.6627798080444 11.57263058424 84.3520419597626 10.337069272995 3.38750937581062 1.59117984771729 0 32.9590434730053 2.04948252439499 422.214834481478 23.27000233531 0.582938373088837 3.37919622659683 0.725301861763 569.948886603117 187.896859675646 676.897575467825 438.434097796679 0 15.6390560269356 256.330595612526 409.787158071995 132.239015579224 259.243867665529 0 0 17.2435505986214 87.6592310667038 48.0859065055847
54.3798691034317 2451.45301926136 161.630629807711 10.931251347065 5.40821868181229 12.8892878890038 77.7463530004025 21.3119787871838 2804.76839381456 33.876893132925 134.498550355434 24.8417395949364 248.806503146887 46.9135353267193 108.155978083611 2432.64135980606 181.181984364986 32.9214714467525 66.0363226234913 3.17943453788757 879.208129405975 0 1423.06596615911 5762.20081844926 671.182729482651 220.538040310144 2874.90955561399 558.523666083813 173.614748120308 456.84234508872 11.1191711425781 0 44.1733485162258 261.365717828274 41.0066472887993 958.226648300886 143.450657367706 548.947434008121 213.554940134287 180.583518743515 7.55746507644653 73.0391582846642 35.2554720044136 4.12148630619049 26.2630494832993 10.9784527420998 0 0 0 8.71750235557556 12.3741809725761 27.6217121183872 0 0 2.9176704287529 18.532660484314 0.840193063020706 15.1915242671967 4.14648908376694 1.04041051864624 4.78983020782471 2.53568410873413 5.3494111597538 1.84672039747238 89.2913976311684 8.10747814178467 1.80888506770134 9.79053854942322 0 55.3148710131645 75.6748521924019 149.447010338306 65.065172046423 1.03509771823883 16.1189639568329 167.026084899902 42.5351804792881 9.15424743294716 23.9720829725266 0 0 1.64908915758133 11.789382904768 8.519646525383
343.188017129898 209.066425532103 18809.6000113785 20.9538379311562 0 46.2646066248417 1946.2035215795 306.021208375692 193.151021391153 305.103022754192 239.06328099966 7.78091797232628 37.2959480881691 540.251107156277 11.7697380781174 13722.0729986727 10504.9108248949 39.2235172986984 593.990267336369 3.98789632320404 24954.263038218 1423.06596615911 0 1628.16589957476 24.4023175239563 1825.94013541937 16315.7243521214 5736.63756594062 882.170442730188 6092.20540973544 5.03864717483521 1.92174917459488 243.698938161135 4918.15652403235 485.366223752499 8520.42365318537 554.786018610001 7118.4891473949 2723.98869481683 919.846307605505 43.2221763134003 12.1993592977524 412.197669237852 78.4826010465622 392.640443325043 185.683239907026 16.6771894693375 3.20601892471313 0 13.6853408813477 78.1075173616409 745.893813848495 3.85922586917877 0 2.35104790329933 131.83719176054 10.4193825721741 34.9384860396385 9.81776094436646 7.79667487740517 1.20960283279419 4.31229549646378 28.3275022208691 3.03235644102097 1216.81627139449 138.645151615143 5.70078518986702 33.360777258873 2.17259377241135 333.70533528924 663.405920922756 2813.2615185976 294.454770117998 2.70920610427856 103.06774777174 2655.10595050454 209.0060993433 56.4623579084873 134.080105900764 0 0 12.6162815690041 110.896978795528 135.429409772158
357.305679410696 585.495879620314 307.722004830837 1955.48739233613 26.5728281140327 225.411392360926 3013.38580429554 481.948021918535 11073.4905370474 2036.13308575749 52.0066995918751 846.772256165743 77.9653844535351 606.598447948694 603.322414308786 2881.80447533727 129.018106460571 5.11309021711349 35.4122721254826 1145.85306206346 1071.45829156041 5762.20081844926 1628.16589957476 0 164.691238135099 169.603191375732 2489.88462489843 18046.1608176529 812.115573078394 1044.52196994424 2.66541022062302 1.1654070019722 176.410365700722 439.022234261036 61.9301899373531 1238.55989524722 83.0635841786861 816.577131778002 258.894460141659 646.879300355911 49.6315765082836 12.5711693763733 208.720130264759 10.8323010504246 183.080494701862 98.6323699653149 43.4204973578453 13.8818930983543 0 89.8488139510155 13.3766590058804 54.643230766058 153.784693986177 1.40398681163788 97.9124407470226 860.583781987429 125.531219184399 339.03489035368 571.965250253677 3.500836789608 155.578462600708 2.6960312128067 201.901190400124 29.6382063925266 147.438315629959 14.1863566935062 1.75642696022987 6.23925706744194 85.003680229187 245.993560314178 114.079577326775 322.07740432024 1409.66186052561 0.538455724716187 24.0913438796997 181.392223477364 1554.65199950337 214.827891945839 204.223841786385 0 0 31.9813194274902 120.891907632351 40.65768045187
5.26461309194565 2212.39917692542 23.3555362224579 1.16209921240807 1.22517311573029 6.1822258234024 8.91027727723122 21.4250690340996 288.719393223524 7.19209331274033 3460.03889864683 3.69657164812088 11865.8866604567 70.3165399134159 17.7468958497047 16.3634262681007 55.9452272057533 483.904500126839 382.650199025869 0 16.2349436581135 671.182729482651 24.4023175239563 164.691238135099 0 1623.8833642602 5543.42420068383 11.5113655030727 41.4881599843502 8.86310970783234 200.121088176966 3.19192975759506 0 449.368458867073 0 100.433446228504 1006.42051288486 779.553316354752 85.5845270752907 27.1365458965302 6.14051336050034 2193.32611903548 5.37527114152908 73.2680577635765 66.4621670246124 14.3737798929214 2.30926090478897 1.36502158641815 26.2637477517128 0 94.4322813153267 30.907194018364 0.609291434288025 0 3.02173185348511 1.94079732894897 0 2.64663875102997 1.1085638999939 133.142490267754 0 248.696688294411 1.57390880584717 0 1.40541970729828 11.8752504587173 122.599455147982 80.3501225411892 0 1.01104283332825 21.8166345059872 14.1041581630707 0 126.76070523262 281.433234453201 337.747897028923 1.35094982385635 1.05719661712646 2.90769353508949 16.5255037546158 0 0 37.6973291039467 3.00988981127739
60.269040375948 857.115342020988 10804.5124665499 6.82969969511032 15.1869975328445 39.182046443224 195.686369091272 112.154853403568 155.968125551939 59.5749535262585 8698.59266629815 15.3163112699986 1507.56499737501 329.411364138126 20.34560957551 53.3245981037617 5241.93966412544 3439.80476284027 8668.94633898139 3.61468926072121 193.726923048496 220.538040310144 1825.94013541937 169.603191375732 1623.8833642602 0 21543.3967716694 181.638148456812 234.117554455996 197.90254753828 1562.59825539589 16.5059522688389 14.2680161297321 1955.24142926931 16.1025213003159 737.526050388813 874.397376775742 2656.35102245212 365.756969809532 60.2796678245068 16.0942351222038 33.4497676491737 126.354403734207 169.868003904819 316.441301763058 83.0727507472038 0 1.03484928607941 18.4815016388893 5.54828816652298 443.266769856215 313.197409659624 0.710326969623566 0.331272274255753 1.269455909729 18.2555472254753 3.4581997692585 8.10456925630569 1.85076582431793 295.372266501188 0.33416149020195 348.410095065832 11.7820177078247 1.34241271018982 11.7130919694901 204.169986784458 345.78383782506 788.903020590544 0 12.1753617227077 35.1334194540977 58.5601991713047 14.2663089632988 388.088998526335 2284.36419412494 2407.72642940283 10.8614438772202 3.94757637381554 15.2630586624146 39.0839556157589 0.617576539516449 3.06847012042999 142.012588530779 11.9659314751625
138.626936107874 7445.71760961413 14109.5759814382 11.2959856390953 6.85190546512604 21.2542237639427 373.460909694433 91.3473744988441 618.198150277138 89.335185021162 2844.041598171 18.4852221906185 6273.48860904574 313.412976771593 48.8763638138771 7950.69451284409 3737.94150358438 973.926686376333 2814.93553194404 4.92109286785126 1333.42692387104 2874.90955561399 16315.7243521214 2489.88462489843 5543.42420068383 21543.3967716694 0 1659.37476548553 334.479735404253 451.599814981222 1546.33422613144 16.6756820082664 63.0710693895817 3007.96544206142 240.509353995323 6482.69614049792 1607.83591255546 6886.2487500608 2169.17994731665 521.39514991641 44.942484408617 75.1786896288395 518.935925543308 295.768505811691 766.811530679464 267.831836163998 25.4063774943352 9.99870473146439 14.9583586454391 11.043578594923 704.476948052645 1742.14769646525 0 0 3.0909660756588 83.6204822361469 20.4294310510159 37.484049052 6.32621055841446 238.72924515605 1.78536504507065 213.83456864953 39.5492015779018 7.22061026096344 377.351438462734 550.920280247927 270.802057832479 689.233931392431 2.9061723947525 92.0999789535999 587.269512712955 1312.01765966415 124.575070053339 266.371584951878 2042.50764995813 6589.23319712281 74.0366626083851 13.0837152004242 43.6204083561897 36.4729588031769 0 6.13834643363953 246.919296741486 108.849585056305
623.901512116194 51.0319772064686 800.311038285494 7814.02050328255 13.7947410643101 299.994981229305 14311.7644353807 733.676356703043 2236.51759967208 8487.60861712694 47.6886134445667 1090.93905857205 21.3070255815983 1139.50836527348 125.02232298255 2134.89496591687 161.617235571146 3.58681640028954 21.5011764168739 2106.80061861873 9804.58176794648 558.523666083813 5736.63756594062 18046.1608176529 11.5113655030727 181.638148456812 1659.37476548553 0 1719.44954848289 10145.4086239338 2.90937194228172 7.16690078377724 427.87819224596 1081.2074085772 142.218860298395 2357.38623520732 77.5565945506096 1613.14008527994 506.374271661043 466.902032136917 64.0154089927673 1.94725996255875 199.788260519505 9.45838934183121 164.394398123026 78.7803328633308 79.6010470986366 21.2085635066032 0.70835930109024 119.72370198369 6.05581593513489 61.6115308403969 172.643207281828 0.647359132766724 88.0909668207169 914.790555119514 111.319761186838 284.560527712107 548.074590325356 3.98115056753159 137.436888217926 0.845557391643524 224.993624448776 15.1516715884209 160.090108007193 13.7577212154865 0.502822279930115 2.03403505682945 77.2549777328968 292.879992485046 64.1198072731495 295.050640255213 1594.70426249504 0.683282256126404 4.3195783495903 186.050132602453 1758.24855011702 238.19141921401 256.245471835136 0 2.68938267230988 28.0336086452007 111.132812350988 29.8952170312405
9943.58554458618 29.5567461550236 86.3118069767952 77.9713811576366 379.075076401234 784.30091676116 1683.91440665722 2782.8613884747 497.237691342831 1115.27689096332 571.03955745697 216.739981740713 194.095238506794 9075.34362950921 34.5981551110744 108.123666971922 183.034248292446 38.8722664415836 100.126300901175 60.1767429113388 1028.36897072196 173.614748120308 882.170442730188 812.115573078394 41.4881599843502 234.117554455996 334.479735404253 1719.44954848289 0 7617.94417870045 8.56205976009369 917.75874131918 11925.5541758239 5668.51770633459 98.7011570632458 1874.96352437139 118.864643663168 3112.88331747055 273.136936992407 768.004164606333 867.572859495878 56.8382793068886 56.6146147549152 3.3745721578598 48.4185112714767 22.4697968065739 6.88882726430893 5.21961888670921 0 28.5049985349178 4.18522202968597 15.0159954428673 3.73775926232338 0 5.38846796751022 140.056688189507 24.7337504923344 52.5955252945423 19.1961709558964 0.58828991651535 2.07192525267601 1.51472413539886 38.0200780332088 0 52.4645420908928 5.75893333554268 2.71796429157257 4.01327458024025 0.490904331207275 98.2364635467529 17.969855427742 60.5342897474766 267.163162201643 2.82372891902924 16.0900497436523 37.8438384234905 327.362740784883 66.4596267342567 69.2484761476517 0 1.12665855884552 10.9394914507866 31.2489021420479 12.7375364899635
3332.82270047069 34.5185853242874 384.154309391975 22.1730550527573 1.53991603851318 75.9561159014702 9306.04301056266 818.722815990448 534.476654857397 454.145505458117 103.25063881278 7.70709049701691 10.7605217993259 2403.98646509647 3.40033337473869 245.7308190763 754.235755413771 9.33937093615532 134.70469686389 6.90116310119629 18123.9717575312 456.84234508872 6092.20540973544 1044.52196994424 8.86310970783234 197.90254753828 451.599814981222 10145.4086239338 7617.94417870045 0 5.01074534654617 4.80541217327118 667.556712955236 4192.67822211981 127.383693575859 2083.49290263653 60.2576570510864 2294.78550711274 586.209443628788 286.708880871534 68.4018322527409 3.99661085009575 138.163064241409 10.2530018985271 80.9286597073078 39.0097142159939 9.44486322999001 4.93755066394806 0.573973298072815 48.3692188560963 6.90212202072144 28.9119912087917 3.56008630990982 0 3.76566818356514 161.569324582815 23.6670063734055 63.0472854673862 8.28756278753281 1.56423142552376 2.70619231462479 2.51847809553146 73.1674477756023 1.51391503214836 139.477968037128 5.80304524302483 1.20036450028419 4.24878278374672 0 317.548173397779 62.0287337005138 232.137320667505 428.024583637714 0 10.2435328960419 87.375436604023 515.918224543333 116.735630214214 152.016229391098 0 1.15379202365875 16.0737986266613 60.2768086493015 26.7224979996681
0 30.7300033271313 22.5333914160728 0 0 2.02578100562096 2.84567725658417 6.57426327466965 8.66578736901283 1.64316821098328 1237.7870259583 2.65529245138168 1413.623724401 17.5308544933796 0 0.78356546163559 9.01393574476242 123.075343549252 32.8851564824581 0 1.52438166737556 11.1191711425781 5.03864717483521 2.66541022062302 200.121088176966 1562.59825539589 1546.33422613144 2.90937194228172 8.56205976009369 5.01074534654617 0 0.623843789100647 0 68.9600137472153 0 8.0191907286644 52.2180939614773 127.174289494753 6.1430469751358 2.69793835282326 0 11.7810018956661 0 8.63259416818619 4.21402966976166 0 0 0 3.81373780965805 0 1.73698931932449 2.09733635187149 0 0 0 0 0 1.68593597412109 0 12.5116474032402 0 29.9663998782635 0 0 0.457875847816467 0.784325420856476 18.2773239016533 7.67999967932701 0 0.642863094806671 0 0.723611414432526 0.410469859838486 17.6585023999214 36.7044646441936 27.7426417171955 0 0 0 3.2133002281189 0 0 1.53213286399841 0
10.6807449162006 0 0 1.29247432947159 5057.41106289625 2923.14617523551 8.42720845341682 1063.2782099545 6.31939554214478 24.1452625393867 72.9690740704536 13.2194733023643 37.0837197005749 1499.74831154943 174.799383968115 0.559657633304596 0.70866996049881 5.78501486778259 6.06930810213089 1.52120688557625 1.25262326002121 0 1.92174917459488 1.1654070019722 3.19192975759506 16.5059522688389 16.6756820082664 7.16690078377724 917.75874131918 4.80541217327118 0.623843789100647 0 0 1373.35012504458 4.68450698256493 73.2201333642006 9.19957488775253 223.133804738522 28.2760770320892 530.220102787018 2056.87812799215 15.2129619121552 0 0 1.48507618904114 0 0 0 0 0 0 0 0 0 0.501867771148682 1.77723482251167 0 0 0 0 0 1.78337287902832 0 0 0.459612518548965 0 0 2.66980159282684 0 0 0 1.18672442436218 1.2936016023159 0 0 1.39921480417252 0 0 0 0 0 0 1.33113694190979 0.467838972806931
