0 131.75630305196 113.011168423375 90.7415327588069 77.3687929887435 68.9530558283273 30.1910488681523 49.4072638868733 75.2700573235846 76.8149672062097 100.326025246205 96.6822120127619 97.2004540391129 21.5932084167634 70.6833606908368 90.4839550097319 108.670610493105 114.941964585496 121.373503002458 98.6783004771586 84.0274989145465 84.988582973131 97.3648681761497 81.932317610253 127.302513728645 129.145162766693 129.648066960991 80.6457685703694 20.2011363951021 42.2836872823918 0 87.7051345167988 29.8507896721521 53.6275597358321 113.015275996416 67.9529045487749 84.5960066997991 67.0732383975038 83.0708849589729 60.6973597923509 65.5586596119556 93.7970034503329 159.56968363387 185.22785949707 167.249246471409 147.470077419952 170.368911743164 165.452621459961 0 150.24285003792 0 170.739051399324 227.393087371031 0 191.344314575195 146.849458717119 172.570914814658 101.545885165713 175.97497603107 0 0 0 174.687527630327 0 141.1818625177 244.872772216797 168.075347900391 0 0 140.715704559705 121.484404361552 153.852431816542 128.729916365742 0 176.47623236077 176.983291481816 140.442093864595 162.679081117832 141.009802812103 0 0 162.653409423984 156.464373038476 178.281090538626
131.75630305196 0 48.3735874072077 111.95719909668 142.346237345616 145.972766502016 123.427419832839 151.910481789367 79.313071480738 152.363981525388 63.5202228750478 107.748557273384 53.0364051873382 138.775391620937 105.854598325572 66.9432003808146 59.6804895548053 69.0463469305845 55.4453212217167 116.531224952998 100.14014757199 29.8150479313593 73.7264352553355 83.5653281081883 22.1633031667505 50.019987209059 28.6033833321995 113.404673429748 118.849719691807 109.470948930926 70.7384681428277 0 122.624955713999 61.0715114415712 122.815853571639 82.0829643654198 47.0986324787307 63.4607955588515 67.9917692890085 109.346446389225 88.9471943087114 44.5169285951374 103.600923967726 77.6329363089028 83.1074947087867 98.6910136407331 138.986266097426 0 73.9895744536549 125.493865966797 22.3207596396557 76.1276731501293 172.698760986328 0 0 151.968874099898 169.152700207952 72.9665022323762 160.914435617759 103.38056308123 0 78.2881402151418 174.17617270678 167.207305908203 109.592307470928 82.0077412975918 99.5373025139441 86.1515071780168 156.88557434082 133.347712354443 49.9572633389168 108.612973533413 169.85941482872 43.7985197597654 76.0421193155442 71.0903292632257 159.736586889154 173.07292175293 117.058977840871 92.5839789426482 0 0 98.8325002667466 197.678081286304
113.011168423375 48.3735874072077 0 129.680773280006 124.455051539089 129.859710606411 101.076078475952 127.966012384755 106.797601342407 124.217262971487 85.4150145818342 155.82399929219 95.7254563368981 132.638952618396 134.006156501962 86.9658494629717 39.0257863603196 88.1689254765462 65.3255213750406 115.956996791495 72.8814795762648 65.260451852736 36.2573566951542 99.0501209095159 84.8489484979793 35.0752428880716 30.3892052417686 88.7843039515901 116.908859763669 89.2059762567604 95.6718623340797 0 107.002725144444 62.0903031571206 147.959841795011 76.7647958459577 56.3070649384738 58.6293316109553 66.6985800709891 86.8424152568467 74.1919067931435 111.862170658907 121.553154214404 96.7919187318295 108.649298518441 116.814088258493 120.548153733649 167.423004150391 0 160.272550593918 57.7094676017585 96.9464907146699 0 0 196.361835094194 160.8592893635 191.540343392774 110.166223978151 199.087996437171 130.312127538404 0 131.685916321584 177.10644961497 175.413982009272 109.897250614031 108.993945683028 154.397051738604 127.953695542082 0 134.438498184736 74.485213223037 115.915993910161 158.422500259077 101.540407114913 110.522824281713 93.8044113050987 161.981667176883 164.750819481218 150.98451772104 146.232485474903 0 0 118.827444125682 158.311900489395
90.7415327588069 111.95719909668 129.680773280006 0 124.806702745777 66.0039148641157 49.2441409624772 91.7905966501708 63.3241482612119 22.6411388769707 155.644350303487 38.5497523222792 167.56474220299 106.785930474516 77.4986433256589 107.768047854414 155.67978572591 0 213.513534545898 14.6610370694972 132.009568181182 99.0381652549097 132.510972403464 29.6508344625807 200.700694815144 168.742340068096 139.881537767658 19.2175902364768 116.396285955247 114.50951709087 0 154.666228632405 98.2299892425795 114.712448266867 86.9054219994984 114.805592260652 145.929571840862 107.79903513214 133.674931614258 81.9091314157272 113.820367832859 0 202.648637036998 0 215.535334504715 0 97.6230711606837 0 0 150.504119873047 183.269561767578 215.089660644531 149.509984114994 212.822555541992 144.814995523376 140.965019344603 170.801719039975 83.4738871015389 127.540698292735 238.190963745117 77.8613404430632 0 171.569850320428 123.429050354204 168.881165629725 0 0 226.803512573242 118.810454836173 154.03988926317 166.005859923168 183.890411376953 114.907523761851 0 221.637314469377 158.553176879883 146.721435224499 180.282274174967 0 0 0 0 190.786103750035 240.140914916992
77.3687929887435 142.346237345616 124.455051539089 124.806702745777 0 15.5310263951267 102.354566727074 21.6232541803572 55.9099391990803 114.997037177833 54.6461401567196 56.4284626335868 46.5286211450206 41.1749037859381 19.2432036404374 111.908157348633 80.3621778991662 78.366705480088 81.6102196529873 99.2588791051443 152.146462430849 94.8221579779633 0 79.1582804911134 52.9600868225098 97.2613748326558 134.706801137538 117.022991667414 20.4599370876436 136.918211563904 0 12.5989429638775 77.7595367431641 15.5089256190815 100.257186762797 68.6219354514024 60.0208052999035 35.5164667949209 42.4614862973832 14.0831480674901 9.67932674668661 49.3490674544094 94.7474060058594 0 0 228.713958740234 92.8700485229492 0 0 0 0 0 0 0 0 0 0 80.4097671508789 0 0 116.163394357681 0 0 0 0 0 0 0 0 167.870529174805 0 0 0 0 0 0 147.75471496582 0 0 0 0 0 0 90.6011123657227
68.9530558283273 145.972766502016 129.859710606411 66.0039148641157 15.5310263951267 0 50.2140219243759 23.8179007509995 53.8362009604459 29.0516391783112 89.4570062522193 34.2194048775746 69.5292414983438 50.5478190802352 25.1978792120898 121.685873723088 131.21822099263 109.503154648901 127.630040943592 49.532192319686 116.154313705048 124.518351656648 125.809478724513 73.485760461126 100.88249741975 130.026800357197 141.343194978053 72.0343662784307 51.8388439016582 90.7399162791238 136.694259582561 18.8430570892713 139.466126248265 41.4053229391024 80.9633019049024 81.1899790986302 92.5905844775331 61.1228067523627 53.288194703883 19.1001747353698 20.859477322599 69.3049413619478 190.853552067589 0 126.625255722236 70.7877044677734 89.2050136754973 145.065795898438 0 138.731948900796 0 152.923034667969 146.317464402972 220.422378540039 146.440174141284 139.222014475979 147.471487426912 85.8932637239697 144.573731676668 0 127.016444533092 0 182.595044838503 104.492344137665 179.88017257196 227.405471801758 0 0 148.704250098086 171.554717096511 0 196.265741986753 124.489085915471 0 182.923893206477 207.64183085756 147.076284123402 199.647386974347 186.557727606945 0 0 149.546112060547 175.769388214945 128.827774047852
30.1910488681523 123.427419832839 101.076078475952 49.2441409624772 102.354566727074 50.2140219243759 0 53.6090955904005 56.7756410150535 25.5170917240422 136.901814827763 67.5872063224054 141.824539815136 42.2839150389852 78.1368605993377 101.966487816868 112.904131295124 156.085537222823 137.917021787322 62.9627541825738 77.0297332636119 91.9463763172787 91.5157146205828 52.0153542224405 147.281985164224 134.661983512415 113.285547640623 38.5458683478882 61.4380072917728 27.8713806365141 167.838063792817 128.872079610653 76.6584583620781 84.302793404275 158.875660605558 88.8382014795223 109.207007614743 85.5583997237778 92.0489949743699 87.1222522229406 85.5654929066666 125.671631380464 149.589679462664 196.77694672008 158.362983762219 161.272568213508 120.30746441713 160.381281472662 0 135.791120948329 132.46755522937 163.992929803635 139.562931610375 0 141.266627189281 124.199303924032 144.707739470844 77.1697754290982 133.742603202958 198.021209716797 112.747310560439 222.095758197428 151.392172062034 120.652806437801 147.672111590837 181.781559547969 0 219.929946899414 130.279739001365 144.352251918696 121.997541472959 146.960827128047 109.019308137609 0 189.779881670981 161.889833049031 124.648890148323 161.615971068777 140.921720340146 0 191.854339599609 151.500063115521 158.324996544183 197.973079970702
49.4072638868733 151.910481789367 127.966012384755 91.7905966501708 21.6232541803572 23.8179007509995 53.6090955904005 0 83.3361758321414 39.8634007308025 77.7114423680353 73.6314550904875 62.9890631331742 22.5334211732779 41.7710833116796 121.864569821271 133.890576440974 111.65515952553 112.348182252841 83.9891847617482 107.442176269341 117.966817233102 120.380079613786 87.4432245727159 95.8130142668945 125.273596879257 137.344500123251 87.7152806115594 39.5175645305154 78.2068327814103 119.051028797662 26.2113737304438 84.6478072653068 40.8767949824043 137.954754960413 76.9632969501141 73.9860195953091 56.5569545216436 53.6290454385501 34.3289166972608 23.5380155019935 62.159843973885 172.501255661462 186.567718505859 172.017192778875 159.859201294356 135.968297295385 154.785950335797 135.484744872147 152.399155228331 136.762349466675 188.903878384945 157.767547583632 0 140.740026232255 146.34877572321 160.571813030408 120.838038075655 157.368534396472 240.359191894531 142.307027398739 218.149261474609 181.016238761026 131.486838336124 153.848099912021 225.572501485383 173.082748413086 212.104973448679 145.028817478806 158.35835290847 135.874769697482 175.745724743794 140.22041093429 182.87516784668 176.700403879269 189.380909960161 149.529155051415 174.646894769285 166.951106025692 0 0 159.844192504883 166.858732441834 146.368442318772
75.2700573235846 79.313071480738 106.797601342407 63.3241482612119 55.9099391990803 53.8362009604459 56.7756410150535 83.3361758321414 0 68.1784075455003 138.239975834873 30.4033801372796 130.659997044933 94.3870443434132 23.8617350987907 62.4537949478182 126.788430281969 143.060289330841 128.204313445289 51.3641557141983 68.4237045183372 29.4727396335558 103.85593446749 25.3487720014853 104.509778505656 130.266047003877 105.98309855585 55.1885317084788 85.1096530416348 62.2718370946645 140.65804640345 84.3191556628765 72.4504437364083 92.5669622486955 147.124746743453 84.3966819872454 109.142189519709 92.3928012365335 89.3286924543261 26.7524003882785 91.8160813902359 128.80086351321 101.814665365233 140.189880371094 118.080640842831 119.45136200453 45.7954447199798 96.1464309692383 0 111.147941229703 92.4418556613007 134.83359902533 90.4732675703048 77.8402914217501 91.438187855442 82.0702614936663 109.111335956273 21.9680092650104 91.8964633493414 214.646118164062 58.0930857320137 123.062835693359 104.352822580821 48.3100111324839 93.0061801475276 143.69487684356 148.111801147461 181.503424949246 86.607375614191 85.3817068019223 35.6645585236309 128.438590822168 53.7898338406967 123.200845867585 160.198248398995 115.920980744467 84.3003833789162 98.9401399860395 90.9123087550264 0 0 80.1484644725569 118.313645456116 147.546398363626
76.8149672062097 152.363981525388 124.217262971487 22.6411388769707 114.997037177833 29.0516391783112 25.5170917240422 39.8634007308025 68.1784075455003 0 142.132095003595 24.2294824074701 148.556033364081 82.6834088441207 75.4190565570987 125.178645701501 137.197033985337 156.050940068616 160.39416533944 13.9558383769042 109.120860198336 121.499295908227 117.848740035959 62.1003027531378 166.171634012856 158.51748015209 150.314693710681 35.3899388113022 101.332288674924 75.9140269887988 187.765552111605 129.094176764133 107.549210810922 105.091444214973 149.866787027053 105.811144646152 134.247218747598 98.9338003547714 105.077410526936 80.4140664797262 106.096196773518 141.947272055084 175.923416293333 209.1710209091 173.534843716242 167.975518699767 108.600879595835 194.711334228516 0 148.849114996777 161.270523954812 170.504630306058 152.930259484864 207.887649536133 151.970581421255 140.351547261852 162.542531576669 89.2475559970988 148.425638414179 228.982604980469 105.715248362867 233.945770263672 166.736794799474 116.444594025634 164.848297156232 203.696498895626 0 246.627014160156 143.705397654405 151.551904417238 135.872179326215 180.165529504489 119.03408204248 201.313541731778 226.050712205589 175.728674761821 142.652710941232 175.283027507362 176.659151707702 243.532577514648 0 175.995742797852 175.143587229933 186.568314549398
100.326025246205 63.5202228750478 85.4150145818342 155.644350303487 54.6461401567196 89.4570062522193 136.901814827763 77.7114423680353 138.239975834873 142.132095003595 0 128.627117559461 23.3801180719767 79.9158184986887 131.094300166526 133.697226088367 52.2338431338618 23.1116013453979 22.886983680707 146.065862925731 109.212359487681 100.08921719713 93.1092141987208 148.957275207327 30.7500936321197 31.2488216457609 57.5155555737052 150.867923574538 70.6868747402588 110.675314989576 29.1468676113132 72.8892853687777 104.739892367028 24.5168091485643 123.544846968665 86.4361850921574 24.4697077031238 32.5859686014563 52.7320547411334 74.2609230068755 69.9489230950121 18.9670781459194 154.676098610135 74.0318342260732 117.988894228588 164.720962524414 184.849383687193 0 66.1134592885925 0 71.0573736299906 136.884185853087 0 0 0 217.26930464909 158.812345592658 128.516576261111 173.853042602539 86.6126724949824 216.627838134766 72.0531672674369 0 0 162.536574380699 140.593342842177 102.190097045843 113.00799133405 0 176.175098728809 123.189178255533 148.533816578422 192.19202234462 73.8476729573198 102.144031292225 107.98194812754 212.550937038219 212.925323486328 196.84110205914 104.22810263381 0 233.213363647461 121.108819243466 215.446670532227
96.6822120127619 107.748557273384 155.82399929219 38.5497523222792 56.4284626335868 34.2194048775746 67.5872063224054 73.6314550904875 30.4033801372796 24.2294824074701 128.627117559461 0 124.634172472835 93.8617784247013 20.9729205374927 109.64542388916 171.656875610352 144.340423625121 159.366204120436 14.373483408819 158.283130768052 79.384014455854 136.247291482316 31.185225751998 154.634272345906 165.008644251443 160.20143683901 50.6360334979579 108.259180366848 129.005872280129 154.027487627081 109.194330312602 147.786682128906 102.016797511904 15.3497876307162 109.116519165713 137.993075711432 103.064378691633 92.8979376829751 29.2467405529921 90.0552578207688 122.883962498111 199.76985168457 0 169.619831250741 0 84.0438197622194 0 0 0 121.503517150879 0 130.757687793128 0 116.206797568439 142.249880875683 159.295901898802 70.8599767211149 134.74081046515 0 61.934115365845 0 170.350017343386 94.1426481725185 0 0 0 223.976745605469 54.7073476633404 196.131320026951 136.935547847711 179.387013178161 101.748982044285 0 0 126.707534909703 127.125385469801 146.726426326794 225.992492675781 0 0 0 155.60073211637 115.350639343262
97.2004540391129 53.0364051873382 95.7254563368981 167.56474220299 46.5286211450206 69.5292414983438 141.824539815136 62.9890631331742 130.659997044933 148.556033364081 23.3801180719767 124.634172472835 0 78.1283848915351 142.383740369201 135.135299753865 96.3239240273448 51.2410972266857 69.2003502222685 142.994096020726 141.815051944833 93.5108846402616 139.323293481689 141.820932244378 21.3325957581842 34.6810726213064 32.3536196564043 159.617272052449 68.8275926979408 143.065193070483 14.9458653732871 64.047069263227 107.865436792684 24.8533990711303 86.7359734057793 30.2028889931681 21.4511510603234 28.2517131032323 21.6484110149033 50.6827675549289 15.4675634494009 11.5820155797193 53.5034443559982 54.8490997751438 75.645671864144 31.097089708751 103.779378690086 60.6472485346557 47.6072001392729 226.273223876953 75.3573117879012 120.933488662091 206.336532592773 0 96.6698083159283 97.4092330932617 79.4131927490234 187.926666942108 0 84.5882713370291 178.023315429688 73.5819785879967 125.10895173447 0 143.779432297854 144.15760420004 95.2620859723378 116.255374020304 0 156.856628417969 92.1001255039985 155.495827869226 175.988960552689 61.3357193434441 93.7125751702906 103.272852028042 220.309371948242 0 0 98.6206445862311 0 0 47.1441617614326 98.6930111978683
21.5932084167634 138.775391620937 132.638952618396 106.785930474516 41.1749037859381 50.5478190802352 42.2839150389852 22.5334211732779 94.3870443434132 82.6834088441207 79.9158184986887 93.8617784247013 78.1283848915351 0 61.5071123684515 118.431995964004 123.591492362666 109.250110569545 108.802539718527 103.244799015944 105.030456326266 107.165860800642 116.001926764777 98.25297441482 97.867268094712 115.648666814537 131.844393643451 96.5498198480953 35.9782164746496 71.5834247521642 119.226060738963 15.284084698996 53.725605604977 46.6396757779818 135.180887840801 75.9737923658846 73.7727096153002 57.7810636550387 66.7883912605998 43.5921815780011 43.7588234272264 70.609089587874 171.503908335996 192.92045293806 175.15357756443 159.543133623279 148.499175318479 189.790467637693 132.67561340332 165.432203053053 170.179305276081 188.329651938556 179.404400797041 0 187.435787992285 158.902867074581 183.699429613291 110.32090347482 170.036958648372 190.361671341936 152.017844553279 143.647110414897 183.967704372334 171.083236694336 161.082635459768 190.599296423342 162.763333104653 184.047496417814 213.450654012338 159.95437391917 140.098293897343 174.19951033622 146.754325034536 131.892241262873 182.141465712732 180.977305381542 156.837041604185 177.784969221757 160.672600441924 0 0 158.963641391777 183.488524893649 176.719510924277
70.6833606908368 105.854598325572 134.006156501962 77.4986433256589 19.2432036404374 25.1978792120898 78.1368605993377 41.7710833116796 23.8617350987907 75.4190565570987 131.094300166526 20.9729205374927 142.383740369201 61.5071123684515 0 103.009093025427 148.123576658785 176.175659179688 104.288551330566 56.4153808598794 0 72.7951360785172 128.940206281974 45.2110092409285 136.271858640372 158.900216572984 132.299510856966 79.5832123248667 70.9252680056792 102.058080493755 0 41.556678987812 0 70.5089920410734 48.4366190651855 119.309852916956 120.938067289195 103.379486724118 153.988105751961 11.6845857078085 25.5142050446325 145.699822982939 168.076232910156 0 0 0 71.6539092526047 0 0 0 0 185.891464233398 128.549178098764 98.9167175292969 110.580727202307 129.342683193808 153.076126098633 49.3105430603027 119.015442510028 0 79.4403802248714 0 0 88.556798135225 0 0 0 0 99.0853950265377 0 90.369195804998 164.965638523594 103.258379355534 0 193.369979858398 163.119848510632 127.730851907517 0 121.66796875 0 0 0 0 78.6423704737696
90.4839550097319 66.9432003808146 86.9658494629717 107.768047854414 111.908157348633 121.685873723088 101.966487816868 121.864569821271 62.4537949478182 125.178645701501 133.697226088367 109.64542388916 135.135299753865 118.431995964004 103.009093025427 0 105.439642951462 147.89563559125 111.761551715 108.389944800217 19.2647689881929 34.3372803624231 22.0486234353198 42.327810079476 109.919101991124 108.276195690223 28.6847734601309 39.2315767971394 94.9436718036505 76.0836312761854 119.079544067383 161.070358276367 81.6887039317067 73.1515558742583 150.236375332308 76.5369906297987 60.0128029894694 76.3657564538732 77.1641188626079 86.7229231827871 90.2183217940925 124.213882199495 108.777298280608 89.8708011953716 111.639476888038 114.872737181665 132.95785098427 117.066352844238 0 119.784312687877 100.462572274914 101.490739272517 0 0 0 140.278680254794 168.688957633827 87.0429487898246 169.744996445488 152.521164047112 153.683792114258 0 156.155770435031 0 95.9010831343394 139.526198482799 0 170.825503087548 0 110.275233034664 52.3095518946413 104.782177170099 107.964521302884 0 148.482778194331 88.8413445956768 120.042448483782 133.078529282063 116.775964364626 0 187.526596069336 106.464855126679 115.157385666517 169.529561163518
108.670610493105 59.6804895548053 39.0257863603196 155.67978572591 80.3621778991662 131.21822099263 112.904131295124 133.890576440974 126.788430281969 137.197033985337 52.2338431338618 171.656875610352 96.3239240273448 123.591492362666 148.123576658785 105.439642951462 0 51.7406033765249 23.4200609982113 0 64.2733697435389 82.2077501644261 28.091433329526 129.684417395025 67.0747794355382 40.0771868168472 69.162007635498 116.884366576864 109.1400447166 79.4640644270206 98.5578601230031 90.0579452514648 95.9757064113786 32.3001004821529 151.329026474373 81.5966712260642 62.7710015351757 47.2150494442861 70.0507667419672 96.1133860934685 109.971131795646 97.3016411879618 147.636767786344 114.51900494786 129.468674741433 133.505590974225 0 184.61474609375 0 0 71.8839216295946 115.011383618099 199.003910392148 0 232.446090698242 188.837770504172 237.104415893555 153.22830805746 202.506820678711 144.151300558199 0 136.003573515562 200.519025457927 175.482803344727 142.112388441703 125.070437312183 143.135559582036 128.655943157945 0 172.569996537897 104.004381495296 144.146635199772 167.177592040948 102.462419163188 115.532689814835 113.448135658471 174.743557037879 190.916557638423 169.3779468187 152.946730867287 0 0 125.661085073007 165.827645816175
114.941964585496 69.0463469305845 88.1689254765462 0 78.366705480088 109.503154648901 156.085537222823 111.65515952553 143.060289330841 156.050940068616 23.1116013453979 144.340423625121 51.2410972266857 109.250110569545 176.175659179688 147.89563559125 51.7406033765249 0 15.9876679230185 0 118.005071841628 115.583468586176 94.9208689488007 167.074962330814 47.8097787749562 31.309917595353 64.5099735067454 174.197722465601 103.15192615477 131.620468490716 54.649783144284 84.255337614163 128.519663471042 53.8332135678967 128.169516807134 94.4740871232813 40.1864484166798 50.0063381936225 65.355217881402 125.347910834806 111.308212280273 53.86390195815 165.331313415458 111.12992483431 116.165983051107 0 0 0 79.8707804912351 0 91.8645531693125 140.759924433411 0 0 0 217.152816772461 0 0 0 104.496588117374 0 89.8180653224462 199.198394775391 0 0 175.155226669858 112.317296187352 122.925394232378 0 0 156.218785666094 170.429168103072 0 80.4441034856813 108.426877018257 111.394073763577 242.097793579102 0 0 108.369501901352 0 0 112.110942233265 0
121.373503002458 55.4453212217167 65.3255213750406 213.513534545898 81.6102196529873 127.630040943592 137.917021787322 112.348182252841 128.204313445289 160.39416533944 22.886983680707 159.366204120436 69.2003502222685 108.802539718527 104.288551330566 111.761551715 23.4200609982113 15.9876679230185 0 178.368103027344 92.8791668589604 94.3591812229346 62.8323566875941 143.04874092043 46.9698581221567 31.314003270361 62.2002237731696 138.569394626089 108.741983063658 104.86818602294 74.6458914569648 82.326079015319 113.389869679244 42.0685824239266 162.936813559013 90.2844832562998 42.2007159748859 51.4342587582412 67.4441019777756 101.722435226365 96.1752714001712 66.7572052435272 142.526693775904 111.621965990714 116.678365564546 133.213341674753 0 145.467315673828 105.765896767824 0 67.9494661645306 124.928818003155 0 0 0 192.184156176466 208.668975830078 171.044629774365 224.982818603516 113.268878107216 190.226881435634 97.5278143368784 164.402971095514 0 163.457819258214 129.709549090976 115.12324039763 112.064975647668 0 148.753418611267 127.693476934184 151.49871819484 183.888968464442 77.9243133975584 101.656258255881 102.011502350273 206.732020569352 136.484409298882 189.417284711614 136.17185551303 0 0 120.570907779013 0
98.6783004771586 116.531224952998 115.956996791495 14.6610370694972 99.2588791051443 49.532192319686 62.9627541825738 83.9891847617482 51.3641557141983 13.9558383769042 146.065862925731 14.373483408819 142.994096020726 103.244799015944 56.4153808598794 108.389944800217 0 0 178.368103027344 0 119.792789517656 87.7077489759244 116.531076606771 19.9436378165294 0 174.121321576613 161.825930584546 29.8287604240508 111.019348430315 97.2349075836113 0 111.589546316607 109.133316040039 111.318336552459 65.996631373384 113.120958148119 136.409510129273 105.985696933971 103.390394118904 59.1554581754421 108.651611895301 139.620843681165 161.597091674805 0 152.543838500977 0 91.5521828762333 0 0 0 0 0 144.876503182065 144.509506225586 136.53262713355 138.734165165258 157.145696256722 75.9552758185651 144.250992776912 0 55.9483787091103 0 152.736522499002 109.730872584699 0 0 0 0 50.4617183432488 0 0 185.521734856869 110.796583641371 0 0 190.307776787168 147.85031406282 192.692199707031 0 0 0 0 172.146089016641 209.61311340332
84.0274989145465 100.14014757199 72.8814795762648 132.009568181182 152.146462430849 116.154313705048 77.0297332636119 107.442176269341 68.4237045183372 109.120860198336 109.212359487681 158.283130768052 141.815051944833 105.030456326266 0 19.2647689881929 64.2733697435389 118.005071841628 92.8791668589604 119.792789517656 0 59.1755717887736 38.2020811864935 41.8887221490944 121.332216297132 109.426935587856 74.9756630669345 29.1022283037935 84.966638293924 29.5548860096378 144.931493942344 158.459961681001 76.8923595526813 44.2997106264769 143.292242487805 75.1052861471453 71.6607085889949 67.1863495041657 74.303428407176 84.8965160633798 91.5087020766884 155.892501831055 132.157855654096 160.444843526475 138.173318034914 134.429513847105 129.592089232304 162.217979200038 164.318115234375 132.379081792656 94.4332859258301 137.149705470181 182.958999049556 0 216.757267358561 135.286169105625 160.748535894325 83.9688590627924 180.737460456234 202.60470079066 159.44319152832 0 158.823774682944 156.013218564426 116.375266106848 162.147857636249 194.125473022461 179.889417033729 151.408889770508 122.50893055613 76.8187925477513 125.292181552007 117.956883677465 0 172.861842114136 132.758548792571 127.801163888172 141.390513007076 126.4653249394 0 0 125.881354559671 127.988620494901 174.728074783078
84.988582973131 29.8150479313593 65.260451852736 99.0381652549097 94.8221579779633 124.518351656648 91.9463763172787 117.966817233102 29.4727396335558 121.499295908227 100.08921719713 79.384014455854 93.5108846402616 107.165860800642 72.7951360785172 34.3372803624231 82.2077501644261 115.583468586176 94.3591812229346 87.7077489759244 59.1755717887736 0 59.1909934324221 36.5072980111752 65.7612636437138 88.7786748364022 46.6124492009149 62.8407798126182 85.6671287078269 64.8124561610279 119.074663108892 0 73.5991626784359 70.2641201816164 138.419063699888 67.7299528019176 62.0018693399783 70.6621526323853 68.7734903316736 75.3029078598579 87.8661945553511 87.2065070599946 106.880050122485 72.66321738515 108.705135314406 113.854352234916 0 0 0 90.9906977748403 73.7889394202019 101.639657428495 0 0 149.49937890036 115.436266578654 138.800882538003 66.4285142153632 128.619964048301 169.15087890625 122.474930075974 145.647863813913 143.664694607174 88.8188531254742 68.9248713178877 114.111516865053 157.257827913013 143.549461438513 0 75.6343937511604 33.4750965726322 86.8379873211614 85.1275387482911 180.234298706055 111.84474131292 86.8379814539045 95.9848711138039 124.922952920673 88.8253288414181 0 0 94.1931275573151 125.831563120064 153.253896265106
97.3648681761497 73.7264352553355 36.2573566951542 132.510972403464 0 125.809478724513 91.5157146205828 120.380079613786 103.85593446749 117.848740035959 93.1092141987208 136.247291482316 139.323293481689 116.001926764777 128.940206281974 22.0486234353198 28.091433329526 94.9208689488007 62.8323566875941 116.531076606771 38.2020811864935 59.1909934324221 0 76.3176447822994 108.834336895696 72.101294796974 47.4266825767519 63.1029427057807 96.726745428419 60.1687058103931 122.36985761512 159.713608942405 83.7626701353639 48.1570803806917 144.554480338526 74.5333990946183 60.1644688674224 62.5477106983897 72.7692556863644 84.0185007901242 86.1802896556054 112.976422791749 128.333943629452 109.34468648636 122.509124310177 128.528166759499 143.191754543713 148.420572949176 0 148.287411974298 84.8810738642793 111.79987199296 184.529225936398 0 214.523660144937 159.42905374127 186.537314063316 122.591803642101 192.01472022476 164.507532300232 180.641729878578 161.794014856667 180.518778549438 167.462822323988 105.342451052872 130.905047981094 178.474806959589 154.822080163252 180.635650743555 126.758104698135 71.216152473666 117.179446867524 127.35089261477 140.741711115441 139.414382675475 108.315067983059 146.946782969859 152.51252923404 131.463284034558 0 0 123.45904856382 128.450256958829 161.357368047684
81.932317610253 83.5653281081883 99.0501209095159 29.6508344625807 79.1582804911134 73.485760461126 52.0153542224405 87.4432245727159 25.3487720014853 62.1003027531378 148.957275207327 31.185225751998 141.820932244378 98.25297441482 45.2110092409285 42.327810079476 129.684417395025 167.074962330814 143.04874092043 19.9436378165294 41.8887221490944 36.5072980111752 76.3176447822994 0 113.417757191632 133.750025967241 82.0097560138406 22.1525933232425 92.1344418138734 71.382857746355 166.136086991584 152.046708568113 81.1816187995976 88.2195743199477 154.492305245136 89.0825396628723 112.683249309953 94.6475068191418 99.5126558201911 51.5701345792635 102.127747101752 137.201106434714 131.648765822791 161.787947264112 135.94645200623 134.220951223984 90.241911256653 151.321243619511 0 119.321603062275 112.057301181028 148.053385872941 121.789609950976 114.212409973145 127.729026076211 112.782420825844 135.755850586618 59.6613048350835 120.891812189738 202.78730675643 93.8573843757649 163.846751602142 139.219473808924 92.2936167966172 110.141098545277 172.964951448741 210.925300573506 197.684848992125 109.972071761045 118.047369152877 76.1963193116468 127.803547854413 96.8346263390417 160.526596069336 185.693234456856 138.226388117896 110.110351414607 135.85576345562 121.829986839485 0 0 124.625643822508 138.296039248464 185.657697506393
127.302513728645 22.1633031667505 84.8489484979793 200.700694815144 52.9600868225098 100.88249741975 147.281985164224 95.8130142668945 104.509778505656 166.171634012856 30.7500936321197 154.634272345906 21.3325957581842 97.867268094712 136.271858640372 109.919101991124 67.0747794355382 47.8097787749562 46.9698581221567 0 121.332216297132 65.7612636437138 108.834336895696 113.417757191632 0 42.6139135927785 32.0254999330399 142.092425088176 100.493795391985 141.224620922622 46.2935055316073 98.1961875322275 0 48.6424984462431 0 81.3830602781095 21.9116578569223 46.8825795966759 54.7281939356592 106.917606695218 43.4471889635059 17.7518236642643 99.1422406952406 41.4244315507033 85.3351610221269 78.981426802169 164.644526048309 30.3162708282471 37.7681013894323 0 38.9573769229746 105.420211917447 186.964569091797 0 103.085672075126 174.714812476663 0 110.214482683446 161.411651611328 66.8544188284125 0 48.1280644334353 109.3291015625 0 94.9114303588867 104.43272122442 77.2525612054951 81.5074904097156 0 148.469441744797 86.2610975867497 129.292259288621 0 38.8425540250034 72.2781252765563 80.9093448656983 202.770491685957 106.358726501465 144.279596290202 77.8683795130866 0 0 71.0145596934753 124.612856058434
129.145162766693 50.019987209059 35.0752428880716 168.742340068096 97.2613748326558 130.026800357197 134.661983512415 125.273596879257 130.266047003877 158.51748015209 31.2488216457609 165.008644251443 34.6810726213064 115.648666814537 158.900216572984 108.276195690223 40.0771868168472 31.309917595353 31.314003270361 174.121321576613 109.426935587856 88.7786748364022 72.101294796974 133.750025967241 42.6139135927785 0 34.3311626752651 128.113359434063 111.473870339778 115.962040819671 23.3408013779673 107.074182211929 124.182112672452 57.9754885622543 157.3485381757 89.4554370968187 47.2963002175212 58.6905532241575 69.5362356433237 113.912576141913 99.8044814262985 62.8929220300591 135.074367757719 100.192343329837 110.537813068487 121.789501741982 0 236.803771972656 76.5870796199726 182.84033897532 66.2125607140762 109.292540383819 208.522674560547 222.896926879883 170.48681640625 186.502164869315 178.791285051103 173.556959582905 225.234576906947 105.007838059671 181.118682861328 87.9101236617623 189.554579173676 189.072769165039 153.138391229438 116.972564314136 106.978821531672 108.475522500399 0 169.015178925801 118.56204150877 153.227672336263 196.607699827193 74.7468820963499 99.381147011508 99.8530453921181 212.763454085449 183.207873985809 173.379190759871 108.139738200941 232.278045654297 170.685230708918 114.145113735421 175.320252462467
129.648066960991 28.6033833321995 30.3892052417686 139.881537767658 134.706801137538 141.343194978053 113.285547640623 137.344500123251 105.98309855585 150.314693710681 57.5155555737052 160.20143683901 32.3536196564043 131.844393643451 132.299510856966 28.6847734601309 69.162007635498 64.5099735067454 62.2002237731696 161.825930584546 74.9756630669345 46.6124492009149 47.4266825767519 82.0097560138406 32.0254999330399 34.3311626752651 0 80.2451890042005 120.369634088401 109.694046889307 27.672392952157 122.591086432458 100.644751773488 68.0464001817283 148.99160134403 80.3847122079134 59.1864118449257 66.6810531921348 73.7487084780763 89.9625384762578 94.2429046212666 80.7562544565722 121.389272254824 97.1418677814382 108.144357300098 118.260360289801 129.49038478793 138.436133909215 82.553749604937 157.796094038657 59.3844751497858 97.0281070709706 0 0 210.714294541119 163.489966715778 185.943531376371 141.30470966411 189.198404918416 111.605820654606 196.222016125331 98.5976703632897 180.741202668592 164.920991369601 101.140386217474 111.551988699323 113.491539714018 113.330462311442 176.901988111167 134.570658589493 61.6480332936653 111.140679743715 142.028042386648 79.0865951794529 101.613928224296 93.52599772317 151.827902029716 182.372306910004 144.461492906864 114.263616507157 0 131.494829022315 117.592249693648 164.268510101776
80.6457685703694 113.404673429748 88.7843039515901 19.2175902364768 117.022991667414 72.0343662784307 38.5458683478882 87.7152806115594 55.1885317084788 35.3899388113022 150.867923574538 50.6360334979579 159.617272052449 96.5498198480953 79.5832123248667 39.2315767971394 116.884366576864 174.197722465601 138.569394626089 29.8287604240508 29.1022283037935 62.8407798126182 63.1029427057807 22.1525933232425 142.092425088176 128.113359434063 80.2451890042005 0 89.3870467012079 44.4074555455681 166.074482639041 140.89308327336 78.3532515959644 78.5042442139433 150.690512973372 86.3184288111361 92.6408367404051 86.6217947130555 88.6598125087675 86.9644173659704 103.636859343235 136.379034186816 139.91479612962 166.908551005834 143.135056222795 149.253627309536 119.698350532901 156.344267554666 187.914443969727 130.852273856463 150.262485350498 153.147424233348 146.16730226364 171.376937866211 147.775815703108 122.976189995319 149.42482150299 78.9841712339432 140.194572128542 214.204790164392 120.106080366586 221.018737792969 148.651935047519 122.293453607157 121.258232062467 177.997385683095 229.70085144043 210.101641579629 133.087852829056 123.930266417778 108.60034171437 138.301634546455 110.476595779121 181.711608886719 189.861124559626 143.117467977021 123.934253333776 144.658384386542 126.729659861787 0 199.064374676336 131.915706784582 147.084460136362 181.891645647934
20.2011363951021 118.849719691807 116.908859763669 116.396285955247 20.4599370876436 51.8388439016582 61.4380072917728 39.5175645305154 85.1096530416348 101.332288674924 70.6868747402588 108.259180366848 68.8275926979408 35.9782164746496 70.9252680056792 94.9436718036505 109.1400447166 103.15192615477 108.741983063658 111.019348430315 84.966638293924 85.6671287078269 96.726745428419 92.1344418138734 100.493795391985 111.473870339778 120.369634088401 89.3870467012079 0 36.1141710361443 121.531932906587 18.926057812976 19.3771154700161 34.384446838733 116.800388092127 62.4616972664682 68.9698359846017 44.3836690540565 57.0461039535927 46.6272550010437 27.7550892764257 64.3059686018731 147.095671197347 132.387251656402 170.231376500485 145.464231114044 168.891854792365 148.253322563498 0 155.436477206923 126.362205523351 169.828729004745 177.524548888454 0 179.196078934335 154.173047829877 176.776657496644 96.0916917172546 178.37632053404 159.469818115234 172.685688939918 191.542572021484 181.125701963713 0 145.628487263853 205.582906908428 157.235489195996 187.925131201204 168.974411010742 142.804052189768 116.983085008446 154.540611882012 138.585262381507 120.822711185628 181.769938803226 167.171770293729 146.650615942616 169.820770231932 152.084613902469 0 213.107116699219 145.013939172067 172.886252924944 142.87699134296
42.2836872823918 109.470948930926 89.2059762567604 114.50951709087 136.918211563904 90.7399162791238 27.8713806365141 78.2068327814103 62.2718370946645 75.9140269887988 110.675314989576 129.005872280129 143.065193070483 71.5834247521642 102.058080493755 76.0836312761854 79.4640644270206 131.620468490716 104.86818602294 97.2349075836113 29.5548860096378 64.8124561610279 60.1687058103931 71.382857746355 141.224620922622 115.962040819671 109.694046889307 44.4074555455681 36.1141710361443 0 153.150930040207 132.174270467051 55.2145448263893 38.2261232869527 137.228054926003 70.9456556513927 81.6598976986966 64.4998286164171 70.4276009177101 78.7039615705251 84.3189600722505 118.49517807546 136.468515028836 146.221563789918 141.458388611327 141.60914647911 149.968813139117 145.711446802438 140.283096313477 132.941726303866 119.345890701159 157.185045481201 190.212017502291 0 155.060946042028 131.467502612879 160.392054511758 72.2334218780124 152.858454702478 221.159770805176 161.113863274632 196.507212973872 155.859122174478 109.660697587284 119.066523320522 163.913057252257 204.666601464635 188.15661080608 0 123.871823313753 86.0510902220743 130.819241597562 117.091922660282 0 191.391175064199 148.104853645111 125.4840307259 146.187169213279 130.272747122543 0 183.438705444336 132.51162087073 137.703827457162 176.218430307433
0 70.7384681428277 95.6718623340797 0 0 136.694259582561 167.838063792817 119.051028797662 140.65804640345 187.765552111605 29.1468676113132 154.027487627081 14.9458653732871 119.226060738963 0 119.079544067383 98.5578601230031 54.649783144284 74.6458914569648 0 144.931493942344 119.074663108892 122.36985761512 166.136086991584 46.2935055316073 23.3408013779673 27.672392952157 166.074482639041 121.531932906587 153.150930040207 0 98.8767013549805 0 72.1636077865394 0 132.62448194383 53.3028638431496 65.3935219255353 88.8001472727178 123.481537333642 0 58.6736549751457 0 91.8104751989371 124.153071238683 0 0 0 88.8921131644589 0 59.73013912519 156.323476521643 0 0 0 0 0 193.417922973633 0 105.867299548434 0 99.8545952053607 0 0 225.710800170898 148.779174804688 108.170105437744 130.743706346816 0 151.486099243164 0 167.941055297852 204.927307128906 85.170313400047 109.888144713019 120.330377062126 0 0 0 115.374416155603 0 0 115.946493733631 0
87.7051345167988 0 0 154.666228632405 12.5989429638775 18.8430570892713 128.872079610653 26.2113737304438 84.3191556628765 129.094176764133 72.8892853687777 109.194330312602 64.047069263227 15.284084698996 41.556678987812 161.070358276367 90.0579452514648 84.255337614163 82.326079015319 111.589546316607 158.459961681001 0 159.713608942405 152.046708568113 98.1961875322275 107.074182211929 122.591086432458 140.89308327336 18.926057812976 132.174270467051 98.8767013549805 0 0 25.9950514913514 121.970048310585 79.3425201934472 72.4232598537526 44.5564257758304 49.7445938995385 33.9841709865206 18.6339903940277 59.1607478916502 0 0 182.760833740234 0 0 0 0 0 0 0 0 0 220.506362915039 195.155079015103 0 0 0 0 0 133.283456293381 0 0 210.182388305664 0 0 160.806811001153 0 0 0 213.928741455078 195.982157457003 0 0 155.334288431715 0 0 0 0 0 0 69.5737457275391 145.220443725586
