0 7.21086916327477 241.703209251165 39.3171016871929 0.429003864526749 282.464273169637 6660.16450302303 1738.50060158968 157.506366297603 685.460610747337 5.95413637161255 49.0842123925686 1.48866572976112 13598.017618835 10.5826794803143 28.1763979196548 169.592973232269 0.517801821231842 18.9179339706898 46.543573319912 335.255922138691 76.5214407444 616.297385603189 298.190624445677 0 68.7257288396358 70.6099137961864 404.088772505522 20517.7208261341 4119.80465692282 0.406845301389694 10.2596688121557 409.59567463398 340.336001634598 20.853262513876 230.271390855312 18.5817320048809 245.458144962788 55.0908301174641 40.2260719835758 22.0574988424778 0 21.2227891087532 4.72667807340622 16.7931626439095 3.58258119225502 0.317431390285492 1.42643082141876 0 3.54557555913925 0 3.00268286466599 0 0 2.90225321054459 26.7709146142006 8.9340685904026 21.1323364377022 6.78105470538139 0.738875508308411 1.62880229949951 0 12.8740123659372 0 7.78404203057289 0.823978185653687 0 0 3.18487632274628 7.76257139444351 4.39444708824158 8.75208896398544 75.7712599337101 0 2.36250376701355 7.98733872175217 61.1897706389427 9.29708337783813 19.0170919895172 0 0 1.07108420133591 13.7070533037186 1.77713498473167
7.21086916327477 0 1015.67523252964 0.810074925422668 2.50543406605721 1.623764783144 19.8335921466351 9.73414120078087 498.275396466255 3.36542716622353 249.447985976934 1.79337745904922 305.449143320322 14.9093019962311 12.553569406271 86.1958070397377 715.684013307095 73.8262184858322 307.31773224473 0 49.7450464367867 2562.14236193895 361.103255987167 245.774271249771 3533.62277662754 2275.26038593054 8801.89346081018 25.3362566828728 14.0952278077602 47.8946569859982 26.6860008239746 1.73438239097595 6.28494310379028 322.411474645138 10.690090239048 478.815200835466 624.260132521391 781.197685003281 184.886694610119 32.4713140726089 3.79304629564285 72.0437705516815 38.4209348261356 44.0227475762367 59.3339473009109 28.3759698867798 0 0 2.85896182060242 0 201.694503724575 189.254133224487 1.7205111682415 0 2.50679376721382 5.31195712089539 0 5.65646415948868 3.62446981668472 16.7417598366737 0 37.0134300589561 1.01832324266434 0 5.25352990627289 69.8849169015884 14.1084908545017 92.2735175490379 1.03169775009155 4.34498155117035 31.2347002625465 36.1640638113022 5.51142799854279 51.1582542061806 480.918677270412 746.847848802805 3.83152839541435 2.43656262755394 3.51721251010895 8.18904185295105 0 0 45.4027690589428 4.76369875669479
241.703209251165 1015.67523252964 0 27.7313814461231 0.546453237533569 84.9017373621464 1212.19974035025 268.925125941634 137.272731542587 105.440918475389 165.965039968491 4.10428604483604 23.0916484892368 354.008826985955 6.43721976876259 341.101758360863 4381.64728584886 58.7095242738724 463.990690410137 6.55272150039673 1397.36323010921 713.077205240726 12656.441477567 443.486451119184 22.6642801165581 13574.7859345675 6039.1048155427 816.946196675301 270.920846298337 957.668524965644 2.01938077807426 1.50890091061592 35.8292567133904 1117.5288695991 54.1233831048012 2013.84397608042 1330.88934335113 2317.15666085482 759.364314466715 114.542118519545 22.4067002534866 9.50748234987259 81.8177021443844 40.0797458291054 122.164800047874 35.3741324543953 4.62878915667534 5.5038286447525 1.09972381591797 0.457008540630341 125.538208305836 511.49116230011 1.44564723968506 0.863846302032471 4.49279278516769 18.4475112855434 6.63440734148026 13.8099980354309 8.11614230275154 7.41159522533417 1.31758761405945 7.89906281232834 9.85462394356728 0 44.3145604729652 97.2090057134628 5.38903439044952 55.3601713180542 2.15263164043427 38.1631899178028 89.0138065814972 225.080295354128 70.5765860974789 7.67671105265617 276.30184212327 990.667704731226 44.3660207390785 15.3346584439278 34.9891314804554 0.847706317901611 0.919041216373444 1.57965761423111 91.3784687817097 12.3248569667339
39.3171016871929 0.810074925422668 27.7313814461231 0 7.44936943054199 320.753851085901 628.708939731121 142.670955345035 427.61461609602 14012.8361165524 0 1531.51944294572 0.792811214923859 142.081201851368 68.1479822099209 19.7553156018257 3.41935035586357 0 0.34733185172081 27309.5199752748 18.4813386797905 15.6167984902859 34.7807581573725 3896.39210698009 0.628523766994476 6.74639973044395 16.3522321879864 10044.5451462865 202.427438914776 42.5989925861359 0 2.89846903085709 39.6870125234127 77.7824096679688 35.3183360695839 148.672942489386 3.0099820792675 107.718673169613 29.975801974535 96.47298848629 4.07923817634583 0 14.8640013933182 1.72138053178787 4.96253615617752 3.3063131570816 23.6148487627506 2.03496858477592 0 4.8891105055809 0.820771217346191 4.00309655070305 380.750324189663 1.42184501886368 75.8230439722538 82.0424912571907 21.6049607396126 90.7153660953045 409.84554952383 0 247.941668510437 0 20.3731075525284 5.07806795835495 2.45761233568192 0 0 0 547.524262934923 1.02781412005424 3.13046127557755 4.19109091162682 270.547559410334 0.273896366357803 1.41928005218506 0 162.778793781996 18.7827862203121 4.24270689487457 0 0 0.611785590648651 14.600655823946 3.42388957738876
0.429003864526749 2.50543406605721 0.546453237533569 7.44936943054199 0 1457.21061694622 7.51725089550018 671.693702727556 94.7406620085239 9.78140261769295 5.95141196250916 88.7871741652489 1.17114651203156 39.6744372546673 2397.77051842213 0 0 0 2.80229473114014 6.58133673667908 0.551781237125397 3.9194507598877 0.769967377185822 46.2917090654373 0 0.438413232564926 0 7.45507103204727 60.1962803006172 2.76483055949211 0 3299.4669598341 0 988.124081462622 5.73030656576157 22.203115105629 3.50848531723022 71.935730278492 3.3502499461174 4391.26163572073 2848.67255550623 0 0 0 1.35844576358795 0 0 0 0 0 0 0 1.29157745838165 0 0 0.868221342563629 0 0 0.691942989826202 0 2.09910494089127 0 3.41025021672249 0 0 0 0 0 0.752408802509308 0 0.822163999080658 0 2.22183066606522 0 0 0 0.525899648666382 0 0.261728465557098 0 0 0 0 0
282.464273169637 1.623764783144 84.9017373621464 320.753851085901 1457.21061694622 0 3927.82413613796 22586.0648947358 605.261846736073 14688.0372160077 70.3501509130001 8814.15192392468 20.8680599331856 2517.11250661314 1090.06761455536 16.227275043726 27.3256412446499 0.898129999637604 1.78450030088425 691.791727811098 67.6368574202061 47.4523126780987 143.007726818323 736.273562327027 0.880480587482452 28.2205191552639 36.6162916719913 1107.34193752706 781.009214878082 226.154061466455 0 3713.84659433365 44.3153212964535 1251.67326179147 2566.41513480246 485.029329255223 19.0892242193222 519.853295907378 94.6306321024895 5314.05336409807 1895.53475102782 8.86042708158493 33.3111754357815 0.762212991714478 20.5847569704056 6.92500388622284 23.1243823468685 0.317039459943771 0 5.77637508511543 1.2413724064827 2.08604148030281 59.5639782249928 0 76.5360925793648 131.436843201518 40.5993397682905 72.5367172658443 197.482542783022 0 78.8488885164261 0 50.8121045529842 5.33700010180473 3.23234665393829 0 0 0 72.1766016185284 4.82722774147987 5.58178614079952 11.242267280817 333.252084285021 0 0 5.5924044251442 179.111706793308 30.2007629573345 8.45886093378067 0 1.51784753799438 3.19585767388344 26.2218697369099 4.14069244265556
6660.16450302303 19.8335921466351 1212.19974035025 628.708939731121 7.51725089550018 3927.82413613796 0 4363.33941829205 930.92766225338 22357.6581437141 21.0875210464001 414.730766236782 7.37335628271103 6461.61290918291 43.3372721374035 163.334771186113 158.915282160044 2.95518296957016 27.9272750914097 1252.74236053228 1341.40031924844 169.579439565539 2435.35924071074 2972.73700654507 2.82433390617371 199.866346359253 348.371051341295 14402.8452275097 4282.7188474983 25613.6307431608 0 22.44630458951 301.527983576059 589.878143578768 117.436228245497 813.916433364153 91.1681808531284 648.402124777436 161.893792957067 158.018368691206 52.3235200643539 0.901118814945221 66.2787905931473 8.07648110389709 48.9190664887428 10.686854749918 15.3626476228237 2.06654769182205 0.424501717090607 13.9150102734566 6.17178070545197 18.8104243278503 34.2417651712894 1.4788561463356 51.416116386652 238.260563075542 82.8883095383644 111.760730475187 142.733740776777 0.727067708969116 21.4615564644337 0 116.57945510745 1.60896468162537 20.8808459937572 3.28797960281372 0 1.93864178657532 38.0095758736134 32.4547762870789 26.4117973148823 29.8790756464005 578.505439773202 0 0.945705503225327 27.3814609050751 302.453926593065 77.8916870355606 62.4437401592731 0 0.302873432636261 15.9751163125038 45.0624517202377 17.8378491103649
1738.50060158968 9.73414120078087 268.925125941634 142.670955345035 671.693702727556 22586.0648947358 4363.33941829205 0 446.626712977886 4414.83630725741 194.112773776054 1238.72197529674 46.3946006596088 19061.5305034816 304.45451977849 35.8420626819134 96.6002950370312 4.59899094700813 19.8512777686119 312.478781238198 253.056238904595 79.7601276040077 498.433632716537 748.391508996487 2.09908336400986 82.5099579244852 73.5517720282078 933.167278021574 2801.74754087627 995.890835434198 0.520489931106567 2432.93697237968 98.4241500794888 1710.33920364082 185.916615664959 725.475839823484 41.3173685073853 883.918731927872 137.859367638826 1984.15943479538 1130.00310710073 26.238200545311 50.4439626634121 2.13643229007721 23.2752306759357 6.63999634981155 3.30216819047928 4.06934368610382 1.26246571540833 9.17924919724464 0.957357138395309 7.58924722671509 12.2752220332623 0 30.3901769220829 127.893531396985 58.534896761179 68.1357559859753 57.5964248776436 0.847655564546585 13.3470502197742 0.577179372310638 57.5281118899584 0.544517457485199 10.6608485579491 0 0 0 15.0156382918358 12.0286835134029 9.2050005197525 18.0630710422993 333.929818406701 0.826467663049698 1.03896573185921 14.6669831573963 164.103523671627 33.8005254566669 33.098072052002 0 2.50061625242233 2.10980999469757 37.9268877804279 4.37150120735168
157.506366297603 498.275396466255 137.272731542587 427.61461609602 94.7406620085239 605.261846736073 930.92766225338 446.626712977886 0 740.834466844797 17.8333285748959 1720.95688360929 15.2315858006477 411.565968722105 1446.27468460798 176.907508969307 32.0332230329514 1.16157644987106 19.6205115318298 402.424607783556 185.01839774847 4406.73950049281 234.15884321928 9637.46542927623 117.415556281805 83.4576752185822 535.994804829359 1177.74510422349 470.659869194031 598.52561917901 0.955789804458618 18.7841652035713 155.842814326286 255.273481413722 120.71004447341 631.415808171034 52.6291969716549 389.84828710556 99.5089993178844 1340.45441651344 40.8128960877657 4.12067165970802 70.2562129199505 6.78070026636124 43.2817666828632 15.6291087865829 108.030232071877 6.44659706950188 0 21.993167579174 2.21922063827515 7.10548141598701 152.869098544121 1.67629057168961 104.290989309549 214.275016784668 72.2750322818756 441.789487361908 288.468799173832 1.00395286083221 227.190273940563 0.302818417549133 91.5501931607723 34.3162956833839 18.1462482213974 3.46604996919632 0.298669666051865 0 155.451442450285 22.9856511056423 22.2131039202213 29.8729537427425 654.299490869045 0 7.58055418729782 14.4569270908833 333.123460948467 61.7300513088703 70.1036705076694 0 0.330806523561478 15.1572263836861 46.8925911188126 13.0597250759602
685.460610747337 3.36542716622353 105.440918475389 14012.8361165524 9.78140261769295 14688.0372160077 22357.6581437141 4414.83630725741 740.834466844797 0 26.4967637062073 10651.6293682456 6.27789023518562 3358.03236719966 83.0605542063713 31.9509542882442 25.2368186116219 0 2.23066437244415 14814.9165462852 83.6428386271 47.0170184075832 175.331225633621 1748.31863777339 0.526367723941803 25.2877920866013 33.5696257650852 8976.59060589969 1752.08554060757 305.534447625279 0 32.709440305829 147.485316365957 640.794177144766 882.429194539785 932.747042298317 19.1654537320137 734.366223782301 160.940231710672 349.863635808229 83.5635009407997 1.81048506498337 23.4711572527885 0 41.6100833117962 9.06697064638138 73.8104754984379 6.04192164540291 0.294515013694763 9.04668313264847 0.256709814071655 3.09688520431519 242.428627729416 2.93733230233192 205.285096138716 263.701747715473 66.0157812535763 158.235405385494 757.538021683693 1.74439251422882 247.503748863935 0.486956924200058 52.9706891179085 25.1990880668163 8.91779094934464 0.546302556991577 0.581835389137268 0.595373809337616 341.41803124547 7.85165837407112 9.5039333999157 7.36076888442039 771.278433561325 0 2.9315801858902 13.3929323852062 389.547274142504 44.6834259331226 11.0596503913403 0 0 4.53607892990112 29.3063928484917 4.28566981852055
5.95413637161255 249.447985976934 165.965039968491 0 5.95141196250916 70.3501509130001 21.0875210464001 194.112773776054 17.8333285748959 26.4967637062073 0 32.2997599840164 16027.712238878 296.675468474627 2.88834381103516 7.87855851650238 768.590975731611 5257.93412312865 5129.48510730267 3.59835195541382 27.4702110886574 55.6375100910664 144.381913810968 26.3826014399529 1621.6568467617 16150.1843957007 2530.09209397435 11.7296469211578 244.716397047043 28.6127289533615 1575.92389526963 85.1742548048496 3.17947617173195 9199.68526023626 7.36420178413391 302.366386771202 6657.87324401736 10955.93429479 486.755994915962 51.7923365533352 9.53720206022263 3295.81252291799 1.64557838439941 36.0500067472458 18.0783341526985 2.32211899757385 0 0 20.2162490189075 0 23.6992541849613 5.48838269710541 0 0 0.653146147727966 0 2.35707807540894 2.01631116867065 0 114.559513241053 0 313.707479864359 0 0 3.52140748500824 0.414765477180481 47.9159372448921 15.3931820392609 0 0 1.74238348007202 0.342811524868011 2.77928957343102 176.207276821136 148.51285558939 98.5454053878784 0.403447598218918 0 1.34805905818939 21.1474380791187 0 0 8.4883000254631 3.15100032091141
49.0842123925686 1.79337745904922 4.10428604483604 1531.51944294572 88.7871741652489 8814.15192392468 414.730766236782 1238.72197529674 1720.95688360929 10651.6293682456 32.2997599840164 0 3.1872735619545 608.672548383474 2122.92930653691 7.51627016067505 1.64444452524185 0 1.49774253368378 22456.7938988507 8.55923911929131 28.4419630169868 14.009248316288 685.240726351738 0.29604035615921 2.64560148119926 6.72192218899727 459.814041689038 478.647592633963 26.7426182329655 0 37.5012146830559 8.74363443255424 263.614212483168 6540.01276704669 286.246404677629 4.52221465110779 328.046016782522 44.6864712834358 2652.37606757879 83.6487796902657 0.822841107845306 6.3923134803772 0 2.37853062152863 0.873099863529205 112.566661328077 0 0 1.9559434056282 0.766082048416138 1.29113268852234 89.6655311286449 0.551116108894348 73.9095213711262 46.8319892883301 14.3167332857847 131.516321539879 159.695985347033 0 867.750254064798 0 6.54885338246822 35.0968927741051 0 0 0 0 103.042924135923 1.15122163295746 2.74008485674858 1.28756368160248 167.792586356401 0 0 0 79.5755332112312 13.2955335974693 1.09013283252716 0 0 0.792593538761139 1.96533638238907 2.59392064809799
1.48866572976112 305.449143320322 23.0916484892368 0.792811214923859 1.17114651203156 20.8680599331856 7.37335628271103 46.3946006596088 15.2315858006477 6.27789023518562 16027.712238878 3.1872735619545 0 23.5520731806755 0.955995500087738 1.4261027276516 21.39151725173 228.509352296591 179.483918488026 0 1.78735208511353 49.3645612895489 12.2994668185711 6.32852417230606 5515.33696565032 7274.03144317865 7710.81265324354 156.883084982634 22.0385637581348 3.30326873064041 5524.1917834878 19.7641332745552 1.8585824072361 1237.05250951648 35.5457418859005 458.206067323685 2392.78708446026 1932.46228668094 1054.56762564182 16.2642022967339 354.192503392696 5075.63412040472 16.3925039172173 83.1076614260674 68.9263174533844 45.7416517138481 0 5.19650626182556 79.0648063421249 0 15.6177663505077 2.181207716465 0 0 0 0.436808317899704 2.86886358261108 0.541662216186523 2.69498234987259 220.774339854717 0 580.149305999279 0 0 0.969312250614166 0.529886901378632 21.552610039711 9.71855175495148 0 0 0.695201635360718 0 0.489578515291214 266.055944085121 101.024088680744 67.8512040674686 0 1.61686155200005 0 16.4020702242851 0.579988837242126 2.02308177947998 59.4563884139061 17.7767620682716
13598.017618835 14.9093019962311 354.008826985955 142.081201851368 39.6744372546673 2517.11250661314 6461.61290918291 19061.5305034816 411.565968722105 3358.03236719966 296.675468474627 608.672548383474 23.5520731806755 0 46.6356683373451 39.6832678318024 172.211593657732 4.92542171478271 34.0557151734829 249.443945065141 349.570342674851 90.0774368494749 678.711079478264 743.38285587728 4.08804552257061 94.6151486337185 110.046289652586 831.957795873284 8745.19997534156 1713.80361762643 0.510056734085083 1950.65584878623 197.826609030366 1556.7461720258 74.4646447300911 641.749202698469 53.3651032447815 1104.57222528756 84.8340170383453 344.212030827999 200.875568985939 19.7768108546734 37.4378999173641 0 23.0459201335907 8.10218492150307 9.63916417956352 4.41236871480942 0 9.9258359670639 0 7.1027607023716 9.81020081043243 0 24.0318370312452 97.4506797194481 37.225115224719 65.2770995497704 38.990957736969 1.54947149753571 6.26059609651566 0 43.981272354722 1.01239454746246 10.3411961197853 0 0 0 2.13034421205521 17.9732056260109 9.61655211448669 18.180437207222 270.701802670956 0 1.02215445041656 7.61054122447968 153.334239274263 49.1526739001274 38.7089342474937 0 0 5.36807215213776 20.1103577613831 4.27086734771729
10.5826794803143 12.553569406271 6.43721976876259 68.1479822099209 2397.77051842213 1090.06761455536 43.3372721374035 304.45451977849 1446.27468460798 83.0605542063713 2.88834381103516 2122.92930653691 0.955995500087738 46.6356683373451 0 4.90809926390648 1.5433121919632 0 0.484058409929276 79.890282958746 3.35067248344421 83.078595072031 9.11521083116531 586.647906899452 3.46576246619225 1.85499912500381 9.54325532913208 60.7386882901192 30.6935828626156 9.23542124032974 0 110.443171560764 3.30687373876572 34.0980673134327 211.607616662979 19.2637851238251 4.52813309431076 29.1534177064896 10.5049389004707 13152.2895745635 142.986730843782 0 3.93120849132538 0 2.13417434692383 1.24756652116776 9.24415814876556 0.322582632303238 0 1.21932661533356 0 0 6.81250566244125 0 6.51852411031723 6.57116365432739 0.359466969966888 13.0874065160751 21.308501124382 0 19.8490962982178 0 2.01952004432678 3.00004321336746 0 0 0 0 5.60593342781067 2.14993435144424 0 1.79465663433075 10.9760950803757 0 0 0 5.91176563501358 2.42993795871735 0.927965939044952 0 0 0 0 59.9731189310551
28.1763979196548 86.1958070397377 341.101758360863 19.7553156018257 0 16.227275043726 163.334771186113 35.8420626819134 176.907508969307 31.9509542882442 7.87855851650238 7.51627016067505 1.4261027276516 39.6832678318024 4.90809926390648 0 159.426490217447 0.354258298873901 34.7439637631178 2.50548821687698 9475.16634559631 2413.33871045709 24403.5330530405 1920.61003139615 10.9296511411667 118.058779031038 6153.14858046174 2306.75581216812 101.443173438311 613.349081099033 0.558383524417877 0 52.5695117115974 585.730856791139 36.1685198247433 988.92400097847 237.04318061471 701.707755625248 268.629377514124 33.8417777121067 5.16117030382156 2.18014562129974 96.6179448962212 25.0161092877388 63.9787830412388 27.5461466312408 7.79621553421021 1.09568005800247 0 18.2538466155529 6.26991605758667 48.0128505825996 2.69508558511734 0 5.94265335798264 29.4739645719528 6.681854814291 41.1508881747723 9.52836436033249 2.41339874267578 2.91957056522369 0 19.6696176528931 0 257.446811258793 12.4080445766449 0.997554361820221 2.61192113161087 1.10738962888718 197.784980386496 122.175934016705 431.187038958073 156.270142257214 1.46833693981171 10.9389027357101 100.260862857103 99.7962299287319 37.7991651296616 154.053047955036 0 0 5.94298851490021 53.5408232808113 17.0625107288361
169.592973232269 715.684013307095 4381.64728584886 3.41935035586357 0 27.3256412446499 158.915282160044 96.6002950370312 32.0332230329514 25.2368186116219 768.590975731611 1.64444452524185 21.39151725173 172.211593657732 1.5433121919632 159.426490217447 0 370.969578891993 7164.20064529777 1.65985471010208 967.390196472406 309.726344943047 10741.1330195963 107.518122643232 33.2072401046753 6146.37127125263 3514.91002452374 145.715606123209 220.575527757406 561.195337921381 3.20526051521301 4.66889226436615 55.1533983945847 2093.69823804498 16.0707902014256 671.401395082474 554.126519262791 2030.07838344574 325.935480445623 31.9525798559189 11.8144263327122 14.1314180493355 17.0312603712082 17.709305524826 29.6050914227962 4.20913600921631 2.03806906938553 1.00701236724854 0 0 37.8776452243328 72.6870287656784 0 0 0 11.4036910533905 0 2.0057518184185 0 6.225192964077 0 6.77643752098083 1.67381620407104 0 11.5867350697517 18.9847505092621 1.57690447568893 35.7648126482964 0 15.4833046197891 12.2846387028694 48.3864207863808 15.7104014754295 19.2464588880539 149.992636799812 216.367852270603 3.1715475320816 4.80238628387451 3.5866664648056 1.15935492515564 0 0 8.93842649459839 11.3864248394966
0.517801821231842 73.8262184858322 58.7095242738724 0 0 0.898129999637604 2.95518296957016 4.59899094700813 1.16157644987106 0 5257.93412312865 0 228.509352296591 4.92542171478271 0 0.354258298873901 370.969578891993 0 5861.24807667732 0 10.9153357744217 8.08378022909164 56.8454702794552 1.22874116897583 203.724629610777 8234.79605561495 669.117733746767 0.960172533988953 4.22643114626408 3.75160017609596 76.3505912423134 0.310907125473022 1.14231294393539 102.434976309538 0.301221787929535 36.8317368626595 202.633159786463 283.459566563368 23.3693892657757 0.517068982124329 0.460705459117889 16.0655614435673 0.816308259963989 8.69907113909721 5.82876688241959 2.04746270179749 0 0 1.76986277103424 0 11.4516650140285 0 0 0 0 0 0 0.384504526853561 0 40.8082455992699 0 64.902376383543 0 0 1.63103711605072 0.684797823429108 16.7233671545982 5.88095808029175 0 0 1.1955007314682 0 1.19335305690765 60.561945438385 76.3996610045433 55.0874119699001 0 0 0 4.9982667863369 0 0 4.50997108221054 0
18.9179339706898 307.31773224473 463.990690410137 0.34733185172081 2.80229473114014 1.78450030088425 27.9272750914097 19.8512777686119 19.6205115318298 2.23066437244415 5129.48510730267 1.49774253368378 179.483918488026 34.0557151734829 0.484058409929276 34.7439637631178 7164.20064529777 5861.24807667732 0 1.78903079032898 91.76687926054 72.4313498139381 545.116491824389 25.8016095459461 441.530572593212 8833.93218100071 2478.4316111207 15.3327767848969 48.9739697575569 73.2889537215233 50.6041322946548 2.90676212310791 7.23113688826561 1194.19396799803 2.89863854646683 320.028456896544 624.471031695604 1438.00451666117 161.046390920877 3.12898218631744 3.39525100588799 22.4146653413773 1.40714859962463 12.3084897994995 16.9804636240005 0 0 0 0.950770020484924 0 47.1913207769394 6.22906583547592 0 0 0 0.577982127666473 0 0 0 48.4641092717648 0 90.507564663887 1.76933240890503 0 0 9.88999050855637 58.8377761244774 40.3657130002975 0 1.59442284703255 6.98733025789261 6.33373454213142 0.425179332494736 157.574928551912 266.036630153656 252.95247900486 0.718479931354523 0 2.12721571326256 24.0177668333054 0 0 12.374743938446 1.22610139846802
46.543573319912 0 6.55272150039673 27309.5199752748 6.58133673667908 691.791727811098 1252.74236053228 312.478781238198 402.424607783556 14814.9165462852 3.59835195541382 22456.7938988507 0 249.443945065141 79.890282958746 2.50548821687698 1.65985471010208 0 1.78903079032898 0 6.94180670380592 15.2018870413303 18.3422045707703 2089.59104287624 0 4.50227263569832 9.31358373165131 1779.25427371264 269.245997905731 37.6772030293941 0 8.15461650490761 24.0084103643894 90.5572319626808 295.623746603727 156.307967156172 5.23701754212379 121.637129455805 31.9160293936729 132.510648667812 19.1803054213524 0 15.9021896123886 0.505824148654938 5.29171973466873 1.53883814811707 48.9796345829964 0.441582351922989 0 6.08485335111618 1.36646234989166 1.27873349189758 157.90364202857 0.993070721626282 85.5484690368176 78.0602319538593 22.4923056960106 94.7704118490219 278.886914074421 0 360.010620445013 0 20.824315354228 17.372528642416 1.59842997789383 0 0 0 378.787286609411 3.17150151729584 3.43889734148979 2.51890763640404 286.005745887756 0 0 3.46197903156281 175.938136428595 12.2208447158337 5.39450418949127 0 0 0.395600557327271 19.1342946887016 1.63998872041702
335.255922138691 49.7450464367867 1397.36323010921 18.4813386797905 0.551781237125397 67.6368574202061 1341.40031924844 253.056238904595 185.01839774847 83.6428386271 27.4702110886574 8.55923911929131 1.78735208511353 349.570342674851 3.35067248344421 9475.16634559631 967.390196472406 10.9153357744217 91.76687926054 6.94180670380592 0 1365.68401101232 23197.2039819658 1390.59379667044 2.89425280690193 279.537543982267 730.818364530802 8985.04742926359 699.989721104503 16450.6990997195 0 5.46093535423279 191.999438643456 3112.86920022964 94.6496598720551 1792.67632052302 328.795361310244 1913.72608008981 554.646226167679 90.7889173179865 14.7778439223766 2.13057976961136 163.131587266922 29.3481261134148 76.2905194759369 33.8552176356316 7.86643052101135 0 0 11.6090148091316 5.56612518429756 41.0531276762486 1.67646381258965 0 3.36177855730057 49.5791748166084 13.2301531136036 54.7402176260948 8.45868965983391 1.73986804485321 0 0 24.8694313764572 1.02507424354553 357.352572530508 12.9481646418571 2.3923157453537 0 0.457931369543076 439.081719249487 131.548916429281 340.575933009386 284.840660095215 0.949750661849976 15.1783571541309 88.9674805402756 200.835279077291 72.2476319670677 258.100286513567 0 0 15.6378537714481 102.980948656797 28.1174759268761
76.5214407444 2562.14236193895 713.077205240726 15.6167984902859 3.9194507598877 47.4523126780987 169.579439565539 79.7601276040077 4406.73950049281 47.0170184075832 55.6375100910664 28.4419630169868 49.3645612895489 90.0774368494749 83.078595072031 2413.33871045709 309.726344943047 8.08378022909164 72.4313498139381 15.2018870413303 1365.68401101232 0 3414.36833363771 5270.50292545557 445.482024401426 493.08101195097 5466.05708506703 507.849464684725 196.766240954399 877.127342522144 2.39485722780228 2.02906253933907 105.352710872889 750.953353434801 58.6612557470798 1216.50940987468 471.369157195091 997.397104889154 379.989343374968 109.774057924747 11.6937071084976 2.67062067985535 155.41342535615 41.1290929317474 97.7683363258839 40.205764234066 11.1785500049591 1.35537350177765 0 8.79045706987381 26.9034083485603 153.35821300745 5.03920218348503 0.414304941892624 12.1880343258381 37.902692347765 13.6719416975975 81.0479596853256 16.2865784168243 3.54274845123291 4.69837415218353 3.95750713348389 22.6244567036629 2.39352563023567 246.449893951416 24.5519699156284 1.08562660217285 6.18559548258781 3.79257428646088 159.776582866907 207.86717286706 563.200607895851 174.059402018785 5.1841447353363 42.999662488699 296.950997263193 111.709119915962 36.1518876552582 131.660504877567 0.994935750961304 0 5.37359911203384 87.4817790687084 26.2411209344864
616.297385603189 361.103255987167 12656.441477567 34.7807581573725 0.769967377185822 143.007726818323 2435.35924071074 498.433632716537 234.15884321928 175.331225633621 144.381913810968 14.009248316288 12.2994668185711 678.711079478264 9.11521083116531 24403.5330530405 10741.1330195963 56.8454702794552 545.116491824389 18.3422045707703 23197.2039819658 3414.36833363771 0 1605.00686062872 27.1091057956219 2053.69767397642 11089.2647710145 3953.96927288175 837.911112084985 5429.54630810022 0.974959313869476 3.19221469759941 199.696560204029 3902.77957621217 140.555827558041 3089.14152738452 1293.30618539453 3561.1496064961 1291.14557000995 211.068304955959 17.5012916624546 6.75036931037903 307.75002849102 75.6627908945084 223.63337507844 126.316530674696 41.0398906469345 4.35051655769348 0 14.6539997458458 47.313353061676 594.075459748507 3.16958290338516 0 9.11082005500793 95.8305043578148 16.6888252198696 69.1719621121883 14.5882877111435 8.72022777795792 2.0155668258667 1.52558988332748 39.0273428857327 3.04582059383392 452.493833184242 78.5249190926552 3.72728621959686 13.6119074225426 4.82063031196594 323.153628259897 382.162753462791 1413.05634218454 245.733110308647 4.72156563401222 92.1301922500134 858.682318836451 165.883746802807 46.937334805727 201.138952493668 0.714227676391602 0 11.7384875416756 189.12018597126 62.5194819867611
298.190624445677 245.774271249771 443.486451119184 3896.39210698009 46.2917090654373 736.273562327027 2972.73700654507 748.391508996487 9637.46542927623 1748.31863777339 26.3826014399529 685.240726351738 6.32852417230606 743.38285587728 586.647906899452 1920.61003139615 107.518122643232 1.22874116897583 25.8016095459461 2089.59104287624 1390.59379667044 5270.50292545557 1605.00686062872 0 49.585734218359 173.665195286274 1375.60431909561 25133.0251629353 1100.44188891351 1771.0185136199 0 19.5831830501556 442.817294329405 813.711252003908 110.041815876961 1700.24202403426 145.039332807064 991.65756124258 337.353342920542 643.214791119099 61.8379972577095 0 243.000709414482 8.11685371398926 167.868245005608 65.2296204566956 80.2124999761581 11.5121793746948 0 55.4426905214787 8.39980316162109 44.6118233501911 195.721604377031 1.86416119337082 263.131637096405 639.029453366995 249.227036744356 462.093085974455 630.111356034875 3.88276427984238 145.914569914341 0 307.485122352839 21.1616536974907 85.7898700535297 5.33125844597816 1.82113546133041 2.6471238732338 227.166643440723 181.792557120323 95.5486775636673 138.461074382067 2016.81220507622 1.35034054517746 13.4060317873955 57.5313647091389 1022.0463874042 304.181702300906 249.859545052052 0.343617647886276 1.19902104139328 43.0237962007523 167.19358381629 30.4278022646904
0 3533.62277662754 22.6642801165581 0.628523766994476 0 0.880480587482452 2.82433390617371 2.09908336400986 117.415556281805 0.526367723941803 1621.6568467617 0.29604035615921 5515.33696565032 4.08804552257061 3.46576246619225 10.9296511411667 33.2072401046753 203.724629610777 441.530572593212 0 2.89425280690193 445.482024401426 27.1091057956219 49.585734218359 0 1909.06300491095 3460.31145778298 2.90185913443565 3.93339690566063 3.32966202497482 92.3364309370518 0 0 78.7404246330261 0.748227715492249 39.4976710677147 1031.50874069333 303.490146517754 35.7392798066139 3.16544443368912 1.22714173793793 1194.11799156666 2.64326184988022 76.005436360836 64.5860266089439 14.5724113583565 0 0 64.6577032804489 0 74.3109275698662 2.32987993955612 0 0 0 0.420223504304886 0 5.99179169535637 0 325.318325251341 0 834.85473883152 1.75783932209015 0 0.926584661006927 3.24786955118179 90.358368486166 47.5387578904629 0.680588603019714 0 5.04872858524323 3.67690813541412 2.83444699645042 640.025146007538 498.141528576612 369.844921886921 2.56656092405319 0 0.648147940635681 45.4012221097946 0 0.385917335748672 26.4377111196518 0.289613306522369
68.7257288396358 2275.26038593054 13574.7859345675 6.74639973044395 0.438413232564926 28.2205191552639 199.866346359253 82.5099579244852 83.4576752185822 25.2877920866013 16150.1843957007 2.64560148119926 7274.03144317865 94.6151486337185 1.85499912500381 118.058779031038 6146.37127125263 8234.79605561495 8833.93218100071 4.50227263569832 279.537543982267 493.08101195097 2053.69767397642 173.665195286274 1909.06300491095 0 51774.2194381058 129.840690642595 106.763562306762 201.885890781879 4637.0657017231 0.535873591899872 15.3666660189629 1309.55664008856 16.368576914072 1294.27089574933 2588.03841236234 3061.87331572175 575.988912299275 44.2476146519184 17.4666836857796 78.7433733344078 59.7806581556797 144.92488488555 183.208152860403 32.9928942620754 2.45029473304749 0 17.1772264838219 0 292.274963468313 127.28220847249 0 0 3.46795573830605 7.01210695505142 3.49328964948654 6.90271738171577 4.38179031014442 292.202826082706 1.06086015701294 695.454887658358 4.53744405508041 0 5.86765646934509 74.5469954907894 232.390038073063 317.88147392869 1.59089237451553 12.3634499907494 29.9524309039116 46.6333644390106 17.0883847177029 687.848826169968 1965.24451941252 1790.89776292443 9.18247753381729 2.51493561267853 4.90477883815765 76.5970433652401 2.9676126241684 1.84269237518311 94.4856767654419 13.9766185283661
70.6099137961864 8801.89346081018 6039.1048155427 16.3522321879864 0 36.6162916719913 348.371051341295 73.5517720282078 535.994804829359 33.5696257650852 2530.09209397435 6.72192218899727 7710.81265324354 110.046289652586 9.54325532913208 6153.14858046174 3514.91002452374 669.117733746767 2478.4316111207 9.31358373165131 730.818364530802 5466.05708506703 11089.2647710145 1375.60431909561 3460.31145778298 51774.2194381058 0 500.868268609047 126.712932616472 357.390514731407 3496.29024299979 4.83222630620003 29.2884112596512 2033.21796794236 103.599944621325 2936.32552570105 3225.7924310565 3992.10568365455 1176.65119627118 164.223067462444 31.3183611631393 61.5923375785351 227.63427656889 179.09252884984 363.277850806713 78.0314851403236 15.1883890032768 1.41075074672699 4.98663657903671 6.78916171193123 519.944148093462 964.599449425936 1.64936017990112 0 6.936618745327 50.3024812042713 9.68112063407898 27.4138497710228 13.2061911523342 186.051084429026 0 339.653191924095 18.8326092362404 2.54384702444077 85.3503999710083 261.531492382288 167.638845354319 335.249690949917 2.06221523880959 69.5923171341419 245.984537124634 599.657211750746 89.6668717265129 515.426624745131 1984.3038854003 3015.52638489008 69.5203385651112 22.0118700265884 50.4258535504341 44.0916104614735 0 2.60930645465851 222.650642514229 26.3980317413807
404.088772505522 25.3362566828728 816.946196675301 10044.5451462865 7.45507103204727 1107.34193752706 14402.8452275097 933.167278021574 1177.74510422349 8976.59060589969 11.7296469211578 459.814041689038 156.883084982634 831.957795873284 60.7386882901192 2306.75581216812 145.715606123209 0.960172533988953 15.3327767848969 1779.25427371264 8985.04742926359 507.849464684725 3953.96927288175 25133.0251629353 2.90185913443565 129.840690642595 500.868268609047 0 1206.74536386132 8320.05700585246 0.467949509620667 19.2265341877937 477.36039736867 1125.66496148705 113.300477325916 1618.04961001873 107.320601850748 1184.5163269937 436.729078650475 192.674245923758 133.83755543828 17.4092574715614 176.43307825923 17.2011886239052 104.767709851265 23.2444109618664 24.721214145422 9.98634001612663 0 41.9030467867851 2.40348279476166 12.1789919734001 71.3586712479591 1.13608777523041 110.535867363214 310.576150774956 115.002046257257 206.694673329592 288.787214636803 3.13222825527191 52.6415086686611 2.42027413845062 153.637339830399 8.34942847490311 98.5166571438313 3.79207375645638 0 2.51774752140045 133.741267263889 138.686112314463 57.7318126261234 115.179793894291 1067.83555236459 0.384170234203339 12.3799858093262 28.3412524163723 476.970991015434 145.620483219624 223.897786438465 0 3.05339527130127 26.0353212654591 98.149278819561 23.3853454887867
20517.7208261341 14.0952278077602 270.920846298337 202.427438914776 60.1962803006172 781.009214878082 4282.7188474983 2801.74754087627 470.659869194031 1752.08554060757 244.716397047043 478.647592633963 22.0385637581348 8745.19997534156 30.6935828626156 101.443173438311 220.575527757406 4.22643114626408 48.9739697575569 269.245997905731 699.989721104503 196.766240954399 837.911112084985 1100.44188891351 3.93339690566063 106.763562306762 126.712932616472 1206.74536386132 0 9232.99375580251 0 2864.12005075812 9809.48540645838 3061.0225905329 79.8965787291527 1143.13387551904 76.3423360288143 1662.58927801251 184.600570440292 273.356283575296 343.17890059948 15.3838921189308 48.6608594059944 2.53184431791306 37.1030688583851 7.45957148075104 4.53234350681305 5.65201753377914 0 22.4118519872427 2.68213427066803 7.02041387557983 7.20728906989098 0 24.5544940531254 100.787450909615 57.8009552359581 74.1948217749596 47.1747425943613 0 7.59778922796249 1.06557285785675 69.1500917971134 0 34.9325370490551 0.885941565036774 0 0 9.19240137934685 49.7513614296913 16.0095745772123 35.6635340154171 354.94348821044 0.525879263877869 1.99324548244476 10.6189903318882 188.096976578236 52.7482611238956 68.8107507526875 0 1.21966624259949 9.47389894723892 38.2372631728649 12.5929110646248
4119.80465692282 47.8946569859982 957.668524965644 42.5989925861359 2.76483055949211 226.154061466455 25613.6307431608 995.890835434198 598.52561917901 305.534447625279 28.6127289533615 26.7426182329655 3.30326873064041 1713.80361762643 9.23542124032974 613.349081099033 561.195337921381 3.75160017609596 73.2889537215233 37.6772030293941 16450.6990997195 877.127342522144 5429.54630810022 1771.0185136199 3.32966202497482 201.885890781879 357.390514731407 8320.05700585246 9232.99375580251 0 0.526353716850281 8.41335608065128 763.205290526152 3566.19815063477 73.9359649121761 1354.30352571607 136.181649565697 1551.487023592 391.914386600256 89.7533330917358 26.0962044298649 0.814772069454193 141.477497309446 4.76580435037613 67.0671446323395 28.7506138086319 13.8629530668259 1.15555682778358 0 31.3650902211666 4.50084137916565 28.4297876656055 7.47214439511299 0.721308439970016 18.0936906337738 133.592688709497 34.5765081495047 146.157981932163 24.0723977684975 0 1.93164384365082 0 94.1976927816868 0.333006471395493 81.5411346256733 8.77286064624786 0 1.33606362342834 4.58726006746292 213.651393771172 69.6171747148037 148.866160988808 456.72931522131 0 2.73176395893097 35.7836749255657 315.282980680466 112.176896870136 206.718358844519 0 0.289029955863953 19.138839840889 69.8117393553257 22.3899128139019
0.406845301389694 26.6860008239746 2.01938077807426 0 0 0 0 0.520489931106567 0.955789804458618 0 1575.92389526963 0 5524.1917834878 0.510056734085083 0 0.558383524417877 3.20526051521301 76.3505912423134 50.6041322946548 0 0 2.39485722780228 0.974959313869476 0 92.3364309370518 4637.0657017231 3496.29024299979 0.467949509620667 0 0.526353716850281 0 0 0 8.70082515478134 0 0.920131146907806 42.8209068179131 37.9980619549751 0 0 0 9.23299965262413 0 1.28593856096268 1.79117220640182 0 0 0 0.761356830596924 0 4.00828695297241 0.468900144100189 0 0 0 0 0 0 0 14.8184980750084 0 44.6942155957222 0 0 0 0 2.46717637777328 3.94168436527252 0 0 0 0 0 25.7278435826302 22.9446706473827 12.1103357076645 0 0 0 3.88205420970917 0 0 0 0
10.2596688121557 1.73438239097595 1.50890091061592 2.89846903085709 3299.4669598341 3713.84659433365 22.44630458951 2432.93697237968 18.7841652035713 32.709440305829 85.1742548048496 37.5012146830559 19.7641332745552 1950.65584878623 110.443171560764 0 4.66889226436615 0.310907125473022 2.90676212310791 8.15461650490761 5.46093535423279 2.02906253933907 3.19221469759941 19.5831830501556 0 0.535873591899872 4.83222630620003 19.2265341877937 2864.12005075812 8.41335608065128 0 0 3.98421654105186 2170.61453741789 4.47981962561607 114.386676132679 7.76598292589188 268.880205929279 31.7209757268429 248.264544337988 1810.14301177859 1.74205189943314 0.602958679199219 0 0.308836221694946 1.63076770305634 0 0 0 0 0 0 1.53163141012192 0 0 1.51844125986099 2.30819845199585 0.430482923984528 0.339706778526306 0 0.328621119260788 0 0.382351875305176 0 0.360351771116257 0 0 0 0 0.560437083244324 0 0 4.80617970228195 0 0 0 3.6219300031662 1.09199959039688 0.443317174911499 0 0 0 0.61090849339962 0
