0 119.416773253318 99.3458774881565 90.8827837600211 58.4452857971191 59.7114772631105 28.4734147906174 36.4395030928713 70.9818122458789 61.352059497042 92.9801943436386 85.6540346933517 93.8302512051153 14.855007610719 86.5971582614552 90.7624802308442 103.759259686437 131.061294555664 124.540136113314 87.0092481121031 82.4902076854834 86.8825099543849 90.4090341358517 81.8567795966236 0 118.689210597647 121.439630128985 79.5724935266639 16.1491521006936 33.8699141385836 150.092956542969 94.3051534892391 30.4205077009578 60.378163880175 97.3392178192389 68.6078294739704 86.5536592515196 64.0387451331165 75.6787706277002 55.4434228603063 59.3175406980753 0 141.312104508501 151.113307487348 156.181195083975 158.199404031043 122.711051940918 163.83642578125 0 139.486533557528 0 148.992267549488 0 0 192.529999654481 136.435373674661 174.29424142097 87.5642000763833 166.692673120953 196.231231689453 72.7088165283203 0 170.917325579305 0 136.659696712158 167.621765136719 0 0 144.822431976451 152.557922355167 99.9383333051976 156.88368474223 121.32119671648 0 182.181441687684 159.147155221347 131.704322630461 171.88803698212 133.938787228992 0 0 153.509848050727 154.082853931209 161.257875694795
119.416773253318 0 37.0921464472904 114.016189575195 155.465232341025 141.479408910143 117.887788573186 144.720723279017 71.0276357889336 150.29390849353 59.0041177203443 125.011094178214 47.7905062481908 135.78732777214 120.9537222851 64.8482239972369 50.6729099731796 64.3847911810968 51.669696228513 0 90.04877306423 27.9605741866886 60.2878573974201 76.1035601739321 19.9015976855117 43.3384800090217 24.8177674911967 102.457696800285 126.887124482509 95.1519189826289 64.4849987209949 175.707504272461 105.818699519773 52.6877127348409 142.495931758618 69.907486764353 41.2036413826208 52.1768894141814 59.773879691939 91.4224405158768 87.1534423420027 47.0484063502468 89.0992073137047 57.0687907326462 67.2842174621908 76.0492406579062 0 0 53.2894603156184 0 19.8967429517165 56.4947807514469 206.82737374609 0 165.554904450845 160.826222931513 0 95.1551421375031 166.979744920627 69.880409476238 0 62.8186855941404 135.78538670115 0 107.546513958314 64.5172250325384 78.0903282071465 67.2917139997021 192.942291259766 127.846018486504 44.2993806113949 93.557524323958 96.6964964733023 43.6731497595679 59.4960442364808 52.7096848578072 158.840856393418 159.368372108448 174.643043219574 102.03893307544 0 0 66.6029862539332 165.582426860944
99.3458774881565 37.0921464472904 0 126.743354725326 150.72053527832 132.004782988781 90.3467009603214 122.348425165317 93.5852616985179 131.592150253673 72.3378831545625 150.287078584371 88.35553367801 114.575936124209 133.554654662835 71.3381177968563 41.6177811020165 78.5338515835073 63.4541191365823 146.95138777442 60.4311325417806 48.2288684978645 35.0615636802596 92.3814301578568 69.5657148148055 23.4131829047512 33.9916239858361 86.3909181565164 107.287322405664 77.0609462306167 86.7510323672407 155.362195121188 109.516305651529 57.8708540321203 138.659888296201 68.5239489111292 43.3089592146797 55.5861906334376 61.2957057480072 79.7125729436808 92.9999856760852 78.1240233907501 118.788479739833 92.2781444418917 105.695793763068 114.68406777417 141.086897987514 119.993900728931 157.274688720703 154.629257202148 60.533825315756 85.8702219337592 179.711334228516 119.635063171387 209.578589902929 156.21227192525 172.095327997735 118.649496826129 190.854542247794 127.620253873038 193.971405029297 127.858327294976 176.091373798103 0 110.572569547436 100.925287423499 133.51285629542 107.734003064876 174.204692691841 120.610403509477 67.8794838450554 109.046955140442 139.247052298637 112.613757002444 95.2702362051308 85.4185558016657 142.022075278967 168.4751715942 140.5443494827 120.843788146973 144.44367980957 161.86038381102 106.028467112231 165.115126501955
90.8827837600211 114.016189575195 126.743354725326 0 103.388245794535 75.0625635951403 52.2878018213808 110.965416488935 53.1505501898757 22.8962420837475 0 50.8937449380836 123.98811340332 107.361440280119 69.9463164217233 91.8914886306133 138.009088304696 0 162.591171264648 14.4149368138409 96.4012283043357 89.3452764726051 116.711026067514 25.0580210673843 152.05143737793 145.515132151254 116.912741838944 19.4385369289138 104.411741207044 97.4649067657811 0 154.607074748534 90.058194889265 100.8285599491 78.8605054632698 101.073871400719 152.024331663774 105.119032925659 110.730056970041 75.7690971898253 115.861085544436 0 155.619233613436 149.976969224965 156.155063138041 143.697502221107 93.9128547780306 177.340765718252 0 153.65301005554 147.716310590273 198.60779388644 47.7340998654676 173.292083203346 136.652161872343 127.027200585398 146.764248928449 82.8056439901707 97.1262312960689 0 52.016816568314 0 171.096355710243 113.799360616435 147.715541882548 0 0 0 38.4607131068953 143.020907769454 150.296366628609 173.512813136962 99.2326026366082 178.003677368164 203.648197979199 0 120.975662923087 159.838802552882 154.848236041878 0 0 160.821075439453 150.397187859888 147.721375175467
58.4452857971191 155.465232341025 150.72053527832 103.388245794535 0 21.7780053174937 116.828598218097 26.194802856025 54.4425373319943 122.086215542302 60.8583277082368 63.8082115828478 43.9654541015625 45.3177741202669 16.9168475411694 0 0 0 89.2593403659182 95.0087050229199 122.696846008301 122.331213361559 158.984156485941 77.563318194163 0 198.679794311523 0 122.391001251721 28.6243923821084 123.251871040773 0 10.9664247174228 0 14.9651172517204 86.9569798275712 70.6158969891846 70.5607163907792 42.0596621893507 51.7187754606554 12.3400645689382 8.70558727700916 0 0 0 116.96369934082 0 0 0 0 0 0 0 146.209335327148 0 0 142.632278442383 0 0 218.749542236328 0 94.0533618609899 0 204.231837240613 0 0 0 0 0 159.326522827148 0 162.870468139648 0 129.420892434643 0 0 0 222.918548583984 0 224.55419921875 0 0 0 0 0
59.7114772631105 141.479408910143 132.004782988781 75.0625635951403 21.7780053174937 0 59.0848182343024 20.7674315985396 65.7389895212768 30.1185882375278 80.2788428462995 30.6378312454177 68.6893378595989 49.2266549777204 24.956840169664 137.49544470477 139.390922586874 118.625534057617 146.171307207763 58.7656861893001 123.843022161829 106.203028246806 123.633823966186 85.7013749510829 67.4487609863281 156.188637308034 144.167113140799 79.544571348942 76.6515311881789 91.1861956032933 0 15.8084920061235 103.327288305091 38.2591582267001 18.6529563127898 93.10576385122 111.44695923999 70.8953402857513 75.1967889099526 17.9092983947185 20.4483042429474 60.6208082141952 169.979111519914 204.53108215332 185.189994093299 182.319859877594 102.326260162702 189.493103027344 0 179.20341317628 162.846814320488 189.781545409106 146.21717554383 0 157.155091971971 144.027316418623 166.758248985356 94.1220677599696 154.547750477648 0 105.042943714877 0 175.663468796924 106.5086430384 170.677578511051 0 0 0 140.366014526363 208.179785008953 156.901275418926 178.469730492961 124.505448769232 0 0 181.268640683465 144.965415045075 172.683088702986 168.229884269598 0 168.254494837165 159.434219395629 161.48951927074 203.150749850887
28.4734147906174 117.887788573186 90.3467009603214 52.2878018213808 116.828598218097 59.0848182343024 0 58.6378929450138 57.029154064173 25.2728095245917 135.769495753728 72.8482864867289 126.856316211366 39.9580234610565 86.599432723377 84.5231763951856 104.36041018358 131.979473434142 129.383600796294 36.0903290877325 69.8870444141308 81.7424304126623 78.7000294652212 53.0933002292951 135.795666850598 118.354652015119 103.717930876776 37.4524632816659 48.4447204683195 19.6138057240831 0 130.873238844862 71.1340984824121 85.4769371349249 84.8625819457626 89.7120243674251 100.125326265191 90.7445852475941 87.2705432877632 87.4839663159775 94.2075658848917 145.383224487305 144.612791933748 159.635256830551 146.725680654896 138.416542279473 142.140717635273 171.732560236402 227.388565063477 136.706640228853 148.850601575847 164.872608891154 127.804967011918 174.377274868001 143.25796772517 119.141363114636 144.137170657554 76.7195491651861 139.538801740542 217.422409057617 119.580382506837 0 153.266260938373 105.666999816895 122.050810931621 190.954208544005 0 194.08561706543 128.027855931799 135.36701565032 119.956457650822 151.025938721418 102.862387305968 0 240.148893348179 144.659863438407 115.308134780067 154.132083292721 133.519629398704 0 216.261657714844 135.978226741009 142.085144601249 189.77964105062
36.4395030928713 144.720723279017 122.348425165317 110.965416488935 26.194802856025 20.7674315985396 58.6378929450138 0 87.2278619261508 50.9180339090069 66.8425313869109 74.9125379973812 64.2732083579393 25.4428602620709 45.7397357792776 119.957185734072 128.074898688343 113.316140669457 109.335001833762 90.226139304024 107.114440943833 109.840855253087 115.383638384094 98.454792080237 100.587357525209 143.077790831436 138.92226241066 94.8493829470272 46.1958823601545 80.7213513918134 181.496871948242 25.8145284380757 67.9103196862659 43.8663298111726 68.4318907398859 74.9911131768492 101.769163391845 56.0268052042676 67.7799187361633 27.7317705648868 28.7589506328095 66.4634251828894 168.99332850668 172.483174849346 174.460454748326 159.042014950565 182.880729599478 194.041788328024 75.0091323852539 157.544196147891 202.010162483091 191.101531090536 182.929432014198 0 176.374591596332 151.98050266766 177.127045102347 111.822518314647 169.477798995475 221.048765075266 135.580229636512 78.3019485473633 184.432171675416 167.695755004883 155.352552013436 0 0 0 142.010362873909 167.601790035296 153.58137574229 178.894602018992 136.244280199285 208.270747539582 186.808424503539 184.853220570913 148.412684907065 179.844717747933 163.294971809764 0 225.596891722719 157.776796939614 177.053820299683 171.146958451698
70.9818122458789 71.0276357889336 93.5852616985179 53.1505501898757 54.4425373319943 65.7389895212768 57.029154064173 87.2278619261508 0 76.9842767418181 129.798194683139 33.2142984887115 118.797801617608 90.0350853858659 28.0472714681482 54.3942914414022 122.221048523506 145.905162642836 132.949925400807 54.6585828781122 64.7961247244954 32.2556329772681 82.0300212798092 23.575061728782 100.958168675142 116.111587045912 85.5778161974081 54.4236699635705 84.2048904206131 58.9947491366379 138.618408203125 115.741646459311 68.3154175062089 79.4952065333928 77.0459386198199 77.1204313992026 95.814310154465 85.6356414959022 82.3128067424408 27.4607997775613 86.6514214110616 134.920621849517 103.060000543541 94.4801354924084 100.58022075623 101.503816982544 46.0516452566103 114.337038031909 0 89.572392323945 125.16624856279 127.846502973883 83.1392959321556 120.953571468432 91.0944436587743 80.0310447586721 105.687166468878 23.3922315174587 94.4597095823217 192.513198852539 60.4028175490449 228.667770385742 115.71227441541 59.7192136594782 95.4536785684996 156.956848925503 186.865081787109 0 77.9277488270016 85.9347391203611 69.4331622282061 114.130964921856 59.4725120530468 0 173.108275596192 121.171226534348 77.0091378581486 110.355136362114 87.1842734406806 0 157.315567016602 90.3394515172232 109.257686846884 150.149207654309
61.352059497042 150.29390849353 131.592150253673 22.8962420837475 122.086215542302 30.1185882375278 25.2728095245917 50.9180339090069 76.9842767418181 0 143.307345305083 25.6374266599019 140.572594112975 55.7304204764395 90.115411306261 117.453598466745 158.017338517719 0 144.06434934118 21.3969547788442 124.698512611958 115.10014826596 122.032041218751 65.8095272244359 201.893936157227 159.181302969958 148.065515531631 35.5165380737291 96.6620770948221 91.4116081080632 0 136.292595974836 95.5657508011076 99.2111767945693 36.9356246359955 104.206831902874 125.598648935831 102.255317975058 104.710310485805 85.6742023686181 103.715510069149 142.53123016788 177.911664513834 0 177.609310269952 181.561748710704 113.623155287397 171.317180785117 196.377166748047 162.499904665475 170.112197875977 183.919034325007 139.909235083214 153.890735127243 154.218333150331 141.513593202376 167.847448063299 94.3781074888358 152.434439669768 223.351773491675 112.859010995563 204.291137695312 171.747899275938 121.548201341739 157.382889935296 225.156723022461 241.476333618164 231.282180786133 125.952576773907 172.941327777738 147.046272768049 164.170099954866 115.574540165028 0 228.899028732365 193.084508195835 139.920290906968 182.169434469733 174.341923130886 0 0 178.367215492727 181.08185120999 191.252126061771
92.9801943436386 59.0041177203443 72.3378831545625 0 60.8583277082368 80.2788428462995 135.769495753728 66.8425313869109 129.798194683139 143.307345305083 0 130.535162033322 16.7752310553603 67.9873766073732 134.277592588618 110.743823148872 43.6588766073916 24.1701611877932 24.4014592326881 143.532642334353 90.7072915595072 98.9927347956054 75.2389992832458 137.488584451547 29.0868921811387 26.425493440162 52.1495677021698 140.45186749779 57.9600132021381 99.3059366402517 24.9017006765373 57.1527697917246 123.400071879893 19.7448896602858 131.114875341524 63.3136041367515 22.4289649184187 21.2108632882288 37.2118752207795 58.8018631604656 57.1800993024332 16.2700064339401 177.77001953125 59.6844010146868 99.5329951101506 121.797693969297 0 0 56.6277270340972 0 75.621362352649 127.418523252459 0 0 230.212249755859 0 174.435239561521 133.173797607422 0 74.8405433371445 0 62.3600424657065 0 0 155.195349270974 109.261413574219 97.6413965962384 105.920324473711 0 0 126.843475341797 187.595504760742 179.207446779193 56.5723587630129 101.198084661658 101.131881069994 197.595550537109 0 152.305267333984 95.0659695086167 0 0 137.740864399458 140.727150065839
85.6540346933517 125.011094178214 150.287078584371 50.8937449380836 63.8082115828478 30.6378312454177 72.8482864867289 74.9125379973812 33.2142984887115 25.6374266599019 130.535162033322 0 112.982540595845 92.2073718283239 19.5048025461688 124.661798868894 170.788114851983 0 150.026062011719 14.6179764887663 154.388836833589 98.2555590951243 148.028965959927 50.6287047493891 134.434127807617 154.184191511496 166.421225235972 71.819970849465 102.411725353841 120.320342834313 0 104.527074117022 125.337354978793 102.065027445699 15.1059288485374 102.436240154791 123.394300242416 95.0744052267586 102.879978035172 25.3701790662631 90.5434142163479 137.942962646484 178.931516008702 0 178.904947325715 167.265243530273 75.0750386492719 0 0 175.329021470169 152.454849240947 198.218490600586 122.36307389361 128.539627075195 134.117429098429 142.937697566224 175.071342346691 65.2327592552491 143.776400760593 0 28.2539708074415 0 173.628520417655 93.3318578263667 0 0 0 0 106.163423472413 213.154647827148 186.144221991244 156.609902963924 108.655151151492 0 0 0 139.298203582117 158.02194036458 141.211693600059 0 0 161.93669128418 162.706413191763 145.535717338469
93.8302512051153 47.7905062481908 88.35553367801 123.98811340332 43.9654541015625 68.6893378595989 126.856316211366 64.2732083579393 118.797801617608 140.572594112975 16.7752310553603 112.982540595845 0 68.7230208586617 210.850570678711 132.126393799461 76.186065817692 46.7116835917157 46.6663779412548 0 96.5476383714574 84.6007285153931 96.8587993943704 129.129383737182 14.3633102761803 19.6755708205761 16.2170710782032 14.3990103136822 69.0167679558242 94.7719655132454 9.29721170479432 58.0677101456008 83.5590060198514 20.187283833052 89.0322441053045 23.1004550724581 21.3029996242213 22.0182464645716 15.3443732665661 52.8672285987776 16.6414887568421 11.4030502954396 40.3328853354906 41.2168735924072 36.1209470589573 22.0199529996202 0 44.624507383798 33.1500055114053 0 76.0203850244741 119.161890985888 0 0 0 191.813369750977 86.2819678611539 118.97679901123 23.1748334567001 61.1695624812057 0 50.5778710115361 0 0 183.918746948242 154.278457641602 82.0972488369112 103.554024715361 0 0 117.849082946777 0 244.05305480957 43.0432995282287 90.2490913379891 91.9366168264696 0 190.199383010821 0 84.3720466375061 159.439025878906 188.994430541992 28.5602200615951 97.4636597399093
14.855007610719 135.78732777214 114.575936124209 107.361440280119 45.3177741202669 49.2266549777204 39.9580234610565 25.4428602620709 90.0350853858659 55.7304204764395 67.9873766073732 92.2073718283239 68.7230208586617 0 78.8706199587952 123.763155655549 122.02964278204 121.433096413602 126.739656284112 99.1573027085931 102.343552805708 102.576087160786 110.184731921854 98.8941947564588 102.921533407943 134.199877316111 135.631826595015 99.2689804789145 31.4294751585514 72.4309141816878 123.04231262207 21.9520400618737 55.2357234217309 48.752878794115 96.3584370013313 75.7425723623764 84.9896764493893 54.2102482383112 84.816814119231 44.9294190082302 42.16767500851 66.9377961517508 179.453616248909 0 175.785705812417 175.308575386093 169.621710044948 194.919130301966 0 163.53468042641 0 179.18619032411 188.809065836368 0 176.393660709831 156.714959617591 181.605820112408 110.268404773666 178.168889973008 229.242660522461 151.492796396854 0 184.895472411046 148.768630981445 163.917444734317 0 0 0 191.286112360137 159.542535175041 160.824479473272 181.380087372048 136.755010047142 0 242.508604353032 186.531836270475 146.019285933026 178.203887015879 157.05168007941 0 0 179.895155111087 178.379455794619 144.602900174454
86.5971582614552 120.9537222851 133.554654662835 69.9463164217233 16.9168475411694 24.956840169664 86.599432723377 45.7397357792776 28.0472714681482 90.115411306261 134.277592588618 19.5048025461688 210.850570678711 78.8706199587952 0 109.385165486344 150.269270426875 0 164.420227050781 68.6203235650582 108.799461072454 88.4277949752044 121.205763785548 48.3190618266161 156.023426498503 149.405478843221 129.730633389206 90.7458796420708 76.8260739482837 97.7071005784045 0 40.9660774202894 103.18250394649 63.1490246629252 57.0445229687331 85.9953197692448 121.492098314166 79.4349141966152 58.338849645754 9.36001821264087 25.9623955662098 0 158.131024330812 0 153.899671570247 133.021271471357 61.3436679190641 173.437149047852 0 130.600784301758 0 0 113.892204330177 0 154.961093821057 114.256463906594 157.609283447266 61.0792792799586 118.00441085618 0 92.3624181672814 0 186.622966590699 87.3694993921016 0 0 0 0 93.111707189776 139.962517514027 0 137.565300379475 91.8803815285145 0 0 0 109.519644441553 176.100976467572 161.259475708008 0 0 0 0 99.6350890722174
90.7624802308442 64.8482239972369 71.3381177968563 91.8914886306133 0 137.49544470477 84.5231763951856 119.957185734072 54.3942914414022 117.453598466745 110.743823148872 124.661798868894 132.126393799461 123.763155655549 109.385165486344 0 94.3285006931038 146.293197631836 110.559409619993 139.419123735865 17.047022828808 33.8696143211631 16.4546774647293 34.3569828501834 104.273861321425 92.6919929706901 26.6937813551691 23.3650331102519 93.472974468922 69.329571501775 123.886909484863 0 71.8542959539948 69.5515492831397 146.394064415328 72.856627529243 56.7812036586486 73.6622010082164 76.1117144993257 88.1560027351247 92.068663123222 116.191796129375 113.876597923606 94.4115502685347 108.413120808007 108.396383698465 127.94148482134 181.841750822507 0 125.673497927795 97.1114597250768 105.035068413161 157.120733149574 0 174.011099877249 127.6099641548 168.640812403145 83.1469644940487 168.14145678251 178.278472560857 188.652226923362 0 150.771222608499 0 85.818607813193 138.746134081987 177.50798034668 158.056526885536 124.499281143426 102.962446793838 63.7666634550575 98.6970822838826 99.703162902443 202.389068603516 140.849304436549 107.39811253419 106.684759717673 134.628015146113 105.189398934788 0 0 127.703365287186 110.003544173707 175.782956628979
103.759259686437 50.6729099731796 41.6177811020165 138.009088304696 0 139.390922586874 104.36041018358 128.074898688343 122.221048523506 158.017338517719 43.6588766073916 170.788114851983 76.186065817692 122.02964278204 150.269270426875 94.3285006931038 0 44.4554841748771 19.1142240111658 151.417119104174 55.1970816252531 76.384497166968 23.687217641019 114.795214627899 58.6145755002348 40.8780277033216 60.7417555552007 105.995134439576 97.990779805919 72.6070057196014 73.9254179330844 109.577729278728 90.0530299661809 37.3233398760291 153.618783351704 71.0995004323807 47.2493398016145 43.5186710748929 56.8267925243555 80.824964354684 88.1402539812665 59.9476303715253 138.567328244464 109.610224437977 131.43330554849 126.34557747074 184.476124662097 212.018890380859 0 0 71.321151411177 102.898032371415 0 0 0 186.925945225089 0 117.429414698668 0 107.230407217855 0 98.3731473228956 180.55196294769 0 136.58567377924 112.965123904985 112.18320374063 109.73614023802 0 156.119848734865 96.8035644477419 133.512744497188 160.414688625318 93.34327962254 102.87641416393 100.253969825002 164.138396692909 178.334588547353 151.680721748338 133.623260498047 0 0 119.57249588613 157.743915874819
131.061294555664 64.3847911810968 78.5338515835073 0 0 118.625534057617 131.979473434142 113.316140669457 145.905162642836 0 24.1701611877932 0 46.7116835917157 121.433096413602 0 146.293197631836 44.4554841748771 0 15.2215345829702 0 101.826801562705 99.6861784647299 79.6614310538462 156.501186808321 42.9341743953144 25.0098199753215 63.6782054846232 127.020839687572 124.312359970248 109.668745416332 51.0202257746036 193.178237915039 123.163778802547 55.1880143336819 220.289657592773 96.9530423961386 45.0376086773738 54.1062704389737 70.0348625736852 111.751235961914 167.095550537109 56.8419575774961 131.671157836914 70.4546351702802 119.78279161432 111.273495708964 0 0 67.5576070523134 0 83.9330225034696 0 0 0 0 0 0 179.484771728516 0 87.2753162220332 0 80.4413772414977 0 0 173.363235473633 110.306457519531 99.6655108151288 111.621897193809 0 0 110.589891681356 0 201.600570678711 66.5886054452092 99.4560141487513 106.570109370311 0 0 0 105.273608223234 0 0 114.777840999387 0
124.540136113314 51.669696228513 63.4541191365823 162.591171264648 89.2593403659182 146.171307207763 129.383600796294 109.335001833762 132.949925400807 144.06434934118 24.4014592326881 150.026062011719 46.6663779412548 126.739656284112 164.420227050781 110.559409619993 19.1142240111658 15.2215345829702 0 151.649520874023 83.1161996033377 91.739934044178 60.4439339301739 134.658262661322 27.6885224368439 32.0111161232799 52.8883767153454 135.978110290303 102.98234448904 96.1387302763782 51.137882864928 76.9168907822102 105.413194249554 36.3152441697912 143.331481188242 69.0138516930084 39.7481430162463 38.9229918404406 50.8357829443044 111.904036172916 104.839997444931 43.3653586155646 131.305435180664 88.9334138995443 98.9138059532101 0 0 0 48.151065826416 0 65.2094456583082 118.143333747146 0 0 0 244.873870849609 0 0 0 76.1231485651789 0 62.7030001788013 209.449951171875 0 0 123.238089776951 89.6319937101747 105.507129273504 0 157.379058300003 115.68197749475 148.405278683248 171.674209594727 53.5486753324375 90.3929819815475 88.2605334540382 174.089385986328 0 165.755833094305 87.8372381673684 0 0 122.590787760926 157.156433105469
87.0092481121031 0 146.95138777442 14.4149368138409 95.0087050229199 58.7656861893001 36.0903290877325 90.226139304024 54.6585828781122 21.3969547788442 143.532642334353 14.6179764887663 0 99.1573027085931 68.6203235650582 139.419123735865 151.417119104174 0 151.649520874023 0 127.886955231783 103.781215496567 122.802392735388 23.8376041460966 0 150.435852747326 134.248980669247 42.247047150031 103.659880333121 114.020775241936 0 137.902545935253 95.1126151995143 103.822402971158 39.2824520287405 102.657436190825 113.557148364361 102.776206209436 108.617514644498 71.1901784688574 100.98149898385 0 157.232645901167 171.185134887695 170.785148721986 142.386459350586 92.8552835978352 151.678909301758 0 145.683140393095 136.684795087018 164.305862426758 111.721009342698 130.04182434082 140.627897338909 128.643228543238 149.289577414929 77.1811517311805 136.765805105627 0 40.399581833125 0 167.915033847444 106.553249909187 137.157690960119 0 0 0 54.633594830099 174.197146467817 141.301796771835 200.731614867007 103.859410641336 0 0 156.486711779987 125.347458964524 172.472779422033 150.428484838025 0 0 169.04069519043 155.174990354004 169.377714943002
82.4902076854834 90.04877306423 60.4311325417806 96.4012283043357 122.696846008301 123.843022161829 69.8870444141308 107.114440943833 64.7961247244954 124.698512611958 90.7072915595072 154.388836833589 96.5476383714574 102.343552805708 108.799461072454 17.047022828808 55.1970816252531 101.826801562705 83.1161996033377 127.886955231783 0 52.1360301414301 31.7270958215617 46.8200610794566 112.964607995113 91.6205628693753 75.6322104799068 25.0858264982345 78.6928831466907 26.6296347528913 0 147.665519787841 71.5786236559194 44.0916525363432 145.842743397989 70.8060504572007 58.638322623784 59.70586577864 69.384293755655 82.1962795503568 91.9817467145748 80.9013434217872 121.656406536094 102.651113489502 123.577620398832 128.709162555721 123.944501242255 0 0 123.648658928617 149.428517681286 129.827596945585 143.086150357239 0 164.909034894094 139.51470814459 159.821141318909 88.3277871503319 170.010712811483 167.408065795898 0 0 152.122229546012 152.254989624023 77.0969389755344 149.494497584304 196.266196022155 0 217.445465087891 107.664016857189 70.6975422668755 111.293496444801 109.113481544809 104.618316650391 150.211182205512 127.237058286274 115.800845619035 138.631002513035 111.91980947108 0 0 115.945307747192 117.957312615263 168.256235484926
86.8825099543849 27.9605741866886 48.2288684978645 89.3452764726051 122.331213361559 106.203028246806 81.7424304126623 109.840855253087 32.2556329772681 115.10014826596 98.9927347956054 98.2555590951243 84.6007285153931 102.576087160786 88.4277949752044 33.8696143211631 76.384497166968 99.6861784647299 91.739934044178 103.781215496567 52.1360301414301 0 48.6048061328732 30.49463484242 60.0960097006903 73.4887530769314 37.8807270308906 56.0556868510009 84.54825122836 56.5005787463941 97.7539326967786 138.697739584305 65.5431976876736 58.7832232203645 144.197394287824 63.3252679866224 46.4482535543936 62.627945654763 62.8291967496746 83.2929508383893 89.0831524969372 70.2044702584867 88.0363043598184 64.1915380771528 82.8910351464241 82.8048270230468 89.6148670761557 143.224395751953 0 117.909496789928 43.8881119854274 73.1800612821092 132.040587076841 121.264709472656 153.487391143649 113.084127540299 146.076641576172 47.011751308129 140.930690704631 150.935867770578 125.880068210598 122.593706988494 134.811840356778 111.932740230453 58.1157737116284 96.1305479736857 98.6517791748047 108.364691793015 134.163692438141 77.8376388578667 26.3087983398694 66.9964139586153 81.8456806789062 111.099868977891 110.032183680356 69.3414975145696 93.5900765030264 108.152633423208 83.7364108826143 142.328079223633 0 92.9847993286372 80.4506009289823 164.743540207081
90.4090341358517 60.2878573974201 35.0615636802596 116.711026067514 158.984156485941 123.633823966186 78.7000294652212 115.383638384094 82.0300212798092 122.032041218751 75.2389992832458 148.028965959927 96.8587993943704 110.184731921854 121.205763785548 16.4546774647293 23.687217641019 79.6614310538462 60.4439339301739 122.802392735388 31.7270958215617 48.6048061328732 0 68.3360161915641 96.6077523179597 62.2808408845204 36.3855075758217 54.3400461454942 95.486623501747 55.1849974031842 118.752739905022 151.718483160942 86.645661567854 49.6525836362258 144.310591338787 72.1856709029537 49.911787864506 58.5292370622695 65.8927137038398 82.6673231623847 98.2292543012168 88.1917804488835 123.046699867501 95.6140339973835 113.124720984563 114.238123085297 123.229117951378 154.969630008449 0 138.366830416954 71.0611547541275 98.6859779636231 171.905599945062 0 172.680328452825 148.035898271692 178.732217316701 99.8229333068972 178.32279722244 147.525979694937 154.477453396733 202.505577234357 169.323077153333 162.082857211006 99.6734218950338 120.5549070101 162.31192009282 139.479466853024 176.279343589303 116.914764723022 65.6722407663798 103.803045629234 123.801013274111 130.985701508903 124.994098383795 95.4980280621847 130.487288950499 144.065163865493 123.321939612985 169.727813720703 0 136.799854475571 109.672661004812 176.194657821759
81.8567795966236 76.1035601739321 92.3814301578568 25.0580210673843 77.563318194163 85.7013749510829 53.0933002292951 98.454792080237 23.575061728782 65.8095272244359 137.488584451547 50.6287047493891 129.129383737182 98.8941947564588 48.3190618266161 34.3569828501834 114.795214627899 156.501186808321 134.658262661322 23.8376041460966 46.8200610794566 30.49463484242 68.3360161915641 0 106.104804681514 114.669742445137 74.4650603810536 20.5004685786663 90.4030316253723 66.8732004917064 0 133.946829006336 74.1561966494701 79.7392646532965 132.050422708977 81.259435581182 90.3615738200763 86.6092088509732 85.1265054380226 54.2192869892952 99.9794067468514 0 121.565116291007 118.992738049784 129.183853529586 124.636290359413 91.3318171415479 137.398663378396 0 118.923062800059 122.520374203498 136.690446719832 105.058144438092 145.216704354245 119.085490347319 103.434597010365 129.238749519796 55.7124811125714 116.256029425724 203.252321334794 86.4578061474904 0 134.620404882036 84.5694446670857 99.8953346521186 157.67528914355 200.108209759178 183.405850865612 102.691416878938 104.863654219439 83.8122537141768 119.139085330265 83.7764417926164 188.399470838236 162.864620635585 142.629571650666 97.5816558102875 133.01657585193 107.456677941852 166.369995117188 178.317919729997 112.564463902392 122.675754840382 174.823428834365
0 19.9015976855117 69.5657148148055 152.05143737793 0 67.4487609863281 135.795666850598 100.587357525209 100.958168675142 201.893936157227 29.0868921811387 134.434127807617 14.3633102761803 102.921533407943 156.023426498503 104.273861321425 58.6145755002348 42.9341743953144 27.6885224368439 0 112.964607995113 60.0960097006903 96.6077523179597 106.104804681514 0 37.419987483529 26.0520279369123 86.8272178576222 87.9271823126943 133.100713198036 41.6222502177337 0 0 43.7007815383988 105.518295288086 80.1850250142138 20.60164303512 39.6484991485906 40.0868884261977 127.153360195781 69.2554931640625 17.1380402112672 75.2489373692051 36.5401368910392 59.9461908472774 40.7086926409984 0 0 30.1797275752421 0 32.9748461339809 106.735349624195 0 0 0 180.369186401367 0 127.58436342064 0 52.0240678880811 0 40.4556729589445 125.08313322599 0 113.36198425293 107.82931970345 66.2785228662471 71.4393154540456 158.553894042969 0 91.5521554063915 109.448973828087 141.698296193815 29.423711488724 62.0296033447821 57.5996025176465 145.453600534608 0 144.913146972656 69.9249283715364 0 188.659286499023 59.5492080184207 226.726364135742
118.689210597647 43.3384800090217 23.4131829047512 145.515132151254 198.679794311523 156.188637308034 118.354652015119 143.077790831436 116.111587045912 159.181302969958 26.425493440162 154.184191511496 19.6755708205761 134.199877316111 149.405478843221 92.6919929706901 40.8780277033216 25.0098199753215 32.0111161232799 150.435852747326 91.6205628693753 73.4887530769314 62.2808408845204 114.669742445137 37.419987483529 0 23.0427310578662 113.823789268547 122.899278284841 102.417965609099 16.165400239619 105.427848815918 127.09297672983 56.7036651034941 173.921268315767 78.8765887213029 47.4710695840132 57.2111222969519 67.2603370919978 89.5275996090494 82.7950923176029 62.2550596245895 139.159487526711 86.7006998081224 109.413773625652 112.820200449932 146.182593746099 0 66.9168942996411 0 59.7577637102602 102.727842402538 0 0 189.118696418665 172.398807032018 155.457150584282 147.811367159869 193.256580840235 88.0158150183252 232.989120483398 77.5174072703201 171.358972943141 0 137.651578241788 102.788346059289 95.399492096834 95.4251655857785 218.72449696023 161.931333739505 101.042204760819 141.259873072784 158.549249179599 60.9910365986074 89.3322433227023 88.4110419744951 165.624334172063 190.568091396678 167.5649224873 100.446403808775 124.472531059559 177.392414536347 108.057239338228 169.09234190119
121.439630128985 24.8177674911967 33.9916239858361 116.912741838944 0 144.167113140799 103.717930876776 138.92226241066 85.5778161974081 148.065515531631 52.1495677021698 166.421225235972 16.2170710782032 135.631826595015 129.730633389206 26.6937813551691 60.7417555552007 63.6782054846232 52.8883767153454 134.248980669247 75.6322104799068 37.8807270308906 36.3855075758217 74.4650603810536 26.0520279369123 23.0427310578662 0 87.3573280931997 122.475757822121 95.3394040653753 14.7681500447502 134.60008281171 111.470244967837 63.6312915073031 150.704349541055 76.2007984146208 50.5442972799061 63.4913038497377 69.7701010708092 87.2329023656827 86.7054450270738 67.1422685993511 118.001741953927 87.925775605437 101.413205135269 109.83988739238 122.058766415418 180.205825805664 82.4153345383946 160.864896158884 55.641511106088 86.221533985349 204.986071792023 0 166.092825729936 147.184866169663 184.534565717171 109.727460972516 198.956706087031 92.2342711842438 0 81.2195036222843 175.523172052756 160.029248969694 106.64062784803 99.5926064200103 96.6290195557398 96.8247267095521 188.659779763666 122.407702161877 64.6400730690298 103.083715718738 131.357903285852 63.1018291155022 89.0224256087645 84.0345873667204 140.652320168811 170.563708151953 137.811975338813 103.569412772614 0 146.910116107226 100.465606794453 163.050928275478
79.5724935266639 102.457696800285 86.3909181565164 19.4385369289138 122.391001251721 79.544571348942 37.4524632816659 94.8493829470272 54.4236699635705 35.5165380737291 140.45186749779 71.819970849465 14.3990103136822 99.2689804789145 90.7458796420708 23.3650331102519 105.995134439576 127.020839687572 135.978110290303 42.247047150031 25.0858264982345 56.0556868510009 54.3400461454942 20.5004685786663 86.8272178576222 113.823789268547 87.3573280931997 0 88.2355071354985 35.5704287289078 175.866775512695 99.174239350276 73.8355735921787 73.4282911010822 130.734942269498 80.0154952687272 83.2498993926242 83.1456051866146 80.0382044845017 87.8975939603589 54.6033848025508 26.6236135103402 134.643013936857 112.437046612892 141.249779342214 135.40665946675 129.05095388381 143.423685335188 0 121.781233691804 156.77690736302 129.939452313904 123.507522874773 161.884650800978 144.366834466766 119.42847468727 144.62250678818 73.1800268451018 138.977923840216 181.055195641604 119.456729810868 216.179258000115 148.093673168832 119.440107478167 99.8056224745918 173.610737110967 0 177.233845399993 114.292335729302 113.225951957835 86.3146596638824 120.796078029594 92.6969730308396 197.001953125 176.164913778374 147.398756766816 110.781457989106 136.178374044531 115.438687524572 0 179.582499042746 130.617773639831 137.211065098786 169.201421193209
16.1491521006936 126.887124482509 107.287322405664 104.411741207044 28.6243923821084 76.6515311881789 48.4447204683195 46.1958823601545 84.2048904206131 96.6620770948221 57.9600132021381 102.411725353841 69.0167679558242 31.4294751585514 76.8260739482837 93.472974468922 97.990779805919 124.312359970248 102.98234448904 103.659880333121 78.6928831466907 84.54825122836 95.486623501747 90.4030316253723 87.9271823126943 122.899278284841 122.475757822121 88.2355071354985 0 27.5332536763541 0 14.5718221387575 16.0280118415204 34.9854684509666 111.429383630283 60.8434541614735 74.6659113508806 45.1324757542507 59.2460072698093 50.653711772501 33.5364773845512 59.76185871519 153.473169104923 123.444456177275 164.577007949078 181.347835230691 144.361782908446 193.501366971851 0 165.609887098123 157.567318890313 159.632159556074 160.009554147463 0 176.084143153272 148.579755011696 176.127222070737 100.865965619398 171.550121926704 0 159.1032593722 85.6171035766602 179.549542099993 0 131.767813769132 207.335375329748 0 0 194.759665876325 138.460898486687 116.488952589967 154.801270221244 131.115404668718 197.055252075195 225.602649973379 188.796728372427 140.760861599533 166.907570520756 141.181147016119 0 220.626846313477 159.716840866724 165.272199547944 196.469725921959
33.8699141385836 95.1519189826289 77.0609462306167 97.4649067657811 123.251871040773 91.1861956032933 19.6138057240831 80.7213513918134 58.9947491366379 91.4116081080632 99.3059366402517 120.320342834313 94.7719655132454 72.4309141816878 97.7071005784045 69.329571501775 72.6070057196014 109.668745416332 96.1387302763782 114.020775241936 26.6296347528913 56.5005787463941 55.1849974031842 66.8732004917064 133.100713198036 102.417965609099 95.3394040653753 35.5704287289078 27.5332536763541 0 160.744873046875 123.952483827309 46.1960922096634 35.4237605590358 138.615046710582 62.3796265084026 69.0823959922522 57.3764880691985 63.4756966353825 79.4973229887113 84.8959661689283 73.6911163330078 127.667654985408 139.924033388762 135.703341608595 130.427399960616 139.785121169278 190.713382955447 0 124.856256717322 128.842781757071 137.887221192742 162.255176886484 173.39274173586 149.307420314455 125.588447576956 151.856127417928 81.6089341295199 164.079644545933 0 128.262023925781 0 153.35276325886 125.345153808594 104.734440760773 167.034024677619 0 162.660833655125 139.696343637165 112.217037788467 73.7723946335677 117.923458612085 104.365564743602 0 173.436165523731 141.307974495834 108.21040001324 137.015650095118 116.732866523456 0 214.352752685547 128.786831351197 130.010154536748 166.78213903914
150.092956542969 64.4849987209949 86.7510323672407 0 0 0 0 181.496871948242 138.618408203125 0 24.9017006765373 0 9.29721170479432 123.04231262207 0 123.886909484863 73.9254179330844 51.0202257746036 51.137882864928 0 0 97.7539326967786 118.752739905022 0 41.6222502177337 16.165400239619 14.7681500447502 175.866775512695 0 160.744873046875 0 0 0 73.9243307897865 0 125.807914733887 50.7551153522766 65.2924944300121 0 0 0 54.6615063212635 0 61.7481601142064 93.4992382636508 0 0 0 63.8237533569336 0 91.0115788854496 197.56071472168 0 0 0 0 0 0 0 82.2277082121458 0 77.8631685477113 0 0 0 0 100.278121996184 109.445138364603 0 0 0 0 0 63.0902598360556 107.789216201024 100.280353173189 0 0 0 105.376287196586 0 0 0 0
94.3051534892391 175.707504272461 155.362195121188 154.607074748534 10.9664247174228 15.8084920061235 130.873238844862 25.8145284380757 115.741646459311 136.292595974836 57.1527697917246 104.527074117022 58.0677101456008 21.9520400618737 40.9660774202894 0 109.577729278728 193.178237915039 76.9168907822102 137.902545935253 147.665519787841 138.697739584305 151.718483160942 133.946829006336 0 105.427848815918 134.60008281171 99.174239350276 14.5718221387575 123.952483827309 0 0 81.2903572022163 20.7262846079704 98.5621398821139 75.3291030371766 72.1474296596486 43.2234273767517 47.6732667204431 40.0512206569927 18.1094760235464 53.3122327105534 172.608459472656 0 216.90234375 193.553894042969 0 0 0 0 0 0 229.701585971588 0 0 193.45724036013 215.499532388105 129.638702392578 202.006256103516 0 182.69775390625 0 210.373153686523 0 198.704254150391 0 0 0 0 220.023315429688 0 0 172.675143658054 0 0 0 179.75119584823 205.048764004098 188.713714599609 0 0 0 231.010802269715 0
