0 26.3156425654888 197.756439000368 49.6310957074165 8.27360093593597 99.5988433361053 6324.54845800996 780.600723862648 341.926713913679 289.307965755463 44.8738912343979 26.629459798336 4.85552731156349 11751.0602308512 1.48874229192734 56.1504040658474 170.777346163988 2.12706410884857 43.3916499018669 46.6583086550236 347.926411658525 171.992189437151 446.091785281897 579.69335642457 3.04075622558594 66.2662691473961 140.326493114233 833.784229815006 15374.4189768136 3685.90077751875 0 25.1036093235016 480.563537597656 702.860257059336 47.2260221540928 569.511186182499 45.2656995654106 359.52220723033 50.4705198407173 146.805020272732 81.6585258543491 2.65675288438797 48.3806048035622 2.88818860054016 10.5958189666271 5.29038226604462 4.46866580843925 1.70180600881577 0.543651640415192 11.039051502943 1.17567890882492 7.29402375221252 3.16302877664566 0 0 86.9320034384727 15.2953347861767 23.6115864217281 13.5844506025314 0 1.92030960321426 0 21.5451077818871 1.29219198226929 6.70409631729126 1.33455100655556 0 2.38270062208176 0.679646968841553 15.8172367215157 4.92899492383003 18.2866430282593 163.68143221736 0 1.24934870004654 15.7781884670258 159.292691379786 18.9229705631733 35.6650516688824 0 2.63947343826294 1.22873830795288 12.5767353475094 17.895348995924
26.3156425654888 0 1699.08252853155 2.54329538345337 0 6.26516425609589 85.2104526758194 15.4296902120113 960.800696313381 15.2128484547138 228.496990859509 9.0039969086647 664.06747430563 44.8819869458675 24.2443020045757 253.630314260721 990.508585512638 40.6183756887913 444.489560961723 2.75116264820099 127.388640552759 4145.69098308682 687.138096064329 527.846110999584 3336.84040728211 2125.04662656784 11657.6870758832 160.724128246307 48.0346848368645 158.868375569582 19.5394442081451 0 6.84148815274239 411.641461223364 19.150478631258 762.157009780407 633.478395044804 821.015907436609 309.591409802437 98.3565993010998 3.0847142636776 49.1281849443913 42.6305498182774 71.0978101491928 98.0963366031647 28.7378347218037 1.44867151975632 0 0 2.51102763414383 180.990007132292 232.867060601711 0 0 0 8.87297567725182 1.18191158771515 4.45834466814995 0.972531616687775 13.4891164004803 0 20.9216507077217 1.8796968460083 0 22.0366947054863 111.24987629056 7.172791659832 78.2817145287991 0 15.4304388463497 20.6865029335022 97.8161297440529 8.55751815438271 17.2833988368511 320.989314824343 619.416503876448 10.1330870389938 1.79396945238113 5.89489233493805 0.477412194013596 0 0 34.5832614302635 20.4172542393208
197.756439000368 1699.08252853155 0 2.8040075302124 0 45.4441530108452 1271.32312947512 280.924068629742 77.5202529430389 70.1846116781235 171.787635684013 2.27595019340515 53.8751129209995 437.993829011917 1.66344290971756 126.564410150051 6464.77476301789 68.653758585453 907.390943855047 3.20394831895828 1402.17180144787 756.84717041254 19029.3874690533 240.887619525194 68.3019528388977 13385.5423754454 12659.9128731787 998.858338713646 226.091010481119 1744.74996444583 12.7703737020493 2.85887029767036 30.8609363734722 1231.32221722603 79.9174308478832 3111.85895913839 2335.86305323243 2741.85998404026 1250.86228269339 51.9570268392563 9.05311298370361 5.86010140180588 163.010295391083 171.723223000765 316.636579185724 88.3457571566105 14.5663327276707 2.75649777054787 0 4.95104983448982 195.041688144207 1019.95816010237 1.30337461829185 0 0 39.4855882823467 4.89736521244049 8.35406827926636 4.74772334098816 12.6756579875946 0.373302310705185 6.58922851085663 4.92010635137558 0 108.018464028835 286.980165928602 11.0556921362877 83.6299595534801 0 60.5249527990818 121.719231158495 606.884840130806 37.4161702990532 8.36543467640877 392.325611799955 2346.46338474751 43.6016283631325 3.5472908616066 80.2666701972485 1.24788987636566 0.474435865879059 2.79330015182495 131.474293410778 45.4268200695515
49.6310957074165 2.54329538345337 2.8040075302124 0 0.769814491271973 167.57300889492 421.577424824238 95.7288034856319 267.584703207016 3769.30658614635 0 2623.68553090096 0 132.753496915102 40.5623729228973 0.741971611976624 0.49593311548233 0 0 23881.7346749604 2.07926797866821 15.4884733557701 3.98868256807327 1959.81442153454 0.808350116014481 0.670725584030151 0.529703617095947 12720.4074686766 128.030444383621 11.0252953767776 0 0 11.4964492917061 41.2217038571835 27.6229556798935 135.10335791111 1.30971425771713 41.625496417284 5.97636276483536 86.9891250729561 19.9916915893555 0 13.3003162145615 0 2.35091805458069 0 20.314056634903 0 0 0 0 0 61.1388483643532 0 5.53232434391975 38.8115014731884 8.9177425801754 27.1742177605629 134.641841590405 0 19.9219123125076 0 7.71781241893768 4.59411036968231 0 2.38295078277588 0 0 76.6070942878723 0 0 0.423166751861572 90.0161419808865 0 0 1.06305265426636 161.788480788469 3.50905919075012 0 0 0 0 1.57544401288033 4.24392396211624
8.27360093593597 0 0 0.769814491271973 0 1287.01105645299 11.298082947731 765.893569052219 86.905426889658 12.7272101938725 17.5924067497253 88.6200930476189 1.16300424933434 71.8802877366543 2906.41958487034 0 0.955168277025223 0 0 6.31987392902374 0.482334762811661 13.3279309868813 0.726657509803772 49.7558374404907 1.47492706775665 3.08138710260391 0 14.5470785200596 168.986989349127 3.32139632105827 0 1990.80578646064 0 798.801845639944 2.34208050370216 22.3025053143501 0 32.2473289072514 3.24076992273331 6424.93070307374 1958.33447021246 1.54431200027466 0 0 0 0 0.925047338008881 0 0 0 0 0 0 0 0 0 0 0 0 0 0 0 1.0420446395874 1.03499758243561 1.14921116828918 0 0 0 0 0 0 0 4.10380220413208 0 0 0 0.625881910324097 0.378064453601837 1.06906786561012 0 0 0 0.821689188480377 1.31096541881561
99.5988433361053 6.26516425609589 45.4441530108452 167.57300889492 1287.01105645299 0 3570.50954148173 15929.4311691821 248.175894647837 16880.5661708117 59.8563884794712 4944.93513768911 12.4745740294456 2322.11531800032 1218.31236767769 6.74104028940201 8.46510365605354 3.71445024013519 15.2019753754139 788.683230280876 42.3840795755386 25.9210972487926 72.5704558491707 439.209691017866 2.73399251699448 15.1190064251423 26.8901721835136 825.761055231094 684.085392147303 100.967601567507 0 1596.51495483518 10.6566629707813 794.45332223177 35.1702923774719 198.03748613596 15.7827699780464 199.520352065563 26.3745449185371 2769.4454562068 1489.02884885669 2.0618517100811 18.0904152393341 0 2.11883828043938 0 7.84367313981056 0.69263356924057 0 0.364620804786682 0.744959712028503 0.65950220823288 15.5711948871613 0 3.38525122404099 67.7239224016666 11.866885393858 34.9145812392235 35.119719684124 0 12.224361717701 0 5.6908273100853 2.99491405487061 2.81331145763397 0 0 0 11.5649809241295 2.45817142724991 1.29891616106033 0.342373758554459 112.834140449762 0 1.73988589644432 5.06923812627792 110.620028138161 8.00729766488075 4.04373350739479 0 0 0.910444438457489 4.16692236065865 3.16927486658096
6324.54845800996 85.2104526758194 1271.32312947512 421.577424824238 11.298082947731 3570.50954148173 0 5478.35762897134 2209.46540886164 10721.2501152456 58.2830378115177 549.319284170866 15.4308742582798 11254.2941147089 84.9915869832039 296.591273844242 271.200296133757 7.22400856018066 51.5245189666748 377.640457719564 1313.79307258129 509.102681875229 2157.28985741735 6098.9457359314 16.5919748991728 249.2447232306 666.394491404295 21310.0044368804 4046.31886908412 10621.9047469795 2.19681033492088 24.0921663343906 562.356282889843 1402.8148624897 209.145553439856 2757.43715175986 180.970658093691 1075.20664563775 241.655672222376 684.221492052078 371.461992174387 10.1713314056396 193.560907781124 10.1506232321262 38.4305883646011 9.71345898509026 64.5756246447563 12.9948216378689 0 37.006136983633 3.02258783578873 26.2383401095867 63.1633322834969 1.04817938804626 23.9908252060413 462.015935748816 73.406246393919 240.877382993698 165.691865205765 0.713786423206329 52.7940174937248 0.677775681018829 87.6571224033833 10.4845103919506 67.7187042534351 6.70917490124702 0 2.34500387310982 72.9042618274689 56.8360770344734 34.8361883759499 96.8527145683765 882.175268501043 0.985422998666763 11.2077595591545 85.32141071558 846.613332360983 73.7206518948078 98.9396322667599 0 0.740020871162415 11.0329836010933 65.2899417877197 53.5780766308308
780.600723862648 15.4296902120113 280.924068629742 95.7288034856319 765.893569052219 15929.4311691821 5478.35762897134 0 479.768712818623 4688.29952284694 311.977447301149 849.456263244152 57.5711175501347 20053.366763711 435.059674471617 34.1286063492298 132.804320991039 13.3642250299454 44.1627298891544 280.589258164167 230.638273894787 93.7339446246624 442.691755414009 751.23956412077 5.52674636244774 101.49964427948 139.668026566505 943.958752185106 2352.26238748431 1105.14882603288 1.21009039878845 1539.68127980828 34.7423332929611 1994.11157888174 40.1145829856396 529.26421251893 78.8667129278183 622.257427304983 76.675805836916 1904.81589180231 1827.19943910837 9.97023874521255 43.5922809541225 2.54795891046524 24.8891224563122 3.99655479192734 17.0608148276806 2.68706226348877 0 14.7522020936012 0.624158382415771 5.5560967028141 14.3416132926941 0 9.94539600610733 143.044660240412 18.6526331305504 62.147982865572 37.4485044181347 0 12.295550942421 0 24.664749532938 3.26551932096481 11.2073949873447 2.40524935722351 0.895178139209747 0 15.5492867827415 9.02974206209183 8.06731018424034 19.1707947552204 216.420141458511 0 6.96694728732109 19.8600760102272 234.993644863367 17.8556546866894 21.8711234927177 0 0 3.09147253632545 20.2124856710434 12.937853038311
341.926713913679 960.800696313381 77.5202529430389 267.584703207016 86.905426889658 248.175894647837 2209.46540886164 479.768712818623 0 968.500346541405 25.2181285619736 1250.14522343874 87.8972356021404 726.563666582108 1328.38772875071 171.585480719805 31.6650475263596 5.11374965310097 21.7618635594845 234.296794265509 105.792563438416 6222.9642906487 132.535471618176 15514.8449034691 331.295951247215 95.5395038723946 621.30531668663 3679.6860421598 609.667170166969 705.353420883417 4.45846766233444 6.26135864853859 162.836400508881 188.156642407179 27.5577628612518 635.172289311886 47.7457406818867 168.075921475887 42.6730292439461 2554.04886960983 51.882775247097 1.64880159497261 121.694063127041 7.37133598327637 29.7095676064491 3.7050598859787 122.34632435441 9.39482846856117 0 36.534995675087 7.43892616033554 11.3987397551537 69.2143539488316 0 16.6352676749229 403.163566738367 63.048690289259 336.560125529766 170.636755764484 1.79194566607475 79.6221162676811 2.53500667214394 72.1928743720055 23.5057835876942 28.56500685215 4.79141330718994 1.3129723072052 5.82963690161705 75.9137006103992 26.825786113739 25.0710225999355 45.2196094095707 908.901516795158 5.43165290355682 4.54985639452934 27.2493324875832 728.920296937227 61.3216989338398 90.1294865012169 0 0 3.55613803863525 29.1627621352673 12.0643936097622
289.307965755463 15.2128484547138 70.1846116781235 3769.30658614635 12.7272101938725 16880.5661708117 10721.2501152456 4688.29952284694 968.500346541405 0 26.111455321312 13149.3030591011 0.834667384624481 1865.33750912547 120.832854092121 13.2345310151577 13.3190271258354 0.743524253368378 7.51036795973778 16742.483599633 54.3113021552563 44.8673357069492 82.7793361842632 1891.05991661549 2.03104493021965 18.1337018311024 39.4483691453934 7025.07462200522 1124.60535162687 124.84647616744 0 24.0148767828941 53.5973872840405 448.732796758413 80.4121139645576 1057.01618108153 26.3097394704819 299.021381556988 53.5870891809464 642.65000346303 180.598059743643 1.72102254629135 74.4498693346977 2.29907119274139 4.90447098016739 1.71316331624985 63.3990803658962 4.3591051697731 0 13.2238525748253 0 1.17657309770584 179.044431507587 0 20.7589232623577 203.501195400953 58.7673562169075 141.289278358221 167.117089420557 0 63.5475722849369 0 37.1048108041286 10.2400686144829 1.85606878995895 0 0 0 67.2523014843464 2.96048867702484 1.88674560189247 5.19761222600937 450.200059860945 0.458423972129822 1.21412166953087 6.5492422580719 364.079335033894 17.9501369595528 5.65748384594917 0 0 0.565200507640839 14.9604325592518 9.67289781570435
44.8738912343979 228.496990859509 171.787635684013 0 17.5924067497253 59.8563884794712 58.2830378115177 311.977447301149 25.2181285619736 26.111455321312 0 8.33035063743591 14309.5805785656 454.152756214142 2.0314222574234 9.13448244333267 926.342876702547 10911.9523021281 8428.0315643549 3.15892779827118 53.4968369603157 55.0971372127533 213.59603074193 27.7095676064491 3381.66243237257 7664.99268707633 3314.42380291224 31.8668870329857 370.633503973484 88.4774305522442 1428.4634886384 81.6570975780487 2.71303153038025 13605.0258741379 16.752186357975 528.483598828316 11510.1531384289 18793.5374749005 313.307466685772 212.370961815119 73.2280405461788 6312.35634067655 1.7544179558754 35.2409756481647 21.622849881649 5.55837082862854 4.12560790777206 3.37153947353363 1.0178838968277 0 17.0638300180435 11.6156870126724 0 0 0 2.89397326111794 0.54321676492691 0.998662829399109 0 70.0515275597572 0 310.154955774546 0 0 1.80583322048187 15.6265826225281 92.0676844120026 66.0535270571709 0 1.41950535774231 0.6735759973526 9.4274919629097 2.15286713838577 169.479179799557 323.997742801905 232.272916764021 4.98928037285805 0 1.04211962223053 13.8132602870464 0 0 12.1074967384338 9.23443681001663
26.629459798336 9.0039969086647 2.27595019340515 2623.68553090096 88.6200930476189 4944.93513768911 549.319284170866 849.456263244152 1250.14522343874 13149.3030591011 8.33035063743591 0 5.9366347193718 460.446095198393 3002.79388549924 1.32964873313904 1.4739972949028 1.3835209608078 0.946425259113312 27880.9828149974 1.96410667896271 89.6505936980247 5.21672180294991 1646.76233714819 9.87403136491776 1.82638251781464 15.7166525423527 1645.49155044556 216.134169608355 6.1900150179863 0 15.6987483799458 4.06670862436295 126.580351054668 1685.81218922138 403.279421418905 1.05879375338554 59.6129284203053 13.5609097182751 2593.58453527093 49.7165571451187 0 32.5912734866142 0 2.03371274471283 0 65.7609533667564 0 0 1.14021861553192 0 0 199.95495569706 0 11.3936613798141 51.4198248386383 12.0081408619881 33.147575378418 49.4268598258495 0 103.063128113747 0 7.29402732849121 5.7488779425621 0.528999209403992 0 0 0 24.2968279719353 0 0 0.564429521560669 122.217839509249 0 0 1.20658218860626 81.601993650198 0.49815371632576 1.03839895129204 0 0 0 2.62724983692169 0.504315137863159
4.85552731156349 664.06747430563 53.8751129209995 0 1.16300424933434 12.4745740294456 15.4308742582798 57.5711175501347 87.8972356021404 0.834667384624481 14309.5805785656 5.9366347193718 0 75.3125699460506 0.455834805965424 5.43600231409073 94.0226462781429 512.330281347036 396.66735008359 1.27756869792938 9.72633451223373 170.234335124493 42.3446621596813 41.0144857764244 11743.5012943745 2655.32529428601 5314.8726618886 16.8079662322998 60.9637644886971 28.3390007913113 1717.73730537295 14.8137112259865 3.22849744558334 2698.4757424891 22.7889440655708 735.775119066238 6201.26305165887 3551.30098202825 665.851219445467 53.0883839726448 219.190693885088 9380.30380353332 7.11037734150887 50.9883436262608 20.6359416246414 3.43060600757599 10.3598853349686 18.2360768318176 5.74608552455902 0 33.9487214386463 5.89361792802811 0 0 0 3.44879713654518 0.522348463535309 1.28785613179207 1.20033133029938 250.918660461903 1.88763833045959 840.208046555519 2.09923267364502 0 2.27384108304977 11.7334168255329 209.157582402229 125.50844964385 0 1.93863081932068 1.56974682211876 6.45518460869789 0 459.537730365992 671.251150816679 486.285270035267 2.96644976735115 0 2.98594152927399 73.0283952355385 0 0 22.0896114110947 23.2551274299622
11751.0602308512 44.8819869458675 437.993829011917 132.753496915102 71.8802877366543 2322.11531800032 11254.2941147089 20053.366763711 726.563666582108 1865.33750912547 454.152756214142 460.446095198393 75.3125699460506 0 101.058629631996 65.7786887586117 237.504940062761 15.4751655161381 93.7874373793602 228.348941206932 415.509997665882 225.750286102295 728.975805610418 1074.37485376 12.2376051843166 181.424313008785 282.40959456563 1579.04008880258 11952.2220876515 2594.90749427676 1.62562066316605 1136.93148741126 122.365833371878 2703.32545942068 66.5953025221825 1308.00428909063 106.701754450798 999.77413418889 102.772645711899 1416.26256945729 679.245264947414 10.6081432104111 59.3668059706688 2.61688286066055 16.7932989895344 7.01821249723434 22.1802790462971 4.30502960085869 0 14.7395320534706 3.81576457619667 11.5840479433537 14.1071139574051 0 5.08496999740601 171.923864990473 25.0253899693489 67.1726671755314 30.7706434130669 1.37485241889954 5.29443886876106 1.39394223690033 38.9797721505165 2.11205226182938 16.4331816732883 2.36119374632835 1.62204077839851 1.08858215808868 10.1109914183617 21.5398343801498 19.889268964529 33.3333637416363 302.492563605309 0 7.21294641494751 29.6419391930103 325.81088206172 30.1632750928402 63.5116665065289 0 1.30210852622986 3.51576268672943 25.4235096871853 13.3268193006516
1.48874229192734 24.2443020045757 1.66344290971756 40.5623729228973 2906.41958487034 1218.31236767769 84.9915869832039 435.059674471617 1328.38772875071 120.832854092121 2.0314222574234 3002.79388549924 0.455834805965424 101.058629631996 0 0 2.56667190790176 1.58099961280823 2.67586088180542 57.4198250770569 1.78792780637741 100.394796520472 4.20520609617233 870.680766910315 7.89773803949356 8.06291946768761 17.0451201796532 136.498685836792 25.010257512331 5.10796326398849 0 43.0828232765198 0.682202935218811 6.33678478002548 59.1943215727806 137.640053808689 1.23677825927734 2.00228017568588 0 13329.8843854964 21.6093034744263 0 5.28021168708801 0 0 0 17.3536278009415 0 0 0 0 0 15.5670146942139 0 1.46997341513634 10.9577380418777 2.94627153873444 11.1789374351501 22.8155397772789 0 20.3555958867073 0 1.59907615184784 5.01562035083771 1.08445739746094 0 0 0 5.70743709802628 0 0 0 49.8367328941822 0 1.83506536483765 0 40.1141860485077 1.81295627355576 0.623419165611267 0 0 0 0.837263524532318 0
56.1504040658474 253.630314260721 126.564410150051 0.741971611976624 0 6.74104028940201 296.591273844242 34.1286063492298 171.585480719805 13.2345310151577 9.13448244333267 1.32964873313904 5.43600231409073 65.7786887586117 0 0 73.9849387705326 2.24100095033646 16.6822764873505 0.786471128463745 10985.2368707657 4622.67701804638 23979.8824501038 2657.42990487814 20.3080102801323 54.7317095398903 11018.1139469743 4615.07944059372 226.70207798481 888.927834451199 0.99112856388092 0.54333108663559 65.7099118232727 777.920806646347 87.7382233142853 1430.95987251401 259.176380723715 675.34777033329 196.398799240589 31.3316912353039 38.9348446428776 0 131.216256856918 32.202743768692 115.985972881317 42.1756030917168 13.4302534162998 1.44840252399445 0 20.7167201638222 5.21417444944382 51.7123478055 0 0 1.14626514911652 58.8860974013805 6.41443204879761 44.2991660535336 0.941206932067871 1.79926151037216 0 1.68007707595825 17.4076616168022 3.28985792398453 598.464733093977 11.7166627347469 0 3.13000810146332 1.30974307656288 245.067545503378 237.369925767183 997.304822087288 233.440314859152 0 18.901860833168 345.536508023739 221.528364539146 44.4121921658516 142.597364991903 0 0 9.44954562187195 62.7002148926258 29.6964737772942
170.777346163988 990.508585512638 6464.77476301789 0.49593311548233 0.955168277025223 8.46510365605354 271.200296133757 132.804320991039 31.6650475263596 13.3190271258354 926.342876702547 1.4739972949028 94.0226462781429 237.504940062761 2.56667190790176 73.9849387705326 0 405.195666313171 7021.95591706038 0 1379.74084761739 255.69397893548 7912.15857490897 58.493633300066 106.757881641388 5944.79486089945 5250.5802347064 186.380975484848 262.887861102819 1577.01221647859 31.2651054263115 2.39287483692169 27.1541059911251 3301.63050654531 23.9717859625816 1304.89422020316 1460.4959051609 2575.80382174253 603.191883087158 19.7094042301178 7.83320116996765 3.79075545072556 39.6487933397293 58.0974035859108 102.650124341249 28.5057225227356 1.88271832466125 0 0 0 117.337972164154 261.090775519609 0.993164777755737 0 0 12.1002455055714 2.151023209095 4.51570346951485 0 10.3179134130478 0 10.9465369880199 4.11221197247505 0 25.9741874039173 107.258905082941 5.51622414588928 76.4576686322689 0 12.063253223896 26.0464479923248 104.148911595345 9.70047467947006 17.891842186451 315.758064776659 636.928228199482 14.7155921161175 1.22779351472855 15.1635993719101 0.344700902700424 0 1.36425173282623 42.51691660285 21.9721182286739
2.12706410884857 40.6183756887913 68.653758585453 0 0 3.71445024013519 7.22400856018066 13.3642250299454 5.11374965310097 0.743524253368378 10911.9523021281 1.3835209608078 512.330281347036 15.4751655161381 1.58099961280823 2.24100095033646 405.195666313171 0 7167.57505962253 0 11.7732438445091 8.46615666151047 57.548441529274 3.95842590928078 411.620902299881 4483.70160028338 1141.1023658216 4.48929372429848 30.0778244435787 17.3664204478264 209.350135058165 2.05491352081299 1.26474165916443 448.334428042173 0 87.4630147814751 661.852384924889 613.028410553932 60.9283478558064 10.4308950304985 1.28410947322845 33.7844267189503 1.75503513216972 11.220594227314 4.8264467716217 4.02396833896637 0 0 0.704131484031677 0 5.5570522248745 2.30502873659134 0 0 0 1.20101115107536 0 0.31725600361824 0 29.3129458129406 0 96.5366712510586 0 0 0.501139879226685 4.84688583016396 35.959029763937 44.128894418478 0 1.16787421703339 0.472908020019531 3.87683629989624 0 73.5481502711773 127.392811149359 114.494588822126 0 0 0 9.96685880422592 0 0 11.742096722126 0
43.3916499018669 444.489560961723 907.390943855047 0 0 15.2019753754139 51.5245189666748 44.1627298891544 21.7618635594845 7.51036795973778 8428.0315643549 0.946425259113312 396.66735008359 93.7874373793602 2.67586088180542 16.6822764873505 7021.95591706038 7167.57505962253 0 0 212.609786510468 81.104999512434 794.811258971691 14.5010218322277 623.654973715544 13068.3516284823 4402.71925199032 37.3658825457096 113.175701618195 316.995205312967 152.574349999428 2.34321886301041 12.0581550598145 2641.71897125244 25.0892313420773 768.085631549358 1671.91454005241 2661.80561599135 416.219424366951 12.7294642329216 6.00331628322601 22.1817088127136 22.1779156327248 43.0683631002903 34.5327371954918 7.37424090504646 1.06059551239014 0 2.03271293640137 1.58766421675682 57.7827504575253 58.4852269887924 0.44144594669342 0 0 5.90385845303535 1.75817382335663 0.82752001285553 0 41.2043030560017 1.13848531246185 63.0895884037018 2.78797817230225 0 4.61076641082764 51.9793601036072 35.5570745766163 116.556825131178 0 4.02223140001297 8.69002243876457 28.6939504742622 5.49493354558945 113.900292038918 391.611103415489 374.740172743797 5.28066548705101 0.43798291683197 4.87348115444183 9.6323370039463 0 0 30.8539386093616 9.55699384212494
46.6583086550236 2.75116264820099 3.20394831895828 23881.7346749604 6.31987392902374 788.683230280876 377.640457719564 280.589258164167 234.296794265509 16742.483599633 3.15892779827118 27880.9828149974 1.27756869792938 228.348941206932 57.4198250770569 0.786471128463745 0 0 0 0 0.90471214056015 3.3735246360302 5.7599196434021 2228.70797526836 1.16725620627403 2.83835399150848 4.03840157389641 6263.93094918132 156.897652298212 6.47559341788292 0 2.50842523574829 3.12736248970032 64.9037564992905 74.5101045370102 159.265771150589 3.11156457662582 45.3431657254696 13.0759518742561 162.902402371168 38.850514292717 0.943476378917694 12.3395999670029 0 0 0 17.0575666129589 1.21905279159546 0 2.40842920541763 0 0 141.261238455772 0 0 28.601209551096 10.6383894681931 25.2928033471107 17.1380621790886 0 46.8887279033661 0 10.1612327992916 3.25336098670959 0 0 0 1.18956691026688 14.2149106562138 0 0 1.02482295036316 73.0451954305172 0 0 0 67.5989871025085 2.76660624146461 0.505849480628967 0 0 0 2.20336055755615 1.75108063220978
347.926411658525 127.388640552759 1402.17180144787 2.07926797866821 0.482334762811661 42.3840795755386 1313.79307258129 230.638273894787 105.792563438416 54.3113021552563 53.4968369603157 1.96410667896271 9.72633451223373 415.509997665882 1.78792780637741 10985.2368707657 1379.74084761739 11.7732438445091 212.609786510468 0.90471214056015 0 1481.37568184733 26991.192840904 790.242397814989 19.358211606741 316.966229438782 2307.42228472233 9871.67274421453 645.497801631689 17174.7079858184 1.80474478006363 2.82957875728607 138.829753220081 4626.22266533971 230.96377441287 3300.67505514622 597.235065996647 2476.88491219282 547.287950545549 92.2833370864391 106.178136199713 2.48584467172623 71.1741296350956 19.3295185565948 52.8279520571232 15.2840812206268 18.9630737304688 0.447432070970535 0.547341763973236 14.4558124244213 8.83940845727921 57.1044608652592 1.1332688331604 0 1.10886764526367 57.4367803931236 5.88587546348572 40.7039354741573 2.53946352005005 0 1.42302888631821 0.71312004327774 14.7808068990707 1.89655822515488 329.563844740391 14.8178471028805 0.572286427021027 6.67007023096085 0.578260362148285 176.303222119808 113.166465044022 356.21505650878 195.71362182498 1.31514859199524 26.0675303637981 206.412514686584 205.84867733717 36.1514790356159 126.566794753075 0 0.476425021886826 6.8612043261528 44.3860993683338 66.9653462469578
171.992189437151 4145.69098308682 756.84717041254 15.4884733557701 13.3279309868813 25.9210972487926 509.102681875229 93.7339446246624 6222.9642906487 44.8673357069492 55.0971372127533 89.6505936980247 170.234335124493 225.750286102295 100.394796520472 4622.67701804638 255.69397893548 8.46615666151047 81.104999512434 3.3735246360302 1481.37568184733 0 4394.54357761145 6997.19347715378 636.03851467371 262.082453727722 7067.39263874292 2114.93532156944 497.483485758305 1344.2876047194 7.54560622572899 2.3565000295639 192.476841717958 714.383117616177 98.003421485424 1270.9305576086 336.322851330042 943.816727936268 381.349933624268 376.872300475836 43.3417633771896 10.5265587866306 127.037878870964 59.0125339627266 127.952631980181 54.0776698887348 20.1082791686058 4.71546584367752 0 26.92249584198 23.6223133206367 131.264186501503 1.77438175678253 0 1.06170648336411 87.4762180447578 4.83686918020248 55.2151990532875 6.58134886622429 2.06528779864311 1.22029733657837 1.33526492118835 23.989592730999 0 625.347190022469 32.9629527926445 3.64610311388969 6.92383253574371 2.13434016704559 175.971139192581 260.989331364632 887.106669574976 250.731258362532 4.93480807542801 34.8364172577858 720.610643565655 269.247363716364 31.8978732228279 147.661556303501 0 0 6.33431538939476 78.7820228636265 26.9030053019524
446.091785281897 687.138096064329 19029.3874690533 3.98868256807327 0.726657509803772 72.5704558491707 2157.28985741735 442.691755414009 132.535471618176 82.7793361842632 213.59603074193 5.21672180294991 42.3446621596813 728.975805610418 4.20520609617233 23979.8824501038 7912.15857490897 57.548441529274 794.811258971691 5.7599196434021 26991.192840904 4394.54357761145 0 1201.78657591343 64.1433296501637 2230.31252557039 19467.3973982632 7051.40401259065 659.612286239862 9175.37311637402 12.0298655033112 1.66148629784584 111.174730300903 6100.13899332285 356.684391081333 7063.00024473667 3976.23039662838 6636.22812199593 2417.14586827159 212.882258504629 113.905115872622 2.93166768550873 288.125930249691 184.698226511478 457.358421832323 154.103733479977 34.8588386774063 0.850324273109436 0.738431096076965 18.3239032626152 93.6798004508018 469.094486534595 0 0 0.70693963766098 97.9123399555683 9.67305478453636 43.2366248965263 3.448650598526 5.65778768062592 0 8.20239070057869 20.4259978532791 0 1794.82357907295 125.420599669218 3.67050936818123 40.6453160047531 2.25202530622482 323.603407353163 506.043949007988 3052.06965303421 192.178246885538 4.67884576320648 126.389534533024 2426.56405720115 184.26918900013 35.0403577983379 174.685121506453 1.28757071495056 0 5.94470471143723 188.620795816183 132.020503401756
579.69335642457 527.846110999584 240.887619525194 1959.81442153454 49.7558374404907 439.209691017866 6098.9457359314 751.23956412077 15514.8449034691 1891.05991661549 27.7095676064491 1646.76233714819 41.0144857764244 1074.37485376 870.680766910315 2657.42990487814 58.493633300066 3.95842590928078 14.5010218322277 2228.70797526836 790.242397814989 6997.19347715378 1201.78657591343 0 120.308418363333 79.9226443171501 1871.85165253282 48491.5983879268 1237.25827428699 1879.81489729881 3.61927601695061 9.8457952439785 284.916061222553 596.154645442963 95.7328043282032 1575.44081130624 87.8385120332241 566.051337748766 139.477933555841 1592.18281903863 129.695933163166 8.77369537949562 439.567964166403 13.2920394837856 107.523823648691 17.749340057373 254.479356646538 24.7667360305786 1.55783557891846 88.4718796014786 7.69879722595215 18.1271781027317 185.27112492919 2.87044250965118 42.835341244936 1046.88675636053 164.850892871618 611.624415427446 424.36507615447 4.94000634551048 169.055274933577 0 178.518120825291 49.0983971953392 98.9279927909374 14.2304709553719 0 4.2940416932106 165.30193734169 154.850847780704 123.678166091442 187.771386772394 2161.66444051266 1.09164294600487 12.9805876016617 102.668270736933 1889.4509254396 179.868632733822 269.558621704578 0 0.600007116794586 24.9092678129673 126.386401176453 44.1772270202637
3.04075622558594 3336.84040728211 68.3019528388977 0.808350116014481 1.47492706775665 2.73399251699448 16.5919748991728 5.52674636244774 331.295951247215 2.03104493021965 3381.66243237257 9.87403136491776 11743.5012943745 12.2376051843166 7.89773803949356 20.3080102801323 106.757881641388 411.620902299881 623.654973715544 1.16725620627403 19.358211606741 636.03851467371 64.1433296501637 120.308418363333 0 2655.23909255862 5912.87229189277 23.7976767420769 9.71319848299026 27.1380219757557 232.716998130083 1.38106298446655 3.3515145778656 287.264832526445 3.55477285385132 79.6829287707806 2048.25138151646 619.392840176821 75.90031427145 47.3653112053871 4.48825466632843 1706.57500106096 13.9823026657104 55.8090098202229 45.120520055294 2.59819221496582 0.905948102474213 0 6.06857693195343 0 84.326723754406 24.6550975441933 0 0 0 4.01367372274399 1.32103645801544 4.13904130458832 0 187.121357023716 0 630.306827813387 4.99209415912628 0 3.05527904629707 25.6153205931187 190.334031283855 215.998860359192 0 2.39703971147537 0 15.8538881242275 0.668380796909332 493.929221779108 783.796897143126 608.850198835135 1.99070072174072 0.401376992464066 5.06382691860199 42.6516990065575 0 0 43.0816450715065 2.94078373908997
66.2662691473961 2125.04662656784 13385.5423754454 0.670725584030151 3.08138710260391 15.1190064251423 249.2447232306 101.49964427948 95.5395038723946 18.1337018311024 7664.99268707633 1.82638251781464 2655.32529428601 181.424313008785 8.06291946768761 54.7317095398903 5944.79486089945 4483.70160028338 13068.3516284823 2.83835399150848 316.966229438782 262.082453727722 2230.31252557039 79.9226443171501 2655.23909255862 0 28120.9901464581 179.060519099236 143.351008564234 514.551741361618 2469.39656528831 8.96231999993324 10.2111613750458 2296.45906996727 42.7536487281322 1589.57763522863 3248.72221186757 3396.31776320934 712.493232667446 28.7186424434185 14.4318222403526 65.3285197913647 101.27874481678 253.219494849443 239.3254519701 45.3819362223148 1.75619316101074 0 1.9834468960762 5.74892020225525 384.754926741123 406.950639486313 0 0 0.500461041927338 22.2675316035748 5.18979108333588 8.28696164488792 0 191.539447873831 0 429.720672637224 10.4628527164459 0 31.0843949615955 312.420240223408 199.458581149578 605.59951415658 0 38.6338555514812 36.0311329960823 148.269075185061 11.7870574593544 427.67982468009 2125.58802294731 2295.16397869587 21.1907345056534 5.43947806954384 31.2838523089886 31.7474489510059 1.226895570755 0 141.822399199009 28.3482667207718
140.326493114233 11657.6870758832 12659.9128731787 0.529703617095947 0 26.8901721835136 666.394491404295 139.668026566505 621.30531668663 39.4483691453934 3314.42380291224 15.7166525423527 5314.8726618886 282.40959456563 17.0451201796532 11018.1139469743 5250.5802347064 1141.1023658216 4402.71925199032 4.03840157389641 2307.42228472233 7067.39263874292 19467.3973982632 1871.85165253282 5912.87229189277 28120.9901464581 0 2857.76131522655 284.250709503889 1297.6946965754 1863.54920616746 12.1846224665642 58.4678098857403 4579.40410840511 224.004800796509 7684.72989878058 6661.24932774901 8831.03809171915 3228.29183205962 207.26715824008 61.9648750126362 72.2666419446468 539.99625441432 525.011002600193 948.251270115376 246.638052612543 37.7897447943687 3.03886422514915 0.964785516262054 11.6489686667919 831.066729396582 1956.35802322626 0.371440678834915 0 1.79477122426033 137.615297317505 10.7314273715019 27.4169661998749 3.3239740729332 187.341887265444 0.745756208896637 333.976880908012 29.1746994256973 0.374738305807114 972.143045812845 740.914465814829 173.258232265711 710.581381291151 0 238.680142998695 503.145611137152 2727.65946832299 98.908387452364 330.676737219095 2348.63407456875 6417.01731413603 175.259620785713 16.3299746215343 191.315658658743 32.3574734330177 0 0.686413496732712 432.563556849957 141.395927667618
833.784229815006 160.724128246307 998.858338713646 12720.4074686766 14.5470785200596 825.761055231094 21310.0044368804 943.958752185106 3679.6860421598 7025.07462200522 31.8668870329857 1645.49155044556 16.8079662322998 1579.04008880258 136.498685836792 4615.07944059372 186.380975484848 4.48929372429848 37.3658825457096 6263.93094918132 9871.67274421453 2114.93532156944 7051.40401259065 48491.5983879268 23.7976767420769 179.060519099236 2857.76131522655 0 1960.03376933932 10586.7640528679 0.354897886514664 10.2064095437527 540.444611310959 2109.70640662313 297.046249121428 3527.91483157873 277.615659207106 1495.48478001356 346.791523456573 517.583050698042 263.865495055914 1.83385297656059 360.092053979635 18.6291995942593 112.843961894512 25.9790287315845 182.141005009413 17.9624393880367 2.43038368225098 92.0299569070339 9.82376646995544 37.4506182074547 120.17366155982 2.34591740369797 28.1528273224831 869.932654350996 143.234816938639 458.765144348145 286.031421065331 3.20334377884865 105.302162081003 1.13902759552002 158.037676662207 23.08516061306 250.262190908194 12.7660852372646 0.686460256576538 4.20046699047089 93.1090943217278 210.992205947638 170.862100839615 307.698392987251 1746.72634756565 1.97045469284058 17.1239818930626 183.540655136108 1630.8198620379 189.232352852821 331.711892962456 0 1.73373472690582 24.2764250636101 135.194523751736 81.1529916226864
15374.4189768136 48.0346848368645 226.091010481119 128.030444383621 168.986989349127 684.085392147303 4046.31886908412 2352.26238748431 609.667170166969 1124.60535162687 370.633503973484 216.134169608355 60.9637644886971 11952.2220876515 25.010257512331 226.70207798481 262.887861102819 30.0778244435787 113.175701618195 156.897652298212 645.497801631689 497.483485758305 659.612286239862 1237.25827428699 9.71319848299026 143.351008564234 284.250709503889 1960.03376933932 0 6229.80223968625 3.73309326171875 1868.3316821456 12362.1587026119 4280.68741190434 192.680003225803 2449.02724289894 141.014148324728 1741.45923259854 231.429380506277 826.562838226557 1974.98928400874 10.696086704731 70.642923951149 3.89515072107315 25.7549393475056 10.530753672123 15.438109010458 8.68502870202065 0 20.4844998717308 4.37950199842453 11.9289482235909 10.0259080529213 0 3.90774431824684 154.114833801985 22.2079438269138 81.6781657934189 18.5249804258347 0.492741078138351 4.85153242945671 0 38.1371187865734 1.03284931182861 46.3660428225994 1.77867981791496 0 0.411868065595627 10.1083571016788 61.4724093973637 27.8972377479076 55.5928973555565 284.477971524 0 9.86797466874123 34.864211499691 306.360899686813 58.4043290615082 78.1164389848709 0 0.6349196434021 4.99742904305458 24.3125633001328 42.6504227519035
3685.90077751875 158.868375569582 1744.74996444583 11.0252953767776 3.32139632105827 100.967601567507 10621.9047469795 1105.14882603288 705.353420883417 124.84647616744 88.4774305522442 6.1900150179863 28.3390007913113 2594.90749427676 5.10796326398849 888.927834451199 1577.01221647859 17.3664204478264 316.995205312967 6.47559341788292 17174.7079858184 1344.2876047194 9175.37311637402 1879.81489729881 27.1380219757557 514.551741361618 1297.6946965754 10586.7640528679 6229.80223968625 0 3.20160713791847 11.7750715017319 631.178134888411 5960.63891386986 244.227939844131 2723.49467679858 388.494338512421 2571.41418892145 397.304315149784 149.588432312012 146.549351632595 0 108.548236608505 15.2888489365578 59.9786768853664 13.0160794854164 24.3438654243946 2.7357217669487 0 32.2151096761227 6.82152426242828 44.7074806988239 1.13006412982941 0 2.07986044883728 169.800473511219 18.160266071558 93.7755108475685 13.9483172893524 0.702286601066589 2.85499539971352 0 45.6304127573967 2.12863945960999 161.646124213934 13.8873370587826 0.457556694746017 6.87790217995644 1.96776390075684 125.425480991602 84.4978753626347 219.007305383682 370.386000752449 0.984586894512177 22.203615039587 167.444117277861 387.776552915573 54.5683361291885 161.112002938986 0 0 13.4076048433781 57.235317081213 58.8988077044487
0 19.5394442081451 12.7703737020493 0 0 0 2.19681033492088 1.21009039878845 4.45846766233444 0 1428.4634886384 0 1717.73730537295 1.62562066316605 0 0.99112856388092 31.2651054263115 209.350135058165 152.574349999428 0 1.80474478006363 7.54560622572899 12.0298655033112 3.61927601695061 232.716998130083 2469.39656528831 1863.54920616746 0.354897886514664 3.73309326171875 3.20160713791847 0 0 0 56.1114934384823 0 25.1332956850529 179.523477256298 116.567936837673 11.0724338293076 0.890316963195801 2.18570578098297 7.77284288406372 0 4.63446193933487 3.13574326038361 0 0 0 0 0 1.89482480287552 1.07893145084381 0 0 0 0 0 0 0 19.040089905262 0 46.5355054140091 0 0 0 0 9.1955483853817 11.6891304552555 0 0.444627672433853 0.420555263757706 0 0.337076246738434 24.8937368392944 42.9696171283722 35.716131746769 0.357826948165894 0 0 5.31542974710464 0 0 0.811161935329437 0
25.1036093235016 0 2.85887029767036 0 1990.80578646064 1596.51495483518 24.0921663343906 1539.68127980828 6.26135864853859 24.0148767828941 81.6570975780487 15.6987483799458 14.8137112259865 1136.93148741126 43.0828232765198 0.54333108663559 2.39287483692169 2.05491352081299 2.34321886301041 2.50842523574829 2.82957875728607 2.3565000295639 1.66148629784584 9.8457952439785 1.38106298446655 8.96231999993324 12.1846224665642 10.2064095437527 1868.3316821456 11.7750715017319 0 0 0.867355704307556 1612.5702418983 4.49728417396545 41.3009836673737 4.64254397153854 157.31319475174 11.1392705440521 193.067198693752 3243.73583585024 4.01528358459473 1.26403629779816 0 0 0.908217787742615 0 0 0 1.16198351979256 0 0 0 0 0 1.25903856754303 0 0 0.641669392585754 0 0 0 0 0.592174828052521 0 0 0 0 0 0 1.7802529335022 0 0.448320329189301 0 1.30964708328247 0 2.92287883162498 0 0 0 0 0 0 2.20805096626282
