0 115.818590352772 99.5913174135661 84.0160864193777 67.3270916114981 63.6749873093823 32.4894376405098 46.9489574366241 68.3433114468961 77.9343566618511 101.175687341585 90.221980755591 152.650758428031 18.1017869126524 57.1265228280092 85.8505165423811 100.050024678993 136.718681607015 118.553841753832 83.9000603552706 79.9087863532625 71.9503198914368 88.2567976101344 72.1341478876289 138.61789753246 118.795198170171 119.104498313234 72.8139129680876 20.5451606959802 36.7431650643084 0 79.0724254709999 34.9158368545002 56.1809219591762 131.133160399932 67.0426416313931 91.8342905936828 69.1351274457376 73.4014084630329 51.7969684417798 60.7137391771081 95.0049465800631 121.28030066951 173.264963774277 160.84654590296 156.5550901031 130.313760370477 161.751930153623 182.976379394531 139.463620466368 157.846381922918 162.9135651015 154.757214871498 0 0 139.05131678462 159.794903116108 101.421009406515 161.798188137108 0 137.365739976375 0 166.770482154382 120.915031433105 129.47483468623 172.076144956023 0 186.880996757844 158.933181762695 136.461998777279 114.978828639656 151.160374796802 125.500282917616 0 175.677218703265 169.076334813227 133.542689417536 159.503402202267 140.639521943647 0 187.020710152695 149.512329101562 152.112736748027 134.038624986447
115.818590352772 0 43.4072476109338 114.459214071983 0 140.797154753603 110.280034044195 126.811917386672 65.7365119246728 133.727554169192 59.2880207964768 92.4493964855865 44.2136639288891 131.543788892976 94.0560972208115 62.6863853157546 51.4768557985003 67.7101499409753 56.1141253490756 140.026867938711 87.7163145610533 28.7617214154658 64.9811225527693 76.4903091114291 25.2876942705826 42.4229388865684 31.4704890406382 96.2306536091656 114.27560912081 96.3468201838931 71.1180425411075 0 99.7002223867561 50.3855897304186 146.442198195429 69.0663759816553 43.843904217199 51.0459849849648 56.6705161595617 85.5817326967612 115.062554351497 46.3173491635762 89.2592059823117 63.0944584840147 65.1335385327983 87.2859208902232 146.614393401685 0 0 120.237702230886 20.9668392807277 62.5343701474752 0 0 0 143.394153437471 177.650756835938 110.158600797164 144.330291748047 76.7189027167962 0 82.3576247231634 140.299672955805 0 92.2176188918041 71.2289972883909 98.3695874490407 75.3814578673651 0 119.746407499159 60.9414130423905 88.0786001029609 137.699548082992 51.2864027871717 60.9485463233294 59.920236083663 146.338718042043 124.993078514429 109.592753461076 72.2339706420898 0 0 61.0363020390124 151.12959493116
99.5913174135661 43.4072476109338 0 117.328328961417 0 116.195172005957 91.8749367677477 114.970936262652 99.4053119744467 114.257834777555 76.3056459046473 164.136150339224 87.2561356173628 110.464848597355 126.707031183158 82.7743771721561 40.1418061230227 80.4192937549184 63.7847928541275 142.669019172206 66.6990256152474 52.379544544028 34.4377987389458 96.2682276392879 75.7065185824013 29.0080870697875 38.2745077022721 80.3083647936442 105.227422003005 79.359137265613 93.3847419284065 132.871303989559 95.0827662948101 55.1653940347104 137.16984990801 66.7282635689949 42.3715086868093 51.720457828427 56.1667276084531 93.0147207219408 120.915218889286 86.5471652779698 118.941995077791 98.9375565073683 102.901429100866 110.763985344908 125.278553929358 113.518574089919 0 153.856199985523 70.73579969519 97.5661653148661 173.152294409501 0 0 169.192663863877 180.486854992003 132.539275164783 204.972163847016 135.331396036787 166.554595947266 128.654263007155 188.248650167926 0 112.888136057085 111.943542942174 141.5792500296 122.633905811807 0 135.710236789451 78.9783524516359 109.286008054396 151.925665404365 106.03610020395 107.231493903063 95.9620676768134 150.245369814206 169.683279481763 141.572021228105 141.654392188632 196.750961303711 123.37776878901 105.648101800869 148.032014452997
84.0160864193777 114.459214071983 117.328328961417 0 104.984802246094 58.3333846826997 47.0964665505574 87.7844097011367 69.0031842852498 23.2089615598613 0 34.1930870510412 0 99.1254749250252 74.6571779654182 109.38858795166 142.122756958008 0 0 11.6003151905616 106.898916932746 98.0403350112228 127.130805173482 28.851681795364 188.316278626174 180.797637939453 113.020149230957 17.351116176958 100.349162839569 103.270050716311 0 0 91.8752991585639 100.815182701296 102.892677495105 101.089706114039 113.841731207626 104.99998047551 109.507095038756 72.9565899921737 102.885729578507 0 121.941320807546 0 180.511459482551 0 115.49518097812 0 0 0 0 0 44.0756460295833 0 180.730636166642 143.492551226719 157.458985972796 97.1611643908153 56.1465043402955 0 83.6887591951602 0 166.543839026546 136.075413414317 0 220.476470021533 0 0 43.5893151847751 0 0 167.708389282227 123.666414894266 0 0 189.36442565918 89.6807452254026 172.572597505035 0 0 0 0 199.815537254845 198.213125058121
67.3270916114981 0 0 104.984802246094 0 16.8271118311483 99.8555378664277 24.2904734225747 50.9893863488901 103.073208242129 61.7398470638913 50.1208533195177 81.7953773576581 57.9058609204404 16.5018139764977 0 163.785805696901 0 0 85.4648124271005 147.34033203125 95.1740990523515 132.281890869141 69.566427789141 150.432342529297 90.1953645060087 0 109.065540583061 24.373151360471 113.656894359931 0 11.1156507653129 0 15.9559133625476 62.9272539791988 73.9814976051669 0 41.6011425233645 46.8245858123221 12.9409082287885 10.3277451128725 66.1189956665039 0 0 0 0 200.990432739258 0 0 0 0 0 0 0 0 0 0 0 0 0 0 0 164.804275512695 121.630516052246 130.993865966797 0 0 0 0 0 0 0 143.329866799242 0 0 0 172.581298828125 199.762084960938 158.455561437994 0 0 0 177.187469482422 131.068398459448
63.6749873093823 140.797154753603 116.195172005957 58.3333846826997 16.8271118311483 0 39.9418408246132 23.5211707510625 68.274936637464 26.1476995115065 83.9375806262284 31.8739104019683 79.3035241478667 41.5171337686105 20.6904211300709 113.724512414679 130.811031421385 112.414351366355 118.936427649481 43.5327429843862 105.955900380969 92.6243888474508 109.384979402485 68.2834131750357 118.498043176433 136.8799036376 135.525934007401 59.4632559667641 49.9321606785738 83.5971202790081 0 16.9797980130059 92.2612444415599 37.8741235905972 75.5641364987443 83.3268426142498 106.090057764572 65.7394765081696 87.409634516064 20.1731099520624 20.6349490614992 94.8087611802631 127.94524826993 0 163.138203285394 0 119.793562635388 174.771408081055 0 200.422485351562 231.828460693359 167.863555908203 139.112559467957 0 161.598317972878 147.440311727858 158.973956466436 98.5649283334215 152.975492177435 0 125.03803190212 0 169.572175548654 125.698790451906 149.784254920894 0 0 0 141.041268888308 168.255722497723 121.129142972723 144.03173828125 125.73425861578 0 161.970016401705 178.011902761441 145.124385323731 174.742255728426 144.598858551769 0 0 197.078079223633 189.439316733646 180.333459960029
32.4894376405098 110.280034044195 91.8749367677477 47.0964665505574 99.8555378664277 39.9418408246132 0 52.5958979271817 56.8886060921629 26.0642513661797 132.189675596628 43.9603046118925 111.837399245361 43.1749354200149 68.9952411750692 72.1648946758134 101.538503749977 157.510951617177 121.771066108625 42.9601323439519 68.712768218432 70.0461404404471 76.7510491367402 50.5617369189253 132.096317998541 115.49108146746 103.97460660299 34.5214232125424 60.6880918309142 27.3214581857121 155.240614030423 108.297344071379 60.039465527692 69.6586305460546 132.650089333058 75.1022974676297 93.5370429294505 77.0126809627082 86.9892742712955 68.3435062732873 77.0625008933678 106.640448310285 112.119425302832 163.691296309806 154.503418879809 152.967012338976 112.805572827815 162.78822922517 0 141.15541559309 147.250347597473 167.910764635956 140.211555757944 130.534286499023 151.145712084156 131.326423458378 145.965553500488 88.4769331416325 142.542361717262 219.310124731242 119.91237910635 215.557678222656 154.469402424325 122.638855862171 127.281418018326 180.679132675239 0 187.121394399951 135.642792917363 138.153271086553 103.402743116588 149.186120054284 113.375082199846 183.294602520625 164.121271262667 153.373796338709 127.804605557319 155.72807346017 138.810942779221 0 185.142684936523 139.748489445119 148.878253729782 163.186728068269
46.9489574366241 126.811917386672 114.970936262652 87.7844097011367 24.2904734225747 23.5211707510625 52.5958979271817 0 78.8057839636355 38.5047414850188 74.264503209502 66.5324568399817 82.1005244773063 22.1051177663099 33.6409731765044 104.878526142407 119.181760337028 123.70038486234 125.291809149473 74.3000410413806 97.245531767199 96.6365628668615 104.580638605912 81.5365394137835 130.167134069945 129.741657356068 135.449501961704 82.9964503821126 42.0511088254928 74.1201085401048 106.273600684128 26.7064631271839 81.2417897546716 43.5818496208275 132.637020185804 82.6212563797362 102.92409377216 63.1339055745882 74.9941687601671 33.1623932147298 27.3315843597286 84.1173403440236 140.690529271426 179.936461449482 176.096358556012 190.855250478166 128.400783066092 190.757032757383 0 160.127603690147 211.004241943359 190.30959158945 155.548339673774 0 170.556917409345 151.161150681804 168.466628091094 112.269204590089 161.112184509065 0 137.525375005299 0 179.592457470103 141.976609453609 159.904226106534 209.828934973554 160.743026733398 0 158.676843110066 172.974150822726 132.367969228962 166.358050032344 134.543236896418 0 184.893402417584 178.233783054132 148.191529842288 175.626491223697 163.53042405461 0 0 162.835376540553 185.617012248437 144.934630863147
68.3433114468961 65.7365119246728 99.4053119744467 69.0031842852498 50.9893863488901 68.274936637464 56.8886060921629 78.8057839636355 0 69.2729798304096 119.385134151961 22.5387805487226 112.783973463227 80.7773463573745 24.571408620883 50.1261046161375 112.039232983867 141.952039149 125.834142337102 61.0890606715717 67.4189860566749 23.5718862465556 92.2267442821072 22.0648622704008 95.1637767186407 117.088132145425 90.9171371832032 52.4942051876342 77.9074268701835 62.4465929052469 127.238112691824 122.594882199791 64.7887941019046 75.9738105794243 146.352119839745 53.6176156756135 104.505068275723 88.4688579442697 89.7316440827162 21.5235094934533 89.1332207901192 96.674212792529 76.8787247752846 93.664158493513 109.491795605154 115.67036456533 53.2598300903549 108.337224202512 0 100.357791291447 112.981030305655 129.464605845632 91.8734630290435 0 108.072027930076 86.5224633935238 99.5327398824535 37.8603487249187 94.268789293962 149.111975653944 71.6605036812181 146.310278733741 110.999102365046 69.9151132414911 81.5690731808093 136.106944611465 201.997344970703 160.366806505826 92.4041470612944 104.632110282619 51.7850609613323 108.473530482209 65.6492457695584 130.98629151089 160.724266642858 143.709130483478 81.9115265612049 107.075504389592 90.2378610932436 0 0 89.0154057970555 112.651664896434 156.962686693977
77.9343566618511 133.727554169192 114.257834777555 23.2089615598613 103.073208242129 26.1476995115065 26.0642513661797 38.5047414850188 69.2729798304096 0 140.450528282935 26.1549084341611 136.284149169922 72.3337010716486 69.5020540251342 110.322975616247 138.654412389898 182.122659214338 179.702550135716 13.2904420399732 99.8841694147035 100.526395443581 104.971410644649 58.1957229990189 171.169156815801 142.274854311351 140.379932370708 33.4366836656429 91.3253588059274 83.0556002419901 0 115.4184994854 85.4230811818183 91.9677591677249 136.064764375859 92.521292612855 113.311251873227 96.6211639372467 104.412103153683 74.5491374478041 92.9646103330367 118.89602777013 100.990041285286 212.825359528006 158.58419858712 161.664113772487 114.304094886767 182.255896318051 0 153.935846560915 0 210.663617649659 67.4333803401817 0 157.386187709379 145.151687934677 160.431661563296 95.6360045217491 154.254735258226 0 128.10591395889 0 166.370078566761 128.519982046443 147.050607308749 0 0 0 148.538581598032 170.560881194012 125.861822486108 180.419497006482 125.210371131623 196.449172973633 194.904643494244 193.39828757817 145.510139615642 181.974451405559 166.040789035749 0 0 146.49430847168 164.799490755951 168.488812889983
101.175687341585 59.2880207964768 76.3056459046473 0 61.7398470638913 83.9375806262284 132.189675596628 74.264503209502 119.385134151961 140.450528282935 0 143.406294660137 19.3431384547655 75.9944826995036 151.670696604821 111.606399581015 56.0182929058401 20.7906230232432 26.4543296765544 144.98159537696 100.654936215719 94.8001062724916 91.9032609860557 139.614756433726 25.1836100045504 29.6726599280025 50.8500120606039 137.80026413668 67.5759337207065 109.219798793321 25.5473258129574 60.9727187532656 108.367040964026 21.9533475533825 128.176885645671 73.2857561481572 21.3275919190913 21.8054328945148 52.5062014355514 62.5488844571571 48.5857023962337 13.4207704123013 123.561600443695 90.1248861716012 107.528872960782 61.5395144246015 127.222888822764 46.3706105549149 53.3235855102539 0 80.7553896268042 134.005034028375 0 0 0 212.950830927219 224.860092163086 182.263229370117 0 84.0007770991545 0 66.6719950239523 0 0 184.514653077327 124.383421581296 94.2676496706863 102.102860653171 0 217.284240722656 112.583129882812 157.471442356045 189.311508118661 57.3791331712542 93.4778801958522 95.3492762930383 202.227692474007 0 175.027485184526 95.6768059387402 0 0 107.7276332886 128.786437339845
90.221980755591 92.4493964855865 164.136150339224 34.1930870510412 50.1208533195177 31.8739104019683 43.9603046118925 66.5324568399817 22.5387805487226 26.1549084341611 143.406294660137 0 137.557147080891 77.1891319674504 16.3827473264405 55.9707946777344 132.979176010204 171.886123657227 158.577392578125 11.7128748601492 124.976081540983 60.0610724284942 134.622907307201 27.2119050584148 120.731399054277 157.335124581103 109.993168280211 42.9879243743015 93.6575645544719 113.091914935364 0 115.589235431754 106.67993891366 95.9596426504714 10.3133938382072 57.7710446237308 114.501688849202 104.482125063273 109.259395439354 22.1928019630774 94.7984410514558 0 65.9335585745028 0 160.853717409755 0 74.7133575706535 0 0 169.293323086986 0 0 28.2617959066393 0 121.995294002548 127.525612174321 129.248087662468 72.0487112078867 132.797272606191 0 38.4324642657556 0 145.416937605843 93.7147516475036 204.315948486328 0 0 0 114.115114905361 0 0 152.179794311523 98.7460298746779 0 0 141.069869995117 119.14513435247 167.321304321289 147.934177401012 0 0 0 145.353926611924 151.742385864258
152.650758428031 44.2136639288891 87.2561356173628 0 81.7953773576581 79.3035241478667 111.837399245361 82.1005244773063 112.783973463227 136.284149169922 19.3431384547655 137.557147080891 0 81.8375608609935 167.261306762695 117.025233406169 78.0422601633215 45.938249649677 54.7494090590747 161.215927124023 114.485825342829 82.3392940721166 106.796266046456 123.751031830669 16.7340270348084 32.0291153739867 33.069065769456 134.550745874978 77.3050225838199 122.767345721507 14.7020875877797 59.6468970675963 137.730875799521 19.9526956183688 93.5570228194497 33.1438183357413 16.8443814765187 21.2055570126685 14.9764857726686 53.8830139411247 18.0445481760118 9.02713606944836 85.245959576684 70.6173983381163 94.9266653218592 114.022259156071 52.1061291684563 34.6310087369362 72.1110586946002 0 63.2732066664187 128.032474987533 0 0 0 149.9154265047 166.357345581055 175.91696984513 131.616226196289 70.831557590592 150.229263305664 56.8566560278462 126.909478747959 0 143.800582560987 116.025732050836 80.8235608199829 84.3742059773623 0 171.826467115299 127.277790131229 171.506662903489 0 45.1659645886039 76.1753241917115 78.5988729289831 173.498016410046 0 161.74336647471 75.4177638129556 0 0 93.1737968670672 88.3621064989118
18.1017869126524 131.543788892976 110.464848597355 99.1254749250252 57.9058609204404 41.5171337686105 43.1749354200149 22.1051177663099 80.7773463573745 72.3337010716486 75.9944826995036 77.1891319674504 81.8375608609935 0 48.7284662857571 96.2720762664549 118.006765465086 112.801043588728 122.946707919046 92.4949830239633 94.0618551474261 89.9774650946276 100.318777354367 82.1697666663937 118.68034139881 126.091821377911 132.078852227419 83.829182811032 30.0950744510056 66.1281675135622 123.067146799708 22.7645910884068 62.856065877748 47.8473069971628 128.341994046322 76.3117435956056 99.3138596036961 62.9642879488254 82.9607708973973 38.6146825371095 43.695738279118 80.0643340966734 129.579043940486 163.73850451144 177.591495306197 170.314857240021 135.202284325206 177.424217319926 0 169.235075285531 169.547287002254 184.155255840148 163.198280643863 0 186.909708960101 153.308886896168 180.451988467041 115.682615672596 160.286338915816 175.971398685661 146.217285409979 128.973373413086 177.504396358663 146.256276967508 151.622765838851 187.624936543874 179.098309539895 155.607009887695 153.291280207266 156.286518446799 126.918761370521 174.581602278129 134.765594399497 0 196.71889447505 173.60702903953 148.372243939892 167.311789226016 157.055018979522 0 212.069839477539 158.780180941301 165.888848061721 151.341080096225
57.1265228280092 94.0560972208115 126.707031183158 74.6571779654182 16.5018139764977 20.6904211300709 68.9952411750692 33.6409731765044 24.571408620883 69.5020540251342 151.670696604821 16.3827473264405 167.261306762695 48.7284662857571 0 0 130.485553258329 114.620277404785 112.05303309653 52.771839271408 104.744297295065 62.1449069559346 131.38527578868 36.0620760146212 130.7492552266 137.908970013991 118.938222118889 66.4179691681308 80.3084778476595 94.4320729289587 0 41.3379695199037 96.9537582397461 57.8116608442714 14.2292742243538 34.2404372482342 104.528833330214 98.8711441002308 0 11.6973657096581 33.0652617089387 0 50.7994292128842 0 0 0 75.1228296265036 0 0 0 0 0 118.305017379005 0 131.360707459097 115.818273919444 147.979672927942 53.3705480152089 122.776357576471 0 85.3255966234386 0 123.019256188756 92.3483604711833 147.568511962891 0 0 0 123.113124228267 0 0 0 94.0267200745403 0 193.563717613106 0 113.981507054261 214.05031329545 138.201065063477 0 0 0 172.950988769531 0
85.8505165423811 62.6863853157546 82.7743771721561 109.38858795166 0 113.724512414679 72.1648946758134 104.878526142407 50.1261046161375 110.322975616247 111.606399581015 55.9707946777344 117.025233406169 96.2720762664549 0 0 94.0290374095365 120.968154921464 114.18262318329 89.3771667480469 19.1522160164709 32.4403357178308 16.4323910377227 33.2218363194877 101.629249325921 105.948986542385 31.2379099696856 30.6846490797257 79.8882880630089 63.843673144378 149.0234375 184.973556518555 64.5541176658505 56.7805481849681 129.081630548879 62.1537297059041 51.1753056666655 67.8158161749442 66.4944137541085 78.7445562752844 77.2071343679838 0 107.448636771057 86.2913917449678 120.681930582729 109.360305537004 115.10213213938 201.584396362305 0 124.29425118365 102.01725831398 122.62282197148 0 0 137.221176147461 131.929557660996 152.793091998165 85.0529009405609 151.252951467378 161.08119516528 0 109.114364624023 148.974708918308 113.42507317075 91.4822740198028 141.074351358842 0 152.681525443425 179.767984924656 110.189326091829 57.4887109645771 99.3221931094605 100.050001488083 0 139.121235868225 105.47779190788 110.429046005164 128.536634139202 109.120214375206 0 0 123.24082956559 115.960488110444 161.746144088878
100.050024678993 51.4768557985003 40.1418061230227 142.122756958008 163.785805696901 130.811031421385 101.538503749977 119.181760337028 112.039232983867 138.654412389898 56.0182929058401 132.979176010204 78.0422601633215 118.006765465086 130.485553258329 94.0290374095365 0 55.5490750186201 27.0387573821413 0 54.6661964083005 74.9060651486318 34.2423617999381 120.805586732312 67.6132297099282 36.0988821944976 61.0788672608754 99.259369065058 99.5553957215176 70.1783174951098 82.1789474407794 139.447938957602 96.2842079194537 33.0204795231548 142.599725203686 70.4904179496746 44.843401348171 44.5324802106587 55.6752377948425 92.8297207183857 124.256579154017 102.958394521189 135.123951126788 102.148955295404 113.538735746701 126.507277450738 148.969685276185 0 0 0 75.7848582029687 109.101297485915 222.086120605469 0 0 179.654775211472 240.784783741923 166.49124137727 0 142.162286524483 0 111.668641151466 201.906628351079 0 135.598094724224 118.959502654237 134.220932346421 116.663978417653 0 153.324464899885 109.544294446609 129.866290075505 152.907283926062 101.099594139485 106.499310094062 106.212299644991 185.253323836791 159.573070996412 165.345298618831 151.427139282227 0 181.179916381836 120.643704421065 133.382309451443
136.718681607015 67.7101499409753 80.4192937549184 0 0 112.414351366355 157.510951617177 123.70038486234 141.952039149 182.122659214338 20.7906230232432 171.886123657227 45.938249649677 112.801043588728 114.620277404785 120.968154921464 55.5490750186201 0 18.7779944318713 0 116.263387019977 99.1617302757836 97.110060877883 169.371679584103 45.0021518249471 28.7182405695854 59.3974680213557 144.905042009591 110.768065983828 133.253243613626 49.9660272679016 73.0677363242345 172.365234375 54.6998720876159 0 90.8076274479123 46.1237672632318 50.3778689379978 70.757430331641 84.6868904274537 145.778289794922 53.8117941070222 179.422053631546 94.4339008722733 110.686962046435 137.611878509947 0 0 81.4519729614258 0 81.9226866127218 137.527520960256 0 0 0 198.492946740908 0 173.66130065918 0 96.6829445942186 0 84.0534900889307 0 0 155.982666015625 128.163612758749 104.201985501069 105.793372479012 0 166.769018906629 148.133010864258 174.963473547498 0 71.4779129081691 104.719662900282 106.260533154344 0 0 0 107.479621075146 0 0 105.313793832664 0
118.553841753832 56.1141253490756 63.7847928541275 0 0 118.936427649481 121.771066108625 125.291809149473 125.834142337102 179.702550135716 26.4543296765544 158.577392578125 54.7494090590747 122.946707919046 112.05303309653 114.18262318329 27.0387573821413 18.7779944318713 0 0 85.0223457183797 98.3775938611632 72.2453073609415 136.587379742947 47.2200280874429 29.2332451325123 59.0580123274467 131.423034273485 104.781272886372 93.5931878829152 59.721530692588 110.85059013534 111.15456722865 42.7685503760387 147.632608762375 79.4351481258335 47.0111404977617 47.1153479968447 59.4604439927054 93.0276627694715 116.033812913869 64.6125921992788 140.010831122067 107.901732942053 113.158827034715 116.117568497374 149.621025523993 0 75.5284805297852 193.483046937343 71.115130291086 119.943729980252 212.534469604492 0 0 196.433557414829 202.842250501144 177.655807495117 0 103.124034446093 239.701385498047 89.502346883265 179.875116173673 0 142.497668138681 120.383632784992 106.736944526157 110.233285972829 0 163.645697858331 124.606030495642 155.320618678211 176.378530058016 74.970948134161 100.678760385113 105.99375737134 182.23667761993 237.67756652832 159.622529682781 110.2780674729 0 0 111.120208842694 151.249372590322
83.9000603552706 140.026867938711 142.669019172206 11.6003151905616 85.4648124271005 43.5327429843862 42.9601323439519 74.3000410413806 61.0890606715717 13.2904420399732 144.98159537696 11.7128748601492 161.215927124023 92.4949830239633 52.771839271408 89.3771667480469 0 0 0 0 123.635589599609 91.9112238531261 137.115368559686 22.276403375943 168.760968907402 181.135665736109 134.888224175277 25.3580832090024 99.6598698448119 126.471451070307 0 127.144730779924 84.5133118022129 99.3752887787759 39.3070926043945 97.574418922085 130.352842473975 103.172599209811 103.809912932238 63.9887513356502 95.6381701943489 138.403228759766 117.435188618183 0 0 0 100.769315116704 184.454086303711 0 185.179924315224 0 0 20.4768759121291 0 0 142.133699380485 159.573343284534 93.2919010261721 161.029506179255 0 49.2115793340963 0 165.717523426509 118.691663767049 0 0 0 235.022799832347 146.412937191884 0 0 188.217239379883 126.396764859201 0 0 0 143.473045595353 175.019746429853 171.722473144531 0 0 0 231.976718479457 159.042824949052
79.9087863532625 87.7163145610533 66.6990256152474 106.898916932746 147.34033203125 105.955900380969 68.712768218432 97.245531767199 67.4189860566749 99.8841694147035 100.654936215719 124.976081540983 114.485825342829 94.0618551474261 104.744297295065 19.1522160164709 54.6661964083005 116.263387019977 85.0223457183797 123.635589599609 0 55.076931319585 32.1638482179449 41.0996669334043 116.959407075508 90.5268163664151 70.2337415271813 27.6619198741503 77.3028530364273 33.166201604601 128.377200648394 122.804585426534 71.2797981196885 43.1412076358815 135.792569637185 65.3622301586027 55.8360758131049 58.9892022898937 69.2335549310539 79.9480879776479 74.8962930177749 104.203723540818 121.843745887442 129.953235046517 139.055572703046 133.003483234063 124.204634421463 172.57373046875 160.83171081543 137.027878857591 120.163874289191 138.25160865323 171.318052804244 0 197.912490844727 142.034370390681 148.425936398274 108.241231622041 166.838898097141 0 155.292602084 175.616500854492 160.734054035181 120.497061844369 81.0699388031547 146.294360137722 208.856002807617 161.933057477372 158.895751953125 123.279740369806 82.9360883868396 121.68867298359 116.301150971668 144.654754638672 148.906789858363 130.94985404471 125.663305742299 145.875529533339 121.345501513034 0 170.289901733398 124.178436532135 127.940919371993 162.889042406062
71.9503198914368 28.7617214154658 52.379544544028 98.0403350112228 95.1740990523515 92.6243888474508 70.0461404404471 96.6365628668615 23.5718862465556 100.526395443581 94.8001062724916 60.0610724284942 82.3392940721166 89.9774650946276 62.1449069559346 32.4403357178308 74.9060651486318 99.1617302757836 98.3775938611632 91.9112238531261 55.076931319585 0 49.5919924253989 29.4771189084282 65.8007577330492 86.0956217649003 42.7673313185957 52.7406361126663 71.8714730606714 57.873657205448 110.839735110159 116.493268626189 60.6609758862627 52.9465890084514 128.470956271154 59.5002099862017 48.6700512858563 56.0745575144804 58.8915511513254 52.5396875773114 77.0213673369247 92.6693947686872 86.335365631591 66.9959776462386 77.8989378027629 83.3613631891295 95.5395378044204 104.805686390721 0 104.787328285952 68.602313976537 76.9000728446849 116.119943324493 0 146.048498499092 107.884348319456 127.753105732638 62.8311566569088 157.138637472303 136.710722052521 73.139778137207 109.368474018039 114.299972810083 0 60.2773133227457 100.686237648647 156.736710546466 127.080158637039 145.692222717954 83.7654948303354 27.3752387044103 68.9582322004507 78.7627338730194 102.691139667223 107.32045849186 66.5347387756889 89.7253978853925 111.403513829277 90.7564107891896 0 0 90.2612011856497 83.2907772486583 146.517237832921
88.2567976101344 64.9811225527693 34.4377987389458 127.130805173482 132.281890869141 109.384979402485 76.7510491367402 104.580638605912 92.2267442821072 104.971410644649 91.9032609860557 134.622907307201 106.796266046456 100.318777354367 131.38527578868 16.4323910377227 34.2423617999381 97.110060877883 72.2453073609415 137.115368559686 32.1638482179449 49.5919924253989 0 65.3336755895017 101.795055133307 66.9722894940263 44.8003296678293 48.6548208992593 90.588302513319 53.0501717082067 114.963863926695 160.305637016975 82.6248178228744 45.0757285890122 131.834479376701 63.7203316302033 43.9904962611126 54.0917796179392 59.8440050162787 74.0349030956385 81.9967496401034 94.7068959057302 117.587891563422 100.329814570799 115.116247844605 115.957876457164 119.395988729928 196.864379882812 136.858383178711 145.560439195494 103.50152459424 111.967801858341 0 0 178.9853515625 154.78114987111 185.914266980994 107.188832589331 187.184739204305 152.698923662949 0 155.844506365915 174.299899742646 0 96.5076644205691 133.40555131788 152.121381893302 149.46682873841 176.568641390299 123.182020912275 69.7170041386485 106.643404005064 128.946333703082 128.422255129921 135.808667553498 105.033514506202 138.548590714901 162.755542726763 131.939798097216 143.442184448242 0 135.093324528372 116.877694350699 156.204795038699
72.1341478876289 76.4903091114291 96.2682276392879 28.851681795364 69.566427789141 68.2834131750357 50.5617369189253 81.5365394137835 22.0648622704008 58.1957229990189 139.614756433726 27.2119050584148 123.751031830669 82.1697666663937 36.0620760146212 33.2218363194877 120.805586732312 169.371679584103 136.587379742947 22.276403375943 41.0996669334043 29.4771189084282 65.3336755895017 0 109.791280610339 124.510059636958 75.7210670736025 17.819245929393 81.3196477571983 63.3584624904099 152.247811672931 124.786166123411 67.6663799853492 75.041653931991 139.157333856953 71.4305966643037 89.9285264608415 85.3270833307831 90.1173586042707 35.6531642885996 85.812896659667 129.297628323737 90.5596139684522 145.437043286271 138.018046621199 133.589740627928 84.8713300618188 138.716478608423 172.824890136719 121.16156491694 120.550494320397 150.534121726187 118.332931848598 147.446145332799 124.652758178284 111.080128623444 127.622001322101 68.1470268267639 121.492516249114 186.944956951346 94.7502810990978 0 137.785556719231 91.3818010111106 112.455621035085 178.772046424962 0 166.396075907512 117.445274390832 121.795793183956 78.435005563984 124.641152365404 86.5135093726931 173.791437343636 173.499937520611 140.682898393517 107.983784312094 136.877122671333 114.501674506866 0 148.09358215332 123.821774007899 128.532456749556 168.471101305348
138.61789753246 25.2876942705826 75.7065185824013 188.316278626174 150.432342529297 118.498043176433 132.096317998541 130.167134069945 95.1637767186407 171.169156815801 25.1836100045504 120.731399054277 16.7340270348084 118.68034139881 130.7492552266 101.629249325921 67.6132297099282 45.0021518249471 47.2200280874429 168.760968907402 116.959407075508 65.8007577330492 101.795055133307 109.791280610339 0 38.1420708450098 31.2992992940804 121.075004952607 119.178299546397 122.851638508444 42.6579899112399 75.3910980224609 136.482666725589 43.5105712122239 157.469173781342 74.1736962873597 18.9838005253202 39.5631734001389 46.2076840416484 110.580693752718 70.6727984349732 11.1661136666978 100.191164914042 62.5311482088998 73.8905163704292 71.6006217462403 102.80542755127 0 44.6185299478746 0 35.0603520230148 99.8132179046608 0 0 0 157.764786285891 145.190307617188 135.599240263936 0 61.1681087588518 0 46.6942316523666 147.619422038008 0 127.738554057369 88.6708189113885 69.1131105078289 68.6113911815501 0 161.277711975112 0 124.960264801102 136.11589050293 27.1546946683598 62.9287101973981 60.8715315167033 151.541115099219 205.771896362305 136.479894567571 72.923591843787 0 0 63.3672076369709 123.265323704463
118.795198170171 42.4229388865684 29.0080870697875 180.797637939453 90.1953645060087 136.8799036376 115.49108146746 129.741657356068 117.088132145425 142.274854311351 29.6726599280025 157.335124581103 32.0291153739867 126.091821377911 137.908970013991 105.948986542385 36.0988821944976 28.7182405695854 29.2332451325123 181.135665736109 90.5268163664151 86.0956217649003 66.9722894940263 124.510059636958 38.1420708450098 0 35.2257785061133 111.43969987043 116.297703124465 100.739242062826 26.297006594167 103.341218380447 112.06694611793 50.3875192133789 141.534938220121 77.3859409441303 46.0234279203424 51.515954810556 61.5403117856329 125.751034173483 102.967444837331 56.3431700289367 122.238929591707 90.3664525210708 104.781478764988 114.072043529154 180.7634058121 0 94.5408746846162 163.61005319888 60.9356665423342 102.044421293415 0 0 228.886138916016 169.64820708556 200.386611151491 138.365937944713 0 93.0507564963229 0 80.312851421373 171.887631729898 0 131.324430608192 105.31997445256 100.829643823562 99.4023496099932 0 155.239110622849 114.820500019608 132.223378375999 167.568381380244 63.7940383895313 90.6281891626869 92.5873299025127 168.990357690575 171.23977495172 157.315759162438 101.716271715261 142.718765258789 0 100.22913166476 154.2947462905
119.104498313234 31.4704890406382 38.2745077022721 113.020149230957 0 135.525934007401 103.97460660299 135.449501961704 90.9171371832032 140.379932370708 50.8500120606039 109.993168280211 33.069065769456 132.078852227419 118.938222118889 31.2379099696856 61.0788672608754 59.3974680213557 59.0580123274467 134.888224175277 70.2337415271813 42.7673313185957 44.8003296678293 75.7210670736025 31.2992992940804 35.2257785061133 0 70.2303761666711 117.187146976961 95.5446062456676 27.4993601110461 104.363487168604 106.948212660924 59.3696315207954 140.456469699588 73.0364749064378 48.9606806544554 58.6123848400629 64.0470132216403 89.6580814245334 92.2815120024899 59.4780038510217 114.014222738583 90.1805554988945 102.345912859365 108.470266273134 128.581491931866 165.249311691338 58.1845626831055 160.239828057762 60.0012363002582 96.2805493139002 186.974884033203 0 189.112783786737 154.609491646035 174.346062940403 135.497370352274 186.907690041974 98.8337323950766 194.481567382812 85.1312874802534 168.531498735069 177.503768920898 83.9915580801216 108.344920470744 104.197248353615 103.305772280723 0 124.946920945646 67.2611562453559 101.235186565934 131.160787879472 65.2935967643278 94.6466523755081 92.9778839403146 140.349081108311 161.527636055287 137.517969255551 111.295750620319 0 194.662608127769 103.055286384296 157.190212954465
72.8139129680876 96.2306536091656 80.3083647936442 17.351116176958 109.065540583061 59.4632559667641 34.5214232125424 82.9964503821126 52.4942051876342 33.4366836656429 137.80026413668 42.9879243743015 134.550745874978 83.829182811032 66.4179691681308 30.6846490797257 99.259369065058 144.905042009591 131.423034273485 25.3580832090024 27.6619198741503 52.7406361126663 48.6548208992593 17.819245929393 121.075004952607 111.43969987043 70.2303761666711 0 80.8075074794069 42.8172638480369 156.127914428711 129.251478752659 67.379890064522 64.1224086069851 135.900218672849 72.5620520023823 77.720751710456 76.2602918557888 84.2704476170322 72.4506820800624 85.8407843053156 129.390255348529 110.117513192293 147.062182374986 144.498912294306 144.187472522908 106.166577441754 165.669259874656 131.433879860996 128.471975119296 146.444896702618 150.548897579469 138.287252014512 140.351332848186 152.402194138179 127.134407016094 143.688734039285 86.6227596255721 141.478457185782 188.499835732806 118.810049696003 178.105242975351 149.105946495626 119.739150100099 112.353337928401 171.857638986311 207.242156982422 169.557599845941 135.596932401756 123.721648016354 86.0906423066889 130.384091802872 105.627446244848 187.162303989064 169.202401685217 138.183559313091 121.422650210692 142.345856674695 121.299635143457 0 178.368558239347 131.42276842416 139.007910910819 167.866486970532
20.5451606959802 114.27560912081 105.227422003005 100.349162839569 24.373151360471 49.9321606785738 60.6880918309142 42.0511088254928 77.9074268701835 91.3253588059274 67.5759337207065 93.6575645544719 77.3050225838199 30.0950744510056 80.3084778476595 79.8882880630089 99.5553957215176 110.768065983828 104.781272886372 99.6598698448119 77.3028530364273 71.8714730606714 90.588302513319 81.3196477571983 119.178299546397 116.297703124465 117.187146976961 80.8075074794069 0 33.2290424141599 144.964592087347 12.6332111742716 18.114908399957 37.376810697841 113.472482645928 64.0165363974019 84.8192151302491 53.084582038344 68.5194627447166 45.1752373134439 27.9027279402807 70.7443957769509 128.943358480287 140.952244660137 157.503215964093 141.773272832385 155.279209101905 189.130382991342 0 160.013739825967 127.963463760546 163.64654197776 167.391324288859 0 179.577390314298 153.90248346059 174.780000869272 110.861572738824 179.038292179372 189.944274902344 190.435991443284 0 172.290801495892 181.364966029779 124.48826836989 197.241041772629 0 190.647064208984 188.889012096878 144.398255183997 108.968088109711 144.639907379859 133.068519616794 0 174.954329720754 167.102903397042 143.466965906804 168.904903761907 141.706871697874 0 210.118667602539 157.081720283995 155.836029351834 147.961340836642
36.7431650643084 96.3468201838931 79.359137265613 103.270050716311 113.656894359931 83.5971202790081 27.3214581857121 74.1201085401048 62.4465929052469 83.0556002419901 109.219798793321 113.091914935364 122.767345721507 66.1281675135622 94.4320729289587 63.843673144378 70.1783174951098 133.253243613626 93.5931878829152 126.471451070307 33.166201604601 57.873657205448 53.0501717082067 63.3584624904099 122.851638508444 100.739242062826 95.5446062456676 42.8172638480369 33.2290424141599 0 136.22395440958 120.691666775304 47.3879889700178 38.7745858137352 126.243831313481 62.6439364124215 68.9513200918961 58.5404522135343 72.3537522574719 78.7645689103289 68.7385047390351 0 126.68646564359 144.449907991563 144.177086561559 139.966454083977 133.80596774478 156.809907593349 0 136.806938226774 144.146077875765 152.537921717987 157.20703125 0 156.820527309909 138.502308203738 163.120051462672 98.5583130840466 157.761769329523 229.801345825195 134.473280476175 0 155.821251737864 135.496348976751 118.760582249635 170.135873877535 179.447769165039 164.761632101464 186.098706162266 126.913955735209 95.0990744664546 131.939543665447 117.597502687277 157.419628806971 161.125154995763 142.577116105598 128.415762250962 146.165126678542 129.153705964634 0 0 136.736069604223 145.246772197996 145.222409270928
0 71.1180425411075 93.3847419284065 0 0 0 155.240614030423 106.273600684128 127.238112691824 0 25.5473258129574 0 14.7020875877797 123.067146799708 0 149.0234375 82.1789474407794 49.9660272679016 59.721530692588 0 128.377200648394 110.839735110159 114.963863926695 152.247811672931 42.6579899112399 26.297006594167 27.4993601110461 156.127914428711 144.964592087347 136.22395440958 0 0 0 71.0097713056596 0 106.005299218402 51.9317977268178 60.4498019202893 83.0328635580165 112.689765930176 86.2722133022227 58.102929098195 0 93.7193223393791 100.784947306017 0 0 0 0 0 104.852946850062 151.214344200759 0 0 0 0 0 0 0 92.7629795423172 0 85.0110183347416 0 0 0 0 108.592034788429 102.505881336231 0 180.318466186523 190.170394897461 0 242.818084716797 69.6343374074741 100.069144565772 104.137747220467 224.035781860352 0 0 106.898087795087 0 0 147.038208007812 0
79.0724254709999 0 132.871303989559 0 11.1156507653129 16.9797980130059 108.297344071379 26.7064631271839 122.594882199791 115.4184994854 60.9727187532656 115.589235431754 59.6468970675963 22.7645910884068 41.3379695199037 184.973556518555 139.447938957602 73.0677363242345 110.85059013534 127.144730779924 122.804585426534 116.493268626189 160.305637016975 124.786166123411 75.3910980224609 103.341218380447 104.363487168604 129.251478752659 12.6332111742716 120.691666775304 0 0 65.5314407348633 18.2118550559349 122.564988246411 83.8718705596696 87.1678465556681 40.7637845516909 47.3888260597163 39.6070340389902 14.9492733166366 61.8665626513009 119.998630084998 0 0 166.762847900391 0 0 0 204.150371344111 0 0 0 0 0 213.153581231122 0 0 210.295745849609 0 0 0 0 197.575637817383 0 0 0 0 0 0 148.816948042946 0 205.694122314453 0 141.743682861328 0 190.200135785916 0 0 0 0 0 0 159.91253643692
34.9158368545002 99.7002223867561 95.0827662948101 91.8752991585639 0 92.2612444415599 60.039465527692 81.2417897546716 64.7887941019046 85.4230811818183 108.367040964026 106.67993891366 137.730875799521 62.856065877748 96.9537582397461 64.5541176658505 96.2842079194537 172.365234375 111.15456722865 84.5133118022129 71.2797981196885 60.6609758862627 82.6248178228744 67.6663799853492 136.482666725589 112.06694611793 106.948212660924 67.379890064522 18.114908399957 47.3879889700178 0 65.5314407348633 0 26.083899652118 113.155236774602 43.0613259898022 70.8716170969696 45.3270151063744 74.9682022777415 62.6265273202884 49.6326779822354 82.6345062255859 125.48871342347 164.971160888672 149.352033403387 170.333554834177 132.799285158651 0 0 141.066751573528 162.786407470703 144.816155218461 164.204644769407 0 180.371945324457 139.857993398237 158.938668424052 108.795084243313 165.989527360721 0 0 197.460311889648 142.754352482627 0 111.87607758956 193.945205688477 0 0 0 127.050511263267 86.7459451087628 127.547563018815 128.418975482485 0 138.426300048828 151.544181730254 127.087697094975 150.114505018958 128.51522701725 0 0 110.206619262695 138.557366715733 124.014693867007
