0 124.923977857646 97.2910593850759 78.7184579046648 90.1153895121436 66.900848050587 28.5705882148189 45.0622775504776 66.3914028615386 38.2613709529178 116.565784438264 103.671979365361 114.180758139199 19.7633251034755 71.1278610229492 101.944487180085 99.1020260796011 126.360332418812 109.842882567234 104.166655409309 82.0304289916282 83.7764970820541 87.5282888639493 79.6777161210848 132.107208251953 112.151200167505 124.242270566216 79.7949530888688 19.7211296790454 30.3376517662855 0 81.966721112476 33.0333819168211 57.044839309688 127.778517257517 66.5834086755926 88.7163315536727 69.2784661257152 72.6039561213667 67.5680751629187 72.2774603110977 98.7689638738593 139.49229305064 0 153.345718383789 160.795458009299 156.484527587891 0 0 0 0 0 0 0 0 0 0 95.5780868530273 0 0 0 0 158.534194946289 0 133.832903952537 0 0 0 0 147.508010864258 0 0 127.684938992429 0 0 0 132.484454852908 172.987526201759 0 0 0 0 0 137.191299438477
124.923977857646 0 50.1954244677601 86.8328857421875 143.60270690918 127.637063177832 128.643494396678 108.281701398353 71.4410859379682 161.026239275252 63.3888683422196 103.973952414065 50.8741978964772 123.126389072531 111.561639194974 61.9540013880921 59.1330673352257 69.9078498965299 67.7050735527543 129.863574695194 94.6088794781112 28.9145423838989 67.8524515667042 81.2372616666407 24.7550301775891 47.9933599238684 32.6168415016164 96.6421667922072 122.970429783212 110.637188011731 71.392081071466 0 123.276405334473 66.1245762486485 144.057672135028 81.0899648614671 53.215644397363 60.6870661364983 67.5065908951944 100.760221139392 67.6659393310547 53.2031834238561 98.285410964916 65.1380877754192 76.283736516679 127.143455386957 0 0 0 0 16.2441482094054 55.8960023873464 0 0 0 147.057327270508 0 118.22092300661 0 89.3493038339687 0 78.8726789283325 162.863813827699 114.940521240234 61.0249630735388 77.7867144559899 0 69.3272729476072 0 110.590713766608 40.5338271544495 91.9834047200385 126.759803771973 52.2945917826513 62.2281966622746 53.9240575616223 157.544997072079 0 158.628875732422 95.593373069396 0 0 67.0504312321172 0
97.2910593850759 50.1954244677601 0 124.710320658717 128.531657425707 122.000442537984 93.3425146026101 116.809549730486 95.9660056911446 119.470739077772 78.189735306922 123.193686629923 92.6243315299595 110.72403711459 166.712573279768 71.7588539985281 43.7655489501611 75.8587019724473 60.5205844935361 118.163540545234 62.1316521563185 57.4280379729934 36.275761030293 90.0195129346347 92.2748990386876 35.2952733620928 33.220539794618 78.1394614413026 110.054604527908 77.7782934650851 96.0001326290771 141.93978434686 103.862762028818 56.0533012553753 135.420730408982 70.6178731761759 51.7150463251864 54.7642525528518 59.8382313651762 85.5126878558086 82.536421054534 97.6416870925619 128.235860166078 115.903477414885 123.922334032669 128.307647003016 131.411529541016 171.668807983398 0 139.91975480998 63.336115759658 93.9758128112691 0 0 0 140.373267378358 0 162.92807437353 0 0 0 0 0 161.536224365234 109.29050206406 121.593872131876 0 132.430587768555 0 111.9344675285 75.8550314988547 119.936804022444 125.424689378886 0 120.965155828323 95.1791353009953 156.257332373532 0 134.431529085213 0 0 0 105.466663646472 148.455586172636
78.7184579046648 86.8328857421875 124.710320658717 0 97.2084322034163 60.3105142807575 50.3052377728943 92.0461211960535 53.788251041992 22.7711506233058 0 40.1109338422373 200.449325561523 90.3230692668095 67.7878946787772 105.330187170692 204.422348022461 0 155.573684692383 13.5813110694918 103.457119580305 78.6319139335085 102.906473391146 23.2126383431128 0 0 123.279051554519 19.0269550016288 116.580822995268 89.7444744615755 0 0 112.878753662109 108.455917454391 42.8364237392354 112.510714828014 0 108.482466055183 104.112895302224 62.5749798057657 102.94853131052 168.767211914062 155.046340942383 0 0 0 95.612738253623 0 0 0 0 0 17.9506677242351 0 35.3746757507324 134.573834609899 151.983023317901 72.3894166594418 20.6474825576999 0 44.6230415247101 204.639511108398 0 98.0690179358657 0 0 0 0 12.4680424691807 0 111.808046287446 0 100.912858685474 0 0 170.339064783097 132.678026589819 0 126.026763916016 0 0 0 0 0
90.1153895121436 143.60270690918 128.531657425707 97.2084322034163 0 15.4374950050439 101.973281959567 25.6198089002818 54.9012420299111 110.093256293516 53.6916582889243 62.2136772899834 57.7353514212297 38.0494147021883 20.3726740943276 131.959030151367 170.28385925293 86.4512846909137 105.038568557534 104.622948884616 139.816802978516 103.168811215071 126.34418848244 85.4578251807977 109.550772732679 92.7504494826899 107.630488947885 112.848556158901 25.9826702571214 123.573206495381 0 11.0047882555778 0 16.6351240873522 101.814954569787 70.7156745686481 62.7445717821315 36.9557927212758 47.8948651729492 12.8865213924527 10.6972560830399 57.8957610586775 0 119.482284545898 0 0 87.9420852661133 0 0 0 155.72966003418 0 183.000793457031 0 0 0 0 0 0 0 110.414542613356 0 0 106.798789978027 0 0 0 0 0 0 0 0 0 136.015274047852 0 0 0 0 0 0 0 0 0 0
66.900848050587 127.637063177832 122.000442537984 60.3105142807575 15.4374950050439 0 52.9674076871711 22.089656801632 53.8084883478363 25.6541770937857 65.3334852299416 24.8198752910056 65.2776829786969 44.6449338642404 11.8490566616641 127.10289461405 132.751510348231 106.941196214906 128.110243963948 41.5136123619357 113.803109403969 120.439907632803 123.557013832017 76.8925433255212 89.1869462776932 131.635787145604 139.930468903694 70.841152010219 48.5290855273739 87.4648777468268 95.0273811249418 18.7763652972083 98.9335009694852 37.248709808686 20.1554380001908 84.0515238078354 81.1435809880931 60.1396301253887 83.0738487988581 16.2134456887574 20.7575385432359 65.5001897124007 164.55812932994 0 0 0 114.966722767048 0 0 0 189.814300537109 0 159.670003552451 0 105.271713256836 153.796845388238 0 93.198913969474 165.517199964144 172.812301635742 98.0568899379471 0 181.906710092379 111.096583820397 0 0 0 0 133.5269412746 0 0 0 108.086501180965 0 0 0 151.333986353906 0 0 0 0 0 0 102.87809753418
28.5705882148189 128.643494396678 93.3425146026101 50.3052377728943 101.973281959567 52.9674076871711 0 51.4316242867505 60.8525502292973 24.0588805956345 128.188699516684 58.8538795784365 122.743332075479 32.3539769049169 82.7778507925657 82.9646904545568 111.522705765666 148.826901681561 128.323732653957 37.8502683885224 75.1921558368132 77.6961503238767 85.3000997834313 51.953151420337 134.902313232422 125.747359010936 108.212003231724 36.4733196903504 68.6659428906852 20.5056850855575 0 116.328041217272 69.5506398998116 82.5806091122101 103.129356919763 81.417678543459 101.837251200997 84.4031311825537 86.8253435883203 75.8909772201399 86.109192661765 141.451505004178 151.302704318661 0 158.463145857853 151.666841848704 90.7037327289003 0 0 136.275315381404 170.46625766349 197.234684500711 130.47092617204 0 112.612808227539 161.276621305595 210.718606225023 79.0869854076637 151.165665326189 0 99.9003942768693 0 180.187226691663 113.731800690814 140.105091317849 0 0 215.753158569336 129.145523550686 121.862383177849 105.69759513898 191.067202260687 111.001406485652 0 0 159.181698463098 131.953457395759 170.67623388985 147.788442621974 0 0 148.090747151091 152.970328219128 179.023130523295
45.0622775504776 108.281701398353 116.809549730486 92.0461211960535 25.6198089002818 22.089656801632 51.4316242867505 0 82.4739376443019 42.0325328480074 65.1427602078 51.3256673837964 66.5657566604645 23.1157401739891 37.6316022273404 123.03815491841 120.909633397871 105.539654236262 118.218475308185 69.5984606486963 106.025975645566 99.8650458309249 112.28023952172 97.7106266326697 92.2218180494472 116.972923785454 131.143230981608 92.8007563872273 46.9536376743816 76.0197430609162 106.907953415497 21.7341536812574 82.7488388254343 45.2373318981938 80.7032837292077 74.6871581304116 68.278352738484 60.7863368692047 79.2307486024352 35.5616033912894 27.3484141178466 62.7902139123133 176.081244555835 182.397759190091 199.075286865234 168.508242419986 0 0 0 178.11947433604 0 0 0 0 0 157.400559946079 0 113.701989719942 200.969724946049 0 0 0 0 0 217.708129882812 0 0 0 170.112670898438 169.505505626064 106.367607116699 213.664611816406 142.389138016849 138.16325378418 0 159.3952210853 156.629118579441 185.605750438835 170.545805440472 0 0 176.091552734375 166.342309575712 176.078861901957
66.3914028615386 71.4410859379682 95.9660056911446 53.788251041992 54.9012420299111 53.8084883478363 60.8525502292973 82.4739376443019 0 68.6941804571258 124.226672697441 23.7307582971873 118.76697600821 85.0831707590613 24.1173052090116 57.573872334895 116.621491118122 141.060347723022 124.96936003984 50.6480759951316 70.5222865823695 31.1125321660139 82.5180213399862 27.1247098579562 101.14076309236 119.952362961505 90.146476220794 51.5181047255671 80.4224189553056 60.4712202848283 138.086470053347 95.4536691635457 75.4937603635547 85.8055567398955 79.3236100856662 70.0519022497309 109.562318138299 86.9195606660171 94.462765982951 19.827413181154 75.6953581495959 121.200204363036 106.747593468802 140.545776367188 99.2598061020759 121.676750883403 40.6374369518404 196.187637329102 0 94.459796224354 102.424773414878 0 71.3767688578709 159.737834526804 87.0750608354041 91.6118165833838 99.5162768773847 22.0173383662194 85.6520968650036 0 52.1257289273978 149.72927077417 106.168613577003 53.2788947974869 78.5943561538972 0 0 204.641052246094 74.8443504271599 104.722786490884 63.8141619671618 120.778591777831 48.6218414558682 143.116465845189 0 124.290950229424 79.8363491160929 111.1207289811 96.5844434232744 0 0 95.3702697753906 107.578188817817 183.403144896808
38.2613709529178 161.026239275252 119.470739077772 22.7711506233058 110.093256293516 25.6541770937857 24.0588805956345 42.0325328480074 68.6941804571258 0 128.152211324901 31.1523376114546 125.446295902996 31.6985677161552 78.0418061318917 117.453796681547 145.310857006144 0 144.38810738143 18.4266610990674 109.309289270153 127.430831575084 118.154610245453 56.8610889654289 198.8408073766 157.486274431285 137.601483656426 28.0910446357462 100.2225134445 76.4543174867227 168.833053588867 122.13271703586 90.1504039367289 101.175308796332 35.7575570989818 96.622973992572 149.359808336827 95.035389306009 98.449910033856 72.519547714191 93.4613621956557 126.165771847083 215.527526855469 0 210.490918460779 0 113.368293209008 0 0 163.732604980469 178.30237700838 0 126.650432726961 0 142.467529405984 160.350997924805 0 90.8126436976073 151.34708163646 0 111.63504740087 0 0 120.079661057008 145.675523152429 0 0 0 132.806097614732 0 145.403466362656 191.04508972168 115.089145961245 0 0 211.063568115234 138.660512264166 0 164.135238647461 0 0 0 0 180.578704833984
116.565784438264 63.3888683422196 78.189735306922 0 53.6916582889243 65.3334852299416 128.188699516684 65.1427602078 124.226672697441 128.152211324901 0 113.895681809033 20.8788305402366 69.5374574341929 80.3365768165097 124.719003044143 46.3707180762126 21.5528227912704 26.6437369339809 149.147330507442 96.5493110545482 92.3912083301798 94.4651724953751 145.085724627252 34.6639165674795 33.2385483550957 57.3042883547039 144.150840224161 67.5054454166449 118.429604113538 32.8741775317821 57.87611683119 102.597480227986 22.2391357408262 142.66175672674 79.2726716070393 25.1142396786153 32.3259204813154 48.2623981570551 66.3068511586377 43.9892856138099 14.5131702781761 111.387832641602 58.4963143499734 103.867337966985 0 0 0 74.3063710856034 0 74.4316859048121 140.820571899414 0 0 0 0 0 0 0 74.3173979627033 0 74.7462297024262 0 0 200.369323730469 0 89.068538738792 120.408273884913 0 0 160.540328979492 168.650009155273 197.300704956055 65.1352325816782 99.4365941550778 103.31507786811 0 0 0 96.035022840371 0 0 86.2350158691406 0
103.671979365361 103.973952414065 123.193686629923 40.1109338422373 62.2136772899834 24.8198752910056 58.8538795784365 51.3256673837964 23.7307582971873 31.1523376114546 113.895681809033 0 129.579166413353 69.7873078795536 22.2625031510642 87.9886016845703 143.13026440538 0 125.516471862793 16.1598748720533 120.567446795607 77.0524413138144 138.785500144421 45.6194176943224 128.913063972591 148.199347500719 131.07082502302 53.4163941714766 93.0151528959582 108.051701256226 0 90.8448877119795 0 90.7299243606387 15.802478369974 103.68490931855 126.784583183776 92.5264884907292 98.775231873319 22.0902083809151 81.1537373268595 0 145.947128295898 0 0 0 69.8567346702946 0 0 0 139.394760797087 0 84.9038718351585 110.341979980469 107.758726744904 0 0 48.0583573659471 122.257451400194 0 26.6204496666072 0 0 90.2075263928767 110.986982786758 0 0 0 106.838250477614 120.240264892578 0 0 76.4319365737916 221.25260925293 0 0 107.412312750669 0 0 0 0 0 171.547134399414 0
114.180758139199 50.8741978964772 92.6243315299595 200.449325561523 57.7353514212297 65.2776829786969 122.743332075479 66.5657566604645 118.76697600821 125.446295902996 20.8788305402366 129.579166413353 0 71.6443486072182 129.153644663571 117.416172149957 81.0933167714959 46.7065774873355 58.047642382787 114.708015441895 147.343070875101 84.7466893743276 109.762042159378 130.085387173634 22.2331572406792 39.1562175977506 31.8370945758565 152.716445875816 69.7704580429496 120.897165250149 17.0932812861417 63.28539746105 0 26.8350573757564 79.1781217146814 28.9155132880985 24.8536342029352 30.0117403925626 18.1104755782914 64.6203685966086 18.261562106487 10.4120151867806 70.8271644122405 53.2491556852414 96.8854538463331 81.7875419647571 62.765323638916 0 65.9936460863237 0 78.1183362103393 127.584701538086 0 0 0 0 95.0586186058361 135.81494140625 0 73.1871587953064 0 69.9964560931669 0 0 0 141.734405517578 87.9617750934775 112.735442269304 0 0 128.789395578307 0 210.186462402344 52.0529701630357 88.0494868923927 95.1764847531022 0 0 0 98.570507787716 0 0 97.6469222621277 105.467131764493
19.7633251034755 123.126389072531 110.72403711459 90.3230692668095 38.0494147021883 44.6449338642404 32.3539769049169 23.1157401739891 85.0831707590613 31.6985677161552 69.5374574341929 69.7873078795536 71.6443486072182 0 46.8260790073182 113.71392516729 119.22124795571 112.151053128346 123.78556891659 82.2595365865033 100.891334281304 99.4390575347447 107.295959923095 95.0496622360595 99.6942736091827 120.161813852091 127.186714036644 87.5876553116501 31.7759918764055 66.2839353834653 128.547757028534 20.1706328181091 57.8435321670642 50.0620034114262 114.15128652865 68.970732160967 76.4099740832676 62.9553892705236 79.7442317292279 43.4646982562032 38.1605752460388 66.9815166169435 116.079360266967 0 179.148816816374 158.945211291772 104.952014189195 0 0 171.107545234271 165.363315271904 0 0 0 0 159.514839553016 0 119.212405125737 0 0 0 0 190.270553588867 0 173.766664318623 0 0 0 0 164.826384636974 113.896191433099 0 147.312937158497 0 0 159.615432322578 151.360478701708 191.82540338514 155.534343979386 0 0 156.473831176758 178.749650535091 174.59147644043
71.1278610229492 111.561639194974 166.712573279768 67.7878946787772 20.3726740943276 11.8490566616641 82.7778507925657 37.6316022273404 24.1173052090116 78.0418061318917 80.3365768165097 22.2625031510642 129.153644663571 46.8260790073182 0 92.1917266845703 147.079178192575 138.69662874037 0 62.3811326686232 143.980082391914 79.9178284950874 129.051698135138 48.9357456812232 141.694550804908 146.737218576175 116.02950472486 75.7526090020387 47.7229712292559 111.348775559517 0 41.1897876835223 118.309303283691 38.9956483171082 46.1076012876155 86.4064793055586 66.1219512081534 79.4582263801674 61.5436184172508 9.07961404108283 29.3692248760897 0 40.641385565759 73.2662048339844 0 55.7897202909763 54.7854981158837 0 105.301162719727 0 0 0 100.87507414759 101.436050415039 95.5836163456084 187.622192382812 0 50.5875582338223 109.327274570948 0 84.5667111407877 0 0 79.0916568866982 0 0 0 0 85.959828050348 0 106.309410095215 0 71.4402229684925 0 0 157.388583856035 97.4537580611363 0 0 0 0 162.000793457031 0 80.5990490602101
101.944487180085 61.9540013880921 71.7588539985281 105.330187170692 131.959030151367 127.10289461405 82.9646904545568 123.03815491841 57.573872334895 117.453796681547 124.719003044143 87.9886016845703 117.416172149957 113.71392516729 92.1917266845703 0 102.131907063267 134.23707550808 109.285716377255 111.914833782879 18.6476584485441 32.71249857286 17.7869971048498 42.9802518245123 93.9458624097868 102.538290516273 25.1644149021418 33.3005834707114 103.388195700353 75.045219595762 0 0 77.3453068774716 75.2628885897895 135.656527350715 71.6940682933577 60.6180041998423 77.3951406431733 79.5697286352189 89.7820562991222 85.7348210786154 0 128.193474739347 141.187008932939 120.402587956433 122.153159631476 142.922485378854 176.962271926873 196.5625 112.660040505236 95.2790530902484 94.4709766495453 0 0 195.143280029297 142.939721717202 179.932104201614 96.1431763515961 0 0 134.924621582031 0 146.589912080897 0 32.4299200695665 150.145858764648 0 0 0 29.0857474700587 57.2341584871042 46.2889290077779 94.8740621885777 0 0 102.848066616682 96.9229513852024 132.351196180156 118.453001487144 167.379364013672 0 0 112.516865298225 169.853662009801
99.1020260796011 59.1330673352257 43.7655489501611 204.422348022461 170.28385925293 132.751510348231 111.522705765666 120.909633397871 116.621491118122 145.310857006144 46.3707180762126 143.13026440538 81.0933167714959 119.22124795571 147.079178192575 102.131907063267 0 45.4308713033337 21.731710863572 0 60.3760512632837 75.793604225147 35.7903778833345 121.324343948115 71.9497800375785 31.2205305608659 67.7944824149199 103.878525351531 105.580318934668 76.6047351427762 80.9225828621413 80.6940761414631 91.7581612190029 37.2551827410361 141.887397109034 78.1073188746108 37.7264681319482 54.1311676470502 65.1729043753978 128.582697918716 110.53163475176 88.8074140992272 157.245042576062 128.058685302734 144.248212051087 149.479565356234 0 0 0 0 83.5670205869365 117.610232123404 0 0 0 0 0 171.187421538849 225.818450927734 155.921569824219 0 140.615661536858 0 0 143.074521785631 133.118952713893 0 124.895381158928 0 166.989316624706 89.0723767780999 133.024410340595 164.774691207259 124.187898074058 121.452398456105 115.00470745921 164.415806883479 207.85584151898 157.646942138672 0 0 0 140.080353275267 167.775019621169
126.360332418812 69.9078498965299 75.8587019724473 0 86.4512846909137 106.941196214906 148.826901681561 105.539654236262 141.060347723022 0 21.5528227912704 0 46.7065774873355 112.151053128346 138.69662874037 134.23707550808 45.4308713033337 0 17.5655159721882 0 112.738131223162 102.343090567738 87.9465552549882 158.580003715064 43.8852330506263 26.0165448636549 56.5091698959009 142.505499778513 102.776314311609 111.865025737353 49.1142573958802 82.7038961835159 114.445739746094 48.0655579295829 161.106562522253 101.86796212056 39.3345059068429 55.0998700564928 67.1266628296133 144.621047973633 89.9870944758051 57.2261292227527 0 76.4322959454335 0 0 0 0 73.6363677978516 0 77.7771900585191 119.298843383789 0 0 0 0 0 0 0 97.2361874375726 0 91.9071161464931 0 0 193.590118408203 0 105.45728490471 112.790368863455 0 0 115.382446289062 0 175.906311035156 71.6480460129874 99.1845760305487 106.239437600263 0 0 0 111.972575658033 0 0 0 0
109.842882567234 67.7050735527543 60.5205844935361 155.573684692383 105.038568557534 128.110243963948 128.323732653957 118.218475308185 124.96936003984 144.38810738143 26.6437369339809 125.516471862793 58.047642382787 123.78556891659 0 109.285716377255 21.731710863572 17.5655159721882 0 0 81.1868559283764 88.7266558543091 63.5910907759764 131.216403661785 50.6682189257244 33.1103524000835 63.5546254467189 115.158043409598 109.623470705004 90.4621927391003 64.4905932835718 124.905283816628 102.612929364135 37.4272397488181 157.373372300121 95.5509262496352 42.7736990785014 50.9941461479113 67.5830372669892 103.13484472884 78.2873217630215 62.2948340790313 0 120.814575195312 141.761431644553 0 0 0 0 0 77.0690613504381 128.863414866555 0 0 0 0 0 0 0 106.839976818943 0 101.179051216265 242.363906860352 0 177.284576416016 142.756236110551 116.735966805017 135.391196350077 0 183.183166503906 102.097864297269 0 0 86.699867528892 105.724014756736 106.515513179946 200.709762573242 0 0 113.299043226726 0 0 120.987999989151 0
104.166655409309 129.863574695194 118.163540545234 13.5813110694918 104.622948884616 41.5136123619357 37.8502683885224 69.5984606486963 50.6480759951316 18.4266610990674 149.147330507442 16.1598748720533 114.708015441895 82.2595365865033 62.3811326686232 111.914833782879 0 0 0 0 96.1521340334568 90.6478478542748 123.650453241206 21.6931366390989 161.408828735352 170.563600693984 122.504045798847 29.0610984569136 99.9593070898791 77.0633986886013 0 123.706440561977 106.875511169434 98.0163256581411 23.4869270823002 89.6178953002163 0 96.7190436241356 94.8892153319365 58.7145045311378 104.893287159574 0 0 0 0 0 88.6093816763376 0 0 0 165.079747809464 0 39.8980662815691 0 96.7728805541992 121.197502504469 157.297787024577 69.2692682216662 132.100499090308 0 75.5132927560591 0 148.205139160156 99.3067868969286 0 0 0 0 121.671394111391 0 116.434478759766 0 95.2972372081341 0 0 0 119.9511975376 0 0 0 0 135.639495849609 0 0
82.0304289916282 94.6088794781112 62.1316521563185 103.457119580305 139.816802978516 113.803109403969 75.1921558368132 106.025975645566 70.5222865823695 109.309289270153 96.5493110545482 120.567446795607 147.343070875101 100.891334281304 143.980082391914 18.6476584485441 60.3760512632837 112.738131223162 81.1868559283764 96.1521340334568 0 54.9271022114293 37.3329620865542 43.6396951634085 119.46783825814 92.5476575459183 67.7250853648317 28.9117953741808 85.7795582495988 30.1291693000971 0 158.168912532376 72.6621750977313 43.5961290685164 140.18019394464 69.544033840828 59.0097777070979 63.5300972929761 71.3156488877998 81.4465091116011 90.7931791822685 116.682199219757 138.767695805204 110.941345214844 132.163287807819 142.341871695257 0 141.66145324707 0 114.40869140625 0 153.553278240094 160.638870239258 0 168.655609130859 137.3481349537 171.799650823271 111.747997552855 247.241012573242 0 0 0 171.583826702597 0 105.564732078381 0 0 0 0 118.301910850264 68.8676677894537 132.379095871287 114.130431446411 148.889678955078 176.89926306466 133.771350383177 122.162505594155 150.443232642133 125.30254052378 0 0 0 135.034408303136 146.380129061666
83.7764970820541 28.9145423838989 57.4280379729934 78.6319139335085 103.168811215071 120.439907632803 77.6961503238767 99.8650458309249 31.1125321660139 127.430831575084 92.3912083301798 77.0524413138144 84.7466893743276 99.4390575347447 79.9178284950874 32.71249857286 75.793604225147 102.343090567738 88.7266558543091 90.6478478542748 54.9271022114293 0 55.1948413739683 32.3210240230749 65.6301714349822 85.7622389777473 36.9786497636338 58.9583854254731 90.7020509312178 64.8835455908384 105.865758744077 140.375717139764 78.8866286000981 68.8344465618955 134.068096261995 69.4035195715376 79.2253573851143 69.8444733774807 73.1512262230101 76.1983423535604 89.9152549429893 85.9655683738133 114.272113924416 66.0572924638865 85.9890989903975 122.500805459386 81.3571054761847 0 0 88.5925598144531 65.8937917325884 58.2250526585701 141.98095703125 0 0 83.8631663356616 0 73.7140583108094 157.956817626953 0 71.0715789794922 101.620421416733 104.465637207031 104.993041992188 55.1838745749724 106.812759287706 0 0 0 70.1527039064483 27.998106859948 74.0410363067082 78.978941744159 103.265235900879 114.798377915032 64.7296428531287 81.5992587114627 126.685050964355 77.4130536402856 0 0 155.67155456543 104.042586703717 126.353490803869
87.5282888639493 67.8524515667042 36.275761030293 102.906473391146 126.34418848244 123.557013832017 85.3000997834313 112.28023952172 82.5180213399862 118.154610245453 94.4651724953751 138.785500144421 109.762042159378 107.295959923095 129.051698135138 17.7869971048498 35.7903778833345 87.9465552549882 63.5910907759764 123.650453241206 37.3329620865542 55.1948413739683 0 68.8819817063371 117.484921387956 69.0307496599196 33.8711959963534 53.8473892377557 98.6204055147045 57.7176253245363 158.494323730469 157.361512890266 85.453521457795 49.889571590156 138.510302917515 70.092155254538 58.4005622666908 62.0953024464369 68.104938728006 84.4052407804748 83.0995701906477 116.120132446289 129.842018070722 104.036873093731 128.791026308405 146.044752042593 158.478958129883 0 0 0 97.3742301608781 112.108108365988 178.217758178711 0 0 147.407390625119 0 117.675837471409 190.193069458008 0 0 0 166.347158819817 0 67.3955979846935 149.707147392116 0 153.809112548828 0 127.451022516073 75.41529887701 114.483149634788 129.062894340496 118.918813481011 130.80482421655 104.8823912031 138.212950275837 157.129182417788 136.068849507121 0 0 0 145.903095549648 150.779884334837
79.6777161210848 81.2372616666407 90.0195129346347 23.2126383431128 85.4578251807977 76.8925433255212 51.953151420337 97.7106266326697 27.1247098579562 56.8610889654289 145.085724627252 45.6194176943224 130.085387173634 95.0496622360595 48.9357456812232 42.9802518245123 121.324343948115 158.580003715064 131.216403661785 21.6931366390989 43.6396951634085 32.3210240230749 68.8819817063371 0 110.305729928226 128.021599989873 74.359602243341 21.0665151112251 89.251985853941 63.1418435790431 152.355686940346 145.597055628305 77.5841209163464 81.4155129906594 138.908069653336 80.5151862457374 101.169634744497 94.5609343785536 93.8948349964337 45.6088483652935 95.6632930953449 149.444482601846 131.255756478347 118.395358067874 136.138722055043 139.257019047946 68.6856526463269 146.166956288795 0 126.752866194442 123.659357377924 0 104.491542632384 0 109.010753657731 133.184066392329 141.367870555746 54.2203911737831 119.371906387606 213.611537915519 36.591435196167 0 158.271065792052 83.9010175493727 108.1106834292 165.742618716486 0 169.625135004008 96.3475111605522 117.222837323779 71.0501565362202 137.967418379786 79.1887018988683 156.279729966446 177.946422713208 137.204072734875 107.379889472414 142.004353532773 119.790909414658 0 0 127.712415060297 135.137620794478 191.941857886104
132.107208251953 24.7550301775891 92.2748990386876 0 109.550772732679 89.1869462776932 134.902313232422 92.2218180494472 101.14076309236 198.8408073766 34.6639165674795 128.913063972591 22.2331572406792 99.6942736091827 141.694550804908 93.9458624097868 71.9497800375785 43.8852330506263 50.6682189257244 161.408828735352 119.46783825814 65.6301714349822 117.484921387956 110.305729928226 0 37.9029109348488 28.4014409063469 127.99728278468 108.032925879381 135.053394263525 46.4658371015004 91.5453075742725 0 52.2854910713362 124.43920135498 96.2118358364176 35.7009567872764 51.9733300986465 63.2929488900018 138.932956117223 88.1606827282664 19.3371198460631 120.829856872559 40.5832761651879 63.8446318669302 0 0 0 42.2272920163773 0 28.5620906051864 119.903066276618 206.509765625 0 0 187.953971642518 0 143.187118530273 0 55.9207626031191 0 53.915372617304 0 0 86.4494094848633 109.619552586726 71.8006944192701 80.7327109963858 0 0 96.9084782048604 0 0 25.9500977659241 67.5819920940878 63.940442421182 0 0 0 68.652533767262 0 0 74.6790153068704 119.506507873535
112.151200167505 47.9933599238684 35.2952733620928 0 92.7504494826899 131.635787145604 125.747359010936 116.972923785454 119.952362961505 157.486274431285 33.2385483550957 148.199347500719 39.1562175977506 120.161813852091 146.737218576175 102.538290516273 31.2205305608659 26.0165448636549 33.1103524000835 170.563600693984 92.5476575459183 85.7622389777473 69.0307496599196 128.021599989873 37.9029109348488 0 32.8707083193725 93.1673748654399 112.490587746834 104.98549562988 27.9721219864638 100.929423458503 124.681089076178 53.4140658191344 138.80753313956 84.1244988108802 45.0598944652744 57.7229973473487 67.6387118330996 128.599233435656 85.2760399198809 61.4725761249957 144.209627594966 82.777416873344 117.670607757543 132.126251220703 136.058395385742 0 78.4244102728735 0 61.4023466988486 116.203025650842 0 0 0 0 0 127.319190979004 240.981109619141 87.0172056222667 0 83.0026367632049 132.728088378906 0 148.161785664805 112.576842742855 93.6909618504961 114.279184262762 0 0 83.2217454500685 143.321132896791 147.844079693634 66.6328177085733 91.6399099299545 94.4083918618652 199.301803588867 0 165.096314367195 101.81010562 0 0 104.627823241693 148.983037224403
124.242270566216 32.6168415016164 33.220539794618 123.279051554519 107.630488947885 139.930468903694 108.212003231724 131.143230981608 90.146476220794 137.601483656426 57.3042883547039 131.07082502302 31.8370945758565 127.186714036644 116.02950472486 25.1644149021418 67.7944824149199 56.5091698959009 63.5546254467189 122.504045798847 67.7250853648317 36.9786497636338 33.8711959963534 74.359602243341 28.4014409063469 32.8707083193725 0 75.2790755190973 123.367589037102 100.154348990269 33.6698261927956 107.918205735127 103.899022202357 67.9455107415056 146.258423616974 82.1701776047931 57.1075491966124 67.4759261101825 73.5398514100417 106.596732404643 86.981733013372 66.4905587278576 129.525018788463 105.572843093097 110.567594298818 120.244067748618 150.280655399126 0 106.422964729935 162.291908083889 52.4515155954081 95.2492181785981 0 0 0 160.389191211801 170.738423618213 121.424178932414 177.954125582444 107.988644195638 0 92.5144809532997 155.626860041742 0 95.2115892694901 118.210592366555 108.512313170907 111.295366925813 0 129.677071988853 40.8098633192714 104.64340417666 122.327596157596 72.6479088543745 91.7424356174375 91.1389233560938 139.280096117925 153.096574716923 135.72191347202 115.574673213776 0 126.084175109863 109.178946807828 165.891370143292
79.7949530888688 96.6421667922072 78.1394614413026 19.0269550016288 112.848556158901 70.841152010219 36.4733196903504 92.8007563872273 51.5181047255671 28.0910446357462 144.150840224161 53.4163941714766 152.716445875816 87.5876553116501 75.7526090020387 33.3005834707114 103.878525351531 142.505499778513 115.158043409598 29.0610984569136 28.9117953741808 58.9583854254731 53.8473892377557 21.0665151112251 127.99728278468 93.1673748654399 75.2790755190973 0 89.7590703661338 42.1405452062303 168.883316040039 138.580872100783 74.2365134544641 70.6942032751374 124.467157359315 74.943371576663 82.1625416120391 82.1956068111456 83.6443556035145 69.4089130139564 96.5361168700448 164.310748021506 138.417132004337 137.224797295062 148.444413153207 148.143859726863 91.4541180381491 144.285182318401 0 135.887782191144 164.781947571285 156.089925375135 110.378718220153 143.523208618164 143.847708843546 144.706463568886 159.012646522421 72.4024805624207 135.943838852406 0 104.65704606229 0 159.710165808689 110.699225454284 116.174306728514 166.328460693359 0 0 120.659893353004 124.11448292946 82.6837406633722 155.34902525354 104.98574146794 207.188293457031 149.192433378524 140.058286060309 122.030778735389 150.25024900488 127.843605205825 0 209.933197021484 141.094002539153 152.565829808033 170.487366230926
19.7211296790454 122.970429783212 110.054604527908 116.580822995268 25.9826702571214 48.5290855273739 68.6659428906852 46.9536376743816 80.4224189553056 100.2225134445 67.5054454166449 93.0151528959582 69.7704580429496 31.7759918764055 47.7229712292559 103.388195700353 105.580318934668 102.776314311609 109.623470705004 99.9593070898791 85.7795582495988 90.7020509312178 98.6204055147045 89.251985853941 108.032925879381 112.490587746834 123.367589037102 89.7590703661338 0 38.217549690962 105.937762749887 15.6031464309344 23.2564883360261 38.6022134802205 107.913267979529 61.0696420121626 75.4016850269433 50.3569624741531 65.6731859199358 42.3038891088946 28.187152464107 62.5237688171895 132.9884712069 0 158.696736893774 163.968217415698 0 222.027252197266 0 201.818644321669 174.002319335938 206.869415283203 0 0 0 166.308585896204 186.816411779933 107.546104441559 0 0 0 0 202.005427468649 0 137.53614395866 0 0 0 0 161.082436822848 139.59358215332 0 141.655019402891 0 220.638366699219 0 143.014968614249 175.31831319081 149.479763905298 0 0 0 164.031940467679 132.256281470093
30.3376517662855 110.637188011731 77.7782934650851 89.7444744615755 123.573206495381 87.4648777468268 20.5056850855575 76.0197430609162 60.4712202848283 76.4543174867227 118.429604113538 108.051701256226 120.897165250149 66.2839353834653 111.348775559517 75.045219595762 76.6047351427762 111.865025737353 90.4621927391003 77.0633986886013 30.1291693000971 64.8835455908384 57.7176253245363 63.1418435790431 135.053394263525 104.98549562988 100.154348990269 42.1405452062303 38.217549690962 0 0 130.112928288228 52.0685310966873 40.258884478329 129.789250638343 67.1415958635802 85.3145137662055 62.7401481697684 68.468578010448 82.7706859506667 86.4089229397503 0 139.117504095295 0 143.51854504451 147.298522791953 135.819366455078 0 0 130.466905013972 110.378936767578 145.542892456055 127.708129882812 0 0 136.589162249641 189.957733154297 82.4866471059938 0 0 117.178103211055 0 164.312592099741 0 107.906522499872 0 0 0 0 122.165114395018 71.6270433396666 161.920280076063 121.500195010575 0 206.432922363281 149.958305769037 131.162316059289 176.75752809971 135.007754515304 0 0 161.017486572266 160.907144865415 151.014985434226
0 71.392081071466 96.0001326290771 0 0 95.0273811249418 0 106.907953415497 138.086470053347 168.833053588867 32.8741775317821 0 17.0932812861417 128.547757028534 0 0 80.9225828621413 49.1142573958802 64.4905932835718 0 0 105.865758744077 158.494323730469 152.355686940346 46.4658371015004 27.9721219864638 33.6698261927956 168.883316040039 105.937762749887 0 0 98.9493789672852 0 67.536024714089 0 111.386046829713 53.1811615003956 68.0876386185138 77.8859846588562 0 79.5380935668945 56.8904019343955 0 78.0676574707031 113.908317565918 0 0 0 0 0 85.2161580194729 0 0 0 0 0 0 0 0 96.8190934288841 0 91.5400893272843 0 0 0 139.009141306422 97.9272721761983 0 0 0 0 0 0 73.4184900939288 103.400132199203 110.299825365807 0 0 0 106.142647402328 0 0 153.640197753906 0
81.966721112476 0 141.93978434686 0 11.0047882555778 18.7763652972083 116.328041217272 21.7341536812574 95.4536691635457 122.13271703586 57.87611683119 90.8448877119795 63.28539746105 20.1706328181091 41.1897876835223 0 80.6940761414631 82.7038961835159 124.905283816628 123.706440561977 158.168912532376 140.375717139764 157.361512890266 145.597055628305 91.5453075742725 100.929423458503 107.918205735127 138.580872100783 15.6031464309344 130.112928288228 98.9493789672852 0 72.4493882451655 24.6074661804101 102.390439873087 74.5955520271469 61.7881310771227 40.3181940653723 47.9286723672306 32.5915264152218 18.8738561533268 54.2414159362086 215.145294189453 0 0 0 0 0 0 0 0 0 0 0 0 0 0 0 0 0 130.695663452148 0 0 0 0 0 0 0 0 0 0 0 186.177749633789 0 0 0 0 0 0 0 0 0 0 0
33.0333819168211 123.276405334473 103.862762028818 112.878753662109 0 98.9335009694852 69.5506398998116 82.7488388254343 75.4937603635547 90.1504039367289 102.597480227986 0 0 57.8435321670642 118.309303283691 77.3453068774716 91.7581612190029 114.445739746094 102.612929364135 106.875511169434 72.6621750977313 78.8866286000981 85.453521457795 77.5841209163464 0 124.681089076178 103.899022202357 74.2365134544641 23.2564883360261 52.0685310966873 0 72.4493882451655 0 25.1848696504814 124.827341272405 44.330198862271 48.8265392726692 44.7675742862064 52.3488384774261 61.2709503201756 49.64266632515 0 0 0 169.335175194789 213.027511418463 0 0 0 0 0 0 0 0 0 0 0 93.8930871937825 0 0 0 0 0 0 154.815689086914 0 0 0 0 203.207050207099 132.330535888672 0 129.373092127691 0 0 190.964614868164 132.38891056538 165.39924621582 134.90200487354 0 0 0 155.915817260742 122.145141601562
57.044839309688 66.1245762486485 56.0533012553753 108.455917454391 16.6351240873522 37.248709808686 82.5806091122101 45.2373318981938 85.8055567398955 101.175308796332 22.2391357408262 90.7299243606387 26.8350573757564 50.0620034114262 38.9956483171082 75.2628885897895 37.2551827410361 48.0655579295829 37.4272397488181 98.0163256581411 43.5961290685164 68.8344465618955 49.889571590156 81.4155129906594 52.2854910713362 53.4140658191344 67.9455107415056 70.6942032751374 38.6022134802205 40.258884478329 67.536024714089 24.6074661804101 25.1848696504814 0 90.149663295676 48.8531500489547 25.3964271037767 16.628958706551 35.3440127576193 37.903863364032 11.8853829122115 22.8650041813266 110.614862011981 0 133.664134068947 115.869911229454 0 71.3119812011719 0 120.443969726562 77.6805256008166 143.957773824015 0 0 0 144.737627816959 203.867752075195 129.352585895379 0 116.800040787658 0 101.796781670733 216.85573337171 0 100.685974796439 131.667904412638 169.786562089671 144.689353906072 0 152.321133450795 73.9060938347597 124.016251321254 132.111054349831 80.1439695528282 115.558672293074 114.400827610662 140.222318403355 166.215855106552 139.474174569089 0 0 206.802749633789 161.81720270273 87.7707140291336
127.778517257517 144.057672135028 135.420730408982 42.8364237392354 101.814954569787 20.1554380001908 103.129356919763 80.7032837292077 79.3236100856662 35.7575570989818 142.66175672674 15.802478369974 79.1781217146814 114.15128652865 46.1076012876155 135.656527350715 141.887397109034 161.106562522253 157.373372300121 23.4869270823002 140.18019394464 134.068096261995 138.510302917515 138.908069653336 124.43920135498 138.80753313956 146.258423616974 124.467157359315 107.913267979529 129.789250638343 0 102.390439873087 124.827341272405 90.149663295676 0 70.991398426813 97.8964225057815 85.2688032878612 78.6154777656446 66.8187841202126 80.8008122091176 87.461459591882 76.6466000280457 106.958585721849 101.777766895892 91.7285689534976 80.8463690245771 104.828782702099 87.5591269464264 131.756988525391 0 147.705049674492 0 0 226.89501953125 168.007485487581 183.687188699025 142.132870884661 167.82275390625 0 0 129.125845842182 175.197272152814 0 171.423917348823 0 0 0 0 170.586086339724 145.566057179427 152.238348063285 178.873755733506 0 170.938538022771 167.031504312627 171.817580311524 179.158481787442 153.778013926269 0 159.081085205078 122.780133980985 94.3579690841966 26.7585513972016
66.5834086755926 81.0899648614671 70.6178731761759 112.510714828014 70.7156745686481 84.0515238078354 81.417678543459 74.6871581304116 70.0519022497309 96.622973992572 79.2726716070393 103.68490931855 28.9155132880985 68.970732160967 86.4064793055586 71.6940682933577 78.1073188746108 101.86796212056 95.5509262496352 89.6178953002163 69.544033840828 69.4035195715376 70.092155254538 80.5151862457374 96.2118358364176 84.1244988108802 82.1701776047931 74.943371576663 61.0696420121626 67.1415958635802 111.386046829713 74.5955520271469 44.330198862271 48.8531500489547 70.991398426813 0 33.0037252709713 32.0251009810004 25.4469639945583 23.7771985528454 33.4595138484226 32.2280569815991 53.0011779683649 88.7683235905885 90.349197406905 73.3786070339465 68.8755555089843 134.079131491202 68.2735423359732 130.668220152086 98.8112351305989 131.833724243727 155.744679473542 0 203.449310302734 147.267050743482 0 101.956177689152 173.369293212891 0 0 133.285228854979 159.513869228108 0 125.805648037353 161.4214523551 0 0 0 131.327247827764 92.0166871199735 130.616322085937 123.526952776057 0 137.748759697305 132.252093056062 134.854784808735 146.626089877061 152.302839139127 0 0 151.078994750977 107.049645922776 80.1339787932228
