0 14.990875005722 74.5716243684292 38.0145488977432 3.72907024621964 323.698399364948 3459.43641084433 2100.76236346364 267.309055149555 527.421273589134 30.5336605906487 72.2083971202374 5.89187622070312 13030.229503721 13.222072571516 26.0080725550652 155.77588146925 4.6997834444046 26.3510220944881 67.6616183817387 305.180631905794 50.8128673434258 425.167280197144 484.447674810886 1.40614384412766 76.7574645876884 110.070721417665 786.571264058352 13297.5889047682 9612.02365258336 1.76834493875504 15.9826946258545 166.049945414066 332.440149188042 9.73624533414841 257.195964246988 10.2811703383923 0 12.3923645019531 218.64744746685 44.687093347311 0.893635034561157 20.1912925541401 0.928163677453995 15.9536592960358 3.03347396850586 3.18143528699875 2.19609171152115 0 1.85385975241661 0.470551252365112 5.4303033053875 5.71280473470688 0 2.34864640235901 45.8623701334 8.57580402493477 32.634386330843 19.6393386125565 0.56809538602829 1.37192338705063 0 20.04649913311 0 12.2453316450119 0.701703786849976 0 0 2.63058891892433 22.8906776309013 6.80381536483765 14.3630287945271 88.0798787176609 0 3.53884518146515 15.8471045792103 99.4791745841503 21.9487595111132 23.3343100845814 0.524135768413544 0 0.626950263977051 3.419937312603 2.2872888147831
14.990875005722 0 646.171109467745 3.49257594347 0 2.93812647461891 39.0562545657158 9.75221991539001 551.104082077742 3.35738345980644 322.272564083338 6.74221208691597 652.098110318184 15.2149826586246 5.22380083799362 164.187719196081 824.159352332354 94.2592634856701 396.001453220844 0 94.4800778925419 3072.85798320174 581.677684575319 796.697130203247 1666.72544044256 1246.77800342441 7509.00218710303 126.273347586393 30.7450654953718 110.292575567961 37.0864689350128 0 7.77916568517685 284.533134609461 2.3240681886673 171.199262112379 210.772394657135 0 8.82229113578796 31.1491197049618 4.59322348237038 74.0897887349129 81.7476962804794 84.0568458735943 89.623305618763 18.9482353925705 7.4157327413559 1.64432561397552 2.3136984705925 1.15652978420258 259.562568753958 217.530516207218 1.2909517288208 0 0 9.0593701004982 0 8.79762190580368 1.29249128699303 16.2176152467728 0 10.1935186386108 4.40571042895317 0 6.47184282541275 80.5772890746593 10.3818458914757 61.7558308541775 0 15.5146605074406 131.277600556612 113.419450104237 7.08888354897499 21.4855889678001 341.648546397686 1002.81307700276 10.6678908765316 2.37639427185059 7.39329051971436 0.600891888141632 0 0 36.1002756357193 0
74.5716243684292 646.171109467745 0 0 0 33.2181900143623 363.312060266733 92.5857850313187 31.9109426736832 13.5876589417458 58.5430329442024 0 7.02272135019302 121.651757925749 1.55580580234528 45.3986009061337 5482.9841799736 68.2071304023266 538.685272246599 1.49076122045517 868.590014696121 483.866035580635 17864.5189210176 80.4352091252804 27.2194167375565 14668.1067706347 13755.6590102613 456.416353225708 139.622760146856 1008.83855611086 5.50979128479958 0 19.5030269920826 489.221990942955 9.09188148379326 642.926687151194 537.867702454329 0 29.6901298165321 47.8823231160641 10.3881904482841 1.67405307292938 168.835111290216 121.147356003523 187.598147720098 70.467125326395 14.4772896766663 0 0 4.68163955211639 157.955359011889 673.89773157239 0 0 0 31.8153658211231 1.10897153615952 10.8273414373398 2.4579881131649 7.65421599149704 0 3.29609036445618 8.0330513715744 0.597561657428741 54.8340744674206 149.51953202486 0.588753044605255 39.8845958709717 1.00852885842323 46.2756857872009 253.995455652475 470.072487980127 36.943443864584 5.65104353427887 266.702145040035 1930.35385298729 36.9892544448376 6.88912126421928 22.5837014317513 0.371465146541595 0 2.5943651497364 50.0760613679886 6.43180423974991
38.0145488977432 3.49257594347 0 0 0.720823645591736 284.512177675962 856.854310780764 144.954331666231 704.081984549761 6673.17826867104 0 2515.17129445076 0 114.08083948493 59.4719983041286 1.5944247841835 0 0 0 22784.8122831583 9.0221029818058 14.8626013696194 10.7307817339897 2121.84617069364 0.64564722776413 0 9.51541313529015 11520.4452761114 123.000200837851 63.8655407428741 0 1.78361341357231 11.415285885334 34.7513734698296 1.13041663169861 109.534310370684 0 0 0 236.991189837456 12.2415474355221 0 27.9915201961994 0.378120720386505 3.08835533261299 0 55.9544655382633 0 0 4.41166305541992 0 0 209.511468708515 0 11.4281217157841 53.0347837507725 6.98839709162712 108.186840742826 190.368003368378 0.563353419303894 76.6200403571129 0 6.43657150864601 7.88617569208145 0 0 0 0.691105365753174 142.082651019096 2.00444212555885 3.35080325603485 4.29079276323318 144.7959664464 0 0.662516951560974 2.46235093474388 118.296287894249 9.07122045755386 4.9108065366745 0 0 0 1.28346180915833 0
3.72907024621964 0 0 0.720823645591736 0 2117.52168852091 6.9828507900238 1530.77521598339 75.3504993915558 15.2243013978004 13.6701751351357 100.947834789753 2.602867603302 122.394718408585 2284.94247949123 0 0 0 1.80454802513123 11.2795714437962 2.29577177762985 8.09933161735535 0.957631438970566 57.0630258321762 0 4.66220372915268 2.33164155483246 14.2117241024971 312.055793911219 7.21169409155846 0 4128.04431346059 1.6117829978466 742.376785993576 0.943291842937469 43.824371099472 1.29458546638489 0 2.2949275970459 9804.40921777487 4299.84425467253 0 1.51400649547577 0 0.320576608181 0 0 0 0 0 0 0 0 0 0 0.379108071327209 0 0 3.53788161277771 0 0.590976715087891 0 0 0 0 0 0 0 0 0 0 0 0.783291339874268 0 1.82314205169678 0 0 1.04043281078339 1.28949213027954 0 0 0 0 0
323.698399364948 2.93812647461891 33.2181900143623 284.512177675962 2117.52168852091 0 4160.55439057946 22134.5954376161 414.349504202604 21780.9809690118 56.7150849997997 6433.08655083179 12.195120126009 2613.23349899054 5262.05102711916 12.1356031596661 44.7130259871483 2.73786509037018 6.46423035860062 1381.70161059499 67.7910992801189 31.8694081902504 148.273129612207 746.693947941065 2.89332875609398 33.4685078859329 38.0798808634281 1053.33482390642 1063.32670268416 672.190969735384 3.07120215892792 1417.34354841709 11.9825158715248 749.532599002123 5.19806092977524 241.41028881073 7.34210342168808 0 8.7199918627739 8910.27043148875 1131.46741726995 2.08340483903885 12.2064656615257 3.28907531499863 15.2421030700207 3.70032024383545 15.0194765329361 0 0 5.70473229885101 0.341433435678482 0.578713297843933 70.8244992792606 0 20.7235540151596 122.349153548479 22.8137376904488 61.447697520256 216.740789830685 0.610466957092285 27.9861761033535 1.25441837310791 18.672119051218 0.895346343517303 4.24726277589798 3.28045582771301 0 0 25.5284707248211 3.93809789419174 3.7480865418911 8.53714409470558 200.81685847044 0 0.788319081068039 5.58657106757164 175.311172500253 21.0732927918434 5.18002277612686 0 0 0 6.09257128834724 1.18078216910362
3459.43641084433 39.0562545657158 363.312060266733 856.854310780764 6.9828507900238 4160.55439057946 0 5762.81423062086 1297.35378867388 19551.4723231792 26.329527258873 336.308394253254 6.8519469499588 6025.27728870511 56.1039139330387 183.601668417454 191.817222118378 7.46841865777969 29.9001191556454 699.51862218976 733.789832800627 180.467352777719 1529.67111316323 4240.64502230287 7.32892924547195 183.733073920012 358.797842025757 15557.8201404214 2714.91466677189 15288.6860707998 0 16.2168490588665 220.237466663122 584.147738218307 44.6864565610886 1424.28645354509 38.2684565484524 0 54.9791877567768 724.442660838366 128.319712042809 1.20604014396667 68.5775952637196 2.94892060756683 33.6675869226456 9.94984656572342 76.5134406685829 4.6968537569046 0 23.5626837611198 0.612157881259918 14.1271040737629 124.31739282608 0.806372463703156 49.5472302436829 359.564566969872 59.1267757415771 219.936862587929 558.797310948372 0.940078437328339 74.1792257130146 0.460777044296265 86.7581326365471 6.10864990949631 26.9636361896992 2.24352329969406 0 3.14935392141342 54.7421313822269 41.8059692382812 21.5748361051083 56.3243211507797 615.017362266779 0 4.93288692831993 34.3796918690205 587.64284157753 74.4300965964794 39.4386729598045 0 0 11.197385430336 33.7476534247398 8.28827428817749
2100.76236346364 9.75221991539001 92.5857850313187 144.954331666231 1530.77521598339 22134.5954376161 5762.81423062086 0 423.347555786371 4192.46626999974 191.520227819681 1012.47611904144 53.7050521373749 17611.9266598821 1149.52459228039 24.6341532170773 125.367477536201 17.5668048262596 31.3667135834694 313.962594240904 260.646697312593 48.3852507472038 376.144572108984 859.912664443254 11.098767966032 92.5635152757168 106.485249310732 1148.90770241618 2781.99460658431 2622.7692424953 3.10006430745125 1357.28971883655 38.7084749639034 1973.80314403772 23.0473010241985 541.34869530797 56.0847235620022 0 29.1920628547668 3931.00895234942 2196.54680395126 18.691403567791 15.692508995533 0.540858626365662 17.8038776814938 2.99673080444336 9.80281817913055 0.818667709827423 0 6.93135911226273 4.76695439219475 4.62305071949959 27.8602564036846 0 15.4532677531242 145.316526338458 23.1024949252605 50.5898613035679 111.684172481298 0.98425817489624 18.728748857975 4.05442982912064 24.5902948081493 0 6.19824206829071 0.904075711965561 0 2.20874643325806 18.7821451723576 18.7903362810612 9.89296963810921 13.4434437453747 221.258430719376 0 7.03590229153633 17.4708706438541 186.83415222168 30.1454434990883 43.6269581615925 0 0 2.45518639683723 9.50781908631325 4.7186833024025
267.309055149555 551.104082077742 31.9109426736832 704.081984549761 75.3504993915558 414.349504202604 1297.35378867388 423.347555786371 0 1391.9378555119 39.2513773143291 1313.48056155443 78.6941396594048 500.963112473488 996.559349417686 252.146075338125 27.715315759182 16.6540504395962 21.819145232439 328.07260337472 336.3029987216 3497.62688675523 253.139310956001 13500.6449016333 189.178287118673 62.8775500953197 707.766256794333 3375.82462537289 629.92301017046 898.305532038212 2.13337820768356 4.95359349250793 106.0877199471 170.370793133974 15.4271786510944 544.146253079176 13.9009186327457 0 11.5683960318565 2478.12613496184 27.2169701457024 7.8053166270256 93.0284303128719 5.72037369012833 42.9686302542686 6.98047941923141 64.4036925733089 3.83091080188751 0 23.5931453406811 7.654402166605 14.92532107234 114.06422790885 1.32003277540207 24.6636626124382 260.530079871416 40.9679302871227 351.937389612198 398.197175890207 0.701171100139618 44.2975947260857 1.67911899089813 57.69550588727 6.51942825317383 65.5577177703381 2.50774848461151 0.94951856136322 2.857476323843 68.4438866078854 121.870663166046 90.9694222509861 105.577770620584 641.638711214066 1.24907410144806 9.22811669111252 48.1431030929089 473.643497109413 90.0157870054245 125.006640762091 0 0 13.8784655332565 49.5953728556633 2.40332734584808
527.421273589134 3.35738345980644 13.5876589417458 6673.17826867104 15.2243013978004 21780.9809690118 19551.4723231792 4192.46626999974 1391.9378555119 0 30.3093211054802 19991.6407404244 8.3787599503994 2160.87102335691 128.533610582352 13.1198826432228 13.7721261978149 1.6987037062645 2.36298811435699 19974.2991184294 27.5217797160149 29.0180232524872 62.4403852522373 2062.56380394101 1.79143857955933 10.4516921937466 24.5647388398647 5781.45491668582 997.158358931541 352.472302168608 0 15.0740682780743 38.0202909708023 278.295504570007 12.0350331962109 451.424750804901 7.18444901704788 0 9.34404346346855 714.129861146212 87.6713779270649 1.42002248764038 65.3421909809113 0 21.2739666998386 3.75274974107742 159.125441968441 2.28527933359146 0 14.3465305864811 3.34372794628143 1.67236298322678 239.295539259911 3.15112721920013 53.1717704236507 219.664782732725 72.4594114720821 265.758601993322 853.68082857132 1.42862224578857 236.187720149755 0 46.3065176010132 19.2031418681145 1.96550905704498 0 0 0 112.274053454399 13.3022050261497 5.63699632883072 13.0496305525303 550.74966225028 0.941899836063385 0 8.81943401694298 484.61210873723 32.1259041726589 13.2082905769348 0 0 0 11.4824405312538 1.06622806191444
30.5336605906487 322.272564083338 58.5430329442024 0 13.6701751351357 56.7150849997997 26.329527258873 191.520227819681 39.2513773143291 30.3093211054802 0 10.1594363451004 10855.8900064826 322.698005735874 5.08444291353226 8.84807062149048 405.191344112158 7567.36357802153 6129.92129209638 2.45102471113205 22.4651799798012 110.446567922831 82.6967095136642 45.3931121975183 4481.86088910699 5638.93517312407 3266.70000615716 24.792801618576 278.02138286829 61.8251734673977 555.570854038 38.2265359163284 6.0108460187912 8533.25004309416 2.09579446911812 125.30695822835 3205.15759161115 0 38.7635337710381 53.901260226965 22.8212479948997 1361.70691174269 20.9294765591621 224.643771141768 81.6100079715252 13.6765553057194 3.61528158187866 2.70835518836975 37.1022360920906 1.4754890203476 54.1765384376049 8.44188272953033 0.47672113776207 0 3.33522468805313 1.04308521747589 5.66277754306793 1.21407008171082 2.66435986757278 560.891727507114 0 979.993772685528 4.22865015268326 0 0.427016496658325 13.2307461500168 292.882158011198 128.880749732256 0 0 2.68860745429993 7.63872963190079 2.94763889908791 257.877188920975 645.233515709639 488.399254858494 4.32372510433197 1.94090926647186 2.18964445590973 105.965501129627 0 0 37.8615694344044 0.547112643718719
72.2083971202374 6.74221208691597 0 2515.17129445076 100.947834789753 6433.08655083179 336.308394253254 1012.47611904144 1313.48056155443 19991.6407404244 10.1594363451004 0 7.70057547092438 446.387693434954 2590.53299602866 3.87287774682045 1.45814549922943 1.56665313243866 3.83790695667267 21230.5606642663 4.41626244783401 56.6945751607418 6.64491891860962 1414.07930442691 3.59777900576591 1.35466942191124 20.6953520178795 981.480067849159 207.71796387434 25.2075137794018 0 15.7464290857315 1.90036669373512 217.015507608652 0.947232067584991 183.249732375145 14.5956776738167 0 186.987957239151 3746.18243944645 35.3619683086872 13.66657102108 8.82477790117264 0 0.558341264724731 1.5133410692215 55.396351993084 0 0 0 0 0 168.436448693275 0 6.5973157286644 12.0285903811455 8.6429568529129 37.5747390389442 116.952024161816 0.591818034648895 699.436899393797 0 4.77613872289658 4.24037158489227 0 0 0 0 73.0868136882782 2.79817593097687 4.34063765406609 3.15607440471649 73.2787030041218 0 1.0207850933075 2.89386111497879 61.1901651620865 2.83827337622643 1.0471698641777 0 0 0.564958214759827 1.67078059911728 1.40506541728973
5.89187622070312 652.098110318184 7.02272135019302 0 2.602867603302 12.195120126009 6.8519469499588 53.7050521373749 78.6941396594048 8.3787599503994 10855.8900064826 7.70057547092438 0 88.6875285208225 1.14099392294884 8.29363334178925 19.3803842365742 396.59047755599 148.22131896019 2.3465324640274 6.87699270248413 199.178974896669 20.2809736728668 84.1994779855013 10404.1106797457 1297.65200218558 6408.36865162849 11.3418428301811 57.2709147334099 19.1969958543777 4010.59584361315 10.3136132657528 2.11711436510086 7100.20439496636 11.0201904177666 135.987195372581 4122.52723130584 0 81.6214752793312 34.7964381575584 45.7710039615631 5408.43915101886 14.6723866164684 223.99443307519 60.9940512776375 3.28973013162613 0.97161328792572 0 51.4908897280693 0.643732905387878 29.9521633088589 4.44335573911667 0.600139975547791 0 0.669983923435211 0.767116189002991 1.94858688116074 4.35401201248169 0.822793588042259 506.391009658575 0.751331627368927 830.46427500248 2.82613033056259 0 0 3.90693774819374 219.392457336187 65.7727711796761 0.348933696746826 0.404098361730576 1.25800406932831 7.0675191283226 0.58338326215744 200.338723063469 406.307764232159 252.23798558116 2.79872769117355 0 0.741070628166199 107.953209221363 1.22174954414368 0 30.7769721150398 1.95510086417198
13030.229503721 15.2149826586246 121.651757925749 114.08083948493 122.394718408585 2613.23349899054 6025.27728870511 17611.9266598821 500.963112473488 2160.87102335691 322.698005735874 446.387693434954 88.6875285208225 0 166.805231362581 31.0672956705093 189.964736163616 32.7555202841759 60.6610459387302 177.116648465395 381.708503752947 65.9912836849689 482.227609068155 968.44006767869 31.7550336718559 139.488486915827 161.737648248672 1336.01021206379 10594.7059942186 4436.61357906461 5.04947659373283 1166.24887683988 133.002218753099 2152.14537158608 17.7139904499054 797.056956380606 72.6743856668472 0 44.2638141810894 1607.75979357958 627.635841846466 24.1948217153549 22.2718974649906 3.56568282842636 15.1526687443256 3.15334111452103 7.98132693767548 0.876009225845337 0 13.298710912466 3.12295362353325 5.9389211833477 17.1868418455124 0 13.9805533885956 147.914425462484 26.5205051600933 74.3505080938339 105.617519319057 1.96167129278183 4.37300848960876 4.11604046821594 41.4655647873878 0.405751675367355 15.9235309362411 0.555619120597839 0 2.52812966704369 8.50370934605598 30.1041904091835 12.7479173839092 28.2140073180199 222.340275883675 0 10.8973124921322 18.0979904830456 212.265372663736 36.1238895356655 39.0265502035618 1.30779218673706 0 2.96768674254417 21.6221425235271 3.69098797440529
13.222072571516 5.22380083799362 1.55580580234528 59.4719983041286 2284.94247949123 5262.05102711916 56.1039139330387 1149.52459228039 996.559349417686 128.533610582352 5.08444291353226 2590.53299602866 1.14099392294884 166.805231362581 0 1.1823548078537 0 3.48578459024429 0.985282212495804 123.998194694519 2.39907324314117 55.184625774622 3.37588763237 509.926284462214 6.69438710808754 1.42443761229515 12.8712145388126 109.876737236977 94.8091511428356 22.851213157177 0 207.581934243441 0.41663521528244 62.4744388461113 1.49078905582428 33.6311348080635 1.51214671134949 0 0 15063.5183390379 124.791828006506 0 6.33622848987579 0 0 0 2.91606152057648 0 0 0 0.946607232093811 0 11.8740802705288 0 0.736525118350983 5.24655562639236 1.02749466896057 3.91591256856918 14.1966482400894 0 4.76733613014221 0 0.659445762634277 0 2.70824110507965 0.616375803947449 0 0 1.1820981502533 0.811336576938629 0 3.6289027929306 10.6958938837051 0 0 0 8.91936618089676 0 1.76463502645493 0 0 0 0 0
26.0080725550652 164.187719196081 45.3986009061337 1.5944247841835 0 12.1356031596661 183.601668417454 24.6341532170773 252.146075338125 13.1198826432228 8.84807062149048 3.87287774682045 8.29363334178925 31.0672956705093 1.1823548078537 0 63.9225834608078 1.32209819555283 14.1245793104172 2.73201286792755 8149.82997092605 2500.48103109002 18555.3424102366 2463.54268318415 27.8455067873001 37.0184035897255 10929.0495766699 3934.88467723131 173.975688934326 558.71049040556 2.25622951984406 1.10090065002441 98.6810432374477 568.850219249725 26.4827624559402 1207.44274228811 120.614808112383 0 26.3913631141186 92.1181824803352 15.6880460381508 3.43447160720825 92.7737572491169 32.7257626354694 40.3195520937443 26.5270647108555 17.3774211704731 1.78531813621521 0 6.36588796973228 3.19680127501488 26.6797451674938 1.29044497013092 0 3.85948741436005 44.8540593981743 4.48333519697189 23.8158829510212 14.4843447506428 1.05831059813499 2.38346201181412 0 8.88216504454613 0 417.713972598314 7.24428102374077 1.33500242233276 2.21845927834511 0.622131526470184 174.783120632172 318.625676542521 812.480641931295 133.245613753796 0.731444358825684 12.2615892887115 303.803283780813 133.290086954832 30.2427636086941 94.0546869337559 0 0 7.10058110952377 24.9748115539551 8.21747604012489
155.77588146925 824.159352332354 5482.9841799736 0 0 44.7130259871483 191.817222118378 125.367477536201 27.715315759182 13.7721261978149 405.191344112158 1.45814549922943 19.3803842365742 189.964736163616 0 63.9225834608078 0 247.79960796237 8453.15862834454 1.3313892185688 1594.65429320931 158.815533101559 8989.67323160172 51.2502349317074 56.9843319654465 9293.69100633264 7627.67604383826 198.00973790884 254.818127095699 2120.54545101523 9.96912449598312 1.28456294536591 68.0445132851601 1326.46794572473 7.41827103495598 432.22230771184 498.266012907028 0 26.1142654120922 31.7366942465305 7.6238060593605 0.667371571063995 96.6101602613926 81.675700545311 110.98602065444 25.935138463974 6.0343416929245 2.5128436088562 0 0.731010973453522 134.791964560747 258.692638665438 0 0 0 13.1029429733753 2.3125883936882 2.71555417776108 1.50717094540596 14.0661968886852 0.583632290363312 7.61545616388321 5.00058299303055 0 20.079855889082 142.444732666016 8.98396784067154 61.1388608813286 0 18.5474477410316 50.1796042919159 130.318774431944 12.3084735274315 15.0827821791172 501.663115352392 1012.52505064011 13.8529267013073 3.90007731318474 15.030230909586 0.807585835456848 0 1.17858910560608 54.510847568512 3.36825233697891
4.6997834444046 94.2592634856701 68.2071304023266 0 0 2.73786509037018 7.46841865777969 17.5668048262596 16.6540504395962 1.6987037062645 7567.36357802153 1.56665313243866 396.59047755599 32.7555202841759 3.48578459024429 1.32209819555283 247.79960796237 0 6793.31380555034 0 10.1867617070675 25.8257279098034 48.2369476854801 8.25096735358238 608.16383266449 5342.81612417102 1352.75588750839 6.92958208918571 22.6456528604031 25.8804838657379 110.236791759729 2.19712805747986 0.630517721176147 515.876461058855 0.329608410596848 17.0987420976162 106.720666229725 0 6.18950599431992 6.90594571828842 0.630043923854828 17.7661888599396 16.3399535417557 44.3606225848198 38.7364266514778 3.3466232419014 3.1615349650383 1.60224914550781 4.54484814405441 0 22.6156347692013 5.17403948307037 0 0 0 1.02235770225525 1.02178120613098 2.35703492164612 1.12522256374359 117.873254656792 0 175.547058165073 1.21042084693909 0 0.796673357486725 7.68427047133446 147.301140934229 67.5602880418301 0 0 5.37254893779755 5.91693240404129 1.45316082239151 143.283258736134 346.065403521061 281.802286416292 1.84762492775917 0 4.28338420391083 52.3144021630287 0 0 14.6257891058922 1.41111361980438
26.3510220944881 396.001453220844 538.685272246599 0 1.80454802513123 6.46423035860062 29.9001191556454 31.3667135834694 21.819145232439 2.36298811435699 6129.92129209638 3.83790695667267 148.22131896019 60.6610459387302 0.985282212495804 14.1245793104172 8453.15862834454 6793.31380555034 0 0 161.627381771803 54.9420258253813 657.852964043617 32.1423413008451 550.003906995058 18558.2556078136 4972.33016905189 28.4200766980648 70.8194007277489 305.365872085094 44.2153551280499 2.06062185764313 8.60388299822807 1387.14750447869 1.53726375102997 69.2954814732075 185.678278923035 0 9.07989180088043 10.3680549860001 4.40796694159508 10.5111120343208 78.9328397810459 100.38036864996 164.207379966974 18.3303978443146 2.34078472852707 1.55037188529968 4.9460027217865 0.674290835857391 138.264365404844 69.666598290205 0 0 0 3.6598072052002 1.52798712253571 0.420938551425934 0.432449758052826 83.5461869239807 0 89.9768053889275 1.68168693780899 0 5.1944140791893 64.3883918821812 110.105448454618 228.103824913502 0 5.31724360585213 11.8631244003773 39.2863028645515 3.97822126746178 182.708943516016 1177.45891931653 1047.86971792579 1.53420558571815 5.82284954190254 10.1071501970291 22.2194115519524 0 0 70.9250896573067 0.731259226799011
67.6616183817387 0 1.49076122045517 22784.8122831583 11.2795714437962 1381.70161059499 699.51862218976 313.962594240904 328.07260337472 19974.2991184294 2.45102471113205 21230.5606642663 2.3465324640274 177.116648465395 123.998194694519 2.73201286792755 1.3313892185688 0 0 0 3.40478616952896 6.69431057572365 3.65933859348297 885.462971001863 1.56136047840118 1.9700568318367 2.53419926762581 3534.96689766645 150.758668094873 37.4515798091888 0 2.45499396324158 6.68771070241928 44.8214520514011 1.64724293351173 69.305418074131 0 0 2.29162174463272 254.352840691805 7.67916691303253 1.35373818874359 11.4671966433525 0.739450573921204 1.61838567256927 0 32.0075233876705 1.89913547039032 0 3.90392845869064 0 1.42142999172211 217.914356440306 0 9.89691573381424 28.724437892437 7.01261734962463 65.2672307789326 141.93474650383 0 122.337697058916 0 7.96140217781067 1.17583417892456 0.937447011470795 0 0 0 73.1413830220699 2.03539800643921 0 1.32967406511307 102.825785428286 0 0 1.45494505763054 80.1061229407787 7.78830993175507 0 0 0 0.612161874771118 0 0
305.180631905794 94.4800778925419 868.590014696121 9.0221029818058 2.29577177762985 67.7910992801189 733.789832800627 260.646697312593 336.3029987216 27.5217797160149 22.4651799798012 4.41626244783401 6.87699270248413 381.708503752947 2.39907324314117 8149.82997092605 1594.65429320931 10.1867617070675 161.627381771803 3.40478616952896 0 1097.86624002457 29010.4433541894 1276.28672870994 11.996924251318 353.994213908911 2052.04472243786 9957.17215144634 990.143585711718 23402.3649745882 0.407852053642273 1.45272773504257 486.376154214144 4472.73161205649 76.242596834898 2742.04570356011 213.061215519905 0 62.1428435742855 289.493483424187 60.6609655022621 0.442269533872604 91.8511083424091 30.1276608109474 60.738397449255 23.9856523871422 21.3852985203266 2.36734348535538 0 26.3479700386524 7.77009952068329 53.7593533694744 3.87198814749718 0 3.60911303758621 112.839434593916 12.6494233012199 56.7080247402191 21.6024380922318 7.53427934646606 2.27126181125641 0 33.8594150543213 0 281.469349741936 9.16014286875725 0 3.94503727555275 1.00532832741737 330.554539531469 217.889772862196 603.723912477493 321.865681290627 0 22.1400152444839 202.470260351896 315.007616728544 73.1834399402142 244.115158081055 0 0 21.3920139670372 50.4371076524258 18.0720609128475
50.8128673434258 3072.85798320174 483.866035580635 14.8626013696194 8.09933161735535 31.8694081902504 180.467352777719 48.3852507472038 3497.62688675523 29.0180232524872 110.446567922831 56.6945751607418 199.178974896669 65.9912836849689 55.184625774622 2500.48103109002 158.815533101559 25.8257279098034 54.9420258253813 6.69431057572365 1097.86624002457 0 3074.72780957818 6001.09466224909 448.438226640224 174.22422978282 6109.3612832725 1103.99823617935 220.100906640291 1055.80722925067 8.56735152006149 0.542273998260498 119.615271240473 391.387160092592 16.9076175391674 787.601624637842 191.817327618599 0 16.3106303811073 209.416152149439 15.8814707994461 27.6736485958099 97.1867218017578 40.321604847908 47.5763781964779 33.8266749680042 8.35286810994148 0 3.14693701267242 3.99371284246445 28.7088823914528 65.1773974001408 3.29701399803162 0 2.76453351974487 35.8465642333031 2.69858717918396 18.5773065090179 17.7015080153942 3.57983219623566 4.08050781488419 1.90291726589203 6.35041263699532 0 199.958023011684 14.3468143641949 3.42072203755379 3.14880508184433 2.07850056886673 104.236463338137 246.409215688705 527.687522441149 82.1762780547142 4.82316184043884 31.3005120754242 419.988825619221 73.769704580307 17.636071741581 53.9108042418957 0 0 11.5308192372322 24.2814604640007 4.21661946177483
425.167280197144 581.677684575319 17864.5189210176 10.7307817339897 0.957631438970566 148.273129612207 1529.67111316323 376.144572108984 253.139310956001 62.4403852522373 82.6967095136642 6.64491891860962 20.2809736728668 482.227609068155 3.37588763237 18555.3424102366 8989.67323160172 48.2369476854801 657.852964043617 3.65933859348297 29010.4433541894 3074.72780957818 0 1474.57420799136 56.7401693165302 2559.58620592952 24235.3213290572 6232.15541371703 905.571019262075 9964.10686635971 1.7834145128727 1.0796315073967 389.775550246239 4746.40660169721 156.727894723415 6808.16094067693 1957.05650424957 0 156.624236881733 565.376698881388 121.610521048307 2.77175784111023 420.945639938116 243.033711880445 325.709254294634 144.651825398207 52.9079906046391 4.16147470474243 0.550460696220398 24.9128988981247 81.4488233327866 479.288294047117 3.81797301769257 0 9.14776989817619 132.833406984806 9.84396719932556 60.6829818487167 23.9377396702766 7.55252361297607 2.68869563937187 3.80875578522682 26.1824332475662 0.854027807712555 1032.14727109671 107.85272872448 6.13577890396118 29.0978344082832 2.03989547491074 515.982513397932 862.456937819719 3011.57268637419 311.928954929113 4.6702589392662 139.155523061752 2538.26097780466 284.969564080238 66.2669112980366 202.228969693184 0.992690801620483 0 16.1403407156467 119.396048754454 49.3809533417225
484.447674810886 796.697130203247 80.4352091252804 2121.84617069364 57.0630258321762 746.693947941065 4240.64502230287 859.912664443254 13500.6449016333 2062.56380394101 45.3931121975183 1414.07930442691 84.1994779855013 968.44006767869 509.926284462214 2463.54268318415 51.2502349317074 8.25096735358238 32.1423413008451 885.462971001863 1276.28672870994 6001.09466224909 1474.57420799136 0 160.553681954741 102.448092758656 2756.44309908152 32339.2424024642 1358.82690727711 2120.74202561378 1.17808362841606 7.48071920871735 290.331165313721 489.146675676107 41.8995070457458 1354.45771062374 31.4964732527733 0 30.4738776981831 1436.90448457003 66.5361196100712 4.97717157006264 257.306050300598 34.1522049307823 169.258926212788 48.2973213493824 167.171092003584 25.1462178826332 1.8129016160965 111.029646605253 10.7795498669147 30.531245559454 242.884688228369 3.08264601230621 82.953555226326 894.940978139639 137.352187901735 621.183127611876 1000.1922532022 10.6685585975647 157.740730434656 3.01436898112297 208.282021522522 3.864342212677 159.845323950052 12.8300549387932 0.393327862024307 4.10548159480095 146.452517747879 308.879745095968 151.696752548218 294.052629143 1738.71137097478 0.791656166315079 12.8959393501282 132.125771552324 1499.54580408335 308.724040299654 368.5774962008 0 3.45130085945129 36.3564096689224 126.571903169155 11.6684623062611
1.40614384412766 1666.72544044256 27.2194167375565 0.64564722776413 0 2.89332875609398 7.32892924547195 11.098767966032 189.178287118673 1.79143857955933 4481.86088910699 3.59777900576591 10404.1106797457 31.7550336718559 6.69438710808754 27.8455067873001 56.9843319654465 608.16383266449 550.003906995058 1.56136047840118 11.996924251318 448.438226640224 56.7401693165302 160.553681954741 0 1627.91204601526 4168.29811036587 22.2224407196045 22.0906552374363 21.476522654295 191.949812501669 5.39525073766708 1.70333278179169 801.634871691465 0 22.1581568717957 1010.76153934002 0 3.12743198871613 14.2421727478504 2.97953259944916 1228.86275792122 15.3884502649307 81.8309199810028 53.4336023926735 3.40051686763763 1.3299572467804 0 29.4966909885406 0 48.8182488083839 8.98632973432541 0 0 0 2.15883588790894 2.83094656467438 0.821595162153244 2.77896016836166 179.399889409542 2.03944683074951 307.697216153145 2.3076730966568 0 0.790266871452332 10.2782168984413 105.682840824127 81.4193760156631 0 1.80187177658081 5.72475695610046 8.03391650319099 1.4450920522213 129.550411999226 375.873509258032 316.211640119553 3.46229392290115 0.400052607059479 0 32.6105742454529 0 0 24.2701997756958 1.20358657836914
76.7574645876884 1246.77800342441 14668.1067706347 0 4.66220372915268 33.4685078859329 183.733073920012 92.5635152757168 62.8775500953197 10.4516921937466 5638.93517312407 1.35466942191124 1297.65200218558 139.488486915827 1.42443761229515 37.0184035897255 9293.69100633264 5342.81612417102 18558.2556078136 1.9700568318367 353.994213908911 174.22422978282 2559.58620592952 102.448092758656 1627.91204601526 0 47315.3632360697 162.531939566135 172.807350993156 700.623716890812 2203.62475353479 6.9964856505394 22.3426039218903 1876.3952459991 8.61737954616547 232.193319618702 606.352576494217 0 18.9491578936577 31.7735874354839 8.38573062419891 17.4766763448715 222.364667892456 285.401211440563 406.152845710516 50.7991900146008 8.062645226717 4.77760547399521 5.28295528888702 5.58885830640793 422.671865642071 337.499983131886 0.409216225147247 0 2.58995509147644 17.2887652516365 5.55267849564552 8.20075437426567 6.2056465446949 258.808512955904 0.801065176725388 280.600267112255 4.48076844215393 0.473999500274658 13.2597976922989 274.140623748302 300.291426807642 616.230992883444 1.24610352516174 24.2664316296577 51.7398959100246 134.634910911322 12.1579597592354 464.350442111492 2785.3218177259 3041.31309843063 19.3532656431198 6.37158074975014 23.2152053713799 56.9233385920525 0.634001076221466 2.10225355625153 175.073368877172 5.37353360652924
110.070721417665 7509.00218710303 13755.6590102613 9.51541313529015 2.33164155483246 38.0798808634281 358.797842025757 106.485249310732 707.766256794333 24.5647388398647 3266.70000615716 20.6953520178795 6408.36865162849 161.737648248672 12.8712145388126 10929.0495766699 7627.67604383826 1352.75588750839 4972.33016905189 2.53419926762581 2052.04472243786 6109.3612832725 24235.3213290572 2756.44309908152 4168.29811036587 47315.3632360697 0 2414.38839872181 315.241472095251 1313.64755609632 2683.43444669247 7.97691068053246 122.14530813694 3502.68765467405 77.8801656961441 3715.50562918186 3208.16683256626 0 194.694990307093 248.373428672552 55.8433611989021 45.0654632151127 921.570782035589 774.35761988163 1343.28959304094 307.340000540018 62.1201152205467 12.4451183080673 13.4608995318413 14.7086994946003 1290.40823301673 1969.57454130054 7.30964678525925 0 5.6236789226532 123.744839191437 7.21931675076485 56.7431607544422 14.2694031596184 359.928034365177 1.14310178160667 404.661164730787 20.6772540509701 3.87052151560783 459.289447337389 771.993449240923 399.604446977377 870.232238769531 3.11117824912071 258.010472625494 1097.36430355906 2537.07518360019 210.251460790634 556.801796674728 4364.23286917806 9921.74744996428 192.913725078106 27.8095076680183 140.075477570295 92.0336174964905 0 5.58442580699921 431.849636465311 21.874739408493
786.571264058352 126.273347586393 456.416353225708 11520.4452761114 14.2117241024971 1053.33482390642 15557.8201404214 1148.90770241618 3375.82462537289 5781.45491668582 24.792801618576 981.480067849159 11.3418428301811 1336.01021206379 109.876737236977 3934.88467723131 198.00973790884 6.92958208918571 28.4200766980648 3534.96689766645 9957.17215144634 1103.99823617935 6232.15541371703 32339.2424024642 22.2224407196045 162.531939566135 2414.38839872181 0 2278.22327399254 13765.4491535127 0.997372820973396 15.4328987002373 683.596073180437 1299.93528720737 93.1243420243263 2522.3491166234 91.6396013796329 0 60.8785179853439 849.953026264906 98.8068386614323 1.15987429022789 224.767496675253 19.189072728157 117.592044949532 27.4138152003288 191.770608156919 15.9606446921825 0 106.589893132448 9.74994280934334 22.85657158494 245.727999985218 3.59633493423462 62.4935559928417 844.424387842417 130.452494978905 513.359946340322 828.480333954096 4.37518301606178 125.95719602704 0 170.041624695063 13.8943532109261 168.417876511812 10.8971100449562 2.15282449126244 4.40315428376198 117.514090210199 314.354494124651 134.462183594704 290.325998872519 1569.67151927948 0 14.0456160008907 127.855008661747 1346.75897842646 265.349442571402 421.191003531218 0 0 39.2351999282837 112.687901318073 25.4199474304914
13297.5889047682 30.7450654953718 139.622760146856 123.000200837851 312.055793911219 1063.32670268416 2714.91466677189 2781.99460658431 629.92301017046 997.158358931541 278.02138286829 207.71796387434 57.2709147334099 10594.7059942186 94.8091511428356 173.975688934326 254.818127095699 22.6456528604031 70.8194007277489 150.758668094873 990.143585711718 220.100906640291 905.571019262075 1358.82690727711 22.0906552374363 172.807350993156 315.241472095251 2278.22327399254 0 11234.4746703506 5.41816127300262 1909.33039268851 11577.4749566615 3917.33553028107 67.0973379909992 2346.66087666154 94.8686721324921 0 141.278971910477 1712.89918795228 1527.31166672707 13.8166605234146 68.5656910836697 8.08921658992767 29.5340040624142 8.21834325790405 26.2475936114788 2.67508864402771 0 17.9507631957531 1.76883709430695 5.29464527964592 13.0032352507114 0 6.14146718382835 148.63329410553 24.5112557411194 70.522017031908 63.3282475471497 2.76696968078613 5.04444700479507 4.89351522922516 45.9223524928093 2.40162706375122 40.213995039463 1.82063472270966 0 2.39305666089058 2.99233537912369 78.8123722970486 34.664961874485 65.1561779528856 268.267198085785 2.65470468997955 10.5942469835281 29.0666256248951 228.788129091263 59.6054753959179 100.268321096897 0.519670724868774 0 6.66673037409782 28.4469552338123 11.8254271149635
9612.02365258336 110.292575567961 1008.83855611086 63.8655407428741 7.21169409155846 672.190969735384 15288.6860707998 2622.7692424953 898.305532038212 352.472302168608 61.8251734673977 25.2075137794018 19.1969958543777 4436.61357906461 22.851213157177 558.71049040556 2120.54545101523 25.8804838657379 305.365872085094 37.4515798091888 23402.3649745882 1055.80722925067 9964.10686635971 2120.74202561378 21.476522654295 700.623716890812 1313.64755609632 13765.4491535127 11234.4746703506 0 3.83455684781075 13.3080355525017 1151.78184890747 3763.28883135319 74.3539375662804 2028.91757115722 134.247361749411 0 60.1788361370564 598.584878981113 115.179966062307 1.48286855220795 132.831296890974 16.6698270738125 96.2005418241024 30.4995600283146 31.7519966363907 4.04916924238205 0.428843170404434 44.7034564912319 14.8780343234539 49.0122214257717 8.2401462495327 0 15.2733654975891 220.741989910603 37.1427117586136 112.635645896196 68.8363628089428 2.83401662111282 5.59745898842812 0 77.0646709799767 1.56585529446602 233.690755844116 11.5789102315903 4.30897206068039 1.31210830807686 6.35440391302109 357.224798887968 183.29677939415 389.319769084454 491.212909549475 0.412636280059814 33.1237362325191 158.196149915457 475.142343461514 108.063625991344 304.89010477066 0 0 21.4837541282177 61.5720956027508 19.8873573541641
1.76834493875504 37.0864689350128 5.50979128479958 0 0 3.07120215892792 0 3.10006430745125 2.13337820768356 0 555.570854038 0 4010.59584361315 5.04947659373283 0 2.25622951984406 9.96912449598312 110.236791759729 44.2153551280499 0 0.407852053642273 8.56735152006149 1.7834145128727 1.17808362841606 191.949812501669 2203.62475353479 2683.43444669247 0.997372820973396 5.41816127300262 3.83455684781075 0 0 0.395080983638763 75.3008499741554 0 4.01268219947815 24.6427008211613 0 2.09032779932022 5.05908194184303 1.29972147941589 2.44670557975769 1.10865163803101 6.21040171384811 5.44790691137314 1.33950293064117 1.04590117931366 0 0.614160537719727 0 6.34422391653061 0 0 0 1.35325133800507 0 0.476513355970383 0 0 22.3126535415649 0 49.9110909104347 2.30153369903564 0 0 1.62829923629761 28.5402208566666 4.6815088391304 0 0 0 0.463796228170395 0.493717342615128 24.822872787714 61.8221572637558 48.2191504240036 0 0 0 12.8675075173378 0 0 3.84492993354797 0
15.9826946258545 0 0 1.78361341357231 4128.04431346059 1417.34354841709 16.2168490588665 1357.28971883655 4.95359349250793 15.0740682780743 38.2265359163284 15.7464290857315 10.3136132657528 1166.24887683988 207.581934243441 1.10090065002441 1.28456294536591 2.19712805747986 2.06062185764313 2.45499396324158 1.45272773504257 0.542273998260498 1.0796315073967 7.48071920871735 5.39525073766708 6.9964856505394 7.97691068053246 15.4328987002373 1909.33039268851 13.3080355525017 0 0 2.91254943609238 1802.62555989623 0.76843386888504 55.5006782412529 8.00296342372894 0 6.09021323919296 538.773412257433 3796.59462717175 3.19870698451996 0 0.764115691184998 0 0 0 0 0 1.4724280834198 0 0 0 0 0 1.75321805477142 0 0 0 0 0 0 0.402862578630447 0 0 0 0 0 0.739309310913086 0 0 0 1.98161995410919 0 0 0 1.87274879217148 1.60920011997223 0 0 0 0 0 0.511987030506134
