0 5.69629284739494 81.2282821834087 49.7094120681286 16.0580364763737 262.009359419346 3404.54088070989 2089.7636769712 287.099282950163 620.330248206854 35.8943627476692 78.693674236536 4.93591141700745 15152.3021532297 8.80382969975471 26.2866914570332 186.64776879549 8.00077047944069 29.9896497130394 58.2351800501347 294.132951319218 57.29240873456 374.684348285198 507.419069498777 2.99660131335258 88.3883971571922 117.42140135169 852.480476915836 13081.8375992477 9573.09708407521 0 14.1081693470478 226.538321048021 582.03853943944 6.32799965143204 373.487455368042 28.7274118959904 0 142.859100580215 79.1969041526318 56.13425385952 2.21261256933212 17.9931820631027 0.377587735652924 8.19687899947166 5.19922029972076 3.70748215913773 1.27363634109497 0 17.2060193121433 0.675024032592773 4.19470891356468 0.94711709022522 0 4.26382327079773 56.8340691626072 2.49373373389244 25.5156109631062 17.6035237014294 0.702121198177338 5.83559638261795 0.814929068088531 13.646017074585 0 8.67896541953087 2.08310702443123 0 0 0.557980000972748 23.1018329560757 8.28585773706436 12.617715626955 111.693277567625 0.431754648685455 3.93065977096558 10.0948209762573 91.2579705715179 17.3294848203659 31.2599348723888 0 0 0.45255383849144 12.3961136937141 1.1865406036377
5.69629284739494 0 589.695074796677 2.79143303632736 0 3.00694191455841 19.9193571209908 11.1280166506767 506.402475595474 1.07728809118271 340.042381793261 8.99296003580093 722.954816043377 9.03255799412727 4.6113982796669 102.733297079802 598.292210668325 82.3708247542381 369.485475897789 3.73199516534805 54.6319071650505 2159.16113761067 317.803256362677 453.157983660698 2234.78249102831 1236.50059959292 8808.30417749286 70.8946560919285 23.3568097651005 69.1130900382996 34.0963267683983 0 5.72435027360916 289.082621067762 2.01128756999969 135.476334601641 522.111580640078 1.33200371265411 41.9916268885136 35.7641420960426 1.43952775001526 127.713550806046 52.4216204881668 41.0577568411827 75.5952311754227 18.9168427586555 2.20035588741302 1.36395931243896 0.858473718166351 0 152.634553194046 139.123155832291 0.877271413803101 0 0 9.38334956765175 0 4.28747293353081 0.937445044517517 10.2111397087574 1.95310634374619 11.0904875099659 0.940202474594116 0 4.76719671487808 72.7010664343834 17.2287403345108 50.2513181567192 0 5.22656071186066 33.0962501466274 51.702499628067 7.55056822299957 21.091878503561 227.335794717073 571.721754461527 8.40802508592606 6.28982818126678 12.2693964838982 2.38829275965691 0 0 29.8826419711113 0
81.2282821834087 589.695074796677 0 2.00825101137161 0.984977841377258 33.1482695043087 518.821304887533 85.004748493433 75.0489230453968 19.8069805502892 89.4949637055397 1.30031138658524 9.45760563015938 109.794533640146 1.17885580658913 111.130322247744 4734.13661828637 34.3697839081287 483.960409224033 2.25275832414627 986.633054673672 517.030152112246 15824.9513213336 165.656888723373 8.41191622614861 12132.1198754311 12496.8460791707 802.488603651524 140.017367273569 1169.46433183551 4.8374972641468 0.620694160461426 32.7413775920868 676.195152789354 5.11514800786972 433.551453202963 1031.01921391487 0 143.653729051352 5.13583740592003 8.7209874689579 2.53559675812721 280.411697626114 136.6917578578 290.620665103197 89.7584156394005 25.2455571293831 6.75330930948257 1.81376314163208 6.43991011381149 184.229924082756 701.452293336391 1.90173923969269 0 0 59.694579988718 1.77743756771088 14.4464462697506 1.09016072750092 11.0315231084824 0.523639798164368 4.8847314119339 14.3454130887985 0.43831193447113 49.3362077772617 210.764483779669 4.26152208447456 38.3405708968639 0.416416585445404 75.1844564974308 306.226047903299 542.231624186039 66.319333255291 9.38799464702606 255.604330986738 2102.0807594955 55.65687713027 18.876654446125 51.2189435064793 1.11192333698273 0 5.5279592871666 107.55547735095 4.14467093348503
49.7094120681286 2.79143303632736 2.00825101137161 0 16.76912099123 268.733342498541 920.595868110657 161.968894124031 803.731529891491 6257.10081896186 4.09827089309692 3001.56928092241 0.490931928157806 124.176384657621 88.2279450595379 1.64609596133232 0.563152492046356 0 0.655456304550171 22107.1806629002 2.35623520612717 10.3674631118774 13.8948261141777 2156.1786993742 0 2.54780471324921 13.087886095047 11761.8287422955 171.440643072128 47.6307813823223 0 1.64034417271614 14.4253199994564 51.7452957630157 0 116.962233036757 1.41893464326859 0 47.3986645340919 213.17294755578 5.9080459177494 0.354418903589249 35.0139314830303 0 3.47677272558212 0 25.304140329361 0 0 2.36481037735939 0 0 334.536644935608 1.52915978431702 13.452457934618 55.2148042023182 5.05474859476089 102.086776524782 208.357915431261 0 30.9001433253288 0 8.72415193915367 3.25776445865631 0.509605050086975 0 0 0 45.7896528840065 0 6.61463612318039 3.61351561546326 306.38177266717 0 0 1.92192900180817 162.940808743238 7.26676124334335 3.69046950340271 0 0 0 2.04499536752701 1.1007091999054
16.0580364763737 0 0.984977841377258 16.76912099123 0 5668.53545662761 27.2339583933353 3183.25017601252 205.650136888027 30.3061626553535 40.7677467465401 162.713973641396 2.66721194982529 302.668324500322 2626.11341148615 0.772633790969849 0.874882876873016 0.718926787376404 6.05595964193344 12.3565531075001 0.763170599937439 8.63475409150124 5.44458511471748 66.680497944355 0.885564804077148 5.8684141933918 9.97043114900589 39.5692823827267 625.509383827448 13.7938691675663 0.533536195755005 5765.37629133463 5.69997224211693 1609.94442385435 1.71242898702621 138.642034232616 11.1254878640175 0 57.9724941551685 10341.3584822118 3354.32337099314 5.204021692276 0.576609373092651 0 0 0.514958918094635 0 0 0 0 0 0 0 0 0 1.26236367225647 0.94491708278656 4.69483864307404 4.014388859272 0 1.12122094631195 0 0 0 0 0 0 0 1.21842563152313 1.45921671390533 0 0 3.01128512620926 0 0.492023706436157 1.13187181949615 1.94220665097237 0 0.409044802188873 0 0 0 0.502015173435211 0.467083156108856
262.009359419346 3.00694191455841 33.1482695043087 268.733342498541 5668.53545662761 0 4391.06558123231 26820.0713743269 513.385560303926 21860.1452022195 93.516332924366 5753.49706229568 8.68280881643295 2078.08526521921 7045.91218605638 10.2567789256573 58.4727507382631 10.8044858574867 15.5208042562008 1075.95624139905 69.7362679541111 31.0003739595413 120.866088420153 908.951199531555 3.77969962358475 40.7487750053406 52.5282687842846 1251.62393340468 796.828015804291 636.996744424105 0.955178797245026 690.60251301527 12.1566073298454 1085.79870599508 6.46102944016457 417.297849833965 38.8869212865829 0 165.140884250402 8083.05953499675 822.744748920202 20.3866441845894 23.0961867272854 0.533356487751007 14.0236375927925 2.86364459991455 12.0768823325634 2.58055180311203 0 14.0339850783348 0 0.435434311628342 71.5001990497112 0 20.288528829813 170.580195575953 24.9598684608936 77.3176728785038 235.849306434393 1.69905400276184 26.1074903905392 0 27.2401869595051 0.693609714508057 2.20376962423325 0.321098178625107 0 0 35.7378114759922 4.74978995323181 3.06217432022095 9.12426659464836 272.069484233856 0 2.19352251291275 5.13246455788612 263.346820354462 20.0258705019951 11.6244066953659 0 0 4.16481333971024 9.82716578245163 1.9054571390152
3404.54088070989 19.9193571209908 518.821304887533 920.595868110657 27.2339583933353 4391.06558123231 0 5103.18096596003 1647.39309990406 19563.7195396125 57.0735705792904 450.236569941044 2.37529063224792 6365.35049146414 123.178590029478 152.62854462862 317.571554780006 11.0192932486534 54.8941554427147 743.104307979345 680.290013551712 131.555835217237 1512.10723119974 3864.26540538669 4.00174200534821 328.679793953896 448.433992058039 17165.8199905157 2795.12019789219 17397.2883626521 1.90485951304436 12.8563994467258 276.606373876333 857.627679020166 14.977705925703 1496.42825952172 83.8652052283287 2.46838760375977 666.206969887018 397.477882713079 104.993719726801 4.17592963576317 65.172130137682 6.18140745162964 31.9557363390923 6.38495701551437 58.7512465417385 5.99308210611343 0 25.5524616241455 2.69679015874863 14.1605495512486 162.375690639019 1.07922601699829 55.5417433083057 354.889407396317 52.9660642147064 278.770645231009 515.588447213173 0.980975985527039 74.6894159018993 0 86.3740773499012 6.95485037565231 21.0000532865524 5.6200984120369 0 3.08809676766396 60.5132691562176 29.3589054644108 27.5256884098053 59.3127124607563 797.794241219759 1.01109513640404 5.41178706288338 61.4549708664417 715.583568483591 61.8445430397987 71.7904468476772 0 0 12.1672356426716 41.3303012251854 6.13671433925629
2089.7636769712 11.1280166506767 85.004748493433 161.968894124031 3183.25017601252 26820.0713743269 5103.18096596003 0 477.481820762157 3891.50224417448 330.779932975769 1208.21376729012 56.4066859781742 22751.6639265716 1444.99227690697 26.0780754685402 196.28199493885 26.7940054535866 58.0428167581558 291.169767767191 265.461605489254 47.3142521381378 443.095136404037 875.288727372885 18.9059846401215 141.708320558071 141.972069978714 1217.7627337873 3142.41804730892 2897.34023672342 1.61300331354141 1388.36604362726 55.7970329523087 2554.06161421537 20.6313464641571 878.634277015924 78.7064313292503 3.91849112510681 292.569496154785 3365.69528341293 1222.37059825659 54.4933300316334 27.7220077812672 0.620144188404083 8.26003897190094 3.7937136888504 9.61757788062096 2.5468944311142 0 20.5309369266033 2.26141601800919 4.5079579949379 37.325676292181 0 15.3116144537926 154.084971576929 16.8857633173466 58.091885894537 93.7723764777184 1.34270912408829 2.04881399869919 6.53418976068497 28.0798465907574 1.14720249176025 6.99968230724335 0.461627691984177 0 2.02917730808258 14.10761064291 14.2785360515118 9.1750875711441 12.9100075960159 236.85045465827 1.32029098272324 9.61224323511124 22.6367385387421 228.735978037119 23.3800379037857 24.2262346744537 0 0 4.01452004909515 13.5543487071991 8.66162371635437
287.099282950163 506.402475595474 75.0489230453968 803.731529891491 205.650136888027 513.385560303926 1647.39309990406 477.481820762157 0 1536.69849678874 63.6325689554214 1359.89652389288 87.1106339097023 450.386550426483 1426.36792269349 167.325688183308 81.6927692890167 14.6497094929218 41.1075451672077 370.663600385189 295.274407237768 3816.71909436584 272.592748403549 13714.359290272 142.741514533758 145.905739337206 1290.38745856285 3307.39286392927 826.039075225592 1126.51772108674 3.98820281028748 14.9748412370682 191.397693455219 331.61327791214 8.10260391235352 699.211895942688 126.132793396711 32.8346888422966 299.165960460901 2173.26421430707 238.199298918247 29.7827527225018 79.9935117661953 4.9517295062542 31.192808419466 8.6747228205204 71.9961140155792 2.37747716903687 0 25.0433833599091 10.9537823796272 10.5892330408096 183.29936388135 1.4891459941864 25.7483013868332 266.968643754721 23.7005441486835 404.186927467585 466.264513581991 1.2806271314621 78.5754345357418 3.71267199516296 63.9681403636932 20.789931088686 32.1892827451229 6.79141145944595 1.3033173084259 0.79044634103775 52.6968580186367 48.6034223735332 86.5014291703701 36.5871576666832 639.308433026075 2.06704559922218 7.43623912334442 35.0666633546352 540.620859563351 74.9617692232132 98.6915347874165 0.672952651977539 0 8.97830498218536 30.4667658209801 2.1942133307457
620.330248206854 1.07728809118271 19.8069805502892 6257.10081896186 30.3061626553535 21860.1452022195 19563.7195396125 3891.50224417448 1536.69849678874 0 36.9853504002094 22515.4533283412 7.11983957886696 2279.928712219 219.835521519184 13.3148348927498 12.4094517230988 10.4031120538712 6.79577869176865 17781.6473898888 43.4987033903599 24.6216489076614 68.9119493365288 1864.35534766316 2.94124442338943 16.201264500618 44.3610996007919 6399.83467906713 1034.06150262058 459.354278922081 0.542000114917755 16.4334086179733 57.8065625429153 378.952552050352 4.96230518817902 510.833935707808 19.795962959528 1.41568470001221 200.750623121858 619.807901263237 86.749341160059 4.5800296664238 60.8334840238094 0.734233319759369 11.2399879097939 2.69735884666443 80.6685526967049 3.50992488861084 0 6.66715201735497 6.49351263046265 0.933803468942642 475.660259664059 0 48.6128684878349 276.005298316479 42.1974506080151 216.791085898876 1290.24015253782 0 120.682555913925 0 48.3378687798977 6.41976684331894 1.78470221161842 0.389834463596344 0 0 288.890466481447 6.37466126680374 5.79204988479614 9.43607348203659 527.502532601357 0 0.463938534259796 9.30140423774719 607.254037708044 21.2867737710476 13.3511385321617 0 0 1.97230702638626 9.90301305055618 4.35055506229401
35.8943627476692 340.042381793261 89.4949637055397 4.09827089309692 40.7677467465401 93.516332924366 57.0735705792904 330.779932975769 63.6325689554214 36.9853504002094 0 20.5153356790543 8349.28814074397 506.066723525524 2.52353447675705 4.22473132610321 563.941425293684 10686.9243330359 7207.29523828626 6.43258732557297 30.6111191213131 126.348225712776 144.657621860504 40.5659708082676 3464.01481595635 6433.09406483173 4058.7665297091 54.0104068517685 393.98654332757 71.5208005905151 744.627269089222 58.9040942192078 15.0663994848728 10818.2619842589 0 520.208616018295 6768.99517050385 114.098933041096 374.933581292629 54.3929582238197 61.5859007835388 4470.86384022236 21.2348992824554 121.976626873016 59.105782866478 18.7067531347275 3.30608797073364 0 6.84444123506546 0 57.7382003366947 24.3005741238594 0 0 1.09897649288177 2.80390286445618 0 7.3504484295845 0 194.134923189878 1.0325243473053 384.112901568413 3.27670097351074 0 0.868005931377411 23.4115328788757 121.38258561492 110.484445810318 0 5.88244169950485 10.1795364618301 18.3707649707794 7.62284049391747 226.142498612404 396.228969693184 359.316853702068 13.9339351654053 1.8955500125885 3.3371616601944 71.6455513238907 0 0 41.0379355549812 2.04581806063652
78.693674236536 8.99296003580093 1.30031138658524 3001.56928092241 162.713973641396 5753.49706229568 450.236569941044 1208.21376729012 1359.89652389288 22515.4533283412 20.5153356790543 0 3.73653918504715 669.383932262659 3447.47649359703 1.04593503475189 2.09207618236542 1.62247544527054 4.09519881010056 21568.0706534684 3.91872131824493 32.1483427286148 10.2039266228676 887.320265620947 0.503777146339417 10.4395587444305 30.5959226191044 1050.54096290469 280.787723064423 55.2707868218422 0 16.8877975046635 5.33907222747803 208.983312278986 0.51228940486908 135.976705729961 9.84473252296448 0 98.260072261095 3724.28752651811 203.733416944742 20.631611764431 13.5871129631996 0 0 0.401280254125595 39.2000362873077 0 0 4.08026814460754 0 0.468957215547562 187.263232082129 1.11856627464294 10.0762949585915 20.2161688804626 7.04951053857803 28.1312329769135 169.864489406347 0 625.240146636963 0 5.60589534044266 3.09732753038406 0 0 0.314989298582077 1.38269102573395 129.851656258106 0.47554412484169 0 1.36904793977737 61.4481005370617 0 0 0.443473100662231 52.3570017516613 0.98927766084671 1.57973092794418 0 0 0 0.648964643478394 1.69425272941589
4.93591141700745 722.954816043377 9.45760563015938 0.490931928157806 2.66721194982529 8.68280881643295 2.37529063224792 56.4066859781742 87.1106339097023 7.11983957886696 8349.28814074397 3.73653918504715 0 68.7989884316921 1.18723040819168 8.05914828181267 35.1718431413174 408.316463470459 137.116987943649 1.50568240880966 1.65523785352707 280.710869938135 14.2909478843212 45.9310023188591 10402.4506471455 2790.22414821386 7878.32777562737 9.90119656920433 58.067729562521 8.89168092608452 3199.62027567625 9.50141841173172 0 1712.39235454798 2.21407294273376 167.821840047836 3564.51670631766 31.3124988377094 169.331764400005 13.8667753636837 12.0148950219154 7968.59165328741 18.8162142038345 129.648560643196 57.8892145454884 15.8745866417885 4.53622582554817 0.64115172624588 17.0335473418236 0 66.043320119381 3.9859853386879 0 0 1.7231861948967 0 0.687524259090424 0.731769144535065 0 247.501408964396 0 477.363962173462 2.2971203327179 0 0 15.224252641201 131.003355592489 103.569164276123 0 0 5.02663260698318 4.25838249921799 0.543562412261963 257.394587993622 352.679680168629 249.657865285873 0.598335862159729 4.47045803070068 0.558878242969513 97.4895201027393 0 0 57.6184746026993 1.10603451728821
15152.3021532297 9.03255799412727 109.794533640146 124.176384657621 302.668324500322 2078.08526521921 6365.35049146414 22751.6639265716 450.386550426483 2279.928712219 506.066723525524 669.383932262659 68.7989884316921 0 187.13655513525 34.9672052562237 212.792228400707 54.7800752222538 97.0789795219898 221.29867580533 281.42840886116 70.4216161966324 473.981618911028 915.712361291051 22.9416097998619 219.532259345055 232.6001765728 1284.95425111055 13318.0095209926 4415.12571707368 5.74048411846161 1047.74318921566 173.646526604891 2690.15983745456 13.8861556351185 1304.37088900805 122.391223549843 3.33660084009171 368.378469318151 1083.17986127734 513.747531920671 32.6237907409668 28.0167121589184 2.82340824604034 27.5084518194199 3.92408388853073 12.4761638939381 0 0.419321298599243 10.9615601301193 3.51702207326889 3.20683979988098 13.8637412786484 0 10.5538218319416 111.188835650682 17.1947900354862 63.8301439285278 61.894212692976 2.07909440994263 5.99061805009842 1.42479386925697 33.3742848038673 0 7.31878742575645 3.03573727607727 0 1.52600115537643 4.44004958868027 24.2295082509518 17.7816209495068 22.1498282253742 209.166212081909 0 7.05473229289055 29.7132672965527 185.819450348616 28.9703957736492 38.3902145028114 0 0 5.28911358118057 19.3288787305355 3.74678766727448
8.80382969975471 4.6113982796669 1.17885580658913 88.2279450595379 2626.11341148615 7045.91218605638 123.178590029478 1444.99227690697 1426.36792269349 219.835521519184 2.52353447675705 3447.47649359703 1.18723040819168 187.13655513525 0 2.19133281707764 3.14444184303284 1.17834162712097 1.91918540000916 129.214134305716 3.0784572660923 48.4028102755547 2.90409874916077 514.15055000782 2.22309440374374 3.60321626067162 32.6749687194824 97.0523203909397 74.7750356197357 21.2679110169411 0 161.867871820927 0.416343629360199 88.5238460600376 5.82410621643066 20.55991512537 3.97804248332977 0 9.32855916023254 13908.1623935103 60.6372506022453 0 3.85173285007477 0 0 0 3.75579535961151 0 0 0 0 0 3.45594465732574 0 0.900158405303955 5.83183604478836 1.22363993525505 7.06530839204788 16.9699359536171 0 1.11257171630859 0 0.847474455833435 1.9145313501358 0 0 0 0 2.55960589647293 0 1.33949649333954 1.64854010939598 8.08509129285812 0 0.367117762565613 0 9.90031087398529 0.438284635543823 0 0 0 0 1.41562449932098 0.640428006649017
26.2866914570332 102.733297079802 111.130322247744 1.64609596133232 0.772633790969849 10.2567789256573 152.62854462862 26.0780754685402 167.325688183308 13.3148348927498 4.22473132610321 1.04593503475189 8.05914828181267 34.9672052562237 2.19133281707764 0 99.4213770329952 3.79038310050964 28.5646443963051 3.12079483270645 8221.68689930439 3027.26964694262 19497.1769538522 2691.11642697453 12.3372482359409 83.6286832392216 12361.434391126 3731.98919311166 154.898986637592 607.289569944143 0 1.38782167434692 131.843291223049 552.996705174446 8.57742357254028 1842.50366875529 397.764229923487 0 513.073369264603 27.6949978172779 21.7250962257385 0.569977581501007 130.622732996941 51.5003990828991 86.4439725875854 39.0581222772598 13.3274310529232 1.34962886571884 0 8.32528209686279 6.84579437971115 48.6821172535419 4.10716155171394 0 0.75273197889328 43.4519154131413 2.55805340409279 14.1204631328583 7.11149215698242 1.05621567368507 0 0 7.91340181231499 0 334.442386895418 14.3562029600143 2.583829164505 1.40237456560135 0 212.130275428295 291.650564968586 808.553418934345 147.149076551199 0 18.2371201515198 322.993471205235 161.503884583712 34.3975484669209 135.80060878396 0.383551925420761 0 2.55479514598846 49.3212786912918 2.61367064714432
186.64776879549 598.292210668325 4734.13661828637 0.563152492046356 0.874882876873016 58.4727507382631 317.571554780006 196.28199493885 81.6927692890167 12.4094517230988 563.941425293684 2.09207618236542 35.1718431413174 212.792228400707 3.14444184303284 99.4213770329952 0 274.480588376522 8386.38423758745 1.74865731596947 1680.75379374623 297.069659113884 10412.783585459 118.141643375158 33.338602155447 10410.265507102 7852.73679459095 344.212909340858 405.338592648506 2591.48843896389 5.4620748758316 4.29215720295906 76.4912233352661 1970.73962295055 1.21074390411377 400.001856327057 618.162236273289 1.1672785282135 135.663835883141 16.7941616773605 11.0880305171013 4.27348071336746 115.435520559549 90.2215725779533 142.189516156912 39.0041248202324 13.0900295078754 2.82963919639587 0 1.74777501821518 145.082499951124 301.598933666945 0.864781677722931 0 0.395628482103348 21.6686460375786 0 4.74267071485519 1.62117543816566 7.4193449318409 0 6.05408263206482 2.21930116415024 0 22.145457983017 179.148189157248 8.25518006086349 70.9332169592381 0 36.7685216665268 66.059742629528 201.194926202297 24.1878438293934 12.4822615385056 444.693224489689 1143.1147723794 25.4939154684544 5.77787631750107 18.841791421175 2.61486703157425 0 0 77.9838199019432 1.52920904755592
8.00077047944069 82.3708247542381 34.3697839081287 0 0.718926787376404 10.8044858574867 11.0192932486534 26.7940054535866 14.6497094929218 10.4031120538712 10686.9243330359 1.62247544527054 408.316463470459 54.7800752222538 1.17834162712097 3.79038310050964 274.480588376522 0 6598.38196137547 0 15.4065053761005 25.6939263939857 61.617157548666 9.67469334602356 572.442398995161 4825.50224670768 1456.97110593319 11.7283487915993 62.3438239097595 35.9284153282642 150.850734174252 3.92627906799316 1.29487490653992 546.586277514696 0 133.122450739145 414.464974492788 12.0136747360229 96.8041856586933 12.6147854626179 1.95407050848007 71.5528436303139 12.6252246797085 20.453681409359 35.6838246285915 6.41437876224518 0 0 0 0 26.8188638389111 6.73948720097542 0 0 0 1.20967644453049 0 0 0 49.3872604370117 0 80.9788333773613 1.77593174576759 0 0 6.70025724172592 63.4701891243458 39.6227860152721 0 1.44136434793472 5.14311873912811 5.54137226939201 1.33794975280762 82.9577357172966 204.715001374483 175.268801033497 0 2.96015977859497 2.52901011705399 16.5662902593613 0 0 16.4091683924198 0
29.9896497130394 369.485475897789 483.960409224033 0.655456304550171 6.05595964193344 15.5208042562008 54.8941554427147 58.0428167581558 41.1075451672077 6.79577869176865 7207.29523828626 4.09519881010056 137.116987943649 97.0789795219898 1.91918540000916 28.5646443963051 8386.38423758745 6598.38196137547 0 0.925320863723755 153.754361927509 95.6789791882038 757.507552981377 37.8613216280937 390.157718747854 17924.2725711167 5555.62276056409 53.5429821312428 139.355224788189 349.212692037225 48.0852507650852 3.18191784620285 21.0817782580853 1574.6469540894 1.12989163398743 359.164732962847 770.259166687727 18.7951810359955 141.27653875947 13.6745246946812 0.779503345489502 45.8437472581863 67.4345192015171 67.6447030305862 147.593516051769 23.5241768956184 6.18880873918533 0 1.34550458192825 2.57618063688278 144.019291698933 61.8357551693916 0 0 0 6.15123355388641 1.39840140938759 4.93824338912964 0 49.0554028749466 1.08350086212158 31.104027569294 1.40479171276093 0 10.8642342686653 94.9391534924507 51.8639366328716 233.215408682823 0 16.6993955671787 12.9559731185436 47.6752622127533 6.2355954349041 174.842683166265 793.446058034897 974.876402229071 7.33315834403038 2.42086860537529 11.2056514024734 10.6538771092892 0 0 74.1971736550331 2.63760888576508
58.2351800501347 3.73199516534805 2.25275832414627 22107.1806629002 12.3565531075001 1075.95624139905 743.104307979345 291.169767767191 370.663600385189 17781.6473898888 6.43258732557297 21568.0706534684 1.50568240880966 221.29867580533 129.214134305716 3.12079483270645 1.74865731596947 0 0.925320863723755 0 2.36889705061913 5.81811994314194 4.42086040973663 809.862415909767 0 2.59947240352631 6.34065255522728 3779.13162642717 140.655799984932 38.8080455958843 0 1.40433329343796 6.10453391075134 45.6749256849289 0 84.1010284125805 1.89012038707733 0 29.7834739089012 359.722551018 5.3693431019783 1.12117150425911 23.3529342412949 0 0 1.74320137500763 19.071013212204 1.59654259681702 0 1.22590529918671 0 0 274.692492127419 0 4.42033231258392 33.8989785611629 7.90371906757355 48.8251029849052 127.554163396358 0 132.510183721781 0 2.37557482719421 2.74369370937347 0 0 0 0 24.8002605438232 0.442298114299774 3.86468255519867 0.403684198856354 82.9687599539757 0 2.26097738742828 1.65869134664536 97.7739802598953 7.18383076786995 1.59611028432846 0 0 0 0.75269815325737 0
294.132951319218 54.6319071650505 986.633054673672 2.35623520612717 0.763170599937439 69.7362679541111 680.290013551712 265.461605489254 295.274407237768 43.4987033903599 30.6111191213131 3.91872131824493 1.65523785352707 281.42840886116 3.0784572660923 8221.68689930439 1680.75379374623 15.4065053761005 153.754361927509 2.36889705061913 0 1206.33257192373 27179.0574494302 1139.1654060781 6.12622353434563 431.208501935005 2238.40185192227 8588.52600219846 856.120166033506 21836.8911809027 0.34159591794014 2.17308753728867 488.693502634764 4149.39396625757 19.0977277159691 3663.23364016414 359.922389566898 0.60584831237793 1036.1078749299 65.1604079008102 34.6755792796612 1.60659784078598 114.667013019323 35.8094947338104 67.8333955109119 23.5912167131901 12.4798469543457 0.458094984292984 0.355218827724457 13.4674645364285 10.7383669018745 55.7277665138245 2.80381152033806 0 1.70725232362747 97.6960311532021 4.98048433661461 66.7928455770016 6.59459695219994 2.0062792301178 0.824316054582596 0.522649109363556 23.7088931500912 2.41625294089317 264.449182271957 17.2384521365166 0.60675984621048 5.44471797347069 1.48153081536293 299.687735617161 254.956522971392 421.592581927776 259.115760236979 0.646848618984222 22.6318674981594 235.398280799389 270.271830528975 69.8590672910213 222.971791446209 0.87765184044838 0 20.3115093410015 51.2284133136272 5.44051116704941
57.29240873456 2159.16113761067 517.030152112246 10.3674631118774 8.63475409150124 31.0003739595413 131.555835217237 47.3142521381378 3816.71909436584 24.6216489076614 126.348225712776 32.1483427286148 280.710869938135 70.4216161966324 48.4028102755547 3027.26964694262 297.069659113884 25.6939263939857 95.6789791882038 5.81811994314194 1206.33257192373 0 3297.04220470786 5724.8200391233 615.359960883856 359.445317059755 6014.10778084397 1094.1011235714 244.88323622942 1194.25361445546 16.4796862304211 3.39060485363007 125.879835754633 445.158949553967 15.1150294542313 1257.12539801002 598.205060303211 0 359.194341093302 122.52758321166 21.1443455815315 49.6501502990723 70.3595941364765 36.5228886604309 60.0740806162357 14.8656216561794 8.02737671136856 0.804358005523682 0 12.0543014705181 18.0166007578373 63.3499648571014 6.67375075817108 0 0 26.848854213953 1.29705294966698 28.9171586334705 19.0275562703609 1.62534055113792 0.448684394359589 2.02328383922577 2.53379827737808 0.700030028820038 183.283638298512 15.6638793647289 2.30833154916763 4.89234247803688 0 95.2576221823692 323.803345769644 391.632266670465 97.3898859918118 7.25603303313255 43.9629519879818 388.78193795681 78.6912731230259 13.1546915769577 67.3873331546783 0 0 2.6982609629631 24.7365334928036 3.89308181405067
374.684348285198 317.803256362677 15824.9513213336 13.8948261141777 5.44458511471748 120.866088420153 1512.10723119974 443.095136404037 272.592748403549 68.9119493365288 144.657621860504 10.2039266228676 14.2909478843212 473.981618911028 2.90409874916077 19497.1769538522 10412.783585459 61.617157548666 757.507552981377 4.42086040973663 27179.0574494302 3297.04220470786 0 1345.61139598489 15.6540205180645 2871.19930413365 21685.1744413376 6467.89353042841 911.69988912344 10478.8986505568 3.87081015110016 3.07721009850502 306.209500551224 4924.76663598418 68.8579234480858 7549.93658047915 2721.74506625533 2.46056401729584 2656.13097369671 101.099569857121 97.2442342340946 2.32457989454269 550.829714953899 229.221988022327 386.917974799871 191.561441540718 62.9166394770145 10.1762370765209 0 11.8396921157837 112.855289489031 515.471328794956 3.92233464121819 2.35504928231239 3.4348965883255 146.647940516472 8.52559158205986 81.133487612009 17.8342173993587 12.2892237007618 5.36352145671844 5.10131499171257 30.6274523139 0.580310642719269 949.709133476019 129.771298348904 4.90117466449738 20.2143168747425 0.549419522285461 500.704588919878 961.64883184433 3066.85429546237 359.963822215796 5.65942800045013 159.703056186438 2786.86066123843 359.097051203251 55.8774269223213 265.867942214012 1.88295835256577 0 12.2006160020828 167.255227953196 16.6582087874413
507.419069498777 453.157983660698 165.656888723373 2156.1786993742 66.680497944355 908.951199531555 3864.26540538669 875.288727372885 13714.359290272 1864.35534766316 40.5659708082676 887.320265620947 45.9310023188591 915.712361291051 514.15055000782 2691.11642697453 118.141643375158 9.67469334602356 37.8613216280937 809.862415909767 1139.1654060781 5724.8200391233 1345.61139598489 0 127.570226311684 173.380308538675 3148.94665017724 27540.6615472436 1692.02651786804 2439.70169764757 4.17226523160934 7.23164823651314 415.745437592268 703.807421594858 16.0627803504467 1650.66902950406 144.030812978745 0 529.03409960866 1122.12764686346 76.6144430339336 6.86279562115669 227.304625988007 13.0115566849709 140.167136967182 45.5553588271141 116.522828668356 13.547987818718 0 115.557331621647 9.5486251115799 25.1442415416241 249.585517138243 7.27370345592499 78.3865709006786 918.596090644598 124.77067399025 674.490678668022 885.345258057117 9.30179804563522 89.3389401733875 0.724541306495667 219.551896959543 15.2535347342491 112.604590892792 6.26229590177536 0 5.79058703780174 88.024415910244 220.225375235081 171.31391492486 175.007192522287 2002.04926130176 1.20513987541199 19.7098254859447 121.696268379688 1767.58311983943 267.881134450436 357.620169937611 0.850046187639236 0.98868316411972 36.0298001766205 146.806822687387 11.2245147824287
2.99660131335258 2234.78249102831 8.41191622614861 0 0.885564804077148 3.77969962358475 4.00174200534821 18.9059846401215 142.741514533758 2.94124442338943 3464.01481595635 0.503777146339417 10402.4506471455 22.9416097998619 2.22309440374374 12.3372482359409 33.338602155447 572.442398995161 390.157718747854 0 6.12622353434563 615.359960883856 15.6540205180645 127.570226311684 0 1665.12225309014 5269.10711312294 14.6210388243198 25.4013368785381 10.3887953162193 251.79100549221 2.04627871513367 3.51931095123291 431.219280898571 0 78.833160161972 1545.10143008828 12.6549967825413 47.8987393379211 4.09321570396423 3.43631428480148 3315.6320682466 26.1262095570564 138.745153486729 108.943657815456 9.07175797224045 5.28653609752655 0 24.4801349043846 0 150.247845172882 10.3003792464733 0.526982367038727 0 0 2.78830075263977 0 1.64655548334122 2.8469477891922 198.497960150242 1.29514756798744 400.513894826174 3.31697303056717 0 0.709765374660492 28.7869643270969 175.513545811176 172.097163319588 0 1.29610884189606 8.00171726942062 14.1999377906322 3.316261023283 431.865498900414 593.542962819338 542.378992974758 3.54771175980568 1.91576212644577 4.43595826625824 73.9456026554108 0 0 62.0082385241985 0
88.3883971571922 1236.50059959292 12132.1198754311 2.54780471324921 5.8684141933918 40.7487750053406 328.679793953896 141.708320558071 145.905739337206 16.201264500618 6433.09406483173 10.4395587444305 2790.22414821386 219.532259345055 3.60321626067162 83.6286832392216 10410.265507102 4825.50224670768 17924.2725711167 2.59947240352631 431.208501935005 359.445317059755 2871.19930413365 173.380308538675 1665.12225309014 0 50779.3687607944 366.260229080915 255.312175929546 890.066381245852 2256.26762086153 4.04240417480469 51.2239280045033 2084.94933471084 1.91548126935959 914.422139942646 2507.91674223542 35.5954235196114 331.535066872835 34.2777915298939 13.1040464937687 102.749655842781 287.400866836309 296.442809134722 456.993131428957 106.579723268747 15.7163653969765 4.38711363077164 4.42451041936874 4.00658026337624 466.140852153301 408.941150188446 0 0 1.48557221889496 23.6551164984703 3.61274749040604 8.86498346924782 1.7776585817337 189.218865513802 0.877889215946198 234.407206743956 5.604222625494 0 27.9352257847786 419.443961262703 207.199192106724 695.630985826254 0 38.5547205805779 76.3486696183681 174.11376079917 30.1583296358585 482.830680638552 2708.15330284834 3542.46914556623 38.0695506632328 8.20329329371452 51.4769366383553 72.1238999962807 0 1.60648021101952 317.020366072655 4.6961270570755
117.42140135169 8808.30417749286 12496.8460791707 13.087886095047 9.97043114900589 52.5282687842846 448.433992058039 141.972069978714 1290.38745856285 44.3610996007919 4058.7665297091 30.5959226191044 7878.32777562737 232.6001765728 32.6749687194824 12361.434391126 7852.73679459095 1456.97110593319 5555.62276056409 6.34065255522728 2238.40185192227 6014.10778084397 21685.1744413376 3148.94665017724 5269.10711312294 50779.3687607944 0 2865.01039370894 372.890481233597 1308.41647332907 2168.24641665816 15.1413336098194 111.498138576746 4866.57414984703 24.6429055333138 4040.03293433785 7856.19585096836 33.746809899807 1447.77360355854 114.197962462902 33.4913284182549 166.52453443408 963.157516241074 657.852596431971 1080.62366232276 308.179872244596 69.8092704415321 16.3627648353577 6.44363433122635 18.7532916367054 1061.51818171144 1557.4315187335 4.0260636806488 0 1.07139468193054 142.840158730745 9.89973083138466 54.3893288075924 15.6576052010059 225.760413497686 3.93383267521858 270.67440751195 31.5743208825588 3.24712392687798 364.112274080515 797.457503855228 267.455613940954 734.752493351698 0 268.550171673298 942.872396796942 2212.05712980032 193.734402626753 481.366177856922 3401.31537476182 8123.87388297915 212.753632158041 25.0099449753761 149.789415299892 56.6738603711128 0 6.58517503738403 490.242782443762 18.6926620304585
852.480476915836 70.8946560919285 802.488603651524 11761.8287422955 39.5692823827267 1251.62393340468 17165.8199905157 1217.7627337873 3307.39286392927 6399.83467906713 54.0104068517685 1050.54096290469 9.90119656920433 1284.95425111055 97.0523203909397 3731.98919311166 344.212909340858 11.7283487915993 53.5429821312428 3779.13162642717 8588.52600219846 1094.1011235714 6467.89353042841 27540.6615472436 14.6210388243198 366.260229080915 2865.01039370894 0 2486.00244361162 14568.8807167411 1.9808332324028 15.6488901972771 897.975813984871 1797.48843622208 25.1397080421448 3115.21879252791 239.411559611559 0 929.059493601322 455.829147815704 116.931249201298 4.15031868219376 212.86056008935 11.022405564785 155.335750341415 33.8897147476673 91.9399891793728 23.6694775521755 0 84.2866656184196 9.67387917637825 31.1297321617603 277.938926577568 3.14331606030464 62.3947850316763 697.364372014999 98.2568800151348 511.689282059669 701.417327135801 4.96316051483154 61.5110186338425 1.31811141967773 167.191462218761 6.61113709211349 176.913579344749 9.55182313919067 1.72804123163223 4.12115326523781 86.9883885085583 297.1148429811 160.636916458607 261.486184239388 1558.81188374758 2.30237433314323 18.0255955159664 147.028719127178 1339.62951749563 236.081608504057 388.182799398899 1.73552078008652 0.375917255878448 33.059854388237 109.151687443256 12.0548487603664
13081.8375992477 23.3568097651005 140.017367273569 171.440643072128 625.509383827448 796.828015804291 2795.12019789219 3142.41804730892 826.039075225592 1034.06150262058 393.98654332757 280.787723064423 58.067729562521 13318.0095209926 74.7750356197357 154.898986637592 405.338592648506 62.3438239097595 139.355224788189 140.655799984932 856.120166033506 244.88323622942 911.69988912344 1692.02651786804 25.4013368785381 255.312175929546 372.890481233597 2486.00244361162 0 13455.8325169683 7.75905671715736 3044.48103237152 11588.3317340612 5199.70319485664 37.6467379927635 3034.75355291367 127.287151098251 4.41663408279419 1004.21733233333 947.692430704832 921.905865728855 43.5309835672379 59.0857106745243 2.66607460379601 37.5830471515656 10.6526689827442 22.4169245362282 3.75490707159042 0 26.9276954829693 3.03373897075653 10.1740359663963 9.64083802700043 0 6.99393254518509 166.483616232872 21.1403322815895 98.2421554028988 49.8959603905678 0 0.474409490823746 2.96439176797867 46.0957542359829 0.906796097755432 35.5269298553467 3.92647421360016 0.665512800216675 3.4565327167511 5.24202677607536 83.6427155435085 42.7359062731266 44.458277374506 350.478236049414 0 16.7018134593964 43.6404237449169 322.479746282101 51.1184286475182 110.291717737913 0 0 7.38670775294304 18.7447354793549 3.31218433380127
9573.09708407521 69.1130900382996 1169.46433183551 47.6307813823223 13.7938691675663 636.996744424105 17397.2883626521 2897.34023672342 1126.51772108674 459.354278922081 71.5208005905151 55.2707868218422 8.89168092608452 4415.12571707368 21.2679110169411 607.289569944143 2591.48843896389 35.9284153282642 349.212692037225 38.8080455958843 21836.8911809027 1194.25361445546 10478.8986505568 2439.70169764757 10.3887953162193 890.066381245852 1308.41647332907 14568.8807167411 13455.8325169683 0 4.51473462581635 12.7941456437111 1656.80823004246 5007.02176186442 20.648710668087 2942.51030060649 264.10277980566 0.479034900665283 1094.16624030471 147.643023401499 93.261591553688 2.50056135654449 136.916094809771 12.4109413921833 87.2266408205032 43.4335311055183 16.0109218657017 4.06973159313202 0 35.3847934603691 20.8495706021786 61.1612478196621 9.64614054560661 0.502605497837067 1.90630528330803 264.001365810633 24.2248797118664 178.579105913639 33.8267386257648 6.86260026693344 5.14371877908707 0.535121262073517 66.6670861244202 0.969936788082123 207.610113412142 11.2391069531441 3.12287387251854 4.95253783464432 6.47708806395531 311.768411159515 244.685942620039 292.270141452551 583.33312189579 0 38.1531772613525 206.68208616972 560.079596161842 147.984351873398 345.057040899992 0.762220442295074 0 25.3082852959633 80.7662951946259 12.5730833411217
0 34.0963267683983 4.8374972641468 0 0.533536195755005 0.955178797245026 1.90485951304436 1.61300331354141 3.98820281028748 0.542000114917755 744.627269089222 0 3199.62027567625 5.74048411846161 0 0 5.4620748758316 150.850734174252 48.0852507650852 0 0.34159591794014 16.4796862304211 3.87081015110016 4.17226523160934 251.79100549221 2256.26762086153 2168.24641665816 1.9808332324028 7.75905671715736 4.51473462581635 0 0.884731352329254 0.54514342546463 82.2234713733196 0 15.5261901021004 110.576051026583 4.35082852840424 9.79602444171906 0.489770174026489 0 26.3069146871567 2.05505418777466 7.85540920495987 4.25120741128922 0 0 0 0.616135835647583 0 7.25480568408966 0 0 0 0 0 0 0 0 20.9544268548489 0 53.6462544500828 0.499279618263245 0 0 4.42827326059341 16.9285923242569 5.79502648115158 0 0 0 2.41287282109261 0 27.6089721918106 45.9644404351711 36.1308128833771 0 0 0 14.9222312569618 0 0 2.72111624479294 0
14.1081693470478 0 0.620694160461426 1.64034417271614 5765.37629133463 690.60251301527 12.8563994467258 1388.36604362726 14.9748412370682 16.4334086179733 58.9040942192078 16.8877975046635 9.50141841173172 1047.74318921566 161.867871820927 1.38782167434692 4.29215720295906 3.92627906799316 3.18191784620285 1.40433329343796 2.17308753728867 3.39060485363007 3.07721009850502 7.23164823651314 2.04627871513367 4.04240417480469 15.1413336098194 15.6488901972771 3044.48103237152 12.7941456437111 0.884731352329254 0 1.33037972450256 1749.72962418199 0.588765680789948 99.578367292881 12.9624719619751 0 62.7384330630302 604.139574050903 2758.54660302401 10.0936497449875 0 0 0 0 0 0 0 0 1.4790803194046 0.310030698776245 0 0 0 4.27005779743195 0 0 0 0 0 0 0 0 0 0 0 0 0 0.308441907167435 0 0 2.4539760351181 1.56699621677399 0.525160133838654 1.26128041744232 1.2360936999321 0 0 0 0 0 0 0
