0 128.351931114562 107.547571472469 86.1858671375527 87.4003510148268 57.6494487541072 34.0967315026309 33.5994903059786 77.8756495275905 75.19933108247 102.058883756597 79.6246722944815 127.2869323849 18.3797865999394 58.1717990137984 105.594349116482 113.607911146158 127.764710454219 134.445083508938 85.7743204410401 88.9213385454378 92.0576384508115 103.602687169395 85.0360812668461 128.232954528411 127.954784294896 139.023579420848 85.2766658606876 19.443427087456 28.2777022566944 0 88.9437846643215 50.4034000124876 61.5675017211298 114.230612813635 75.6917164296657 103.589297848053 0 67.9899593640526 54.3413409849624 64.1936949290945 82.857772881835 164.808725991801 233.612197875977 166.440582200068 169.657102211433 140.257161853299 157.270874023438 0 148.295171767413 132.192779541016 157.337538500845 146.580291748047 0 138.676676810784 146.711976332336 160.854939847779 103.618414262009 158.389921228819 146.838958740234 143.536928661626 160.290283203125 170.468617057636 0 145.80233243554 222.568917939745 0 0 218.782333374023 151.917264985478 122.350526401228 156.908402137989 136.62368238554 177.039535522461 193.193958768429 189.657274289804 146.197114913352 165.159109735392 146.025381545314 0 0 152.303039550781 171.694705992037 156.541000366211
128.351931114562 0 42.4766168931447 138.278108193002 0 133.46188063888 128.109114996193 141.785324827815 73.7152372509924 138.017474443348 62.1670272680808 106.899661957868 50.3299380089696 132.734221652995 122.924063877287 63.413309478333 59.9804766404976 68.8016869920655 58.5075769364293 144.39635416025 91.107986930556 30.8392919448837 68.7326709314453 79.1922270045645 28.7174209688397 51.6006076719107 33.6859102025859 99.1781078538041 127.006309254097 111.434246516277 65.2946769321482 0 110.520926118512 61.9073132045899 156.481592145487 90.2092174770747 42.8703565385069 78.6485595703125 81.0140876521973 97.7085439606291 167.439743041992 49.8914335443911 90.4283974764398 75.9824655561321 77.1616439799715 88.2751051202024 157.226823956027 69.7319946289062 90.3217620849609 0 19.2892697216943 64.2784235232776 181.850780642146 0 0 136.383062957034 0 114.100036698364 168.143402099609 106.43788609117 181.128368722008 76.1404243371078 165.55094909668 0 105.574221946469 73.9411088429233 96.4546156169963 80.5398128506801 0 91.9199274917269 31.7249103455553 98.1208925864104 136.79122649666 57.7904113803144 72.6273151301719 61.063287168458 150.554665717679 131.908756946309 126.424770092488 97.7954027930654 0 0 71.0590209093665 0
107.547571472469 42.4766168931447 0 116.88357250625 126.328979492188 124.071714813923 95.7644080674913 118.105854243047 92.9940513496424 135.200623150379 89.2551921937535 139.212999447954 101.443904977821 116.175987528898 108.094940766296 80.6476786107368 41.5166195210931 89.0117229525396 71.2678761085917 166.852872353982 62.0844708260849 49.8472793067044 32.6193806885138 96.0442538205955 92.3657869778253 31.039638468006 39.6953867260929 82.9427041147953 113.480001774321 77.6660735836906 105.666031983775 167.052139282227 100.960035697489 62.8519529099849 198.549530950655 85.4096330683305 42.8312789044491 0 84.2177622494773 110.718485442133 115.289785930975 78.9292105802783 115.262385047247 89.9885008192853 104.864134285456 108.830104787704 123.259465987774 122.645144312054 150.395277184232 153.548530010722 61.1357344747373 92.2078477885764 168.378393547864 0 0 162.326398515253 175.172975105041 131.330735067316 166.148040374001 149.485971291189 156.775863647461 142.553709143889 172.543430252886 161.737701416016 104.981868955431 112.972930666811 149.752345176027 136.543844148147 192.837554931641 131.333344363151 65.6380393011127 110.0042983266 141.803022140014 108.263328857256 112.850231605202 91.9894464868843 149.857689828924 177.77004901666 146.281502685093 143.711970459777 0 131.710535338971 105.617407138353 165.113381836392
86.1858671375527 138.278108193002 116.88357250625 0 96.0943253765512 67.163496331768 46.6774070356573 88.7442858857025 56.6094267497696 23.0577217962656 148.082176635561 37.7955443420691 172.105117797852 96.230273378675 73.3272403940964 98.3700660923692 183.433502197266 0 156.498352050781 13.3032549909676 148.99188057291 91.457410939377 120.053090036367 28.0258336381537 0 159.417091527732 153.189571350659 19.0276322146531 101.34287517093 91.3153962294217 0 136.514456407104 94.6941198652793 104.202742395166 0 96.504096634229 118.930487388531 0 92.9014606251996 59.468446566347 92.3399247049699 144.872222900391 85.5333128302951 0 148.790728979191 0 94.326856512741 0 0 173.502071547884 0 0 40.2110176096365 141.060745239258 139.246806407852 137.637461562667 160.679493242981 77.6992074397093 141.427965225963 0 100.85767825252 0 164.247612198862 121.608085112878 236.681533813477 0 0 0 99.3181371211298 0 108.572352351358 195.271909787797 59.4088252432643 0 0 166.001250357707 123.331511777037 167.317958958211 107.376201776442 0 0 0 160.286282221895 167.163833618164
87.4003510148268 0 126.328979492188 96.0943253765512 0 9.88694550377428 97.8575419628573 12.8210115644107 52.6134589268118 106.776733761732 59.1285511807478 50.5521496283473 72.3841964523352 36.6436234758911 15.1964087574486 164.74746733255 139.942779541016 85.0346298217773 109.34093829892 92.7385737432359 141.18782043457 102.077488223233 143.443134647837 70.8033998837449 171.04443359375 106.260392395343 145.632344672723 115.752800068952 27.2673462441606 100.921675147886 106.12419128418 9.45369601152099 72.1084949677653 18.2648572112835 109.65528251518 68.9976769642846 78.3931134458333 0 47.8164850815213 11.0997777146251 10.2858709869983 55.1507657922764 89.9691467285156 0 0 110.712005615234 0 0 0 0 0 0 0 0 0 223.360549926758 189.124664306641 111.668060301289 135.555217592479 0 203.06608581543 0 0 0 0 0 0 0 225.040374755859 202.823638916016 0 0 178.064512161948 0 181.162719726562 147.485763549805 182.388150596945 0 186.80485534668 0 0 0 247.078979492188 195.544464111328
57.6494487541072 133.46188063888 124.071714813923 67.163496331768 9.88694550377428 0 45.8909065446841 17.6064370219674 69.0636561899486 29.3527926516276 78.1702384526995 32.4335596547126 93.7045364606092 45.7263561857383 16.0863659875526 115.334863192595 127.237153421965 106.505154424932 146.761079474138 47.1055039000413 106.488420570416 113.319437378155 115.402607174993 73.4728726988025 126.350430145993 131.045514860973 140.85377582683 73.6133839048916 57.1795858782249 68.2607160851685 107.800704956055 19.983630508021 106.776884406872 40.274651323734 116.560327464649 79.9263632251475 83.9760224165287 0 64.1363070724338 18.7414906349411 28.097505267698 67.7955807638263 159.746729850647 199.515716552734 184.037477115692 162.275660577534 136.943169485757 167.124928560494 0 176.651096716998 0 181.923645019531 136.070765423322 0 152.062766281611 140.219862469358 167.123933198103 97.9281950551901 149.705648506871 202.23664855957 122.071777472612 0 160.075644500446 119.724075317383 157.160491851199 216.110977172852 0 0 142.458295655227 179.964877159213 138.097004794757 177.322053649654 125.995530721114 0 198.893077729505 168.295597087247 142.428854157516 169.749480462262 160.393962102719 0 0 194.629821376911 165.7048798591 106.345664675233
34.0967315026309 128.109114996193 95.7644080674913 46.6774070356573 97.8575419628573 45.8909065446841 0 46.6454912884396 59.1976483789757 24.9643285500272 127.625823735398 54.3607160762131 148.412196047013 39.9887656757879 65.0581055841449 91.2955456542901 115.91122248876 156.097085064372 138.42338805141 42.2876023422323 78.1822015338728 85.1848286858442 90.2828724400426 52.3038792632931 146.947992755592 120.156078835811 118.331089872536 38.250811815969 71.9054109501368 28.2148289582969 163.637001066776 106.564758911487 79.1850257682588 82.6618898916307 131.592550108495 82.2591050686096 96.7618563125612 122.721996631646 80.1371019555631 68.8703664227635 87.3426428696957 122.669711450963 131.518813683198 135.662104385266 153.250849768046 182.707886121563 117.94890760974 151.85784511804 0 146.355183882769 163.74321498675 161.971505548905 132.684678338782 226.987045288086 138.448332720348 128.47294851593 144.546976606854 82.637697568883 138.431858857287 231.643461381143 121.691510325292 0 156.630892106471 116.542458643573 135.386338599853 181.497474989636 0 211.488991767461 132.939788900258 152.484644262003 104.550443979459 163.531571880887 115.734653165679 211.27157364142 195.016977132326 165.470698300173 130.963635415935 152.160506422401 140.33038562034 0 0 157.765171961407 159.00433164455 196.263661735107
33.5994903059786 141.785324827815 118.105854243047 88.7442858857025 12.8210115644107 17.6064370219674 46.6454912884396 0 77.7682061800232 55.0667390291356 68.4339299412104 66.2212183779961 83.520737504805 19.1135261550431 35.2285209524584 121.067310641495 122.608726961516 102.788408468647 125.929431492114 85.5623734946868 99.6037722235539 106.984716940632 113.30095227062 87.3845540176041 92.3502402662494 125.569637247769 136.410384824815 88.9818681523574 38.8510137582744 59.9337073232372 107.546491928616 13.110606481514 76.9701378852384 35.0693020461574 113.735737221303 74.0744177061622 80.2019435003854 57.2385842604736 56.8991409463298 30.8770933265299 24.0009845665472 59.7707786871028 178.776134692578 155.09977722168 164.219067412615 185.467524021946 153.464561651305 181.924411916881 0 165.966918117951 168.648948934189 182.587880860625 146.398503110762 0 169.320458757357 148.586277398934 178.19507258702 99.4310479594212 153.587892077833 157.700253177943 120.162776441681 135.143693011806 161.150721401455 142.296234130859 161.408610657137 183.011352539062 0 171.921416715729 152.690315340987 171.9234170472 133.112179929248 181.772638275533 135.413891398216 115.988609849465 165.0227424677 175.4041661019 148.463524798748 174.115389158564 150.917822898802 0 0 180.322956637119 167.832041898644 145.830092921682
77.8756495275905 73.7152372509924 92.9940513496424 56.6094267497696 52.6134589268118 69.0636561899486 59.1976483789757 77.7682061800232 0 71.2095114062872 117.074937968946 24.1566424392908 122.459993579673 84.7948472931678 23.248438197162 57.5575604007073 125.166638084775 138.455476594204 129.280565072073 60.8342788552344 64.1278290324785 27.6644305872107 83.9543831159752 25.8173439323056 103.360345847393 125.143652720453 92.4137118294929 56.8512445993608 84.48765104363 61.9289373042764 144.650136753477 70.1756891678101 64.8941813029805 72.7362105476063 108.830468376195 68.655029601417 61.3729890534356 16.3280310508809 50.8435554800877 22.3752486647452 26.1241524870578 41.6363636182435 88.51748091324 143.564263385709 114.139547376892 91.4474065266958 49.3990916168576 119.140857360144 0 95.2179658076256 119.586072974227 143.426179681658 82.6068404432653 107.038242537423 103.424592996385 83.1871742927358 104.839397917867 25.6435803688293 87.5163165452618 178.954915654019 74.1898821603704 165.200889591311 107.217283619363 67.8963325500122 72.7049250903196 172.02550729444 224.292266845703 160.744384765625 91.0908423930258 83.6217196308281 36.7402541026191 110.249942666565 65.0864932698212 150.416711679598 160.10355076619 137.57672101701 83.7352659066718 105.39094154282 85.8646363571643 190.809432983398 0 105.920331316114 100.484182374261 138.996861340361
75.19933108247 138.017474443348 135.200623150379 23.0577217962656 106.776733761732 29.3527926516276 24.9643285500272 55.0667390291356 71.2095114062872 0 139.071859868198 21.3104948608698 147.615064014141 66.5113185138855 76.2997681254482 131.134591224715 164.858296401777 165.612999919118 165.166430760734 16.6001852436263 118.74279134304 120.134658994372 132.191491631074 65.456776725609 163.51791379559 162.825646570153 156.586983641877 38.1342656579915 101.583206032048 82.4499382963717 191.237228393555 130.001160325634 100.741189946995 103.121047154372 170.041251005531 104.611256667738 147.438227993756 127.086565612709 95.7749880661345 72.7800607865807 107.746104768329 146.504413945578 109.442742923902 228.143798828125 176.803354561026 180.717219807571 114.295751287589 210.133371158738 0 166.106829512769 178.008998461414 192.009594497631 84.5343267551434 0 157.233665631472 143.56432884459 165.205871029189 93.1322752013768 90.7371954793772 0 98.8710980812252 0 165.809555827154 128.162760854505 172.364321724492 207.190689086914 0 0 49.8061804557606 186.603712133715 144.424151731082 194.350562948134 127.717058360476 0 238.9462890625 204.332299321845 145.640090115111 172.649491267116 166.472419056857 0 0 184.325145373992 194.203614195153 184.560076717203
102.058883756597 62.1670272680808 89.2551921937535 148.082176635561 59.1285511807478 78.1702384526995 127.625823735398 68.4339299412104 117.074937968946 139.071859868198 0 140.209952719299 24.5815862171047 71.6067767290281 79.6956077212752 138.962507664996 62.1926264720457 22.9852222902216 25.2786077710601 162.648997043852 109.329960002031 98.9589889866814 96.6074905016871 143.202045611355 32.1409811034751 39.8066300156398 60.7782694220937 126.263821130529 68.011083972531 127.363658644784 42.7761970964994 62.6703220457301 98.1855351810699 23.5139995531194 0 73.1206085581461 23.0897380663763 31.7953757058142 51.9774166340571 77.9432188543424 48.3698299304769 13.9533140081143 142.271741982102 66.6272500771892 113.232364598086 141.398866763785 132.868411233989 0 42.8955633849949 0 82.774047721212 137.568561744056 0 0 150.447998046875 212.030887288443 0 182.421932837073 0 84.7035525222974 249.675628662109 69.0392309778005 193.514261261663 0 184.512496948242 134.361876290127 96.3629730621857 109.491763743204 0 170.658786170211 120.42850303924 163.905097518916 206.3908944665 59.5431747066541 102.316283664096 106.260369884879 194.373793433284 185.080763591239 205.906578031174 95.8423055166002 0 0 115.431173021048 211.768631272782
79.6246722944815 106.899661957868 139.212999447954 37.7955443420691 50.5521496283473 32.4335596547126 54.3607160762131 66.2212183779961 24.1566424392908 21.3104948608698 140.209952719299 0 119.486064045819 75.1080368116713 18.2649854082696 140.743769905186 190.363813703956 167.866727197633 170.237970881665 15.6010398370243 150.613989106379 67.1193229134316 140.647312446819 31.8021862471831 138.984634399414 170.697092571193 126.875983221722 49.5744262501981 95.047383663322 98.6704971617427 0 85.6776320369803 89.5362355262011 90.6046732099471 44.1114692687988 92.249091826377 51.6071157528689 0 56.7693547136521 23.9800052551822 29.1202067851241 40.2953163932362 71.1032485979829 0 0 182.283081054688 82.4555274891975 0 0 146.387159038302 0 200.281311035156 39.0331601464921 104.771148681641 96.5638660299259 127.400099352028 116.824410646043 80.457815125064 83.5933012094707 0 13.4401258913756 0 151.183665245839 66.704684543173 0 0 222.259140014648 240.161148071289 18.8976499676556 168.233932495117 0 168.291740870857 108.099364032809 0 0 208.471786499023 124.992875980552 155.656096534496 157.386793263289 0 0 0 156.249649047852 110.589006801199
127.2869323849 50.3299380089696 101.443904977821 172.105117797852 72.3841964523352 93.7045364606092 148.412196047013 83.520737504805 122.459993579673 147.615064014141 24.5815862171047 119.486064045819 0 92.0330735106892 78.2347271960559 131.405859684169 91.5018201466731 44.7662501990337 64.6416286548623 144.531677027492 114.808781017406 84.805423413655 138.868185393625 127.103586939244 17.3225455441465 21.1181047904262 26.0451901273219 135.746020357716 91.0330238851576 139.869597998282 11.9520309853575 78.6880469147 0 26.4284575297449 69.1588417349647 49.6837802688632 20.3147886000923 36.3063711272217 42.589878429759 107.431247046137 37.8965310594306 11.0090074252548 94.4239012012433 56.4508326340912 88.6266156282714 36.6509010761939 152.700129405717 90.1286544799805 38.728683875864 0 58.1133676838064 119.800372750478 0 0 154.620083351483 0 207.43977355957 145.139114379883 0 75.7805343769525 0 61.925026466728 146.441854703674 0 0 126.87123502836 84.3044229003069 95.4181686263194 0 0 94.5029004330371 150.93434802645 236.015090942383 46.9218243968171 88.2927935396587 92.3948144830448 188.339904785156 131.999441057328 170.141296386719 89.0712780704039 0 0 46.7804697852822 58.4222030639648
18.3797865999394 132.734221652995 116.175987528898 96.230273378675 36.6436234758911 45.7263561857383 39.9887656757879 19.1135261550431 84.7948472931678 66.5113185138855 71.6067767290281 75.1080368116713 92.0330735106892 0 49.8784672876945 114.237519680204 124.514865752716 102.032096325852 115.733311576341 94.2019428822485 101.246086372154 107.805906278121 113.41188880622 92.6241556000225 98.3449000137671 124.9610269448 132.851946942418 94.0342517076249 25.9486608188277 56.0608251582684 111.792138022985 24.9106652958591 56.6965565966097 42.7654643739319 111.395565910039 70.4572641905183 83.7954895452836 57.6816154492899 58.4933139103754 40.4633942339327 39.2001151043007 63.4756775791451 168.487665371876 170.502004886112 176.809100136029 177.009260677489 158.996520349647 0 142.660858154297 194.433704980036 173.384547732493 184.670586189243 159.692127345559 0 166.580974732383 154.222113957982 166.644739563929 104.806414119721 162.316435946352 220.273956298828 138.280529439802 161.361536203783 181.524481931801 0 152.815969530825 174.457049624138 0 164.15822299603 173.791322798645 165.853978454907 143.668733574406 174.541969564775 144.567606927308 0 176.217759919935 177.300023399911 153.947881522038 187.556694090184 158.328033153852 0 0 170.297333431888 181.88625293424 150.861744972183
58.1717990137984 122.924063877287 108.094940766296 73.3272403940964 15.1964087574486 16.0863659875526 65.0581055841449 35.2285209524584 23.248438197162 76.2997681254482 79.6956077212752 18.2649854082696 78.2347271960559 49.8784672876945 0 95.3629128263004 131.585892966813 92.9701156616211 183.94270324707 59.4226879721931 128.678729914586 80.3662172744716 130.507887992995 45.5471597622017 178.571325036217 155.130158417431 123.253569554134 79.4246358942076 57.9890207051228 86.1442532056556 0 41.3276949856187 142.113006591797 55.0783397638948 36.2374653672318 81.9860887568097 115.583616328764 0 81.0693973893914 11.3397896799013 38.0022102117572 0 49.4571280998353 0 0 0 67.1571973076167 0 0 0 0 0 120.110155193359 0 147.354965209961 141.054205707389 153.780956747739 73.1720806439615 121.857516863081 0 73.4058990478516 0 179.363891601562 82.6845092773438 0 0 0 0 117.100231941836 0 95.6020431518555 148.11741390059 110.905434618897 0 213.260025024414 0 157.645991847129 171.247085571289 0 0 0 0 200.569229125977 74.8866653442383
105.594349116482 63.413309478333 80.6476786107368 98.3700660923692 164.74746733255 115.334863192595 91.2955456542901 121.067310641495 57.5575604007073 131.134591224715 138.962507664996 140.743769905186 131.405859684169 114.237519680204 95.3629128263004 0 105.823529503976 138.862244199824 126.886626182463 99.9356527950636 19.1170708125917 33.5505799222087 19.4894163859798 39.9098690710666 109.27547105345 108.203399822003 26.9818759206389 37.3964426978918 100.011388467576 75.3759327880643 0 159.206010480103 73.8562604038694 66.10031163107 147.866037508658 71.0840713826714 53.2791917288502 0 78.8595895717416 92.5249614589329 87.1572883775468 144.136825561523 112.857404645262 92.3402344405071 116.779764814664 114.267507969704 124.955245423708 126.015370394999 0 131.198843250432 111.871407345004 120.678082176078 153.863581010091 0 159.558489783112 134.785687465142 161.362366961624 86.8659152199471 167.522240127642 148.389539106889 0 0 142.138935674962 0 87.7552400886452 141.815701795188 188.062872838801 153.457422888863 0 109.234232318517 62.329211637833 102.678296409001 111.958690135175 0 155.001451870165 107.915338790565 121.510389243725 130.84317994773 115.618072576494 197.125244140625 0 126.793186382624 118.918305571057 149.420271388261
113.607911146158 59.9804766404976 41.5166195210931 183.433502197266 139.942779541016 127.237153421965 115.91122248876 122.608726961516 125.166638084775 164.858296401777 62.1926264720457 190.363813703956 91.5018201466731 124.514865752716 131.585892966813 105.823529503976 0 61.9779254418328 24.5553150661971 153.22340270322 57.7807724619306 83.4187660999034 36.2129074515442 126.272245136802 80.310906391911 29.9138971196504 70.9988520891007 109.496941498134 115.863439579328 81.1062228915953 96.2030349519785 146.890604035845 94.165356929046 43.1515366653702 160.594039916992 91.2623054482782 51.3106189191271 55.2285690307617 93.3830144192529 123.800170694506 112.900500330968 82.6912015764885 141.417709338672 108.596831994773 126.93709512311 136.968000678251 159.338679336088 175.503333392628 0 183.664644021193 77.2200899740069 111.875457661571 197.825198403721 0 244.234573364258 184.396646706266 0 150.330988971729 214.709886404606 137.890532711636 0 130.208939407792 195.286644473449 0 147.480497740502 122.920876481092 145.143765095709 128.51238355547 0 155.549453530729 101.69292013584 142.672333765323 177.22654686358 110.325767709426 116.69439628549 112.596847773974 178.396080784535 199.551497690324 165.565919810097 146.292900601338 0 0 126.81113213306 217.856105256891
127.764710454219 68.8016869920655 89.0117229525396 0 85.0346298217773 106.505154424932 156.097085064372 102.788408468647 138.455476594204 165.612999919118 22.9852222902216 167.866727197633 44.7662501990337 102.032096325852 92.9701156616211 138.862244199824 61.9779254418328 0 15.8362866331638 0 128.834632332354 104.470364003914 100.710462961973 152.139590807949 41.9973302904699 27.9280990588197 60.9199581894742 73.5155053246487 100.580937090107 126.556142303835 47.514766962058 79.739060247896 104.749465942383 57.7308524768873 0 85.7135714744191 47.7916145346639 41.5542615866 69.8220964808218 108.972980180806 86.4068386475683 54.0125021439453 160.760853071763 94.4485539120864 123.158633851679 135.579172385681 0 0 0 0 84.1039238610362 155.681992861277 0 0 0 176.932671888718 0 0 0 101.32213456793 0 81.831213434099 178.843437122739 0 0 116.036363975718 104.018649660121 111.741290603445 0 163.718282666691 141.884536186168 173.574685309383 196.263046264648 68.7822208000935 104.633794181157 107.863462392149 0 199.668718606331 202.33747571273 103.19218541303 0 0 121.143250442731 0
134.445083508938 58.5075769364293 71.2678761085917 156.498352050781 109.34093829892 146.761079474138 138.42338805141 125.929431492114 129.280565072073 165.166430760734 25.2786077710601 170.237970881665 64.6416286548623 115.733311576341 183.94270324707 126.886626182463 24.5553150661971 15.8362866331638 0 158.724349975586 91.0452361164597 101.665063009286 73.1088330293483 146.694419994331 47.4795518530919 26.7913169050692 64.702066597258 127.321253342745 115.598341237209 106.378287976834 63.2431625904786 100.534481019312 117.025461698393 48.1697390085333 239.28059387207 84.4851278217783 50.2471525432701 46.1561644564584 83.1111002530269 106.173973663302 128.509124755859 57.0722624637582 143.251402296773 110.304184086531 117.343814845264 124.285053468721 162.487157102147 0 121.912523178953 198.287304599243 79.5619259575531 121.627401968856 0 0 0 193.323650361182 230.408138255663 168.925679909815 0 115.098182476778 194.225662231445 99.3574320202916 196.846765419235 0 173.827691126963 119.738447949603 112.275778266885 110.59058251075 0 162.988107957398 123.336712810541 152.435722453465 203.985152893166 73.0465756965426 102.830932933367 104.770591956478 193.41847029695 188.311023043355 173.293017786744 122.713084866085 0 0 115.857341007273 190.028392504363
85.7743204410401 144.39635416025 166.852872353982 13.3032549909676 92.7385737432359 47.1055039000413 42.2876023422323 85.5623734946868 60.8342788552344 16.6001852436263 162.648997043852 15.6010398370243 144.531677027492 94.2019428822485 59.4226879721931 99.9356527950636 153.22340270322 0 158.724349975586 0 128.531083850055 89.4945114031255 118.072329535737 33.784538248431 0 166.859682846335 133.055514252195 30.2297402643838 105.820747546667 97.4763069173465 0 120.061227750367 98.4736044582682 107.303297182471 0 103.024194268002 130.387459519261 0 98.1712986143506 56.1046506017988 116.148751340235 128.443545909026 97.618914750206 0 0 156.96223449707 110.598934484677 159.545562744141 0 151.458648681641 0 0 28.8673229786147 0 160.189118549999 138.004959613113 148.034810436792 85.8215904614229 139.302405679303 0 38.0804905017178 0 185.546478550786 133.112084606588 0 0 0 0 93.3099394221785 204.252746582031 138.866997684792 224.326217651367 117.883044800376 0 180.087070667253 214.768726014823 133.817790586324 178.318216558944 201.310215199341 0 0 0 201.738123815204 0
88.9213385454378 91.107986930556 62.0844708260849 148.99188057291 141.18782043457 106.488420570416 78.1822015338728 99.6037722235539 64.1278290324785 118.74279134304 109.329960002031 150.613989106379 114.808781017406 101.246086372154 128.678729914586 19.1170708125917 57.7807724619306 128.834632332354 91.0452361164597 128.531083850055 0 54.6414598727387 31.69395276892 44.6736431272897 141.048114837599 89.7446985029117 73.9982070205051 28.0345929518576 87.9623476307581 29.7542754174051 135.766052246094 152.217933500596 66.9117576375067 39.6673808204978 137.631131352757 68.5272874668706 62.1689689668645 125.882232666016 74.2013724095106 85.4508960702922 84.9650077689273 121.883915778456 132.808407593237 118.022695132018 131.690342378443 128.690274860236 136.277045496005 131.865112304688 212.752563476562 136.437724920261 123.456191735282 135.867047924736 153.045911938154 0 171.832807281583 132.812885900275 169.649352241326 85.9813673571109 172.50984792334 213.75860034905 207.641293903039 187.657302856445 155.382907321827 134.34230866443 108.826169123177 160.322242404884 206.779525756836 176.78680477403 161.660094933967 118.003160512141 76.6134195921201 121.755877361384 119.678392727098 95.3991546630859 173.776943583239 132.395961372082 128.303478792308 138.282977478292 120.700161549307 226.577527113044 0 130.224129606326 130.402522741679 168.829511668367
92.0576384508115 30.8392919448837 49.8472793067044 91.457410939377 102.077488223233 113.319437378155 85.1848286858442 106.984716940632 27.6644305872107 120.134658994372 98.9589889866814 67.1193229134316 84.805423413655 107.805906278121 80.3662172744716 33.5505799222087 83.4187660999034 104.470364003914 101.665063009286 89.4945114031255 54.6414598727387 0 52.3105735022274 32.4771399883251 69.1658260314089 88.6280667426306 45.9681156970769 59.2996565537162 86.1051618633227 63.4918675751477 101.723139285648 116.553824842354 58.5213561731262 59.9194302662161 121.245495994393 59.6460620225362 44.3212788998248 0 66.0361142378149 64.2023736146706 78.5080926311547 84.333476616925 88.4782582900861 73.1668157481321 97.2091345580081 85.7323901639095 110.949173323699 165.51628112793 0 132.332081922837 49.973715384422 80.3237830314068 154.707517842225 0 0 117.013319735936 128.718922095543 71.6124193840398 152.094526846113 107.967886012797 121.003784179688 132.28344886036 173.242611773294 113.432861328125 58.298254673593 107.009293181632 147.07639249838 130.695440560432 0 78.7112246071369 25.1692052334668 72.5657585453448 92.0516114873716 94.8801739639729 124.941201093757 71.355937142315 102.096957008052 121.839359109606 89.7396892715432 0 0 91.1868900313444 97.3446384724652 153.597720668044
103.602687169395 68.7326709314453 32.6193806885138 120.053090036367 143.443134647837 115.402607174993 90.2828724400426 113.30095227062 83.9543831159752 132.191491631074 96.6074905016871 140.647312446819 138.868185393625 113.41188880622 130.507887992995 19.4894163859798 36.2129074515442 100.710462961973 73.1088330293483 118.072329535737 31.69395276892 52.3105735022274 0 69.7838684192209 126.833557083938 69.2083571811814 47.2871403038695 57.8298479974765 102.879494820225 60.8958662048106 129.547847569977 134.378456623294 81.2580506844648 50.9755391632238 137.458907352045 71.980951322804 50.1864314119326 71.6572560329704 75.1585062099849 89.0563509536715 89.4445727680081 117.316669117043 126.278085281844 98.0262201970862 120.034278387749 126.853535229319 135.517011764535 149.103136979493 0 160.902513729469 89.008780782679 113.515107735801 172.320073596976 176.386092124856 223.686561427911 149.178450721951 183.963779581552 111.291712504148 184.669168688168 176.414262690616 150.230200595025 154.506598175509 174.969054252789 153.761978149414 100.380333461207 132.298133554598 167.123315264515 154.810840290546 117.88134765625 116.107903298627 74.9847452542488 112.51350575694 126.083783007162 100.448418753359 144.703353234376 109.613679536039 136.313059403292 156.135588179327 131.427596360282 172.546541291796 0 133.088940913308 123.04268458873 165.220546247454
85.0360812668461 79.1922270045645 96.0442538205955 28.0258336381537 70.8033998837449 73.4728726988025 52.3038792632931 87.3845540176041 25.8173439323056 65.456776725609 143.202045611355 31.8021862471831 127.103586939244 92.6241556000225 45.5471597622017 39.9098690710666 126.272245136802 152.139590807949 146.694419994331 33.784538248431 44.6736431272897 32.4771399883251 69.7838684192209 0 114.422036903521 130.433205451817 79.3629764791927 22.6241855192215 91.9941060900314 70.6014657265068 164.608050236075 127.260448000227 76.1002024772056 86.8201043241091 133.006667193038 82.3048887574709 89.5405327437599 0 85.3068649634062 44.50657353679 98.4315727433843 131.180026383949 116.683654166972 130.332842769257 134.86439046249 137.149592922129 102.041383465529 142.268415429966 0 124.729237651533 112.49803287098 141.45405290308 118.349016863678 136.542297622291 128.898092119086 112.085674381157 133.419687859071 61.8120915895979 120.943114714219 188.936986786901 107.419575942204 180.162185668945 136.179929131989 119.509821999064 108.99386928671 171.474523318912 0 180.07791587111 117.702295087641 113.422522263702 78.5160718473662 132.777658051698 91.987859359607 207.391820768768 187.013010757759 143.657216063825 112.355204310236 133.505945578078 114.072888892812 174.761417193392 181.299758911133 119.23848985613 134.754209384159 176.448192148776
128.232954528411 28.7174209688397 92.3657869778253 0 171.04443359375 126.350430145993 146.947992755592 92.3502402662494 103.360345847393 163.51791379559 32.1409811034751 138.984634399414 17.3225455441465 98.3449000137671 178.571325036217 109.27547105345 80.310906391911 41.9973302904699 47.4795518530919 0 141.048114837599 69.1658260314089 126.833557083938 114.422036903521 0 38.6132975868956 33.3720205455339 140.364938584766 96.7815220470055 143.773872889477 41.499928668889 71.4113834375317 128.745037817307 47.7214751122845 0 87.9567845946339 24.3193134663382 34.9950610835715 63.1216277225515 102.693993036376 61.101111792103 14.3333573173988 106.564733310918 50.1259990957968 79.225252275335 95.9441776490991 127.292065067539 0 28.154229442091 0 37.1901793336837 100.619159603369 179.603591918945 0 0 188.043745254407 0 163.411237573879 170.278740236113 64.1250242509148 206.365823666942 46.4105830491277 116.294310068458 0 141.578018188477 92.3496485271426 69.2263677007259 71.3543908159444 0 165.075042724609 92.1303731007328 122.244997567958 171.876782361366 27.7333313857287 67.4654279138368 65.7779619948931 199.563447654944 124.943567168855 125.860990398068 73.8455026497269 0 0 86.0226561986201 0
127.954784294896 51.6006076719107 31.039638468006 159.417091527732 106.260392395343 131.045514860973 120.156078835811 125.569637247769 125.143652720453 162.825646570153 39.8066300156398 170.697092571193 21.1181047904262 124.9610269448 155.130158417431 108.203399822003 29.9138971196504 27.9280990588197 26.7913169050692 166.859682846335 89.7446985029117 88.6280667426306 69.2083571811814 130.433205451817 38.6132975868956 0 31.1262024430863 102.371066495585 117.856551232103 102.989210719176 14.623126374045 119.972600795454 115.608726795222 60.0522225988632 155.390488511549 85.9794235167804 49.0306943636959 54.9351872584065 79.6366101932285 124.903621459766 104.72964099147 61.3725510904089 130.519353805383 99.4559174145466 109.679763626017 123.495215156773 148.417073216882 141.498437251505 99.5790430375852 184.323957296848 64.9897385227422 104.043998011077 0 0 175.93576075111 181.278606534111 183.572901713553 165.208887135831 218.53441010737 106.455941574373 193.264984130859 86.2913326269477 206.217195533011 0 144.982345138606 112.514528912488 104.242876861553 104.67257111336 0 152.992694560489 115.406241346317 138.630915405068 160.987764408638 65.3699770548775 96.3038778266298 95.8928980244179 177.056310602403 175.71893731373 161.975720208024 104.288748210995 0 150.779931241853 108.816897528819 195.846259019671
139.023579420848 33.6859102025859 39.6953867260929 153.189571350659 145.632344672723 140.85377582683 118.331089872536 136.410384824815 92.4137118294929 156.586983641877 60.7782694220937 126.875983221722 26.0451901273219 132.851946942418 123.253569554134 26.9818759206389 70.9988520891007 60.9199581894742 64.702066597258 133.055514252195 73.9982070205051 45.9681156970769 47.2871403038695 79.3629764791927 33.3720205455339 31.1262024430863 0 78.4164562621383 128.855822278685 107.845463255842 23.9053048641097 113.734543421037 106.721030771775 69.1954926623979 156.241235562381 84.8532365537651 52.3264169345456 68.0607617666683 84.8883995036486 114.25086534468 98.1201349163822 69.2700389808379 122.018076381726 94.1347840637625 107.156082874403 114.311783720094 133.543096618871 134.433215438382 107.720150023637 169.565333541209 58.101795199728 96.418794611169 177.108320821928 0 158.859429502927 158.401966649953 190.116547928385 131.217004210464 186.674869039664 114.037272406199 158.303473112394 92.4508247332713 176.334324707432 155.715676240129 107.901751567441 111.907381627219 109.920831843588 108.873394557733 0 130.944129122722 68.0334094872461 111.876766661902 145.615240055378 72.1758426643573 98.5838914033543 94.4388218786619 148.397739517233 164.198894832573 146.239966740473 115.423522979025 0 146.189657562499 112.991326306672 176.466908329829
85.2766658606876 99.1781078538041 82.9427041147953 19.0276322146531 115.752800068952 73.6133839048916 38.250811815969 88.9818681523574 56.8512445993608 38.1342656579915 126.263821130529 49.5744262501981 135.746020357716 94.0342517076249 79.4246358942076 37.3964426978918 109.496941498134 73.5155053246487 127.321253342745 30.2297402643838 28.0345929518576 59.2996565537162 57.8298479974765 22.6241855192215 140.364938584766 102.371066495585 78.4164562621383 0 91.9145650866823 43.1186291425495 118.134263034525 127.219377433532 73.9257553313158 72.4476374789836 142.645985793095 81.1751495205825 85.3464103729206 0 86.9672263960726 77.3943212020541 104.21389805478 140.712607760227 128.830636527475 142.274435414453 142.90948754442 145.061293637431 118.818016147177 141.044212446922 0 138.429587381943 130.959571828233 149.571140561379 107.799614471619 169.411125011247 143.845867350371 127.246471866806 148.16688707993 79.8206398317984 143.104092813929 199.224574426173 129.220750881685 107.254570007324 152.383399370362 145.416945695752 121.319540623052 178.455454116098 205.596441788554 190.567366095725 139.519296616427 124.065306431531 87.7478571262697 140.372235657015 114.939285535256 206.269803648561 184.861535469999 150.107631512865 128.121308395575 143.355382348937 127.680397513268 230.876122442361 185.170791625977 135.63916280008 142.259060200863 178.754960115649
19.443427087456 127.006309254097 113.480001774321 101.34287517093 27.2673462441606 57.1795858782249 71.9054109501368 38.8510137582744 84.48765104363 101.583206032048 68.011083972531 95.047383663322 91.0330238851576 25.9486608188277 57.9890207051228 100.011388467576 115.863439579328 100.580937090107 115.598341237209 105.820747546667 87.9623476307581 86.1051618633227 102.879494820225 91.9941060900314 96.7815220470055 117.856551232103 128.855822278685 91.9145650866823 0 36.3376789010035 113.996863859434 15.6726153333681 18.5702068607353 35.8564008760937 104.30832818113 60.9443089377567 75.7203167809228 70.1917230781411 52.0081807272189 45.9054088590048 32.6003230355152 62.9592345724966 166.077730030171 163.369874721106 162.731441599722 158.309516184301 170.96259583268 175.640328239915 0 150.925123656173 153.888719944853 165.087445555751 176.615954840378 0 196.521700098766 149.689131059572 176.251760390184 106.406459722751 176.912568521436 0 174.876220703125 159.253958295476 177.813394880115 196.980514526367 136.160444266505 200.390756426728 134.416900634766 193.853443865193 164.956896295465 145.309858201625 102.492002366569 159.658638575709 142.028690479232 0 171.718660863855 172.687393022714 150.897936238394 169.814701112262 147.899604218077 0 0 157.725559280782 173.352783081215 118.850998634502
28.2777022566944 111.434246516277 77.6660735836906 91.3153962294217 100.921675147886 68.2607160851685 28.2148289582969 59.9337073232372 61.9289373042764 82.4499382963717 127.363658644784 98.6704971617427 139.869597998282 56.0608251582684 86.1442532056556 75.3759327880643 81.1062228915953 126.556142303835 106.378287976834 97.4763069173465 29.7542754174051 63.4918675751477 60.8958662048106 70.6014657265068 143.773872889477 102.989210719176 107.845463255842 43.1186291425495 36.3376789010035 0 176.31691906645 119.610532228404 46.6805356893229 41.9069045990845 125.261210258779 68.2910784513955 77.3419708582224 126.06761932373 68.6659014734387 74.2054325120935 81.221291138986 138.106800007468 141.479214787833 148.46472228065 149.380942548722 139.090574963705 130.779705520867 166.186789444044 0 141.670283336303 136.503032178381 151.159174862483 159.490545868483 181.15087890625 165.69753015848 133.342601029083 158.684094925768 86.6202125723787 154.439319090537 199.936946235915 142.377992872027 191.429550170898 163.788765247201 122.739852905273 114.316802527397 178.781716257713 185.942435172932 175.407268409779 171.635871127479 122.759367170581 84.4940674319822 137.999618109084 120.283177674774 0 182.631864095431 148.404865139172 128.700406977332 142.569283378454 125.39137531236 180.300628662109 0 127.318510798343 133.619767356845 160.203564020514
0 65.2946769321482 105.666031983775 0 106.12419128418 107.800704956055 163.637001066776 107.546491928616 144.650136753477 191.237228393555 42.7761970964994 0 11.9520309853575 111.792138022985 0 0 96.2030349519785 47.514766962058 63.2431625904786 0 135.766052246094 101.723139285648 129.547847569977 164.608050236075 41.499928668889 14.623126374045 23.9053048641097 118.134263034525 113.996863859434 176.31691906645 0 114.092277526855 121.536239624023 72.3671236966913 0 87.1955721769341 53.5322556555786 55.5543952182742 77.8735984020364 100.210166931152 0 63.0702906241754 115.079937190547 99.2335365575138 86.8886380200351 0 0 0 63.4175109863281 0 85.9402591794365 0 0 0 0 0 0 0 0 97.7582054993084 0 45.4928435855831 170.861557006836 0 0 127.379454990379 108.32040438521 117.623898774105 0 0 0 151.740183564037 0 66.0202025036361 101.020807864934 99.9768460757945 0 0 0 38.7825071505881 0 0 109.916309762017 0
88.9437846643215 0 167.052139282227 136.514456407104 9.45369601152099 19.983630508021 106.564758911487 13.110606481514 70.1756891678101 130.001160325634 62.6703220457301 85.6776320369803 78.6880469147 24.9106652958591 41.3276949856187 159.206010480103 146.890604035845 79.739060247896 100.534481019312 120.061227750367 152.217933500596 116.553824842354 134.378456623294 127.260448000227 71.4113834375317 119.972600795454 113.734543421037 127.219377433532 15.6726153333681 119.610532228404 114.092277526855 0 94.8446401200662 22.9104643844765 113.985336303711 73.681999315884 61.181487243085 0 50.957613919096 33.4789086856897 19.788032495191 68.9718690702244 0 0 0 0 0 0 0 0 107.180366516113 234.246292114258 0 0 0 190.152712775174 0 0 0 0 0 0 0 0 0 0 0 0 0 178.182800292969 0 0 171.907460311334 130.130187988281 154.132019042969 156.202850341797 177.467104709479 0 0 0 0 0 0 0
