0 12.6781542897224 59.5638241171837 34.9526871144772 13.0440768301487 90.1558694541454 5166.9591164887 637.581874668598 243.217203736305 415.066630721092 78.8544178307056 19.9373636245728 11.3289486169815 14258.5876655877 2.12957394123077 34.3438193500042 108.642315745354 4.45988041162491 30.2568144798279 14.3326424062252 300.959204465151 66.6369456648827 444.527131229639 366.341051727533 4.63236871361732 60.6579003930092 93.890836507082 695.97642865777 13791.1552841961 3608.55359560251 1.38940328359604 18.2168239355087 610.472633838654 768.092861115932 19.547886878252 384.331745833158 31.887630969286 581.349118262529 79.3469284772873 82.0917358398438 49.5123407840729 4.90693575143814 7.24708649516106 0.499684482812881 16.58622610569 11.5969796478748 1.95756393671036 0.760957717895508 0 10.2299255132675 2.71286106109619 3.15769279003143 0 0 4.10501503944397 71.6907424628735 7.54474383592606 20.7780766189098 4.66667485237122 0 3.06401252746582 0 11.9940922260284 0 12.0055325329304 3.32682543992996 1.80649471282959 2.30651319026947 0 28.7641849219799 0.9924456179142 23.631034463644 119.567168205976 0.39920562505722 0.42119088768959 13.9649333655834 106.09008321166 20.037688344717 31.7598414123058 0 0 4.71561121940613 10.8004800677299 6.11510461568832
12.6781542897224 0 386.569227039814 4.55084252357483 0.516221046447754 3.00036522746086 18.0279440283775 7.00645911693573 485.751725524664 6.26555994153023 210.501452475786 11.4890598058701 639.183648854494 20.3752693831921 19.7660388052464 112.983512789011 537.412325322628 45.368380099535 270.649663716555 1.79553210735321 30.1125883162022 1996.87566164136 250.257890582085 433.211611568928 2313.81215843558 1145.27544537187 6747.78379675746 55.7781613469124 21.0511017739773 52.5611219108105 32.0607097744942 2.80455696582794 4.62433874607086 221.419713675976 2.3584024310112 285.637928634882 288.695056915283 378.805354505777 98.1510109901428 41.7135502994061 3.35581374168396 84.8795450925827 22.689742654562 15.5191565752029 40.899647384882 8.75655972957611 3.55721491575241 0 0 0.45347672700882 61.3584507107735 71.8900357782841 3.10212087631226 0 0 2.69076079130173 1.11302465200424 5.38651537895203 4.75286048650742 12.3446506261826 1.76922577619553 13.6752043366432 1.77885395288467 0 3.35797572135925 33.734554708004 7.93052566051483 87.2951475381851 0 3.00448787212372 31.9903996884823 26.2320387065411 6.56496894359589 15.5574744343758 164.105152100325 332.156977057457 8.41351473331451 0.946034789085388 1.14946576952934 0.632472991943359 0 0 22.8684529066086 6.38980114459991
59.5638241171837 386.569227039814 0 6.72069230675697 2.47351491451263 18.0187194049358 708.379410147667 51.5736210644245 68.16825735569 102.413024097681 202.567617028952 4.87849819660187 63.2025103271008 101.066223353148 0.864437252283096 84.5407091379166 3622.63508191705 42.3459948003292 461.778900176287 3.55985057353973 767.492925316095 199.190738946199 19686.5601221621 225.125421851873 39.0194616913795 12209.2371867895 13682.8617039621 712.862110286951 118.208572566509 554.938307017088 21.4421259462833 2.11883208155632 28.4899861216545 635.160159528255 46.1887924075127 1300.95385038853 308.286199837923 1573.01858004928 593.956794649363 76.6059001088142 2.38414940237999 1.53019878268242 184.92774784565 79.4471739530563 243.787283837795 87.6095510721207 3.19400155544281 0 0.70170670747757 3.7353304028511 200.233051210642 1016.63075917959 0.464232921600342 0 3.89226698875427 38.7913912236691 5.30302751064301 9.0666296184063 1.99156069755554 10.7791865468025 0 8.3273678123951 12.1559895277023 0.580125272274017 70.0297316014767 392.736589729786 13.9789168536663 103.079532593489 1.21063268184662 41.0799110531807 102.137350291014 383.842076003551 40.436969101429 17.1037890613079 322.72851768136 2364.6227684021 35.395624101162 12.0027548372746 16.4217503666878 3.10756248235703 0 2.32719391584396 94.9434856176376 42.2766970098019
34.9526871144772 4.55084252357483 6.72069230675697 0 8.54835224151611 206.561057120562 479.19569543004 106.246197730303 653.528209447861 8652.4544673264 3.72114509344101 3410.45414841175 1.94016471505165 110.666316539049 90.2717337012291 4.95498338341713 0.661433279514313 0 0.76000189781189 15413.5927934647 9.88893365859985 8.49064296483994 22.4774403572083 2292.15727189183 2.15407592058182 6.00973013043404 17.1461453735828 10373.0977364182 77.4473104476929 21.5857674181461 0 2.32088756561279 2.19200205802917 22.2159722149372 6.44159984588623 86.8296808004379 3.06891560554504 65.1050935089588 13.7706333994865 164.826246321201 5.59427604079247 0 2.44702214002609 0.800986289978027 2.93286654353142 0.745138466358185 50.933722615242 0 0 1.99252659082413 3.52454316616058 0 277.837238550186 0 37.219956099987 160.682079493999 23.8941440582275 58.6178854107857 319.244754850864 0.651544332504272 213.857318431139 0 8.48654666543007 10.208092212677 0.37417671084404 0 0 0.464026242494583 138.887503623962 0 1.45834511518478 0.43474954366684 139.751057386398 0 0 2.4390282034874 249.439312309027 6.18909549713135 1.55674085021019 0 0 1.33482182025909 4.3748462498188 0.408996134996414
13.0440768301487 0.516221046447754 2.47351491451263 8.54835224151611 0 3944.22200447321 18.905724555254 1755.09287577868 140.945548057556 39.5773016810417 41.2608690857887 141.948488116264 54.4865706562996 263.106700956821 2800.74004295468 0 2.78726637363434 3.52553933858871 4.60119336843491 6.18108943104744 0 9.92308393120766 1.32178631424904 61.5710348784924 3.78131127357483 13.3687654733658 12.0714559853077 9.9535745382309 348.953931450844 6.18967518210411 0 3914.63351261616 0.679110646247864 2850.06776094437 3.77127593755722 175.357063770294 15.2631995677948 398.324892908335 59.0890399515629 5868.72840812802 3655.53632336855 9.21685856580734 0 0 0.764153718948364 0 1.48413705825806 0 0 0 0 0 0 0 0 3.58923673629761 0 0 0 0 0 0 0 0 0 0 0 0 0 0.804330885410309 0 0 0.462481051683426 0 1.3970228433609 0 2.16720965504646 0.783643841743469 0 0 0 0 0 0
90.1558694541454 3.00036522746086 18.0187194049358 206.561057120562 3944.22200447321 0 1030.73142531514 24047.1808983982 515.423735767603 21008.7326129675 106.132801830769 6611.3852494657 105.918032199144 2557.23565813899 2715.88929539919 5.53282707929611 16.4902137815952 3.28304356336594 8.66077533364296 423.314199984074 19.4661301672459 14.0086368620396 53.954881131649 317.613741070032 10.4655432105064 23.0261653661728 22.6620356738567 361.693267405033 898.573288589716 87.9774427711964 1.23869454860687 2742.8511685133 3.09231832623482 863.373710125685 764.764538407326 402.509845376015 36.9642481803894 522.383656203747 120.909306675196 6162.52294814587 2083.61819049716 27.6682005226612 3.00739562511444 0.993460536003113 4.27218800783157 1.45176577568054 31.485110193491 1.0403059720993 0 1.73791640996933 0 0.56366902589798 31.041336119175 0 22.4245648384094 123.67399635911 10.4591168165207 20.4331788122654 144.693411260843 0 37.534600764513 0 11.390901684761 4.18679589033127 1.26965296268463 0 1.0602775812149 0 21.5403339266777 0 0 1.8344978094101 103.8768671453 0 0.525108158588409 2.77202892303467 115.609536975622 6.42201402783394 0.791882544755936 0 0 0 1.99636706709862 2.31353116035461
5166.9591164887 18.0279440283775 708.379410147667 479.19569543004 18.905724555254 1030.73142531514 0 3139.52061957121 1122.22908952832 13559.1411544979 60.8580076098442 111.826603204012 26.2078897953033 8546.93498912454 22.0948574841022 102.45544230938 238.871950119734 5.89440861344337 44.0742246210575 207.790169686079 1186.40333631635 144.806569337845 2109.18889307976 3151.80655241013 7.99533748626709 207.241032272577 387.178790807724 14286.4439578652 2688.32849860191 11024.3014111221 1.83757957816124 20.6371900141239 118.673333108425 762.942452222109 66.4798080027103 1394.51463752985 49.903257638216 1143.28650477529 304.087301582098 253.603125959635 67.8673148155212 2.2975335419178 45.0175879597664 4.31178697943687 44.9866500198841 12.7426771521568 23.5541875958443 3.5851172208786 0.506446540355682 16.691641241312 4.4254555106163 24.2732113003731 52.585328489542 0 53.5608739852905 482.530090779066 39.5880315005779 78.1464499235153 266.10009381175 1.20328152179718 45.1696399450302 1.09122824668884 66.674630522728 3.90109816193581 18.8995186686516 7.43190211057663 1.34355509281158 3.4471250474453 29.9856417179108 39.4127000272274 14.2110855579376 52.4751517176628 483.093418091536 1.3502476811409 8.86959025263786 53.7680973410606 508.788732767105 47.1491301953793 24.377939581871 0.759820222854614 1.36515083909035 3.46933686733246 23.7901393771172 8.32729032635689
637.581874668598 7.00645911693573 51.5736210644245 106.246197730303 1755.09287577868 24047.1808983982 3139.52061957121 0 330.187018185854 7283.05189150572 313.744019001722 1193.23558697104 236.341082423925 19978.1669747829 416.372964143753 11.1344008743763 40.9971066117287 9.71694949269295 24.9555117487907 207.276746481657 103.528501063585 28.789631485939 212.018724471331 437.099403589964 16.8890056908131 69.1419480144978 75.8453970551491 649.43467259407 2451.24241429567 635.625937342644 0 1582.12880459428 10.0608484447002 1487.52581417561 58.3517529070377 805.429692625999 71.2398160398006 1015.2441534996 200.388734579086 2025.01746815443 1516.62046957016 55.0668551027775 17.459529876709 1.65234282612801 12.5007758140564 8.98094356060028 9.74405512213707 2.55988359451294 0 9.71911922097206 1.44899260997772 5.04452130198479 18.315394282341 0 20.7731984257698 117.461626410484 17.7299334108829 28.4130063652992 93.7481601536274 0.802449405193329 8.54808464646339 0.572055995464325 19.9066100120544 0.544229388237 6.44936442375183 0.536053419113159 1.02116572856903 0.857832551002502 6.18667507171631 11.3960374891758 2.85561922192574 11.4305192828178 137.190929889679 0.814171254634857 9.30618062615395 10.654342353344 139.771231502295 12.7695665955544 12.3188601434231 0 0 2.57560443878174 2.6007821559906 0
243.217203736305 485.751725524664 68.16825735569 653.528209447861 140.945548057556 515.423735767603 1122.22908952832 330.187018185854 0 1939.34802135825 56.4350242912769 1687.85437616706 97.0442249774933 345.334434717894 1757.30715119839 162.400652319193 56.2178200185299 11.1583926379681 36.0566721260548 374.919061124325 288.016997605562 2399.47313597798 189.208069801331 11467.1144734919 249.255413770676 121.51421880722 616.959562152624 2530.49415829778 554.42443177104 792.990017563105 7.83700650930405 5.75028285384178 107.363532453775 156.276995450258 27.6489108204842 527.546394437551 33.1641028225422 339.761547625065 90.1315656304359 1756.37965631485 27.0796265006065 8.5144502222538 33.9293175339699 2.30785804986954 20.8710922598839 4.22061407566071 82.8865615129471 1.96373975276947 0 21.1087761819363 4.781429708004 4.80450028181076 77.8055723309517 0 36.7210589051247 227.678669571877 23.3989524841309 177.764083266258 236.346973598003 0 80.0894218087196 0.570985078811646 36.1979331076145 15.3913152217865 11.0490244925022 3.6755343079567 0.484917998313904 1.00610446929932 42.3100820481777 19.1364561617374 7.67280995845795 27.2063147425652 419.373294323683 0.788868188858032 2.08487585186958 22.2684684693813 362.345027148724 38.4416843354702 28.5718804299831 0 0 5.21970650553703 13.6805003583431 3.15498977899551
415.066630721092 6.26555994153023 102.413024097681 8652.4544673264 39.5773016810417 21008.7326129675 13559.1411544979 7283.05189150572 1939.34802135825 0 53.8636312782764 17498.1582325995 25.6738076508045 2129.64867001772 180.992051690817 16.3113178014755 37.272867500782 3.20253366231918 13.3484555482864 13111.1916297972 113.947393029928 32.2674613296986 257.445052683353 2324.71686124802 8.76363670825958 45.8570601046085 70.6029809117317 8899.19962543249 1032.21759825945 323.546460032463 0.76643031835556 29.987579703331 30.5256655812263 458.435268223286 245.18587577343 871.691343605518 31.1547369658947 753.792187839746 144.351654618979 555.329390615225 88.3317633271217 4.58505544066429 21.4444900751114 0 17.8823606967926 3.25502002239227 144.406482249498 1.38106536865234 0 14.8763792216778 5.57698285579681 4.5156064927578 258.092420846224 1.46563625335693 139.025828301907 928.578996926546 88.3296426236629 214.38192358613 1326.80920037627 2.16284677386284 229.747464716434 1.80471503734589 60.9165041744709 16.1041610836983 6.66476687788963 0.51368910074234 0 0.530954778194427 125.287560909986 5.65137630701065 8.79810312390327 11.0059000253677 773.762234330177 0 3.9285059273243 13.045606225729 1058.23067137599 29.2747599184513 2.20578891038895 0 0 3.07368466258049 16.9841252267361 6.06896674633026
78.8544178307056 210.501452475786 202.567617028952 3.72114509344101 41.2608690857887 106.132801830769 60.8580076098442 313.744019001722 56.4350242912769 53.8636312782764 0 32.0277453958988 18147.8288015127 798.953870236874 1.82250535488129 6.60950893163681 668.41324993968 8544.99531680346 4272.99481365085 5.58716994524002 40.8938055634499 106.10503256321 184.37517568469 40.8681785166264 3820.79309216142 11444.3165869713 2546.87665861845 37.2754484117031 493.531004041433 63.8597615659237 1785.40687251091 86.5528063774109 5.28135684132576 9704.78532639146 4.47972971200943 286.310002863407 3945.78480666876 5739.31237125397 110.123684376478 63.8763313293457 54.0262072384357 2262.36261957884 7.67562353610992 61.6239284276962 31.2665219902992 2.35556471347809 0.948348641395569 0 14.6114618778229 0 39.2819589078426 10.2550658285618 0 0 0 5.72985410690308 0.820176899433136 1.26323735713959 1.37187838554382 110.369426041842 0 277.875470578671 1.08387568593025 0 0.485950142145157 8.78274631500244 88.3977391719818 46.9584287405014 0 0 8.28917023539543 5.43425923585892 4.7435781955719 128.421255886555 208.64211884141 148.414244562387 5.85328814387321 0.611413240432739 0.623712182044983 14.5985309481621 0 0 13.6587608456612 1.26864242553711
19.9373636245728 11.4890598058701 4.87849819660187 3410.45414841175 141.948488116264 6611.3852494657 111.826603204012 1193.23558697104 1687.85437616706 17498.1582325995 32.0277453958988 0 5.01479321718216 487.31656306982 3626.53573229909 2.35783016681671 0 4.41909593343735 4.07491505146027 18151.803650409 1.85305207967758 25.0643292665482 7.4032831788063 1048.1406455934 4.65228551626205 12.5501674115658 17.8158617019653 1212.42857310176 187.492504060268 14.1957250535488 0 17.0735299885273 1.62276762723923 127.039684653282 142.541362375021 147.397970616817 8.87023097276688 187.281884998083 35.3876135647297 2538.50986585021 34.4203344881535 1.73486512899399 0 0 2.46028253436089 0.592045545578003 70.5370877385139 0.46135738492012 1.38998198509216 0.681832432746887 3.11258810758591 0 81.8393457531929 0.741531193256378 34.3578248620033 52.5667977929115 10.2513058781624 30.9294109940529 207.328913211823 2.69993078708649 588.645287036896 1.27517747879028 3.23470497131348 9.04509773850441 0 0.689778745174408 0 0 157.750064522028 0 0 0 76.0368784070015 0 0 1.88230156898499 122.891573876143 3.04573020339012 0 0 0 0 2.62887930870056 0
11.3289486169815 639.183648854494 63.2025103271008 1.94016471505165 54.4865706562996 105.918032199144 26.2078897953033 236.341082423925 97.0442249774933 25.6738076508045 18147.8288015127 5.01479321718216 0 231.042345970869 10.2435441017151 7.92448621988297 69.3691090047359 492.334620386362 157.50677254796 4.70219969749451 10.1159085333347 243.456077188253 43.0315816700459 48.9652834832668 12970.6788752973 3385.80415970087 5354.27646389604 16.044843018055 170.315948039293 14.3506078124046 2525.19080123305 51.8501834571362 3.74150606989861 3210.85791814327 52.2522625029087 700.813310027122 3369.15496280789 3922.71391749382 712.506149441004 123.31542879343 1105.81479930878 7708.28872281313 12.8226740658283 115.620754957199 35.9982452690601 10.9229729473591 0 0 46.5283535718918 0 48.4861012995243 16.6918215453625 0.667018175125122 0 1.11873579025269 1.37683627009392 0.948655843734741 2.00336593389511 0.452061414718628 163.382313728333 0.524629533290863 413.665733128786 0 1.35815703868866 0.916983067989349 6.44846943020821 120.010623782873 55.7653173804283 0.418635189533234 2.09822154045105 13.5040736198425 5.8124423623085 1.47576239705086 182.362530827522 246.771174430847 187.45311370492 3.35383507609367 0.863289594650269 1.22248351573944 12.9553722143173 0 0.884233236312866 17.6204183697701 25.6351817548275
14258.5876655877 20.3752693831921 101.066223353148 110.666316539049 263.106700956821 2557.23565813899 8546.93498912454 19978.1669747829 345.334434717894 2129.64867001772 798.953870236874 487.31656306982 231.042345970869 0 95.5659020245075 33.2090052366257 129.052050739527 56.6406889259815 135.734506070614 119.539709061384 360.146827101707 94.6261426210403 561.111547529697 553.846913665533 43.4734665751457 248.827671766281 237.491963535547 995.41607221961 9386.5115326643 2398.70491507649 11.705816090107 2040.19375491142 54.5541322827339 3212.34578296542 50.0228400826454 1364.83799830079 214.755517750978 2519.65278109908 239.662624150515 870.804207354784 435.450985431671 60.4643327593803 30.7512496113777 0.551859855651855 22.7842983901501 10.9146494865417 7.86363837122917 1.27796590328217 1.33057975769043 14.4116134941578 4.09349018335342 5.40518227219582 5.89782884716988 0 9.23326796293259 113.261924922466 11.32499101758 32.4432941377163 37.6984993517399 0.85992169380188 9.91650924086571 2.44129681587219 33.4701392054558 0 14.7702410519123 1.75309872627258 1.32491558790207 4.50137531757355 1.25409781932831 44.7348288595676 6.99302095174789 17.9938350617886 215.89110442996 4.62448507547379 8.96657532453537 31.2244860231876 197.9624158144 25.574030905962 26.3697504997253 0 0 1.91682732105255 12.4466028511524 9.12100490927696
2.12957394123077 19.7660388052464 0.864437252283096 90.2717337012291 2800.74004295468 2715.88929539919 22.0948574841022 416.372964143753 1757.30715119839 180.992051690817 1.82250535488129 3626.53573229909 10.2435441017151 95.5659020245075 0 4.20424318313599 3.49480232596397 0 1.66078573465347 80.846543431282 2.83367627859116 85.0283015072346 2.43240109086037 560.612801074982 3.56532451510429 2.47530892491341 23.9943091273308 95.3681399226189 49.2170083522797 4.38218405842781 1.00000011920929 113.627845942974 0 47.7613108456135 13.7360311746597 17.5190116763115 1.18629848957062 31.886009901762 7.71894937753677 13720.9900093377 143.50395399332 2.98688113689423 0 0 0 0 8.88019466400146 0 0 0 0 0 4.97958469390869 0 1.71827214956284 2.37131121754646 0.645887076854706 3.06979238986969 9.91005343198776 0 7.76015454530716 0 0 1.24157440662384 0 0 0 0 1.26281380653381 1.05217108130455 0 0.497270554304123 2.53427565097809 0 0 0 4.9831885099411 0 0 0 0 0 0 1.20508074760437
34.3438193500042 112.983512789011 84.5407091379166 4.95498338341713 0 5.53282707929611 102.45544230938 11.1344008743763 162.400652319193 16.3113178014755 6.60950893163681 2.35783016681671 7.92448621988297 33.2090052366257 4.20424318313599 0 54.8973956108093 0 12.5677665472031 0 8635.94386318326 2576.8210375309 14592.9624812603 2602.92936307192 14.5972578525543 49.5316158533096 8412.69289967418 2509.92501330376 143.952018082142 349.701072543859 0.858904123306274 0.628801703453064 45.3656558394432 354.413424998522 66.1166866123676 1524.67535498738 147.530117690563 640.084173172712 403.651794940233 126.221657067537 6.57385987043381 0.893317878246307 131.353809803724 13.311005294323 120.758334159851 80.244730591774 3.34223783016205 1.00133013725281 0 8.98117730021477 4.64667347073555 83.1880178153515 1.27348220348358 0 1.49962562322617 43.7044930160046 2.84387630224228 18.3682233989239 1.42918330430984 1.53136599063873 2.32095038890839 0.873883187770844 8.40008690953255 1.44248193502426 391.984987646341 24.5772891640663 0.851032495498657 2.30189293622971 0 236.469785749912 275.476881712675 1161.23799774051 139.59554579854 0 7.34139916300774 424.300798982382 118.812278717756 22.7318712174892 98.3965111374855 0 0 9.01225051283836 38.6196277439594 14.0301187038422
108.642315745354 537.412325322628 3622.63508191705 0.661433279514313 2.78726637363434 16.4902137815952 238.871950119734 40.9971066117287 56.2178200185299 37.272867500782 668.41324993968 0 69.3691090047359 129.052050739527 3.49480232596397 54.8973956108093 0 405.357731342316 9231.73863360286 0.433604955673218 1025.3947789371 181.815850734711 11967.2302108109 98.9981296062469 84.6257930099964 5940.15280011296 4277.27692380548 139.973711550236 204.206470966339 852.915764302015 10.7455363273621 3.29974842071533 37.0005917847157 2892.26608541608 6.69943830370903 288.858528852463 88.237347215414 1438.67956697941 168.467041105032 21.7283632457256 3.2529268860817 1.23527586460114 50.6307536065578 43.031625688076 91.9898762702942 25.6699254512787 0 0 0.982731997966766 2.64723137021065 106.35638448596 251.328738003969 0 0 0 10.6330441236496 1.29718416929245 2.26684713363647 1.39701217412949 10.1581107974052 0.827385187149048 8.50911712646484 2.20561811327934 0 19.9300091266632 133.068902909756 17.5736146271229 107.40095949173 0 13.5130109190941 34.9748454093933 64.9930174052715 5.21057513356209 12.0457270145416 338.93024623394 684.535941392183 13.3037875294685 1.94998756051064 3.6221484541893 1.13775277137756 0 0 44.9073491692543 7.87340843677521
4.45988041162491 45.368380099535 42.3459948003292 0 3.52553933858871 3.28304356336594 5.89440861344337 9.71694949269295 11.1583926379681 3.20253366231918 8544.99531680346 4.41909593343735 492.334620386362 56.6406889259815 0 0 405.357731342316 0 5294.06476542354 0 4.34943309426308 13.3856162428856 40.6443193554878 7.00386300683022 464.419015944004 4460.37335819006 940.020812124014 3.32623174786568 40.5451195240021 7.24970373511314 149.113916695118 1.01299941539764 2.09445002675056 454.713157176971 0 50.4780707061291 278.864797413349 616.205775171518 20.8681634068489 5.73739725351334 3.66133391857147 3.82391518354416 4.22088342905045 10.2185413837433 17.6319539546967 1.51795101165771 0 0 8.44401288032532 0 32.1012959480286 4.12716138362885 0 0 0 0 0 1.08791208267212 0 52.8685095310211 0 84.6021710336208 1.62700653076172 0 0 9.9410560131073 57.378059387207 26.1790530085564 0 0 4.3838464319706 1.5277082324028 0 56.0350421667099 145.242845356464 101.573755562305 0 0 0.391255736351013 8.82157266139984 0 0 15.4888763427734 0
30.2568144798279 270.649663716555 461.778900176287 0.76000189781189 4.60119336843491 8.66077533364296 44.0742246210575 24.9555117487907 36.0566721260548 13.3484555482864 4272.99481365085 4.07491505146027 157.50677254796 135.734506070614 1.66078573465347 12.5677665472031 9231.73863360286 5294.06476542354 0 2.60978370904922 87.4521346986294 62.452329158783 721.131978094578 37.8622008264065 490.438725650311 10919.1377940178 3012.30961433053 21.8362294137478 106.456480830908 121.932896792889 40.0662715733051 11.9116051793098 9.89686185121536 2048.21066063643 3.0158973634243 189.327652394772 228.838371425867 988.108890295029 93.6783156096935 9.53809353709221 1.53548550605774 0.705104529857635 25.3808087706566 27.6406292915344 50.2604523301125 11.4661954641342 0 0 6.99218559265137 1.596735060215 66.8071699738503 52.9095317721367 0 0 0 2.87175446748734 2.03493249416351 3.31989014148712 0.359321147203445 42.6509979963303 0 33.875074505806 3.76723062992096 0 2.50229442119598 47.3059741854668 50.7558330893517 207.293473035097 0 1.95200377702713 1.89366126060486 19.3468320667744 0 89.3004665374756 416.773388177156 420.282633543015 2.09659165143967 1.69489115476608 1.95365160703659 3.39833545684814 0 0 38.2037117183208 3.58692109584808
14.3326424062252 1.79553210735321 3.55985057353973 15413.5927934647 6.18108943104744 423.314199984074 207.790169686079 207.276746481657 374.919061124325 13111.1916297972 5.58716994524002 18151.803650409 4.70219969749451 119.539709061384 80.846543431282 0 0.433604955673218 0 2.60978370904922 0 4.52668744325638 4.00702410936356 9.52875888347626 1184.31428259611 1.49756979942322 1.90582451224327 4.12271595001221 2447.35857146978 73.0637958645821 10.6680595576763 1.19105923175812 2.19726675748825 5.28268465399742 32.1961033642292 12.9060133099556 34.5632104277611 3.24908566474915 59.3730327785015 8.02661979198456 162.050355881453 5.86351281404495 0 2.17664211988449 0 2.09524190425873 0 29.2309286594391 0 0 0 0.479501008987427 0 32.6740435361862 1.04091036319733 17.6613352298737 59.7712830305099 6.50147587060928 20.1970692873001 84.7633013427258 0.947247326374054 110.611044406891 0 5.44264841079712 3.42812991142273 0 0 0 0 77.8786980509758 0 1.13536500930786 1.69954994320869 71.2791916131973 0 0 0.521037697792053 96.2673948705196 3.30726891756058 0 0 0 0 0 0
300.959204465151 30.1125883162022 767.492925316095 9.88893365859985 0 19.4661301672459 1186.40333631635 103.528501063585 288.016997605562 113.947393029928 40.8938055634499 1.85305207967758 10.1159085333347 360.146827101707 2.83367627859116 8635.94386318326 1025.3947789371 4.34943309426308 87.4521346986294 4.52668744325638 0 840.593914240599 25824.9621225297 1136.05153271556 7.04273954033852 210.922630041838 1330.29646256566 10823.5347779691 963.706770658493 20485.3614326715 2.27849349379539 2.09450578689575 306.143291413784 4880.20780661702 160.221802562475 3729.12058079243 145.499240964651 3070.04498413205 1150.31062096357 337.671575129032 18.4162492156029 1.09257519245148 172.158335566521 7.60562372207642 108.125892937183 66.5636385381222 13.0036145448685 3.4289745092392 0.98005610704422 44.9919355511665 3.41674476861954 59.8000992834568 0.364291667938232 0 3.0477283000946 123.687279433012 6.16557529568672 46.3259951472282 5.6075057387352 3.84963142871857 4.62809577584267 0.542074918746948 31.9686270654202 0 296.164421141148 16.2523944675922 1.31091696023941 3.18671578168869 1.73069274425507 428.356366991997 112.778193771839 583.108803898096 352.123976767063 0.755041003227234 14.6718607544899 189.211612164974 366.62487924099 121.255673110485 267.864512383938 0 0 28.2714531421661 62.7743507027626 35.69330316782
66.6369456648827 1996.87566164136 199.190738946199 8.49064296483994 9.92308393120766 14.0086368620396 144.806569337845 28.789631485939 2399.47313597798 32.2674613296986 106.10503256321 25.0643292665482 243.456077188253 94.6261426210403 85.0283015072346 2576.8210375309 181.815850734711 13.3856162428856 62.452329158783 4.00702410936356 840.593914240599 0 2082.13632032275 5083.5380436182 668.181013852358 279.274121522903 3111.21310016513 599.633830606937 219.566532760859 628.474724590778 18.7838536500931 1.68850350379944 54.6140102148056 286.595670253038 62.7020244300365 1059.5091701448 196.251536339521 659.817805618048 307.05666795373 195.153295516968 1.05583855509758 20.3216988742352 61.6362906098366 6.18555253744125 31.2839199900627 8.78076928853989 6.94987118244171 0 0.777575790882111 9.35713765025139 4.42053446173668 28.5735975503922 3.37346887588501 0 0 15.2844548821449 1.30364033579826 9.63966503739357 8.58649587631226 1.83395957946777 3.68862438201904 2.55464735627174 15.1530658602715 3.46961486339569 144.399519860744 5.23803514242172 0 2.38010114431381 0.63251656293869 61.1301286816597 115.67102047801 237.046799063683 95.6582567095757 3.15532600879669 14.5748324394226 96.9413086473942 77.2919789850712 37.0334768891335 49.5325606763363 0 0 1.10453563928604 12.8839925825596 11.0677625536919
444.527131229639 250.257890582085 19686.5601221621 22.4774403572083 1.32178631424904 53.954881131649 2109.18889307976 212.018724471331 189.208069801331 257.445052683353 184.37517568469 7.4032831788063 43.0315816700459 561.111547529697 2.43240109086037 14592.9624812603 11967.2302108109 40.6443193554878 721.131978094578 9.52875888347626 25824.9621225297 2082.13632032275 0 1447.59056442976 32.1728759407997 1973.82132920623 18158.0605743825 5808.67614880204 1009.11766332388 7195.8217356503 10.1984381973743 5.02423068881035 311.597906142473 5833.32137012482 416.633102536201 8284.95149409771 635.851322859526 7184.24750211835 3126.7035535872 801.47350564599 30.4947896301746 7.34153425693512 427.300832897425 98.6473178863525 397.0440312922 224.841737747192 8.15115037560463 0.49796587228775 2.63848292827606 10.0502874553204 114.274853825569 834.185919851065 5.46951624751091 0 2.43868008255959 101.435796946287 8.86132061481476 22.686022490263 11.2660749256611 10.4651333093643 0.663435101509094 4.28922781348228 34.6662667989731 1.03139072656631 1039.23218286037 172.72055375576 7.81650984287262 28.8369142413139 0.840231597423553 324.053332746029 624.374094933271 2945.44081294537 254.139693200588 4.34459716081619 117.389229089022 2994.63769310713 262.52746912837 57.3546188175678 172.356378912926 0 0 9.70303055644035 105.158275514841 100.291137695312
366.341051727533 433.211611568928 225.125421851873 2292.15727189183 61.5710348784924 317.613741070032 3151.80655241013 437.099403589964 11467.1144734919 2324.71686124802 40.8681785166264 1048.1406455934 48.9652834832668 553.846913665533 560.612801074982 2602.92936307192 98.9981296062469 7.00386300683022 37.8622008264065 1184.31428259611 1136.05153271556 5083.5380436182 1447.59056442976 0 142.470808327198 144.370474606752 2090.88942015171 22157.0058741271 864.528900921345 1108.2839384973 4.230593085289 3.78739851713181 182.061823546886 435.349544763565 67.0061299800873 1197.92025154829 65.1579483747482 791.589141517878 280.744753479958 921.730643481016 23.209827631712 6.06665861606598 171.354169100523 9.98922115564346 194.835261255503 67.035104393959 98.4702027440071 12.941506922245 0 91.4064233005047 15.020828217268 35.4826375842094 140.435311317444 1.34383535385132 147.579888820648 1022.06246778369 118.914231866598 336.991949856281 587.201531469822 9.37958955764771 140.90151399374 0 233.916563570499 13.9720336794853 112.508738189936 10.6875559687614 0 4.7211856842041 78.0059081017971 179.733533322811 63.6429689228535 220.605843037367 1390.9025336206 2.84357291460037 9.06387481093407 141.191812723875 1662.13212013245 182.194976687431 152.780348807573 0 0 25.1799486279488 104.546395391226 28.5224607288837
4.63236871361732 2313.81215843558 39.0194616913795 2.15407592058182 3.78131127357483 10.4655432105064 7.99533748626709 16.8890056908131 249.255413770676 8.76363670825958 3820.79309216142 4.65228551626205 12970.6788752973 43.4734665751457 3.56532451510429 14.5972578525543 84.6257930099964 464.419015944004 490.438725650311 1.49756979942322 7.04273954033852 668.181013852358 32.1728759407997 142.470808327198 0 2030.727237463 4385.99109253287 9.01685494184494 27.6005673408508 10.4447331726551 183.847150921822 2.39437747001648 1.58714485168457 406.27555668354 0.489013314247131 56.0314913988113 1450.36907866597 565.907244354486 43.2309137582779 15.3850487172604 1.52024710178375 1701.90898168087 10.7533100247383 123.272127538919 78.3946635723114 3.91449588537216 0.473803728818893 0 31.1000654697418 0 106.835374295712 29.0554319024086 0 0 0 3.72808617353439 0.708638668060303 3.01309466362 1.28091871738434 178.111878663301 0 449.743509918451 3.19538307189941 0 3.09820753335953 10.9844635426998 163.438217759132 86.2243377566338 0 0.488746166229248 31.5643868744373 6.70032662153244 2.89089930057526 292.599783420563 357.17409875989 325.412543743849 0.598198771476746 0 0.654028117656708 30.209408223629 0 0 19.0144562721252 1.29127991199493
60.6579003930092 1145.27544537187 12209.2371867895 6.00973013043404 13.3687654733658 23.0261653661728 207.241032272577 69.1419480144978 121.51421880722 45.8570601046085 11444.3165869713 12.5501674115658 3385.80415970087 248.827671766281 2.47530892491341 49.5316158533096 5940.15280011296 4460.37335819006 10919.1377940178 1.90582451224327 210.922630041838 279.274121522903 1973.82132920623 144.370474606752 2030.727237463 0 25881.0685229003 162.377883434296 214.656530797482 254.368914723396 1799.96339270473 14.3627495467663 19.8792501091957 2316.58929553628 19.1333767175674 855.965963095427 1155.98216199875 2538.30476939678 372.831923216581 30.9878012537956 5.32772472500801 18.5766283273697 142.156279146671 161.730107843876 270.809470027685 60.19725009799 1.72565045952797 0 15.3026359379292 1.98610931634903 323.590282618999 290.435763955116 0 0 0 19.770928055048 6.34416365623474 11.6035277247429 3.81458953022957 257.008222401142 0 294.174280673265 8.09450298547745 3.04922544956207 19.6863448917866 265.255629330873 318.861101061106 863.248003125191 0 14.2506083250046 28.6196358799934 69.9680266976357 12.7081544995308 452.013887792826 2089.65807244182 2249.2270129621 13.391946554184 5.30667898058891 9.25003319978714 35.5766024589539 1.96595120429993 0 169.376897752285 9.08672171831131
93.890836507082 6747.78379675746 13682.8617039621 17.1461453735828 12.0714559853077 22.6620356738567 387.178790807724 75.8453970551491 616.959562152624 70.6029809117317 2546.87665861845 17.8158617019653 5354.27646389604 237.491963535547 23.9943091273308 8412.69289967418 4277.27692380548 940.020812124014 3012.30961433053 4.12271595001221 1330.29646256566 3111.21310016513 18158.0605743825 2090.88942015171 4385.99109253287 25881.0685229003 0 1633.94892901182 311.484256476164 574.918509453535 1800.79370188713 8.91076874732971 67.3052007853985 3208.92418831587 228.963678359985 6279.15367928147 2049.68461424112 6384.42526683211 2285.25675657392 375.246032834053 18.3884535729885 36.5052491128445 508.197142809629 252.123851120472 750.402594506741 235.638457328081 9.48069250583649 4.06940203905106 16.5131330490112 11.2834713459015 549.639363229275 1775.9981995821 0 0 4.29999452829361 96.739098072052 9.36227518320084 18.2578251361847 9.72183927893639 202.18533217907 1.14669460058212 200.641619265079 31.9009850621223 5.19639068841934 341.60648560524 737.273551791906 226.605273813009 835.478951692581 0 121.573651999235 556.868328660727 1580.93348833919 99.2593879699707 308.697125256062 2130.70669233799 6121.54203239083 113.709913045168 21.526065826416 44.0319284796715 19.3061984181404 0 1.88853973150253 296.028710484505 104.775629341602
695.97642865777 55.7781613469124 712.862110286951 10373.0977364182 9.9535745382309 361.693267405033 14286.4439578652 649.43467259407 2530.49415829778 8899.19962543249 37.2754484117031 1212.42857310176 16.044843018055 995.41607221961 95.3681399226189 2509.92501330376 139.973711550236 3.32623174786568 21.8362294137478 2447.35857146978 10823.5347779691 599.633830606937 5808.67614880204 22157.0058741271 9.01685494184494 162.377883434296 1633.94892901182 0 1714.68478098512 10290.7233738601 0.437106668949127 11.0686982870102 408.964271634817 1127.65608733892 166.12518247962 2525.49220019579 102.49111828208 1610.53124883771 577.570330649614 424.81179702282 47.4566035866737 3.15470990538597 194.992878258228 6.08700233697891 182.957356870174 48.4541630744934 99.6508242785931 13.4134791493416 0 116.213514387608 5.78475150465965 51.8159099519253 172.533194303513 0.272425383329391 122.183948457241 1116.88296309114 105.522647887468 230.983868211508 574.066700458527 9.97039070725441 113.468828171492 3.58934995532036 203.336775690317 10.4101809859276 128.224308162928 17.1277360022068 1.24855297803879 1.39712703227997 73.5802210271358 247.438754618168 49.6830006539822 245.097096920013 1626.88931137323 0 6.98898136615753 143.143049269915 1709.42222353816 232.173355609179 232.859509646893 0 0.512016177177429 32.8484496772289 103.573225438595 31.9163369238377
13791.1552841961 21.0511017739773 118.208572566509 77.4473104476929 348.953931450844 898.573288589716 2688.32849860191 2451.24241429567 554.42443177104 1032.21759825945 493.531004041433 187.492504060268 170.315948039293 9386.5115326643 49.2170083522797 143.952018082142 204.206470966339 40.5451195240021 106.456480830908 73.0637958645821 963.706770658493 219.566532760859 1009.11766332388 864.528900921345 27.6005673408508 214.656530797482 311.484256476164 1714.68478098512 0 8660.02006906271 4.65832245349884 1157.34408399463 12665.2235497534 5268.68941095471 71.2380945086479 2084.36489579082 164.134286850691 3114.46401146054 358.687467038631 731.647322267294 742.896612495184 41.4467743039131 59.2567310929298 3.54917311668396 40.9278854727745 15.4700156450272 5.86061736941338 3.10906720161438 0 28.744856774807 1.1304349899292 8.34147930145264 4.54079407453537 0 6.63135254383087 136.934462457895 10.5701690912247 31.6984822452068 17.2345867753029 0.703139841556549 4.47684463858604 0 38.6827825903893 0.473556697368622 50.1928210556507 3.57904857397079 2.66548442840576 1.31129741668701 3.85082739591599 84.4571475088596 12.4051321446896 71.5440589189529 286.82125839591 1.45325821638107 7.94039207696915 39.6498498916626 310.75148627162 55.8813996016979 75.7772568166256 0 0 7.58724141120911 22.7898182570934 10.8797325491905
3608.55359560251 52.5611219108105 554.938307017088 21.5857674181461 6.18967518210411 87.9774427711964 11024.3014111221 635.625937342644 792.990017563105 323.546460032463 63.8597615659237 14.1957250535488 14.3506078124046 2398.70491507649 4.38218405842781 349.701072543859 852.915764302015 7.24970373511314 121.932896792889 10.6680595576763 20485.3614326715 628.474724590778 7195.8217356503 1108.2839384973 10.4447331726551 254.368914723396 574.918509453535 10290.7233738601 8660.02006906271 0 3.75611117482185 5.77310544252396 651.958936929703 5259.63232153654 115.225755989552 1895.25530934334 57.9510959982872 2480.580324471 644.80916929245 267.122599244118 40.8096579313278 1.71906816959381 114.539098769426 3.33440738916397 80.349761068821 41.477364718914 10.3339351117611 3.42210704088211 0 34.4208376407623 11.5191073715687 36.1179333031178 1.45435225963593 0 3.56737834215164 138.459710806608 18.6266731619835 56.8971120119095 9.97935563325882 1.78959530591965 2.93554717302322 1.48694574832916 38.4332654476166 0 119.173589229584 15.0432113707066 1.07505705952644 3.11864018440247 0.504071712493896 264.863021999598 41.7386464774609 239.934234857559 377.499603897333 0.797773540019989 17.3984642922878 126.453428268433 402.83438128233 84.9894211292267 162.035488396883 0.529062688350677 0 16.3059919476509 55.0948323011398 20.5405833125114
1.38940328359604 32.0607097744942 21.4421259462833 0 0 1.23869454860687 1.83757957816124 0 7.83700650930405 0.76643031835556 1785.40687251091 0 2525.19080123305 11.705816090107 1.00000011920929 0.858904123306274 10.7455363273621 149.113916695118 40.0662715733051 1.19105923175812 2.27849349379539 18.7838536500931 10.1984381973743 4.230593085289 183.847150921822 1799.96339270473 1800.79370188713 0.437106668949127 4.65832245349884 3.75611117482185 0 0.981483697891235 0 62.2584846615791 1.69676494598389 7.95198673009872 57.6363746523857 100.043543040752 5.36854308843613 1.27385520935059 0.683672308921814 2.01776707172394 1.75592777132988 5.98125013709068 3.02163887023926 1.89243620634079 1.04873156547546 0 3.65754723548889 0 7.02383005619049 0.539235651493073 0 0 0 0 0 0 0 16.2164775431156 0 26.2706247270107 1.25431263446808 0 0 0.852960348129272 9.42884609103203 8.21250748634338 0 0 0.415525913238525 1.40667635202408 0 18.7805408239365 35.6179772615433 36.3137810528278 0 0 0 1.2854540348053 0 0 2.98366421461105 0
18.2168239355087 2.80455696582794 2.11883208155632 2.32088756561279 3914.63351261616 2742.8511685133 20.6371900141239 1582.12880459428 5.75028285384178 29.987579703331 86.5528063774109 17.0735299885273 51.8501834571362 2040.19375491142 113.627845942974 0.628801703453064 3.29974842071533 1.01299941539764 11.9116051793098 2.19726675748825 2.09450578689575 1.68850350379944 5.02423068881035 3.78739851713181 2.39437747001648 14.3627495467663 8.91076874732971 11.0686982870102 1157.34408399463 5.77310544252396 0.981483697891235 0 1.799476146698 1541.60051673651 4.03850522637367 123.234733879566 18.6359682679176 422.623883217573 67.3355538249016 480.565372169018 1601.8256778717 13.9560756087303 0 0 0 0 0.587838768959045 0 0 0 1.53286397457123 0 0 0 0 0 0 0 0 0 0 0 0 0 0 0 0 0 0.886637806892395 0 0 0 0.554679989814758 0 2.458859115839 0.727544903755188 4.26450434327126 0 0 0 0 0.413945972919464 0 0.498181760311127
