0 116.932517678779 112.334297113515 89.2744385023423 86.5698908496665 70.2538289962131 29.8890439730741 49.1675038561163 76.1020005953046 76.6213620029913 97.3850650970093 96.2779077702702 105.3446107974 18.6912282803918 88.7117916338296 100.206409649452 109.240576207072 133.800969788276 116.695706622032 88.9651223056531 86.4071176873296 86.1927394190214 96.0524541775715 81.542211563917 114.140107357362 130.775439642268 124.204208239341 80.9869746640963 19.1409248645996 42.1760419684338 163.876994585102 84.6835907776209 26.0981046705912 54.9888541261268 126.103350572368 65.8980242008101 84.4879556869304 64.809080333525 78.2883263404886 65.5466474237792 60.9621782629365 92.2139275754757 142.032934870005 226.574935913086 161.753337589242 154.545127529329 178.838471299358 212.936828613281 0 146.580050637954 125.30691716519 174.254761632054 0 0 154.417795331261 145.307539849024 171.798883540853 100.423913094473 195.281655700803 0 150.072147066016 0 176.478822162648 0 130.496955977324 187.685876886078 190.000579833984 190.760753854839 0 141.721688183961 147.904230491127 150.726493405459 131.392608218793 171.047241210938 176.127593994141 171.727822275574 139.721167175722 156.95510241719 150.444568525208 0 0 137.170521365718 158.953606933826 114.635350771023
116.932517678779 0 49.0306935584208 133.237907656873 163.382308959961 156.576424657448 127.706911962375 139.162944816981 77.993035589852 152.457243834155 62.3862438590113 95.7071786094783 50.8952185122029 137.696959014358 113.017731096887 62.8105364144024 58.1759118823404 71.8484422607911 57.8650333474691 132.895965576172 100.523322785555 28.883511276472 71.998638898762 81.7146211977193 23.0602864476957 49.6604493015554 29.9440435637491 106.179297764962 123.259616504575 103.861825873525 69.4967753699933 97.5368384418237 103.769975452115 62.894240069117 151.9703630287 79.0310511606514 46.0756021614613 62.0137922573793 67.7435872192578 103.179211845596 140.40075992108 46.762800984852 98.9350442141666 75.7883469419713 86.129663001253 87.5994365468364 125.446116804066 0 0 128.204650878906 34.6185524548577 81.6201523350611 167.213598235125 0 0 172.481261055191 158.908603996208 111.660697951631 167.347001035105 80.5888073699959 169.711721880589 82.6327591699111 157.037466351429 0 85.8384667464671 81.251761843472 87.7987557107753 77.0730142737181 0 127.617651044112 34.4517458965218 107.460844157943 154.996804183842 38.4561632417212 69.0873498719806 65.3873693419543 162.457370638559 181.256164550781 147.004799757407 95.1517181396484 0 0 86.910114892475 159.975538937677
112.334297113515 49.0306935584208 0 134.406750356033 91.6885300123143 133.79972916487 102.184415286197 133.033290364348 107.207399335321 119.556274458129 87.8983861239154 145.015318003495 88.717321798257 125.412020585548 131.638678442009 86.0980803267156 42.6645192380424 86.0875870376606 65.9074906354706 125.915200126344 75.8360530905008 64.9755237680421 34.9053857713011 100.841699722443 78.9900600637247 32.9069784673838 30.9842850545583 91.2164938177012 114.777926278809 86.4970156043435 93.458548641009 164.881472304772 99.6456915737992 62.9002788444911 153.219783752224 74.7599475984528 55.3214123647119 60.4773680422298 68.8547551045323 89.4314563001402 130.991931515147 117.31065357097 124.718896565804 101.912859869094 110.250609570911 121.703095558423 152.762127125775 0 152.485855102539 170.033855270408 59.5626434633717 97.3438656282469 191.42724609375 0 187.686288619463 166.350015335281 179.847156837659 133.559505090016 193.732216900176 142.347142947106 0 132.893056625612 185.736168833276 237.052795410156 113.694705447335 108.176151657063 146.998276868668 125.591362200728 215.206130981445 144.907921032716 77.7331537279591 118.747631903703 152.055759948145 103.438843359215 111.221765050269 95.7199716935925 163.134913545993 178.710692383274 158.77699534409 158.889969799163 0 155.929941174979 114.608116802078 149.077119769538
89.2744385023423 133.237907656873 134.406750356033 0 106.103190183491 65.542372177234 47.0905267093108 92.6221639645386 62.4869479371414 22.1869906114408 169.636344504611 37.9032416652708 155.968454761914 103.878410352314 76.0602614412458 108.986719673394 133.465728759766 0 204.871948242188 14.3765603906986 112.235480975811 88.259845297653 126.898841972407 29.2016257988703 169.292282592629 172.454437696686 136.062960505078 17.9087393270768 108.162131827754 108.822723881262 0 175.682959408724 101.303113998319 118.336191863785 77.119631080898 111.056321843525 160.013073252795 108.569378894113 103.706242132949 75.1503903672376 118.623617541438 0 185.607039983653 222.328536987305 166.872926091971 204.52001953125 95.8913086079604 0 0 155.526590115617 151.058920885657 0 35.3563916045911 0 150.178092188487 137.340685958263 161.919628074532 92.3134253815365 83.4080446686981 243.414901733398 54.710019463922 0 166.00929600538 113.923463410005 195.734252929688 0 0 243.699417114258 40.8615894264372 0 182.746216252041 187.366760253906 117.254820280008 0 0 170.104636983318 136.406399359687 185.375589707686 231.598035646928 0 0 172.843673706055 176.855683898565 208.46208190918
86.5698908496665 163.382308959961 91.6885300123143 106.103190183491 0 15.3386118860532 110.287741709551 20.2139637850628 53.0940823676552 111.990979820811 59.9117217285162 59.7491707200765 51.9499350875417 47.7572728862032 18.1707880075298 0 84.0111124804274 132.921566932365 93.0566765082273 101.463030253976 0 111.991686023807 121.65238040849 79.3522495722376 93.3555124653796 90.8465196328961 110.540579776601 124.034333538353 21.2206575313761 128.419620727147 0 12.7335363659877 71.9758758544922 13.6273629482349 123.008612569183 68.2899381331891 58.7772541289854 36.215819205552 43.2572094807199 15.4367450353766 10.1576541391471 57.3523612475303 0 0 168.026062011719 0 120.540084838867 0 0 0 0 0 0 0 0 146.511561790625 0 0 0 0 0 0 0 0 0 0 0 0 0 188.656143188477 0 0 195.569412231445 0 132.098785400391 0 176.010482337298 220.341262817383 0 0 0 0 0 0
70.2538289962131 156.576424657448 133.79972916487 65.542372177234 15.3386118860532 0 49.481488439802 23.3651155377223 57.9081382980749 27.0596439940995 88.4112412114879 34.5293751279825 65.729653415212 45.1641864176975 21.1885382594959 127.395167477988 146.765240799447 130.945185245202 128.616905277541 48.3653943065746 115.246258671579 123.062994688052 131.157253352519 70.0950180616424 104.908983422536 129.351765580331 148.439887451968 73.1091040997764 43.4865583144411 86.7123846214344 94.6592788696289 20.5445782997969 106.312568409758 38.7272287320004 15.3494241885998 77.3289873185119 83.558863623253 57.1205052035226 54.0031355396187 17.6295261189801 16.3449779061094 75.1892652779273 174.040330267848 150.283187866211 204.245441406077 85.7178115844727 87.4010836241816 219.407608032227 0 156.425777995479 0 161.94758605957 151.52137278297 0 146.13538373259 139.369782343697 155.232980709553 87.3442505567724 146.184284276008 0 126.394231449583 0 178.330414247667 113.184088036096 177.553728104064 0 202.682250976562 0 149.452598934151 0 0 207.092759202531 124.324675465217 0 194.339111328125 174.794063050742 142.531377400674 204.861887054371 145.729261302406 0 0 0 183.725796213098 171.562190778995
29.8890439730741 127.706911962375 102.184415286197 47.0905267093108 110.287741709551 49.481488439802 0 52.560471300453 57.4502454374845 21.2060915087375 138.357412652992 66.0008680615433 133.003152899886 41.5786879465904 76.9286732028188 94.9142571865476 109.126678768812 154.392911089475 130.55005496567 35.231047872047 76.8470675431714 87.9213189948791 91.4154878276602 52.8060964065115 153.868726556965 130.93654267975 115.282836041075 38.3089550956127 59.5864667509664 29.1462232820448 169.075229604414 119.104614339849 67.2634518594106 81.2471678659045 138.028658933287 86.7858429041622 107.694999287357 82.8021030601413 91.2298443445614 84.6852768645799 84.8076760143881 135.91793807923 157.434769978372 176.386281895019 166.034572320579 168.81968819469 129.240935828609 171.057259429027 179.415802001953 141.207815082889 138.26323872582 172.320894899483 136.907878183154 0 139.23114059147 124.943492394561 142.758968697113 89.3627630908415 133.761651244408 179.283889770508 121.608350538182 239.006790161133 156.073905275795 136.916713249536 146.668030493602 187.418455665573 226.695596279685 226.444071804107 131.145594162783 146.336458621016 111.591439846088 156.19066554349 111.335078402487 176.036591418769 183.715878621559 161.063635432271 129.081727383661 155.411554825729 143.218591617475 213.269180297852 206.800053726965 153.333080060595 156.085693396997 161.706272942674
49.1675038561163 139.162944816981 133.033290364348 92.6221639645386 20.2139637850628 23.3651155377223 52.560471300453 0 79.4284806740785 35.1911028107276 75.9005288354693 70.625632283676 61.6279346846024 22.7511421100365 41.788704139995 132.578834142104 132.860280410172 102.777570312168 115.028756532967 80.2123636232295 109.851569698055 110.343368782397 120.981952457827 82.894242169121 103.900604782072 123.149932867006 134.788346700305 86.582521436057 37.744999278458 77.2718638538387 0 24.8394325563444 97.8271303136034 44.4113145144271 80.2142418366158 74.4456889533914 74.3607560721918 53.5124904127403 53.3662185086826 32.3675620230245 25.3439424754061 63.9396874846673 169.589658366109 169.11596531331 184.09024586483 164.139536498109 119.402826178828 167.02075967618 0 166.340724762627 116.548454284668 191.969633521352 156.677706102118 0 166.718683768046 148.140261437282 158.460370128112 107.266786086281 159.513406688821 202.822280883789 127.966016596082 163.552703857422 174.038687107904 166.51432800293 179.832425457643 190.041961669922 183.693817138672 227.5908203125 161.860900835621 176.382584015861 142.94640761887 187.70543569182 136.92540144385 133.14079284668 188.140375312511 198.154606143784 148.34784396576 179.278478874401 173.40588254851 0 0 164.748796212325 160.702535379215 0
76.1020005953046 77.993035589852 107.207399335321 62.4869479371414 53.0940823676552 57.9081382980749 57.4502454374845 79.4284806740785 0 66.9309617355396 139.298305962449 30.4338953707898 127.028357915463 89.3501643416625 25.4507798820602 53.2453596700154 128.513404495151 151.242345698366 134.064722397843 52.3058704025027 65.0123518046932 32.859671287892 99.6785762290296 24.9210936281227 104.356357106975 132.087087641092 106.215602441011 55.088579282618 82.5658642165225 62.4172044850142 145.148877642741 82.9569502500063 70.823821210421 86.8240463675181 115.734226508435 83.1722359237712 107.246415334382 89.7549447340444 96.2682192067401 25.7210682907922 95.9768068551756 116.743624009547 102.958119201131 151.308436608616 125.269815655445 111.554639351705 46.6549306037479 96.0023574829102 0 98.4182593588089 135.700735315644 139.999706870103 90.5149742738613 0 92.9825655421215 84.6572755170176 108.688031183666 23.7000837025424 90.424837823649 0 58.4581108924373 191.379516601562 109.676068876656 73.0096628930144 99.1331127850603 182.125120677341 187.011734008789 209.727996826172 88.3803034661253 123.564003930491 76.3071369707887 137.156575251231 60.4703664104936 167.405380249023 188.786260595009 165.432825789587 81.7531616251859 101.777822138005 97.1318796993105 0 0 81.9322257903601 113.960219274838 166.667564802486
76.6213620029913 152.457243834155 119.556274458129 22.1869906114408 111.990979820811 27.0596439940995 21.2060915087375 35.1911028107276 66.9309617355396 0 139.113535963272 24.5021055892289 136.545989375213 71.7133444654331 74.1431394022266 106.07479958718 125.195258499756 166.263376785893 160.521228122574 13.1655719069323 106.602227147519 106.42968310699 115.974153148962 58.1765219874926 174.236112206759 161.990031661867 145.411252314872 30.9986470137618 97.7362532353369 74.754736613394 188.642920251586 129.305421287928 97.6080520391897 102.297596778881 43.7493667195324 102.637268367424 124.40852387878 99.133842530817 104.259778526261 77.6595457976731 102.387848296705 141.310908228309 172.686043880305 0 174.653775884539 187.992668349431 103.20279812282 160.006744384766 0 155.90981350721 172.49364567333 210.997486114519 147.03733341496 125.229766845703 153.678951950894 137.507274144432 158.582028723154 92.2848627488682 127.676408806173 204.954297656917 113.278168272566 206.471069335938 172.359416724969 119.395872292967 165.202302293784 189.337478637695 0 248.776290893555 137.530032857718 173.604915267025 157.906979765504 172.119878287525 121.02888602618 0 230.900978122893 200.3560967785 141.099287387481 173.274816480126 167.367504679993 0 0 161.177602798749 181.237028767178 187.667302002492
97.3850650970093 62.3862438590113 87.8983861239154 169.636344504611 59.9117217285162 88.4112412114879 138.357412652992 75.9005288354693 139.298305962449 139.113535963272 0 138.747816468826 17.5935621380662 78.0553707979414 124.893640539548 131.066566147324 57.9090729879704 23.7497105976483 24.650398429808 149.817695893489 117.869159296344 102.007585734054 91.8315984902253 148.052838256001 28.0062868379461 29.1754357923207 55.696103771782 157.340229666424 67.4882643683941 117.255381457321 24.1511868150479 67.6216020530074 105.880477057164 24.6718077310454 138.535708791574 83.4474939357925 20.7364140399893 29.8436172376428 53.0400013397695 75.2146402780055 57.0486411883461 15.1427466717683 146.201161343923 56.2684372449311 112.281262103712 166.577278537634 114.828796386719 0 54.7738675655184 0 75.9997386383044 133.106402392448 0 0 0 202.133165211933 155.573623657227 205.251724243164 211.758239746094 90.1275567490377 0 72.1921533859629 182.007589817091 0 187.110015869141 128.163463117317 99.6334817429729 119.642105124653 0 0 103.776933916701 158.643530596082 213.004312823723 63.0573854517142 103.416821861599 113.231088462297 217.041735220966 230.712677001953 185.545944213867 99.5747432733048 0 0 122.38734702997 163.72502494928
96.2779077702702 95.7071786094783 145.015318003495 37.9032416652708 59.7491707200765 34.5293751279825 66.0008680615433 70.625632283676 30.4338953707898 24.5021055892289 138.747816468826 0 120.722938471134 91.7980482339332 18.1194505336699 143.433764314702 0 159.46105474785 166.352659393241 13.8743358312739 142.92528394957 70.5428147167854 138.276453119068 26.7332412943858 150.59322843693 166.448344407017 161.032189874671 47.8732206519354 101.827677995243 118.150695248246 0 123.769783542614 108.757719805176 105.984320002123 23.418762151523 108.251277508604 132.589329773256 102.275415639434 105.924405462312 27.0142433980196 90.9169004150331 144.188192051473 0 0 185.259038923222 191.746292114258 83.3112743468602 162.550720214844 200.98991394043 147.687866210938 159.103482824077 0 94.9326964668542 148.291580200195 118.485218805447 138.833034903311 138.168274823051 66.8305108325245 95.1391287098964 197.155060938309 22.5107425415998 176.78157043457 153.820389257544 101.129241723144 0 213.283340454102 0 0 32.4215841445239 0 0 0 108.67274113725 0 0 182.193893432617 131.891086601101 172.73723512613 0 0 0 0 139.146839154608 0
105.3446107974 50.8952185122029 88.717321798257 155.968454761914 51.9499350875417 65.729653415212 133.003152899886 61.6279346846024 127.028357915463 136.545989375213 17.5935621380662 120.722938471134 0 77.7120764261506 79.8613886661907 133.731027185346 85.768015742491 48.0655104458568 62.6947088376332 151.701168007669 131.695164909197 91.1533244053533 114.254038735559 137.529112134047 17.6313858117861 25.5908103650244 29.5803139839264 141.80921739604 69.1485725241827 133.335689805063 11.3227563126451 59.5211143245625 122.325857508646 21.5088533449065 83.6025769352697 31.5030375939034 18.4172022312931 20.6964580344248 21.4274940605754 38.6907809012081 15.9658348099291 10.1642818004728 125.920261632941 54.4056613648374 94.4199660399756 82.4008063984281 0 0 32.333948961952 0 61.1877301931072 132.224565309499 220.081512451172 0 138.812652587891 183.529601980749 126.335762023926 156.350870723289 204.467834472656 81.4327682276037 176.249282836914 64.324560749638 0 193.874526977539 158.367539775341 129.806475615332 91.1344120945728 110.25762618445 223.765548706055 175.255157308935 86.7760270966039 170.177056104487 218.272075661156 55.7935209388695 90.9781438455644 102.190169460884 197.909049266724 123.4296875 143.289840698242 98.7921809288257 0 158.044235229492 109.827707432335 90.3376264803784
18.6912282803918 137.696959014358 125.412020585548 103.878410352314 47.7572728862032 45.1641864176975 41.5786879465904 22.7511421100365 89.3501643416625 71.7133444654331 78.0553707979414 91.7980482339332 77.7120764261506 0 57.3434506872279 115.44312791116 119.293062917674 99.3646576931628 99.0184374181501 101.336858827034 101.957642205449 103.979965108336 112.887050578377 93.5968195008169 106.623629610513 115.253407221598 132.389266996409 94.5409269837077 34.9539741168709 69.0194609533688 124.4504989904 18.5581550041744 62.1686890390161 48.8913246007308 124.578821240819 71.1559959393653 75.1852284500252 55.9004105795344 70.375083484859 47.6501922573302 45.5479974747475 71.9409170871699 181.656426503734 213.432479858398 178.435711948371 169.799755364425 144.109202485561 187.505584716797 145.347900390625 170.811828289097 142.210260394445 188.696925014622 176.946306079523 0 168.708725219076 154.748226887832 182.556291437167 111.010042721455 173.813092980441 185.579040527344 160.732918325552 130.610900127303 185.514388475661 0 165.989067077393 205.333620852544 184.094761938066 155.614970358212 118.25065612793 158.407581250633 128.985625686022 168.542651291029 142.599436942926 141.569765142735 183.540924959348 188.001221174892 155.31939358864 176.623346937658 160.177614471965 0 0 162.963689157101 166.18218804116 153.434485052993
88.7117916338296 113.017731096887 131.638678442009 76.0602614412458 18.1707880075298 21.1885382594959 76.9286732028188 41.788704139995 25.4507798820602 74.1431394022266 124.893640539548 18.1194505336699 79.8613886661907 57.3434506872279 0 129.711156662236 146.691285069859 0 190.448665770903 59.484987736374 111.866156925314 80.2541847929583 142.273997463204 43.0765045501118 141.151227837848 165.473331609581 135.301150730913 81.695547818901 65.6523798637902 105.455355440631 189.235534667969 44.5503325136217 0 61.1743002801135 33.4502589793492 109.868488238322 94.9431915283203 68.7216786455241 52.8048639122225 11.2690232669554 26.8902790960279 69.4387537429425 0 0 0 0 55.2871381583384 0 0 0 0 0 129.41082543569 0 186.965089546608 150.668238414284 156.515319824219 41.6604331816418 114.345395117594 0 95.4310237062974 0 0 82.5290451049805 0 0 0 0 106.304985046387 145.774953059298 0 145.58642578125 116.351396980071 0 0 0 119.970073162599 0 0 0 0 0 0 76.9377746582031
100.206409649452 62.8105364144024 86.0980803267156 108.986719673394 0 127.395167477988 94.9142571865476 132.578834142104 53.2453596700154 106.07479958718 131.066566147324 143.433764314702 133.731027185346 115.44312791116 129.711156662236 0 103.022669331085 0 118.382250171275 0 18.8847036452554 34.5894507053518 21.4602477879448 44.1988209448499 112.62868482596 104.270063995875 28.1550346262052 39.0289833045822 93.1316172067386 77.6067712637352 153.648971557617 139.685272216797 77.0793052275836 73.2989423050748 149.715976590634 76.2309352565609 59.3242469520954 77.3488571385416 78.7450892929613 89.2448948515009 131.584000158999 104.777900695801 114.013934991847 102.593090282648 114.148316709539 118.91690893005 115.534064987053 150.162414550781 0 126.157412922222 91.9127097116841 103.265581353562 150.208557128906 0 150.831804953365 133.293234330405 163.897286619647 91.6118629085376 150.806757698132 160.808144006628 157.437831786123 145.697463989258 165.812951126309 121.428267751553 99.5287684369218 144.58634068218 170.831237792969 188.345782303419 0 111.337380208916 53.5219194667786 103.257244906007 111.372841086247 0 172.776684848587 102.758855246001 121.903149786965 129.454586089304 118.178977619779 0 0 110.032155594253 123.508655695587 191.869695049875
109.240576207072 58.1759118823404 42.6645192380424 133.465728759766 84.0111124804274 146.765240799447 109.126678768812 132.860280410172 128.513404495151 125.195258499756 57.9090729879704 0 85.768015742491 119.293062917674 146.691285069859 103.022669331085 0 50.3929541531399 21.2693488056453 169.577575683594 57.3269601140826 81.9489705074905 26.2641202668282 128.565571707116 72.7448158841261 40.3430725835027 67.6722814162142 117.026539313903 106.298157186236 76.9373464289105 89.1176077930331 88.3804003702903 89.8732064417126 35.6264041682981 161.087557788077 89.105796878837 71.7647332310675 50.2609719136398 72.6022333670784 117.741163951688 103.987073135256 94.5672073364258 144.407470048963 115.436582280469 121.156883133675 127.894725130024 0 0 108.809013366699 177.96453372969 75.9037179559457 112.47155403556 0 0 0 177.179878937835 197.496683504949 185.776938273906 178.564984369407 140.439314645132 214.592010498047 125.70869385811 195.228852108266 0 136.770623493977 122.8613701299 141.713130649396 127.190700450398 0 174.335979929975 96.6178478130975 143.074125507657 168.539730956571 109.855801165222 114.39763769276 111.253773513588 186.376737922617 200.326703234483 160.965288959955 187.41471862793 0 0 134.64740078018 156.133073436751
133.800969788276 71.8484422607911 86.0875870376606 0 132.921566932365 130.945185245202 154.392911089475 102.777570312168 151.242345698366 166.263376785893 23.7497105976483 159.46105474785 48.0655104458568 99.3646576931628 0 0 50.3929541531399 0 17.8082575727377 0 139.013807644181 104.887795005329 83.757587016868 157.744213569843 48.0671588000933 29.9178290970952 64.7321790634533 168.707075408013 99.150224400082 136.653587752341 54.967159626764 102.905876159668 122.626631733351 53.0851211032517 0 96.7911930731625 39.882878892455 48.9716475226408 69.2495051803599 116.213259302626 71.0176198483513 55.1377597900976 155.172795634561 94.6536429825678 118.754383392088 138.778854370117 0 0 83.2196351653839 0 89.0803995685198 139.702284331536 0 0 0 0 0 180.088226318359 0 102.372807414105 0 90.5673307814414 174.626315991329 0 0 150.789922152768 110.430180164684 120.934663747377 0 0 144.932443710452 208.693639844554 0 74.9654816124481 106.106668915448 113.426516256715 0 0 167.342468261719 114.70126981106 0 0 125.344307247308 0
116.695706622032 57.8650333474691 65.9074906354706 204.871948242188 93.0566765082273 128.616905277541 130.55005496567 115.028756532967 134.064722397843 160.521228122574 24.650398429808 166.352659393241 62.6947088376332 99.0184374181501 190.448665770903 118.382250171275 21.2693488056453 17.8082575727377 0 152.750538000081 92.1174915280365 97.3308982404182 61.3130752200496 143.342435375559 47.2967526773563 30.2092285397416 62.3974483433917 137.409072583648 98.0331992606443 101.975330733843 67.3569510394351 84.9011838687456 95.8498337182684 38.7356991502228 168.617773801029 86.3316397620086 45.4809966243624 49.1811621878985 62.910881052226 108.26383187296 63.307731628418 48.4044570922852 150.378191677796 102.516320507005 118.186984555239 130.097136688374 0 0 84.4127950115411 180.70262203135 68.9915474562794 127.921859156682 0 0 0 197.589412113584 165.888650842108 190.509111221385 241.341705322266 110.707804209879 0 101.730222409238 183.488192548652 0 169.726512654257 126.380035105262 120.902089377472 112.425093641762 0 158.054984018016 92.5549619472289 156.000822589242 0 76.9439550466603 105.877052909836 107.114848176985 214.208074976291 191.769982231789 189.014068348716 117.873049472359 0 0 119.457613320961 133.294090454448
88.9651223056531 132.895965576172 125.915200126344 14.3765603906986 101.463030253976 48.3653943065746 35.231047872047 80.2123636232295 52.3058704025027 13.1655719069323 149.817695893489 13.8743358312739 151.701168007669 101.336858827034 59.484987736374 0 169.577575683594 0 152.750538000081 0 99.2770145617256 74.7647241748841 134.485212269001 22.5555317817207 184.132507324219 186.550476264286 113.115070000328 30.0830274786776 106.459908381874 117.31627043466 200.639083862305 130.441788187563 91.6679323043926 113.28222059114 69.9562406657493 108.56991603165 124.568582602053 106.902905799457 108.79354506683 55.8699735728369 110.989824696977 0 157.440692890764 0 193.721873710417 0 90.8767842395297 0 0 0 164.128997802734 0 107.706154613066 124.589881896973 131.23901467621 135.485382506505 164.996994785812 77.3600587018392 138.906703784282 193.096557617188 32.759448238675 0 182.518787119751 116.712033794732 0 0 0 0 34.0079697519886 0 111.266098022461 198.334029624603 115.46371955922 0 0 161.859252929688 138.277673571178 178.665639606885 0 0 0 0 0 0
86.4071176873296 100.523322785555 75.8360530905008 112.235480975811 0 115.246258671579 76.8470675431714 109.851569698055 65.0123518046932 106.602227147519 117.869159296344 142.92528394957 131.695164909197 101.957642205449 111.866156925314 18.8847036452554 57.3269601140826 139.013807644181 92.1174915280365 99.2770145617256 0 62.3304320125208 36.7607609845047 43.53205931532 119.385381237907 106.154912861219 74.9266405287787 29.8345466345868 83.445767515119 28.7072001161921 179.491903522796 133.899180815289 76.4006586255829 43.9046016307897 143.844075756997 75.2242253862978 71.2085292527977 68.6237798067808 75.2245651201467 83.8827693585687 102.747854818053 96.3318328857422 132.354748031025 118.156655101574 141.314283821454 140.99673913801 147.426991451929 153.562624193913 179.822562623615 134.540341140919 157.112299426563 147.132931993846 171.40380859375 0 164.86192483887 139.040776554422 164.314777691001 83.2987981509152 183.225254056383 186.114535920687 163.780146688337 149.717788696289 167.050234125049 0 116.272747587689 167.182923608739 206.30973776635 180.403694137686 204.293722542609 123.266198066626 82.7334582351187 126.367181174425 120.421288180325 200.075927734375 163.540875190318 134.592681940056 126.642959830836 142.79577577411 129.315068290439 0 0 122.972122213494 136.244557809814 176.089226146514
86.1927394190214 28.883511276472 64.9755237680421 88.259845297653 111.991686023807 123.062994688052 87.9213189948791 110.343368782397 32.859671287892 106.42968310699 102.007585734054 70.5428147167854 91.1533244053533 103.979965108336 80.2541847929583 34.5894507053518 81.9489705074905 104.887795005329 97.3308982404182 74.7647241748841 62.3304320125208 0 58.557448790438 36.1701517462848 66.2711664309663 90.1040056094144 47.3781327377512 63.7526455373673 82.9374365083632 63.408849119245 101.012685932347 142.97979930515 69.2863606547861 68.8520852179245 135.535440456592 67.5664058085354 59.1760957773889 67.5162065141546 67.8118854668071 72.5637765318138 108.102431740071 86.413985771852 90.6423976754407 79.3367108392031 103.088695908487 96.2546628664663 97.9226885934586 0 103.027244567871 107.973028118755 62.3189615205893 110.584871423137 152.233100700892 0 0 100.730911006553 141.473438156666 100.772737138246 136.363842195531 160.695336710983 118.359159569859 129.294608662818 114.822915662575 94.1127767771436 61.7547766859501 113.654270526305 0 145.341685914184 126.131134033203 76.2274517225467 15.940372422188 79.680018640727 80.7940409496576 110.847707139236 131.953267745218 87.1396001341205 96.9565802625275 96.1900107836586 83.1658306966554 0 0 145.320612756479 116.150963744475 150.882421352245
96.0524541775715 71.998638898762 34.9053857713011 126.898841972407 121.65238040849 131.157253352519 91.4154878276602 120.981952457827 99.6785762290296 115.974153148962 91.8315984902253 138.276453119068 114.254038735559 112.887050578377 142.273997463204 21.4602477879448 26.2641202668282 83.757587016868 61.3130752200496 134.485212269001 36.7607609845047 58.557448790438 0 76.8049555476519 109.8406206266 71.364158277814 45.6849066036428 61.0756130516502 94.7636291021347 58.8453387166256 115.442309367849 179.654572820403 78.9013634807859 48.0700820891042 144.055711881413 74.7304618750901 59.0905104810799 63.1921460318195 73.2254869081973 83.0799533821469 100.313503616208 117.376190400368 129.538529091443 111.559935051547 125.242462892717 128.834651521632 154.091578438605 156.130035400391 145.881912644378 137.108000268592 84.4080988390654 112.154934832626 172.972030924431 0 202.162420066505 163.199364488316 188.930774542299 114.031923692534 192.241244809184 161.705508260508 113.72745513916 185.505949859505 181.719687744962 147.404469434455 106.609363530374 128.025821275271 154.833428080542 144.156284622063 115.989151000977 129.051745539837 70.9267163747217 118.188707112969 132.136061786461 123.037415113817 140.948502579571 109.21375971842 144.264323808472 147.501950995135 133.64357288625 0 0 129.926385615991 134.968819165836 165.460286655252
81.542211563917 81.7146211977193 100.841699722443 29.2016257988703 79.3522495722376 70.0950180616424 52.8060964065115 82.894242169121 24.9210936281227 58.1765219874926 148.052838256001 26.7332412943858 137.529112134047 93.5968195008169 43.0765045501118 44.1988209448499 128.565571707116 157.744213569843 143.342435375559 22.5555317817207 43.53205931532 36.1701517462848 76.8049555476519 0 109.209470895195 134.271961908785 79.5839234194775 21.8072507154018 88.7866202969114 70.8729943804838 159.391332748646 152.752441416381 78.9258006801935 88.8196070407202 140.690855038951 87.964593115538 101.166087296387 92.6723441401113 93.6444873971667 45.5497553272088 97.2106985537848 134.970504057788 133.501017389044 159.987559272328 136.779581932342 134.925989065757 78.3917089745908 150.301065040404 0 123.421092796304 110.776106554299 144.791108737232 121.04153680528 141.410001091718 128.224568666524 112.293148556316 138.468977822276 62.736607200265 119.914431851568 209.46519972027 99.0296707822036 0 142.053373956173 86.1309968519096 119.855898699658 185.093772368989 0 209.471493301216 109.952635959674 118.53347589572 96.9239718585998 131.493981782805 97.8593238117938 152.453779103807 171.969033203187 144.018393676855 111.728680621311 135.935831694538 124.630280252658 0 0 125.133494504715 137.985984748631 185.367999162433
114.140107357362 23.0602864476957 78.9900600637247 169.292282592629 93.3555124653796 104.908983422536 153.868726556965 103.900604782072 104.356357106975 174.236112206759 28.0062868379461 150.59322843693 17.6313858117861 106.623629610513 141.151227837848 112.62868482596 72.7448158841261 48.0671588000933 47.2967526773563 184.132507324219 119.385381237907 66.2711664309663 109.8406206266 109.209470895195 0 41.6359633954341 32.2098102990633 147.908214825198 90.1058917637536 129.544696514357 45.8208489444347 82.0733445191425 100.89811706543 46.1940137967483 140.679779052734 94.1286298016222 17.8189796001419 45.4348918064116 72.2347892085519 133.430386839083 46.9608039855957 17.8191121435564 121.800938497883 47.6136736370711 77.3718799127196 91.5744648179388 123.024658203125 0 38.3690816869409 0 38.0705081895813 99.1174844264983 0 0 0 168.535431194111 195.296005249023 132.396417846032 202.830017089844 65.1952383627211 0 46.2274058899096 117.692171839713 0 131.949039704535 103.511833259943 74.1526866086695 84.2365281643756 0 108.789764404297 72.5444892862717 135.709181942188 167.144278721931 31.2662075990229 69.9153644204773 76.1756331744666 145.29768371582 0 109.477401733398 74.5021126721707 0 0 83.0796107130528 153.842544555664
130.775439642268 49.6604493015554 32.9069784673838 172.454437696686 90.8465196328961 129.351765580331 130.93654267975 123.149932867006 132.087087641092 161.990031661867 29.1754357923207 166.448344407017 25.5908103650244 115.253407221598 165.473331609581 104.270063995875 40.3430725835027 29.9178290970952 30.2092285397416 186.550476264286 106.154912861219 90.1040056094144 71.364158277814 134.271961908785 41.6359633954341 0 34.5105398822667 130.445050565117 108.649349356754 116.863725745988 25.2731235004441 100.347175494968 120.830814626592 58.2269013995276 162.471818232258 86.2274621399179 47.7338415114297 57.6087854581411 69.9425256605949 119.323288973213 89.3600526708889 58.5070183651393 135.533603747942 97.4045443316551 109.326510729396 127.012876682917 148.231536818661 0 76.3751128770126 194.424983310839 68.7331296384488 111.921903041369 0 0 0 187.240244154846 166.046946491127 161.189802938949 224.21276995174 105.958794948885 0 87.7600515808467 183.743291894836 158.666473743102 150.284945883666 115.517530838585 109.296158508795 108.685365264368 0 176.39806346115 117.215182520018 149.527632641424 185.296505056042 71.801103679032 99.2720516579201 100.850088047199 198.890278924472 162.786511604267 168.956242646451 110.04931578269 139.848215045245 0 114.790345362788 174.44343546006
124.204208239341 29.9440435637491 30.9842850545583 136.062960505078 110.540579776601 148.439887451968 115.282836041075 134.788346700305 106.215602441011 145.411252314872 55.696103771782 161.032189874671 29.5803139839264 132.389266996409 135.301150730913 28.1550346262052 67.6722814162142 64.7321790634533 62.3974483433917 113.115070000328 74.9266405287787 47.3781327377512 45.6849066036428 79.5839234194775 32.2098102990633 34.5105398822667 0 80.1629527000628 117.379156170769 106.41279130803 25.4473420696203 111.81562101744 100.969004398867 69.5659908472362 149.38702278414 79.6248094425509 57.3009595393342 67.0152888963525 74.9145369631556 90.5588693347553 103.983912523697 65.3144540391785 122.190707257576 95.0631811657047 108.037254744601 117.228788562328 151.463816269309 142.962599833259 87.6861554452508 160.404537827843 60.4503542525036 97.1947021146117 0 0 161.912031179811 162.237564035758 178.632864474708 135.093108341537 197.902065456987 114.167331052077 155.846747766874 94.0189252181072 186.450357195209 149.531323043003 101.09480161253 107.611652709721 111.940140211556 110.792639572205 0 132.533891771351 66.3418716935015 111.463147190635 143.809527231545 78.3763330217478 100.565875101313 94.1082634124497 151.846683205712 170.996484173929 141.824082213572 116.349361966479 0 176.715817180188 109.818645022355 162.084008922265
80.9869746640963 106.179297764962 91.2164938177012 17.9087393270768 124.034333538353 73.1091040997764 38.3089550956127 86.582521436057 55.088579282618 30.9986470137618 157.340229666424 47.8732206519354 141.80921739604 94.5409269837077 81.695547818901 39.0289833045822 117.026539313903 168.707075408013 137.409072583648 30.0830274786776 29.8345466345868 63.7526455373673 61.0756130516502 21.8072507154018 147.908214825198 130.445050565117 80.1629527000628 0 85.6896538877707 45.9342237679728 172.980056762695 143.266165180395 75.8009067037057 77.3609101206896 148.064056475113 84.2964223982308 95.3772242292124 86.6827165445371 89.7897216796685 86.1585217365682 104.862914464914 142.057529935188 145.37444818446 173.993422559492 148.585680978872 144.382741990657 110.36136575209 152.115398187611 0 131.923047788295 176.971956166595 156.559572195097 115.385757710133 209.255020141602 146.055105117496 126.122106441485 147.145076219447 79.4660565776867 138.402015663324 183.476522231186 124.749928838195 211.988546558656 151.948977972987 122.86875190037 121.037862113118 183.850535977694 234.288588243614 207.190705248898 139.421761694794 125.71057612926 112.437875050307 143.5822052175 109.01861865605 0 177.675508349157 147.248829928702 123.356837458394 143.369892070202 129.311158189545 0 202.471969604492 135.044802854171 146.861917694466 180.479148188403
19.1409248645996 123.259616504575 114.777926278809 108.162131827754 21.2206575313761 43.4865583144411 59.5864667509664 37.744999278458 82.5658642165225 97.7362532353369 67.4882643683941 101.827677995243 69.1485725241827 34.9539741168709 65.6523798637902 93.1316172067386 106.298157186236 99.150224400082 98.0331992606443 106.459908381874 83.445767515119 82.9374365083632 94.7636291021347 88.7866202969114 90.1058917637536 108.649349356754 117.379156170769 85.6896538877707 0 32.6548475939692 107.470414467586 17.5079798405862 18.1862772058759 33.6164671733285 114.758067905012 62.527666478456 66.493333245046 44.6672318309208 60.8634723545108 46.8768407402455 27.2654736767899 61.6936443694659 161.308437584425 140.478819126605 164.271256225623 160.300019835133 160.5376646687 161.837486305959 0 151.104390586089 123.69270324707 166.165835471714 169.412397592057 0 175.107621397267 157.128242867434 170.701421287317 101.404009972452 176.730338902069 224.193740844727 190.877924494672 0 175.946683960727 229.069946289062 137.92362369646 182.604678709149 151.638469325178 170.801666259766 159.143154924452 144.458362371354 121.074886040445 148.842836243735 135.080627376431 205.3441040414 157.349649366075 153.718308403586 149.177911119163 172.109644021939 147.488006565142 0 0 151.307886538174 157.377384323536 150.101045241061
42.1760419684338 103.861825873525 86.4970156043435 108.822723881262 128.419620727147 86.7123846214344 29.1462232820448 77.2718638538387 62.4172044850142 74.754736613394 117.255381457321 118.150695248246 133.335689805063 69.0194609533688 105.455355440631 77.6067712637352 76.9373464289105 136.653587752341 101.975330733843 117.31627043466 28.7072001161921 63.408849119245 58.8453387166256 70.8729943804838 129.544696514357 116.863725745988 106.41279130803 45.9342237679728 32.6548475939692 0 146.447321819558 126.978853467435 52.6502092867379 37.6166995359867 141.04920273083 72.3344153267106 91.7829888315462 66.4323106337842 73.2493994446148 80.4725336709348 88.4820172474084 132.036018016049 139.640392205749 184.073621478352 143.227947758616 143.301664789745 144.502031807708 172.756918242993 0 136.519946193816 136.127835572521 160.435846500977 150.896013564527 0 150.832338334761 133.544954208443 155.738743467511 88.2375206939816 165.010586228774 177.194130111877 191.425773664499 204.335489331162 160.448640536351 0 118.65009511512 168.406344225047 228.151297117739 193.188242786565 243.194198608398 124.2486038407 93.0020352245005 132.197108323467 118.13319049677 195.238143920898 164.104283410282 150.468806823289 127.393682377974 144.604294968225 131.321940135778 198.625869750977 0 131.019930569065 135.833010225467 179.112756335026
163.876994585102 69.4967753699933 93.458548641009 0 0 94.6592788696289 169.075229604414 0 145.148877642741 188.642920251586 24.1511868150479 0 11.3227563126451 124.4504989904 189.235534667969 153.648971557617 89.1176077930331 54.967159626764 67.3569510394351 200.639083862305 179.491903522796 101.012685932347 115.442309367849 159.391332748646 45.8208489444347 25.2731235004441 25.4473420696203 172.980056762695 107.470414467586 146.447321819558 0 91.8766555786133 0 72.4635759651981 234.030471801758 109.646588890638 54.6453243665533 62.678513924075 107.450296662404 127.599151611328 118.832664489746 65.3338624148848 163.28957533478 89.4154381748915 135.192883009077 151.700208357961 162.776489257812 0 78.3197462467018 0 85.7345498659014 168.70654296875 0 0 0 0 0 0 0 105.904312089798 0 92.1247685368467 167.917358398438 0 0 112.02449798584 112.685887531152 129.759108368527 0 0 129.515563964844 197.371138162624 0 77.4180002137266 113.965413791915 121.265295047938 0 0 0 111.480092598964 0 0 145.154474984886 0
84.6835907776209 97.5368384418237 164.881472304772 175.682959408724 12.7335363659877 20.5445782997969 119.104614339849 24.8394325563444 82.9569502500063 129.305421287928 67.6216020530074 123.769783542614 59.5211143245625 18.5581550041744 44.5503325136217 139.685272216797 88.3804003702903 102.905876159668 84.9011838687456 130.441788187563 133.899180815289 142.97979930515 179.654572820403 152.752441416381 82.0733445191425 100.347175494968 111.81562101744 143.266165180395 17.5079798405862 126.978853467435 91.8766555786133 0 76.4994996356715 24.7191084318346 125.888219177796 79.5888412404904 71.2348597682463 43.8262773537954 50.7316320366504 37.5442143831989 20.0389313735689 61.2666978221298 0 0 0 0 189.902465820312 0 0 0 211.234161376953 0 0 0 0 0 0 0 0 0 0 0 0 0 0 0 0 0 195.786148071289 0 0 0 190.878189086914 0 179.196558153096 137.326263427734 196.204235078765 0 0 0 0 226.512908935547 0 142.764343261719
