0 13.125964820385 120.118923604488 59.7812721133232 0 99.0829741060734 4623.35083720088 687.387567639351 280.999606728554 469.60868871212 75.1912329792976 33.6065515875816 14.4547647535801 7957.23568600416 14.0944577455521 27.8359111845493 224.715783536434 12.0754496753216 79.1975772678852 41.741513133049 413.363577395678 53.1029661595821 539.951526939869 403.291916489601 5.047153621912 173.583826929331 107.966991856694 623.127506107092 9121.06546491385 6099.04421192408 5.40060663223267 8.59542044997215 261.046144962311 486.362835258245 20.585755199194 399.25388905406 54.9414239525795 256.957889139652 55.240521132946 42.4607326090336 34.8676744401455 4.45992469787598 35.0201306641102 2.69171351194382 22.6460603177547 5.44940221309662 13.7802483439445 2.69609725475311 0 18.0213825404644 0 5.63183116912842 2.77871930599213 0 8.39760804176331 82.3793634772301 12.8454200029373 31.1047106981277 8.74990817904472 0 0 1.64974415302277 25.0232135951519 0 12.8884164392948 0 0 1.44138443470001 1.33406972885132 26.9904295802116 10.8810672461987 15.7156680226326 145.674823969603 0.543376684188843 12.842812538147 11.5423549115658 166.547542631626 38.0462172627449 34.9855681359768 0 0.634373068809509 4.40445551276207 10.0523700714111 5.27366071939468
13.125964820385 0 217.581055372953 1.38728988170624 14.4206756949425 11.1333788633347 31.4392963647842 16.3935520648956 956.843782573938 11.1895794570446 294.336667269468 50.9889719486237 990.415903836489 19.3122887611389 73.2237513363361 85.7888883054256 277.727221846581 64.4875472486019 178.981896787882 6.94887366890907 52.7136106789112 2506.75811323524 259.793117672205 989.343533068895 3278.92818677425 762.436289638281 5944.43844103813 114.903309762478 41.1577044427395 44.7631116509438 14.5915532708168 1.61764717102051 5.26275160908699 199.707781463861 12.9773129224777 557.705992281437 302.943685084581 415.730793058872 169.359163463116 93.3734996318817 0 277.201289594173 32.587295114994 34.0835350751877 39.8115890026093 16.1233379244804 2.35429239273071 0 8.82616353034973 0 61.6146157979965 35.4376799166203 0 0 0 3.96162992715836 0 2.56361055374146 1.36390459537506 12.9074140787125 2.45498043298721 28.0052223801613 0.404190808534622 0 5.72455382347107 41.6897876858711 4.68615990877151 29.7243102192879 0 2.65140128135681 8.50521636009216 20.641478985548 6.93750837445259 34.8271059989929 108.595342218876 243.268184632063 11.9045249521732 3.3170773088932 1.15954780578613 4.50494915246964 0 0 18.0164387226105 7.74084782600403
120.118923604488 217.581055372953 0 10.6097286343575 2.48529434204102 187.910120844841 879.868044704199 226.677071928978 72.7513376772404 182.832385271788 234.478981137276 9.00949624180794 31.0375863611698 470.262760668993 6.16804426908493 246.225521802902 4383.6820909977 86.2599656581879 695.756046682596 9.9850951731205 2049.04016891122 248.934384435415 17600.7020271719 331.363072454929 19.9073546826839 14765.3770588338 13728.3603813052 1374.85621961951 130.830789268017 1396.39517530799 6.40711683034897 0.600413978099823 26.3340248763561 917.959752976894 58.0208659470081 3350.43836668134 1716.8989507556 2367.08975702524 1324.08489504457 117.865193665028 8.25284251570702 9.05208212137222 338.663474798203 170.525513321161 295.361980587244 156.533780217171 11.7409967780113 0.372521251440048 7.49954450130463 5.55609899759293 189.996914237738 894.73605966568 2.00692909955978 0 0 23.6889589428902 5.38855764269829 11.6828069090843 1.9608405828476 10.460597038269 0.661472260951996 34.4372105896473 9.9165905714035 1.39299082756042 64.7876736819744 416.500968307257 14.6464846134186 111.938686072826 0 47.3077619075775 132.712151914835 429.993747979403 38.2835451066494 39.5376228094101 612.113076239824 2272.16166582704 49.7192395627499 7.62097465991974 44.618049800396 0.489416211843491 0 3.17655035853386 106.380615413189 27.4656330347061
59.7812721133232 1.38728988170624 10.6097286343575 0 15.1400780081749 283.448538124561 319.753801941872 161.830733269453 756.96386474371 10926.1329039931 8.94434633851051 2433.49461042881 7.01847067475319 204.132371157408 172.264504343271 6.37164396047592 3.46055969595909 0.429075837135315 1.89890813827515 27747.204120785 14.8319414556026 12.4363774061203 22.6436093747616 3317.15264716744 0 5.41704511642456 24.7804628610611 11480.9960589409 209.996119916439 50.9709730446339 0.403293311595917 0.605442941188812 13.4342059195042 105.978309988976 21.3683132827282 279.904494524002 8.39131051301956 92.6286046206951 18.6560234725475 166.935777157545 18.4400337040424 0.608708083629608 41.7880792915821 1.14968848228455 1.8575125336647 1.806874781847 39.3978705406189 2.46848705410957 0 5.47073554992676 2.71408224105835 1.01670360565186 216.031027793884 1.06055879592896 20.8284155726433 116.478087216616 13.5892398059368 60.1156064271927 152.779825568199 0.847988426685333 48.9059380292892 0 8.4132179915905 24.2272488474846 1.37348532676697 0 0 0 64.4467261731625 2.28863990306854 7.54033368825912 2.94702398777008 206.077034503222 0 0.439633697271347 6.98032623529434 209.240897089243 11.6162115931511 9.56579104065895 0 1.16595876216888 4.17771780490875 8.63675558567047 0.826625138521194
0 14.4206756949425 2.48529434204102 15.1400780081749 0 678.568259447813 20.4721808433533 376.190769225359 165.011069476604 19.251165419817 9.02247214317322 86.7007576227188 9.86280107498169 46.9749344587326 2002.91938763857 0 0.379526168107986 2.6579555273056 3.70011824369431 9.95479726791382 0.637035548686981 4.04979065060616 3.23538956046104 87.2362760007381 3.25292956829071 3.48669347167015 25.3564027249813 26.0653475224972 483.543461233377 7.57822680473328 0 816.343917191029 1.30867433547974 465.20317363739 1.34069693088531 31.1290778815746 5.48432564735413 38.3025973439217 1.64313650131226 7237.88185751438 1721.95398503542 1.96105766296387 1.58728569746017 0 0 0 1.25007486343384 0 0 0 0 0 0 0 0 2.31108620762825 0.987439334392548 0 1.94214832782745 0 1.14329493045807 0 0 0 0 0 0 0 0.562396168708801 0.64525318145752 1.6931483745575 0 3.98474168777466 0 0 1.23145747184753 3.52981433272362 0 1.13221660256386 0 0 0 1.85843026638031 0
99.0829741060734 11.1333788633347 187.910120844841 283.448538124561 678.568259447813 0 2628.11568631232 13500.4126773477 495.661473125219 24753.6460192502 183.512495845556 7983.61993312836 80.2438786029816 2070.25998428464 2765.26024645567 29.5431169271469 58.2700880169868 6.91974803805351 31.9823588728905 620.249199032784 320.083770662546 28.8587957322598 425.873672872782 644.973395347595 7.02731245756149 110.079738557339 135.613864868879 1011.92198255658 1894.57400512695 436.527604430914 0 1388.30906906724 36.558073669672 1212.78802967072 15.0262915492058 507.886422336102 49.1732783913612 350.354647129774 79.6431625187397 5169.52333620191 1506.87709614635 14.6004701852798 34.9196398556232 3.19917532801628 8.64849248528481 3.27242422103882 14.3348891437054 1.62183922529221 0 18.0673533678055 4.64937800168991 2.87862059473991 53.0304884016514 0 22.1169613003731 197.648086965084 21.5152940750122 59.8602236807346 95.718325138092 4.90009087324142 37.0412406027317 3.39242267608643 19.8699458241463 13.6109582483768 7.11878502368927 1.70068264007568 0.873889446258545 0.377191096544266 26.2823311984539 9.05425110459328 3.81297188997269 9.20341211557388 253.656676054001 1.07889425754547 3.90904188156128 15.016400963068 283.379662454128 33.5959743857384 27.4374651610851 2.20190840959549 0.421304374933243 1.13991621136665 5.09478163719177 4.22468975186348
4623.35083720088 31.4392963647842 879.868044704199 319.753801941872 20.4721808433533 2628.11568631232 0 2834.11359030008 1766.70708176494 13737.6096197665 112.944257497787 379.045419454575 74.5312030315399 8526.70790845156 207.357606768608 395.648550838232 209.228461951017 15.617899119854 77.9010810852051 460.314913064241 2188.03620019555 240.183419436216 2531.62863242626 4946.93893519044 15.8247413635254 412.060373514891 1060.77555313706 22404.4298057556 3704.62417116761 16630.2004483044 2.88103905320168 14.7183988392353 349.862340569496 1232.79139521718 153.633769541979 3186.75155252218 163.010835915804 1293.90317746997 403.579632282257 463.427969187498 177.377132534981 10.1441567242146 219.836314857006 13.2065297663212 83.0798823833466 20.0932924151421 92.5212031006813 29.8104665279388 1.66440200805664 90.1612551212311 3.06123286485672 24.0633800923824 147.821281284094 4.25553578138351 71.5372489988804 879.59354647994 118.48355409503 261.302472829819 333.590055525303 5.45161750912666 70.7051393687725 2.50825583934784 120.317131891847 21.8749442398548 51.3534127771854 4.44260928034782 0.437793284654617 4.1120333969593 84.3658178150654 65.4238577485085 44.0766409933567 108.134803384542 1185.7883861959 2.33488577604294 17.358315050602 98.5268083810806 1311.97522813082 178.674700513482 196.219194322824 0 0.964641094207764 23.3493951261044 70.6456835567951 30.0487713813782
687.387567639351 16.3935520648956 226.677071928978 161.830733269453 376.190769225359 13500.4126773477 2834.11359030008 0 396.540232658386 5207.91888472438 703.293596237898 1994.76717275381 235.208254903555 17641.6297671199 897.546417981386 25.6613474488258 230.052564173937 44.6282680630684 130.693217486143 426.195504963398 507.132403403521 40.4040859341621 651.183788478374 533.842768907547 21.4135464429855 321.939513683319 198.373309955001 859.218758404255 3677.58200162649 1492.3014690876 6.19316127896309 1549.57590281963 57.7096508145332 2998.64780020714 58.366534024477 1159.04799726605 180.847165226936 1016.9791918695 139.199971824884 2977.41455584764 2156.45502576232 50.3899842500687 49.8065047562122 0.916281223297119 20.4292933940887 6.96863967180252 19.8556979596615 8.03554403781891 0.431110501289368 31.0962847471237 2.85743087530136 5.41181290149689 21.5182505249977 0 12.0701496601105 196.776175767183 19.9558707773685 46.7586595714092 48.6322683691978 0.290580809116364 10.0064828395844 3.73303097486496 27.048025906086 2.843714594841 9.64856639504433 7.05391839146614 0.482024967670441 3.34454107284546 7.26693007349968 17.860438555479 7.86692810058594 18.4906584024429 285.051303982735 0 9.6070422232151 22.7137921452522 275.731794938445 55.4873023629189 57.5538322031498 1.00150942802429 0 6.69236528873444 19.0239665806293 14.9588765203953
280.999606728554 956.843782573938 72.7513376772404 756.96386474371 165.011069476604 495.661473125219 1766.70708176494 396.540232658386 0 1302.31107380986 129.907928615808 2315.85680273175 303.9840914011 590.633620023727 1899.01768141985 97.1527114808559 70.6152265965939 21.1128709614277 44.931510001421 477.667298316956 186.328262329102 2457.09489676356 209.630218356848 11421.919017911 602.792987674475 178.607497781515 1505.02081395686 3664.30916327238 892.394738942385 1317.83872935176 9.55221354961395 6.60451477766037 219.207445025444 444.042220711708 38.6704357862473 1158.75714114308 93.1796300709248 388.718762099743 108.964205503464 1540.69953432679 37.3331507146358 59.569578140974 103.953949570656 7.36513179540634 30.773277759552 11.0583466291428 71.0725144445896 9.00066810846329 0.586118578910828 48.0011220574379 6.80499705672264 14.9420615434647 142.858982503414 2.89267688989639 28.1002398431301 380.92755395174 40.5674107670784 192.497133255005 244.651476591825 7.62274411320686 63.6988673210144 6.98577427864075 60.2848851382732 17.8910695910454 42.9924341738224 10.2542607188225 3.73420369625092 10.2805222570896 61.6270560324192 58.1198208332062 39.0878478586674 73.0735723376274 564.566020488739 4.92263573408127 18.8046883046627 89.9666556119919 620.846647083759 69.6096637547016 121.729551464319 0 0.450780630111694 16.4643951058388 35.9993713200092 15.5084717571735
469.60868871212 11.1895794570446 182.832385271788 10926.1329039931 19.251165419817 24753.6460192502 13737.6096197665 5207.91888472438 1302.31107380986 0 168.26110342145 25622.9227562845 75.1729359924793 3501.40151757002 313.696125626564 54.999459117651 33.3465901017189 14.2615365087986 26.9573171436787 16767.3042522669 306.194973289967 58.6215240061283 384.174045473337 1819.76198720932 8.06513345241547 113.612093895674 224.979776889086 11193.6065551043 1418.73998740315 468.705316334963 4.09582936763763 30.9351430237293 99.7483547031879 790.388496160507 73.2086214125156 1695.17383408546 80.7993171811104 680.269210249186 173.16571855545 689.708560585976 191.410989701748 11.5978682339191 116.035753518343 1.51006644964218 21.5777272880077 5.63957226276398 90.9125920832157 5.71312543749809 0 25.0085704922676 1.40306910872459 4.88266032934189 192.444527417421 1.32844704389572 69.7906529307365 422.419006556273 50.3876142799854 161.382931441069 330.815125674009 2.54568299651146 170.683036953211 2.92275685071945 49.1433983147144 35.2149423658848 7.12814849615097 5.08502560853958 0.871300220489502 3.21015602350235 110.867622196674 15.4458897709846 15.7144439220428 20.3363097608089 564.75213637948 0.567202866077423 6.77328482270241 22.616816341877 634.63683360815 44.623203843832 37.4920170605183 0 0 5.45270344614983 23.2801574170589 9.78833919763565
75.1912329792976 294.336667269468 234.478981137276 8.94434633851051 9.02247214317322 183.512495845556 112.944257497787 703.293596237898 129.907928615808 168.26110342145 0 117.750322490931 10624.8795633614 1061.32091835141 13.4081012606621 42.5827477276325 717.437830597162 7505.11471790075 4083.12226194143 27.6427993774414 192.010697752237 120.802275121212 436.782893568277 90.731878131628 3055.94553738832 11772.6867795587 6720.00190454721 121.124324589968 653.513760387897 239.38053599 2438.73675268888 67.8195783495903 27.2054391205311 9237.57000887394 21.5062236189842 781.982288122177 11434.3882797658 11596.8953697681 768.36840069294 169.405304133892 57.3101862072945 3873.06656807661 31.5703306794167 158.50115275383 62.1636516451836 14.745507478714 1.0702508687973 0 102.606047689915 2.42078721523285 38.3729161024094 10.1862325072289 0 0 1.13852888345718 19.4304198622704 4.3545498251915 12.1345776617527 1.082435131073 402.07387855649 1.86451044678688 521.504844039679 3.97016769647598 0 6.49633237719536 17.3576652109623 84.7118775248528 75.4269111156464 0.868066132068634 9.46882253885269 8.4153858423233 22.977568000555 21.1290314793587 147.510381191969 389.175512999296 298.784182220697 27.8691955804825 4.68284326791763 10.1757819950581 34.8763175010681 0 0.926202416419983 25.1356270909309 7.57663911581039
33.6065515875816 50.9889719486237 9.00949624180794 2433.49461042881 86.7007576227188 7983.61993312836 379.045419454575 1994.76717275381 2315.85680273175 25622.9227562845 117.750322490931 0 37.7478113174438 889.372264176607 3561.51444241405 4.62991106510162 6.02418088912964 8.21280205249786 9.80707731842995 30222.5386703908 15.640448987484 59.6367765069008 19.4412099421024 1337.61605829 16.525991499424 46.3306822776794 98.828297317028 1118.70264300704 383.714919388294 50.514936953783 0 17.5683884322643 11.5591324567795 411.766397029161 22.5261500477791 483.854563653469 29.630573540926 244.73557522893 38.3876676559448 2301.50553455949 116.343070417643 6.52910205721855 31.5326384603977 0 5.62278670072556 1.64255315065384 24.6675305068493 1.56791079044342 0 2.24362161755562 0.721991539001465 1.76528835296631 113.327310502529 2.72219669818878 15.3508085906506 73.3498050272465 11.2546159923077 30.1344813108444 120.133656948805 0 461.250990509987 1.7767688035965 9.01315230131149 13.1638590991497 3.8345795571804 1.38714861869812 1.76511347293854 0 68.8664802908897 8.5427368581295 5.1168338060379 4.69414573907852 127.029075533152 0 3.01402255892754 4.52866885066032 147.263818413019 3.63931319117546 3.49131920933723 0 0 0.644902288913727 4.61897647380829 3.0366173684597
14.4547647535801 990.415903836489 31.0375863611698 7.01847067475319 9.86280107498169 80.2438786029816 74.5312030315399 235.208254903555 303.9840914011 75.1729359924793 10624.8795633614 37.7478113174438 0 225.221453040838 17.1901006400585 19.2908106744289 31.0299071967602 306.988073706627 148.409336835146 7.95382678508759 20.3321124613285 333.591440528631 41.3257021605968 143.344040632248 8221.12079146504 4255.48744907975 11413.5007904172 65.6369222700596 127.89496421814 47.9401791989803 6643.57319062948 26.4546819925308 7.82753229141235 739.924125880003 157.642439246178 2949.14523345232 3558.37665888667 4440.53359150887 1915.04556682706 309.966743528843 1148.75630277395 4382.65115004778 60.793540418148 215.962026596069 83.0700288116932 43.2997484207153 7.81667441129684 1.30910468101501 217.418693125248 1.36769604682922 62.4922991394997 6.52010482549667 0 0 1.97616279125214 5.17665141820908 1.39161550998688 5.58319503068924 0 434.721837073565 0 828.694572746754 4.0065056681633 1.31382060050964 2.51270431280136 12.4045115411282 88.2435732185841 52.872565060854 0 3.61029615998268 11.9480006694794 5.97371631860733 8.76117181777954 158.938681334257 330.375004708767 269.705441206694 13.148854136467 2.84101724624634 5.13555204868317 30.0646435022354 0 0 46.2502811551094 68.4095132052898
7957.23568600416 19.3122887611389 470.262760668993 204.132371157408 46.9749344587326 2070.25998428464 8526.70790845156 17641.6297671199 590.633620023727 3501.40151757002 1061.32091835141 889.372264176607 225.221453040838 0 150.984608829021 67.3538875579834 510.654759019613 81.1155979931355 280.911045819521 314.520151287317 1121.99968719482 99.5224503576756 1245.34568744898 843.180240362883 32.0549608469009 607.575258255005 495.863420590758 1499.2705078721 10886.3996602297 4634.52198842168 11.6397452354431 356.829824358225 211.591067641973 4102.50627419353 95.5332274734974 2048.86069074273 271.858879476786 1532.80840432644 242.175675749779 843.944873571396 780.48949611187 50.0064601898193 78.6594239473343 5.74720537662506 31.5246739387512 10.1094413399696 23.8525924682617 6.74955862760544 1.60424062609673 28.8151113986969 4.99660336971283 15.668687671423 15.4857123792171 0 17.5892214179039 252.842794537544 31.5641691088676 68.0747680068016 44.7102796435356 6.29764592647552 15.1892315149307 5.85085639357567 37.2790955603123 3.67354935407639 22.3990040123463 5.1957950592041 4.38993459939957 3.0151834487915 6.71509954333305 47.9997901022434 16.7886809408665 34.6987308859825 361.609246104956 2.17364323139191 26.7061184644699 52.6268988847733 391.531349688768 92.7224372029305 100.599168092012 0 0 11.7363097965717 43.6327741742134 17.9576186537743
14.0944577455521 73.2237513363361 6.16804426908493 172.264504343271 2002.91938763857 2765.26024645567 207.357606768608 897.546417981386 1899.01768141985 313.696125626564 13.4081012606621 3561.51444241405 17.1901006400585 150.984608829021 0 3.71266978979111 2.87740695476532 0.524076521396637 2.8016360104084 193.580595374107 15.2373974919319 91.0890080928802 15.5861197710037 1481.18996882439 32.0899984538555 18.7110644876957 158.820438504219 403.96566298604 107.801710665226 46.8756383955479 0 60.4240826666355 4.40356102585793 90.767799705267 5.57459834218025 206.164916843176 11.712328851223 42.0365545749664 15.15029078722 9545.84768164158 54.0506921410561 2.21220695972443 28.5693447887897 1.43299555778503 4.46544450521469 2.07622599601746 16.2294297218323 3.36665660142899 0 1.11600637435913 0 0.710156440734863 14.4730409681797 0 6.34734553098679 37.7178431749344 4.63403210043907 11.6303658783436 41.2793715596199 0.473844140768051 10.4726334810257 0 3.91262251138687 4.77963158488274 9.73721635341644 2.81400585174561 0 0 18.440393358469 13.8699046969414 4.84790620207787 6.17121508717537 51.2574062347412 0 5.15016734600067 6.28972220420837 68.6844358742237 3.83148747682571 8.54908782243729 0 0 0.948036551475525 0.659430146217346 0
27.8359111845493 85.7888883054256 246.225521802902 6.37164396047592 0 29.5431169271469 395.648550838232 25.6613474488258 97.1527114808559 54.999459117651 42.5827477276325 4.62991106510162 19.2908106744289 67.3538875579834 3.71266978979111 0 146.830846339464 7.06041041016579 59.4279753565788 3.34526997804642 10487.3585524261 2585.26233273745 19917.4783255756 2818.95328432322 17.0609401166439 162.395302772522 13546.9380577505 3550.17370441556 144.835432618856 808.617751300335 2.45078551769257 0.98938524723053 51.728466719389 692.854505628347 75.5218503773212 2789.79707875848 382.615137249231 1090.11122846603 607.149849504232 190.402021586895 20.8467218279839 1.80429947376251 256.283226877451 48.955356657505 121.187429100275 101.565730512142 19.3894765377045 7.80991187691689 0 12.8775188326836 7.57433906197548 86.8767988681793 3.08034613728523 0 3.54337018728256 66.3906804025173 7.03930887579918 33.3853377699852 9.65977984666824 5.34013023972511 1.96158111095428 2.93395021557808 23.7556212246418 0 1157.9455922842 32.9955313801765 1.63347262144089 13.8174893260002 0 475.700208038092 368.535096645355 1449.19008392096 188.545616596937 4.62483900785446 60.0912530422211 615.527989894152 227.283130407333 56.486970603466 187.012980908155 0.894150137901306 0 18.3993863761425 73.4654225707054 34.262463748455
224.715783536434 277.727221846581 4383.6820909977 3.46055969595909 0.379526168107986 58.2700880169868 209.228461951017 230.052564173937 70.6152265965939 33.3465901017189 717.437830597162 6.02418088912964 31.0299071967602 510.654759019613 2.87740695476532 146.830846339464 0 348.294606626034 5262.33813458681 0 1936.60279199481 163.301404625177 8315.54125291109 132.129943668842 50.8881006538868 9245.8664342463 5507.01733064651 316.933373063803 447.639166533947 1815.25253134966 18.7150335609913 2.05284401774406 38.3888148963451 1537.65364518762 25.1987992227077 1045.95538127422 1429.62541252375 1205.46575179696 473.533856272697 49.3103670477867 5.44667658209801 12.7227909862995 114.059946089983 87.4080181717873 103.741183578968 30.86808142066 3.11229825019836 0.417695760726929 1.49436450004578 0.426197201013565 78.561729580164 130.821656703949 0.971564471721649 0 0 15.3419294953346 3.15608701109886 5.73955577611923 2.3230836391449 17.5620914101601 0 29.670869320631 4.92787730693817 0.581950306892395 19.4245167970657 136.512771546841 7.88733124732971 118.159845024347 1.98622703552246 28.5764989852905 34.0056476891041 93.1004912853241 27.0963222384453 45.8649322390556 517.22913479805 915.894568800926 24.1610934436321 7.50878942012787 13.0964758396149 2.07132714986801 0 0.750725924968719 41.4301519095898 8.45691165328026
12.0754496753216 64.4875472486019 86.2599656581879 0.429075837135315 2.6579555273056 6.91974803805351 15.617899119854 44.6282680630684 21.1128709614277 14.2615365087986 7505.11471790075 8.21280205249786 306.988073706627 81.1155979931355 0.524076521396637 7.06041041016579 348.294606626034 0 4377.81276476383 1.34178268909454 42.0859977602959 26.308023840189 123.093911111355 10.938713490963 450.481818974018 9942.23524162173 1727.57739120722 32.7323332130909 53.2605053782463 46.7134524583817 175.580228418112 4.13274127244949 3.71912181377411 538.745712935925 4.64498409628868 273.041518092155 827.482128411531 964.196234226227 195.440919429064 11.4571473002434 0.398010492324829 63.8974902331829 8.2798987030983 74.2963370680809 39.1854119598866 0.65207713842392 0 0 3.78632748126984 0 11.5520442128181 8.31109625101089 0 0 0 4.81894117593765 1.93332380056381 0 0 136.402655720711 0 169.226287186146 3.41634398698807 0.662766814231873 0 8.06958746910095 51.585236877203 34.3113437592983 0 1.47665023803711 1.56814968585968 4.32433044910431 4.3303017616272 66.8378976881504 192.697453886271 174.842804968357 2.35305738449097 1.26205790042877 2.73656237125397 28.9040254950523 0 0 12.2292050719261 2.50657188892365
79.1975772678852 178.981896787882 695.756046682596 1.89890813827515 3.70011824369431 31.9823588728905 77.9010810852051 130.693217486143 44.931510001421 26.9573171436787 4083.12226194143 9.80707731842995 148.409336835146 280.911045819521 2.8016360104084 59.4279753565788 5262.33813458681 4377.81276476383 0 7.12259414792061 304.145719885826 67.9551306962967 945.898964583874 39.5179933011532 382.23718047142 15221.2486360371 3253.6969062984 108.571821421385 237.257698386908 439.222113490105 65.3267705440521 2.91473567485809 21.5928780734539 2356.33192390203 18.3148254454136 958.448888540268 1347.45612928271 2004.46144324541 575.703491300344 29.311277449131 9.59166032075882 37.6993851661682 50.3263168931007 59.570041179657 66.6648413538933 8.63956636190414 3.33703881502151 0.905451893806458 0.949456393718719 0.459074437618256 31.0016914308071 20.2344311773777 0 0 0 5.43547379970551 1.23952442407608 8.14601147174835 0.386244863271713 84.4470950365067 0 107.108602315187 1.87780779600143 0.486918479204178 10.6525158584118 31.2104469835758 75.0685038268566 107.4029520154 0 6.63517993688583 6.56336763501167 16.6265545487404 10.9967639744282 82.3150674402714 431.029214829206 525.005543321371 5.67486819624901 8.47640180587769 6.84008568525314 16.2085677981377 0 0.410589545965195 32.7231057882309 8.75451475381851
41.741513133049 6.94887366890907 9.9850951731205 27747.204120785 9.95479726791382 620.249199032784 460.314913064241 426.195504963398 477.667298316956 16767.3042522669 27.6427993774414 30222.5386703908 7.95382678508759 314.520151287317 193.580595374107 3.34526997804642 0 1.34178268909454 7.12259414792061 0 11.973382294178 4.6251939535141 18.1908106803894 1896.51787626743 0 11.6228978633881 30.2850902676582 5022.47814932466 206.46010145545 28.3596867918968 3.5340850353241 8.55528894066811 9.66951376199722 122.821486502886 6.07121056318283 234.907811760902 5.3992018699646 91.1120984256268 21.9349548518658 209.946853965521 29.5620694458485 3.27815461158752 19.3954567611217 0 2.65177595615387 0 19.3252373933792 1.93175578117371 0 2.35410875082016 0 0 95.0497130155563 0.533206701278687 13.5285491645336 79.6623623967171 5.06572690606117 22.0052513182163 86.3404938280582 0 85.1420350074768 0 5.20067849755287 6.36544793844223 1.21734377741814 0.378254592418671 0 0 23.6540083885193 2.20094314217567 0.721940934658051 0.957111477851868 107.132075726986 0 0 0 117.988593071699 6.39111369848251 4.03089797496796 0 0.324788928031921 0 3.75291460752487 0.540601551532745
413.363577395678 52.7136106789112 2049.04016891122 14.8319414556026 0.637035548686981 320.083770662546 2188.03620019555 507.132403403521 186.328262329102 306.194973289967 192.010697752237 15.640448987484 20.3321124613285 1121.99968719482 15.2373974919319 10487.3585524261 1936.60279199481 42.0859977602959 304.145719885826 11.973382294178 0 1135.52089732885 29484.4908935726 1205.18720391393 22.1736609637737 948.075109302998 2840.70806658268 10295.7409709096 1060.47204235196 21458.1621329188 2.85493367910385 0.464842438697815 204.624805510044 4324.62048465014 226.715674161911 7253.74588790536 870.796808481216 3546.10367017984 1729.65695074201 508.897652804852 41.014280050993 10.5300321877003 216.748303204775 33.2611688375473 98.217857003212 45.7295138537884 21.158840328455 1.40532374382019 0.655873239040375 29.9422042369843 10.9731379747391 88.0532718598843 3.0122996866703 1.72381961345673 7.7233604490757 82.7951767444611 13.7018547952175 48.2969067394733 11.7474965155125 5.37278732657433 0.95550724864006 2.31690526008606 34.9889537394047 0.807632267475128 656.01420122385 38.497321754694 5.47080436348915 15.5111990869045 0.543899476528168 476.688974440098 171.797479063272 647.523940235376 267.390568196774 1.37891599535942 52.2386490702629 370.377103686333 323.822858780622 111.106737315655 265.088868290186 0.315647065639496 1.13903886079788 30.654033690691 90.8594831228256 34.8549619913101
53.1029661595821 2506.75811323524 248.934384435415 12.4363774061203 4.04979065060616 28.8587957322598 240.183419436216 40.4040859341621 2457.09489676356 58.6215240061283 120.802275121212 59.6367765069008 333.591440528631 99.5224503576756 91.0890080928802 2585.26233273745 163.301404625177 26.308023840189 67.9551306962967 4.6251939535141 1135.52089732885 0 1778.15963581204 6309.93644371629 782.320188969374 301.586511105299 5764.41562148929 1459.80779406428 353.491338640451 967.740904480219 12.2468501031399 1.57741877436638 147.865344554186 439.571796119213 53.6948271095753 1531.45870295167 285.647565811872 731.393600583076 398.115196079016 167.682717055082 19.2699161171913 79.0906968712807 77.2044482529163 17.3966124653816 37.7815499603748 27.1558998227119 3.62864995002747 2.20333555340767 1.07774460315704 12.6493950784206 19.9204427599907 31.9699968397617 1.82460001111031 0 1.89403235912323 34.7094612419605 4.19127351045609 57.0772464573383 6.00142508745193 6.55636298656464 3.68859592080116 8.57372862100601 15.79993724823 0.594176828861237 170.993271350861 20.7883855104446 4.39842194318771 9.14358764886856 1.8900557756424 104.486766159534 64.9813905358315 192.644794911146 147.538575768471 9.20379203557968 49.9304823279381 176.805639505386 129.695907860994 32.0111017823219 95.1382454037666 0 0.434987872838974 12.3212182223797 29.2974065542221 8.10273641347885
539.951526939869 259.793117672205 17600.7020271719 22.6436093747616 3.23538956046104 425.873672872782 2531.62863242626 651.183788478374 209.630218356848 384.174045473337 436.782893568277 19.4412099421024 41.3257021605968 1245.34568744898 15.5861197710037 19917.4783255756 8315.54125291109 123.093911111355 945.898964583874 18.1908106803894 29484.4908935726 1778.15963581204 0 1171.73784217238 42.9375723600388 3875.59219744802 22206.8301129937 6733.7260992527 810.260480672121 8574.35143452883 11.6604136228561 2.84796422719955 185.728446543217 4670.44051375985 382.837397456169 11893.4413260818 4771.74771624804 7464.25140798092 4216.82921540737 991.097140222788 56.7875451743603 23.7046731710434 768.07583090663 204.716818273067 487.0455981493 340.485285907984 50.5914438068867 14.7214860320091 2.53249722719193 19.2296326458454 115.583656668663 937.26490649581 5.05579924583435 0 5.79752790927887 128.763257563114 24.4677128493786 29.9692086875439 14.1153737604618 16.6847358644009 0 24.843256264925 30.6489327847958 1.39009004831314 1257.54070666432 295.177093863487 9.50235605239868 52.6931316554546 0.876004159450531 461.024210900068 601.845214247704 2825.74576959014 239.202906548977 17.1038243174553 282.804655343294 2990.26074069738 277.562840297818 64.9026103615761 198.524778813124 2.80169922113419 0 14.8419241607189 193.579367130995 86.7187437713146
403.291916489601 989.343533068895 331.363072454929 3317.15264716744 87.2362760007381 644.973395347595 4946.93893519044 533.842768907547 11421.919017911 1819.76198720932 90.731878131628 1337.61605829 143.344040632248 843.180240362883 1481.18996882439 2818.95328432322 132.129943668842 10.938713490963 39.5179933011532 1896.51787626743 1205.18720391393 6309.93644371629 1171.73784217238 0 333.813824474812 261.533502191305 4326.17980055511 29081.1217422783 1404.04430532455 2483.61715382338 4.68867468833923 5.10391086339951 379.067679315805 801.47568076849 84.1725491583347 2366.67460140586 163.522299051285 814.907422095537 325.263032406569 991.960401117802 76.4815687537193 32.5524215400219 403.861598908901 15.9995708465576 185.140942752361 49.1468807458878 140.796910822392 48.3179932236671 0.916884034872055 227.367894023657 16.4065464735031 51.446189135313 185.472866922617 3.67486932873726 107.146290242672 1243.41138744354 175.885462060571 523.353392124176 446.366139501333 18.2068164944649 97.2151771485806 5.54902768135071 235.259936228395 48.0597053468227 241.324555784464 23.5538206994534 0.512728452682495 10.3754494786263 100.44238576293 296.923000305891 116.960993766785 234.874016553164 2163.47123070061 2.79490929841995 44.1007608473301 216.231982707977 2270.46071067452 381.453435793519 570.793288737535 0 2.68348672986031 68.5377948284149 166.600398242474 26.6057145595551
5.047153621912 3278.92818677425 19.9073546826839 0 3.25292956829071 7.02731245756149 15.8247413635254 21.4135464429855 602.792987674475 8.06513345241547 3055.94553738832 16.525991499424 8221.12079146504 32.0549608469009 32.0899984538555 17.0609401166439 50.8881006538868 450.481818974018 382.23718047142 0 22.1736609637737 782.320188969374 42.9375723600388 333.813824474812 0 1289.90325805545 4657.18802052736 47.2237530052662 31.1486538052559 26.346493691206 190.810320556164 0 1.63058435916901 209.22472551465 4.2491819858551 216.241313368082 1219.41338554025 602.154709607363 108.939171284437 34.5429118573666 7.71883797645569 1806.16430094838 96.6791390180588 194.791430592537 129.67744371295 22.372165620327 3.37891364097595 1.19207882881165 188.382600426674 1.0139474272728 158.321643769741 11.5061596333981 1.27655535936356 0 1.80201441049576 4.5826912522316 3.30535835027695 25.2010848224163 2.16752856969833 357.319159537554 2.83905410766602 605.970502406359 1.58599349856377 1.79927533864975 1.01531165838242 11.886725962162 150.749804586172 123.929599404335 0 6.72778511047363 39.1533008515835 6.97153598070145 9.17989149689674 316.97003942728 617.664409518242 573.429802507162 3.62343010306358 1.40415185689926 3.77581322193146 49.7682279348373 0 0 58.3808742165565 0.572719097137451
173.583826929331 762.436289638281 14765.3770588338 5.41704511642456 3.48669347167015 110.079738557339 412.060373514891 321.939513683319 178.607497781515 113.612093895674 11772.6867795587 46.3306822776794 4255.48744907975 607.575258255005 18.7110644876957 162.395302772522 9245.8664342463 9942.23524162173 15221.2486360371 11.6228978633881 948.075109302998 301.586511105299 3875.59219744802 261.533502191305 1289.90325805545 0 47906.215791136 660.241985082626 361.226794332266 1091.95881444216 2308.98986113071 7.8844613134861 34.05611333251 3541.25989961624 65.3239351511002 4254.43146714568 5455.86251187325 5487.05664086342 2119.35388320684 125.967971086502 10.3999898433685 168.42101469636 284.228613585234 408.819080024958 496.691126465797 138.831374406815 4.59293627738953 1.22638028860092 23.222957700491 8.33272981643677 276.212517827749 227.560381799936 0 0 0 43.4940456151962 10.2466647326946 33.2725912332535 2.44789499044418 587.094769269228 1.70925271511078 681.630299955606 22.8621520400047 2.92833679914474 38.0324550271034 319.503836601973 335.584938615561 735.601408779621 1.60072702169418 24.3344475626945 96.63569688797 148.387327075005 34.071856290102 522.454792618752 2826.29307109118 3348.9016072154 28.61676171422 19.1839948296547 50.8416427671909 83.3408048450947 0 4.22588860988617 170.964880049229 45.4048211574554
107.966991856694 5944.43844103813 13728.3603813052 24.7804628610611 25.3564027249813 135.613864868879 1060.77555313706 198.373309955001 1505.02081395686 224.979776889086 6720.00190454721 98.828297317028 11413.5007904172 495.863420590758 158.820438504219 13546.9380577505 5507.01733064651 1727.57739120722 3253.6969062984 30.2850902676582 2840.70806658268 5764.41562148929 22206.8301129937 4326.17980055511 4657.18802052736 47906.215791136 0 3854.42501577735 373.395241737366 1097.20287892222 3085.29166215658 5.72850811481476 56.244206994772 5032.21020895243 387.444578915834 14468.527436316 7142.85129633546 10524.7151992917 5957.44288796186 820.955901861191 51.6538926661015 248.596335709095 1394.96668329835 854.545879513025 1340.95223474503 597.930233746767 81.3189683556557 5.36752659082413 25.6411893069744 23.4435594081879 925.329137712717 1976.06187736988 9.52560591697693 1.28317600488663 11.415054500103 157.19746401906 47.1652830243111 59.1009909212589 22.7283630669117 609.880694687366 6.86134803295135 862.480004131794 50.1031055152416 3.13120248913765 520.226254791021 1168.0606045723 423.314414381981 1156.64032882452 2.89496105909348 258.099519699812 745.393666416407 2173.32802730799 159.065565168858 706.862996816635 4763.70555353165 9243.16872653365 189.282286763191 49.7487795650959 172.893977493048 90.8409669101238 0.387802451848984 5.5110530257225 475.883178085089 139.089938342571
623.127506107092 114.903309762478 1374.85621961951 11480.9960589409 26.0653475224972 1011.92198255658 22404.4298057556 859.218758404255 3664.30916327238 11193.6065551043 121.124324589968 1118.70264300704 65.6369222700596 1499.2705078721 403.96566298604 3550.17370441556 316.933373063803 32.7323332130909 108.571821421385 5022.47814932466 10295.7409709096 1459.80779406428 6733.7260992527 29081.1217422783 47.2237530052662 660.241985082626 3854.42501577735 0 1972.71375471354 12326.6031332016 3.80515098571777 8.67492634057999 556.462256163359 1901.95665457845 168.585502952337 4451.6562204361 269.529247462749 1702.71247106791 715.909559071064 589.270686209202 95.2633067071438 6.51047185063362 460.509136259556 21.0798622667789 189.230809733272 63.7613988220692 160.912971258163 55.2860594689846 0.719579204916954 214.232149273157 16.9312182664871 52.4292878806591 277.519305050373 2.19478517770767 117.969088196754 1325.00343894958 198.577431619167 466.299589753151 492.420997858047 9.58529099822044 102.792873471975 8.06561744213104 269.588021546602 42.5743610560894 212.857752293348 33.0258160531521 4.78272625803947 18.6448178291321 126.781105905771 304.091081678867 123.360230624676 261.333889901638 2311.50785788894 7.12450927495956 51.5230942964554 213.396183997393 2468.37088185549 406.361536443233 657.014690846205 1.11062443256378 2.28575193881989 67.9946459233761 185.071437001228 47.7057704329491
9121.06546491385 41.1577044427395 130.830789268017 209.996119916439 483.543461233377 1894.57400512695 3704.62417116761 3677.58200162649 892.394738942385 1418.73998740315 653.513760387897 383.714919388294 127.89496421814 10886.3996602297 107.801710665226 144.835432618856 447.639166533947 53.2605053782463 237.257698386908 206.46010145545 1060.47204235196 353.491338640451 810.260480672121 1404.04430532455 31.1486538052559 361.226794332266 373.395241737366 1972.71375471354 0 8423.05710193515 7.65584617853165 1972.73625659943 12718.6341257095 5805.16813528538 124.390677154064 2220.53020277619 234.010843873024 1879.51824477315 280.289508759975 611.15352666378 960.285501360893 18.8182682394981 129.224830359221 5.63315418362617 64.2711303532124 20.5135524272919 31.9719350039959 8.57000359892845 1.6392285823822 72.7147372663021 3.5321092903614 11.1042551100254 12.0610863864422 0 15.6725660264492 301.461378753185 40.5538624227047 127.751342564821 34.5957432985306 3.83846554160118 7.27828678488731 2.21835818886757 60.0947866439819 5.48380428552628 66.2641924917698 3.9128098487854 1.43763267993927 6.71996182203293 6.63757511973381 122.522278875113 56.7680367529392 61.1057780981064 570.482950121164 0.866033613681793 18.573951125145 39.197805583477 591.318949580193 119.545696407557 184.14188811183 0.88491028547287 0 15.6402417421341 59.0994276404381 21.6100010573864
6099.04421192408 44.7631116509438 1396.39517530799 50.9709730446339 7.57822680473328 436.527604430914 16630.2004483044 1492.3014690876 1317.83872935176 468.705316334963 239.38053599 50.514936953783 47.9401791989803 4634.52198842168 46.8756383955479 808.617751300335 1815.25253134966 46.7134524583817 439.222113490105 28.3596867918968 21458.1621329188 967.740904480219 8574.35143452883 2483.61715382338 26.346493691206 1091.95881444216 1097.20287892222 12326.6031332016 8423.05710193515 0 4.1343939602375 7.81933110952377 663.357259422541 4325.26485148072 136.519589990377 3652.74043530226 385.609583437443 2130.1031525135 776.300873458385 299.273918181658 79.5270938575268 10.4838717281818 201.210957050323 11.4644111692905 106.370635986328 38.8401808142662 45.0131257176399 10.9539384543896 1.12896311283112 92.9731648862362 8.75842869281769 60.4755865335464 16.1861725449562 0.958488553762436 20.8497625589371 366.292891323566 41.7583370506763 174.436562389135 44.8682290017605 5.42343166470528 7.2595422565937 4.32736083865166 83.3866108059883 1.02668300271034 254.037792921066 29.6231643855572 0.430570304393768 12.4822436869144 6.49722722172737 352.066970646381 116.824997633696 261.848732113838 777.252010017633 2.4321194589138 41.5169993340969 182.602865517139 806.109435915947 195.35434165597 353.629564553499 1.38101398944855 0.840460956096649 25.7517282366753 114.670313358307 25.3755169510841
