0 123.016429354881 97.1288297377353 83.0258097578047 0 68.3007285624187 32.9989439330243 46.8412992513572 68.9163177374766 69.5296843321465 100.07206911014 88.1452647143137 85.8610038502412 22.3562974339601 93.4656911991497 99.1771636208798 97.8985435628595 138.503837621705 114.202603383829 81.8134713597888 72.4311032084049 76.5278275667234 87.8345171302579 71.6336493201274 129.750421566101 114.63947139652 127.236936793626 71.8599465377122 21.6438393829475 29.9495698737451 135.819822396345 83.1687286520628 37.567278010708 61.2780278643629 123.744089775319 73.8371118422618 100.289505730571 71.6909381022725 86.5275411243388 75.6599138308959 67.7217353093823 143.679071557127 149.734272888438 135.867940820283 145.216589353227 160.123779930519 137.321168780484 188.003830002451 0 137.795413402883 0 173.659153591706 151.755329396269 0 145.300617865023 139.820303848282 167.197330563248 81.4231768565089 143.555162162249 0 0 155.082412719727 162.097091404617 0 121.844726890351 0 0 186.848279691583 138.565292358398 139.054166400824 98.6540522174837 155.703079342941 119.275339510223 220.375823974609 177.67013942571 168.921818722907 131.846479623055 152.99663151642 139.69054900934 0 189.4384765625 143.079488118763 153.233418325422 166.008641371216
123.016429354881 0 45.0749167702593 183.185882568359 127.457657244203 134.169495941071 118.836537333052 139.304383136287 71.6808226371554 134.854621468241 59.7583342544208 95.762537073804 45.6160111752912 129.744904632834 106.38730375507 65.2480817844592 55.1569571964834 69.3012342134096 53.6547901284893 135.20800906444 94.7059577501731 27.2436088187653 67.1685745109903 79.3548606430721 24.5171215695332 47.6247773208499 29.4941016404147 93.2234510724257 119.800025542873 102.018142299623 61.7056898842376 97.3317565917969 115.354568114 61.4383432684542 141.65312643045 75.1712636610688 46.7640654290697 58.5865990820131 60.5370164977626 94.2183090219619 0 44.67139836163 99.5244313667061 73.9279663050787 77.6076911114815 87.8296386895883 107.002081144299 0 63.843474661058 0 31.6744029968078 63.5966813881959 0 0 0 159.784006107395 0 105.607604601876 226.426345825195 74.2888077217729 186.009682090808 64.1421914097197 178.608856201172 0 103.071232047947 72.2193239764714 93.9468454097125 85.0177874037265 0 168.422410512092 60.9492919138588 105.154308002131 134.143548049289 32.5886069107349 74.6872865845592 67.2271842855924 154.746331722699 176.853389978394 137.524459838867 90.7222732543983 0 0 94.7326956408411 178.020635729194
97.1288297377353 45.0749167702593 0 119.076005522781 152.073892173624 115.228293662729 95.6314821734356 116.227076539179 106.166446497281 112.791124530886 78.6609697326105 137.916917477252 95.9055322374678 111.935334024526 136.293406748791 80.1162317859927 40.943816813841 75.4072165482665 57.0184049360336 118.31104726531 65.614151128177 65.6494933307724 36.657878233035 94.7412746007566 88.431521279784 27.670113347043 36.0286471044824 79.1934338538339 116.627082324938 83.7828350757839 83.6992908816 178.054504394531 104.417503463222 57.2720613876512 130.984545275299 69.4000700754049 42.280775923837 53.2335008331626 59.8485833381063 79.8681279127241 107.128137210105 90.5280279752286 118.253356192018 92.6751744040614 103.58144431304 112.075160367769 167.024862733965 181.638107299805 120.943436846263 161.750111415847 64.2912717057164 91.5266627610017 200.029221840414 0 0 169.821912859719 183.744508798736 131.749444264161 196.48539630134 130.299239748292 212.320159912109 112.181434665572 178.711456429112 131.312088012695 121.474889442598 100.630739278144 136.358371019291 117.046334935425 0 136.614603523724 71.488340551416 112.429971252296 150.209988049019 103.024956125176 100.182805288548 89.5587135299391 160.208665939295 172.394549510917 152.293504451813 149.083206176758 0 162.23405348419 102.238793974487 158.543547167858
83.0258097578047 183.185882568359 119.076005522781 0 89.182215962555 66.0450779331849 47.7200752983183 94.8713124311076 60.743438781739 22.8726067471459 148.568883524199 36.0657457706131 126.511243211403 98.7385105103434 68.1570940503335 100.012734068639 164.363867137223 159.968322753906 189.736525384578 10.8966979269503 100.426472965479 101.100766765995 106.642509596749 21.101475222146 0 144.972239056791 136.526453163358 15.6165372371806 102.227875854639 92.9624523226843 188.385971069336 139.759979248047 99.2460460398461 104.184579555919 151.105161985148 99.4875966668231 142.735578005374 102.588529784197 118.255670175355 67.6473860690778 109.113887126243 125.18985748291 105.915188516565 213.892303466797 168.371093839463 160.545486735019 108.22212778277 198.383942042318 0 149.05672111109 158.338373231907 155.985855102539 51.9443272506058 149.626861572266 148.096316400009 140.161296769779 160.000370181635 86.0288771216468 138.239599346787 233.743392944336 92.7414616117392 0 171.047792305667 117.773187987881 162.173799947713 0 0 0 79.3129888810409 169.568166938925 118.900097336797 183.981974129429 119.35875946699 0 241.879608154297 188.175151411621 142.37172989649 165.245018974656 153.057763503724 0 232.274932861328 154.191286457095 169.845948610417 192.705880572768
0 127.457657244203 152.073892173624 89.182215962555 0 17.3526963316512 97.6106013385181 27.7716153350731 48.7818493243966 106.490818175916 65.8203256658596 50.2332416559279 83.7671149750398 30.557953168382 17.627773392335 0 162.801086425781 121.74708564357 140.671246218105 93.6654024924104 123.092803955078 97.1426718689292 144.481018702934 73.6812645895415 160.446311563252 89.6327899897384 140.524872159642 98.1393736410808 18.8511306750063 112.572130168527 0 11.5086111231801 125.004295349121 19.4876811653417 115.758534492053 75.4901911173574 151.543195016591 45.9472714107747 46.5929412841797 12.8853172178853 8.75936297123257 150.337930568714 82.9512949020768 0 0 0 84.1357879638672 0 0 0 0 0 0 0 0 159.908131702632 139.600494384766 0 144.416964620016 0 92.0495681762695 0 0 0 0 0 0 0 133.59733581543 154.210556030273 107.374580383301 0 142.391449776778 0 0 206.525436401367 144.975735128132 0 159.975654238954 0 0 0 127.825439453125 0
68.3007285624187 134.169495941071 115.228293662729 66.0450779331849 17.3526963316512 0 48.4105319468515 22.4661489713741 60.6492252441305 24.1630020647807 89.9147580689721 32.4439618838444 70.6125471605997 38.6359546022388 24.418851646151 106.208103283673 122.193940209544 137.463585312762 131.153275738554 56.0126469549297 93.6391286712471 98.0331071409529 103.835503355851 67.6182729208646 150.095642106381 130.08263100046 128.246575296141 64.8899451035165 30.2915182748482 72.8090812470793 0 17.0496877859364 92.8013175197175 43.0081136208609 140.544486391329 84.6655210263088 109.869849515457 73.8285570118734 94.9025113697905 18.0387383671958 20.2599572778719 98.1958708496557 128.779553582958 179.279744659587 187.664061694266 196.332934446518 110.118272825295 179.59868095138 0 152.278712865359 173.858657258852 171.982623590576 142.036284198114 0 148.20791971576 140.882742752343 158.217450781374 83.5182826416213 148.90580069151 212.256981807414 95.5214530183486 170.03658440061 166.688545638932 112.985613912872 141.625857576029 191.728514410831 153.342544555664 215.079086303711 143.344343546596 168.681001399705 144.720379409041 183.351394759706 122.347530089866 143.849655151367 183.653524355341 179.002988939916 137.138271776373 167.7664702888 154.845215058006 174.910518130158 211.410858154297 145.764951798957 179.560098694076 194.226273859906
32.9989439330243 118.836537333052 95.6314821734356 47.7200752983183 97.6106013385181 48.4105319468515 0 61.9650972022052 60.4929157385413 27.487332690983 134.676523658376 59.8935958809796 108.764285275218 44.149365763686 81.866429815245 74.4624989918076 113.958980963714 154.977042222765 131.141822462768 32.3954708856307 68.9212941958382 74.6689571474971 82.7991072057616 50.72861481878 143.854637140594 120.937099473142 101.194390358375 33.8566096933231 65.9584234491734 26.4328888891605 170.140296569779 115.169485820358 70.0811546697999 82.2192286987379 134.325986311648 81.1151962798534 103.81460025203 84.7270048430364 92.0779966571862 75.0822413176582 84.0293492905053 113.853805181643 130.180464966753 173.135219065413 150.259612629561 151.800440482069 119.924860405862 157.597825524071 195.166135258778 137.741467572924 160.053582361979 166.076081737786 136.873921369625 142.539379095407 141.893415082651 129.395979776265 148.395601460291 77.2142159156646 138.288966072234 192.048013382398 110.412676347265 202.182109023748 157.922821968812 112.44910200628 131.84003400736 191.926039114132 206.15576171875 183.816228752684 133.715397083759 140.794989971909 116.151388733744 153.651963808409 110.228838633566 159.52486312017 193.195949036764 156.897967419745 124.201935297508 150.702281070037 135.935866878374 0 202.895484496593 147.734512706149 152.897643928057 187.548511581535
46.8412992513572 139.304383136287 116.227076539179 94.8713124311076 27.7716153350731 22.4661489713741 61.9650972022052 0 85.3184278843519 49.8744996526158 73.6989063402497 70.1543510825499 58.2796929473279 21.294691996847 37.0318938087368 121.446434784609 123.030965948438 112.211201726139 120.876788720973 86.1549095505005 97.0130220194071 102.477050081705 108.755345070438 87.2777663099373 117.073603091531 127.573672822067 134.614499724354 89.3625479059496 36.0039353666175 74.1831612443192 110.948255354309 23.6556524517491 82.9087772725041 43.0985296448991 116.184516694979 77.9193712336225 87.6321696160805 61.2764322746116 73.5805729899831 26.9298584447275 25.2435865930608 67.2080877686186 157.015325478846 175.252944946289 182.30873947211 183.813343017138 147.617683945178 171.65722689609 246.664993286133 158.214051080723 203.337828253414 168.005063573606 158.39286542417 0 165.434974717975 150.515966941359 163.658728243441 105.742127471352 162.01064664713 219.636199951172 103.937843690152 116.145514919704 192.794357975726 143.845111371508 166.29735944338 192.82185375838 230.684051513672 182.719652058376 155.472907075091 159.019238536606 126.16051664939 180.896083530948 134.738607877256 0 186.033435601308 183.644097374852 146.964505099299 177.456079322235 156.3310676286 197.555297851562 0 172.359165621045 172.46277317488 178.333351738967
68.9163177374766 71.6808226371554 106.166446497281 60.743438781739 48.7818493243966 60.6492252441305 60.4929157385413 85.3184278843519 0 70.2685979246198 128.042462815647 22.1727762013812 115.30067996511 85.911063848338 26.5298136981853 60.3336702198159 116.129354304511 140.2492649559 133.370029637807 55.6187522551437 79.6823797357921 24.3631860782667 101.369042616852 28.1196117788854 98.2687535998412 124.792460516819 93.5641724969572 53.3783096845589 81.3380690148541 64.7193445631442 136.587797048707 96.309797129541 69.7806330074641 81.1189254037355 132.571139048927 74.121169511397 109.776302759955 87.0340696184695 94.2564780228826 24.5137517884673 88.8473509751007 115.079193875333 95.793955142422 126.410330675225 106.459971461303 118.611581719384 60.8655804876873 128.391282209758 143.782730102539 93.8989614527473 89.0210928501992 108.787368404204 83.9042265538507 84.3459949744416 91.2603753808177 80.5967874891367 104.116606215013 25.88065063293 86.1026434039396 150.427769434219 51.9655674098715 156.033546168034 107.219919496642 60.0631848018564 88.7318167828429 140.975742097288 163.605747870176 158.257517066316 76.6427949802425 103.151331271825 67.0118153533198 107.591735585574 63.6892263025792 105.805665764444 162.096192002573 116.093446576632 80.6949025457052 109.748598858864 90.8232021545156 0 123.465057373047 98.4257330254923 111.125788575197 152.075917928297
69.5296843321465 134.854621468241 112.791124530886 22.8726067471459 106.490818175916 24.1630020647807 27.487332690983 49.8744996526158 70.2685979246198 0 133.42468856291 24.8966936193966 117.67741318947 64.914036183459 73.8117725101333 96.9815890021451 136.364423970025 157.897010507122 152.861490980677 17.2695171154775 92.1800761759907 93.5648596684198 102.96712267337 56.3316105496929 168.610737380213 145.864139898336 129.020901758817 29.7251480112232 94.3625351082851 81.0760053860165 175.662528219719 120.218489868673 92.9115682741936 98.0935267786032 146.374026474581 95.336059939956 126.283493815117 99.2386023380897 105.157064200178 74.4179880142918 96.6493142823501 125.049965434124 122.448085087046 173.624702529146 175.009231054878 203.004838412374 119.601160199005 173.55699138845 0 149.63527442373 173.060213717843 159.806235796541 116.947356833022 168.119611228747 149.295579288834 141.772829007336 161.709478136159 93.7213896783187 150.163262761316 206.446256383104 78.9056258830345 149.636763554201 172.651957958595 124.222454525067 175.134938404066 192.576112781299 212.274688720703 218.267356949872 146.510639246244 167.628368109551 141.82600345048 180.479471251917 122.239228657227 165.075958251953 195.918743537959 180.851646168921 141.238349276525 170.495296064907 157.104319042687 0 0 163.922510853784 172.315428363234 186.930692725494
100.07206911014 59.7583342544208 78.6609697326105 148.568883524199 65.8203256658596 89.9147580689721 134.676523658376 73.6989063402497 128.042462815647 133.42468856291 0 124.211320122415 17.4245490800826 76.100129850203 108.193950667638 114.723340420106 50.927878409075 21.3864961413337 26.5277065563485 145.416873977441 100.524380166129 101.927108325402 84.5204515296472 140.40577904605 28.9493091797278 29.8487213233204 45.3726035894398 115.441152386829 72.9922674505622 110.104486138143 22.2974933472746 60.5466858411889 90.9005039593664 22.7167519096792 146.136702254925 82.1553262027425 24.1343802154544 22.1181087206087 45.3139625093663 68.341637460537 52.3366725424075 20.8603205687795 147.15387193774 64.8857392773866 117.923447712502 138.117941269586 134.049865722656 0 42.9884630949199 193.303127069855 73.033888007891 150.197236795451 0 0 161.776770777329 204.112876039158 177.385084250685 152.912205886846 207.185913085938 74.0585351054876 189.710676801654 68.0670595970661 174.949960238696 0 172.668995911783 127.725528498117 89.4147776885356 108.577991190271 221.479598999023 158.522958374147 113.399437212408 160.483344250189 179.996108398948 60.577992596963 93.3978545979598 100.046386660885 188.718255011337 189.353858933441 188.362608385392 88.5254413760634 0 168.542625311679 115.145684377313 164.661960896513
88.1452647143137 95.762537073804 137.916917477252 36.0657457706131 50.2332416559279 32.4439618838444 59.8935958809796 70.1543510825499 22.1727762013812 24.8966936193966 124.211320122415 0 117.567173003864 88.8377517052217 17.9752781967712 99.9881181227823 149.065348374266 161.53149626934 154.009628719382 12.4989270541434 129.126624669352 64.1844241580738 143.294691257965 30.9321619313929 132.191661558365 158.218632000268 128.076772091152 50.2477044493755 98.9230995095503 106.310603204056 0 100.309559003542 93.5029033424714 100.185314259651 153.963767748399 85.2405199491797 135.892580324452 105.006737171858 109.212340869413 27.8506029397594 95.652593390466 115.228310361184 74.2066256751746 0 185.323860628934 194.253858111693 69.8730605721833 140.338225227561 0 191.057054978444 192.969345092773 145.019927978516 70.3339351096326 109.312971249171 96.8644654010066 120.628061063756 122.650096404967 70.359940966974 111.633200936206 0 18.9967350559827 131.774648622756 132.953694674968 83.7310460832895 116.937647520633 204.711441040039 197.682854548159 0 75.2929129305481 125.945806247714 128.47876654921 148.779547783346 94.3493176348422 0 175.437616979661 160.802569112924 116.588755975232 146.238530132682 145.071993463165 0 0 137.156616210938 136.765660511844 207.497215541064
85.8610038502412 45.6160111752912 95.9055322374678 126.511243211403 83.7671149750398 70.6125471605997 108.764285275218 58.2796929473279 115.30067996511 117.67741318947 17.4245490800826 117.567173003864 0 68.1864343703633 130.754887589363 117.26429734644 87.4432356435781 47.5140726774563 56.8753462040801 125.901290692253 124.888044304867 85.8205505308424 109.33801708167 125.861120614913 17.2962324629347 19.9024617266998 21.7809036948242 115.197456246021 69.5605897556303 123.297110294868 8.48756509916806 42.6745196267138 74.0582745693596 30.5693736451024 78.3670807110605 25.7430548481229 25.2915911799426 18.8102323495406 15.4019658180999 37.4763253740585 15.1173238928385 14.0362837288917 81.1215441112337 46.192258430302 81.548499530298 45.340644279888 90.0103104733401 79.3194638690719 31.0936957475785 163.243885570337 65.4716453310026 138.046784191704 0 0 158.284391024103 194.649579043513 212.921414938268 127.547234862266 0 63.9228925077051 0 44.274565660759 194.835900903924 184.405151654836 157.626560841138 114.994492266908 83.7600286797718 96.4487892437224 0 158.840058392931 93.7142131667725 151.326910791098 148.672583478172 43.6161055199388 82.0694539974637 86.8905176371975 183.489505955274 203.662052809105 159.598837448971 76.282636102523 0 0 57.4911850471038 89.8726293342482
22.3562974339601 129.744904632834 111.935334024526 98.7385105103434 30.557953168382 38.6359546022388 44.149365763686 21.294691996847 85.911063848338 64.914036183459 76.100129850203 88.8377517052217 68.1864343703633 0 62.5034071435935 114.264952825444 112.744852390652 111.760929686366 117.5984318511 94.428794751697 90.6049685875247 97.9872875905578 101.74107325721 88.7410611708552 115.302182313894 121.091256308554 129.625007306349 86.2766168301644 31.0694349534281 63.4989643453057 113.99240285139 17.6900483859978 61.1113047342822 47.0513892102298 116.096957231207 74.4494736580353 88.988781614873 65.2484976358082 84.9016821631733 42.916845532573 31.8400222958612 79.1488723002732 164.165147299482 178.209211190213 177.852569828094 172.825468750497 157.553991136273 175.335090110118 199.048621686615 156.885418661338 173.498286153366 177.035210667896 161.768371456781 0 172.177800434637 154.067855294406 172.281548724264 98.7569008527354 157.990512205578 169.104549601731 121.794218916696 126.517073405665 179.174851586498 138.267421830643 146.661516397356 201.048256592201 167.358719846802 195.006976258245 160.704889522751 149.975891057574 137.052002491287 167.163310077451 136.809976374247 160.03222183012 172.518341534659 174.400269871659 147.88310539956 172.414065693583 161.743873477341 0 0 165.728538328372 164.156041136659 159.735949962965
93.4656911991497 106.38730375507 136.293406748791 68.1570940503335 17.627773392335 24.418851646151 81.866429815245 37.0318938087368 26.5298136981853 73.8117725101333 108.193950667638 17.9752781967712 130.754887589363 62.5034071435935 0 95.9904627504926 143.060408212149 175.379257202148 126.986098036132 57.4185164942201 111.314792477312 75.8219280173831 133.420429896314 44.5053535512245 134.566753468815 158.681928021122 121.453396083185 74.4824905808838 75.8956405534095 102.301710131259 0 41.4854176103373 94.5744942496391 68.7855520324315 152.042246500687 55.7574860884523 124.955678175956 105.340280738099 126.741016084603 11.585195398866 42.8749492408744 74.0586635575524 110.551599735526 209.699417114258 168.638053708302 140.981811523438 73.1349685800044 146.575760298425 0 121.823600769043 0 175.633346557617 119.611577459667 0 118.07387058133 116.454326582121 148.028487991781 69.8732082751974 118.61643857306 203.647277832031 88.8549815493124 0 170.759566992891 93.6860644350173 129.452052440797 155.834405548243 0 0 116.029047314958 132.410994004717 122.506768943231 137.890226247897 101.954955786636 0 180.38278092374 151.820985952711 119.47829468479 175.757561619124 153.06726944374 0 0 122.49683380127 137.73469543457 0
99.1771636208798 65.2480817844592 80.1162317859927 100.012734068639 0 106.208103283673 74.4624989918076 121.446434784609 60.3336702198159 96.9815890021451 114.723340420106 99.9881181227823 117.26429734644 114.264952825444 95.9904627504926 0 100.339080039485 129.722528416268 117.49627891568 86.2445373469747 22.2084583236061 33.3895897074826 18.5970299790194 36.6115621965929 101.324421161169 107.028690595643 27.01564138193 37.1625631149955 92.9162640042204 74.291945703899 149.69826169166 178.026702880859 70.7455847188933 67.7330260130492 130.192021363606 67.4259232097366 56.9515114427481 67.774237700232 71.7591743780996 81.3275989183681 82.8456728469767 109.338427126594 105.61467765271 91.8000328325493 110.481168773557 109.284756824056 132.534814681464 121.521716592804 0 124.967286594782 111.238546441491 111.260609561397 153.320824564568 0 161.401961340517 141.255427874517 161.294947949996 73.9844385411973 170.227133318476 153.061843050844 117.248334104356 152.026959886814 151.348889447066 0 84.7591516192137 127.153215749341 177.822884819988 143.434880790024 0 104.747576518054 54.7813921463999 98.3837672939486 109.904722360431 142.007909727963 146.952512822368 100.109123227175 113.398766886442 129.721768521054 109.588509186691 182.353698730469 0 109.962739884023 105.599552268978 175.130180395784
97.8985435628595 55.1569571964834 40.943816813841 164.363867137223 162.801086425781 122.193940209544 113.958980963714 123.030965948438 116.129354304511 136.364423970025 50.927878409075 149.065348374266 87.4432356435781 112.744852390652 143.060408212149 100.339080039485 0 47.4108326766288 23.7370881313151 0 60.0871434664486 85.1637144114943 32.5863647794625 124.763000194767 63.7529209424796 31.8141993723688 63.3713234546261 104.286595805199 98.6681264437959 74.7787614522702 85.489629871007 132.295692949328 93.6969447663428 39.9763986117349 144.328599020684 77.8699948058441 41.8867833306348 51.7712268605284 64.6493311659592 100.804685721182 109.756175624303 89.3962701754917 136.751661112139 102.476092123996 111.055055329377 127.472730296339 153.140424642766 167.27131652832 115.852256774902 152.622467041016 74.724644231894 113.835473756235 209.562561035156 0 0 189.329383697109 204.668796136733 156.192325884587 222.844354942673 118.142286620215 0 116.932138873015 188.715769994388 217.503509521484 142.728511909285 111.562395280329 123.190107672805 112.355384136143 165.397201538086 160.405656970144 112.758220157456 139.794878958038 172.132412327036 99.8419118296439 102.66370636697 101.909408599754 170.18054729665 185.470918820853 158.415500577809 155.156168635378 0 185.680572509766 126.626085492771 153.058328693334
138.503837621705 69.3012342134096 75.4072165482665 159.968322753906 121.74708564357 137.463585312762 154.977042222765 112.211201726139 140.2492649559 157.897010507122 21.3864961413337 161.53149626934 47.5140726774563 111.760929686366 175.379257202148 129.722528416268 47.4108326766288 0 17.9179637799059 184.129531860352 115.115783425594 107.715013391079 97.0555970104922 151.329696014156 43.9192648404748 22.826859577077 56.1710116136048 104.828438272061 107.874818862957 124.492368357587 45.8737619605888 95.0692510220956 104.600649375667 56.0956177017896 148.881836640668 86.8616827662495 43.9166178986637 52.1905705545257 64.1743477826629 101.011892631476 199.801528930664 54.0348985679174 146.361446531472 78.1940968611207 105.950454311982 95.9133224487305 0 0 83.3936907384247 0 82.9021425447455 144.682935321681 0 0 0 179.277449660189 202.289748857493 0 0 86.735263419493 0 80.4185051590519 184.289198232041 223.478729248047 0 139.883460349749 95.8315458777583 110.59718371777 0 180.033579335705 134.075280775855 169.324679537754 179.241121892572 70.4927200477304 99.1586703875964 103.975780634162 202.551235142923 131.439102172852 180.490178717571 95.0159213993575 0 0 112.881956146755 134.780324042637
114.202603383829 53.6547901284893 57.0184049360336 189.736525384578 140.671246218105 131.153275738554 131.141822462768 120.876788720973 133.370029637807 152.861490980677 26.5277065563485 154.009628719382 56.8753462040801 117.5984318511 126.986098036132 117.49627891568 23.7370881313151 17.9179637799059 0 163.255921331777 92.2581271361978 103.575006513679 72.0761415834007 135.903339060821 44.4701092912678 27.4694126607192 58.9291001581516 111.360145422514 107.592771438992 97.9284931753668 57.2134923782335 82.5350306106148 104.456731377286 41.1372369206932 128.667555457784 81.2956546555901 41.0085991275047 45.3411185102622 57.1816900187996 99.9233395177459 129.04919091623 56.9697773781787 138.798952170141 95.409977091387 108.573874325266 128.452393552515 170.419634525513 213.243362426758 80.4651565551758 141.479461669922 72.7818760356975 134.884784125545 0 0 0 201.405548719411 200.501805730461 147.863377835534 228.814147949219 94.7085355160846 0 85.7864062003569 192.996859525078 236.872680664062 144.833741193772 118.675300996514 100.146758003076 105.760900622766 0 159.447156632502 116.354630537849 157.937690971326 178.131455966985 73.2906012339808 97.7891646893429 99.002997718444 191.711925663213 196.729260112716 194.16637551775 102.981426335588 0 183.822235107422 122.333516599938 159.951441997034
81.8134713597888 135.20800906444 118.31104726531 10.8966979269503 93.6654024924104 56.0126469549297 32.3954708856307 86.1549095505005 55.6187522551437 17.2695171154775 145.416873977441 12.4989270541434 125.901290692253 94.428794751697 57.4185164942201 86.2445373469747 0 184.129531860352 163.255921331777 0 113.010559750325 116.015026769252 125.36622515263 22.5202201282734 0 176.082154227957 150.499343400529 24.7237346792425 101.575179975705 109.111518775928 180.841146964718 121.811822664074 105.696558349255 108.923361698179 150.883718995873 98.7128858220628 124.566484285746 106.366757906055 112.902163610964 60.7552473075366 104.499645141231 136.556107654564 85.821597622254 0 160.36545514703 0 100.938645804807 184.128746485549 0 170.543057419192 0 0 71.3479926893489 138.651672363281 130.057777668807 135.079122145648 156.669612146961 96.9596711666407 146.273191871112 0 39.4609572850641 0 181.459445165534 111.544524239993 127.316805042009 146.705429077148 0 0 145.541614766428 156.884792939497 112.73348236084 183.411969130122 119.697034435797 0 0 0 137.827804620813 177.540913160792 141.919866521934 0 176.522735595703 0 180.909769636595 148.824584960938
72.4311032084049 94.7059577501731 65.614151128177 100.426472965479 123.092803955078 93.6391286712471 68.9212941958382 97.0130220194071 79.6823797357921 92.1800761759907 100.524380166129 129.126624669352 124.888044304867 90.6049685875247 111.314792477312 22.2084583236061 60.0871434664486 115.115783425594 92.2581271361978 113.010559750325 0 54.1942934629715 37.8214868886301 46.8860939296779 127.046935506947 89.8888111929761 73.3286409011493 32.2104254975768 77.9497297582478 32.4118931224679 124.084488306527 141.265640258789 68.8606871193631 45.4165795946085 124.968165555222 62.5115803996223 57.3562486376847 58.3701593732858 63.9905857387453 74.6441461129405 89.0119169172167 107.154770601468 126.132450685666 122.719592474115 131.066323382218 133.923824206252 142.449342394258 163.129645930124 140.185104370117 137.628092476946 124.594328787325 132.290496560198 168.010908343114 157.836853027344 162.439855913382 143.087865992181 152.020685993132 79.0285793910418 165.532785986744 192.459138393546 177.012753018649 124.281945699832 155.283510634326 164.516235351562 101.221351371331 149.811273245253 174.80306892476 172.583815806028 152.077560424805 116.036317814589 76.1219243789851 118.361675393517 115.726147121692 144.03908146903 153.525072621399 122.818378214871 120.906109495624 132.799581471941 119.114438029625 182.988494873047 179.010374272408 117.090089866445 125.689281372387 160.406631488159
76.5278275667234 27.2436088187653 65.6494933307724 101.100766765995 97.1426718689292 98.0331071409529 74.6689571474971 102.477050081705 24.3631860782667 93.5648596684198 101.927108325402 64.1844241580738 85.8205505308424 97.9872875905578 75.8219280173831 33.3895897074826 85.1637144114943 107.715013391079 103.575006513679 116.015026769252 54.1942934629715 0 55.9537290760931 37.004170657664 68.307168679278 87.3101276908545 42.3093078957809 51.6830463991692 77.3222747289634 61.281707828316 103.467611305601 115.814085460698 60.6378064082134 60.2582960162364 122.184474983387 61.3150518847724 53.8821847588381 61.6599847329693 63.2086785933934 67.9502005908425 92.6810436109719 88.4511959405513 90.248566976567 76.8084321437637 104.719673001843 97.3224641184914 80.3379232851047 106.698379351535 107.292505820365 94.1725633944758 60.047649787632 90.3000470313931 133.130319721602 0 116.019188803439 120.835834474365 138.202097844759 26.9834205237973 151.272979835701 132.465178026762 115.424813783329 128.685362700724 103.746041613819 79.9484939575195 65.9997438377396 116.012789765644 138.398161843165 120.588004169003 132.235122680664 77.3431833364453 36.9210464453794 83.986359897942 77.0638041837537 93.8047455918691 115.232304332268 94.579097517052 95.2225399162898 94.3211872008023 80.5635839141099 0 147.195983886719 81.7892880030919 95.8985801690508 165.551918216663
87.8345171302579 67.1685745109903 36.657878233035 106.642509596749 144.481018702934 103.835503355851 82.7991072057616 108.755345070438 101.369042616852 102.96712267337 84.5204515296472 143.294691257965 109.33801708167 101.74107325721 133.420429896314 18.5970299790194 32.5863647794625 97.0555970104922 72.0761415834007 125.36622515263 37.8214868886301 55.9537290760931 0 76.6201310031555 104.498782793007 64.4333316618041 44.8148726421444 56.3726830416633 94.4956513958348 60.6403360596434 114.453078978087 139.586323023531 84.9597859317807 50.8507016289741 126.980962317205 66.1021425026624 46.5952532151481 55.3360607679776 63.3419970054447 76.1443246336638 92.1668941648713 99.7505616840142 119.86872329227 100.61057146866 114.294977351586 117.257879121815 131.697217546521 134.202568627432 126.546322696963 142.877187977317 86.3572170264809 106.754627418276 162.346391662911 0 181.571910527708 158.955484128436 188.964495911996 98.8713646921546 174.966734639021 157.857909331696 0 135.698096613254 170.602363797466 200.364380843681 96.0009779449738 118.349985353352 153.657321056534 140.139577013652 172.531143188477 121.439708253047 73.7047658465947 110.04709463175 131.486580145163 118.030873480368 131.924966247463 102.878722086421 136.218668521821 151.34769912226 135.80355153633 173.066727285032 0 144.478371615045 116.008079855041 154.585498202236
71.6336493201274 79.3548606430721 94.7412746007566 21.101475222146 73.6812645895415 67.6182729208646 50.72861481878 87.2777663099373 28.1196117788854 56.3316105496929 140.40577904605 30.9321619313929 125.861120614913 88.7410611708552 44.5053535512245 36.6115621965929 124.763000194767 151.329696014156 135.903339060821 22.5202201282734 46.8860939296779 37.004170657664 76.6201310031555 0 111.340692295929 124.674330700918 82.2628802313533 20.4219714796542 85.4009079423924 67.6162716706807 152.860100950706 134.548304598885 74.0494734330804 80.8773640068058 140.484547705056 78.5873490741118 99.7592425025466 89.1532589051465 90.6001150084019 49.8503675540127 97.7240142991786 128.133354609041 116.20711215698 143.726958183212 133.473114383518 135.735006530183 110.421255813841 141.572727079226 197.193636055257 119.355809319053 136.247732349289 145.848257620782 124.801520496345 145.671572796222 130.5464383769 115.618409790642 134.382569616961 60.9620980030411 125.791483622753 179.084018321093 97.0688714219132 183.79459244677 138.977981342731 93.4298322755573 103.207894014177 160.198214620104 222.902130126953 178.458668060299 116.178421903992 112.279088656225 84.5160662949495 128.130472963165 96.1127573641924 172.154482213244 164.418902553273 139.788180248512 108.195621882955 132.199662091496 115.974050251489 0 167.730126582115 117.133925011503 135.688058585733 176.472087333204
129.750421566101 24.5171215695332 88.431521279784 0 160.446311563252 150.095642106381 143.854637140594 117.073603091531 98.2687535998412 168.610737380213 28.9493091797278 132.191661558365 17.2962324629347 115.302182313894 134.566753468815 101.324421161169 63.7529209424796 43.9192648404748 44.4701092912678 0 127.046935506947 68.307168679278 104.498782793007 111.340692295929 0 38.4261889044918 26.9842758005623 119.130739456782 107.698673639275 127.796831106183 38.4173750721165 0 136.870339937863 55.6790386552285 138.715657535435 71.7561665680113 23.3579281251304 46.1110790184772 57.6132342988251 108.878938590054 34.0037499787954 15.2976531735639 77.4333436884593 48.3136463222624 69.3639010770189 73.520178627483 131.447715481446 32.0751037597656 16.1009305022578 174.78417991916 32.5521378160688 105.236554688214 201.253232013823 0 127.696768227908 177.637579188846 123.695118068621 102.377943412846 165.823316621244 52.4324588506827 164.930652726692 38.1058194412736 148.706798421071 137.166980898379 97.2618699392283 89.5449591581626 64.5317632180605 71.4105595077294 0 123.89945117363 61.4920756127016 113.437621938785 139.856278444479 26.6632945631791 62.4877163494749 61.3133743997751 162.580471751643 124.23618558142 135.988217421061 64.6398045926909 0 0 75.114114150415 118.077270507812
114.63947139652 47.6247773208499 27.670113347043 144.972239056791 89.6327899897384 130.08263100046 120.937099473142 127.573672822067 124.792460516819 145.864139898336 29.8487213233204 158.218632000268 19.9024617266998 121.091256308554 158.681928021122 107.028690595643 31.8141993723688 22.826859577077 27.4694126607192 176.082154227957 89.8888111929761 87.3101276908545 64.4333316618041 124.674330700918 38.4261889044918 0 29.3729578617564 95.4552316812968 115.257618000888 103.078282836888 20.2107186338678 120.550379287668 114.742603708887 56.1523095826505 136.596953095011 78.3449922640961 43.2490023989351 54.5431897292552 63.1074825297552 107.255339560154 125.482865558556 58.2757448150667 128.515110725881 85.9619753726247 104.476972725798 116.210317734526 181.637245257197 144.920686502022 84.4690711308913 181.420737913178 67.7878928191856 109.613215373226 0 0 0 181.769222469166 170.396848005346 143.656657628518 202.013281910421 86.1948782843359 168.017554060171 79.3909848203292 181.151417171602 162.481144442983 143.28815466221 104.081961018222 95.2179314049852 98.3700783752046 226.186151930076 158.173308565292 97.7305399900845 138.821964762312 171.763907364793 66.533112004247 90.9337303358544 90.6648236456029 183.021908981838 171.12069322472 159.634449846665 96.115319925005 0 181.855515087656 102.088566224702 148.500192367518
127.236936793626 29.4941016404147 36.0286471044824 136.526453163358 140.524872159642 128.246575296141 101.194390358375 134.614499724354 93.5641724969572 129.020901758817 45.3726035894398 128.076772091152 21.7809036948242 129.625007306349 121.453396083185 27.01564138193 63.3713234546261 56.1710116136048 58.9291001581516 150.499343400529 73.3286409011493 42.3093078957809 44.8148726421444 82.2628802313533 26.9842758005623 29.3729578617564 0 76.0361822927422 124.258331136345 102.333646319816 20.2406553729316 99.9177310959854 118.477342359826 65.4579428038653 136.848799391349 76.6710402808763 49.1125867418346 61.3938079836718 68.1049535592761 89.8204183218113 90.3485163138421 62.6168160033997 115.186656882115 84.9942347701871 98.4502107614317 108.491942277149 130.604218904606 146.748317257243 82.9552460239493 171.585769594442 57.4384171312682 92.6548804441279 208.422524374685 141.505447088154 177.983080983458 164.715241679786 180.880552588245 132.876648166987 188.907081014725 89.921460936811 162.684806553374 82.2837384722695 177.251069987411 149.491821367642 94.9310104213391 98.3884804424778 94.0494726647247 99.3894749119854 177.816641558855 127.515366913781 63.0273621943595 105.959399453209 142.464806594252 67.2100384807552 90.467171023979 85.4644828050878 152.24180088902 165.790807953967 147.298263491684 97.2390096482335 175.677703857422 153.345281325001 100.795236153416 159.504369631314
71.8599465377122 93.2234510724257 79.1934338538339 15.6165372371806 98.1393736410808 64.8899451035165 33.8566096933231 89.3625479059496 53.3783096845589 29.7251480112232 115.441152386829 50.2477044493755 115.197456246021 86.2766168301644 74.4824905808838 37.1625631149955 104.286595805199 104.828438272061 111.360145422514 24.7237346792425 32.2104254975768 51.6830463991692 56.3726830416633 20.4219714796542 119.130739456782 95.4552316812968 76.0361822927422 0 86.0609527015907 44.441000127268 82.3762732120938 128.3811754747 71.9854588394817 68.1520256512456 134.71551808257 74.7704383542778 89.505563248552 76.3418869348275 82.8949473541005 76.8168584529888 92.2149498528318 134.31488434906 125.553212294019 146.972945597677 140.623078543818 139.268312364433 119.894070884483 145.999475391922 180.850045930915 124.509226460419 126.614803992974 143.157436452359 101.459600742408 141.31912823863 139.272731273875 125.273277572414 143.929993179076 70.8983207738276 139.93367277938 182.066433610456 110.941404319274 177.524593747235 148.421986375746 111.171066140996 109.198813343672 164.895473399559 188.932614230095 177.094693199469 134.440145196461 119.035807962895 92.6487427667475 132.316559318613 105.18753519242 187.285664632213 165.15768816116 144.699520995522 117.539471453753 140.966771955017 123.306812116034 182.610946655273 176.712816953542 124.688335774316 139.771811458772 180.443570131583
21.6438393829475 119.800025542873 116.627082324938 102.227875854639 18.8511306750063 30.2915182748482 65.9584234491734 36.0039353666175 81.3380690148541 94.3625351082851 72.9922674505622 98.9230995095503 69.5605897556303 31.0694349534281 75.8956405534095 92.9162640042204 98.6681264437959 107.874818862957 107.592771438992 101.575179975705 77.9497297582478 77.3222747289634 94.4956513958348 85.4009079423924 107.698673639275 115.257618000888 124.258331136345 86.0609527015907 0 39.5372741911149 119.438486191608 12.1220485301007 17.8102541394041 35.6133104167712 109.224448887134 66.4413492368136 80.2860942292065 50.9652813916856 66.2720216239378 43.0405291379371 25.4409685062636 69.7224128533192 152.181874467859 177.757484336492 159.037743316902 154.246614626903 155.752767876461 176.235709307658 226.847454865038 151.857641000478 131.447623680778 152.230477777672 161.039633613477 0 173.866802564539 153.155319006434 172.521379249134 94.6355001994832 165.090757170755 176.549249407017 133.045536623118 115.850322505649 171.758501251576 171.759528728582 125.596353567072 178.970095862649 223.073532104492 200.327186524559 186.822912716888 135.33120749133 108.880357339958 145.763138721063 131.201203289227 102.145233154297 172.176088025144 159.376551564545 138.612331114339 162.194470869883 145.636695134539 143.80891418457 0 142.091571126965 165.943578542864 179.62178597055
29.9495698737451 102.018142299623 83.7828350757839 92.9624523226843 112.572130168527 72.8090812470793 26.4328888891605 74.1831612443192 64.7193445631442 81.0760053860165 110.104486138143 106.310603204056 123.297110294868 63.4989643453057 102.301710131259 74.291945703899 74.7787614522702 124.492368357587 97.9284931753668 109.111518775928 32.4118931224679 61.281707828316 60.6403360596434 67.6162716706807 127.796831106183 103.078282836888 102.333646319816 44.441000127268 39.5372741911149 0 133.945198371452 110.884735925609 54.5956941522507 43.6692008598556 127.196526688546 67.7123332446687 81.9068464419834 62.9023971665634 70.0654749417244 79.5711215709986 85.6135140186313 115.659804679691 136.203583187243 142.576431170355 142.648188379585 149.805471510354 136.770062145278 151.078474780117 157.555435180664 132.675197729633 140.544976231251 148.27242109585 164.940455601225 173.797398639304 158.117400871639 134.465418159013 156.576071773276 79.4768425594729 162.344159990802 189.483210496409 146.248016424625 163.392741424173 157.802608815982 213.426602492266 112.8615358734 161.345292681259 214.894317626953 174.745956034276 173.769106272893 120.678459395456 87.2020093425117 128.380772231212 114.789546743232 144.58281371219 165.284333646965 142.324367486842 122.695642835493 143.251324422757 128.192827709008 209.766184963531 233.664772918264 134.614995790468 141.915027311155 176.440804418852
