0 161.786193847656 99.3323370713729 156.059310913086 88.3791062844159 73.2881243388484 30.6385797373614 45.6072780943558 65.8446117620917 53.2323522795842 99.5437196273766 88.7867668842956 86.5968446843231 19.2147923142393 78.8990874970438 96.5718995078285 96.7011379242162 137.252287358462 111.782518114913 98.0899579948267 78.4475853844471 75.7375323840614 89.2292518837397 79.0829723972319 119.012588500977 116.549638541826 123.10905327383 77.7444681133658 19.1153132687862 29.3690709877987 0 90.8788305596168 30.771546700059 54.1002037601219 117.464171884202 69.1672127765359 87.5742455535414 69.2238367371788 80.426597415653 65.2392700395269 66.3346353475705 101.616821289062 133.672947293375 0 167.477513784158 185.843142369613 0 176.564361572266 0 140.433981645014 0 180.756622314453 0 0 0 144.987158249709 0 103.205214372867 0 0 0 0 146.801910337825 0 122.715897182401 0 0 0 0 132.536492384084 73.9471099566518 0 114.995566967903 0 220.006973266602 165.578353881836 132.482925999191 168.831285045093 146.575557098795 0 0 135.700057983398 162.023178100586 166.345901489258
161.786193847656 0 44.6715456397731 109.650698468665 134.359008789062 139.825546264648 117.720788813858 132.565426779621 74.0261427325187 139.36994581576 64.4591532931932 113.227226629945 50.8756759709929 129.544132769972 109.774824226115 56.2919315756833 59.4416381134345 70.5899588423945 64.6941988912895 111.508735005097 93.7590232445355 28.4665501761153 68.642922243764 82.079646141712 24.841181980471 48.4529157956922 34.8196941858531 95.0215027630719 122.154625140074 106.499568957516 71.9879279665648 121.967750549316 100.374717712402 60.4974478309119 147.783936770034 79.2421750812909 55.5208558310831 61.2158141196224 70.7138807946605 106.166555298361 96.6668701171875 47.633926212271 88.2471650974933 62.1227952079343 76.479312471563 105.233610172604 0 90.7571716308594 58.9446241851836 0 20.2101983231525 59.368105688471 0 0 125.625541687012 140.259573833495 160.156921386719 93.9647484890795 170.775335533689 78.4700717420225 129.465259686937 80.8038456869569 221.246566772461 0 76.9884048075154 79.4140117849472 79.8272978731588 73.1735039518447 0 99.0054862547257 31.3184391450336 84.6636408450998 107.610342536294 70.8906999792934 66.3673474479063 58.0054080989291 0 0 116.200057338157 0 0 0 75.1862292888492 0
99.3323370713729 44.6715456397731 0 114.789089695319 107.014793552833 123.232087235279 90.7291067333162 108.620263576141 101.412526938233 117.81722672016 83.8688945202542 131.490127406581 90.263364564134 106.858277014302 125.937663948695 78.1388717240563 44.9146596793844 85.5570983728776 65.679376927883 139.767183667124 63.5166347973453 63.0446632858917 35.7929633891817 88.55532887841 83.5996847199277 34.2395112932912 32.4647203177364 77.0058949539416 107.337551990789 74.0811500486274 91.0166047726953 196.804351806641 105.363340730841 56.3710917391453 139.592758667752 73.0365040405663 53.3029078182236 55.8839252442872 61.8007079623108 73.8389854582634 76.9772508749207 93.8223033309701 123.061561683082 103.997414068844 117.613478873612 124.974702789232 0 204.371246337891 153.147741129206 170.961410522461 69.2263186770017 92.9671177195804 0 0 0 173.4395430609 0 123.577446410228 0 0 0 116.836408963212 163.902873475427 0 114.654183756069 117.484442674307 0 146.193290289586 0 152.768888583482 74.9073860376119 108.502739628091 139.579072269318 143.011257116279 125.702498438242 93.4909404184373 158.521535186028 163.209687657543 189.861753894881 0 0 226.304107666016 116.573159100422 137.274115639002
156.059310913086 109.650698468665 114.789089695319 0 106.819179599261 63.718348278199 49.3268296510568 91.3240479347917 57.3635012042774 20.9167686954102 146.970291137695 39.9375178221668 192.134536743164 93.9622221594312 71.6170831289698 96.2451334252608 0 0 0 14.0274859153001 131.780353653576 81.9386065218496 123.517497596821 24.8639092593088 0 140.99201965332 109.818513068914 19.7902219121773 104.116318956007 92.6196072364967 0 139.460273290171 106.08390045166 109.518215157578 38.2593237961278 101.621205064249 128.765137147768 105.601115669634 102.829897768081 67.0289265045687 105.666163483942 0 0 0 0 227.2470703125 100.201941840272 0 0 0 172.580077140044 0 44.6961524558397 151.425595702667 175.322126105644 166.832169258581 54.1041679382324 81.9650256574431 32.3880487248343 0 31.8114766565649 0 57.0916976928711 114.019763445744 0 185.044906616211 0 0 87.0221171078901 139.237243652344 93.3690170829781 0 101.573675579658 178.236307411906 0 218.793357902184 124.731523532284 0 152.421035766602 0 0 0 154.427093505859 222.126876831055
88.3791062844159 134.359008789062 107.014793552833 106.819179599261 0 14.6418456749652 111.776542189154 38.0682794142036 51.7679313543865 100.266060536433 57.0231606616595 55.4597647812222 63.5204358657383 37.1613065030062 19.5628730316721 0 138.748465076599 87.8130752904573 111.479598488522 95.6337598579707 109.733862332975 133.272250657997 163.570054964147 69.3925812349123 0 88.5803620213059 132.600539988567 110.99695308277 32.4335309077064 119.078903434905 0 12.7223610324567 96.5387798123381 14.6619849923392 58.1344596029954 75.7980407225264 51.4376460461995 41.6856425209796 71.2713672355533 15.0856596091755 11.220026333672 71.2177934183771 188.395538330078 0 0 50.3140705705981 0 0 0 0 0 0 0 0 0 0 0 0 0 0 124.201782226562 0 0 0 0 0 0 0 149.627639770508 0 0 0 96.8572616577148 0 0 158.568557739258 0 0 0 0 0 0 0 68.0580485128727
73.2881243388484 139.825546264648 123.232087235279 63.718348278199 14.6418456749652 0 52.0392702930947 25.5947822915545 61.3172160136183 27.052355227303 67.3813065145705 22.2807169462767 66.0499855571995 45.4589794785864 14.1290823694361 127.498024552114 138.036535542305 117.017979742663 115.820153381931 42.3524636090289 113.321876883524 127.25094335012 119.104113109713 79.0129231634247 93.603714085467 130.359095941773 128.439955856954 71.8492564209862 46.5223260299999 84.572679419048 94.7161254882812 20.5294990613847 92.0558767167488 32.0456821781238 40.730652345358 88.6439361468289 92.2649491531616 62.9733175996775 94.6672904499395 15.0418069098086 18.1628894652881 61.3204136740534 0 0 195.016369573872 185.679000854492 110.292233896637 0 0 217.416473388672 0 0 142.752220763595 0 142.316268920898 154.348333180511 0 88.5205339003637 143.438560956632 0 126.880941121028 0 0 118.642003347736 0 0 0 0 130.938253772435 0 0 0 123.033136874578 218.816734840272 0 190.011933292825 148.522187402981 244.606597900391 0 0 0 0 0 155.223357959994
30.6385797373614 117.720788813858 90.7291067333162 49.3268296510568 111.776542189154 52.0392702930947 0 45.3319133328323 59.7610375553026 22.7320882755605 129.784007322869 58.9121936017369 125.422149831292 30.7518225582109 82.1866237714416 85.4087345568321 110.362681746018 153.332301304245 121.323742148692 28.5446653076402 74.9681024496739 84.6199784770207 83.0101660356819 52.9521631322727 148.295521937585 124.343261830288 108.145387282525 34.9810575421786 66.939823855755 19.0432357292134 166.951224880623 116.649225583015 68.1865058441322 78.7623042135232 129.472722764459 79.6515834285777 91.5256767676467 84.4460396444267 86.0635134094046 74.5963145497895 89.8837042809006 0 148.308587402957 196.346908569336 164.126284849247 145.904467054478 98.6492763822645 170.277968091729 0 148.474617100901 166.787108619014 0 131.742161609365 158.789022879672 120.571682867448 141.158144326797 203.48272443899 78.8964503316932 148.464451640363 0 100.351327728208 0 168.14049022761 109.466580437167 125.177412303456 0 0 0 117.336984548092 140.898001929601 105.769651591513 159.671213954815 108.292252244009 171.591033935547 187.911636352539 151.7207074735 127.3209337187 151.739966430831 131.71710244638 0 0 167.338951624415 135.954156621104 175.612447607376
45.6072780943558 132.565426779621 108.620263576141 91.3240479347917 38.0682794142036 25.5947822915545 45.3319133328323 0 76.796100427992 44.2865220495729 71.7855871591717 52.2730416796254 65.6988796511444 23.1123708580655 39.0689819584032 126.687790746352 123.70772954677 108.996869245876 107.373510806912 64.9706006580496 104.51231259084 111.705231277153 110.08836823936 92.472274948837 94.423030374819 120.63784508896 134.101220898197 91.8898823160004 47.578658305153 73.2973246933958 96.101692199707 17.04725696899 90.6719598690177 46.0418976770917 110.772916880442 74.7402586788377 83.4786485588184 66.0581623758228 86.0308289562351 40.7840947266291 29.9427189662864 67.8739980111233 151.990675147828 0 0 163.15894819998 177.158401489258 0 0 158.107800519796 0 0 165.520269735095 0 0 160.901704156334 0 101.34541729661 151.529724121094 0 145.731369018555 0 169.836929321289 0 128.392990112305 0 0 0 114.401579237295 175.887533075333 143.748880943603 175.356750488281 144.705511027944 111.082015991211 186.703642470563 195.362424477096 150.422528753008 183.174060358628 148.114076468092 0 0 0 201.585784912109 163.902279975
65.8446117620917 74.0261427325187 101.412526938233 57.3635012042774 51.7679313543865 61.3172160136183 59.7610375553026 76.796100427992 0 70.9280228764272 129.504368381006 25.3564652341489 120.787618923637 85.8471160935861 25.1498765956028 63.9142795448393 121.676296359994 135.722798622006 143.338505184015 49.8737069850509 70.7041952825796 30.0708845579488 93.9992267097027 27.8585151177725 104.917987137692 117.979015845068 96.4873049104816 50.5461735051964 78.8510876190747 58.1190625291716 137.077432850026 94.5265635994311 69.0105019687875 82.378742406694 128.017906380652 71.2237666905927 101.857355945912 90.9847302809104 81.6330508684185 19.4940780713498 78.5430256327939 127.628309493265 104.448159081321 109.090782165527 126.893127750068 127.386260139809 44.1011426723771 148.171096801758 178.805328369141 81.0437814075811 85.3428286281053 142.963622332916 75.905736699778 0 80.8059477469237 79.5830205494758 67.4206230396677 21.1145312137296 90.4679121234685 152.230805856335 57.1128712027063 128.706013363862 132.383607680352 52.3308939893967 85.0115508627972 190.057782105077 0 150.892417983624 64.3506449754875 104.737757445644 43.2278809097255 138.259381324707 40.8491358453982 118.204228553186 152.407040486918 130.488079883301 75.3601199443968 126.036801575091 95.1888670432625 0 0 165.721086667959 98.7056941521868 149.408782958984
53.2323522795842 139.36994581576 117.81722672016 20.9167686954102 100.266060536433 27.052355227303 22.7320882755605 44.2865220495729 70.9280228764272 0 131.410432633583 32.8592834006584 108.484242746516 35.398417520993 75.5301045472988 135.644037908669 142.945120304517 151.477752777445 155.60259188925 18.7181630269058 110.173218672295 103.576899385819 106.918718426416 59.4771531694941 135.480697631836 158.72882341182 146.552790818371 25.913544988307 97.3558520611476 83.1966327936195 0 118.165051566182 91.6966566170491 97.5035775809675 36.9190444828574 98.2686516440906 132.105970456874 95.068503784217 96.6074508952957 73.2990154962829 97.8772980404691 0 213.159445285789 0 0 168.785736083984 106.816054906485 0 0 0 175.689166631629 199.588518757451 79.2026078148875 154.661270141602 129.100692749023 149.364155599071 0 90.6627035373638 154.055738360475 0 115.437235608218 244.11311340332 203.926986694336 120.02243642328 227.360900878906 0 0 0 127.973448221196 0 158.171519205481 0 113.536375450591 0 0 212.766221279466 141.562870924439 183.171936035156 0 0 0 181.475555419922 0 0
99.5437196273766 64.4591532931932 83.8688945202542 146.970291137695 57.0231606616595 67.3813065145705 129.784007322869 71.7855871591717 129.504368381006 131.410432633583 0 130.04274787456 19.8395846766797 67.9107267326751 118.096704613851 109.009533344543 50.0479662470189 22.3670145254453 28.1655646333162 124.927284277343 107.709313307896 94.8149717549677 88.0955663679042 139.801323441711 32.8240111945345 28.0059822772954 57.7968305211457 154.202571880436 65.5050126534678 116.021495581197 38.6294997101216 61.0685038190109 79.9451009331874 22.912402022648 145.952452378412 83.0743083610991 24.0890205361346 28.6814757537761 46.8276250237075 70.6046686101708 42.0950062088596 16.3602873306636 0 55.6840594872844 97.4901391337365 129.924468994141 0 0 62.6292247070651 0 84.8095972929904 123.499183654785 0 0 0 0 0 192.430480957031 232.639434814453 76.1043219682332 0 73.4052794627089 135.588012695312 0 0 118.981285095215 92.4246717688668 121.819185365352 0 0 127.564241888344 146.583656876063 199.903549761861 60.03279300436 100.234232664215 103.78352448736 0 0 0 100.708782249312 0 0 116.668228186072 182.073348999023
88.7867668842956 113.227226629945 131.490127406581 39.9375178221668 55.4597647812222 22.2807169462767 58.9121936017369 52.2730416796254 25.3564652341489 32.8592834006584 130.04274787456 0 129.797916712889 75.7211264185378 20.7150879510108 103.150917962925 139.836196493604 170.081481933594 162.584197224162 16.5033249709854 122.047700129077 74.4100855246891 123.915043717243 33.8686002952429 149.307132604923 157.031392916037 128.98941115554 53.6584632034711 104.470258636962 97.0107810998151 0 95.7860883688076 114.095950587913 97.0554510136834 15.3962173318492 97.3125239164609 144.353773464632 94.6328406700529 104.76447115626 23.701737852771 88.1228378647928 142.609222412109 0 0 0 0 66.4502046326001 0 0 0 118.024917602539 0 92.4126254140091 86.7144241333008 97.7119598388672 121.219604553321 0 59.466151154499 124.484123463697 0 81.4470243007271 0 0 82.0805365359496 0 0 0 0 95.8494078451946 0 92.480096432002 0 90.3494875866746 151.192810058594 0 138.515411376953 104.461596226402 0 0 0 0 0 0 0
86.5968446843231 50.8756759709929 90.263364564134 192.134536743164 63.5204358657383 66.0499855571995 125.422149831292 65.6988796511444 120.787618923637 108.484242746516 19.8395846766797 129.797916712889 0 73.7045655327286 164.651617392682 112.892940543167 87.1990502755831 47.9016665902275 62.2884892459542 124.597355319222 123.713231341185 87.2220819023339 117.029978095841 131.521606573007 22.3879804975705 36.5530517674891 27.6810229955905 137.808978198048 66.4693620906896 116.833604462989 14.9089743674806 62.8255468363043 84.97147443157 31.6279045578594 78.7683781580654 30.1721143139738 20.2419477318354 25.230336915709 19.0952015614526 52.6599826984938 15.5196057579427 10.5997328166783 66.1459737254009 55.7968110352396 108.000276203081 77.6111693683522 0 0 54.1468855163306 0 77.4688583845888 143.484517260703 0 0 159.075256347656 0 0 154.525013240071 0 74.5096537986514 0 70.5370809829622 0 215.243774414062 180.243057250977 128.386557506211 93.7671228757196 103.090022557262 0 146.475173950195 123.07339241966 146.247685669103 0 53.9173437260813 88.8579008240525 98.0882843301994 0 0 0 89.2750437780577 0 0 103.865797511211 79.2033746756612
19.2147923142393 129.544132769972 106.858277014302 93.9622221594312 37.1613065030062 45.4589794785864 30.7518225582109 23.1123708580655 85.8471160935861 35.398417520993 67.9107267326751 75.7211264185378 73.7045655327286 0 55.7717768464748 113.94304820589 119.171885156059 104.22839087704 114.867371539921 82.1397815714066 98.82515349042 95.6406001248367 105.051789886515 95.2965662851356 94.4284931843847 119.029895546882 126.165718318258 89.7785832651608 31.3641116668134 66.3884640356585 149.900150711577 24.6802312008476 64.444084830929 46.7221921577513 128.250079725911 71.8216306949032 77.4573780328617 62.5019088906877 88.6033242029437 49.307237541573 38.2761464035219 66.2332865764626 166.816673408779 132.771911621094 173.079341133875 184.796523276357 0 165.555679321289 0 155.500564575195 150.549453735352 0 0 0 0 165.950107248391 0 105.72086620126 0 151.533615112305 163.247902442241 0 0 0 132.057115482806 0 0 185.872650146484 0 149.362661983319 119.480450552881 181.208592719024 143.440905261771 0 186.968536376953 165.521919131621 152.848732923407 189.720862941694 169.09390647535 0 0 0 174.54197896303 148.806087788665
78.8990874970438 109.774824226115 125.937663948695 71.6170831289698 19.5628730316721 14.1290823694361 82.1866237714416 39.0689819584032 25.1498765956028 75.5301045472988 118.096704613851 20.7150879510108 164.651617392682 55.7717768464748 0 88.4070602175931 141.368246849338 172.262770579532 167.758320264675 59.3206936302241 140.259396654359 81.9680009598979 157.098451466142 46.7391900344289 137.185835191564 155.690177913085 131.071799633173 72.6398559140358 71.9309619501258 101.299768299441 173.717823007711 38.6154201070756 97.2057723999023 36.4390419333055 43.092352304768 84.4449362930904 94.1309487226402 73.1132331400045 68.810362415903 9.85166369419368 27.2684560439747 148.844711303711 132.189275629626 0 0 90.751826207171 61.5495561050857 0 0 0 0 0 102.832291751656 0 104.188339233398 0 0 57.3566819348113 126.876124996945 0 89.1553998537269 0 0 79.252815686879 0 0 0 0 106.90284120651 145.571426391602 0 0 89.9729076318329 0 199.761322021484 0 103.62651476568 0 220.113632202148 0 0 0 137.626007080078 76.2629134502728
96.5718995078285 56.2919315756833 78.1388717240563 96.2451334252608 0 127.498024552114 85.4087345568321 126.687790746352 63.9142795448393 135.644037908669 109.009533344543 103.150917962925 112.892940543167 113.94304820589 88.4070602175931 0 103.853656543723 141.427156850752 122.908955445597 98.4574954372068 19.2859357654367 33.4037481716827 17.5411176528978 42.507904588658 104.536739792934 103.910687971183 26.1946387294258 37.1624724126143 98.2720867195791 75.9246458308808 178.716064453125 0 77.8197371493306 70.5871022031393 144.169409224429 73.8976660738996 65.9475177600821 78.1094667229079 80.0652377076321 100.705152122544 90.1580352783203 107.024095092187 125.326966933053 108.598220790177 128.772319783312 125.832780227535 157.569183349609 138.224990844727 0 149.155222332831 126.080068573958 130.967051449197 0 0 193.03987121582 132.715273226318 163.665435791016 88.6584643232569 0 0 0 191.744110107422 159.168310294102 0 59.1267692305975 193.052130716121 0 0 0 112.960893314276 54.4173048686648 106.298462948645 106.317265109536 0 140.969208158621 108.176682931447 116.652169219216 146.044836747247 117.965317560188 0 0 0 123.300380211617 165.008434628092
96.7011379242162 59.4416381134345 44.9146596793844 0 138.748465076599 138.036535542305 110.362681746018 123.70772954677 121.676296359994 142.945120304517 50.0479662470189 139.836196493604 87.1990502755831 119.171885156059 141.368246849338 103.853656543723 0 50.9950153315082 24.1844718016626 0 55.6421210971595 80.3226669599882 34.783689646161 128.412604032389 84.1101179590166 30.9513837461966 67.3061325249199 104.497841027027 102.983774535715 76.5443043141847 85.9084440220679 103.889155407742 98.4646761680317 36.0922881314387 151.03147009244 83.063320268092 53.4240845125999 52.9435637778487 69.4937275383396 102.827271021706 114.811988552975 70.7731390920746 155.579939086494 149.352185202195 138.482779083973 147.797857203941 0 0 0 0 78.8775060143526 119.514852648192 0 0 0 216.226150512695 227.064895629883 114.263687133789 0 151.764602661133 0 0 0 0 151.25037699917 130.097416846777 122.975044250488 146.740538940391 0 175.348054074701 102.020604727222 131.81610176133 172.486871759723 118.972245686354 128.924010812806 115.613553947655 168.753784463485 0 0 130.390060424805 0 197.529373168945 140.48275222954 163.325191440725
137.252287358462 70.5899588423945 85.5570983728776 0 87.8130752904573 117.017979742663 153.332301304245 108.996869245876 135.722798622006 151.477752777445 22.3670145254453 170.081481933594 47.9016665902275 104.22839087704 172.262770579532 141.427156850752 50.9950153315082 0 19.6664471384325 0 115.882352172874 104.69667545017 87.7842936892893 148.285380214071 44.7386362834034 27.4241685440706 56.322549750521 147.882905570997 105.275563937026 116.799955611065 48.6108288614351 93.4023538560849 0 48.0364702242986 0 95.7502226147171 40.6140966656621 53.4806708371231 62.9548899944862 107.258830489892 80.9968038229438 54.9873402605333 195.845108032227 107.3508670005 123.253878736943 0 0 0 73.6485061645508 0 84.3606867632593 133.660110473633 0 0 0 0 0 0 0 100.512927346739 0 89.8868887987221 0 0 171.708267211914 135.184478759766 107.124759713041 108.956227917977 0 0 144.307031353279 0 0 67.1586369440302 100.064650581556 103.642485693404 0 0 0 107.967656339646 0 0 141.451038371883 179.963226318359
111.782518114913 64.6941988912895 65.679376927883 0 111.479598488522 115.820153381931 121.323742148692 107.373510806912 143.338505184015 155.60259188925 28.1655646333162 162.584197224162 62.2884892459542 114.867371539921 167.758320264675 122.908955445597 24.1844718016626 19.6664471384325 0 0 79.0889167864079 99.9255740570612 62.800398560479 133.575860038129 51.2537291741757 34.9087934394079 64.7580267817779 115.700670353958 113.439823078395 93.8081189152083 64.9292593308659 130.7357214986 101.352761223924 38.6070335360418 168.88037348486 90.276411339431 46.4950903133414 50.3698193629615 67.2547082121624 117.754573785756 80.843382708302 56.485808192017 0 0 141.367513258459 141.261688232422 0 0 0 0 79.1030539919673 124.322969764952 0 0 0 0 0 174.203002929688 0 101.878861718462 0 105.602042516926 0 0 0 136.195960931117 109.376544184385 129.71574680505 0 203.805358886719 91.3226258952016 140.806553278768 0 79.4838566000603 111.168491851674 107.150693923542 0 0 0 116.720031967889 0 247.760559082031 132.554225391003 176.678160799208
98.0899579948267 111.508735005097 139.767183667124 14.0274859153001 95.6337598579707 42.3524636090289 28.5446653076402 64.9706006580496 49.8737069850509 18.7181630269058 124.927284277343 16.5033249709854 124.597355319222 82.1397815714066 59.3206936302241 98.4574954372068 0 0 0 0 109.136437672412 87.4631611847284 119.598388741935 21.4579974911474 0 164.37454274685 132.17732565923 27.8663686671106 98.1321997206728 83.6448248953587 0 124.62279058986 103.360104808669 94.0475905365802 23.6290123511966 91.9986890974805 152.988189697266 90.3907160942778 91.7456983944536 54.5803850053525 99.8330190701616 0 184.551712036133 0 0 0 81.5918898896664 0 0 0 0 0 68.0756721795902 124.976509094238 144.073114185824 150.003573532721 202.480087280273 69.4627317129251 134.050872896604 0 63.1846168326747 206.196151733398 0 99.9341674676906 0 0 0 0 106.427065437225 0 87.3699493408203 0 95.3185573389991 192.197340422034 0 167.483932495117 122.610545691459 0 146.890502929688 0 0 0 0 0
78.4475853844471 93.7590232445355 63.5166347973453 131.780353653576 109.733862332975 113.321876883524 74.9681024496739 104.51231259084 70.7041952825796 110.173218672295 107.709313307896 122.047700129077 123.713231341185 98.82515349042 140.259396654359 19.2859357654367 55.6421210971595 115.882352172874 79.0889167864079 109.136437672412 0 57.8830033277101 34.7433332003713 56.8947960142173 126.423827378484 93.2728553577067 68.8910931557159 29.7134243325983 83.6116355705069 30.7938661035028 139.524597602076 166.347640991211 70.0572606053887 41.169051963518 139.381467512911 71.2552739484412 70.5797477356502 64.4493507578492 75.3556761102269 89.4856944609802 105.676567608372 123.224652601346 138.920516493386 133.934174956838 141.828704216957 148.841682423916 174.945833645321 0 0 133.79526509227 153.167669183478 142.716276630928 0 0 0 144.565533351004 169.032915500978 100.882953459929 151.68147277832 0 79.0436859130859 0 166.126408441608 0 82.5778369326861 185.155061339225 0 0 0 123.028058990912 70.0210922109533 134.140303027942 117.724457865762 0 179.878152042077 130.75612379739 123.23903918328 151.018432018413 126.54578252359 0 0 0 141.963679043922 153.617705210502
75.7375323840614 28.4665501761153 63.0446632858917 81.9386065218496 133.272250657997 127.25094335012 84.6199784770207 111.705231277153 30.0708845579488 103.576899385819 94.8149717549677 74.4100855246891 87.2220819023339 95.6406001248367 81.9680009598979 33.4037481716827 80.3226669599882 104.69667545017 99.9255740570612 87.4631611847284 57.8830033277101 0 55.5496838929106 35.5944059171164 67.4260761386529 85.3025955265057 41.2038994049742 59.0162701379529 78.9717895646959 63.6242040469289 101.063836069643 0 67.1045485019424 66.2612604229053 131.037106586583 64.0067575641806 65.2663569490509 66.9673516398827 68.3310909317434 78.6736568901061 80.5928475917032 82.2793947695171 86.4359000918871 57.958152904809 90.5028032120411 105.195787616924 133.116595660729 90.2576599121094 0 81.5281646946983 40.410427692757 83.21355587297 167.218858024156 141.275817871094 0 98.9148267624258 108.312470609528 52.5622112064831 134.726224208181 130.558205094004 60.7788671190204 107.912607386085 125.679615527196 117.922427426813 58.8644151514714 84.5149917602539 0 110.523259624915 118.877933152459 68.6431916988172 12.8178308309333 71.1469022501519 72.9640063204128 80.4719259774666 128.0211897618 57.8026701141779 74.8280530961415 88.0164474828313 68.160379069282 159.523533746804 0 103.805389404297 80.1234549609422 143.924223401872
89.2292518837397 68.642922243764 35.7929633891817 123.517497596821 163.570054964147 119.104113109713 83.0101660356819 110.08836823936 93.9992267097027 106.918718426416 88.0955663679042 123.915043717243 117.029978095841 105.051789886515 157.098451466142 17.5411176528978 34.783689646161 87.7842936892893 62.800398560479 119.598388741935 34.7433332003713 55.5496838929106 0 71.3979249988813 112.543227652388 69.8712498103821 38.6479644787616 54.8086871573375 95.1342999996344 56.8552530972867 106.497954613696 158.48695635585 78.3302479788934 48.3326078261452 137.995040869472 68.6879112069325 57.4921047389427 61.400299775367 68.4806546643858 77.9708548023819 100.068508164277 114.638077040603 135.72731806295 126.7986919402 129.379157869761 135.319569733631 114.853240966797 137.889419555664 160.408462524414 140.448313536516 76.7512038615133 114.591511206468 176.580949584751 0 206.591781616211 158.123837428932 148.058944702148 113.291109967976 0 173.317459106445 0 122.622299194336 0 0 84.2439360869028 146.422969516712 0 151.29995189138 0 134.034398207011 63.7028807121816 112.828609350389 130.070662139606 0 155.861467897265 102.208991081701 146.507392040374 158.1036011389 128.502286559059 182.195053100586 0 152.415573120117 137.291729763289 151.648118673192
79.0829723972319 82.079646141712 88.55532887841 24.8639092593088 69.3925812349123 79.0129231634247 52.9521631322727 92.472274948837 27.8585151177725 59.4771531694941 139.801323441711 33.8686002952429 131.521606573007 95.2965662851356 46.7391900344289 42.507904588658 128.412604032389 148.285380214071 133.575860038129 21.4579974911474 56.8947960142173 35.5944059171164 71.3979249988813 0 115.60771720522 125.838768200573 78.8251819183253 21.6544279353294 85.4812510563071 62.7103007162291 128.187545776367 127.231484568574 76.8046613448106 80.9386726227269 141.10804448512 80.6278735285802 95.7025032984837 92.7247358135631 93.7035810752849 43.0092110363132 104.932222018253 133.189508103566 131.106064545104 154.174578761769 137.13369631535 138.789375594372 76.9051897346075 134.304331712103 0 128.21725585178 138.381200963056 157.385322847887 107.967879241586 0 134.915919873741 124.056344295119 158.976403182635 57.1264145503948 117.726495540236 215.197426455923 22.561308757302 173.496405516292 149.68471661464 85.6088902090903 105.51539591659 166.839842677519 0 185.720169664768 94.4277381450464 115.458216266624 68.9826881497728 141.696629874949 91.2813334390091 187.779247154087 176.814159873236 140.709000859516 106.648903081177 139.622326879311 115.128341996034 0 0 135.646242078923 130.539184900527 190.289910451765
119.012588500977 24.841181980471 83.5996847199277 0 0 93.603714085467 148.295521937585 94.423030374819 104.917987137692 135.480697631836 32.8240111945345 149.307132604923 22.3879804975705 94.4284931843847 137.185835191564 104.536739792934 84.1101179590166 44.7386362834034 51.2537291741757 0 126.423827378484 67.4260761386529 112.543227652388 115.60771720522 0 39.4240217908697 31.0704012174637 133.818917588327 84.4832837190748 142.236088190713 45.1066221549536 97.0062561035156 0 54.2097110154789 182.019927978516 78.9605655899883 24.5514948025498 46.4183410657193 46.5122380791076 129.964513431222 35.3282324316369 15.2987933352488 0 36.5130120741975 81.62773595854 103.063759013862 0 0 43.5812857099911 0 32.7403522534495 98.8738387412821 0 0 0 0 0 136.10907659744 0 55.4044387862994 0 52.1910055633108 0 0 0 90.5585786850716 72.0036013098969 76.3087178448408 0 0 96.4588247990319 0 107.076293945312 29.3370911812605 64.3432228152526 66.1870206559363 0 0 0 75.4013754111734 0 0 81.5189646724307 0
116.549638541826 48.4529157956922 34.2395112932912 140.99201965332 88.5803620213059 130.359095941773 124.343261830288 120.63784508896 117.979015845068 158.72882341182 28.0059822772954 157.031392916037 36.5530517674891 119.029895546882 155.690177913085 103.910687971183 30.9513837461966 27.4241685440706 34.9087934394079 164.37454274685 93.2728553577067 85.3025955265057 69.8712498103821 125.838768200573 39.4240217908697 0 35.3430504469666 113.247438648107 112.432448700388 101.560740236847 29.5668404968667 107.654837731848 120.972066912866 54.6086677287981 153.235267258824 85.6292016943034 45.7938342371581 58.5358685651367 68.6558051705104 116.554777749219 94.7971736237798 59.4856033810317 134.737843625749 78.7056186849037 121.535745333205 124.069904602852 183.486129760742 0 72.9599391305919 212.022796630859 62.316650219611 125.979521152963 0 0 0 190.008056640625 0 158.291358434086 0 94.4812123732662 178.133365192199 84.5632509082369 173.628892890686 0 212.283213982949 120.670193740242 104.194506709337 106.247713014018 0 0 128.631104401921 139.581508593177 176.153845951232 63.9965834810611 94.3111662024203 94.9316737498256 197.617920091389 151.840698242188 183.192886352539 103.19666449393 0 0 109.291249189941 160.961144555059
123.10905327383 34.8196941858531 32.4647203177364 109.818513068914 132.600539988567 128.439955856954 108.145387282525 134.101220898197 96.4873049104816 146.552790818371 57.7968305211457 128.98941115554 27.6810229955905 126.165718318258 131.071799633173 26.1946387294258 67.3061325249199 56.322549750521 64.7580267817779 132.17732565923 68.8910931557159 41.2038994049742 38.6479644787616 78.8251819183253 31.0704012174637 35.3430504469666 0 76.3748200051884 123.614036980378 100.450524882682 28.5856651024086 112.501378061664 103.929333949688 66.4678081469568 146.344148239396 81.5780622968452 58.3416358717092 67.3147146604351 73.0283576991993 93.4443909873971 88.0586702359308 69.1564939856744 125.166716653998 107.832542000169 113.919080072937 126.763397107132 156.290397452952 0 94.2797993829647 140.175537109375 54.7732589959559 97.2642494372598 157.493621826172 0 207.210108789947 156.088679090284 204.156538809896 124.108679996541 186.846450805664 107.544126114882 101.58745104935 88.7489528580968 186.23696485794 171.679183959961 99.9417458045861 116.810562678963 102.519837265907 110.228205999152 151.797106842511 131.335888958923 58.4984533474416 104.75939484144 132.610030804715 64.7083245091952 97.392537678958 92.1933014259929 140.322224866123 172.440004309872 148.381433971801 106.917136472728 0 0 116.628064591123 160.08858594633
77.7444681133658 95.0215027630719 77.0058949539416 19.7902219121773 110.99695308277 71.8492564209862 34.9810575421786 91.8898823160004 50.5461735051964 25.913544988307 154.202571880436 53.6584632034711 137.808978198048 89.7785832651608 72.6398559140358 37.1624724126143 104.497841027027 147.882905570997 115.700670353958 27.8663686671106 29.7134243325983 59.0162701379529 54.8086871573375 21.6544279353294 133.818917588327 113.247438648107 76.3748200051884 0 86.5592802307328 42.4467946156139 153.910385131836 136.941880825155 71.130837296777 68.707408449543 137.257001039856 74.4713767976946 74.1313789893706 80.1045267081675 84.7005463041861 69.4450117696493 116.07732768627 140.511761613479 135.246474449983 133.356483322935 140.079127702399 140.198956726498 91.9057613904081 163.041812359725 0 133.484684607433 142.49884469002 153.128064612531 124.440201085809 146.232528747681 136.848752333613 131.951428384915 165.718166165508 70.8168680210515 134.116574608943 0 84.7214700542295 191.923904418945 161.527353560919 109.383141203741 116.311127644961 182.643336326631 0 201.99201965332 106.72647884642 117.070441967344 72.4865319297369 138.957810919697 100.289231194651 0 230.574615478516 144.517553146628 117.015942334122 147.842609275434 123.731630923406 0 0 139.147782865987 136.15340256072 167.354912745043
19.1153132687862 122.154625140074 107.337551990789 104.116318956007 32.4335309077064 46.5223260299999 66.939823855755 47.578658305153 78.8510876190747 97.3558520611476 65.5050126534678 104.470258636962 66.4693620906896 31.3641116668134 71.9309619501258 98.2720867195791 102.983774535715 105.275563937026 113.439823078395 98.1321997206728 83.6116355705069 78.9717895646959 95.1342999996344 85.4812510563071 84.4832837190748 112.432448700388 123.614036980378 86.5592802307328 0 34.0397553070331 120.714005784703 15.1206171365634 21.586833520979 38.8490130492259 113.189073841013 62.4993253996415 67.2451147981518 55.0655160057327 69.7835927260355 47.7692245303894 33.7228879614662 72.8163008404785 154.060053442732 224.193328857422 174.250256273637 158.150132727121 0 0 154.029281616211 146.096342841933 0 0 0 0 0 163.478962113575 0 95.8516627209019 186.326599121094 0 0 0 175.006620698965 150.768936157227 134.808992631378 0 0 0 194.213756310331 135.745318494427 85.9802054905427 164.998130081363 137.079618810741 0 0 166.094090907997 141.381819091583 168.684307201873 153.939857143319 0 0 164.749869443464 181.714405125361 166.435287252317
29.3690709877987 106.499568957516 74.0811500486274 92.6196072364967 119.078903434905 84.572679419048 19.0432357292134 73.2973246933958 58.1190625291716 83.1966327936195 116.021495581197 97.0107810998151 116.833604462989 66.3884640356585 101.299768299441 75.9246458308808 76.5443043141847 116.799955611065 93.8081189152083 83.6448248953587 30.7938661035028 63.6242040469289 56.8552530972867 62.7103007162291 142.236088190713 101.560740236847 100.450524882682 42.4467946156139 34.0397553070331 0 146.545471191406 129.427698109544 50.6539541628059 40.187844331505 130.584300964715 67.6307763418753 70.1059231394637 66.4773416074017 72.7736516817232 88.1362594626958 97.1559744234605 0 147.68515968295 184.236755371094 138.574905812765 148.951685321307 173.524108886719 0 0 121.90172513964 0 140.306049334716 166.212808792895 0 152.615897958512 134.474337001054 179.65657043457 82.7846928774977 169.779746510495 240.226824581035 67.8164585341061 220.015167236328 163.143694726939 0 122.89776651909 159.973220825195 0 206.477996826172 0 119.671383955595 69.3140682903865 145.883704703889 112.781654790344 203.551920174671 207.37017720507 145.030366176838 123.530844851063 152.699051256837 137.048082871394 0 0 117.972602844238 134.790049741878 154.916749837486
0 71.9879279665648 91.0166047726953 0 0 94.7161254882812 166.951224880623 96.101692199707 137.077432850026 0 38.6294997101216 0 14.9089743674806 149.900150711577 173.717823007711 178.716064453125 85.9084440220679 48.6108288614351 64.9292593308659 0 139.524597602076 101.063836069643 106.497954613696 128.187545776367 45.1066221549536 29.5668404968667 28.5856651024086 153.910385131836 120.714005784703 146.545471191406 0 103.913436889648 0 68.5504094762382 0 107.371037958522 52.3755298254496 68.8740761478936 76.2364481366074 0 82.1055623774876 60.5320534695309 0 80.324263241862 0 0 209.827285766602 0 86.8498458862305 0 108.29839593528 0 0 0 0 0 0 0 0 99.3927898839414 0 80.9931483093935 0 0 0 0 110.260190051957 139.241566254746 0 0 126.80200958252 0 0 74.2700116138702 87.2925455057684 71.6036891788166 0 0 0 111.50718146883 0 0 152.782901548432 0
90.8788305596168 121.967750549316 196.804351806641 139.460273290171 12.7223610324567 20.5294990613847 116.649225583015 17.04725696899 94.5265635994311 118.165051566182 61.0685038190109 95.7860883688076 62.8255468363043 24.6802312008476 38.6154201070756 0 103.889155407742 93.4023538560849 130.7357214986 124.62279058986 166.347640991211 0 158.48695635585 127.231484568574 97.0062561035156 107.654837731848 112.501378061664 136.941880825155 15.1206171365634 129.427698109544 103.913436889648 0 61.1633237155271 26.2220097314244 137.68926446939 74.4539584400833 72.8665618896484 43.4411254665797 49.7852873849265 37.3039670387891 21.6578716178199 60.2647819509138 129.710556030273 0 0 0 0 0 0 0 0 0 0 0 0 0 0 0 0 0 0 0 0 0 0 0 158.566955566406 0 0 0 0 0 196.858367919922 0 0 0 196.866561889648 0 0 0 0 0 0 0
30.771546700059 100.374717712402 105.363340730841 106.08390045166 96.5387798123381 92.0558767167488 68.1865058441322 90.6719598690177 69.0105019687875 91.6966566170491 79.9451009331874 114.095950587913 84.97147443157 64.444084830929 97.2057723999023 77.8197371493306 98.4646761680317 0 101.352761223924 103.360104808669 70.0572606053887 67.1045485019424 78.3302479788934 76.8046613448106 0 120.972066912866 103.929333949688 71.130837296777 21.586833520979 50.6539541628059 0 61.1633237155271 0 23.5099051652842 95.4282903953213 42.4223069766243 59.8882298925201 39.3151229304791 42.8681351425854 48.3316356350129 48.4690164226686 0 145.582229614258 0 156.153541600602 0 0 0 0 154.265380859375 0 0 0 0 0 122.811591814867 0 78.9363594770603 0 0 0 0 0 0 102.937474991087 153.79817199707 0 0 0 126.558160710344 74.1141815526064 164.988860782797 130.276813581788 0 0 0 146.019477023365 164.256366309275 133.019172887801 0 0 0 165.684219360352 116.835372924805
54.1002037601219 60.4974478309119 56.3710917391453 109.518215157578 14.6619849923392 32.0456821781238 78.7623042135232 46.0418976770917 82.378742406694 97.5035775809675 22.912402022648 97.0554510136834 31.6279045578594 46.7221921577513 36.4390419333055 70.5871022031393 36.0922881314387 48.0364702242986 38.6070335360418 94.0475905365802 41.169051963518 66.2612604229053 48.3326078261452 80.9386726227269 54.2097110154789 54.6086677287981 66.4678081469568 68.707408449543 38.8490130492259 40.187844331505 68.5504094762382 26.2220097314244 23.5099051652842 0 98.6913639276036 47.4263423188359 30.3571601230312 16.1145939650543 44.7494462413131 42.3785972257031 13.420366308302 25.0534675237991 146.204140608931 95.88008226404 130.70867915188 138.745422128453 0 0 0 140.796273701465 77.7892842287606 103.989461499054 0 0 0 146.893714445387 200.183508008502 118.643741805555 0 103.37797074289 138.288467407227 103.300917103912 0 0 107.791124583771 134.165514405355 0 116.557491598167 167.904571533203 127.035882091705 73.4618634108906 122.805095283708 133.334771397986 80.729919761599 122.673529573972 109.401339059031 145.598169988589 185.106878586676 153.993282570241 106.02630894759 0 0 137.772875309158 119.753523740968
117.464171884202 147.783936770034 139.592758667752 38.2593237961278 58.1344596029954 40.730652345358 129.472722764459 110.772916880442 128.017906380652 36.9190444828574 145.952452378412 15.3962173318492 78.7683781580654 128.250079725911 43.092352304768 144.169409224429 151.03147009244 0 168.88037348486 23.6290123511966 139.381467512911 131.037106586583 137.995040869472 141.10804448512 182.019927978516 153.235267258824 146.344148239396 137.257001039856 113.189073841013 130.584300964715 0 137.68926446939 95.4282903953213 98.6913639276036 0 69.7983141477746 98.1241901206688 82.7087918097423 78.1873115522154 69.3555325877246 83.4527766810814 86.0237633298743 77.1992628167267 103.695234904446 104.020109001468 89.3152279413769 77.1580483555411 95.0636171724723 81.9744501098205 154.683649501366 144.403305053711 152.936488886447 0 119.382438659668 0 153.39921612738 158.17480392019 206.123278162363 177.951675415039 0 171.121778215878 0 137.5606678805 75.284321829067 160.294655476368 151.836697392694 131.232376098633 132.826690673828 208.665069580078 160.890669953808 150.744506416155 152.005230184473 171.651510694681 0 151.402021741501 164.956977713038 162.880517269001 156.723988124918 154.582454677889 0 107.026359558105 92.285026550293 86.1239328188337 28.7734893427712
