0 4.69266086816788 118.276919722557 10.7370917797089 9.71161431074142 287.518557190895 4587.03244501352 2518.79763665795 49.0548650622368 248.357430160046 44.2617991864681 30.5335341393948 9.78925839066505 11193.1655614972 13.7376935184002 33.6766973137856 107.421119362116 3.2050307393074 16.9542897939682 12.9510143399239 196.016524374485 21.2756164669991 296.671178936958 199.891284316778 1.56486812233925 57.4694284498692 76.7895176708698 663.464485764503 9367.46661069989 3691.75001034141 0 30.6800577640533 261.796610474586 461.044226646423 24.1812858879566 221.197822809219 16.5039174556732 323.778330922127 48.9624111652374 46.5475459098816 65.0651389956474 6.83043342828751 0 0 0 0 3.10745990276337 0 0 1.67029666900635 0 0 0 0 0 6.74748182296753 0 7.60627174377441 0.765259385108948 0 0 0 0.918815046548843 0 2.59789854288101 0 0 0 0 1.88934564590454 0.706745326519012 1.56347611546516 17.8349026441574 1.23867237567902 0 2.07329195737839 10.5700325965881 2.15749877691269 1.72231909632683 0 0 0 1.05351853370667 3.82055157423019
4.69266086816788 0 366.154104560614 0.48400691151619 0 4.74558219313622 13.174813836813 5.93802544474602 557.373352378607 1.99157303571701 248.899125307798 9.54510542750359 741.957690745592 8.29501613974571 23.0938600301743 95.7176583111286 441.892151892185 63.8699237704277 241.778891295195 0 36.0974793732166 2534.18772643805 127.32948616147 380.602728933096 2819.2884221673 1536.63897377253 7767.84284105897 57.9824677407742 18.7156823277473 23.3429046571255 23.2518259882927 1.21707201004028 2.14876592159271 266.69976708293 9.40290784835815 495.486576110125 281.024690210819 786.116072148085 197.881236433983 27.1770896613598 3.76246219873428 167.365830123425 8.94454330205917 4.98169511556625 4.61100685596466 0 0 0 0 0 114.845888197422 4.76328903436661 0 0 0 0.347712457180023 0 5.36401402950287 1.97570365667343 6.20161062479019 2.17964202165604 14.1359446644783 0 0 4.16455399990082 0 5.67778992652893 1.33824563026428 0.396203935146332 0 9.73656511306763 1.91351169347763 0.555713355541229 34.114127099514 52.6935940384865 163.837049990892 1.95776727795601 0 6.24065178632736 2.04932752251625 0 0 2.89031505584717 5.25405010581017
118.276919722557 366.154104560614 0 1.97951620817184 5.09169080853462 37.1285406351089 813.545931249857 120.536156326532 30.792638272047 19.2244291901588 206.405846089125 2.80567735433578 39.9704358577728 129.067017287016 3.55913218855858 100.122026979923 3854.04649794102 116.756487518549 561.983115404844 0.661084532737732 1513.58565074205 412.220175892115 15169.8775300086 129.981933444738 20.6762599945068 12101.2953873575 11182.2639605999 1055.3138563931 154.868055820465 721.667550832033 4.88805645704269 3.08628645539284 41.4929423034191 905.634924650192 106.053175240755 2214.62878218293 461.215544253588 2766.53481304646 679.353982716799 149.923832029104 46.6727718710899 6.74835512042046 29.3661371171474 12.8880563676357 40.3365823328495 6.85111826658249 1.03719413280487 2.05580800771713 0.694675981998444 0 51.7776527702808 27.9249442219734 0 0 0 1.01765167713165 0 3.71470201015472 0 1.20564562082291 0 2.82802018523216 0 0 27.1937853693962 0 0 0 0 3.21729418635368 80.2014266848564 81.3107275664806 11.2357138097286 4.21164113283157 3.62188738584518 422.961982041597 9.21337106823921 1.88922017812729 21.3851294517517 0 0 0 53.1094035506248 52.3564624190331
10.7370917797089 0.48400691151619 1.97951620817184 0 5.62510460615158 249.935584515333 602.086626470089 52.2334481775761 196.427605003119 11248.143337965 0 3420.00764560699 0 28.2087939679623 108.326956152916 11.2276222109795 0.496375650167465 0 0 21578.6898281872 1.02021238207817 5.26341998577118 9.33593198657036 2027.83275780082 0 1.18319833278656 6.60419833660126 15748.7089617252 16.8887533247471 3.81074115633965 0 0 1.35962814092636 5.99546521902084 11.4648262858391 17.5005303025246 0.552019238471985 5.74327316880226 2.47753632068634 65.3100475668907 1.62884700298309 0 0.927653253078461 0 0 0 11.6443815231323 0 0 0 0 0 241.619312822819 0 3.40115544199944 11.349466919899 0.458342462778091 55.9156495332718 19.4093035459518 0 13.4797838330269 0 0 8.06837755441666 1.30411529541016 0 0 0 8.36123108863831 0 0 1.50040405988693 50.0615534484386 0 0 0.454590409994125 139.210041880608 1.11953151226044 0 0 0 0 0.999481469392776 0.979619324207306
9.71161431074142 0 5.09169080853462 5.62510460615158 0 1729.09152913094 19.9437227547169 654.045097947121 110.926438808441 14.4949952661991 29.4164702892303 93.3381217420101 9.77156859636307 255.59335488081 3103.40270796418 0.913971781730652 1.71494126319885 0 0 0.579881370067596 0.766851961612701 16.0456559658051 17.2724562883377 49.137680888176 1.51564446091652 4.28820806741714 9.86598864197731 26.189511269331 570.08161726594 10.4488288462162 0.418263047933578 2009.8499122262 0 949.111109346151 42.4752081036568 50.8566524386406 4.29077327251434 121.097251147032 18.3733556866646 5584.14590770006 2520.69522237778 8.91646885871887 0.636450231075287 4.72676366567612 1.15044832229614 1.13971155881882 3.9617828130722 0 0.486219644546509 0 0 0 0 0.718715727329254 0 0 0 1.52091389894485 0 0 0 0 0 1.38885104656219 0 0 0 0 0 0 0 0 4.193399310112 0 0 0.677343964576721 2.89752727746964 0 0 0 0 0.46223309636116 0 36.9732208251953
287.518557190895 4.74558219313622 37.1285406351089 249.935584515333 1729.09152913094 0 4296.3750615418 16030.6818183064 235.841153144836 11159.2612489462 122.915460973978 5881.38053226471 30.0958772301674 3003.56705889106 2785.46848592162 13.5157327950001 13.090830206871 7.16118901968002 4.56048160791397 396.29830160737 52.4570116698742 24.5636667013168 78.9076543152332 318.280101656914 2.78535127639771 27.8330329954624 31.950150936842 1365.2320099473 1318.00695189834 152.957704097033 0 2342.30050706863 7.08543822169304 710.967020362616 777.18087464571 185.200818479061 15.9104877114296 283.309060335159 58.2955470085144 3254.27825883031 862.727257817984 12.5622958540916 1.28209137916565 1.44957292079926 0 0 3.7707804441452 0 0 0 0 0 4.92830061912537 0 1.39962297677994 6.19216185808182 1.66605570912361 19.657815605402 2.81349101662636 0 8.17770949006081 0 0.479886889457703 3.62925606966019 1.95569503307343 0 0 0 2.17187249660492 0 1.78494811058044 0.501709997653961 13.670038074255 0 0 0 9.59131923317909 0 1.9605405330658 0 0.469304114580154 0 0 2.37231409549713
4587.03244501352 13.174813836813 813.545931249857 602.086626470089 19.9437227547169 4296.3750615418 0 4607.49547663331 291.070786863565 16862.8555577099 57.0853787362576 865.246111094952 15.8713649213314 5862.83036923409 154.430898815393 206.905129283667 260.714178979397 8.25920742750168 48.5288610756397 264.406287610531 974.423382341862 103.444669127464 1977.76806762815 2468.99379217625 4.09970265626907 310.935787945986 565.541849464178 19631.4884872735 1546.78786095977 10384.211461097 0 35.8620747327805 132.467618852854 571.094700843096 93.3749170899391 818.310000836849 48.7280232012272 544.774037331343 127.480150580406 163.225936800241 89.116188377142 5.5969155728817 11.7395498156548 0 2.83150964975357 0.643233835697174 4.67780470848083 0 0 0 2.60626477003098 0.53126448392868 5.41357803344727 0 4.96459466218948 24.0084864497185 1.89939969778061 20.4014704823494 17.899109095335 0 4.16203528642654 0.574053525924683 1.87435662746429 4.05214959383011 14.9376407265663 0 0 0 1.22759354114532 3.51618021726608 12.4203945696354 2.71234649419785 85.9868392348289 0 0 15.2896287739277 63.9650903642178 10.1047726273537 14.3640743494034 0 0 1.29344856739044 2.99536764621735 9.85866004228592
2518.79763665795 5.93802544474602 120.536156326532 52.2334481775761 654.045097947121 16030.6818183064 4607.49547663331 0 88.7375775873661 3979.0104379952 330.158228576183 750.928272485733 53.467868745327 20918.8692599833 643.528488755226 36.4846474230289 86.1141235530376 12.7959085404873 21.4703162610531 86.6328122019768 187.955003887415 20.7079724669456 299.558566004038 234.698895126581 5.57737213373184 97.4853256046772 98.2918375730515 919.662584841251 2880.06729176641 995.530806362629 2.97316226363182 2276.56721302867 27.2218643426895 1424.40979424119 46.1134070754051 470.486411422491 64.0253390371799 748.245244175196 131.10866779089 1180.57639688253 714.763074338436 30.9296595752239 6.42399883270264 0 2.33723282814026 2.61293464899063 2.4430787563324 0 1.13939237594604 0.883364140987396 1.08118212223053 0 0 0 1.05465599894524 4.16081660985947 1.50502514839172 9.12786793708801 1.87319114804268 0 1.57943427562714 1.51398897171021 0 1.43020761013031 3.47076594829559 0 0 0 0.634351134300232 0 5.66895052790642 0 21.8980320692062 0 0 5.43819719552994 13.6482667028904 0 1.09448778629303 0 0 0 1.30651643872261 7.02573218941689
49.0548650622368 557.373352378607 30.792638272047 196.427605003119 110.926438808441 235.841153144836 291.070786863565 88.7375775873661 0 174.395829647779 42.5963865816593 1582.40282258391 128.755273282528 90.5853309929371 1176.31436517835 116.513722598553 28.3102917969227 6.5174585878849 15.2995720505714 79.750618070364 108.981080025434 3386.53992542624 117.718315124512 10241.3668884039 271.675006449223 104.313857346773 496.955569729209 1686.45819982886 243.703394949436 277.492605000734 1.37855699658394 6.5113816857338 41.3139261603355 135.812622100115 19.1173360049725 291.024055033922 25.9199447035789 122.550537526608 25.0931392908096 1441.90426635742 24.5665223300457 21.8368011116982 7.51976591348648 1.01331412792206 4.5974977016449 1.25094854831696 85.406113922596 0 0 1.84872850775719 5.0575909614563 0 27.0877841114998 6.76463091373444 24.4073978960514 33.2322286963463 3.03414979577065 252.647870659828 68.5761044621468 0 90.2958244085312 1.15560555458069 6.77560648322105 29.0465078949928 43.3074837327003 0 0 0 27.1959982514381 6.00961625576019 21.2536078989506 1.93231755495071 211.444689750671 1.45247083902359 2.50990763306618 14.6296220123768 137.251775324345 20.597894012928 29.220081448555 0 0.994860827922821 1.4284850358963 4.61924028396606 3.49031752347946
248.357430160046 1.99157303571701 19.2244291901588 11248.143337965 14.4949952661991 11159.2612489462 16862.8555577099 3979.0104379952 174.395829647779 0 12.6412093043327 15658.986587882 3.77930396795273 1762.17920869589 216.990322351456 12.218968629837 1.97666934132576 0.413035988807678 1.48850250244141 21422.8408370614 16.5542799830437 13.720252096653 45.8602337539196 982.688168376684 0.448907405138016 7.52265858650208 19.8262747824192 11218.1550438106 137.803484112024 53.1193818747997 0 12.1421551704407 4.50778314471245 104.982351988554 490.277567744255 175.897700756788 6.21468424797058 90.68995860219 13.3481640219688 189.330767095089 30.5926899015903 0.789714097976685 1.92823302745819 0 1.1038453578949 0 6.19131034612656 0 0 0 0.488958984613419 0 30.9286862015724 1.22010946273804 2.40402302145958 17.8207583427429 2.08794236183167 22.5436634421349 8.90886363387108 0 14.6665993332863 0 1.33293002843857 6.25704300403595 0.943550586700439 0 0 0 7.75342863798141 1.42866134643555 1.25153157114983 1.03485202789307 48.4082134664059 0 0 0.625688314437866 61.141334682703 0.904241442680359 2.78177988529205 0 0 0 0 1.18218329548836
44.2617991864681 248.899125307798 206.405846089125 0 29.4164702892303 122.915460973978 57.0853787362576 330.158228576183 42.5963865816593 12.6412093043327 0 11.5992878675461 7617.92090523243 478.805453538895 10.2853198647499 4.73826351761818 736.746351659298 7601.35154509544 3766.75220966339 1.11077725887299 95.0538707971573 107.963274538517 253.954983770847 22.3772082924843 1382.84939050674 20049.6328393817 2724.18368765712 44.2950013577938 492.472228974104 136.950440973043 1060.69915410876 106.969855368137 7.86612793803215 9913.82359498739 7.5323611497879 469.952782511711 5781.04204276204 9347.06079277396 330.084521472454 26.5651428103447 39.2265455126762 2853.38321137428 2.98277896642685 29.1138605475426 8.17294973134995 0 0 0 1.68255233764648 0 21.0014036893845 0.817965447902679 0 0 0 0 0 0.486405491828918 0.403458327054977 62.4738523960114 0 189.229295045137 0 0.976984739303589 3.53113734722137 0 25.3433928489685 4.04216092824936 0 0 6.47300165891647 2.81477719545364 1.69002932310104 105.009904116392 91.6211576461792 152.770635992289 0 0 1.2758811712265 12.4976914227009 0 0 7.71337133646011 4.66939482092857
30.5335341393948 9.54510542750359 2.80567735433578 3420.00764560699 93.3381217420101 5881.38053226471 865.246111094952 750.928272485733 1582.40282258391 15658.986587882 11.5992878675461 0 4.33105391263962 232.944893658161 3959.54186594486 2.98786789178848 1.64486575126648 1.58947569131851 0.485844433307648 22627.3873791695 4.41857200860977 52.5400090515614 7.90421763062477 1364.0343029201 5.8581620156765 6.40361893177032 24.690319955349 1534.98613515496 72.5216649770737 11.5397427678108 0 17.757708132267 0 55.992180287838 212.896039783955 40.4989002346992 7.5486461520195 42.1644591093063 9.81353691220284 989.668273389339 26.4767886996269 0.647032141685486 0 0 0 0 45.4367575347424 0 0 0 1.10535395145416 0 30.4110248684883 0 15.0895094871521 13.9671489596367 2.5552736222744 86.524449467659 73.6908580064774 0 286.887951165438 0 3.54576128721237 12.6343847513199 1.45800656080246 0 0 0 70.6867430210114 0 3.88124132156372 0 49.3893568813801 0 0 0.93401700258255 36.4417875111103 1.38205885887146 2.51104873418808 0 0 0 0 9.94467407464981
9.78925839066505 741.957690745592 39.9704358577728 0 9.77156859636307 30.0958772301674 15.8713649213314 53.467868745327 128.755273282528 3.77930396795273 7617.92090523243 4.33105391263962 0 49.9759520888329 4.28930804133415 10.6284612715244 41.8393190205097 438.003623843193 169.357250154018 0 12.6565688550472 382.994152605534 34.6230617761612 59.2636469900608 7785.7698559165 7861.14356598258 6871.46581220627 13.6140860319138 40.0732156038284 14.2451498806477 5012.85950106382 12.8503346443176 1.27488622069359 1183.75783011317 30.3084483146667 757.288634449244 3405.33643707633 1940.13670092821 345.175169765949 59.6651486158371 285.893207728863 6025.12577673793 18.5511697530746 94.7838378548622 45.5333901047707 42.3624610304832 0 5.32849591970444 18.9919206500053 0 37.704903036356 0 0 1.68204927444458 1.65285611152649 0 2.32466661930084 3.10170432925224 0 159.408581882715 0 493.545985788107 0 0.435602366924286 1.87930309772491 0 72.7341573834419 16.2541204690933 0 0 5.87687745690346 0 3.25677001476288 343.226085841656 288.847783684731 377.579370319843 0.584811389446259 2.48633801937103 0.416109621524811 47.2424658834934 0.61930787563324 0 42.2149946689606 12.4002788960934
11193.1655614972 8.29501613974571 129.067017287016 28.2087939679623 255.59335488081 3003.56705889106 5862.83036923409 20918.8692599833 90.5853309929371 1762.17920869589 478.805453538895 232.944893658161 49.9759520888329 0 99.5142804086208 51.7171447277069 110.971943885088 14.335836738348 40.1046892702579 42.4564480185509 235.280089527369 37.4028934836388 413.290583312511 272.50946521759 10.8274076581001 143.229089438915 137.220662921667 934.576723068953 9644.00183424354 2039.93359693885 1.01179280877113 1242.3856959641 94.089238256216 1927.05989849567 66.410291403532 696.598557114601 63.0592403411865 1092.83351904154 120.984793841839 383.855364710093 418.297502636909 37.1467832922935 6.04476252198219 1.42442691326141 0.877600193023682 0 0 0 1.11871826648712 0 0 0.914200246334076 0 0 0 3.1088250875473 0 9.07753983139992 3.42436331510544 0 1.2088063955307 0 0 0 3.53711599111557 0 0 0 0 3.91982364654541 0 1.62952506542206 36.3408232033253 0.881840348243713 0.856166064739227 5.34744083881378 14.208381831646 5.34878695011139 5.82860943675041 0 0 0 0 13.8349016010761
13.7376935184002 23.0938600301743 3.55913218855858 108.326956152916 3103.40270796418 2785.46848592162 154.430898815393 643.528488755226 1176.31436517835 216.990322351456 10.2853198647499 3959.54186594486 4.28930804133415 99.5142804086208 0 5.44133040308952 4.69598239660263 1.5194251537323 1.26971316337585 122.723198443651 0.459419995546341 77.0475994944572 7.10751897096634 658.223224699497 7.74555206298828 2.35048824548721 22.9334473609924 147.926558345556 68.2233167290688 10.5419631898403 0 121.651630401611 0 55.7717406153679 43.3191426992416 9.33716422319412 3.51614880561829 25.1148412525654 3.52918022871017 9051.82527291775 84.2489209473133 0 0 0 0 0 15.6870504617691 0 0 0 0 0 4.33493566513062 0 1.21192610263824 7.01658487319946 0 32.384449005127 10.200988471508 0 9.13035148382187 0 0 12.3071065545082 0.593323767185211 0 0 0 2.53992772102356 0.506010293960571 0 0 11.1400728225708 0 0 1.37580370903015 14.7029519677162 0 0 0 0 0 0 0
33.6766973137856 95.7176583111286 100.122026979923 11.2276222109795 0.913971781730652 13.5157327950001 206.905129283667 36.4846474230289 116.513722598553 12.218968629837 4.73826351761818 2.98786789178848 10.6284612715244 51.7171447277069 5.44133040308952 0 43.2661263644695 2.69510552287102 12.6753625273705 2.45280909538269 11591.6773802638 2623.12529471517 22563.1696373224 2925.66663581133 7.04833543300629 42.6921488344669 7668.29732257128 4571.28780263662 182.395297706127 283.113418996334 0 0.619495689868927 65.400331646204 396.953317314386 91.1408536434174 1256.0966232419 109.71078646183 487.352480739355 172.51164111495 96.7086181044579 25.5036415159702 2.16125214099884 16.1669037938118 4.23070192337036 7.42653739452362 7.7665750682354 1.79648959636688 0 0 0 2.68001413345337 5.17235666513443 0.422170400619507 0 0 5.71994644403458 0 15.4107325971127 1.36900186538696 0 1.89159289002419 0 0.801582038402557 0 156.892084389925 0 0 0 0 6.49624925851822 226.300130099058 79.015900105238 47.745105266571 0 0.713039338588715 99.2427456974983 21.7666009366512 1.84226262569427 65.5157183110714 0 0 0 32.0755953192711 17.0243111252785
107.421119362116 441.892151892185 3854.04649794102 0.496375650167465 1.71494126319885 13.090830206871 260.714178979397 86.1141235530376 28.3102917969227 1.97666934132576 736.746351659298 1.64486575126648 41.8393190205097 110.971943885088 4.69598239660263 43.2661263644695 0 478.852020144463 7392.70732536912 0 1282.52376645803 171.174631237984 9237.01784905791 41.6665093898773 28.6375763714314 5563.73338264227 3017.78213244677 261.657387644053 176.996716499329 989.426320403814 3.30570673942566 0 23.7521726489067 1433.40822178125 15.5258946120739 298.653616547585 90.4775251746178 1178.15189880133 135.483433276415 22.0997020602226 10.7722936570644 0.755292773246765 6.13071888685226 2.19699025154114 3.92493867874146 1.34418308734894 0 0 0 0 36.5849635004997 1.29245710372925 0 0 0 0 0 0.347961276769638 0 1.58113557100296 0 1.9588897228241 0 0 3.98016506433487 0 0 0 0 0.956072449684143 9.57552617788315 3.03588199615479 1.89231091737747 4.42839252948761 4.12349152565002 81.0332615375519 0 0 2.38567215204239 0.775770306587219 0 0 5.75232976675034 1.87440019845963
3.2050307393074 63.8699237704277 116.756487518549 0 0 7.16118901968002 8.25920742750168 12.7959085404873 6.5174585878849 0.413035988807678 7601.35154509544 1.58947569131851 438.003623843193 14.335836738348 1.5194251537323 2.69510552287102 478.852020144463 0 5573.96544587612 0 23.4443003535271 20.4972388744354 95.4603981375694 2.35616031289101 319.099748790264 8660.93663424253 836.490943610668 7.15557101368904 19.5326808094978 32.1202310919762 98.4378519356251 3.72766256332397 3.98532503843307 282.758170634508 4.15426734089851 64.5508895814419 209.516466528177 468.608725905418 48.2592420876026 1.12823039293289 4.75932252407074 8.28438010811806 1.59122508764267 2.23409199714661 1.21569323539734 1.20489275455475 0 0 0 0 7.04624801874161 0.548953711986542 0 0 0 0 0 0 0 10.8725189864635 0 31.9198896586895 0 0 0 0 10.0349463224411 1.67765861749649 0 0 0 0 0 56.7776291072369 50.1626499891281 83.5309427976608 0 0 0 5.16144046187401 0 0 3.50775444507599 0
16.9542897939682 241.778891295195 561.983115404844 0 0 4.56048160791397 48.5288610756397 21.4703162610531 15.2995720505714 1.48850250244141 3766.75220966339 0.485844433307648 169.357250154018 40.1046892702579 1.26971316337585 12.6753625273705 7392.70732536912 5573.96544587612 0 0 147.233215421438 46.929975181818 609.951095879078 8.95534551143646 252.949031591415 9417.85098066926 1713.43146285415 53.0934936106205 55.3976017534733 154.875323981047 36.2760772109032 3.40176606178284 8.94802209734917 744.547024905682 5.01557892560959 108.424698412418 110.024608552456 629.959407180548 65.2044458985329 11.8929725587368 3.36586612462997 6.82413464784622 0.583265364170074 1.79835826158524 3.64836746454239 0 0 0 0 0 20.5762457251549 1.02033305168152 0 0 0 0 0 0.417995661497116 0 4.15204212069511 0 8.99678042531013 0 0 0.71646773815155 0 11.0297246277332 2.47922646999359 0 0 0 0.452250093221664 0 26.9816708564758 27.3670993149281 94.462522149086 0 0 0 2.34058755636215 0 0 3.9506419301033 4.50185939669609
12.9510143399239 0 0.661084532737732 21578.6898281872 0.579881370067596 396.29830160737 264.406287610531 86.6328122019768 79.750618070364 21422.8408370614 1.11077725887299 22627.3873791695 0 42.4564480185509 122.723198443651 2.45280909538269 0 0 0 0 2.43458068370819 3.361173838377 2.87217617034912 720.552037328482 0 0 2.11152195930481 4374.14793586731 19.7712409794331 2.03680577874184 0 0 0 9.9342212677002 11.4405127167702 22.1147858500481 0.962954163551331 14.1418236196041 2.18069243431091 52.5312620699406 2.43294623494148 0.522846221923828 0 0 0 0 1.08934265375137 0 0 0 0 0 125.009914875031 0 4.33526659011841 4.3157901763916 1.23831021785736 13.3998744487762 10.878259241581 0 4.64990365505219 0 0 0.583617627620697 0 0 0 0 2.10870295763016 0 0.396315485239029 0 8.43479576706886 0 0 0 65.5633259415627 1.85005563497543 1.50375729799271 0 0 0 0 0.4207643866539
196.016524374485 36.0974793732166 1513.58565074205 1.02021238207817 0.766851961612701 52.4570116698742 974.423382341862 187.955003887415 108.981080025434 16.5542799830437 95.0538707971573 4.41857200860977 12.6565688550472 235.280089527369 0.459419995546341 11591.6773802638 1282.52376645803 23.4443003535271 147.233215421438 2.43458068370819 0 271.045083165169 25248.8403605521 1363.99989357591 4.90702277421951 503.669207453728 1567.94404137135 12165.2985894978 636.907321542501 14798.5971910655 2.47002127766609 7.72314810752869 179.5879945755 3378.99095514417 171.944339901209 2636.07175299525 96.6466896533966 2272.6725680232 573.174452424049 231.214457839727 99.428001254797 6.78832522034645 11.5654419660568 1.4543514251709 5.90854397416115 2.32582849264145 0.569153666496277 0 0 0 0.529125392436981 1.38037067651749 0 0 0 2.3132621049881 0 19.46534922719 1.91044309735298 0 0 0 1.02646768093109 0 39.2967612147331 0 0 0 0 6.91777861118317 38.8906141221523 12.3401246070862 26.4017639756203 1.01941883563995 0 16.3253354728222 18.6447736024857 2.28072905540466 17.3385252356529 0 0 1.88622164726257 8.23535120487213 38.5047536194324
21.2756164669991 2534.18772643805 412.220175892115 5.26341998577118 16.0456559658051 24.5636667013168 103.444669127464 20.7079724669456 3386.53992542624 13.720252096653 107.963274538517 52.5400090515614 382.994152605534 37.4028934836388 77.0475994944572 2623.12529471517 171.174631237984 20.4972388744354 46.929975181818 3.361173838377 271.045083165169 0 1123.10939764977 5096.93953770399 909.132202863693 323.522188395262 5845.11460709572 657.972875237465 110.008572995663 164.276720046997 6.96521273255348 2.03371322154999 41.36008477211 289.406263232231 37.490652680397 895.342536181211 197.815219283104 673.011308521032 203.370152652264 158.54052183032 13.0432308316231 66.5831978321075 20.7943202257156 5.70917421579361 8.44743245840073 4.61159509420395 4.84376513957977 1.60407245159149 0 0 27.9000059366226 10.7852572798729 1.39783737063408 0 2.41192996501923 4.17614340782166 0 18.9616790115833 2.32234418392181 0.580155849456787 0 3.0434033870697 0.896767139434814 0 149.704771757126 0 1.64121145009995 0.95280134677887 0.791965246200562 6.950973123312 335.043384552002 73.7029669880867 61.1833439469337 5.48958411812782 7.50720819830894 227.243285924196 33.0583657026291 3.22445821762085 58.6392386555672 1.16986554861069 0 0 44.2702950239182 12.8390340209007
296.671178936958 127.32948616147 15169.8775300086 9.33593198657036 17.2724562883377 78.9076543152332 1977.76806762815 299.558566004038 117.718315124512 45.8602337539196 253.954983770847 7.90421763062477 34.6230617761612 413.290583312511 7.10751897096634 22563.1696373224 9237.01784905791 95.4603981375694 609.951095879078 2.87217617034912 25248.8403605521 1123.10939764977 0 1359.11659109592 17.6122786998749 2210.99023577571 15880.760707289 8667.47316101193 760.28492808342 5719.66196575761 2.77472108602524 11.5544806718826 207.127196371555 4104.61808207631 539.687095701694 7493.11840069294 660.484251320362 5667.87796810269 1569.87646958232 763.421804696321 141.686201035976 18.7239925563335 87.7786315977573 10.7393357157707 31.0152013599873 17.7413074970245 4.48313266038895 3.8284472823143 0.537402391433716 0 9.23761349916458 22.7330448329449 0 0 0.860681444406509 7.93983918428421 0.494629561901093 22.3148657381535 1.00572708249092 0.441216051578522 0 0 0 0 229.96763047576 0 0.587388813495636 0 0 11.2973582744598 260.870431751013 208.652837336063 50.4338814914227 0.51585066318512 2.69928151369095 403.486623585224 35.6331601440907 2.5908784866333 156.1049913764 0 0 0 90.7011401355267 148.03612869978
199.891284316778 380.602728933096 129.981933444738 2027.83275780082 49.137680888176 318.280101656914 2468.99379217625 234.698895126581 10241.3668884039 982.688168376684 22.3772082924843 1364.0343029201 59.2636469900608 272.50946521759 658.223224699497 2925.66663581133 41.6665093898773 2.35616031289101 8.95534551143646 720.552037328482 1363.99989357591 5096.93953770399 1359.11659109592 0 141.530726850033 100.146084368229 1777.03167137504 27257.360953331 609.882035017014 816.594327479601 0.445739209651947 6.3272397518158 167.173599034548 394.33906263113 69.1272144913673 975.087649852037 39.1989938318729 314.870055884123 87.7670511007309 639.843818128109 54.1063154935837 8.36784452199936 44.4175708889961 0.65264630317688 12.0015515089035 5.43045753240585 53.6250473856926 2.76423865556717 0 3.19287914037704 6.06901007890701 1.14655208587646 92.8782296180725 2.80362260341644 51.9603751301765 250.323460608721 17.4356198608875 417.495857924223 217.947726219893 0 88.5598322451115 1.52561038732529 23.3003380298615 26.8597150444984 124.065523803234 0 0 0 50.847364962101 19.6881212890148 107.382213771343 29.3500350415707 956.930888593197 1.84405106306076 2.12021312117577 59.2920415997505 821.847625106573 106.711302518845 157.487256616354 0 0 7.93038469552994 19.0526834726334 12.2563983500004
1.56486812233925 2819.2884221673 20.6762599945068 0 1.51564446091652 2.78535127639771 4.09970265626907 5.57737213373184 271.675006449223 0.448907405138016 1382.84939050674 5.8581620156765 7785.7698559165 10.8274076581001 7.74555206298828 7.04833543300629 28.6375763714314 319.099748790264 252.949031591415 0 4.90702277421951 909.132202863693 17.6122786998749 141.530726850033 0 1942.70404312015 6258.39275410771 9.53333184123039 4.61453345417976 5.75405916571617 124.415303260088 2.0522381067276 1.28807461261749 154.507952332497 1.2147955596447 66.1719458401203 565.576220929623 354.282976180315 73.1313488483429 6.33476424217224 9.98143768310547 775.876850008965 6.91179382801056 25.9407594203949 13.5416442155838 2.12736964225769 1.36874902248383 0 1.09131646156311 0 79.4325588643551 1.20509231090546 0 0 0.904146432876587 0.627058565616608 0 3.53152826428413 0 76.8926552534103 0 188.977363824844 4.57215857505798 0 1.55434936285019 2.56533235311508 91.3185248970985 18.412614107132 0 0 5.86406087875366 0 2.02412152290344 231.275638699532 256.385646134615 368.798945009708 0.704037070274353 2.46896028518677 2.34506815671921 29.2198917269707 0 0 12.3602225780487 0
57.4694284498692 1536.63897377253 12101.2953873575 1.18319833278656 4.28820806741714 27.8330329954624 310.935787945986 97.4853256046772 104.313857346773 7.52265858650208 20049.6328393817 6.40361893177032 7861.14356598258 143.229089438915 2.35048824548721 42.6921488344669 5563.73338264227 8660.93663424253 9417.85098066926 0 503.669207453728 323.522188395262 2210.99023577571 100.146084368229 1942.70404312015 0 37784.8823710084 304.71672591567 136.438911736012 411.455438286066 4055.73817408085 9.01002988219261 19.1853202879429 1772.82105916739 30.4283849000931 1258.96828913689 1082.7090805769 3776.10000562668 675.71878477931 30.7602328956127 28.3084160685539 30.7410301566124 11.4019215106964 5.83124032616615 27.2632383704185 7.36858114600182 0.584932267665863 0 0.935018926858902 1.09429037570953 163.666892498732 8.84138670563698 0 0 0 0 1.25358986854553 5.3753154873848 1.14244857430458 64.6896030306816 0.73013624548912 122.814263403416 0.576728522777557 0 2.00974667072296 0 56.5881761312485 35.3650258183479 0 0.79510772228241 19.4891180992126 6.71123829483986 4.22555086016655 295.808763980865 370.965180248022 806.495472639799 0.911604106426239 3.53880923986435 1.48948574066162 26.1896786391735 0 0 32.0877824723721 27.9475981891155
76.7895176708698 7767.84284105897 11182.2639605999 6.60419833660126 9.86598864197731 31.950150936842 565.541849464178 98.2918375730515 496.955569729209 19.8262747824192 2724.18368765712 24.690319955349 6871.46581220627 137.220662921667 22.9334473609924 7668.29732257128 3017.78213244677 836.490943610668 1713.43146285415 2.11152195930481 1567.94404137135 5845.11460709572 15880.760707289 1777.03167137504 6258.39275410771 37784.8823710084 0 2116.99951139092 225.315176397562 535.193641364574 2219.5371632278 18.3420250117779 67.1960057318211 2197.43603444099 277.821679025888 5606.33256867528 1700.99848660827 6400.12186563015 1708.29766967893 378.560463249683 110.940396755934 45.3438261151314 134.992748349905 52.5880029797554 117.246054917574 50.9677086770535 11.8047380447388 4.93342190980911 1.47455632686615 0 396.190783798695 98.4505091607571 0.974993705749512 1.06377482414246 0.612932801246643 1.06980893015862 0.55373352766037 21.3033868670464 2.45339810848236 51.2487585246563 0.61546915769577 132.211040616035 0 0.372499048709869 154.756926774979 2.157310962677 64.2401950359344 27.8549015820026 0 4.73976808786392 387.410360187292 404.556132733822 48.6178052127361 295.857690393925 383.608576476574 2196.51368129253 16.7307044863701 3.28283137083054 236.823608517647 19.353651881218 0 0 257.76261472702 152.870604604483
663.464485764503 57.9824677407742 1055.3138563931 15748.7089617252 26.189511269331 1365.2320099473 19631.4884872735 919.662584841251 1686.45819982886 11218.1550438106 44.2950013577938 1534.98613515496 13.6140860319138 934.576723068953 147.926558345556 4571.28780263662 261.657387644053 7.15557101368904 53.0934936106205 4374.14793586731 12165.2985894978 657.972875237465 8667.47316101193 27257.360953331 9.53333184123039 304.71672591567 2116.99951139092 0 1702.14319220185 9078.52273273468 0.384932786226273 8.29259437322617 525.655253648758 1681.25516027212 219.59556800127 2798.91480559111 84.0915779173374 1283.98876586556 298.644211411476 327.024221092463 158.916447579861 11.6498205661774 36.9319360256195 1.30871552228928 6.08017987012863 2.80022883415222 21.6132099926472 4.37706285715103 0 3.92191338539124 4.60705029964447 1.19311982393265 104.936817586422 1.24258017539978 26.8610271215439 149.931724220514 13.3641644120216 243.399874031544 115.46602538228 0 25.3155662417412 0 15.1142300963402 12.3544638454914 111.553066641092 0 0 0 12.0786197781563 13.9663069844246 81.9919001460075 38.4727911949158 659.352036774158 1.46559301018715 0.82323557138443 50.877317070961 599.357232838869 71.3044036924839 118.044916421175 0 0.868253827095032 4.61958771944046 11.3991921544075 38.8789986670017
9367.46661069989 18.7156823277473 154.868055820465 16.8887533247471 570.08161726594 1318.00695189834 1546.78786095977 2880.06729176641 243.703394949436 137.803484112024 492.472228974104 72.5216649770737 40.0732156038284 9644.00183424354 68.2233167290688 182.395297706127 176.996716499329 19.5326808094978 55.3976017534733 19.7712409794331 636.907321542501 110.008572995663 760.28492808342 609.882035017014 4.61453345417976 136.438911736012 225.315176397562 1702.14319220185 0 9967.96153074503 0.47178328037262 2361.52826488018 8979.73479169607 4639.95367994905 95.447642147541 1305.08964961767 88.3363522589207 1842.29848700762 256.982009202242 394.708396166563 974.182570457458 31.9693640768528 13.6878987550735 2.16467666625977 2.28046095371246 3.32049340009689 0.593406140804291 0 0 0.533659875392914 1.49775612354279 0 1.03554284572601 0.825635135173798 0.643057644367218 10.6243117749691 1.5247745513916 23.776015996933 0 0 0 0 0.834196627140045 0.471589326858521 19.419684946537 0 0 0 0.481545865535736 4.06398624181747 14.7273557186127 10.4948959946632 70.8236535787582 0 1.9679217338562 6.79215496778488 38.9774762690067 7.33332055807114 14.2616584002972 0 0 0 1.12866985797882 18.1326655447483
3691.75001034141 23.3429046571255 721.667550832033 3.81074115633965 10.4488288462162 152.957704097033 10384.211461097 995.530806362629 277.492605000734 53.1193818747997 136.950440973043 11.5397427678108 14.2451498806477 2039.93359693885 10.5419631898403 283.113418996334 989.426320403814 32.1202310919762 154.875323981047 2.03680577874184 14798.5971910655 164.276720046997 5719.66196575761 816.594327479601 5.75405916571617 411.455438286066 535.193641364574 9078.52273273468 9967.96153074503 0 1.66570875048637 19.2936693131924 615.361176848412 3709.33494970202 122.633546620607 1441.13519257307 55.4042910635471 1739.29176384211 305.84502863884 178.684713900089 120.310977131128 4.39448091387749 14.4362616539001 0 0.676433026790619 2.14081713557243 0.499648571014404 0 0 0 0.638056814670563 0.495045095682144 0.64359724521637 0 0 4.72457647323608 0.733863532543182 24.4304139316082 0 0 0.711237847805023 0 0 0 19.430429816246 0 0 0 1.51339256763458 2.44378697872162 12.5117373764515 6.23233914375305 81.2928984463215 0.499582082033157 0.380019128322601 7.37880569696426 34.1573990881443 6.20533162355423 19.7311834096909 0 0 0 2.60687160491943 16.9068571925163
0 23.2518259882927 4.88805645704269 0 0.418263047933578 0 0 2.97316226363182 1.37855699658394 0 1060.69915410876 0 5012.85950106382 1.01179280877113 0 0 3.30570673942566 98.4378519356251 36.2760772109032 0 2.47002127766609 6.96521273255348 2.77472108602524 0.445739209651947 124.415303260088 4055.73817408085 2219.5371632278 0.384932786226273 0.47178328037262 1.66570875048637 0 0 0 23.8710416555405 0 11.7132837176323 55.2623756527901 50.8806677162647 5.40624204277992 0 0 1.78072375059128 1.02071368694305 0.862469494342804 0 0 0 0 1.39164757728577 0 5.8132798075676 0 0 0 0 0 0 0 0 2.99859711527824 0 14.3860249519348 0 0 0 0 4.4005900323391 2.25637143850327 0 0 0 0 0 14.1318361759186 21.3268643319607 21.1994510293007 0 0 0 1.58714812994003 0 0 1.37249517440796 0
30.6800577640533 1.21707201004028 3.08628645539284 0 2009.8499122262 2342.30050706863 35.8620747327805 2276.56721302867 6.5113816857338 12.1421551704407 106.969855368137 17.757708132267 12.8503346443176 1242.3856959641 121.651630401611 0.619495689868927 0 3.72766256332397 3.40176606178284 0 7.72314810752869 2.03371322154999 11.5544806718826 6.3272397518158 2.0522381067276 9.01002988219261 18.3420250117779 8.29259437322617 2361.52826488018 19.2936693131924 0 0 5.01889264583588 1964.50102555752 10.6473622024059 95.9967244267464 13.1058457493782 271.97054708004 52.9130219519138 573.68934610486 3975.9572481811 9.36072450876236 0 0 0.940246939659119 0 0 0 0 0 0 0 0 0 0 0 0 3.01344740390778 0 0 0 0.861716449260712 0 0 0.801353573799133 0 0 0 0 0 0.339479804039001 0 0.533347487449646 0 0 0 0 0 1.12053763866425 0 0 0 0 0.747432351112366
261.796610474586 2.14876592159271 41.4929423034191 1.35962814092636 0 7.08543822169304 132.467618852854 27.2218643426895 41.3139261603355 4.50778314471245 7.86612793803215 0 1.27488622069359 94.089238256216 0 65.400331646204 23.7521726489067 3.98532503843307 8.94802209734917 0 179.5879945755 41.36008477211 207.127196371555 167.173599034548 1.28807461261749 19.1853202879429 67.1960057318211 525.655253648758 8979.73479169607 615.361176848412 0 5.01889264583588 0 817.162959039211 8.52386209368706 142.659384310246 7.89249122142792 199.133666932583 32.3511091768742 11.4554112255573 21.4428501427174 2.66396602988243 2.32196450233459 0 0 2.67147064208984 0 0 0 0 0 0 0 0 0 0 0 10.7795380949974 0 0 0 0 0 0 3.70980215072632 0 0 0 0 0 0.973184049129486 1.19425284862518 7.89935582876205 0 0 1.50766062736511 1.65143924951553 0 1.53758037090302 0 0 0 0 0.452304035425186
461.044226646423 266.69976708293 905.634924650192 5.99546521902084 949.111109346151 710.967020362616 571.094700843096 1424.40979424119 135.812622100115 104.982351988554 9913.82359498739 55.992180287838 1183.75783011317 1927.05989849567 55.7717406153679 396.953317314386 1433.40822178125 282.758170634508 744.547024905682 9.9342212677002 3378.99095514417 289.406263232231 4104.61808207631 394.33906263113 154.507952332497 1772.82105916739 2197.43603444099 1681.25516027212 4639.95367994905 3709.33494970202 23.8710416555405 1964.50102555752 817.162959039211 0 90.9516640156507 803.233325332403 890.904779553413 15189.1088269651 464.678843200207 271.399003893137 1446.76800942421 782.251767039299 17.9651353359222 2.23210728168488 9.32562661170959 9.49400720000267 2.77160060405731 2.49722760915756 2.01627606153488 0 22.8558056354523 4.53672289848328 0 0 0 3.14202687144279 0 25.4157000184059 0 3.49259006977081 0.448279500007629 15.2374507188797 2.07742029428482 0 35.7286176085472 0 0.641056180000305 0.718921422958374 0 9.5397846698761 31.1480019688606 20.3416350185871 40.9341149628162 11.5451836287975 16.2264615297318 94.3191440403461 25.7871706783772 2.04005599021912 17.0711070299149 0 0 1.43016469478607 7.27143800258636 20.6937778890133
24.1812858879566 9.40290784835815 106.053175240755 11.4648262858391 42.4752081036568 777.18087464571 93.3749170899391 46.1134070754051 19.1173360049725 490.277567744255 7.5323611497879 212.896039783955 30.3084483146667 66.410291403532 43.3191426992416 91.1408536434174 15.5258946120739 4.15426734089851 5.01557892560959 11.4405127167702 171.944339901209 37.490652680397 539.687095701694 69.1272144913673 1.2147955596447 30.4283849000931 277.821679025888 219.59556800127 95.447642147541 122.633546620607 0 10.6473622024059 8.52386209368706 90.9516640156507 0 2231.68894287944 381.202146440744 212.854380190372 780.430156797171 174.450130820274 98.664121478796 42.0349954664707 889.999159187078 153.982029378414 195.087463498116 482.923822551966 75.8689424097538 26.4759689867496 14.6749677658081 1.89653286337852 1.24137377738953 12.885845720768 0 10.46160197258 2.47915869951248 9.48686727881432 5.54236662387848 7.26246547698975 0.347505688667297 0 1.75625216960907 1.95936000347137 6.75284361839294 0 7.9746687412262 0.410915523767471 0 0 0 0 6.48505482077599 16.8610466718674 9.13647654652596 0 9.51276689767838 42.663991689682 10.5850058495998 36.9708546102047 21.4736303985119 0 0 6.80758792161942 108.824675440788 55038.724925518
