0 8.07938835024834 54.2570242583752 28.7848555147648 4.00225383043289 61.728234231472 3699.60806572437 739.641408920288 152.271127969027 280.05598461628 54.1007255017757 19.5829455256462 14.1709437966347 12804.5963700414 5.30650287866592 37.7212697863579 73.3017090260983 6.09204930067062 22.7723369002342 13.7381777763367 342.617829024792 69.9244520068169 364.113211542368 355.129865467548 6.0957635641098 69.6373935639858 123.647499412298 783.636278003454 11493.1870321035 3565.42514684796 1.15477931499481 22.4259231090546 581.19583389163 678.961521327496 19.398564696312 399.90148973465 24.0035096406937 468.330733001232 75.4661684930325 76.7736421227455 34.7101449370384 4.94278362393379 17.2755537033081 0 16.8592624664307 11.9102244377136 0 0 0.923385083675385 7.53358194231987 3.4144161939621 4.70403069257736 1.23722720146179 0 4.86038222908974 41.330719679594 1.82031413912773 14.7778181433678 5.59332087635994 0 0 0 14.1126753389835 0 15.2303609549999 2.32524335384369 0 0.730709135532379 0 41.5351340472698 7.07462507486343 28.4461455345154 88.8704929947853 0 4.88339459896088 16.3127183020115 99.2464452683926 22.8102725446224 30.7010104060173 0 0 3.8851506114006 3.47289583086967 2.08301916718483
8.07938835024834 0 372.220833897591 0.481461316347122 0.923386693000793 3.40865230560303 26.6065928041935 13.8612282574177 505.309197425842 6.2093585729599 307.705214679241 21.1220965981483 559.42714291811 19.2736169099808 50.6401099264622 208.810849905014 619.139821559191 82.3512682914734 333.25498637557 0.65398645401001 81.3591066598892 2605.64352956414 337.749577969313 557.767673790455 2863.72776535153 1089.37823671103 7581.05725774169 74.9810534715652 32.6991092264652 58.0799304842949 37.624798387289 0.537645757198334 4.90718472003937 293.352666079998 13.4293642044067 429.087446272373 176.584339678288 451.443614423275 108.414537280798 37.782576829195 3.54961121082306 82.162544220686 36.0603255629539 16.206316113472 30.9826829135418 15.230472445488 1.94376748800278 0 0 0.880986928939819 83.6606934666634 107.676718145609 0 0 0 6.37820678949356 0.716406226158142 3.17534774541855 1.86989802122116 9.99265116453171 0 19.5840589404106 0.95452207326889 0 6.4108127951622 31.6756425499916 10.1914916038513 54.5426094830036 0 8.35485392808914 27.3033548593521 39.2994342446327 4.65571385622025 28.288579583168 147.889917612076 338.011889129877 4.62630107998848 1.55624794960022 2.43739715218544 0 0 0 12.7151841521263 3.87622362375259
54.2570242583752 372.220833897591 0 6.49109941720963 1.51530241966248 17.2823629081249 652.237200379372 74.8665062189102 32.3859470784664 77.4600231647491 231.451536267996 4.27900931239128 46.6121736168861 104.832975655794 3.32806396484375 85.464198589325 3404.80578634143 50.2065632045269 461.602033168077 0.601466000080109 905.643455475569 198.66758286953 19441.8252646923 183.055098205805 18.203115016222 12086.6581032574 14581.0675052702 802.862081676722 135.815024286509 546.62215462327 15.3830516636372 0.437135189771652 20.2780346274376 671.042691648006 62.8817665874958 1275.58250507712 207.404001653194 1610.04134386778 614.774412631989 103.721866101027 5.83408963680267 7.50413930416107 216.212842136621 61.0266133546829 188.909590482712 80.4682000875473 4.87207740545273 0 0 4.07436150312424 261.169265925884 1068.38640475273 0 0 1.44310653209686 36.3958801925182 8.98624175786972 7.92323061823845 2.48262965679169 11.9681982398033 0 9.70515435934067 6.88691413402557 1.85861521959305 88.8047920465469 351.481285840273 10.3320046961308 102.8555983603 0.478308081626892 21.6480918526649 153.580840885639 294.420320779085 41.2160003781319 10.1977577209473 398.411674797535 2403.47176098824 42.0006843209267 5.26345911622047 18.0503812134266 0.41938129067421 0 1.75408989191055 57.488471031189 20.6143075823784
28.7848555147648 0.481461316347122 6.49109941720963 0 9.09463447332382 262.108638316393 246.431492954493 165.458534061909 617.488662064075 8519.74313333631 3.10808944702148 3826.95537924767 1.91228055953979 92.2770648896694 82.4238975942135 8.97646987438202 1.46004331111908 0 1.17938280105591 14248.9547475874 5.48189699649811 8.17863166332245 16.3065446019173 2502.64390820265 0.496249109506607 4.07904225587845 16.0536693632603 9894.53108349442 72.3649879097939 18.4232946932316 0 2.37469443678856 1.86825239658356 40.1995954811573 6.25311625003815 89.0136643946171 1.91984033584595 66.7184711992741 14.2412593960762 105.767325490713 9.9788082242012 0 1.7360942363739 1.67933309078217 10.3050522208214 1.69245934486389 64.9609962105751 0 0 0 1.56303477287292 0.611758589744568 82.2916176617146 1.09575355052948 31.6123731434345 86.5135290920734 11.0404405593872 88.8400245606899 232.795779407024 0 169.073889225721 0 11.5458309054375 25.409999191761 0.944674611091614 0 0 0 53.0792633295059 0 3.14071220159531 1.45354354381561 177.729359418154 0 0.527281045913696 1.76323086023331 192.358852833509 1.80684095621109 1.24281898140907 0 0 1.84859842061996 2.47587215900421 1.80159318447113
4.00225383043289 0.923386693000793 1.51530241966248 9.09463447332382 0 2694.38752067089 6.12688392400742 900.856120705605 141.121349871159 39.7075253129005 17.395799934864 102.877824187279 27.0574458837509 131.583304584026 2714.9618627429 1.59676229953766 3.02932572364807 2.1513706445694 3.26208308339119 7.32207351922989 0.572741150856018 1.66498157382011 0.896250814199448 56.6652228534222 0 3.39914679527283 12.0661941170692 15.6182650625706 438.162057697773 4.1051197052002 0 4213.65307676792 0 2853.16513848305 3.95448157191277 99.6492834687233 4.42292505502701 207.338400006294 31.1158866882324 8060.47595596313 4645.650218606 11.1994584202766 0 0 0 0.684207379817963 0.59979236125946 0 0 0 0 0 0 0 0 0 0 1.75729125738144 0.550261437892914 0 0.786707699298859 0 0 1.35840308666229 0 0 0 0 0 0.602131307125092 0 0 0 0 0 0 0 0 0 0 0 0 0 0
61.728234231472 3.40865230560303 17.2823629081249 262.108638316393 2694.38752067089 0 889.042497634888 19703.7371045947 506.168547064066 17962.174408108 110.12884157896 6278.76494148374 72.2348041236401 1777.08825340867 2317.10782715678 1.84060969948769 6.95935213565826 4.24660462141037 10.8240451216698 446.532658934593 23.1477582156658 9.14565479755402 39.2963809370995 250.264930546284 14.5034316182137 34.4487284719944 26.223685324192 405.529971987009 881.728470295668 63.9831100106239 0.532682478427887 3099.2066500783 3.78121989965439 888.30837008357 312.595534026623 379.784810721874 16.1094671487808 484.422155529261 86.7209160327911 4676.09179410338 1918.23640808463 17.5333082079887 3.53059369325638 0 5.9862240254879 1.90831106901169 27.2134814858437 0.489241629838943 0 2.01333922147751 0.615226566791534 2.89540088176727 28.9398477077484 0 21.3463116884232 75.8359198570251 11.4633091390133 24.8500508666039 100.094515174627 0 40.2212679088116 0 2.58658087253571 6.53900688886642 0.939258337020874 1.12801742553711 0 2.37006962299347 9.56346440315247 3.5940874516964 2.97175568342209 1.5989545583725 77.6218134760857 0 0 3.82102233171463 103.905518591404 3.98524302244186 0.500747442245483 0 0 0.426840156316757 3.23705500364304 2.45665729045868
3699.60806572437 26.6065928041935 652.237200379372 246.431492954493 6.12688392400742 889.042497634888 0 3689.62525105476 1018.44667971134 9977.9077232182 58.5825043916702 79.2294627130032 29.0725545883179 7067.65043225884 39.7064983248711 129.679283320904 221.08338317275 3.3401962518692 46.4068828821182 55.0963301062584 1086.35914224386 119.038322776556 2126.82995930314 3141.73378062248 8.90898117423058 194.91829380393 479.689676553011 13902.8703039289 2157.65097671747 10443.8672023118 3.11823791265488 31.2642367482185 126.780973374844 765.708727061749 66.0609555244446 1174.32926598191 39.733334004879 955.39495319128 285.711872011423 223.656852304935 112.854285866022 8.73534280061722 49.5983264446259 2.56777530908585 54.0063998699188 14.0605360865593 22.5598663687706 2.40896397829056 0 30.5458430051804 2.50788748264313 26.0678049325943 88.3063181638718 0 46.4209625720978 492.185241997242 73.6889876723289 126.515473008156 335.379551231861 1.36720442771912 50.8972085118294 1.54825705289841 78.1014440953732 7.88970786333084 37.7949588894844 6.97055584192276 0 2.2681570649147 41.3675008714199 42.7664483487606 22.6152390241623 83.9769361913204 587.029069334269 0.48523485660553 10.6274188756943 66.2433348596096 638.308707803488 44.6889570951462 38.0400325357914 0 1.10981714725494 7.75412994623184 22.8966523110867 13.2827832102776
739.641408920288 13.8612282574177 74.8665062189102 165.458534061909 900.856120705605 19703.7371045947 3689.62525105476 0 289.201573312283 6881.05462670326 361.735322386026 1040.3645400703 248.792779117823 15348.392472744 488.32349050045 22.3217633664608 49.3836460113525 22.8316256701946 38.1841744482517 176.356451839209 172.268697619438 29.4257391393185 244.124344468117 576.663571029902 42.413318157196 109.980855464935 109.729968398809 887.615964323282 3726.31046664715 833.836410880089 3.11163723468781 1578.19389441609 32.7667914032936 1789.24464547634 49.1815234720707 778.725778758526 82.134884417057 916.857458472252 172.30718550086 1609.82254749537 1347.75814786553 58.4438807964325 12.0369260013103 4.49764609336853 7.5208243727684 3.99772119522095 4.48289260268211 1.27745151519775 0 7.10790947079659 0.976431667804718 0 17.959834754467 0.394839257001877 9.63220369815826 130.744813859463 23.878521323204 29.3101133406162 70.1844506561756 3.49289160966873 13.0335006117821 2.38618248701096 25.4380272328854 1.36117738485336 8.91158902645111 2.25808414816856 1.40265595912933 1.97495263814926 2.1085798740387 14.944315880537 3.33839797973633 16.1926648020744 184.032028436661 1.42379868030548 5.98579451441765 19.1442942023277 192.051999539137 24.3499332666397 17.0957650244236 0 0 2.18459612131119 14.6933664679527 10.5880783498287
152.271127969027 505.309197425842 32.3859470784664 617.488662064075 141.121349871159 506.168547064066 1018.44667971134 289.201573312283 0 1710.47537192702 69.7273792028427 1783.08475121856 145.434986680746 299.971889227629 2261.28964143991 95.3850164413452 52.1312869787216 16.407039731741 46.3907174766064 343.108521133661 211.710109084845 2513.38765603304 167.939644366503 11537.046957314 380.56527069211 166.810897678137 520.88944119215 2149.90475362539 459.327986091375 522.941236495972 5.28381961584091 11.6158929467201 84.1822170913219 182.308849275112 28.3126393258572 441.611927062273 44.5502136647701 268.955442726612 92.4002696573734 1399.83037558198 19.5156827270985 13.5566222071648 27.3440478444099 2.15602770447731 27.5874804854393 13.5277787446976 66.9966706633568 1.14956712722778 1.06218123435974 18.4511808156967 3.20047968626022 13.7194066047668 72.8040314614773 4.03224903345108 29.7082995176315 152.445437461138 24.6513211131096 191.714481711388 193.514890581369 5.5113922059536 111.89009642601 0.896325886249542 33.3485252559185 26.2905439734459 17.5885935425758 3.85755562782288 0.451906740665436 5.74861025810242 44.6774872243404 20.8181527256966 18.9493647515774 39.5992746651173 323.419986248016 0.588208258152008 7.08080261945724 56.9351659119129 331.881337791681 21.6423761248589 29.3665972352028 0 0 5.21190258860588 17.8923237025738 9.83505368232727
280.05598461628 6.2093585729599 77.4600231647491 8519.74313333631 39.7075253129005 17962.174408108 9977.9077232182 6881.05462670326 1710.47537192702 0 78.4063476026058 16239.6005330384 43.1174134910107 1799.4015802145 219.346519052982 21.4968606233597 29.6935249865055 8.96273621916771 18.7642465829849 10021.9997316003 92.4212727844715 29.1359767019749 220.405496358871 2199.06292805076 9.81430971622467 43.1382256448269 66.6591802835464 9205.28399395943 935.224048912525 284.251113206148 3.39491206407547 65.6231178939342 37.1902843117714 516.806398034096 440.728392988443 837.147666931152 36.3727709949017 644.23508387804 166.647680729628 453.981464654207 151.950378447771 10.7158022522926 26.5913698077202 1.67364710569382 20.6306790411472 6.76292896270752 148.177896142006 2.94561979174614 0 5.65515080094337 3.1921429336071 3.82106131315231 346.956125974655 3.65137782692909 139.606428623199 678.178861796856 91.0164517760277 295.28008672595 1441.65720137954 1.28687632083893 601.237641304731 0 60.9423858523369 49.3235692977905 13.81472453475 1.44731080532074 0.382914006710052 0.338020116090775 155.786531746387 8.80429640412331 13.1437634527683 16.2495168447495 907.999124795198 0 6.79774764180183 14.7600938677788 1126.33943471313 30.6553212404251 4.20000931620598 0 0 3.74554219841957 18.2853071689606 5.9135155081749
54.1007255017757 307.705214679241 231.451536267996 3.10808944702148 17.395799934864 110.12884157896 58.5825043916702 361.735322386026 69.7273792028427 78.4063476026058 0 31.8759589195251 14167.7735378146 726.155222117901 7.3914912045002 10.510204911232 598.610001623631 8795.99334043264 4539.89527419209 8.80364036560059 36.5425681173801 119.358024179935 136.768895208836 52.1497646272182 4252.22031989694 11618.43412745 3209.85123571754 34.3641579151154 480.167411863804 54.7297323048115 1969.45156601071 95.3287770450115 9.29128819704056 9055.65165379643 2.52002942562103 199.958082854748 2567.82740750909 4783.11872425675 103.997949004173 58.6610704958439 55.8634095191956 2872.02278268337 7.3987657725811 68.2114701867104 23.2421035766602 7.36139345169067 0 0 10.73901283741 0.377428412437439 49.9207108914852 4.9826594889164 0 0 0 1.30038684606552 0.341227114200592 2.59130629897118 0.675428628921509 101.201098442078 0.37604495882988 207.983655422926 2.28418979048729 0.341257303953171 3.66269582509995 7.70240041613579 85.000115275383 74.7753138840199 0 1.62337458133698 2.29242622852325 2.46954941749573 1.41982173919678 96.6295496225357 245.691126525402 194.35958892107 5.99668431282043 1.38165801763535 1.19751501083374 16.5199976563454 0 0 13.5826254785061 5.37040469050407
19.5829455256462 21.1220965981483 4.27900931239128 3826.95537924767 102.877824187279 6278.76494148374 79.2294627130032 1040.3645400703 1783.08475121856 16239.6005330384 31.8759589195251 0 7.11855721473694 317.015767872334 3309.98621961474 1.16271898150444 3.93765938282013 1.48457330465317 0.860256105661392 16351.1301279068 2.58472386002541 40.1807647943497 3.35918325185776 1142.78091615438 9.9938873052597 12.7073722779751 19.9516745507717 1082.94874620438 185.239846080542 5.69748151302338 0.438451439142227 19.7975071966648 2.14684194326401 154.465051829815 113.197814553976 144.341462016106 5.50346231460571 128.791477501392 18.3820580840111 1888.66411375999 56.0624980032444 4.82938611507416 0.771550297737122 0.562267363071442 0.741087794303894 0 56.3956851065159 0 0 0.737722098827362 0 2.38143074512482 51.3475176692009 0.955706924200058 43.4093282222748 33.6335866749287 4.931954652071 28.6362652182579 243.699928164482 0 558.029175639153 0 5.04168540239334 21.1427919864655 2.45813858509064 0 0 0 81.0315242111683 0 0 0 54.0418696403503 0 0 5.05748972296715 67.6624926030636 2.56932783126831 0 0 0 0 2.45846980810165 1.78575879335403
14.1709437966347 559.42714291811 46.6121736168861 1.91228055953979 27.0574458837509 72.2348041236401 29.0725545883179 248.792779117823 145.434986680746 43.1174134910107 14167.7735378146 7.11855721473694 0 276.040134996176 9.01482146978378 9.44754049181938 38.2184743583202 441.49683573842 153.380288928747 3.0600933432579 11.485652923584 319.771239101887 37.0230002999306 68.7702572643757 13779.7111579478 2107.42640730739 6072.23963171244 15.8443566262722 196.143182247877 24.2989132702351 2239.69994589686 66.843023866415 2.82714718580246 2525.83927929401 51.406202763319 984.655925899744 2824.28513619304 2629.29320529103 631.587075978518 79.759916305542 1003.50425314903 5710.70456257463 7.67016446590424 97.9971620440483 25.5668296813965 41.7745830416679 2.62336224317551 5.70768427848816 33.0179771184921 0.933140844106674 49.6179989874363 8.98784595727921 0 0.964836597442627 0.637868642807007 2.17563021183014 3.40923660993576 2.30925405025482 1.62070894241333 106.247631281614 0 370.888659149408 0 0 2.64290925860405 6.69029507040977 85.5485756993294 47.6375287473202 0 0 10.4807886183262 7.63144052028656 1.34146642684937 136.304182618856 203.5033826828 179.962028503418 3.90878820419312 1.13501715660095 0 14.7219460308552 0 0 35.956545561552 42.4784064590931
12804.5963700414 19.2736169099808 104.832975655794 92.2770648896694 131.583304584026 1777.08825340867 7067.65043225884 15348.392472744 299.971889227629 1799.4015802145 726.155222117901 317.015767872334 276.040134996176 0 59.2914588153362 44.4923961162567 111.220851153135 72.0572971105576 93.8707263767719 69.636864811182 327.926616311073 87.1594639718533 443.401651531458 587.851677000523 66.8255770504475 249.119012713432 263.167635828257 1094.41493034363 10742.2627460659 2337.09284257889 10.0203205347061 2380.11922189593 110.823338121176 3917.61365067959 67.9866288304329 1278.59190672636 160.653151541948 1979.77452427149 208.387269347906 718.61833947897 482.403073221445 82.7567592263222 19.9738197922707 2.0859003663063 31.9905244410038 9.29049718379974 6.6289227604866 4.9776029586792 0 12.422884196043 6.52970296144485 4.97188225388527 3.94085913896561 0 7.99886238574982 104.523703455925 18.1547952890396 28.7148862183094 28.2581133544445 3.86942398548126 2.3958266377449 6.29967868328094 35.0056366026402 0.947901904582977 24.0450385212898 2.042395144701 1.21884775161743 6.89922273159027 1.97962319850922 40.1668108403683 6.57913282513618 36.993651330471 173.455329865217 3.14221829175949 11.0647235512733 34.0694859325886 185.303103893995 30.2387990057468 45.3580067157745 0 0 2.05953258275986 13.955005556345 17.9992477595806
5.30650287866592 50.6401099264622 3.32806396484375 82.4238975942135 2714.9618627429 2317.10782715678 39.7064983248711 488.32349050045 2261.28964143991 219.346519052982 7.3914912045002 3309.98621961474 9.01482146978378 59.2914588153362 0 2.16549324989319 3.63216382265091 1.93231731653214 0.696911633014679 90.6439921855927 0 131.296976804733 8.81648826599121 801.957312613726 21.8885000050068 19.6137876808643 42.3524111509323 124.781359672546 55.2231308221817 3.28000846505165 2.53277277946472 169.891130179167 0 52.003722012043 23.0029558837414 14.6306313872337 1.07519888877869 19.6945566833019 4.2067699432373 13624.6912069023 122.949698328972 1.7356231212616 2.78321933746338 1.04788684844971 0 2.49470221996307 9.03966200351715 1.86042928695679 0 0 0 0.784425973892212 7.19234883785248 0 2.24056261777878 4.00402438640594 0 12.4938017129898 6.48988002538681 0 9.91136959195137 0 0 6.68003630638123 0.399126917123795 0 0 0 0 0.562785863876343 1.6575562953949 1.99018406867981 5.30288404226303 0 0 8.86875537037849 4.45725739002228 0 0 0 0 1.39913153648376 0 31.8306472301483
37.7212697863579 208.810849905014 85.464198589325 8.97646987438202 1.59676229953766 1.84060969948769 129.679283320904 22.3217633664608 95.3850164413452 21.4968606233597 10.510204911232 1.16271898150444 9.44754049181938 44.4923961162567 2.16549324989319 0 65.1543656885624 1.07477191090584 8.59596028923988 1.45321774482727 7998.60055392981 2375.00367367268 15106.8491014838 2882.28646144271 34.002552062273 49.6597279310226 8083.47676748037 2501.95095819235 170.432745009661 352.499688744545 3.01819369196892 0.719464778900146 63.2491647899151 421.981894522905 51.3110461831093 1429.96228277683 106.695971846581 714.02685302496 399.230277627707 133.825980424881 18.8595705032349 0.890483140945435 118.675605654716 12.9609898924828 102.398543953896 76.0001844763756 1.7038471698761 4.66021105647087 0 9.7771999835968 3.65047746896744 111.625522434711 1.52012407779694 0 2.0615159869194 36.6007189154625 4.75908845663071 23.1393896341324 1.319595515728 0.598742663860321 0.477497309446335 0 11.7931220531464 0 460.030029177666 15.7100148797035 1.32634484767914 5.14805945754051 0.635615766048431 212.09335270524 323.589038878679 1278.29835763574 131.528248250484 0 13.2932448089123 468.366391211748 125.252633452415 30.0638022124767 76.0589501559734 0 0 2.82679092884064 30.6014860868454 16.2654268145561
73.3017090260983 619.139821559191 3404.80578634143 1.46004331111908 3.02932572364807 6.95935213565826 221.08338317275 49.3836460113525 52.1312869787216 29.6935249865055 598.610001623631 3.93765938282013 38.2184743583202 111.220851153135 3.63216382265091 65.1543656885624 0 443.095397859812 8386.24046939611 0.911256790161133 932.833471477032 204.562318146229 10703.3199006617 112.575999200344 77.7799082696438 6483.68016070127 4391.26076206565 135.902697622776 180.362951159477 777.277579814196 9.45581436157227 2.21396863460541 19.7879068553448 2382.88240146637 6.5751927793026 394.141724139452 92.7607448399067 1470.07574313879 183.632306665182 16.09120875597 10.751108288765 1.35741496086121 56.0539290308952 16.2521420717239 62.5497512221336 31.1511920690536 0 1.19009828567505 3.12751531600952 2.62073647975922 147.413976788521 240.39085367322 0.561790406703949 0 0 9.29189586639404 0 5.73179799318314 0.500221788883209 9.47976934909821 0 15.345521658659 6.93825596570969 1.54295861721039 9.26975831389427 92.5874473750591 14.5797390639782 122.052068710327 0 5.99527543783188 20.7914091646671 49.1580373942852 9.759172052145 23.4036132097244 362.559963911772 736.952287763357 11.093136548996 1.93074706196785 2.48497545719147 0.953855335712433 0 0 23.7509791851044 5.22500121593475
6.09204930067062 82.3512682914734 50.2065632045269 0 2.1513706445694 4.24660462141037 3.3401962518692 22.8316256701946 16.407039731741 8.96273621916771 8795.99334043264 1.48457330465317 441.49683573842 72.0572971105576 1.93231731653214 1.07477191090584 443.095397859812 0 5781.38412731886 0.964595198631287 7.60652101039886 38.9020543694496 56.1942045986652 10.8914187252522 573.632244437933 4850.44921123981 865.557685911655 8.66789558529854 46.6044864058495 14.5943942368031 166.349336773157 6.75742393732071 0 711.987607121468 2.10893303155899 75.4714872837067 338.55343863368 684.778623998165 46.7088737487793 4.20042139291763 2.25211787223816 7.84912398457527 6.31398046016693 11.3725219368935 21.0054339766502 1.18049240112305 0 0 4.45908957719803 0 19.3300590515137 3.0259667634964 0 0 0 1.63933217525482 0 0 0.655028462409973 41.9200516343117 0 94.981229186058 0 0 0 3.05940774083138 45.420736849308 42.2545800209045 0 0 0 0.520117342472076 0 50.748759329319 129.127512305975 101.231863021851 0.404170274734497 0 0.867511749267578 11.4708352088928 0 0 11.4448660612106 0.758478283882141
22.7723369002342 333.25498637557 461.602033168077 1.17938280105591 3.26208308339119 10.8240451216698 46.4068828821182 38.1841744482517 46.3907174766064 18.7642465829849 4539.89527419209 0.860256105661392 153.380288928747 93.8707263767719 0.696911633014679 8.59596028923988 8386.24046939611 5781.38412731886 0 0 79.8368756473064 87.5458935201168 607.211587756872 33.1594081223011 567.757623612881 10966.8751945496 2786.63951557875 23.0265085101128 75.2854678034782 107.35138630867 49.6131309866905 5.80483865737915 6.59521999955177 1610.27282643318 6.8175263106823 211.046597808599 230.64872443676 1030.57554993033 103.285564810038 12.9085959494114 1.77909231185913 5.24940299987793 38.3232078552246 44.8393969535828 46.0461499094963 7.55164265632629 0 0 0 1.26672387123108 105.695222914219 29.7351277470589 0 0 0 3.01883709430695 1.53020086884499 1.07255363464355 0 56.7159923613071 0 58.6324866712093 0.62680196762085 0 1.91631424427032 33.2685190439224 74.3112354576588 184.431082606316 0 0.978588938713074 5.81368297338486 15.8228912055492 2.95571398735046 63.4871681332588 513.278307944536 466.942437201738 2.77735704183578 1.26231414079666 0.998422265052795 6.27397421002388 0 0.748403489589691 32.7553753256798 2.20908933877945
13.7381777763367 0.65398645401001 0.601466000080109 14248.9547475874 7.32207351922989 446.532658934593 55.0963301062584 176.356451839209 343.108521133661 10021.9997316003 8.80364036560059 16351.1301279068 3.0600933432579 69.636864811182 90.6439921855927 1.45321774482727 0.911256790161133 0.964595198631287 0 0 2.78237873315811 3.48359906673431 2.21313136816025 868.840689003468 0 1.05774676799774 0.419877409934998 1770.61314943433 48.5377421379089 1.9434714615345 0 5.88280892372131 1.09169960021973 27.2920494675636 14.464949131012 31.9164613485336 0.807458639144897 30.9607003331184 7.47303691506386 89.1225872337818 7.81414547562599 0 1.94328129291534 0 0.535851657390594 0 21.2651689350605 0 0 0 0 1.20753586292267 15.3304712474346 1.48414278030396 20.0622418522835 30.5920287072659 5.24128079414368 20.614995598793 88.2899607419968 0 180.24798899889 0 0.843943953514099 7.17811840772629 0 0 0 0 12.6800628900528 0 0.679490387439728 0.701402902603149 47.9917376637459 0 0 2.6554102897644 50.7697597742081 0 0 0 0 1.55902862548828 1.98763418197632 0
342.617829024792 81.3591066598892 905.643455475569 5.48189699649811 0.572741150856018 23.1477582156658 1086.35914224386 172.268697619438 211.710109084845 92.4212727844715 36.5425681173801 2.58472386002541 11.485652923584 327.926616311073 0 7998.60055392981 932.833471477032 7.60652101039886 79.8368756473064 2.78237873315811 0 1008.81970176101 24926.1107798219 1059.19474601746 13.0799739956856 245.066300243139 1553.81871044636 10481.1370432377 1086.32937154174 20751.2744245231 5.23458975553513 4.67142462730408 322.589198738337 4821.7839345336 157.420745313168 3583.48713612556 158.65058273077 3088.81054970622 1245.51551839709 315.03284484148 49.5027898848057 1.03176018595695 165.877637833357 12.6381351351738 99.7286152839661 45.4963859915733 4.083216547966 3.39111000299454 0 47.1863507926464 12.1644804179668 51.038567841053 0 0 2.32547080516815 83.4294433295727 8.92122301459312 67.4175357818604 4.81410223245621 1.23304659128189 0 0 37.6331249773502 2.87913405895233 379.795141160488 15.8488484621048 0 7.25556749105453 1.98833817243576 496.927047580481 140.093645215034 689.908786475658 326.423247724771 1.41380953788757 19.4143466055393 200.755673080683 457.22212985158 108.480499565601 240.662893712521 0 0 12.4601166844368 51.3454964756966 46.0551599860191
69.9244520068169 2605.64352956414 198.66758286953 8.17863166332245 1.66498157382011 9.14565479755402 119.038322776556 29.4257391393185 2513.38765603304 29.1359767019749 119.358024179935 40.1807647943497 319.771239101887 87.1594639718533 131.296976804733 2375.00367367268 204.562318146229 38.9020543694496 87.5458935201168 3.48359906673431 1008.81970176101 0 1798.77211749554 6023.18769007921 932.094533443451 290.437813311815 3261.13381463289 656.976904094219 238.622684806585 592.840361297131 15.657870978117 1.5431304872036 60.8218311667442 342.963455468416 58.4157788157463 1154.2102484107 182.84605807066 703.482911229134 343.716563284397 174.549614608288 12.0737846195698 49.7927350401878 47.0431473255157 13.8213521838188 39.919224768877 18.1393857598305 0.697979390621185 0 0.54511821269989 9.37531119585037 15.706434071064 69.0069348812103 3.94808995723724 0 0.643171489238739 23.6640804111958 1.67554700374603 24.7388833761215 2.1945573091507 0.544558823108673 3.71214520931244 5.15742382407188 8.44658321142197 0 130.087604403496 6.09793144464493 0 5.16512662172318 0 61.6141621470451 92.0204872488976 189.541358470917 80.3199577629566 7.78615081310272 21.9040732979774 285.197991281748 78.7966070175171 12.4872595071793 50.0520248115063 0 0 2.28946429491043 10.6035843491554 5.8041205406189
364.113211542368 337.749577969313 19441.8252646923 16.3065446019173 0.896250814199448 39.2963809370995 2126.82995930314 244.124344468117 167.939644366503 220.405496358871 136.768895208836 3.35918325185776 37.0230002999306 443.401651531458 8.81648826599121 15106.8491014838 10703.3199006617 56.1942045986652 607.211587756872 2.21313136816025 24926.1107798219 1798.77211749554 0 1224.02481430769 48.0029473006725 1896.70138829947 17830.6619670689 5825.63327923417 928.221519827843 7897.46387261152 7.47586894035339 6.51646375656128 291.009256631136 5772.09354275465 466.641807794571 8374.34206882119 513.383981049061 7235.25963464379 3248.38416641951 679.835660398006 74.0833038687706 6.91422668099403 406.328006953001 67.0751670598984 285.362067580223 208.442979544401 12.0092502832413 6.84182497859001 0 14.929293602705 124.371023356915 856.18413490057 1.80606803297997 1.36448860168457 2.83081376552582 98.770394474268 11.1915646493435 28.3285632431507 6.42043703794479 7.40602365136147 2.27927201986313 4.66865545511246 27.4144577085972 1.68393886089325 1292.49836990237 150.97951066494 4.28316169977188 39.3402481973171 2.92081487178802 351.055918782949 583.317714065313 2630.23950797319 215.290542662144 5.10970658063889 113.267752408981 2933.12338712811 253.351562917233 35.2147646248341 114.633686155081 0 2.5452880859375 14.7563629448414 80.8675845861435 103.862167924643
355.129865467548 557.767673790455 183.055098205805 2502.64390820265 56.6652228534222 250.264930546284 3141.73378062248 576.663571029902 11537.046957314 2199.06292805076 52.1497646272182 1142.78091615438 68.7702572643757 587.851677000523 801.957312613726 2882.28646144271 112.575999200344 10.8914187252522 33.1594081223011 868.840689003468 1059.19474601746 6023.18769007921 1224.02481430769 0 192.63178217411 180.516801983118 1944.10658475757 20755.4971918166 848.893153011799 989.40823751688 3.98700043559074 7.01620250940323 185.630587220192 422.006722211838 56.9547120928764 1081.34674373269 68.1460307538509 722.8907558918 261.100543498993 585.837932437658 62.7440899908543 11.7350459098816 177.443648844957 9.29416221380234 174.196458041668 55.4686767458916 91.4031450152397 16.5052997767925 0.936802983283997 99.4771514236927 13.8504227995872 57.1889137029648 178.627206474543 1.41852527856827 89.4464377164841 840.034845322371 143.902723431587 379.881963968277 590.844091564417 7.06506377458572 184.679624080658 1.00513446331024 193.642860561609 35.747821688652 131.185518592596 10.6148906946182 0 8.20330494642258 60.9153608977795 205.137851983309 86.6708332300186 241.93628770113 1379.42145964503 1.00038543343544 18.9253979325294 179.360725104809 1663.14549985528 180.729430109262 148.536056250334 0 1.12426507472992 19.8270782828331 98.0423414409161 15.9536053240299
6.0957635641098 2863.72776535153 18.203115016222 0.496249109506607 0 14.5034316182137 8.90898117423058 42.413318157196 380.56527069211 9.81430971622467 4252.22031989694 9.9938873052597 13779.7111579478 66.8255770504475 21.8885000050068 34.002552062273 77.7799082696438 573.632244437933 567.757623612881 0 13.0799739956856 932.094533443451 48.0029473006725 192.63178217411 0 2293.62833470106 5554.8498468399 24.1555345654488 45.5081824362278 13.6204324066639 264.223211497068 4.08126157522202 1.09866046905518 669.16753000021 3.2500826716423 106.834607183933 1142.77697950602 781.053160816431 105.197931468487 36.9832404851913 20.9182172417641 2463.07180079818 29.6415409445763 125.381281912327 82.7981047332287 26.0291880965233 0.638175785541534 1.9709255695343 48.8389189243317 0 183.32084608078 18.8488327860832 0.529967248439789 0 2.2779626250267 1.12452137470245 1.90285295248032 0.830474764108658 3.20130988955498 156.09716001153 1.16687619686127 408.675842523575 1.90400213003159 0.425606161355972 5.77463600039482 12.6062158942223 175.489561229944 129.769150644541 0 0 12.0129127204418 9.82164418697357 2.37664631009102 280.747868418694 453.621993899345 426.429513514042 2.63744926452637 0.77673327922821 0.60701185464859 26.5608246326447 0 0 32.3474064469337 0
69.6373935639858 1089.37823671103 12086.6581032574 4.07904225587845 3.39914679527283 34.4487284719944 194.91829380393 109.980855464935 166.810897678137 43.1382256448269 11618.43412745 12.7073722779751 2107.42640730739 249.119012713432 19.6137876808643 49.6597279310226 6483.68016070127 4850.44921123981 10966.8751945496 1.05774676799774 245.066300243139 290.437813311815 1896.70138829947 180.516801983118 2293.62833470106 0 26244.2816197574 167.696884542704 183.967714697123 214.039628595114 1648.07455262542 21.2694231271744 14.5071469843388 2589.31787747145 8.64360642433167 806.437796354294 1103.40232586861 2624.58128938079 360.562489405274 39.8982810676098 7.55227208137512 46.7213380336761 126.121993452311 130.954099714756 219.41060474515 53.334560573101 1.33642706274986 0 16.1007283329964 0 428.634647399187 228.036612451077 0 1.03021728992462 0 10.4560444951057 3.73705631494522 5.32940885424614 2.06071001291275 228.80822172761 0.832330226898193 410.801223218441 11.3162439763546 0.405595034360886 15.5372707843781 177.77147680521 237.785876244307 718.699807941914 0.378690004348755 7.54375505447388 30.2773861289024 47.5125807225704 11.6056852936745 312.941037088633 2163.27359312773 2033.49327728152 6.45407810807228 6.52365928888321 4.16076624393463 34.2902556955814 0 0.464997828006744 134.625998705626 15.3631230592728
123.647499412298 7581.05725774169 14581.0675052702 16.0536693632603 12.0661941170692 26.223685324192 479.689676553011 109.729968398809 520.88944119215 66.6591802835464 3209.85123571754 19.9516745507717 6072.23963171244 263.167635828257 42.3524111509323 8083.47676748037 4391.26076206565 865.557685911655 2786.63951557875 0.419877409934998 1553.81871044636 3261.13381463289 17830.6619670689 1944.10658475757 5554.8498468399 26244.2816197574 0 1705.90131849051 371.239846915007 737.48305028677 2127.77391201258 10.5499071478844 96.6650308668613 3289.59076347947 242.580511331558 5858.18019291759 1520.87149500847 6022.07611170411 2259.77743649483 360.539062619209 35.0708685219288 58.8239046633244 500.304130554199 250.060269743204 628.443786770105 230.038907289505 8.21377500891685 1.96152496337891 12.2023831009865 8.23115307092667 687.449604809284 1745.79944497347 0 0 1.72999739646912 83.3085145056248 14.7376117110252 25.9448810219765 5.17292514443398 165.031138092279 1.64489498734474 266.739751845598 23.1647887527943 3.53220784664154 427.736728072166 574.680879622698 241.32164978981 709.580690920353 0.563913285732269 119.336423248053 506.337050050497 1261.65169334412 92.4865838885307 249.917606890202 2135.22167611122 6484.28946864605 100.243326455355 17.4092650711536 31.2874352931976 24.7564587295055 0.866259634494781 2.33124727010727 231.592472285032 100.147638618946
783.636278003454 74.9810534715652 802.862081676722 9894.53108349442 15.6182650625706 405.529971987009 13902.8703039289 887.615964323282 2149.90475362539 9205.28399395943 34.3641579151154 1082.94874620438 15.8443566262722 1094.41493034363 124.781359672546 2501.95095819235 135.902697622776 8.66789558529854 23.0265085101128 1770.61314943433 10481.1370432377 656.976904094219 5825.63327923417 20755.4971918166 24.1555345654488 167.696884542704 1705.90131849051 0 1934.27495878935 10025.7832466066 0.611392676830292 12.031256377697 455.95684838295 1195.55347466469 146.826535075903 2316.96991625428 78.4802344739437 1571.27372744679 639.602750331163 334.64647898078 131.141410410404 3.27962702512741 157.065769851208 3.28359258174896 158.563052415848 62.9134399592876 79.0086510181427 15.6239755749702 0 119.46220895648 14.2157056629658 43.3909504711628 149.152016371489 3.6272286772728 93.0545073449612 882.952490448952 124.266035228968 329.827653795481 576.505235493183 4.16090893745422 139.889513075352 2.01967889070511 202.035532563925 26.115883409977 135.907580018044 12.9878605604172 0 2.68851825594902 67.569818764925 270.482415825129 72.7317213714123 251.582757741213 1523.90683704615 0 19.2528368830681 168.688834965229 1799.77551263571 241.801988452673 209.337110221386 0.820388197898865 3.18073284626007 28.4177360236645 90.9954998195171 44.1409905254841
11493.1870321035 32.6991092264652 135.815024286509 72.3649879097939 438.162057697773 881.728470295668 2157.65097671747 3726.31046664715 459.327986091375 935.224048912525 480.167411863804 185.239846080542 196.143182247877 10742.2627460659 55.2231308221817 170.432745009661 180.362951159477 46.6044864058495 75.2854678034782 48.5377421379089 1086.32937154174 238.622684806585 928.221519827843 848.893153011799 45.5081824362278 183.967714697123 371.239846915007 1934.27495878935 0 8795.6421160996 8.03371688723564 2736.65222108364 13051.1238687336 6294.34085902572 79.8747155070305 1746.99278494716 148.185212701559 3401.93731865287 320.450722128153 613.169314861298 1372.63037881255 44.1824007630348 36.6819974780083 1.33250623941422 51.3224042356014 21.2772331833839 1.54902732372284 2.26235121488571 0 25.863916695118 3.20612823963165 18.1612418591976 1.92868906259537 0 1.09229901432991 82.7449851930141 15.2537566423416 40.721508204937 15.9368627071381 1.32575535774231 1.17331248521805 1.95836398005486 40.5340851545334 0 50.1081459820271 0 1.49740672111511 5.06625694036484 0.961775839328766 112.422745525837 24.7576974034309 67.0371161997318 228.120287239552 1.01653242111206 9.20548683404922 64.4507600963116 302.572756916285 43.5806640088558 54.5653678774834 0 0 8.55482903122902 19.0389902293682 19.0619320273399
3565.42514684796 58.0799304842949 546.62215462327 18.4232946932316 4.1051197052002 63.9831100106239 10443.8672023118 833.836410880089 522.941236495972 284.251113206148 54.7297323048115 5.69748151302338 24.2989132702351 2337.09284257889 3.28000846505165 352.499688744545 777.277579814196 14.5943942368031 107.35138630867 1.9434714615345 20751.2744245231 592.840361297131 7897.46387261152 989.40823751688 13.6204324066639 214.039628595114 737.48305028677 10025.7832466066 8795.6421160996 0 2.47444638609886 7.26631221175194 648.380594342947 3928.2813359201 104.612242817879 1740.81306636333 48.8799544274807 1960.06399047375 606.426573485136 207.160344809294 61.8356752991676 7.85343742370605 123.855747580528 7.71016597747803 92.8245766758919 39.6508532464504 7.41684770584106 3.65165728330612 0 38.6046436131001 5.67203924059868 44.6688052117825 3.68628308176994 0 2.91422095894814 87.3182406425476 8.50294202566147 77.8352890908718 6.60794842243195 1.65307414531708 1.49527156352997 0.898483574390411 39.7221010327339 0 163.716111749411 14.2679542601109 1.32476419210434 6.2356464266777 0 333.48509016633 70.6815622150898 323.61579221487 337.086618959904 0 8.43141496181488 135.384142249823 475.346503078938 71.5136523246765 180.002090603113 0 0 20.7071505486965 35.8608082532883 24.6259223818779
1.15477931499481 37.624798387289 15.3830516636372 0 0 0.532682478427887 3.11823791265488 3.11163723468781 5.28381961584091 3.39491206407547 1969.45156601071 0.438451439142227 2239.69994589686 10.0203205347061 2.53277277946472 3.01819369196892 9.45581436157227 166.349336773157 49.6131309866905 0 5.23458975553513 15.657870978117 7.47586894035339 3.98700043559074 264.223211497068 1648.07455262542 2127.77391201258 0.611392676830292 8.03371688723564 2.47444638609886 0 1.00538632273674 0 88.8924408853054 0 6.74653100967407 56.2207378745079 128.881987005472 3.4386277794838 0 0 11.3738468289375 0 5.16755393147469 6.11087369918823 1.44972610473633 0 0 2.37525272369385 0 10.2341301739216 0 1.09758162498474 0 0 0 0 0 0 12.6013470888138 0 24.8456273674965 0.772708892822266 0 0.494134783744812 0 18.5422702729702 8.5235261619091 0 0 0.64880245923996 0 0.463742703199387 16.3647324442863 24.869587212801 25.9909674525261 0 0 0 2.77677410840988 0 0 3.0976734161377 0
22.4259231090546 0.537645757198334 0.437135189771652 2.37469443678856 4213.65307676792 3099.2066500783 31.2642367482185 1578.19389441609 11.6158929467201 65.6231178939342 95.3287770450115 19.7975071966648 66.843023866415 2380.11922189593 169.891130179167 0.719464778900146 2.21396863460541 6.75742393732071 5.80483865737915 5.88280892372131 4.67142462730408 1.5431304872036 6.51646375656128 7.01620250940323 4.08126157522202 21.2694231271744 10.5499071478844 12.031256377697 2736.65222108364 7.26631221175194 1.00538632273674 0 1.18696248531342 1994.61463493109 5.49146747589111 141.30988407135 26.3025725483894 410.145072609186 54.3832684457302 600.073986917734 2833.75239279866 15.3305398225784 0 0 0 0 0 0 0 0 0 0 0 0 0 0 0 0 0.416091531515121 0 0 1.31378883123398 0 0 0 0 0 0 0 0 0.696399331092834 0 1.50863099098206 0 0 0.680374324321747 3.15085244178772 0 1.32838308811188 0 0 0 0 3.7236875295639
