0 3.76951944828033 93.1960272789001 24.6097615659237 6.35250118374825 78.9206755757332 4647.50165849924 561.887514740229 104.926488727331 445.987331002951 36.1424939036369 28.9644824564457 9.69616773724556 12532.6995266378 2.14979431033134 13.9978410899639 188.861259818077 3.58675575256348 44.2141548991203 29.7590833604336 289.463951826096 31.1286407709122 548.400224596262 210.828639656305 3.02196216583252 95.618725925684 77.448678702116 665.008916974068 12327.9330304563 2597.29186242819 0.489507138729095 13.5180143415928 170.47872325778 432.225669264793 17.0361377000809 383.378765195608 10.2995281517506 281.86675158143 43.662083029747 165.039117157459 40.8884553313255 4.50290012359619 5.23599511384964 0 0.703861773014069 0 1.08432960510254 0 0 0.340557664632797 0 2.30681270360947 1.73167777061462 0 0.387435346841812 25.7946847677231 5.02992317080498 10.2548702955246 5.96479564905167 0 2.96976029872894 0 8.62157121300697 0 2.23890444636345 1.83987683057785 0 0 4.72336703538895 11.6268486082554 5.76632386445999 11.9309920072556 32.9272616803646 0 6.10118746757507 16.3349052667618 69.8005341887474 3.82841810584068 11.9455687105656 0 0 0.422044843435287 4.6895198225975 1.25215965509415
3.76951944828033 0 767.002262413502 2.34700083732605 13.7249342799187 25.1257182657719 31.1050741076469 40.3626205325127 1126.21812909842 8.85212144255638 285.77056273818 31.2249245941639 545.336919426918 45.3073447942734 57.7323776781559 153.337702423334 826.074516773224 39.4116658568382 297.326447099447 3.96755737066269 67.0099498033524 2655.60254126787 448.645736694336 727.605170696974 1526.05933997035 1305.44558283687 8618.47290459275 104.672920227051 32.1738215684891 39.8547625243664 19.5951289832592 4.58769381046295 4.26853877305984 370.187530219555 16.4731604456902 704.850365459919 471.757374435663 721.084000110626 349.386315703392 177.612377673388 6.29803329706192 146.402680158615 12.3999179601669 0 0 0 1.02044481039047 0 0 0 171.682408690453 102.986149102449 1.03638935089111 0 2.02178099751472 2.23765620589256 1.65940427780151 10.0225219130516 1.10004568099976 29.3485469222069 1.90614902973175 45.6822859048843 0.393381655216217 0 9.49766743183136 62.6340061128139 9.75463244318962 66.6701787114143 1.58391878008842 8.55645316839218 17.5950542092323 35.0137321352959 8.79977703094482 45.2721960544586 299.621213257313 658.551934987307 11.2134909033775 0.540011405944824 3.65931874513626 2.39008635282516 0 0 69.1494979560375 4.28916847705841
93.1960272789001 767.002262413502 0 22.9346559345722 6.18788263201714 324.475054711103 1507.51509788632 718.848973050714 102.958592504263 468.893453210592 186.982211112976 39.3673349916935 15.4962730109692 700.967847794294 15.4896494448185 167.075346916914 4035.67552682757 65.9329220950603 460.835703611374 31.1938479840755 2237.59865656495 346.066452652216 20723.7209576964 344.69783872366 27.1852983534336 12498.3846834302 11902.4094501436 1211.42152321339 299.360806792974 521.070727467537 3.34689709544182 10.2556740045547 52.5072104930878 996.207869946957 84.3006725609303 2690.02375945449 1541.28337937593 2230.30651038885 1452.04042762518 205.955820679665 41.0555737614632 12.1926336288452 52.2221191227436 1.11108589172363 1.67597794532776 1.9858912229538 1.61707019805908 0 0.459301769733429 5.37171864509583 343.416242718697 925.173237860203 2.27257207036018 1.89300549030304 7.35611127316952 61.3728746473789 8.59123694896698 17.5703825354576 9.66367927193642 15.8248869776726 2.91365620493889 13.5036835968494 18.9614648222923 1.41307488083839 69.6078326702118 207.201375871897 15.3832738101482 104.535958617926 2.60233157873154 72.6068961918354 186.106237828732 510.198968321085 55.8130189478397 11.6313282251358 802.61651879549 3010.79814016819 93.2533750236034 6.37399411201477 35.5890919566154 4.53803789615631 0 0 315.893706172705 36.7039906978607
24.6097615659237 2.34700083732605 22.9346559345722 0 13.4612493515015 549.585434824228 114.292684674263 196.708538115025 484.500631868839 5227.52559074759 10.9704733490944 3500.09700709581 1.01974451541901 140.988971680403 120.048829823732 12.2418886423111 1.18809905648232 0 0.543291330337524 26839.4983448088 8.00959226489067 15.3824514746666 45.5182377994061 2478.92829009891 2.77426132559776 6.48312675952911 65.2716758847237 10750.9091687202 120.67651244998 9.39022782444954 0 4.18864279985428 13.8279405832291 84.1745448112488 51.9024499952793 157.335155069828 2.58604496717453 99.9241447746754 13.8512709438801 206.769017219543 29.9091370105743 0.478624492883682 45.6303842663765 0 0 0 21.9111604392529 0 0 1.46888840198517 1.27017879486084 1.22631514072418 232.946214795113 0 18.6807612776756 100.5714854002 14.9395410716534 109.853108584881 104.885674864054 0.458099961280823 276.81795284152 0 6.31272113323212 7.71058261394501 3.17662289738655 0 0 0 93.6034373342991 0.607184827327728 1.8016391992569 4.67667675018311 159.469521164894 0 0 4.71463453769684 237.311887949705 1.5636693239212 1.45183506608009 0 0 0 2.17416536808014 0
6.35250118374825 13.7249342799187 6.18788263201714 13.4612493515015 0 2234.76558750868 43.5151646435261 1418.88848379254 110.388052523136 93.4515915811062 42.4095672667027 153.514623939991 24.8770796060562 273.333848714828 1764.94268026948 0.630427360534668 2.32907244563103 6.19177132844925 10.2750221788883 37.8721305131912 7.65965056419373 6.97731724381447 13.7467820346355 46.0486354529858 4.31380215287209 19.2855532169342 25.2423800230026 47.420815885067 499.41152189672 10.5782319307327 0 2136.36310467124 1.21536684036255 1236.63324180245 10.7162346243858 107.078676581383 10.4389209747314 187.061727792025 11.1499965488911 4853.8697295785 2805.53749573231 13.9743738174438 3.89223843812943 0 1.30172669887543 0 1.44590985774994 0 0 0 0 0.373064041137695 1.75056409835815 0 0.813400566577911 0.547950088977814 0 3.36911064386368 0 0.900853633880615 1.62737321853638 1.10500478744507 0 0 0 0 0 0 0 0 1.31365448236465 4.33506202697754 9.69436818361282 0 0.395453155040741 0 6.13156723976135 0 0.546141684055328 0 0 0 0 0.503686130046844
78.9206755757332 25.1257182657719 324.475054711103 549.585434824228 2234.76558750868 0 4908.3920199573 16018.9198929071 498.870357573032 18787.5237325132 128.35526317358 6739.5772510767 39.0086056292057 1966.28027611971 4462.22546091676 20.7726443707943 60.7310266792774 10.2502214610577 34.3563128113747 1236.72806194425 222.182890087366 39.5507661104202 572.526490807533 682.382411777973 14.0361641645432 126.95746243 218.26229172945 3001.73123517632 890.474807202816 284.732622623444 2.22070100903511 723.198071092367 18.1076266169548 830.908930629492 866.894969433546 573.783150851727 32.9784491360188 400.013289749622 69.5446164309978 6763.60734730959 791.474840909243 32.3807125091553 27.4535758495331 0 1.55323481559753 0 14.140434384346 0 2.3681161403656 3.04041439294815 0 3.95056715607643 27.5255270898342 0 18.8927848935127 121.700109198689 14.8299015462399 55.302576482296 37.69898635149 3.9918070435524 71.3850920498371 0.491541415452957 15.3527815937996 11.7596039772034 7.93539628386497 0 2.58026218414307 2.61495608091354 49.05805554986 12.9230180382729 4.08554428815842 19.7722713649273 147.717823028564 0 3.48579847812653 23.0610036849976 254.061272621155 8.62524428963661 7.1240428686142 0 0 0 3.57603977620602 0.336941599845886
4647.50165849924 31.1050741076469 1507.51509788632 114.292684674263 43.5151646435261 4908.3920199573 0 4988.08066546917 1373.97712177038 17104.0330984592 80.6874559521675 657.799776047468 19.5257681906223 13129.4724870175 139.255657374859 143.069130659103 341.075180232525 13.6434370577335 71.9971381127834 195.156106486917 1510.74463784695 125.844993084669 3854.80467942357 2422.18729630113 5.37219831347466 261.195723861456 930.567167758942 22162.0649095476 4803.68556183577 7943.67494139075 0 24.7381753921509 439.006840527058 1375.98020154238 117.820211738348 2370.83175200224 120.337669104338 1346.59632885456 366.792477935553 825.995763242245 235.355476200581 7.05839571356773 88.7796480953693 2.60784947872162 0 0 26.3086529076099 0.839197993278503 0 13.4471978247166 5.27070933580399 20.0394307971001 56.8557494282722 1.42747914791107 54.710796892643 505.253764778376 75.9602686166763 243.144823163748 106.327802598476 0.357387989759445 54.8775967359543 0.926112473011017 73.5968151390553 3.16944617033005 65.5463834404945 0.568453669548035 1.14159941673279 2.24664610624313 66.2674012184143 71.7577511370182 24.3502777516842 106.104687988758 544.556366980076 2.58833760023117 16.858752399683 89.7044809758663 1175.90579715371 56.0399155020714 59.6488037109375 0 0.61773681640625 0 38.7606671154499 15.7624208629131
561.887514740229 40.3626205325127 718.848973050714 196.708538115025 1418.88848379254 16018.9198929071 4988.08066546917 0 495.099496841431 6087.72888675332 613.401251450181 1902.1253939271 131.520131886005 23685.0098086298 1296.5025639534 27.1998534500599 342.876966178417 67.5975241065025 191.521484225988 705.288695454597 696.762094050646 55.90513625741 1696.05668130517 793.926684960723 42.3796024620533 520.97961910069 442.904622778296 2183.42676839232 1800.37331353128 1511.45482730865 8.39214581251144 728.681849688292 32.8247126042843 2563.74355450273 151.522549659014 862.649575918913 84.7445101439953 953.067489296198 145.000828057528 4684.3519551754 1996.58715695143 74.9614059925079 18.0691563785076 1.78367805480957 0.921045541763306 0 6.40607625246048 0 0 6.10687857866287 6.89179104566574 9.31515637040138 17.1243762075901 0 13.0314608812332 143.032760754228 26.8511964976788 58.5232155919075 30.5951200127602 3.71140456199646 34.5749808847904 3.91389638185501 22.3262808769941 3.74525332450867 17.4143249392509 2.03830772638321 4.91932353377342 12.9325992465019 15.88147392869 17.8293476849794 10.4649147093296 32.9031313359737 170.119434133172 12.340402841568 32.8569605350494 49.0980523824692 351.261772155762 13.6184551119804 25.6158201694489 0.988012313842773 0 0 12.2257448136806 6.46490621566772
104.926488727331 1126.21812909842 102.958592504263 484.500631868839 110.388052523136 498.870357573032 1373.97712177038 495.099496841431 0 1135.16814997792 94.7847158312798 1276.30543467402 144.854847490788 354.417501330376 967.104843467474 139.572132587433 39.1573590636253 6.05452883243561 23.784830391407 413.26841032505 173.723608464003 3333.81088390946 301.735195100307 11022.5376792848 393.414417386055 143.986755877733 1375.2047663331 3994.5364626646 594.834658175707 700.224969089031 9.22927904129028 23.1565697491169 150.974125921726 228.244762092829 33.707738161087 580.243132025003 101.211719572544 244.56598880887 95.0890598297119 1518.92687052488 47.1765260100365 25.6141720414162 35.2772262990475 2.20273649692535 0 0 16.8823503851891 0 1.26287257671356 12.5432279407978 14.5562985539436 17.24065721035 44.704901188612 1.36828279495239 28.6171450912952 192.985779076815 32.7750016152859 216.612533539534 46.0579312741756 7.38402312994003 62.7982983291149 6.72009798884392 28.2745413482189 6.38045215606689 15.2442281842232 2.88341349363327 1.51381695270538 1.96132171154022 39.6882438659668 33.350496172905 21.252854257822 33.0337679088116 320.140827834606 5.16539084911346 30.882205247879 60.9041769206524 577.201278090477 29.777699649334 31.6717401742935 0 0 0.922926008701324 27.7102189362049 4.83188888430595
445.987331002951 8.85212144255638 468.893453210592 5227.52559074759 93.4515915811062 18787.5237325132 17104.0330984592 6087.72888675332 1135.16814997792 0 119.242524445057 11062.8496257067 36.0833626687527 3414.04206386209 308.090750455856 43.2952165305614 53.2303797900677 19.3709471225739 38.4744183123112 14116.4783398211 287.589458703995 41.8120703697205 810.940240234137 1925.01039221883 16.3544962406158 133.685271918774 335.261522501707 14497.0783961117 2478.77757886052 243.716152429581 2.29961028695107 58.1492722332478 84.6232421696186 993.405069500208 396.20962202549 1507.29857236147 64.2126979529858 898.487343281507 134.827376276255 1140.03538039327 353.577139347792 21.3454442620277 104.850256711245 0 0.508542418479919 0 51.2602611482143 0 0 1.80884122848511 1.98970657587051 8.36556616425514 217.78543010354 1.51275795698166 88.1148137748241 356.052024036646 71.0300091505051 414.501247674227 202.20113748312 1.31717264652252 194.701110899448 3.36504834890366 43.4332704544067 21.5409595370293 17.5867044627666 2.63833522796631 0.705251097679138 0.64842277765274 224.050317317247 18.720851868391 14.2306411862373 39.7410199344158 491.818442732096 1.00769400596619 16.6090871393681 53.0377151072025 970.933160454035 9.07591933012009 13.7067555487156 1.36979198455811 1.0632718205452 0 13.5421341955662 4.38300260901451
36.1424939036369 285.77056273818 186.982211112976 10.9704733490944 42.4095672667027 128.35526317358 80.6874559521675 613.401251450181 94.7847158312798 119.242524445057 0 78.6467133164406 16819.3423455358 776.026516675949 12.9318837821484 26.051786005497 779.943270206451 8163.86875841022 6069.35743358731 35.7923340201378 92.6291402280331 92.257232517004 392.736093699932 65.5773980021477 1961.5018375814 9683.0642426312 3998.11222881079 81.6918560266495 499.062312483788 100.369159460068 847.627886533737 84.6783143877983 18.2809796631336 7640.340187639 11.266871213913 456.843306332827 4581.78890010715 5782.81755498052 461.778239399195 199.213651537895 28.2194070219994 4161.96130526066 7.34609073400497 1.4120945930481 7.60262477397919 0 0 0 9.24433398246765 0 38.5892643630505 19.8939420878887 0 0 0 3.30646759271622 0 1.61987715959549 1.03012931346893 336.959791988134 1.91758275032043 487.272049814463 0.877292275428772 0 1.01558685302734 10.054087549448 136.590033501387 75.730366319418 1.13649129867554 0 7.13018804788589 14.6241998374462 5.51239901781082 245.004770994186 422.415588021278 278.520463734865 8.49038001894951 0 1.26254540681839 64.7850059568882 0 0 30.6226654350758 6.42934411764145
28.9644824564457 31.2249245941639 39.3673349916935 3500.09700709581 153.514623939991 6739.5772510767 657.799776047468 1902.1253939271 1276.30543467402 11062.8496257067 78.6467133164406 0 25.1369980573654 791.007589668036 3135.90524277091 6.17334914207458 7.420629799366 10.1554115712643 23.043094933033 18053.0105996728 15.3952667415142 44.7757403850555 65.5087258517742 1170.15059450269 14.6546173989773 61.3408210873604 120.872289210558 2342.56367436051 416.060387074947 13.6759157478809 1.48141872882843 47.9299699068069 12.2562785744667 399.632059901953 1180.24724733829 648.678998857737 15.903676867485 330.524502187967 25.8426327109337 2326.37281131744 145.387005001307 17.2980295419693 44.5448296070099 0 0 0 33.9820974469185 0 0 6.46306002140045 1.78872841596603 1.56624993681908 312.936363995075 0 35.7039830982685 99.7033132612705 22.7210403382778 106.362521648407 161.454856187105 0 954.004869133234 1.36823678016663 11.3019508421421 23.0033137500286 4.99873375892639 0 0 1.51397085189819 160.920430898666 6.12045505642891 3.56647238135338 14.1205206215382 236.013399332762 1.0591915845871 3.04862439632416 15.4976471364498 367.720562487841 3.40147563815117 0.421533554792404 0 0 0 2.04180487990379 4.30039018392563
9.69616773724556 545.336919426918 15.4962730109692 1.01974451541901 24.8770796060562 39.0086056292057 19.5257681906223 131.520131886005 144.854847490788 36.0833626687527 16819.3423455358 25.1369980573654 0 167.44536960125 13.5881921350956 3.70633518695831 36.9939926862717 215.809286803007 102.464553683996 10.2200613021851 5.02463930845261 140.362572699785 28.3388240933418 61.9213769435883 4579.23687958717 2967.29239648581 6329.60445547104 21.9618661403656 75.2532630562782 4.98279333114624 2885.78668949008 13.0700832605362 0 1929.93475207686 18.7197861075401 316.709387212992 4322.78224074841 1943.85282373428 489.028221100569 80.0443920493126 166.257259011269 7190.10699722171 79.8303226530552 5.51365500688553 144.318198919296 8.00479757785797 2.25353482365608 0 20.0361462831497 0 24.3231001496315 4.8315232694149 0 0 0 0.528816223144531 0 1.89551591873169 0 397.47687548399 0 695.202060848475 0 0 1.05690062046051 5.15810060501099 112.861843168736 42.4317971169949 0 1.48798328638077 6.18775156140327 5.1072635948658 1.34050816297531 319.438676446676 343.71923866868 165.369284301996 4.3198839277029 0 0 66.9792858958244 0 0 14.6063479483128 3.5337450504303
12532.6995266378 45.3073447942734 700.967847794294 140.988971680403 273.333848714828 1966.28027611971 13129.4724870175 23685.0098086298 354.417501330376 3414.04206386209 776.026516675949 791.007589668036 167.44536960125 0 172.861946940422 29.2856085896492 597.137609183788 128.383283615112 346.3944414258 389.891587108374 887.184023141861 46.2604032158852 2179.74442629516 658.284493803978 64.2170056700706 844.633411988616 612.667077630758 2248.34876927733 8168.50273650885 3353.40311014652 9.83389627933502 792.732442110777 60.7612264454365 3173.44810888171 63.4491511285305 1578.95477753878 153.845257818699 1499.65971165895 207.571398556232 1811.28996652365 552.128636538982 59.6122041940689 20.5589675307274 0 4.39247626066208 0 4.82357603311539 0 0 6.09417730569839 8.86456477642059 9.61390766501427 9.34191882610321 0 8.46914210915565 120.914430618286 21.8317416012287 39.8897139132023 14.3548122644424 8.14108461141586 16.1602246463299 2.64779222011566 16.4928462803364 0 13.7060703933239 1.53167289495468 7.60330438613892 17.8729683458805 3.81471234560013 28.972420156002 8.6046943962574 26.2863897681236 142.490272253752 10.5133969783783 49.0784942805767 79.2029520571232 283.211144313216 14.5134293735027 21.9956231117249 2.28835934400558 0 0 15.3193502128124 8.76231223344803
2.14979431033134 57.7323776781559 15.4896494448185 120.048829823732 1764.94268026948 4462.22546091676 139.255657374859 1296.5025639534 967.104843467474 308.090750455856 12.9318837821484 3135.90524277091 13.5881921350956 172.861946940422 0 0.341189622879028 8.98985603451729 1.67112976312637 5.48882007598877 226.053080230951 7.28186118602753 89.4955937862396 32.7105211317539 617.994577735662 15.4655926525593 17.4192472994328 72.7473174929619 245.104722797871 87.1485666632652 21.5278237760067 0 182.263875365257 3.44590255618095 114.746384292841 228.57340541482 245.37372636795 9.43730109930038 40.6273178160191 9.56913071870804 5778.32023313642 111.769758224487 7.33343678712845 21.2164974808693 0 0 0 10.8878110051155 0.574680507183075 0 1.0603289604187 0 0 18.0067641735077 0 2.52749025821686 22.958056807518 3.05068248510361 14.5762881338596 16.7742775678635 0 33.0408653616905 0 2.12689334154129 3.49752390384674 2.44753801822662 0 1.20287299156189 1.06727492809296 19.9464393854141 3.48776587843895 2.52481418848038 5.10399284958839 32.3911387622356 0 2.00057902932167 1.51398277282715 52.2504640221596 0 0.344157040119171 0 0 0 0 16.1725626885891
13.9978410899639 153.337702423334 167.075346916914 12.2418886423111 0.630427360534668 20.7726443707943 143.069130659103 27.1998534500599 139.572132587433 43.2952165305614 26.051786005497 6.17334914207458 3.70633518695831 29.2856085896492 0.341189622879028 0 106.23060977459 0.985898226499557 27.8985421955585 7.61092922091484 12054.293512255 3260.48053762317 19232.3006236255 3022.07157951593 9.33576825261116 111.858472555876 11993.2446120381 4003.20181691647 110.278323799372 548.122692108154 1.02572101354599 0 46.3337286710739 468.611157983541 88.4454883933067 2638.49814251065 559.771909058094 1018.58252733946 818.665482580662 308.619540721178 28.4568213820457 3.87365388870239 186.229207098484 6.05212050676346 0.85197526216507 0 6.34909117221832 0 0 6.79047498106956 13.0942641794682 90.4530287384987 6.89451402425766 0.266321837902069 8.97321778535843 75.7379638850689 16.2070522606373 15.9116630554199 14.4273526966572 1.35273027420044 3.01971438527107 2.04332381486893 27.8003362119198 1.74200278520584 1466.31676712632 7.66875740885735 1.50487804412842 5.95824480056763 5.28676468133926 755.027095377445 697.361099004745 2170.52157887816 204.291349679232 3.04997491836548 20.716774314642 719.896038919687 335.285785228014 31.4002605676651 222.233798474073 0 0.410169690847397 0.426381856203079 294.940898835659 18.1189166009426
188.861259818077 826.074516773224 4035.67552682757 1.18809905648232 2.32907244563103 60.7310266792774 341.075180232525 342.876966178417 39.1573590636253 53.2303797900677 779.943270206451 7.420629799366 36.9939926862717 597.137609183788 8.98985603451729 106.23060977459 0 408.293673694134 8832.72272777557 3.79998996853828 1431.50942885876 189.489887684584 7441.70586028695 107.832727313042 60.3937655091286 5169.88532140851 4639.87200015783 248.269977390766 598.621055588126 1050.52701404691 4.82405972480774 10.8470256626606 63.0657278299332 1512.69926276803 17.4444085657597 759.407424122095 627.269131183624 1978.11480545998 603.276941806078 65.5071793794632 20.3887123763561 7.88051170110703 7.27508381009102 0 0.44292676448822 0 0 0 0 0 98.0976590812206 118.882193297148 1.16300714015961 0 0.699462622404099 7.19300484657288 0.5536849796772 5.15422114729881 1.29603835940361 20.5141170620918 0 18.3990129232407 3.89705520868301 0 9.03884428739548 69.1714735329151 12.4291822910309 84.4507176876068 0.912960469722748 17.1179250180721 30.0036338567734 75.4636974334717 12.1190461814404 20.2253308296204 525.878973066807 790.957760155201 13.4820995032787 1.75386941432953 3.46446433663368 1.08228155970573 0 0 136.746236503124 11.079718798399
3.58675575256348 39.4116658568382 65.9329220950603 0 6.19177132844925 10.2502214610577 13.6434370577335 67.5975241065025 6.05452883243561 19.3709471225739 8163.86875841022 10.1554115712643 215.809286803007 128.383283615112 1.67112976312637 0.985898226499557 408.293673694134 0 6089.94680985808 1.76618105173111 16.2520816922188 7.64003762602806 97.1779766976833 6.60231360793114 380.169642984867 4285.19099774957 838.345736265182 16.0270990431309 77.7988464236259 23.8857612907887 78.3682026267052 7.03382280468941 3.53472852706909 506.037032455206 1.73245546221733 206.611456215382 297.438300132751 703.158315181732 145.114889144897 23.3570557832718 2.31874853372574 23.5725253224373 5.36101973056793 0 0 0 0 0 1.28653073310852 0 14.9079257845879 2.1790409386158 0 0 0 0.788039863109589 0 0.604659974575043 0 90.8361460566521 0 110.051865845919 0 0 2.52807995676994 4.64990457892418 103.196183472872 34.9628166556358 0 0 1.00002509355545 2.90840461850166 1.83292597532272 101.193776607513 266.556408822536 153.750616908073 1.40249654650688 0 0.949011564254761 25.1250625550747 0 0 4.63145309686661 0
44.2141548991203 297.326447099447 460.835703611374 0.543291330337524 10.2750221788883 34.3563128113747 71.9971381127834 191.521484225988 23.784830391407 38.4744183123112 6069.35743358731 23.043094933033 102.464553683996 346.3944414258 5.48882007598877 27.8985421955585 8832.72272777557 6089.94680985808 0 6.08386379480362 182.189144998789 54.1459305882454 731.689701557159 24.1500607430935 278.586474239826 5148.57926276326 2638.68927246332 79.7443918883801 296.192386180162 165.535326033831 25.9844209849834 13.4936634302139 21.5660209357738 1565.89220440388 19.2925914824009 629.707506090403 616.190011233091 1880.76742529869 509.545124858618 54.5151824653149 11.1428825855255 25.3051579892635 12.2190634012222 0 0 0 0 0 1.55648040771484 0 49.5095838606358 25.2724487185478 1.19608497619629 0 0 2.61544558405876 0 0.661412715911865 0.85625234246254 84.0831018686295 0 56.0780716240406 1.95957767963409 0 3.38744768500328 18.1963652968407 94.3769183754921 112.939855784178 0 4.9550709426403 6.10489118099213 10.248024314642 3.9121168255806 105.385361343622 491.143728017807 442.922188788652 3.78944200277328 0 2.6634649336338 6.75158399343491 0 0 44.1779820919037 3.70835533738136
29.7590833604336 3.96755737066269 31.1938479840755 26839.4983448088 37.8721305131912 1236.72806194425 195.156106486917 705.288695454597 413.26841032505 14116.4783398211 35.7923340201378 18053.0105996728 10.2200613021851 389.891587108374 226.053080230951 7.61092922091484 3.79998996853828 1.76618105173111 6.08386379480362 0 7.94797673821449 10.6503829956055 37.0215352475643 1632.13156020641 6.93801367282867 21.9909052252769 39.5252350270748 6463.80264276266 259.428834050894 11.8863373100758 0 16.6449485421181 10.9875109493732 165.582119137049 211.461808621883 233.457088708878 9.75515896081924 137.79722186923 14.937363088131 374.496109247208 62.5525008141994 4.55330806970596 27.7727761268616 0 0.99924772977829 0 19.7382107079029 0 0 1.28480803966522 0 0 261.082142114639 0 19.4389645755291 67.7092199027538 11.0226345062256 107.404805421829 50.7555005252361 0 230.653758347034 0 2.39886486530304 8.32655614614487 3.90779066085815 0 0 0 55.5100714564323 5.48892655968666 4.30366683006287 8.26765176653862 124.234769493341 0 1.34893804788589 3.17861434817314 200.866555541754 2.33186519145966 0.480755686759949 0 0.337211549282074 0 0.476345628499985 1.03355258703232
289.463951826096 67.0099498033524 2237.59865656495 8.00959226489067 7.65965056419373 222.182890087366 1510.74463784695 696.762094050646 173.723608464003 287.589458703995 92.6291402280331 15.3952667415142 5.02463930845261 887.184023141861 7.28186118602753 12054.293512255 1431.50942885876 16.2520816922188 182.189144998789 7.94797673821449 0 1232.79850596189 31967.3509124219 920.340797662735 3.22921726107597 406.557599514723 1732.76922291517 10412.4182546139 1187.48980808258 17481.6025498211 0.958466231822968 8.51927310228348 354.125048995018 5342.16368833184 244.300716251135 6402.18293201923 445.065890818834 4089.12785229087 2040.54625695944 879.751966714859 70.6980130970478 1.21908301115036 230.501762419939 4.12845605611801 0.733735501766205 0 10.1998326182365 1.12743723392487 0 13.9400255084038 10.1184859275818 43.0403635501862 3.05431607365608 0.259935319423676 5.9258621931076 72.4079226255417 18.717302531004 20.6579151153564 5.73449704051018 0 4.09550984203815 1.16121926903725 28.7920463979244 1.04728400707245 626.801569998264 11.3900427818298 0 2.33709782361984 0.476884961128235 842.530603706837 288.252214431763 712.336942732334 351.867169469595 2.69204497337341 22.0488204061985 252.302074074745 566.418479859829 62.3348843157291 362.420883148909 0 0 4.21381622552872 257.80636677146 43.1948823034763
31.1286407709122 2655.60254126787 346.066452652216 15.3824514746666 6.97731724381447 39.5507661104202 125.844993084669 55.90513625741 3333.81088390946 41.8120703697205 92.257232517004 44.7757403850555 140.362572699785 46.2604032158852 89.4955937862396 3260.48053762317 189.489887684584 7.64003762602806 54.1459305882454 10.6503829956055 1232.79850596189 0 2252.92458444834 5255.16763439775 340.267057359219 266.591955393553 5254.37295517325 1304.75121515989 256.569776922464 971.107004344463 10.7817399203777 0.927662044763565 112.179711729288 313.620845913887 37.2594830691814 940.928231358528 298.65952911973 561.002672344446 361.558703035116 288.554640471935 20.0493221580982 26.0488808751106 49.3549454808235 1.15240240097046 0 0 7.1437363922596 0 1.38123667240143 5.49686196446419 32.3096979260445 66.8802199065685 3.30213767290115 0.824156820774078 4.52108871936798 30.534870326519 5.39028179645538 55.3192022442818 5.61491584777832 3.55067563056946 4.72755214571953 4.19604554772377 7.60312390327454 1.13813582062721 313.524490475655 19.7588838636875 1.05177068710327 11.1409550905228 2.91498070955276 177.305866152048 204.939440965652 300.658209860325 130.858949393034 5.74842059612274 49.7296575605869 455.754163324833 154.22822073102 13.0294297337532 70.0581648349762 0 0 1.02937626838684 73.2016561329365 8.00788858532906
548.400224596262 448.645736694336 20723.7209576964 45.5182377994061 13.7467820346355 572.526490807533 3854.80467942357 1696.05668130517 301.735195100307 810.940240234137 392.736093699932 65.5087258517742 28.3388240933418 2179.74442629516 32.7105211317539 19232.3006236255 7441.70586028695 97.1779766976833 731.689701557159 37.0215352475643 31967.3509124219 2252.92458444834 0 1726.14539164305 8.210907548666 1985.45280227065 21649.255703181 8987.53172957897 1598.09759804606 6740.3748331368 5.18998005986214 10.7294051349163 313.043080657721 5343.17732155323 518.605834454298 13395.9858946502 4522.53180679679 8798.66004759073 5673.52833935618 1683.95181074739 135.667753666639 29.2679582238197 249.847781687975 12.3143220841885 3.76763290166855 1.11732816696167 13.7356435060501 0 0 13.4229306280613 142.46720930934 621.460320681334 3.58093386888504 0 24.037142008543 158.703612565994 45.8576667308807 42.4162788391113 24.0670565962791 7.47708964347839 6.73082560300827 7.96933501958847 57.1280345022678 1.59528768062592 2358.51750862598 69.8139447569847 2.41211766004562 30.4352500736713 6.45144003629684 773.142309695482 1068.79867139459 3871.62033355236 258.178591638803 10.3591403067112 172.532668471336 3140.28006589413 399.592336863279 39.6727574169636 243.375833451748 0 0 0.710566818714142 532.865863770247 124.840326011181
210.828639656305 727.605170696974 344.69783872366 2478.92829009891 46.0486354529858 682.382411777973 2422.18729630113 793.926684960723 11022.5376792848 1925.01039221883 65.5773980021477 1170.15059450269 61.9213769435883 658.284493803978 617.994577735662 3022.07157951593 107.832727313042 6.60231360793114 24.1500607430935 1632.13156020641 920.340797662735 5255.16763439775 1726.14539164305 0 151.453115880489 168.984184682369 3942.24616166949 25283.561915338 1341.95274540782 1203.60873872042 2.67754074931145 16.6067376732826 331.830876588821 636.341841161251 55.795999199152 1580.09447112679 155.303013026714 785.734785318375 238.138056397438 1327.18428602815 132.037470459938 10.1762176156044 259.36826351285 7.34373313188553 1.22224462032318 0 81.5689834952354 0 0 54.5890133678913 21.929615855217 49.8894512951374 207.952935487032 0 120.777321964502 1066.33122840524 166.702190279961 598.275701910257 238.756286740303 1.63692283630371 252.139256417751 3.32545468211174 165.842634022236 26.7650870680809 191.14844289422 10.9102821052074 0.392345011234283 1.81348526477814 204.69547393918 359.961202412844 170.148175120354 290.043936401606 1421.21733701229 3.18490463495255 27.3986948728561 200.642350912094 2752.45735427737 142.230334758759 263.905273079872 1.47310733795166 1.27571758627892 1.37204003334045 176.318063050508 8.12229931354523
3.02196216583252 1526.05933997035 27.1852983534336 2.77426132559776 4.31380215287209 14.0361641645432 5.37219831347466 42.3796024620533 393.414417386055 16.3544962406158 1961.5018375814 14.6546173989773 4579.23687958717 64.2170056700706 15.4655926525593 9.33576825261116 60.3937655091286 380.169642984867 278.586474239826 6.93801367282867 3.22921726107597 340.267057359219 8.210907548666 151.453115880489 0 1477.99988687038 6117.41720053554 16.4972166121006 33.2150827050209 5.43052852153778 149.281150817871 5.26934337615967 2.16104596853256 249.601205527782 11.3695107698441 182.18387272954 1434.83641764522 525.092928260565 130.781185984612 75.1194592118263 6.91409516334534 1398.83124426007 4.08548223972321 8.06333541870117 9.12466603517532 0 0.765978246927261 0 28.4739402532578 0 36.6058128774166 14.0323839485645 0 0 0 0.826066970825195 0 3.09117871522903 0 363.818097352982 0 621.444451332092 0.72029709815979 1.1205358505249 0 6.03245389461517 143.250715583563 48.3907867074013 0 0 5.36155968904495 2.91992139816284 0 547.724610626698 462.471329569817 258.655741870403 4.0801907479763 0 1.09030675888062 62.9006660282612 0 0 14.31225669384 0
95.618725925684 1305.44558283687 12498.3846834302 6.48312675952911 19.2855532169342 126.95746243 261.195723861456 520.97961910069 143.986755877733 133.685271918774 9683.0642426312 61.3408210873604 2967.29239648581 844.633411988616 17.4192472994328 111.858472555876 5169.88532140851 4285.19099774957 5148.57926276326 21.9909052252769 406.557599514723 266.591955393553 1985.45280227065 168.984184682369 1477.99988687038 0 26852.4883569777 199.226473897696 554.926080018282 305.835431218147 1361.85853841901 40.4882085323334 37.7018388807774 2826.01355995238 73.1034790873528 2671.69727602601 2979.01152339578 4524.24509483576 1573.08069100976 153.800134032965 47.795513510704 141.596079587936 64.2783852219582 2.22960850596428 8.72844907641411 0 1.48054710030556 0 5.885359197855 1.84196180105209 261.002727895975 157.709729611874 0 0 0 3.14064186811447 1.40439733862877 7.99422830343246 0.625217258930206 670.997632920742 0.67314624786377 658.046464890242 3.29175111651421 0 9.66086828708649 185.804836243391 562.79351875186 875.757285058498 0.980393826961517 16.2432436645031 27.3571250736713 76.0996095538139 11.2532888054848 615.182457506657 3597.57366988063 2803.39789146185 19.2867837846279 1.45510706305504 7.38665902614594 157.972416341305 0 0 303.479367285967 32.0252185165882
77.448678702116 8618.47290459275 11902.4094501436 65.2716758847237 25.2423800230026 218.26229172945 930.567167758942 442.904622778296 1375.2047663331 335.261522501707 3998.11222881079 120.872289210558 6329.60445547104 612.667077630758 72.7473174929619 11993.2446120381 4639.87200015783 838.345736265182 2638.68927246332 39.5252350270748 1732.76922291517 5254.37295517325 21649.255703181 3942.24616166949 6117.41720053554 26852.4883569777 0 3519.70572429895 487.579864889383 451.204319745302 1522.70111119747 40.1213193833828 70.3490482568741 3957.54164239764 313.61706456542 10460.6725060642 5184.66114193201 8719.42825239897 5060.42365086079 874.680254295468 132.14540413022 226.772195696831 171.695350706577 6.78458887338638 7.42971503734589 1.80713820457458 7.62588241696358 0 4.16564059257507 4.85100910067558 937.945779293776 1732.38443079591 10.6590520143509 0 21.4243394881487 113.37455779314 31.1771098077297 45.3806627988815 17.5357790589333 654.735071629286 10.2625655829906 656.197096467018 36.0501974225044 0.800387799739838 587.622383624315 560.807744026184 531.161331743002 1009.66608589888 2.68753030896187 246.157984703779 850.706758648157 2141.2483125329 140.220709085464 759.765253901482 4859.65164515376 9092.09144857526 163.641456604004 12.7213637828827 79.1136975586414 141.092204540968 0.465553641319275 0.833895921707153 1004.46848517656 116.336229860783
665.008916974068 104.672920227051 1211.42152321339 10750.9091687202 47.420815885067 3001.73123517632 22162.0649095476 2183.42676839232 3994.5364626646 14497.0783961117 81.6918560266495 2342.56367436051 21.9618661403656 2248.34876927733 245.104722797871 4003.20181691647 248.269977390766 16.0270990431309 79.7443918883801 6463.80264276266 10412.4182546139 1304.75121515989 8987.53172957897 25283.561915338 16.4972166121006 199.226473897696 3519.70572429895 0 3247.69602328539 10208.2749513686 3.49404308199883 23.1284708380699 1023.46276322007 2476.61405846477 236.412745594978 4261.80124115944 354.384681910276 2037.4786555171 769.907670140266 1171.20275935531 240.393419295549 10.4393464624882 312.332335650921 7.41333031654358 1.20860517024994 0 80.9042763411999 1.38682210445404 0 68.2448414862156 7.55001929402351 45.9844798445702 229.809251725674 0.500064074993134 111.375674664974 1315.33814117312 198.184021621943 649.591970652342 280.516623467207 2.19707238674164 268.998061865568 0.954441070556641 188.885830253363 39.5612898766994 381.502665638924 5.0484311580658 0.827701270580292 7.87606519460678 240.061001688242 613.661387979984 183.173529773951 420.453469067812 1866.07373425364 1.96474376320839 21.0112421810627 214.699154645205 3382.14092549682 222.316789001226 424.870192319155 0 0 1.33254691958427 194.030849814415 31.1127266585827
12327.9330304563 32.1738215684891 299.360806792974 120.67651244998 499.41152189672 890.474807202816 4803.68556183577 1800.37331353128 594.834658175707 2478.77757886052 499.062312483788 416.060387074947 75.2532630562782 8168.50273650885 87.1485666632652 110.278323799372 598.621055588126 77.7988464236259 296.192386180162 259.428834050894 1187.48980808258 256.569776922464 1598.09759804606 1341.95274540782 33.2150827050209 554.926080018282 487.579864889383 3247.69602328539 0 8346.82562273741 3.99320286512375 3786.57191187143 15255.8749031126 6420.50862690806 133.956166774035 3101.01669827104 170.120541363955 2336.31701308489 327.465390503407 1168.25313661993 1075.52141425014 37.6645049452782 54.2171402871609 0 3.22272938489914 0.599043190479279 8.72887814044952 0 0 20.1376348733902 4.20292881131172 11.5389182567596 12.7178604453802 0 12.8336694836617 157.115777701139 21.1780368685722 46.7952343821526 13.2801670134068 5.58645218610764 16.478910446167 0.733620345592499 32.3368770480156 1.21483370661736 43.3945309519768 1.05380383133888 4.68377280235291 6.24310192465782 10.9156195521355 88.5072518885136 17.3771197199821 56.0632900595665 227.575933501124 3.87471163272858 31.5703000426292 52.3882879018784 443.582287088037 32.3652741312981 63.9998499751091 0.745397508144379 0.96482515335083 0.949716001749039 35.7331270575523 12.3153141736984
2597.29186242819 39.8547625243664 521.070727467537 9.39022782444954 10.5782319307327 284.732622623444 7943.67494139075 1511.45482730865 700.224969089031 243.716152429581 100.369159460068 13.6759157478809 4.98279333114624 3353.40311014652 21.5278237760067 548.122692108154 1050.52701404691 23.8857612907887 165.535326033831 11.8863373100758 17481.6025498211 971.107004344463 6740.3748331368 1203.60873872042 5.43052852153778 305.835431218147 451.204319745302 10208.2749513686 8346.82562273741 0 0.259351879358292 9.74379399418831 736.247649073601 4183.95460787416 69.8994986116886 1958.44871816039 169.089533776045 1764.09219455719 555.340895295143 333.412386566401 86.1264183521271 2.54307633638382 144.052347719669 3.80758193135262 0.393901586532593 0 14.6241629123688 0 0 37.0676937699318 7.69229170680046 27.3936886489391 4.36746802926064 0 11.4093159139156 221.36910495162 27.7033855319023 69.353908598423 7.73051008582115 0.595297992229462 4.75299596786499 1.77534490823746 40.4566094577312 0.549008965492249 252.238368213177 5.92139837145805 2.85891836881638 5.68843120336533 2.13736322522163 431.393437623978 131.574444890022 281.430914372206 378.615418672562 0 18.2369588911533 116.651709288359 862.647505819798 75.2882067263126 233.112489908934 0 0.802028119564056 1.52420154213905 143.584790855646 8.01435768604279
0.489507138729095 19.5951289832592 3.34689709544182 0 0 2.22070100903511 0 8.39214581251144 9.22927904129028 2.29961028695107 847.627886533737 1.48141872882843 2885.78668949008 9.83389627933502 0 1.02572101354599 4.82405972480774 78.3682026267052 25.9844209849834 0 0.958466231822968 10.7817399203777 5.18998005986214 2.67754074931145 149.281150817871 1361.85853841901 1522.70111119747 3.49404308199883 3.99320286512375 0.259351879358292 0 2.18605697154999 0 45.4806401431561 1.54427814483643 31.4420210123062 92.1187098026276 110.194496423006 15.5449128746986 3.58672004938126 0 21.4388332664967 0 0 0 0 0 0 0.631779432296753 0 6.00719571113586 0 0 0 0 0 0 0.65887850522995 0 47.756812363863 0 94.499245017767 0 0 0 3.06438952684402 15.7182061970234 6.06478855013847 0 0 0.826111912727356 0 1.10341989994049 50.2450802624226 74.7618473172188 35.3386446833611 0.650371134281158 0 0 13.0779298245907 0 0 2.82157683372498 0
13.5180143415928 4.58769381046295 10.2556740045547 4.18864279985428 2136.36310467124 723.198071092367 24.7381753921509 728.681849688292 23.1565697491169 58.1492722332478 84.6783143877983 47.9299699068069 13.0700832605362 792.732442110777 182.263875365257 0 10.8470256626606 7.03382280468941 13.4936634302139 16.6449485421181 8.51927310228348 0.927662044763565 10.7294051349163 16.6067376732826 5.26934337615967 40.4882085323334 40.1213193833828 23.1284708380699 3786.57191187143 9.74379399418831 2.18605697154999 0 0.522941827774048 1459.12804862857 4.35362404584885 80.8778413236141 10.127416998148 203.095458775759 16.0667343735695 614.277072250843 2924.04211741686 11.9417167305946 0.79530131816864 0 0.620741903781891 0 0.255144000053406 1.00857019424438 0 0 1.17409670352936 0 0 0 0 8.10162872076035 0 0.996771275997162 0 0 0 2.04778146743774 0 0 0 0 0 0 0 0 0 0 4.1482312977314 0 2.26374959945679 1.02045798301697 6.0264755487442 0 0 0 0 0 4.46950733661652 0.817721724510193
