0 111.594120265599 95.0875790920732 78.6220336369683 67.6271145580122 79.3163251435542 28.1400957462512 41.668220711479 65.9330718152134 67.417699013682 102.479288712393 90.8129938853127 87.9993498496125 15.468486972272 100.632835628122 121.972714907284 96.0641073850838 121.909883711829 108.82358202201 83.023592407274 73.7663504256868 75.1436391475126 86.8541541548498 71.3669026822439 112.345698617368 112.143278987972 124.195262445543 69.7408853459851 16.9280344816691 33.4809439331339 121.082359313965 71.0479505777498 29.6461737321812 52.7680891018931 94.5730653420737 55.1911802473776 92.9671750452688 60.4542019339627 78.5581984512208 40.0504743634302 50.9992907836294 84.4803858866431 113.593862680092 0 82.1284332275391 0 138.232452392578 0 0 133.05143737793 0 161.582134980247 158.164038216312 0 186.888961791992 132.608561117825 140.533974027148 86.3610636625232 148.481983381706 0 152.795835446203 0 146.370106724272 0 127.380961750263 200.891779378956 0 0 143.414552013397 138.642114231948 97.7367769003106 153.872125127504 116.333796971672 0 181.216756425729 164.81798191746 127.64219343077 156.636726713396 137.251026801944 0 0 164.630889892578 152.248515475436 116.45260878331
111.594120265599 0 43.3475778171348 105.005739776862 130.080762185571 123.349446895774 120.016104251797 117.205592809517 66.4531327683467 139.064382075416 61.3859392257629 113.171057483857 46.7433526136733 109.23102182955 107.27269302751 64.542328952702 54.3492484318778 69.840396647096 55.1299488973924 157.782756561555 96.3638910927835 27.8432927106095 62.9387596594804 79.3238021016745 29.4515169389308 45.334736168121 33.112120678429 98.1744868817576 104.798315436114 102.164736450196 64.4419033425217 118.177438368819 98.056703574114 52.8120156741113 110.537037719489 66.1509115989457 43.2527718350926 52.9079813526435 55.7156612673466 89.2147896402914 69.8028491583983 45.1526818767323 78.7617704688889 0 0 0 150.175649183263 0 0 0 15.0427460954352 61.9454932293635 183.104965209961 0 148.788439700897 135.146597255316 163.1830105989 76.1975380416884 151.44304661403 67.0873877721841 92.753297011416 74.0109484520865 185.377136230469 0 70.4365143857639 64.4476859047017 105.131725236039 68.3119118128232 172.54341316312 121.054330223792 57.29795714681 90.9184496359131 115.720601189539 56.4611186703412 66.1177824828153 47.9332202816027 159.513428657701 194.024551391602 160.109167335668 122.888411669895 0 0 52.6184327754104 144.875880190089
95.0875790920732 43.3475778171348 0 118.269328940103 164.6731904223 118.389711158104 90.3120287200266 112.981262817569 94.2674755644786 113.025425255652 80.8312620643747 123.915636754797 113.515896997061 108.850759780428 133.673749079731 82.0847911688223 44.5600098423036 84.7230103034991 61.8132880339046 129.360099815592 68.5307294504232 55.6334217750747 37.560392491288 92.6371848226133 83.464736623858 37.7702230716898 33.7746725984633 83.3922601268027 110.60034170064 80.0610656085982 102.421941459759 143.998662514215 94.9524014358533 58.2916025992557 124.430882244874 68.7074978455783 41.4498527135901 55.9964872723405 58.4141311215608 88.8289145597231 87.1909437137667 85.7392003090013 110.346294311758 91.6775588989258 105.216079711914 138.773295888334 153.425217585067 0 155.231674194336 169.099408917429 56.741425048918 93.9331399991386 148.188722477394 212.408294677734 181.566290406615 162.749051356848 175.67948309366 129.917887525452 191.623416666155 124.696150527007 189.214343884032 124.336245418532 169.761112881892 165.114465509987 112.528857942533 102.463834341185 141.458557273467 113.495691145887 171.805875725142 138.370571414766 59.4082090013441 112.159486190339 145.481861669563 100.688780923469 98.7651876807869 89.23254559633 154.971940600357 160.32252786125 144.912029620274 134.693111825579 0 0 90.5164917446799 132.164911555964
78.6220336369683 105.005739776862 118.269328940103 0 116.238092944407 55.9588448785489 69.1843563674923 92.392396871921 58.910363723406 26.9014130693095 145.142160730374 42.7538042355727 157.888582265219 100.517609205182 68.7851267011799 81.3064289208003 152.079663728183 0 157.396026611328 12.2235323854895 118.350770114509 76.8489670932526 107.887777411846 31.3386586585423 166.365631351445 170.054667096724 118.243575621121 18.420977837966 102.305731875391 104.418167961315 0 140.123643262208 78.8885259060555 103.516539713379 53.8755387236164 92.5371310822093 138.146854732565 100.05594875371 106.690151694926 74.276526924377 103.79184142834 147.139068603516 86.7857058439295 0 0 0 106.808731413315 0 0 111.3642578125 152.282363891602 199.764999389648 34.7795382480032 0 145.952320034958 133.599379222146 149.535474838649 83.3697550071526 94.5032669823172 240.059097290039 32.9959591072755 0 142.340196070968 126.989313526224 147.746966130518 0 0 0 80.6191976561048 153.732116699219 157.41612706512 172.377615957485 116.517003093579 0 0 183.307039331332 132.170626190163 160.749610871152 178.954925200807 0 0 0 151.243880209951 0
67.6271145580122 130.080762185571 164.6731904223 116.238092944407 0 20.6996860689925 102.30143060518 22.440914373789 50.2600426507006 98.9948901859804 54.217612108176 67.163854909487 53.0294791607926 43.2885208502184 19.8060257116137 117.196197509766 162.369949858221 81.521260639011 79.7329222563457 97.7924338226861 125.471075119101 87.8640465844056 127.706147362471 81.8727565117993 131.346805168311 84.3120695888326 115.30131249522 113.523215298636 29.3099923144507 103.992422955974 0 10.5128205172452 60.2632637023926 17.3056217760673 99.7711317717324 62.594600591221 52.2552715190462 33.8675564876946 42.5898459925594 17.1129571701066 8.97260204343339 54.2500709907701 68.7241544510008 0 55.8295555114746 0 85.3334655761719 0 0 0 0 205.602966308594 143.740679276181 0 176.494827270508 180.755920410156 0 108.425871686901 0 157.432922363281 119.809644491163 54.4800872802734 0 0 0 0 0 0 0 0 174.301775520896 187.814157859605 143.619828297968 0 213.291290283203 0 147.222644705539 0 176.716461181641 0 0 0 0 129.479766845703
79.3163251435542 123.349446895774 118.389711158104 55.9588448785489 20.6996860689925 0 51.4068675407084 22.9903782459611 58.1594070034656 29.8652323152915 87.5977677844847 33.8871779849166 84.0477580570618 46.0801063583516 22.6292491558273 112.03185753106 129.924763714309 117.322539044284 130.371847502788 46.6468522299885 99.032374088117 101.714388956216 111.417846401328 71.4452232774287 126.043436873178 124.820033034299 132.501566169099 66.3109265762772 60.0203865362666 81.4817997849922 142.069630156824 25.7973558699319 99.448287527736 48.1306802217338 17.5955346841329 79.1735036766428 103.059486648818 66.8120860889012 99.9129873432583 22.7205004434512 26.1497074925241 81.4188369249323 98.0930134391356 0 83.6541366577148 0 126.737004423973 0 87.7381450328633 137.440259306985 0 175.131218592608 147.987272310672 0 154.914685721847 141.168542808711 149.137709756467 87.9118387423401 159.539178357064 177.70906055895 90.3670200914377 119.962127685547 154.496465579287 133.072487361985 170.057829220288 0 128.054606056279 159.962112350729 134.625282266834 172.32272130009 148.886392140444 176.050735205306 127.529730618693 0 176.269708838934 179.023200069069 141.838381387568 153.935140585242 158.010914834737 0 0 0 147.118514867338 183.936279296875
28.1400957462512 120.016104251797 90.3120287200266 69.1843563674923 102.30143060518 51.4068675407084 0 58.6275662138276 52.8704878795602 29.1039148031463 127.817318569895 59.3977931003284 124.771259152154 38.6339962829864 75.2335439602839 81.7802439970484 98.6163884938766 139.555471675174 119.644537169418 66.3138026316307 68.777725942094 79.0160068460283 78.4225997437825 53.1903353504134 141.369939188701 122.71066857575 102.177172703003 36.4760339176146 59.0191911186523 28.9111373146005 0 110.093503544311 58.0921427789433 71.7944541654669 113.612354150158 75.0588984557367 94.3405435182845 78.6610986296539 85.5912331317454 74.7082671163962 82.7416188957506 113.348703612344 107.15800565084 139.82049749189 0 0 125.248120045952 176.708541870117 0 116.306658572249 146.92102153433 161.71676722689 136.748644434728 180.568359375 134.405621595671 118.115225617269 137.4348968052 69.1715144544686 135.302394409402 214.179458618164 117.135484679321 96.6010284423828 132.743712846005 127.151463819394 138.053031733505 141.142913818359 190.366653442383 196.985391161636 126.627812466626 134.369165509992 112.789476232976 148.379571444693 104.598961870522 176.233059387549 178.850248923038 154.422821478365 117.650802016974 129.760869374521 125.168942125945 0 175.3134765625 0 120.878313616872 156.094234333401
41.668220711479 117.205592809517 112.981262817569 92.392396871921 22.440914373789 22.9903782459611 58.6275662138276 0 75.9567835539643 56.2890752924317 69.2019860174702 72.3425850176929 62.4639762902991 18.925884726938 38.0208384929699 125.081463283757 116.995183715356 99.5516664559598 98.6839801353869 78.3336823913064 97.4775137452736 102.429464535046 107.875225555464 84.7403670266174 88.7874038306217 110.708947996334 119.593278112952 86.2599834161391 43.4082544560738 75.3472644636516 114.895270196905 28.2325070204781 95.7100924880401 38.8431317968357 57.1155494840285 77.7550667817284 84.3198001421581 59.7831651489437 90.1902666519466 29.7337884995715 19.3334999773574 63.3944700193392 135.550205077999 120.369827270508 77.9263763427734 0 131.938457430241 0 0 139.239593871744 108.601689573375 168.651383867351 156.645602095625 0 159.951731257052 144.646233065575 155.641447962661 93.0154816846393 162.515996443309 140.973157950342 105.972041037938 125.256461187646 160.058975743679 144.507409911506 159.106340328693 172.757526269945 146.287681381885 153.507001339954 144.262108632742 162.82469592545 135.929883271472 170.563647819585 131.952684574759 106.505204088122 150.066439971751 167.527874394112 141.545137718303 157.346044495504 154.42237174052 139.66618347168 0 0 149.411416380152 140.93471979825
65.9330718152134 66.4531327683467 94.2674755644786 58.910363723406 50.2600426507006 58.1594070034656 52.8704878795602 75.9567835539643 0 69.352376544574 125.770003829265 28.4926325798137 116.692752766568 81.7374724041631 25.8587123801362 59.2406427791933 119.367328060298 133.120456959803 135.083399465681 57.6821545598472 67.5186026564117 23.701420998149 85.537964729358 25.8829628631056 97.7584415155757 117.041515193636 96.6486588111818 53.6568053325136 76.6545639195739 54.9358644691017 135.099031099671 98.7768277915052 62.2129645034628 76.9547822396956 115.409062281721 70.5381592930635 94.6297744290005 88.0825409843202 97.0656789145133 27.4821109160432 82.7139000163149 110.579053501962 76.3639855938327 98.6183727525276 0 0 87.5255945730489 0 134.21174621582 88.6745573614535 101.472109893689 126.898589506 83.324753093025 94.5315014213662 101.953355630065 85.6825483289063 104.027916583338 16.5526383921358 97.9951250598638 142.705092753821 52.2469315430824 146.436919888031 103.807259916914 60.4110790136776 98.7245624662228 143.78904805948 149.399398803711 137.902908566798 80.2751619601129 99.0006478710617 65.1305692526908 115.604401643748 67.8198124783775 123.580880504886 156.123253399772 128.795679363422 83.7987011803801 99.5766100963093 88.6338479118384 0 0 106.11661529541 88.8794507054456 164.785484307822
67.417699013682 139.064382075416 113.025425255652 26.9014130693095 98.9948901859804 29.8652323152915 29.1039148031463 56.2890752924317 69.352376544574 0 136.623432774405 24.1754643063787 130.703662219256 71.4968136738821 71.1471265374328 105.376646841675 132.875113996909 148.654799126331 153.068893336753 17.5572786433434 93.9481752976561 99.734831976914 103.558218424487 62.5070732334345 157.255290946241 150.916785857204 136.073066488994 39.3411396911196 89.7036259693312 85.4830133539182 175.350342464932 116.594194212781 83.5723212232234 89.8208670180021 48.8069253078061 92.0959064883582 123.555061248671 93.5468686471486 104.203124398764 77.7231121257699 93.6111916709323 117.375148213889 101.086294599132 0 139.723876953125 0 115.569780293201 0 0 148.626154694446 165.69029176931 195.94886378181 137.379505684734 166.699469299141 153.077278476997 140.698015149908 150.505303987604 85.5331575702473 153.660796166129 189.964645385742 127.491128126051 174.451417117489 155.872929484613 135.19633911659 161.535346709217 202.399795718483 202.147369384766 201.364837646484 138.092752756436 164.012108669894 134.412691786688 176.488059442616 123.743444934877 144.675369262695 203.799215964882 181.98478476277 138.178356973847 159.169061481271 169.740223830065 208.881439208984 200.047108808201 0 153.644263269609 170.859022973348
102.479288712393 61.3859392257629 80.8312620643747 145.142160730374 54.217612108176 87.5977677844847 127.817318569895 69.2019860174702 125.770003829265 136.623432774405 0 124.961648966415 17.1261077645695 71.4002976286151 114.259995941386 124.752607383529 50.6573938165913 19.9180770868855 22.4986466261552 130.608921248116 107.375539665912 93.8317787958905 85.5510866036115 134.631374248815 31.0348783545552 32.9691820805216 55.872402618192 133.75187006107 71.9024597995658 103.760329246454 41.5207007445303 64.6042694105832 92.4479281176016 22.6435647107586 138.503110109883 82.1852728381184 23.0355122403086 26.0119232991617 50.2786460562424 78.8272290123281 64.2460962262856 14.1859740472839 93.7731233313911 42.3696823120117 53.849209725354 0 0 0 41.1275806845515 0 87.6996619367685 144.971189669445 0 0 0 181.784040475355 0 139.622399283503 210.271896362305 72.9771701757469 137.317886352539 63.2956722794205 196.366363525391 0 165.44975957701 132.701139408724 94.2928187556558 105.41395326994 196.077713012695 0 111.011690159494 148.354569129899 202.265138050604 52.5971749596421 96.2502145034553 100.565569551662 192.122635475803 0 189.078577755957 90.1198504457479 0 0 100.246945742513 131.589075373847
90.8129938853127 113.171057483857 123.915636754797 42.7538042355727 67.163854909487 33.8871779849166 59.3977931003284 72.3425850176929 28.4926325798137 24.1754643063787 124.961648966415 0 111.530823807234 87.6890178334306 21.4791284606506 101.143287682566 144.47415429959 146.367942043706 144.487685157719 16.9608668300034 114.491850538438 76.7499035181832 117.889398731924 43.3266782422319 139.239769075997 156.061625200129 140.097269808912 55.5282737940801 98.4525469245912 109.067187322347 169.790118918094 104.919640560625 104.116603768462 93.2185440047654 16.0221031173661 61.7651027996187 122.147482828109 93.964933865123 109.845085633431 37.280012903974 90.5834594142821 120.475431734737 65.9686162810558 0 0 0 74.7414412289567 0 0 133.968687573916 121.933006897436 193.887757247531 40.5774486913753 0 110.729869817047 125.677259957895 110.588420568416 76.4839272675164 84.4013642723835 0 19.4073269759424 159.584747314453 133.869059105201 52.6933201624618 157.905583656393 0 0 187.521193804922 59.7565860261398 165.238377882923 159.5561635973 177.947611433287 88.8215375066324 156.195465087891 202.535971303025 170.328624306727 107.857039681085 108.392537285523 134.638977050781 0 0 0 153.474908833576 137.450882666234
87.9993498496125 46.7433526136733 113.515896997061 157.888582265219 53.0294791607926 84.0477580570618 124.771259152154 62.4639762902991 116.692752766568 130.703662219256 17.1261077645695 111.530823807234 0 72.8532373500334 115.382256998719 124.092533486624 85.8675304129281 51.1316794758504 59.8149090753854 125.667348055652 126.821977297758 86.108305418453 116.828668122848 127.720389999229 19.2934526326186 24.2458365287391 27.8584188626634 142.022409394268 81.2376144524418 134.629901294592 10.8850888971137 83.3438701777027 0 18.7959040828184 81.7189690310381 38.9255391215597 17.7935375553506 25.4450685217262 20.0702812286063 77.9212384075608 16.0045037186692 10.8679673852811 31.7946943960567 29.7416373723038 23.1286033115728 19.0028362505229 94.6153886321399 0 36.189513174857 0 76.8064096943467 135.154109033455 0 0 0 183.834823608398 0 145.489643716584 0 66.4800531523964 0 52.5704613554138 0 0 161.348363942063 120.207145879887 86.6498324358748 97.927523978257 0 132.564345080105 126.233398053522 147.565374519015 181.686861364276 44.8060378065362 86.5174674568644 84.6361725484273 179.073793948357 0 0 81.6583262573616 0 0 88.5441648942286 103.28965593525
15.468486972272 109.23102182955 108.850759780428 100.517609205182 43.2885208502184 46.0801063583516 38.6339962829864 18.925884726938 81.7374724041631 71.4968136738821 71.4002976286151 87.6890178334306 72.8532373500334 0 52.2927467869331 118.291731328364 110.535425809701 96.327427825129 98.8491011624444 90.1389061925299 89.6724901647451 111.209537013269 100.585829052966 90.0828020477746 88.1381093141555 105.991189162069 118.621525162284 82.6995099154253 31.3215736473666 63.3534388764443 109.543070121491 27.887583505088 65.925027479019 44.2897691903642 111.156370977778 67.7213319944015 82.305543737969 58.8148419173532 82.7911173153651 39.3969643584073 37.9257826678442 64.8267446154967 136.891920289924 0 142.554695606352 0 165.743262031817 0 0 151.324157872772 121.185543375185 179.490005931839 174.494192482962 0 165.913242292809 149.943315111453 162.664512207049 99.4099012375561 166.993633883039 141.266541849596 129.263682449106 131.634189377594 172.660915964089 0 144.065679690239 168.226081718926 159.610444653605 156.725554290417 165.377634433253 161.007668444604 141.809048809643 181.287521193046 135.130172068969 109.081281718969 154.540178948495 153.573811153943 145.365613948311 169.672261955956 160.405246429705 162.697988792097 0 0 143.933110717962 122.909259979153
100.632835628122 107.27269302751 133.673749079731 68.7851267011799 19.8060257116137 22.6292491558273 75.2335439602839 38.0208384929699 25.8587123801362 71.1471265374328 114.259995941386 21.4791284606506 115.382256998719 52.2927467869331 0 105.14330291748 142.271594954592 101.60154744218 126.419341581437 53.8071382806181 115.806485164716 69.516835960631 127.604462499464 45.0044140071831 136.519842485577 133.071949086388 128.120065922935 83.4798389110193 60.2204562143081 89.5710425182323 0 41.5246640839964 89.9856040191147 48.6871746950319 47.5880178934105 44.5446594427118 103.665886767673 75.3058610951883 116.126438237285 14.1810251774943 32.2262691033199 99.7666761492437 53.7638823341215 0 0 0 72.9541511268742 73.0347366333008 0 107.38786315918 0 0 115.842507804021 0 125.156855992744 125.606268902333 144.232377748257 81.2392401435698 130.016431476796 0 79.9509569282827 0 124.167410680466 102.907729054476 146.830597947864 0 198.23371887207 166.800216674805 102.398767910397 147.932843356982 137.297298409696 158.383451596419 103.290864242619 0 185.623658424333 177.427526812997 123.736977449456 0 162.007247924805 0 0 0 0 72.2887416510628
121.972714907284 64.542328952702 82.0847911688223 81.3064289208003 117.196197509766 112.03185753106 81.7802439970484 125.081463283757 59.2406427791933 105.376646841675 124.752607383529 101.143287682566 124.092533486624 118.291731328364 105.14330291748 0 101.508348991165 114.53404276008 114.310082244543 100.330481779948 19.433785916728 33.8945358986998 22.7462004435538 36.7863898453688 106.305377960014 102.311969417273 28.6175373678188 34.8685641132718 90.1461158018698 71.6308331359094 149.813866175366 0 74.1778667004349 68.2834671492477 133.20358664171 68.6370261680512 52.0931952959197 74.7855863010121 71.8680758531196 82.5324177909017 85.4342662875702 118.794608462052 93.4184209952304 116.606227758988 122.60082244873 0 122.216458518098 0 0 123.52474908269 107.341970975029 117.543311469613 137.357500072084 189.336624145508 153.983195124965 132.729338243161 147.938634808134 98.9676077557195 154.115853290985 172.182536506219 167.334561132959 158.043627544341 149.850134598677 124.856714661848 82.3362072621873 143.964999150501 161.988357543945 171.906869684066 166.845240000438 112.831081139615 56.6472315693172 100.455762330078 104.15659227703 161.309799654953 141.86491375153 104.966393960601 111.788040995024 123.007854933283 116.287901818401 0 201.67643737793 139.79328918457 90.539940110005 139.364040411953
96.0641073850838 54.3492484318778 44.5600098423036 152.079663728183 162.369949858221 129.924763714309 98.6163884938766 116.995183715356 119.367328060298 132.875113996909 50.6573938165913 144.47415429959 85.8675304129281 110.535425809701 142.271594954592 101.508348991165 0 43.8769260182193 14.8552266651312 151.065598467002 56.6753162019623 78.8465342361846 28.4398045317094 122.052389662189 64.3472809703979 34.2265845837821 68.1183165190608 97.1789503290469 96.6418283766298 66.9383970918617 102.569856217027 93.4538095988114 90.7268411915496 40.3663416876127 128.243967201514 75.6145627461799 48.197506523602 45.8634118031588 56.1985983672893 92.2907444017852 105.006052147549 70.5026567405259 130.359183764601 0 141.37663269043 0 0 0 0 0 71.696860079853 108.611272951941 212.324508666992 0 206.37481205643 175.419452458671 194.035895266135 151.59702601417 214.401260632066 101.632725449923 0 110.589331230029 199.098350432635 0 142.82160488125 113.208064050663 122.522547091784 115.592781364679 197.036010732887 164.551285781219 104.840448307074 135.620096297082 152.164969823094 91.4403249853694 105.839264606244 102.917642350933 168.693618185614 169.691208464409 157.768448971641 132.656727684755 0 0 98.6425915056035 131.241784242776
121.909883711829 69.840396647096 84.7230103034991 0 81.521260639011 117.322539044284 139.555471675174 99.5516664559598 133.120456959803 148.654799126331 19.9180770868855 146.367942043706 51.1316794758504 96.327427825129 101.60154744218 114.53404276008 43.8769260182193 0 13.8187136521686 159.777342785795 103.326592976085 110.590434040862 85.9487679751098 152.736177532194 40.8182302733842 25.4335055073422 61.2726980907357 143.547517023968 92.6755948877508 104.906911805005 54.4782837465842 90.4053659678228 124.49212709122 49.0003203438477 155.077559920634 82.3393500519071 46.8183594089697 50.8365351045126 59.3259186354007 101.189573914314 113.922537951902 55.0677899450742 79.6805043185657 0 0 0 0 0 64.1664733886719 0 84.8889040520538 140.187105465941 0 0 0 199.999603271484 0 169.800994873047 0 86.4895537284382 0 75.6877073974589 0 0 177.185984887588 118.156963368797 94.975179090039 100.014048958746 0 0 134.025510200712 154.582723024739 204.814172780207 58.7312889963944 97.1317575020252 94.0784392487836 210.367762244966 0 206.766876220703 94.7650696181513 0 0 100.167217299172 0
108.82358202201 55.1299488973924 61.8132880339046 157.396026611328 79.7329222563457 130.371847502788 119.644537169418 98.6839801353869 135.083399465681 153.068893336753 22.4986466261552 144.487685157719 59.8149090753854 98.8491011624444 126.419341581437 114.310082244543 14.8552266651312 13.8187136521686 0 160.354389953683 84.3612455200588 88.2078468222771 62.3704864363776 139.125112211717 45.4289685150202 35.9687763995865 64.9942116151209 120.65615873867 97.4222150285596 83.8766033642227 65.9674320665494 77.8226154566522 99.3341978138068 42.3119044851179 136.648106674453 76.6708090334519 46.8014364957428 45.0346722500958 57.4709852422458 96.2159364382915 80.7933829541721 57.9249716170083 74.01266330345 0 0 0 0 0 108.240791320801 0 74.6681809092068 118.940457238443 182.554885864258 0 0 206.435723409028 0 166.082153320312 223.39874044374 91.8301539988692 0 87.6567102477334 205.845980386317 0 147.744110074162 123.143355191694 102.371321568472 104.191292929099 0 177.325070480736 129.860970786601 139.258348401255 188.201041360846 60.572480284389 100.491443525145 102.466241656158 200.41490072855 0 168.769846478619 100.140991201096 0 0 103.523890183367 151.727367072433
83.023592407274 157.782756561555 129.360099815592 12.2235323854895 97.7924338226861 46.6468522299885 66.3138026316307 78.3336823913064 57.6821545598472 17.5572786433434 130.608921248116 16.9608668300034 125.667348055652 90.1389061925299 53.8071382806181 100.330481779948 151.065598467002 159.777342785795 160.354389953683 0 114.469572830704 82.7057915502993 130.632340629136 29.4540883259928 160.628066173311 155.095850224805 139.324253022883 27.3814373766537 95.8496148821895 112.330124334308 0 112.243985416298 92.0887431117962 92.2077274018343 28.9777143192001 89.1316296931696 119.664887781558 98.5439324390129 99.8060755642033 63.1289603383937 91.2031459017352 118.827179008949 80.9293008995846 0 129.099044799805 0 101.412025060135 0 0 140.921600341797 0 0 33.4849897002301 0 136.192754919901 136.898558615388 132.373598742882 75.7284148219655 141.898500939461 0 32.3570910245538 0 122.848098701412 109.729982298538 160.314174713844 0 0 0 130.594388247271 175.595615821474 127.340304758129 168.270692264958 111.185951551661 0 223.258821013456 180.713813820598 131.307311231347 143.567083302848 148.9189453125 0 205.959518432617 0 158.1015625 162.614343729732
73.7663504256868 96.3638910927835 68.5307294504232 118.350770114509 125.471075119101 99.032374088117 68.777725942094 97.4775137452736 67.5186026564117 93.9481752976561 107.375539665912 114.491850538438 126.821977297758 89.6724901647451 115.806485164716 19.433785916728 56.6753162019623 103.326592976085 84.3612455200588 114.469572830704 0 57.4634960864253 34.9659892875896 38.4147667290704 130.965776132915 93.6155617446054 71.9637665011955 24.6486221377823 75.0460536589812 27.5863631690063 123.36017866675 147.105055242083 66.1214035089705 44.8100307982424 129.461400194436 67.8854357486269 61.6904283562596 64.827018530137 67.0613718434181 80.304282604173 90.4396063814315 88.1665139260009 90.8437679866635 126.059256713712 132.806884765625 0 142.675871427726 124.149742126465 0 128.057087737046 130.40019035348 137.092846520729 151.732587656617 171.730941772461 166.596385664511 134.945051051341 154.436500096551 94.2434605869177 158.279266991174 0 166.494778176507 197.700701207994 152.428603236813 156.493194580078 114.978466014876 149.480840719732 0 178.083028255252 123.943145751953 125.64857306356 72.7893240712804 123.91450303705 113.50231992363 164.121018861868 158.387570314712 130.535231097951 121.454677864461 132.699103923193 125.570969979404 0 0 116.44889767787 106.691149373186 145.953637746218
75.1436391475126 27.8432927106095 55.6334217750747 76.8489670932526 87.8640465844056 101.714388956216 79.0160068460283 102.429464535046 23.701420998149 99.734831976914 93.8317787958905 76.7499035181832 86.108305418453 111.209537013269 69.516835960631 33.8945358986998 78.8465342361846 110.590434040862 88.2078468222771 82.7057915502993 57.4634960864253 0 53.5528940349646 33.1284938678469 63.4791114342429 81.4524633681147 41.7677787941274 52.5623457491195 68.8349835823456 52.293468333368 105.462198490747 135.460835959726 54.0121899893279 57.7305953886734 121.648796543774 57.6854028249672 43.8751942298371 60.8193675850398 59.619287077953 59.8126841747801 74.0301898926972 87.2658444116648 86.6511777089386 166.051712036133 0 0 109.275915853759 0 86.4638137817383 96.1090738378756 51.7242734306525 86.5274536286699 153.914371545664 89.6117324829102 132.924231849846 109.550165471393 124.493167337351 41.3108080651401 139.077382100235 167.451239520952 90.2341461383687 127.117329505384 129.051580376563 118.371732544349 52.7645979203067 103.581472414039 165.984603881836 127.614927412168 124.561369801735 84.4003138655788 30.6806105753535 77.9375076073097 65.9492188053325 86.4404229831603 118.130909400518 71.6880628773775 90.426987915145 100.122416476706 91.6125385912363 0 0 105.46427154541 72.6697216346271 137.418445591027
86.8541541548498 62.9387596594804 37.560392491288 107.887777411846 127.706147362471 111.417846401328 78.4225997437825 107.875225555464 85.537964729358 103.558218424487 85.5510866036115 117.889398731924 116.828668122848 100.585829052966 127.604462499464 22.7462004435538 28.4398045317094 85.9487679751098 62.3704864363776 130.632340629136 34.9659892875896 53.5528940349646 0 71.6179226490771 103.807762339106 66.8485003585513 44.9934044345007 53.682262846596 92.6689595953222 52.6340897375927 128.878522967426 152.079757933199 78.4683833282779 48.1822857279027 128.180223921864 67.3857550295313 47.5492549061849 61.9856923959751 65.2799370078939 81.0421593030208 92.038422283384 97.29017790086 112.063683548675 118.768185954084 127.511348275862 152.1513671875 155.100238064476 0 0 149.185266029972 77.5200408919645 109.39126577246 157.71557015242 0 172.768951084617 147.703065069483 165.768284865843 117.862826177495 170.020129276097 129.344836935082 166.139076908564 153.870361774868 164.286955615234 144.69060213296 102.382169041182 123.549310671609 171.686896658849 142.60846220781 172.708327726438 126.407821167509 67.1312856531884 111.728630009387 128.301506291962 147.254433971005 127.898779223169 105.615127978531 139.265696356326 145.926587366079 126.702572355455 0 0 121.525268554688 101.07164423767 137.350604397026
71.3669026822439 79.3238021016745 92.6371848226133 31.3386586585423 81.8727565117993 71.4452232774287 53.1903353504134 84.7403670266174 25.8829628631056 62.5070732334345 134.631374248815 43.3266782422319 127.720389999229 90.0828020477746 45.0044140071831 36.7863898453688 122.052389662189 152.736177532194 139.125112211717 29.4540883259928 38.4147667290704 33.1284938678469 71.6179226490771 0 105.715608945116 125.603925355413 80.6320471640158 23.9156689629691 82.304417104177 65.2906447027179 158.157896759508 120.174936554669 68.6179215570352 81.3782446237293 126.377337653693 78.5603445742701 93.0862460449749 87.8702259684372 90.9395795173363 50.4245378748542 92.3325872960585 127.244959159058 92.4952430359389 134.842633529776 152.631973266602 0 104.515635266489 0 0 112.61297389872 107.385793136691 144.080647487104 106.030792006776 0 123.91452256501 110.500115863319 127.509185812923 54.8742599575545 123.833114094653 177.558441524486 82.9074690670939 149.45278074677 127.26227556188 107.765650077143 113.269659716424 169.551092269202 184.716751098633 157.875917245818 103.742674529863 118.262541291333 69.2326628109602 129.931430687209 91.175357535484 168.578708092828 167.995556721238 137.049376537548 108.011608060524 121.191977798684 115.116946499968 187.933255937306 181.374186810922 102.546478271484 100.358916573725 159.841553999118
112.345698617368 29.4515169389308 83.464736623858 166.365631351445 131.346805168311 126.043436873178 141.369939188701 88.7874038306217 97.7584415155757 157.255290946241 31.0348783545552 139.239769075997 19.2934526326186 88.1381093141555 136.519842485577 106.305377960014 64.3472809703979 40.8182302733842 45.4289685150202 160.628066173311 130.965776132915 63.4791114342429 103.807762339106 105.715608945116 0 37.8916167188464 28.7144801067915 127.065483206208 95.0666330388293 144.226645905001 41.9795564114 80.2129819080849 110.224754892457 48.7131901573911 134.287680264145 77.1992948004847 21.3169158974006 44.6412495594553 57.0687040777924 115.364598826256 78.3845326449079 14.719049538176 86.8247983783457 19.0294442135222 36.3842284944961 0 128.693089606011 0 25.493828340071 0 59.6604480476102 87.0139595533571 0 0 0 211.791015625 0 128.020724029941 0 50.2855475960724 0 37.8145021538568 244.493087768555 173.548065185547 0 92.4232233408922 61.0950179044116 69.3757881876736 0 0 96.0079949859808 125.706855460546 0 19.498889772683 60.6848658334732 60.4865412017223 190.66123645313 0 93.9487762451172 64.0775501217158 0 0 67.7878333681007 0
112.143278987972 45.334736168121 37.7702230716898 170.054667096724 84.3120695888326 124.820033034299 122.71066857575 110.708947996334 117.041515193636 150.916785857204 32.9691820805216 156.061625200129 24.2458365287391 105.991189162069 133.071949086388 102.311969417273 34.2265845837821 25.4335055073422 35.9687763995865 155.095850224805 93.6155617446054 81.4524633681147 66.8485003585513 125.603925355413 37.8916167188464 0 34.2932820460732 123.498742138136 102.210330391432 97.915317814885 22.635758938574 93.902097357873 100.270328396722 54.8708684823199 130.610205639641 76.4384609018072 45.5843931847517 53.5277519972878 59.8081035042318 99.6781492539901 83.4197286888493 59.388786971109 88.0112589161637 91.8302660491276 103.521993134355 0 164.139834134071 0 74.2502360848418 187.697267491216 60.5112279894256 106.705483750162 0 0 0 192.680790716733 214.944757234005 165.807938408108 172.78987121582 83.566374469452 165.800643920898 77.2917963154745 202.680694407533 0 145.802171786238 106.125308411464 92.8690452123565 94.2407889590174 214.215057373047 174.91149848423 110.600555373894 140.306712609427 181.597170922058 56.7482224675396 89.6084075139138 89.7780431389027 198.074636796669 185.530165416238 173.92670098282 94.5382073055976 0 0 82.4795799386759 132.470793337846
124.195262445543 33.112120678429 33.7746725984633 118.243575621121 115.30131249522 132.501566169099 102.177172703003 119.593278112952 96.6486588111818 136.073066488994 55.872402618192 140.097269808912 27.8584188626634 118.621525162284 128.120065922935 28.6175373678188 68.1183165190608 61.2726980907357 64.9942116151209 139.324253022883 71.9637665011955 41.7677787941274 44.9934044345007 80.6320471640158 28.7144801067915 34.2932820460732 0 76.190013362591 113.016699606575 100.492799524816 17.9478096040758 111.306588949625 101.756237358188 64.5487281265861 133.200522398094 74.9007360812254 52.3016129300745 63.6521345732602 66.7623687822486 93.6572861395881 88.1797752818594 63.992487259227 107.081638747677 118.195758443117 105.789948660393 117.057757014196 161.37766642329 0 68.9282299326187 159.152795261419 56.592890790241 96.2835594410548 194.927758694161 0 176.778552385037 156.476900589133 171.501334773012 140.131062163924 180.364174722896 88.676583475942 175.666004081009 82.3786799043425 165.426678508965 183.47624206543 99.790899819102 104.031495096428 96.4680365817381 98.9660103065657 153.941177595546 132.724833464934 62.0992128504966 106.737267947231 141.594382676183 55.5586141049759 94.095044068681 90.1531489012137 152.494817001265 167.33679962142 138.476120016525 98.8560406688505 202.972961425781 152.795791625977 87.7460884928766 140.262134244774
69.7408853459851 98.1744868817576 83.3922601268027 18.420977837966 113.523215298636 66.3109265762772 36.4760339176146 86.2599834161391 53.6568053325136 39.3411396911196 133.75187006107 55.5282737940801 142.022409394268 82.6995099154253 83.4798389110193 34.8685641132718 97.1789503290469 143.547517023968 120.65615873867 27.3814373766537 24.6486221377823 52.5623457491195 53.682262846596 23.9156689629691 127.065483206208 123.498742138136 76.190013362591 0 82.5402327263623 36.0265215821394 161.434439069851 134.346070782099 65.8013715751523 65.2790092173859 118.536250909381 73.9482828382281 74.3539551578745 79.4394119149516 80.5993106967944 81.0298606088234 93.2607467138948 128.875817727153 104.833472514549 139.761352769409 93.5771560668945 0 123.759240031333 144.92643737793 0 119.252403549758 139.543321154603 154.512346836048 125.198455024099 166.848602294922 143.258173724746 121.186958858503 137.881390774968 74.7954242649577 146.272755237022 194.59315893573 117.391193169673 202.944620367114 138.777011028065 125.172899145184 116.857951167938 157.085452376038 232.715591430664 185.559199924044 131.279491608444 123.214043778193 82.4318136681944 135.578666615932 107.335032812766 202.516047587211 177.059628165056 142.47549441861 120.174304926538 125.597027262622 121.291668025545 0 0 125.565790548966 105.137681865377 149.483275119651
16.9280344816691 104.798315436114 110.60034170064 102.305731875391 29.3099923144507 60.0203865362666 59.0191911186523 43.4082544560738 76.6545639195739 89.7036259693312 71.9024597995658 98.4525469245912 81.2376144524418 31.3215736473666 60.2204562143081 90.1461158018698 96.6418283766298 92.6755948877508 97.4222150285596 95.8496148821895 75.0460536589812 68.8349835823456 92.6689595953222 82.304417104177 95.0666330388293 102.210330391432 113.016699606575 82.5402327263623 0 33.7456718175207 108.842973925989 16.8272647228285 16.7510732269434 32.9049338799453 103.737891834396 59.6175094930157 72.4743918335585 48.8097403832469 66.1474916241523 47.7638312579686 33.2449436438565 67.5267826816209 115.002615419282 0 95.6033885476592 93.4158477783203 157.549320077437 0 0 135.050953471282 140.572383612378 185.498813178119 156.771080175284 0 166.576497145931 143.111303153515 161.120249317062 100.416310094462 174.391457887268 132.559727993835 134.846815810586 180.10676574707 157.975843627205 173.685137751999 140.298681008998 207.526306778793 144.709305147357 152.419488743884 156.429407873545 138.221764929622 102.142048762257 155.927094628834 127.634188009512 98.4503457505929 154.74876408749 156.236223834666 140.196483750607 143.890664242343 137.299985219234 149.903228759766 193.117846428738 143.706820827519 123.026979523378 120.090816834043
33.4809439331339 102.164736450196 80.0610656085982 104.418167961315 103.992422955974 81.4817997849922 28.9111373146005 75.3472644636516 54.9358644691017 85.4830133539182 103.760329246454 109.067187322347 134.629901294592 63.3534388764443 89.5710425182323 71.6308331359094 66.9383970918617 104.906911805005 83.8766033642227 112.330124334308 27.5863631690063 52.293468333368 52.6340897375927 65.2906447027179 144.226645905001 97.915317814885 100.492799524816 36.0265215821394 33.7456718175207 0 167.564880371094 123.078799284033 46.8025807158219 34.6129895861444 121.265917222234 61.6367077731488 65.566186926978 59.2321616417507 62.9586458358347 72.2730256287622 77.8543620547847 151.418236867604 95.1867097651331 131.597550179024 138.526382446289 0 118.299787688098 0 0 122.236073995669 127.524774938032 137.105013191291 149.135697438312 0 157.890724084846 119.626531500798 143.209522589014 73.5662413533171 161.109711144279 177.569793701172 142.932232519859 174.824300878995 144.305819920822 137.892776489258 112.059415350509 162.700536631545 197.110357373679 185.018583921571 124.884393431472 121.568326285894 74.6500201609188 126.151777784574 105.528329979932 0 155.894896208583 135.758991410693 115.973614940977 123.381678023431 120.482414262133 0 169.979034423828 121.918685319899 103.728201808743 154.095692685686
121.082359313965 64.4419033425217 102.421941459759 0 0 142.069630156824 0 114.895270196905 135.099031099671 175.350342464932 41.5207007445303 169.790118918094 10.8850888971137 109.543070121491 0 149.813866175366 102.569856217027 54.4782837465842 65.9674320665494 0 123.36017866675 105.462198490747 128.878522967426 158.157896759508 41.9795564114 22.635758938574 17.9478096040758 161.434439069851 108.842973925989 167.564880371094 0 120.112198042707 0 67.5736264837372 172.460501363458 95.7509215794525 57.8909025919121 63.7328733426698 78.2716889780507 124.570840363235 0 58.5174337438481 0 0 0 0 0 0 70.1269912719727 0 87.6016119227636 0 0 0 0 0 0 120.635604858398 0 88.3947005964 0 76.3764845359071 0 0 0 130.21828478555 98.8781176499586 105.91650172391 0 0 138.95361328125 0 198.805450439453 58.6901221907295 98.9439155183625 102.474084220827 227.6953125 0 0 96.9723436929003 0 0 111.859235104036 0
71.0479505777498 118.177438368819 143.998662514215 140.123643262208 10.5128205172452 25.7973558699319 110.093503544311 28.2325070204781 98.7768277915052 116.594194212781 64.6042694105832 104.919640560625 83.3438701777027 27.887583505088 41.5246640839964 0 93.4538095988114 90.4053659678228 77.8226154566522 112.243985416298 147.105055242083 135.460835959726 152.079757933199 120.174936554669 80.2129819080849 93.902097357873 111.306588949625 134.346070782099 16.8272647228285 123.078799284033 120.112198042707 0 73.8744049072266 23.609708543178 107.743117710772 76.6177696065327 66.1881691335479 41.5600472644173 47.3820196504895 36.0562966788179 13.7186782213869 55.247093151832 52.5113525390625 0 83.5349884033203 0 169.300567626953 76.1832504272461 0 0 94.4392166137695 0 0 0 0 184.464319794591 0 104.268920898438 0 0 0 118.331825256348 0 0 0 0 0 0 0 0 0 0 163.658343200975 0 165.321645478941 146.265274047852 178.824563070462 0 0 0 0 0 153.537514880236 106.644920349121
