0 134.388302275388 97.4995577665695 87.3058368104901 83.1074935118879 74.0268019713506 32.4765173360556 42.6041071806128 70.3651601319509 71.0879650369604 104.28317137666 93.7361551278405 73.2741877309079 17.4864893866759 88.1484545329863 105.436148030013 102.105105246597 141.844428415197 123.873721326892 85.0104753042597 83.441161859152 88.0066966941384 90.6831962809197 80.9409913083798 167.030181884766 123.26225165179 127.639163332747 82.042817490621 20.514230423853 31.0071889407993 0 83.8285102535318 35.9997282564144 59.7133502444902 127.986788692608 67.5453312946512 85.8463765514713 63.6356021282999 78.1465783072432 58.0166757302775 62.0956703481243 97.5086988787635 143.606929144359 0 139.392993936943 157.285296782412 185.445124656838 155.595811974841 0 143.634668119647 176.097854614258 162.637236601094 170.262420847116 0 159.883174971765 136.211514092145 154.112398568262 87.4578636300848 180.280115700746 200.545150756836 156.285934448242 0 173.676721278048 0 152.367191535923 170.071502685547 207.032806396484 233.7885239005 0 127.261153705942 90.4083834168144 157.817815536492 119.468387832435 0 206.410024727 167.071316738888 127.765423361243 156.72794364195 145.71809908751 0 204.776138305664 129.409301757812 154.62485002643 166.249848905159
134.388302275388 0 45.2605513878667 186.912846557232 155.324279785156 162.391170591766 122.936625560745 150.015135364441 74.4949286521763 162.33587672041 58.2187608281985 122.543791725726 49.1159049648974 139.553668531418 120.31788877578 71.2911309417893 52.4757732345665 70.7200100782301 60.8087946659068 118.665802080697 90.5129207987663 31.1900088473074 66.9732875352984 80.412122840812 25.6801370128051 48.95788259041 34.0838455716872 110.379445192009 119.450990169477 106.661807776972 71.4361575559162 104.266236658132 100.469355679729 55.5679337438337 149.417237968015 71.7106807644719 43.1169538730231 55.7964638821697 59.8153106485193 80.5678363298112 0 45.2690491653332 100.817595763399 60.1306535309133 94.3387253117554 79.0247687559042 0 0 62.1698962405175 133.130462646484 26.04988229871 72.0065656473318 0 0 0 147.107636936386 0 81.8799351674129 176.44909548876 78.1871113303185 0 75.0584987130215 176.021115125762 127.129295349121 163.189880371094 76.8650040898785 93.3740461308719 74.5195401684934 159.101420680577 136.860002842257 70.9582359450834 117.276330650146 134.13765735736 43.67142061629 64.5689810627076 59.8264065682219 147.692063853665 146.510216982489 133.529170765775 112.761510322912 0 0 78.2824271524073 150.48519575316
97.4995577665695 45.2605513878667 0 130.844912477565 108.731427023231 136.407149143932 97.1394622406671 127.602081510615 102.008625846924 137.105416818005 73.5044926333779 138.115670608975 88.5807637537814 120.531173098491 143.440769874381 83.4146845171356 44.8428052716598 77.0538282360306 68.7923039495424 144.383290167001 65.9354160710238 59.1922421295486 37.7944462061752 101.536394711759 74.0057007117092 29.2285414844936 38.1397261792878 87.4710688833949 113.714333165153 81.5363538528762 89.2595881234067 155.780975765694 105.435910357187 59.4973861175335 143.826149816263 74.644808982031 46.7828021595388 59.1075529041877 62.7989937933331 83.0735699070688 101.948314118563 78.474624011373 127.628757298478 95.851566710669 107.724732794946 111.554022972214 147.069824617799 131.488088853325 105.250965458339 163.12257087371 66.1726556305188 95.2863594408172 207.95006284858 146.273056030273 197.349752368627 164.478013012994 202.084606493179 128.961274898115 188.925637323108 130.592799200929 142.249984741211 129.016654045493 183.630460785292 0 131.857754690513 105.492934357436 126.709241728976 113.636636131121 202.770658604087 138.707863134619 84.8145379368192 118.925318830575 141.478600427036 98.7750956878825 103.31006631855 94.7746905714968 157.082249046136 182.191193347699 151.110662527789 166.174817838959 0 149.860249577118 109.672035191778 168.069463732055
87.3058368104901 186.912846557232 130.844912477565 0 109.067160978228 74.2703573367207 54.4790682674726 102.413291014582 51.4036829892238 21.5029464636714 161.158440167416 50.3978956460572 126.156723022461 106.817231571248 69.0515935766632 92.3332743591369 142.770945496672 0 0 13.911509636214 98.2520886973082 89.4511870497566 125.690767763982 25.4219555899897 0 162.854362815355 118.080270806385 21.588651748102 103.280803287195 88.5635391270653 0 135.816939802868 94.8346032496762 103.67356512877 129.048189827994 100.769601169269 91.0599912108356 103.710990825094 104.461969039868 74.3408419703707 111.422402305951 0 162.070725886834 0 174.16333323485 113.250770568848 104.260631449109 165.31082095314 0 150.964371381426 169.665848178417 160.609985351562 45.9468573470411 0 132.223196125444 126.119924969479 145.808807946264 78.7787642205724 125.648436067183 0 63.2958996106852 0 158.833188769742 108.857533452894 160.499551547139 0 211.579330444336 0 66.5210570167296 166.73242048652 122.757426975744 155.151376689446 102.827985818527 0 207.089706420898 171.959583372748 115.818092025531 164.270718459098 149.02848187621 0 0 0 175.047119387906 190.568374717444
83.1074935118879 155.324279785156 108.731427023231 109.067160978228 0 23.4001621161503 114.285590919329 23.475826855657 57.0427660162731 123.297374308972 62.8543703880021 62.127980713872 52.1440852248525 38.5156784052474 17.3044342124384 0 187.369110107422 0 0 107.836314709961 130.66732087973 0 119.866523742676 92.7031932912079 0 148.162451713528 165.084980860885 136.426531124842 28.1769900746923 114.377145184444 0 10.7052972337262 143.07861328125 14.6918102056851 57.9197856864929 67.5589083273468 72.431510925293 36.7176206864496 39.7250281905204 11.4890623488905 9.33868196751565 59.6110408451444 0 67.8391647338867 83.3845443725586 45.3519325256348 79.0883712768555 0 0 0 0 0 131.708611121229 0 0 178.973831176758 0 0 136.953048706055 0 104.447231063548 0 0 32.3908195495605 0 0 0 0 121.390827669474 0 0 213.302688598633 153.550994873047 0 0 0 0 204.826553344727 154.571166992188 0 0 0 194.143341064453 83.288964678376
74.0268019713506 162.391170591766 136.407149143932 74.2703573367207 23.4001621161503 0 56.9087631174881 19.4844248938888 58.2796753995011 22.3071895408767 83.6698076601256 27.6635092319046 94.7660047838419 46.7833865677165 25.349990786761 124.657818606986 143.533123101477 155.460837571641 151.015477754257 55.8718690922115 121.761666699495 114.696561997443 129.508911674316 81.6165853060528 187.878332242989 145.169567678157 156.521281514263 78.3465750043894 62.3704206345766 90.0669002585173 0 16.6465465485565 117.62004403197 42.7438470499289 14.7865737968319 93.4256713623981 98.8265536119949 66.7374192842407 68.4147144173858 18.0652576609851 25.193574865197 53.9412708143049 183.517573229467 0 186.676790367211 163.367887580518 109.226964400139 185.30989074707 0 153.297637453553 196.663311569578 199.833351719078 134.632691220841 124.489532470703 146.749577910677 140.55637186479 156.064881349404 98.4611577032703 139.137928815594 235.577728271484 115.520312230738 220.20539855957 179.087007586329 105.311579236817 153.841871625505 219.138778686523 0 0 131.969079996501 177.648132243472 164.437023610105 196.208805232208 124.991352911738 0 194.782272338867 201.232518223166 131.322743123825 181.764046053075 155.602785027689 0 0 152.117386391444 173.792995195423 189.461499604216
32.4765173360556 122.936625560745 97.1394622406671 54.4790682674726 114.285590919329 56.9087631174881 0 56.9250059730029 58.4703719520032 26.510134315233 139.2204825357 62.4678192739682 121.558838810418 44.9705562786007 82.5115965303651 95.3456008838495 109.843074321435 154.207768737678 134.650495243868 40.4322877096737 77.3553655895453 84.3639194793064 84.6411470959991 56.7000638499245 140.90066471717 125.843194842688 114.603545133991 39.949085943022 63.9986787976568 23.3065717588993 0 130.313158077202 73.0934065104292 84.2974926825407 113.232095546709 84.6841514048494 97.7427331771628 85.2252864087542 94.4580117189895 85.5387059918981 93.9907928113711 137.889647822474 144.036665536036 142.274380234371 143.580799047597 148.795969469616 129.327584651421 153.916324647441 0 134.185077236707 162.988557297809 164.138623640212 126.733149341168 0 142.519305289001 122.229507604044 142.093474765996 77.1837171458275 131.051108907065 221.748672485352 124.018510563975 195.760787963867 156.754729074377 129.922055584513 140.049145434826 171.399222447445 199.710678100586 193.54129430081 130.33127794671 143.752633318294 116.628952962547 158.73289342699 106.680677928303 0 189.80074615312 163.625426910882 114.848465917819 146.664813649582 136.966868468804 200.911392211914 176.484411823109 135.996524861462 140.895120309751 182.246943934319
42.6041071806128 150.015135364441 127.602081510615 102.413291014582 23.475826855657 19.4844248938888 56.9250059730029 0 82.0435522615227 49.6679125220859 78.2210105487545 62.4110828828172 70.9101454318255 24.507629841851 39.0698923861221 135.012108972797 130.084338622744 113.481876697389 132.262085277364 84.7035193980682 110.821377248904 114.37423570144 115.840367217719 95.6914450638177 123.151126167829 140.12819130154 147.181234642512 93.3203703000003 42.6514323139269 78.8932362300011 98.1057052612305 21.9097366009147 85.0294310343682 39.5413469350345 72.7954983084728 76.0187517591884 94.3118649946124 57.9918101569978 65.0306031622555 29.6034890225376 26.6362351705587 68.1880647685498 169.150238257173 181.180861810075 182.96395990797 164.466811406935 151.796660947051 176.352090236695 0 152.25162631812 0 174.124985504269 151.778544938098 0 150.817633375005 147.659343015021 165.146378626449 105.654049244739 152.753210330018 186.463562011719 126.658282603364 0 184.555005642375 117.817785568345 160.901716624574 199.440702360643 0 217.125198364258 149.025984475063 158.298254290455 150.168459497652 189.120313892871 133.949709295397 237.738891601562 198.854976770915 195.726326864986 141.208978353331 173.04690772472 157.471942867514 220.02131652832 0 163.644352253432 178.666762848151 175.014100575417
70.3651601319509 74.4949286521763 102.008625846924 51.4036829892238 57.0427660162731 58.2796753995011 58.4703719520032 82.0435522615227 0 71.2750778193445 131.593952567915 30.9656764984287 121.336619008039 85.6531736121225 25.6400064523022 58.2843708499903 122.964513475774 136.944905649339 136.779824751053 52.1236179440813 76.2374539127003 33.6178281839985 90.1578995316735 24.7331971345377 105.191487294956 127.822140949231 99.1705707734871 53.6931167591907 85.3234962713463 62.4000726378857 140.945424955349 127.226772558893 67.4173026144298 81.6509719540845 82.3414659304127 78.5860541816956 99.4721642341319 88.4309228261179 97.1086241895241 24.9749003791471 92.7617723122582 126.730044067457 112.144170719447 87.8160511871376 115.869034661047 120.107621199678 52.8235204678369 131.829680958755 0 99.7842049349793 123.670057443113 129.276572420367 83.7327223903221 0 87.1478525999863 86.0334137492212 107.554617481402 23.5319783738541 83.1530726901183 164.70266857771 60.7702759488806 151.85371590209 113.608663501628 58.5292598616983 96.0709919224675 155.908706582051 177.06201171875 156.864028930664 73.6005441852727 106.50207504921 63.8812542939924 122.065502438415 61.7148258619907 122.532560338314 163.727055632687 145.118673415077 78.9657229896154 104.550306839758 91.8718998775961 179.319259643555 0 110.864508599919 95.6488249751329 95.4179267645167
71.0879650369604 162.33587672041 137.105416818005 21.5029464636714 123.297374308972 22.3071895408767 26.510134315233 49.6679125220859 71.2750778193445 0 144.640540197974 16.3857157237783 125.522263341145 65.9027302900199 83.7997653384953 139.154207421419 160.09802047066 148.500671386719 180.04602728807 19.2066158794209 123.5411022932 119.924645502465 127.278466504931 56.2966765434439 167.768020019731 169.401659438893 146.138234605266 34.7170375486172 96.8374592176291 92.8376180941405 0 126.35652110141 102.161604420136 100.548030586624 20.7781050461024 100.289296857067 125.973600120531 94.4090725770911 105.384963169632 82.8605657400058 99.2694808114375 131.383274196674 166.166258360965 151.575495332829 172.387698762707 172.326679922659 122.806918252861 190.340682047266 0 167.047187117392 194.199101678997 0 99.5170541760123 142.241500854492 145.747617169541 136.542967988299 159.054719812785 93.956764803696 142.280074769403 0 123.103460608361 239.972686767578 173.598558794999 120.931315074805 186.447229450421 191.971130371094 0 0 135.848498853821 198.394123324569 156.929590321481 212.189681901784 118.340909058977 0 206.279207718298 190.246717673838 130.638360578738 176.564762902691 163.162505543393 0 0 185.641525897941 177.76725218984 196.507890251243
104.28317137666 58.2187608281985 73.5044926333779 161.158440167416 62.8543703880021 83.6698076601256 139.2204825357 78.2210105487545 131.593952567915 144.640540197974 0 132.351568420442 18.0739580614944 71.4718726567179 120.125109174656 119.287993446253 41.4289638178413 23.7182037046655 22.3018618649501 154.521236077767 97.3471086202497 95.1720047202741 82.6693380572983 143.672889305547 30.1909642161726 24.988705034417 52.8074792554757 133.192568076082 64.8154081275724 104.043111370449 22.6321845019319 62.6391537088911 112.258741623364 21.8076995213928 165.758267284418 71.4339354539114 25.4911146097374 23.6853820517228 41.3488029904167 71.2808334962847 62.1831853377076 19.2882282411506 155.091812749049 62.5617058348221 106.576405804375 117.799272083457 206.59852929997 0 46.9909722656897 0 71.04778204586 138.490867068593 0 0 0 218.627118551773 0 149.82179074244 227.416610717773 71.9009276336313 0 66.3017011095259 209.751393259181 0 143.544403076172 137.765890841766 88.0174339447574 104.516418505304 0 158.278697572924 125.536477715254 168.073264034529 188.14561299754 55.3585276588434 92.0147647714321 98.3276471655028 193.19101382197 0 0 96.6593767556461 0 221.029251098633 90.2243263523632 126.912041846703
93.7361551278405 122.543791725726 138.115670608975 50.3978956460572 62.127980713872 27.6635092319046 62.4678192739682 62.4110828828172 30.9656764984287 16.3857157237783 132.351568420442 0 140.918012823141 86.9874770143428 22.9132949342081 129.744013955422 145.725109822892 199.939254760742 146.946655273438 14.2969332523017 155.526332085968 91.8895662180848 150.758134987408 42.8030795653026 148.719364331974 172.592273872336 146.685205928388 65.5644943619018 100.156167039163 113.22935726195 0 110.801365155666 120.704179823857 91.6371966964452 12.4786607147831 100.617672854974 185.827194298213 94.9339472559896 104.36441916723 27.5471195431735 89.3022436736112 153.699935913086 170.897568928523 0 170.437630360227 160.696624755859 83.9460639185877 173.153762817383 0 164.281585693359 158.864984530004 0 115.627813174067 143.417621234614 133.47935358822 127.238901539141 147.784097676612 72.2040414016362 124.823681131922 0 62.131834191027 0 174.486272279828 97.2066000815555 167.749194755908 0 0 0 107.656089653341 141.905227661133 134.433933521512 171.899144662939 110.069352780727 207.784033803803 217.577133178711 171.473570575373 121.356874765302 183.395837810699 178.05211700159 0 0 0 202.480634776246 187.064896188545
73.2741877309079 49.1159049648974 88.5807637537814 126.156723022461 52.1440852248525 94.7660047838419 121.558838810418 70.9101454318255 121.336619008039 125.522263341145 18.0739580614944 140.918012823141 0 68.852450580541 172.051082262352 123.345657104468 81.4491383957972 48.6888584780225 57.8738422583577 116.532880122259 122.579031953892 87.6102552372543 126.737552468542 130.438324298425 18.3903488803222 22.6294348518761 25.7058403688006 140.4532368886 62.0733065104246 101.506610200004 11.2099455418214 67.6485491701587 55.0149885619903 20.3758550171094 83.894553993619 26.3241634632094 22.0998632594139 24.8708364470214 17.3945779293048 46.1085449313003 15.0095370692923 12.6832091005994 43.494711031699 45.6903851381583 59.8179444971201 31.875409274848 0 35.2006335730696 36.5652016314583 0 79.5048090293148 135.570198888765 0 0 191.829384720733 140.704165646069 66.9453108551059 122.706443786621 219.917999267578 63.7781894330026 184.509654418936 59.0639904381488 139.649339669429 191.557739257812 0 110.642076214903 88.0437714205476 94.466440236982 0 211.182403564453 103.567957604584 167.506022200913 182.32207371111 51.4224590031948 86.4521849834041 95.886989846358 163.832308148462 111.33027256807 190.087992850748 91.525067972575 117.058197021484 0 28.2787747356 106.173484837605
17.4864893866759 139.553668531418 120.531173098491 106.817231571248 38.5156784052474 46.7833865677165 44.9705562786007 24.507629841851 85.6531736121225 65.9027302900199 71.4718726567179 86.9874770143428 68.852450580541 0 51.0469812225813 126.198941953456 120.631283640627 110.178856685204 120.924454829085 93.8544298731962 103.700132639068 106.641697533804 110.517624103683 97.9713724053533 154.816091636438 134.582948814387 139.545934184788 98.7332130212738 30.4628172478961 70.8737768019442 117.229741429966 31.7376300471002 62.4086612310807 43.0770991785254 111.258977522748 67.5955801118504 97.8412747604383 51.7993897622749 72.3270663629498 39.9772589915168 37.1001270093899 69.9258199670509 170.384660673799 172.433798412035 171.154557184345 171.875252808946 143.490273661252 161.681168494386 0 159.028503084022 0 176.074820733856 150.110834868926 0 166.398822804242 152.397533204763 173.204737716317 104.589757158254 171.241764358082 0 172.201506118934 194.821690911062 181.011799665094 137.354461669922 161.124505535571 223.616374746438 219.82292175293 181.007205319474 178.067053100231 162.470854370422 139.977497804216 169.12024015514 136.899669653628 0 191.759746437505 183.362160913462 143.454872716801 173.896774727617 160.014294060448 0 227.338760375977 168.669539768135 169.098501587587 190.782505771926
88.1484545329863 120.31788877578 143.440769874381 69.0515935766632 17.3044342124384 25.349990786761 82.5115965303651 39.0698923861221 25.6400064523022 83.7997653384953 120.125109174656 22.9132949342081 172.051082262352 51.0469812225813 0 110.575729207478 177.469269764625 0 0 72.2885350208175 106.325878300709 83.3493393797638 136.207480097386 52.540079970961 152.419575554069 166.66387772301 141.608704500391 85.5694318489083 78.7718219857074 102.17038830097 0 50.3245681617289 94.3993700716611 57.959427880965 49.318231216109 77.7414715422699 63.015869864787 84.6172824006071 51.6400127918789 10.495874707616 24.219904900032 0 126.413077068698 0 87.7531890869141 85.2885429039812 75.2916932123096 0 0 179.304718017578 164.366973876953 0 109.230646364609 0 106.699536725866 122.530266911096 146.665673790814 57.8590664821936 112.586134459384 0 85.6069740142285 0 180.391548642817 77.8624013701497 213.054580688477 0 208.61589050293 157.735000610352 96.9117175611687 164.207282798227 124.564206795858 133.283995917234 90.4091903175235 0 0 0 114.943790243182 169.054070476706 0 0 0 179.729904174805 146.080047607422 83.1263471905393
105.436148030013 71.2911309417893 83.4146845171356 92.3332743591369 0 124.657818606986 95.3456008838495 135.012108972797 58.2843708499903 139.154207421419 119.287993446253 129.744013955422 123.345657104468 126.198941953456 110.575729207478 0 102.095699158362 134.03069114429 112.426689496476 133.284797602264 20.8370613456102 33.5536563097409 18.8974710248358 40.160361701501 102.897770870678 110.272384138721 34.1981145268639 34.6962285449058 98.5910582448006 75.4481362619199 132.851303100586 182.27353399922 80.6814791420144 69.5468833706231 147.396091666215 75.588544464966 57.3218460236719 76.8198470880903 76.5353107457627 85.1996301904229 90.272729631459 152.399566650391 114.317853212391 92.554227298912 115.01581103684 114.599503581248 132.363409123304 176.457000732422 0 126.126331543466 92.8194118841161 112.866218806172 124.122604370117 0 159.371148945767 136.789685763065 153.76246886356 88.1596849474347 151.667774870079 160.757949829102 136.007125854492 162.853942871094 139.692669940446 140.339920043945 98.4397646560699 133.259330421176 0 164.050581046681 0 107.636227300012 53.9033863773848 102.477278031314 109.123201130909 168.240982055664 140.133837254038 107.71003558247 118.261693875661 122.086708884897 113.305953379167 212.107913492541 0 130.921202488327 107.43304905997 174.190012905294
102.105105246597 52.4757732345665 44.8428052716598 142.770945496672 187.369110107422 143.533123101477 109.843074321435 130.084338622744 122.964513475774 160.09802047066 41.4289638178413 145.725109822892 81.4491383957972 120.631283640627 177.469269764625 102.095699158362 0 44.9441058522884 18.1461851716275 173.405369451938 56.9403762671669 81.321370643334 26.1721383977671 127.273184896869 62.0004408262951 38.6982649283931 65.9470897671053 104.175886770195 99.2489108221258 73.5628183824291 86.4422824277083 97.0780579675209 93.1467322298635 36.081564836135 153.84902877086 85.6402007484679 53.9251963408962 47.9964346029596 64.5548208113536 100.436392062716 117.977036370398 56.0526929153988 145.551288115042 103.31895558471 119.747277250088 138.203775936771 0 0 106.338354476137 157.707891246526 72.231511881421 113.974078986741 0 0 219.869560532328 184.848857686249 195.424240700224 164.79107262168 214.749267578125 124.23640303977 0 113.502504293505 193.612701446326 0 143.436502328696 120.88077877658 117.03825507909 108.057604737137 0 154.730564407576 105.08260194233 138.82538942984 168.882556798761 96.6494081558196 105.275283954316 103.917610657376 168.399418955775 197.092061444367 158.42333127089 124.905346388722 0 164.172058829604 124.217803605572 172.845246816648
141.844428415197 70.7200100782301 77.0538282360306 0 0 155.460837571641 154.207768737678 113.481876697389 136.944905649339 148.500671386719 23.7182037046655 199.939254760742 48.6888584780225 110.178856685204 0 134.03069114429 44.9441058522884 0 14.558416417386 0 112.771473728933 104.865820732082 85.1637163861812 142.66675166542 43.6488910146312 26.8367168695213 64.7109325895495 139.619741239833 121.637272598825 116.395585980839 51.0358993300587 92.9464730142726 222.863586425781 55.8487213424848 199.39453125 98.1328739612892 48.1547067937618 53.1688905394626 66.1600994781953 102.85957727899 173.699966430664 50.1754474885327 147.221049803638 76.6865610162844 120.922551277857 140.433410644531 0 0 73.4101117667097 0 95.5896892986458 0 0 0 0 178.576202392578 0 0 0 82.9990817639772 0 78.350271993671 249.747528076172 0 197.538238525391 151.810250820162 96.9012415443597 120.032776446189 0 183.275833129883 140.20343374973 142.640068358657 200.206298905699 66.9189115514154 101.557612824734 104.355240535207 226.285616884271 239.653900146484 214.939651489258 100.997747489646 0 0 117.11115364503 179.196444532818
123.873721326892 60.8087946659068 68.7923039495424 0 0 151.015477754257 134.650495243868 132.262085277364 136.779824751053 180.04602728807 22.3018618649501 146.946655273438 57.8738422583577 120.924454829085 0 112.426689496476 18.1461851716275 14.558416417386 0 152.014053344727 88.1529041536765 98.3440132881495 63.7351055078435 135.697750806495 43.8353784980003 31.3470331578827 65.6865975254306 128.22799047959 111.141777792425 96.8125071087112 59.9100154184116 66.7633029106172 103.242811615703 45.547268739132 139.954996829031 83.6930726987292 51.6319136645981 50.1729017253947 64.4171453226525 106.19934482634 0 63.4662481554823 148.587090324635 96.3799436280666 112.2882023881 0 164.437530517578 0 71.9236373901367 0 75.7917338861841 127.947719665575 0 0 0 223.717742919922 0 140.011051563633 0 95.64783221442 0 80.4642919178935 162.178863525391 0 165.675143392598 132.391162123546 98.1096796428212 103.452312482092 0 166.095413208008 102.762672109377 157.841802013933 203.138346682126 69.4210318791674 101.086094762595 101.507557904434 216.788787841797 190.892236451313 183.435439937583 97.4781692788454 0 0 118.748963464725 139.09591182209
85.0104753042597 118.665802080697 144.383290167001 13.911509636214 107.836314709961 55.8718690922115 40.4322877096737 84.7035193980682 52.1236179440813 19.2066158794209 154.521236077767 14.2969332523017 116.532880122259 93.8544298731962 72.2885350208175 133.284797602264 173.405369451938 0 152.014053344727 0 126.699484083685 89.0257810784517 133.076127292077 25.5048751234358 0 164.764977290893 133.769291319812 38.0410570044988 100.157677610044 104.302702281444 0 128.204107861371 100.927792483027 102.040150573305 35.0660000899502 100.227701027992 120.816055550988 100.248206593791 106.333168945739 69.8695011110931 99.1735669861465 0 174.93976523219 0 155.031171553056 149.068159224818 99.3585528656136 182.868728637695 0 198.850321088465 205.221102396346 0 93.0179243359906 145.49080715103 131.404257247269 122.694367373211 132.249059417137 79.0229173473212 127.362566450852 0 99.0771692668816 205.585266113281 158.614573798112 106.716898903052 155.132601802887 0 0 0 120.979815702193 201.764450073242 128.888822102434 191.521677489622 102.497409499554 209.750026870913 0 210.351621716724 116.240131405371 156.586026714239 152.920120076764 0 0 0 160.812651114366 151.850954980416
83.441161859152 90.5129207987663 65.9354160710238 98.2520886973082 130.66732087973 121.761666699495 77.3553655895453 110.821377248904 76.2374539127003 123.5411022932 97.3471086202497 155.526332085968 122.579031953892 103.700132639068 106.325878300709 20.8370613456102 56.9403762671669 112.771473728933 88.1529041536765 126.699484083685 0 55.6353844378798 34.8710473972227 54.037334468715 119.213021697355 96.3328615728 78.6861142930325 27.3423497294253 82.0855654056395 31.7306604442548 161.223495483398 157.802248364995 73.4067700654647 40.7381588850299 138.326332954449 73.2863584767711 63.3753246069763 62.1802844887616 73.3753869626493 82.337811397912 91.2511445275397 110.406315294525 121.735986927418 103.020135730493 126.919863414374 128.984625392031 140.317940116024 150.282227652597 0 137.887380810631 146.560671313961 131.167645739463 160.093985846543 0 163.009984577901 141.787692105686 165.959959585025 97.9905267372131 159.922979096869 182.499787506654 133.044332938238 189.661590576172 151.820064145632 179.086959838867 109.334773595721 147.234872026724 0 172.838044419737 0 116.265689133252 75.3220236686869 118.320421068549 116.906848142874 109.131210327148 167.504135152216 129.711000423167 122.19812149895 134.879378369647 118.770367592811 0 0 125.156556896156 117.217695064542 171.473465549964
88.0066966941384 31.1900088473074 59.1922421295486 89.4511870497566 0 114.696561997443 84.3639194793064 114.37423570144 33.6178281839985 119.924645502465 95.1720047202741 91.8895662180848 87.6102552372543 106.641697533804 83.3493393797638 33.5536563097409 81.321370643334 104.865820732082 98.3440132881495 89.0257810784517 55.6353844378798 0 50.9431463168302 32.3491876851526 68.4988113737415 89.4378976486488 44.3646885775972 55.4488203525847 85.2980844564805 60.7560433872499 101.645951014955 145.912704467773 66.4623138170428 58.2617357250317 133.900551896911 63.8699220681805 46.1768862148744 64.6678729467748 63.4937288819187 74.135110458029 84.5907498532799 99.6874836890041 90.4876285082328 59.7778019329976 81.3569521007574 91.3715904103046 104.070726550347 123.459694871892 175.958267211914 97.9856683224663 82.2591189979442 71.40666730273 149.888790282497 0 147.242201807283 113.347313703232 135.066628721356 58.9791421533018 136.907170409999 120.614259096556 132.541381835938 118.772456981233 124.310091059551 136.247261143985 63.4999509953643 75.4720361496321 147.98163764627 128.88043647409 157.772225213556 83.4518131198852 21.3794317878213 73.875143490564 86.7492876965089 97.8879063354199 101.969413692195 63.7536314821131 98.098327182383 116.517327321912 91.9495933115179 130.662183740104 0 74.3653361502562 77.0842021346174 158.522244879686
90.6831962809197 66.9732875352984 37.7944462061752 125.690767763982 119.866523742676 129.508911674316 84.6411470959991 115.840367217719 90.1578995316735 127.278466504931 82.6693380572983 150.758134987408 126.737552468542 110.517624103683 136.207480097386 18.8974710248358 26.1721383977671 85.1637163861812 63.7351055078435 133.076127292077 34.8710473972227 50.9431463168302 0 72.6237629125703 100.37527807113 68.4346461534742 41.9211475091572 55.6052987759352 95.2797335933924 58.2666370943752 108.247202772167 156.480986092661 82.1781428442262 45.4623076639379 143.907359140512 74.3957608394368 50.1912311668167 59.0779192423715 67.1677969593645 82.8450372291729 91.2984661676391 104.310725572814 121.433470046989 102.060739523855 112.880081909508 115.836728865144 135.542010824579 154.916326931723 105.576988220215 152.049759486286 98.5280206959061 102.473684660516 164.117002949341 0 187.242385727259 150.7281071559 177.257252114946 107.318918347571 166.428307805838 146.852370358616 156.848438778387 157.156536100059 171.805000210746 0 102.553548995518 119.301236723068 167.418014562727 139.519930209312 170.418878702834 121.996908318867 69.0117531421611 109.725877986792 124.139268506342 113.084554311188 131.320242864011 100.256731077787 136.549110811736 155.232780920573 134.652927797172 188.973793927994 0 140.652664701414 117.191720542387 171.719249589034
80.9409913083798 80.412122840812 101.536394711759 25.4219555899897 92.7031932912079 81.6165853060528 56.7000638499245 95.6914450638177 24.7331971345377 56.2966765434439 143.672889305547 42.8030795653026 130.438324298425 97.9713724053533 52.540079970961 40.160361701501 127.273184896869 142.66675166542 135.697750806495 25.5048751234358 54.037334468715 32.3491876851526 72.6237629125703 0 110.884918703691 126.78601969997 82.9173556004735 22.6176792652664 92.6349080644525 71.3077550060888 147.243781173624 144.46756976186 75.633835229938 81.5168787769019 145.493585386558 83.4404920225221 78.5601973104745 89.6130936298459 88.6885713825028 65.2397086289501 97.8597476882857 148.532321307674 121.268827095706 122.213598748992 127.115979886338 123.570859077845 109.764477737432 142.829425464425 0 118.390401924336 147.368897996484 146.914237153975 100.024125327345 0 117.978692903126 106.802908632781 132.725802293039 56.7395963492514 109.005993282699 167.055200478507 92.9377967260179 181.661555864279 138.569139325242 94.2016647215803 113.943232168549 148.345128499547 213.195861816406 179.457260130532 100.613671160599 109.89991004393 69.9755421267352 121.363520757105 90.5741054779468 196.141868518316 178.047318773182 137.17384052623 98.7972031224247 131.025694138875 112.091243937071 0 184.170724059815 118.033881134851 122.580698038319 181.931981591695
167.030181884766 25.6801370128051 74.0057007117092 0 0 187.878332242989 140.90066471717 123.151126167829 105.191487294956 167.768020019731 30.1909642161726 148.719364331974 18.3903488803222 154.816091636438 152.419575554069 102.897770870678 62.0004408262951 43.6488910146312 43.8353784980003 0 119.213021697355 68.4988113737415 100.37527807113 110.884918703691 0 40.4702095620463 33.8901794111616 129.620278970338 100.025051735457 133.800220032346 42.6775155851037 0 134.197769165039 59.4824366615928 178.401454231164 93.7718878499625 22.0264688949214 44.8454952254099 65.0977547976714 144.459269178864 145.647308349609 16.8536026417394 106.152634277622 44.5674464923911 65.8178906129398 78.8281179353441 112.828750610352 0 29.4839666659728 0 48.1090599564086 111.396843661311 0 0 0 149.411392211914 196.582336425781 122.598528223135 191.201167560243 51.1103857787525 0 46.4239134772182 107.252312222254 0 135.830032348633 84.0932892671205 65.3733590670689 75.877471402436 0 115.867980004555 70.2558174354204 128.187628796772 168.477165098564 33.4838535151039 65.5688468886225 66.3686506521843 169.794274733693 0 126.950782775879 70.8756617008524 0 0 77.7267058792096 164.484100341797
123.26225165179 48.95788259041 29.2285414844936 162.854362815355 148.162451713528 145.169567678157 125.843194842688 140.12819130154 127.822140949231 169.401659438893 24.988705034417 172.592273872336 22.6294348518761 134.582948814387 166.66387772301 110.272384138721 38.6982649283931 26.8367168695213 31.3470331578827 164.764977290893 96.3328615728 89.4378976486488 68.4346461534742 126.78601969997 40.4702095620463 0 28.5706754069554 119.9401380018 118.369351979389 105.34439058088 17.3287733126279 120.740285577048 112.435928004178 56.8117613579281 146.206604524357 81.8102804127446 50.8713433085837 58.3848385103289 68.120324942558 92.6450600982029 95.6729767783826 60.7913954572297 132.824791679042 92.2731976600234 106.233833991251 121.3501055874 148.647784495109 116.261673840831 83.0231902845927 180.344702645469 66.3621840648443 115.381021800203 214.643783569336 199.902420043945 187.128997802734 194.376935029815 188.419228648355 142.664119936935 216.183730922017 88.5673122676168 204.830535888672 79.9976417517845 203.874256466288 180.724243164062 144.8420380278 116.786324328271 94.1593659348276 101.000318317745 177.444793701172 155.657574715983 109.994651974836 142.257438558215 176.410194677003 63.9828219753941 93.4036305610465 93.8230570940617 188.319065314667 180.570627528178 174.723759170568 102.738235739321 0 145.902893066406 105.902507874625 179.333933895495
127.639163332747 34.0838455716872 38.1397261792878 118.080270806385 165.084980860885 156.521281514263 114.603545133991 147.181234642512 99.1705707734871 146.138234605266 52.8074792554757 146.685205928388 25.7058403688006 139.545934184788 141.608704500391 34.1981145268639 65.9470897671053 64.7109325895495 65.6865975254306 133.769291319812 78.6861142930325 44.3646885775972 41.9211475091572 82.9173556004735 33.8901794111616 28.5706754069554 0 86.4500737220172 125.550591506505 105.100608755605 20.0944195097172 145.707605978563 107.914101198112 68.7517345417062 146.57495026478 80.8074044919265 54.5848370733411 67.0680413338064 71.5920250923543 87.8064279890994 94.093466787582 71.112172763671 122.29182428767 92.4427909768785 104.99832657608 116.674302357438 136.880904753186 131.220627770014 85.932285892485 161.339110476337 62.203421723498 95.3847099005814 180.659013546703 148.655288696289 178.462994116909 157.61594494879 190.843776742547 124.432771988513 181.256006799669 94.4846089313361 157.846437637489 84.4463926108306 175.971271260487 215.777984619141 113.815298810773 104.958094511008 98.1048189637557 104.705099198771 170.551237041524 135.969773745388 66.9195835958403 112.456046146978 148.124464573172 69.8756730835155 96.6552628834453 92.3169494952468 152.575007960221 164.172913405844 143.456215916466 106.821401101227 0 152.24399230695 105.354897816675 165.668271167642
82.042817490621 110.379445192009 87.4710688833949 21.588651748102 136.426531124842 78.3465750043894 39.949085943022 93.3203703000003 53.6931167591907 34.7170375486172 133.192568076082 65.5644943619018 140.4532368886 98.7332130212738 85.5694318489083 34.6962285449058 104.175886770195 139.619741239833 128.22799047959 38.0410570044988 27.3423497294253 55.4488203525847 55.6052987759352 22.6176792652664 129.620278970338 119.9401380018 86.4500737220172 0 90.6502745268675 41.5499984985907 160.210052490234 141.258301308213 73.9509872648159 70.0029437282912 144.548056292746 81.1484559884353 73.9009389862885 82.3084649511115 85.7620656039772 90.2239818171917 98.3699567749804 128.781426451906 125.582228931433 124.744376586014 133.747887302783 132.891358104716 130.789260974192 147.399277991209 0 124.903347455598 142.842296525739 152.205478264009 122.448677798099 196.640256172818 137.52042118413 118.943025644493 142.594163632661 71.7471727949693 129.716301005868 183.530656308135 121.174441547147 197.278952531062 150.34700489602 122.506588196475 112.840766407776 163.786709420957 206.196747037821 185.423368270311 124.220178453678 115.400678393176 79.6816581026162 132.671189359861 101.128878882616 0 182.480171944875 149.099417800832 112.540996045614 139.388575509617 119.628580362322 0 192.796459612156 125.257501123338 127.023145892022 176.378414663455
20.514230423853 119.450990169477 113.714333165153 103.280803287195 28.1769900746923 62.3704206345766 63.9986787976568 42.6514323139269 85.3234962713463 96.8374592176291 64.8154081275724 100.156167039163 62.0733065104246 30.4628172478961 78.7718219857074 98.5910582448006 99.2489108221258 121.637272598825 111.141777792425 100.157677610044 82.0855654056395 85.2980844564805 95.2797335933924 92.6349080644525 100.025051735457 118.369351979389 125.550591506505 90.6502745268675 0 29.6157998558762 111.812029350242 17.3532576244337 18.5481950236822 33.6628871262504 113.049774765257 57.5910330051338 73.669433304549 43.0198999460827 62.7231494372956 49.0191126029254 34.797345454474 72.1318955242837 158.458960791078 135.283006929764 162.444852729912 174.397511392432 163.985442116496 167.938449078408 0 154.474565612767 175.909421053295 167.8064335739 164.325802575125 0 176.371189386133 144.726176299742 174.625876083327 106.624024255828 169.172230383653 0 160.538474112362 184.875315578015 183.402030649635 0 146.292886730944 148.824813842773 0 203.962584028941 157.770719307793 137.004858332132 114.930284528177 156.911839810408 130.277682730787 188.782745361328 176.078925059521 180.971553035137 144.039403348487 170.501384863674 149.186262076971 144.370834350586 0 147.159490440615 157.840921545384 143.069994128504
31.0071889407993 106.661807776972 81.5363538528762 88.5635391270653 114.377145184444 90.0669002585173 23.3065717588993 78.8932362300011 62.4000726378857 92.8376180941405 104.043111370449 113.22935726195 101.506610200004 70.8737768019442 102.17038830097 75.4481362619199 73.5628183824291 116.395585980839 96.8125071087112 104.302702281444 31.7306604442548 60.7560433872499 58.2666370943752 71.3077550060888 133.800220032346 105.34439058088 105.100608755605 41.5499984985907 29.6157998558762 0 156.032377901966 124.052624510847 50.3976232235276 35.0286040758203 131.164924403661 65.0649745348634 70.0214096706605 57.6703719863212 66.825793144018 79.0854212830307 86.3385944698231 62.2303352355957 128.961323651492 113.551453173893 134.477316612245 133.54774321421 134.712508514932 166.590038784991 0 131.628553492254 170.331308244712 142.88206219726 155.826715498558 0 145.02448481371 131.87934031779 156.660355148718 78.5225423627814 168.407332104637 174.901010687785 164.564033595736 204.139373779297 154.447923494584 150.923112644885 112.908630882406 163.613198043218 213.328027157158 158.943383979124 154.355603200798 116.920537857137 76.1447642212624 130.760606698644 110.946530090159 139.847858630305 168.966594729313 147.610543761277 117.31563351788 143.210939811947 120.91329827836 0 187.076041764204 139.677541106005 121.106935143297 172.199643722362
0 71.4361575559162 89.2595881234067 0 0 0 0 98.1057052612305 140.945424955349 0 22.6321845019319 0 11.2099455418214 117.229741429966 0 132.851303100586 86.4422824277083 51.0358993300587 59.9100154184116 0 161.223495483398 101.645951014955 108.247202772167 147.243781173624 42.6775155851037 17.3287733126279 20.0944195097172 160.210052490234 111.812029350242 156.032377901966 0 105.918746948242 0 70.6233123845301 0 107.507217902867 51.8342422848686 63.2703084732733 69.2108661483132 0 158.601837158203 59.7838846285416 139.383422851562 72.1626447779755 89.075401707597 0 0 0 68.9750368214712 0 80.9245681762695 0 0 169.281463623047 0 0 0 0 0 85.7720943983524 0 77.3811320310965 222.963394165039 0 0 136.715240478516 93.3434391096582 124.38042448618 0 0 0 0 0 73.6349122971233 105.729346319811 106.091115640331 0 0 0 102.932208436593 0 0 124.684810770588 0
83.8285102535318 104.266236658132 155.780975765694 135.816939802868 10.7052972337262 16.6465465485565 130.313158077202 21.9097366009147 127.226772558893 126.35652110141 62.6391537088911 110.801365155666 67.6485491701587 31.7376300471002 50.3245681617289 182.27353399922 97.0780579675209 92.9464730142726 66.7633029106172 128.204107861371 157.802248364995 145.912704467773 156.480986092661 144.46756976186 0 120.740285577048 145.707605978563 141.258301308213 17.3532576244337 124.052624510847 105.918746948242 0 72.1953545183701 19.9657839200692 122.826258602293 76.0036493558392 87.7671996295846 42.6030974845525 47.1689150798362 40.1404803797338 19.778964997139 59.6416345694385 202.444004996448 0 0 240.546768188477 0 0 0 0 0 0 182.814422607422 0 0 188.726034417742 215.259112962881 166.857391357422 0 0 0 0 0 0 0 0 0 0 0 0 209.13655926317 0 178.944278056648 0 0 191.189636230469 193.818702104219 0 0 0 0 0 156.759841918945 0
