0 8.41188076138496 200.292841941118 41.6492659151554 14.279873251915 240.972661018372 5641.94611629844 1531.31088927388 237.110411196947 723.805488109589 111.802534759045 29.8727241158485 38.861318975687 14671.0319249928 14.1382015347481 33.6194041967392 85.1752635240555 15.3764958977699 31.3897376656532 25.9433319568634 335.617492794991 86.7662887275219 637.291916638613 544.233201980591 6.5163631439209 125.47258746624 168.886455774307 877.640640050173 13623.5268489122 8161.87749883533 1.4455543756485 54.2259612679482 498.00895935297 1171.56464374065 33.914035320282 955.718775480986 55.2397952973843 561.481733232737 112.993611723185 355.825709760189 202.531181812286 12.7252269983292 15.9451386928558 0 19.1267614066601 14.6209168434143 3.02381354570389 0.739725589752197 0 8.38162961602211 2.08255219459534 4.35900342464447 3.13483715057373 0 1.47515141963959 82.0395113229752 5.10064017772675 38.1407014727592 7.45766112208366 1.54173105955124 2.45532524585724 0 11.6352348327637 0.697248935699463 12.9802343845367 2.32753360271454 0 0 2.41619235277176 13.9832864105701 7.16554343700409 7.43155381083488 115.658021807671 0.392658650875092 3.36194270849228 13.9233792424202 142.853057295084 18.1361179947853 32.3892467916012 0 0 1.82839280366898 14.5490307807922 11.1595327556133
8.41188076138496 0 1477.63006290793 4.19267332553864 1.68094098567963 3.17239567637444 68.0367001593113 12.2434451878071 663.794313967228 8.46030059456825 251.244850277901 21.8066458702087 1903.52285349369 25.2190825045109 21.3196182847023 207.032838344574 606.10024496913 70.0021724551916 254.87196174264 1.28948023915291 114.31998026371 2418.73288941383 899.911803662777 702.806955635548 2931.53722119331 2718.26168680191 12757.8348499835 147.280304938555 43.134154766798 135.015771478415 64.8548569381237 0 5.53364476561546 435.992523431778 14.2350812256336 749.85274836421 453.993918046355 567.552378684282 250.726940900087 107.065564364195 7.80678045749664 184.562198206782 11.9268050193787 86.256866812706 80.5879316627979 6.94222891330719 0 0 2.91449612379074 0 199.490026384592 139.636444121599 3.12774634361267 0 0 16.946968972683 0 8.47868591547012 1.93004310131073 7.89032730460167 0 32.3756485879421 5.93815493583679 0 9.51236534118652 64.6377481222153 15.1337440907955 41.2970997095108 0 13.3714213371277 17.6934126019478 81.3905485570431 10.2738538384438 27.106869071722 282.392044335604 654.484717071056 13.1647264063358 2.02773880958557 4.46068865060806 2.51980513334274 0 1.73798990249634 15.4441576898098 5.1847368478775
200.292841941118 1477.63006290793 0 11.2354412376881 0.400626242160797 33.8861987292767 1475.49954909086 247.874770641327 58.5640430152416 54.1363359391689 176.390870302916 4.87634420394897 71.8561004400253 283.638796776533 4.61381709575653 103.012960493565 3286.28802713752 98.4697840511799 684.20177796483 1.61215740442276 2122.35379683971 203.169493943453 18517.4692879319 226.389850318432 84.4564662277699 17506.6994358003 12828.7410572767 1270.53405061364 268.434794485569 1941.13669788837 18.8208043575287 0.389226019382477 26.4649223387241 1888.4349155426 79.466109931469 3146.36047002673 1738.75385737419 2409.71336859465 1226.76346504688 228.123477369547 15.2887925505638 7.46953418850899 60.2639789283276 239.781662672758 225.22174757719 32.6292756199837 4.07468438148499 1.23921060562134 0 3.30590224266052 305.324217110872 934.825365632772 0.968604624271393 0 0 41.5616040825844 2.30462729930878 5.23216146230698 0 4.05243358016014 0 10.2670085430145 5.85082224011421 0 69.9380856752396 201.97823125124 7.20401325821877 65.9541648030281 0.463845610618591 65.5441154539585 132.226753205061 500.536442220211 38.7202171385288 8.99118438363075 564.975677639246 2538.969291538 55.518814265728 6.45826613903046 45.8981406390667 1.45898419618607 0 0.599003195762634 48.1630798280239 36.1901009082794
41.6492659151554 4.19267332553864 11.2354412376881 0 1.99612322449684 236.656395405531 352.275922000408 147.360013902187 1115.16265705228 7555.46444287896 2.13534840941429 3244.58280849457 2.20394313335419 98.8380673527718 51.6253491342068 7.00514596700668 0 0 0 26992.982914865 6.54817840456963 13.752774387598 23.206290602684 2088.41883400083 0 2.61573013663292 14.7000403404236 13853.2972890139 105.800674021244 25.555106908083 0 3.59862253069878 10.0793193280697 67.0007731020451 5.23025783896446 127.534424245358 1.70059233903885 37.1013539433479 5.85453099012375 178.319910466671 13.9858480393887 1.03330314159393 3.60775345563889 0 7.73051714897156 0.866500973701477 86.5520611107349 0.774486541748047 0 2.02811896800995 0 0 98.8477863967419 0 18.6311509609222 193.554478138685 28.1403076350689 94.3984192013741 429.188690572977 1.2096734046936 101.615456879139 1.18116343021393 8.96087381243706 3.60754173994064 1.91868245601654 0.514205634593964 0 0 60.1227296590805 0 2.8631808757782 0.570706784725189 197.339459717274 1.52392959594727 1.18357679247856 0.51589560508728 238.931419998407 5.03529927134514 0.603289902210236 0 0 0.484140455722809 2.95015132427216 2.20701363682747
14.279873251915 1.68094098567963 0.400626242160797 1.99612322449684 0 5034.5159149766 18.8536793291569 870.837473332882 86.2388725876808 31.2534233927727 22.238306760788 65.0329317450523 117.901763260365 590.350545376539 2713.70784282684 1.40217924118042 0 0 0.916747510433197 3.38159072399139 1.35051083564758 2.85659801959991 0.796672642230988 23.3307253420353 0.435659110546112 0.768588066101074 1.12420845031738 10.5112021863461 549.237584918737 8.05924847722054 0 5974.67266148329 1.7742063999176 1224.40675133467 9.69230824708939 21.9378309249878 1.25300812721252 67.8947113156319 7.60033145546913 11792.3237926066 3466.60471969843 0 0.499096482992172 0 1.94929677248001 0 0 0 0 0 0 0 0 0 0.559593260288239 0 0.362728774547577 1.15723729133606 0 0 0 0 0 0 0 0 0 0 0 0 0 0 0.421457499265671 0 0 0 2.09462678432465 0 0 0 0 0 0 1.74352723360062
240.972661018372 3.17239567637444 33.8861987292767 236.656395405531 5034.5159149766 0 2434.44258800149 18135.7019782364 191.172937124968 15774.9737738669 64.8924371302128 5842.54087612033 29.6785482466221 2724.28035742044 5872.2670199275 8.72831737995148 6.49479487538338 0.497949331998825 5.48056253790855 441.305081605911 36.2016326785088 15.1065658032894 77.110870629549 279.443344444036 1.27329516410828 11.6283907741308 32.8483450710773 565.121008872986 838.799350708723 155.832842856646 0 4429.65195500851 17.2841514050961 1453.24815493822 27.292881667614 304.914409279823 12.5265407562256 349.553698152304 47.48605209589 12241.0402393341 1981.64714747667 17.3796600699425 3.31097269058228 0 6.25116893649101 2.67316401004791 8.39336451888084 0 0 0.954963833093643 0 0 11.0854685306549 0 3.74325394630432 66.6530152261257 3.69776976108551 9.83804288506508 26.789647758007 0 10.4128059148788 0.328900635242462 6.61567762494087 0.835442721843719 0.868758201599121 0 0 0 9.30196842551231 1.7110261619091 0.614649653434753 0.697841048240662 74.3445228934288 1.24932241439819 0 1.28318139910698 78.1804364025593 2.47006437182426 5.08650776743889 0 0 0 1.74350422620773 1.50747191905975
5641.94611629844 68.0367001593113 1475.49954909086 352.275922000408 18.8536793291569 2434.44258800149 0 6090.07381102443 2473.94975081086 11966.5666653514 73.1029957234859 399.305959880352 40.4542037546635 8354.4392323494 95.8851464986801 259.768368512392 140.918521523476 9.13607800006866 41.3744591474533 167.004603356123 1793.97394254804 316.606729239225 3163.03929683566 5228.92651322484 15.2263373434544 486.436914175749 897.160886660218 17366.7449050248 3113.81675890088 16020.0540789962 2.73045629262924 45.4553260207176 525.848157227039 1619.50656473637 88.3830627501011 2683.46716961265 155.318005383015 956.324828922749 264.452853053808 720.267264604568 235.340105891228 9.75149953365326 100.406556665897 9.45344442129135 92.1244341135025 20.3365725278854 75.9967029690742 3.99814015626907 0.593617469072342 66.7434147596359 11.2330802083015 15.3153723180294 163.451066255569 0 66.3484017252922 1075.7327029109 135.706611096859 313.564759761095 314.901444226503 2.5713632106781 73.7671120166779 1.20469835400581 158.966841906309 7.42320799827576 36.035441339016 8.65743672847748 0 1.52751612663269 74.5708287656307 54.1612358391285 51.2566875219345 88.1970503926277 1292.45101171732 0.584535658359528 11.6988507509232 63.0091078877449 1537.17618983984 107.965588986874 126.984495937824 0 0 17.5510085821152 69.1953337490559 38.4814719557762
1531.31088927388 12.2434451878071 247.874770641327 147.360013902187 870.837473332882 18135.7019782364 6090.07381102443 0 277.442807555199 5050.34673139453 198.446668535471 1190.91302025318 64.3741305470467 12521.0252812803 468.374574005604 20.0722508430481 79.1088342964649 14.1677658259869 35.6657633185387 193.246082216501 253.136974602938 50.1011217236519 551.375971227884 661.448300272226 7.8207466006279 125.784144252539 129.926540821791 1028.70650783181 1476.49676775932 1674.81154215336 0.718294143676758 2335.65225297213 49.8459736406803 2126.45774754882 32.7165324985981 709.64780652523 59.4452949762344 822.118058055639 93.1577588319778 3588.59348013997 1632.67738285661 26.1614834666252 19.8830994367599 1.36172896623611 12.1734122633934 3.88243669271469 7.08177331089973 0 0 8.62376102805138 2.80835926532745 2.46710950136185 15.3237625360489 0 7.51196783781052 125.339596807957 21.2109061777592 34.7479700446129 27.9241438806057 0 9.39238196611404 1.06900587677956 25.24786272645 2.44052392244339 5.8929717540741 0 0 0 3.87608790397644 14.8214408457279 0.464104264974594 8.39951425790787 177.135113358498 0.701536476612091 3.75854796171188 19.1531925797462 192.609166920185 28.8157351911068 19.9162410795689 0 0 3.2041403055191 9.08386591076851 7.83871775865555
237.110411196947 663.794313967228 58.5640430152416 1115.16265705228 86.2388725876808 191.172937124968 2473.94975081086 277.442807555199 0 1889.21521407366 44.7666740119457 1845.29256862402 271.182220891118 388.830984115601 1425.56037423015 67.9043337702751 18.231678545475 7.00937390327454 11.096814006567 571.996144920588 138.150579541922 3252.57073166966 158.225465983152 13742.1792592704 268.816652610898 157.276810258627 786.594553023577 3823.75564220548 582.117587655783 843.960275620222 5.50333046913147 2.33635833859444 159.08844640851 296.893926620483 11.0570314526558 511.423348814249 45.3899631202221 146.043443232775 41.3287756145 2064.0560939014 31.5309364497662 19.0710359811783 88.0223372280598 0.957584381103516 84.9064994752407 6.57798230648041 49.9149422347546 2.07265716791153 0.285883277654648 55.2457415759563 3.52371081709862 9.28414016962051 103.852348893881 0 22.7432799637318 510.465963840485 58.6852058172226 355.009340316057 193.012738287449 4.21748977899551 43.7480163574219 7.87048384547234 96.9036922156811 7.88619220256805 17.2024513781071 0 0.562223732471466 1.56523358821869 56.5299583077431 42.3255604505539 35.4692828953266 16.4388818740845 872.684186816216 0.945587456226349 2.74854731559753 26.7465549409389 864.9073972404 120.925462603569 126.679476201534 0 0 15.1885268688202 48.7588049471378 9.51546031236649
723.805488109589 8.46030059456825 54.1363359391689 7555.46444287896 31.2534233927727 15774.9737738669 11966.5666653514 5050.34673139453 1889.21521407366 0 70.3909174203873 16145.3657931983 12.8368233144283 3342.77350357175 280.110728681087 25.471654266119 3.75049948692322 5.67364543676376 5.54091858863831 14600.0444546938 73.545207887888 40.03704687953 130.894934087992 1686.08575344086 0 21.8557194173336 62.6446165144444 7114.11404243112 1037.48988351226 170.938805639744 0 50.7846640348434 80.2406997084618 671.748639136553 84.1748133301735 908.240632653236 26.0401881933212 375.369634121656 76.8416224718094 1064.8873065412 236.121684253216 4.01422083377838 14.7781527042389 1.17813646793365 19.0422116518021 1.66267931461334 188.837096422911 2.02776348590851 1.00664818286896 8.24834895133972 3.45002472400665 0.365173816680908 260.81316486001 0.87573504447937 54.2363051176071 668.683594018221 82.7972941696644 211.04224216938 458.448752969503 1.24576079845428 164.228042513132 2.98353055119514 32.6532967984676 24.9719766974449 1.93639603257179 0.469427794218063 0 0 105.206595867872 6.65506511926651 7.13571667671204 5.15829241275787 585.842520564795 3.2428315281868 1.97941383719444 12.3383364081383 658.101890414953 13.4527308046818 5.1783527135849 0 0.691262483596802 0 13.8840397596359 3.9895858168602
111.802534759045 251.244850277901 176.390870302916 2.13534840941429 22.238306760788 64.8924371302128 73.1029957234859 198.446668535471 44.7666740119457 70.3909174203873 0 21.0747425556183 16745.128154397 557.448939889669 0 8.84871852397919 1398.81837394834 7585.79765382409 4711.67238306999 3.79895228147507 82.3375113606453 85.4464612752199 416.48353946209 39.7474337518215 1816.94825962186 11370.8075600564 2983.32029041648 60.7266502678394 448.924918264151 98.6371314525604 1591.57005116343 58.2090818583965 5.03831547498703 13568.5313599408 24.2356558740139 1198.58706581593 9104.14738044143 17669.3770256341 877.674230962992 82.9779115021229 36.6909748613834 4706.8372169137 5.62735933065414 23.3099339604378 42.8612315058708 5.47516983747482 0 0 6.63830482959747 0 18.2254520356655 8.79722189903259 0 0 0 0.562628626823425 0 0.749801993370056 0 151.34449455142 0.635379731655121 482.572693824768 0 0 0.548534333705902 9.94695651531219 83.6284561753273 18.6889365017414 0 1.83437645435333 0 5.61088216304779 8.06336507201195 155.202117741108 345.277519822121 227.03868407011 0.727279990911484 2.16270351409912 0.360886454582214 45.3158490657806 0 0 9.14813530445099 9.86175149679184
29.8727241158485 21.8066458702087 4.87634420394897 3244.58280849457 65.0329317450523 5842.54087612033 399.305959880352 1190.91302025318 1845.29256862402 16145.3657931983 21.0747425556183 0 7.18732136487961 495.197712659836 2397.50162211061 0.756422221660614 0.630853533744812 0 1.78872692584991 23629.6247651875 4.69047009944916 48.2915096879005 7.99306207895279 2533.69682317972 4.38869681954384 3.9482182264328 25.11745262146 2361.72777196765 163.416309773922 12.8242674469948 1.53558593988419 27.3383711576462 4.13304162025452 168.447396039963 234.212429106236 218.730261623859 2.67863166332245 97.9903243780136 9.63648968935013 3635.26854833961 79.0854468643665 1.27185010910034 0 0 4.90714663267136 1.64148211479187 45.710047274828 0 0 0 0 0 50.526007771492 0 16.8124632835388 58.9205983281136 8.6046746969223 24.6147135794163 82.6093915700912 0 627.711741745472 0 3.65699845552444 7.37903547286987 0 0 0 0 60.4084280133247 0.453455775976181 2.32034024596214 3.88884919881821 71.2429450452328 1.08207190036774 1.16110038757324 0.393769860267639 73.6148408353329 2.36959174275398 0 0 0 0.434853464365005 0.39099857211113 0
38.861318975687 1903.52285349369 71.8561004400253 2.20394313335419 117.901763260365 29.6785482466221 40.4542037546635 64.3741305470467 271.182220891118 12.8368233144283 16745.128154397 7.18732136487961 0 103.422765374184 5.8832443356514 21.4011638760567 114.406646698713 511.467263907194 363.602683752775 2.19834822416306 22.2720645666122 579.350383684039 83.1103810667992 143.734555929899 9413.4348770082 4947.34610229731 7686.33276280761 84.9854612350464 79.0218199789524 37.6190856099129 6543.72011750937 12.5352379381657 4.91389706730843 2028.43635621667 94.4885104894638 2303.63500326872 5654.17446899414 6550.22010108829 2759.17535179853 128.661223113537 646.07177489996 6818.59019383788 298.606662094593 107.073611497879 192.757423549891 241.765264689922 4.66733568906784 3.20415198802948 97.3681208491325 0.707704126834869 26.0466398596764 5.55063450336456 0 0 1.54659152030945 2.5169472694397 0.820306241512299 2.47543546557426 0.356235176324844 276.192017674446 0 1663.2993862927 1.03978872299194 0 0 7.1077995300293 142.098275154829 48.3249573111534 0 1.53855580091476 2.44798898696899 8.57054129242897 2.21711385250092 355.260578066111 587.936604619026 389.083860069513 5.22345530986786 1.18285119533539 6.80043244361877 53.9070413410664 0 0 286.729774951935 44.8024245798588
14671.0319249928 25.2190825045109 283.638796776533 98.8380673527718 590.350545376539 2724.28035742044 8354.4392323494 12521.0252812803 388.830984115601 3342.77350357175 557.448939889669 495.197712659836 103.422765374184 0 89.3882370591164 35.7508584558964 112.018137037754 22.5013135522604 46.8616543710232 102.747896045446 377.3738514781 91.1571478247643 686.11406442523 752.436583280563 5.91662949323654 188.561411172152 195.182311654091 1072.2480096817 12342.8806562722 3165.63540929556 0.713628530502319 1867.83116218448 107.214406877756 3929.5941426754 56.6177744269371 1401.35418465734 74.0213350653648 1524.36195555329 187.888612478971 2024.39071831107 1275.27496337891 46.2432925105095 16.20915132761 0.432825535535812 20.6842783987522 2.74391520023346 8.12507891654968 0 0 7.88465934991837 8.13442766666412 10.4937933087349 15.1234944760799 0 4.71394896507263 147.899640589952 22.9554544389248 52.9822730123997 26.2249135077 0 4.34657871723175 0 27.1647133231163 0 14.131669074297 0 0 0 4.59778225421906 8.99690219759941 9.97869035601616 17.331281542778 165.202576369047 0 6.76672464609146 12.1634888648987 211.676824986935 22.0832088589668 28.103657156229 0 0 5.75483685731888 11.5640920996666 18.2031170129776
14.1382015347481 21.3196182847023 4.61381709575653 51.6253491342068 2713.70784282684 5872.2670199275 95.8851464986801 468.374574005604 1425.56037423015 280.110728681087 0 2397.50162211061 5.8832443356514 89.3882370591164 0 1.64917004108429 0.343754529953003 0 0 58.8305682241917 3.86107486486435 89.9328733086586 3.99013185501099 623.321287930012 6.59556818008423 4.12878432869911 32.2531632483006 114.859433144331 22.4509767591953 6.77784538269043 0 88.7202786207199 0 43.0850104987621 15.1682301461697 65.8610924184322 2.55206659436226 11.3846524059772 4.6374831199646 16761.6312353611 61.4511431455612 0.672445058822632 2.9916695356369 0 0 0.712014675140381 10.2636260688305 0 0 0 0 0 2.34612163901329 0 2.82971197366714 14.019061923027 1.28378224372864 2.49969911575317 7.11935979127884 0 2.59774529933929 0 0.590488255023956 0 0 0 0 0 0.77592545747757 0.441630303859711 0 0 11.0517973899841 0 0 0 4.32109802961349 1.49973809719086 0 0 0 0 0 3.28177398443222
33.6194041967392 207.032838344574 103.012960493565 7.00514596700668 1.40217924118042 8.72831737995148 259.768368512392 20.0722508430481 67.9043337702751 25.471654266119 8.84871852397919 0.756422221660614 21.4011638760567 35.7508584558964 1.64917004108429 0 23.4402946531773 1.77233284711838 15.3698418438435 2.75515812635422 7841.62972095609 3819.05082061887 19476.0970250368 2721.75791412592 25.7066270112991 82.5902898907661 8492.57544913888 3358.56467500329 85.7404779791832 621.069855690002 0.605463206768036 1.41617554426193 27.368330270052 821.38639780879 78.5068204402924 1451.9224395752 442.913635015488 816.933108329773 366.897210478783 168.606261312962 16.4501766264439 6.0675902068615 87.0948505401611 24.8714724779129 100.449870586395 33.6216832399368 2.23335319757462 0 0 8.83859729766846 6.71250408887863 33.7601397633553 0.412248522043228 1.34127295017242 0 41.8655438423157 2.64071148633957 33.6392076611519 2.24707406759262 1.21922612190247 0 0 14.404183536768 0.580305814743042 665.391195178032 9.16964918375015 0 0.800011277198792 0.385948181152344 233.072327196598 214.720648556948 906.581362605095 114.444620490074 0 27.8609644472599 285.777612179518 199.238894760609 34.6218876242638 191.37687882781 0 0 9.90828007459641 78.359373152256 21.1481169462204
85.1752635240555 606.10024496913 3286.28802713752 0 0 6.49479487538338 140.918521523476 79.1088342964649 18.231678545475 3.75049948692322 1398.81837394834 0.630853533744812 114.406646698713 112.018137037754 0.343754529953003 23.4402946531773 0 926.210593938828 9373.70685276389 0.487206816673279 894.609549850225 60.7685534060001 9278.77254235744 32.9704559147358 172.397468745708 8174.88419660926 4196.20630192757 88.6048373579979 242.008731335402 834.604004740715 33.8964815437794 0.969556957483292 16.7572121322155 2140.17381468415 26.0195292234421 908.191780090332 466.093282014132 1573.44017270207 371.254656672478 37.1334556639194 11.015725672245 9.35094863176346 11.8920827507973 46.9372625350952 49.8199319243431 0.425487130880356 0 0 0 0 55.3863194286823 78.8414458036423 0 0 0 3.02504295110703 1.57181715965271 0.514536082744598 0 9.08411797881126 0 12.2007880210876 0 0 7.86558037996292 44.6288384795189 9.11974704265594 33.2705869674683 0 9.56721040606499 10.4782755076885 45.3081369400024 3.7127785384655 25.3198158144951 291.839662969112 467.917338192463 3.156020373106 1.7796767950058 4.84902304410934 2.51057362556458 0 1.10868144035339 19.9333498477936 6.70984494686127
15.3764958977699 70.0021724551916 98.4697840511799 0 0 0.497949331998825 9.13607800006866 14.1677658259869 7.00937390327454 5.67364543676376 7585.79765382409 0 511.467263907194 22.5013135522604 0 1.77233284711838 926.210593938828 0 10765.003575176 0 30.8152786791325 17.4668835699558 172.671438425779 6.72951903939247 473.734320253134 5147.3018655479 1414.6385332942 9.46338301897049 26.3018409013748 35.8603596687317 160.471518158913 1.12849998474121 0.859598159790039 833.412935554981 5.10361507534981 375.410782873631 631.35345569253 933.588925898075 134.802933007479 6.52978339791298 2.33831202983856 6.21778506040573 4.88662934303284 13.3899230360985 23.0310021042824 3.65807837247849 0 0 0 0 8.38537099957466 4.92679232358932 0 0 0 0.627636730670929 0 0.533460319042206 0 33.7378776669502 0 87.6891622841358 0 0.869724869728088 0.819675624370575 5.39384168386459 67.1404491066933 25.3305797278881 0 0 0.538874685764313 1.39610403776169 0.402453154325485 121.27320560813 231.326740384102 210.715352535248 0 0 0 11.609814375639 0 0 2.34464091062546 2.6288959980011
31.3897376656532 254.87196174264 684.20177796483 0 0.916747510433197 5.48056253790855 41.3744591474533 35.6657633185387 11.096814006567 5.54091858863831 4711.67238306999 1.78872692584991 363.602683752775 46.8616543710232 0 15.3698418438435 9373.70685276389 10765.003575176 0 0 159.949385851622 34.714091271162 1067.6945297718 21.0816809237003 541.386719852686 10839.1496534646 2444.67699718475 22.9000272452831 69.6625854372978 200.55916723609 76.3717969357967 3.12278789281845 2.29485207796097 2151.98302322626 9.50502336025238 752.64007088542 692.295367389917 1368.16962945461 277.200372368097 21.9742791056633 3.76744914054871 12.2617343664169 7.40676975250244 18.784600675106 32.8879541754723 7.02567374706268 0 0 0.936890602111816 0 33.4671023488045 20.5431424081326 0 0 0 0 0.496299386024475 0 0 22.3865387439728 0 56.052751749754 1.16744557023048 0 2.4407674074173 14.4728680253029 43.443127155304 38.4769915640354 0 3.85031235218048 4.9033742249012 14.9390994012356 1.33476054668427 88.8656412959099 355.941265285015 378.48606351018 3.76409810781479 1.51525056362152 4.75518450140953 12.3571334779263 0 0.512857139110565 14.4217485785484 4.02406674623489
25.9433319568634 1.28948023915291 1.61215740442276 26992.982914865 3.38159072399139 441.305081605911 167.004603356123 193.246082216501 571.996144920588 14600.0444546938 3.79895228147507 23629.6247651875 2.19834822416306 102.747896045446 58.8305682241917 2.75515812635422 0.487206816673279 0 0 0 3.2963020503521 12.1621803045273 11.8163450956345 1856.00787642598 0.613324880599976 2.7429094016552 6.51895397901535 6928.87077641487 60.8625348508358 12.8087261021137 0 4.17578798532486 3.24491250514984 37.0337753891945 38.1858949661255 69.0548922121525 0.579545915126801 18.8851253688335 7.17105203866959 220.824255853891 22.3046262562275 0 1.66045880317688 0 6.60049325227737 0 41.4635336995125 0 0 2.58399075269699 0 1.00911021232605 39.2927665710449 0 6.69588208198547 105.134168297052 11.8157231211662 42.7619107365608 56.3807804882526 0 213.604805290699 0 6.57818549871445 1.1035293340683 0.531093239784241 0.732678472995758 0 0 23.5166475176811 0 1.33805394172668 0.713059484958649 66.507766276598 0 0 0.542555689811707 102.529777288437 0.690551161766052 0.804809153079987 0 0 0 1.93915086984634 0
335.617492794991 114.31998026371 2122.35379683971 6.54817840456963 1.35051083564758 36.2016326785088 1793.97394254804 253.136974602938 138.150579541922 73.545207887888 82.3375113606453 4.69047009944916 22.2720645666122 377.3738514781 3.86107486486435 7841.62972095609 894.609549850225 30.8152786791325 159.949385851622 3.2963020503521 0 1101.57732707262 30359.8891305327 1398.84154328704 18.3654347956181 651.697929352522 2256.15698423982 11249.5764709413 802.191100329161 20882.6461721659 4.62738537788391 3.55857169628143 133.69289830327 5674.73439472914 181.828414678574 4321.65093842149 923.129689216614 3643.0175575912 902.962197899818 443.6910610497 62.9851352870464 8.6924931704998 97.6992786824703 30.5691539645195 96.4605937004089 26.0275995731354 7.17787706851959 1.33452534675598 0.789224207401276 33.0994454026222 8.8108497262001 54.5263794362545 0.851750373840332 0 2.49930173158646 55.118447214365 10.70263043046 52.2697222232819 6.97979885339737 0.668418049812317 0 1.68236216902733 27.2032401263714 1.71795108914375 336.506230711937 18.6932066082954 0 4.514708340168 0.980914503335953 247.715088993311 132.97982236743 318.681580960751 233.649437278509 0 25.2971989810467 177.668154776096 359.068053215742 55.4773044288158 251.45751875639 0 0 26.0650585889816 79.2065392434597 69.4230378270149
86.7662887275219 2418.73288941383 203.169493943453 13.752774387598 2.85659801959991 15.1065658032894 316.606729239225 50.1011217236519 3252.57073166966 40.03704687953 85.4464612752199 48.2915096879005 579.350383684039 91.1571478247643 89.9328733086586 3819.05082061887 60.7685534060001 17.4668835699558 34.714091271162 12.1621803045273 1101.57732707262 0 2204.75799536705 6628.27661812305 626.040833503008 404.852144494653 4698.19252847135 1504.51609474421 225.916563361883 667.044031471014 19.3776045888662 1.13318294286728 61.9644214510918 460.189955741167 24.971061706543 565.7078140378 164.718932569027 363.631765931845 128.245583295822 252.785501509905 17.0938910245895 54.3483098745346 55.4128550291061 17.7898192405701 53.2285588085651 16.118428081274 2.06154838204384 0 0 13.0371987521648 7.4792255461216 23.5265425145626 2.86131274700165 0 1.41035771369934 40.0653586983681 3.6918820142746 26.7386368513107 6.03688699007034 0.611396074295044 0 5.60136657953262 12.5334069430828 0 240.610146969557 8.15294063091278 3.62683978676796 3.14860540628433 0 116.237932950258 85.5373884439468 301.020748645067 108.325045466423 1.31934416294098 15.8663029372692 185.237494051456 179.157060950994 28.6542083621025 127.716153413057 0.527154803276062 0 12.2461379766464 42.5667337179184 11.8121470808983
637.291916638613 899.911803662777 18517.4692879319 23.206290602684 0.796672642230988 77.110870629549 3163.03929683566 551.375971227884 158.225465983152 130.894934087992 416.48353946209 7.99306207895279 83.1103810667992 686.11406442523 3.99013185501099 19476.0970250368 9278.77254235744 172.671438425779 1067.6945297718 11.8163450956345 30359.8891305327 2204.75799536705 0 1865.38150045276 71.7116475999355 4221.41073545814 23940.8079124093 9105.03831392527 1213.46159902215 10083.2864780426 10.3429085612297 11.8619849085808 182.265106528997 8937.47156053782 528.324230566621 11770.7742652297 4327.6441128552 8963.31324759126 3773.0637627244 1193.21452239156 106.842323124409 21.4439380764961 228.4841401577 275.199147999287 382.589715003967 154.129467844963 4.41896790266037 3.72084599733353 0.760846495628357 18.1175334453583 117.924686849117 511.481540262699 4.18101343512535 0 0.987310975790024 116.814565896988 12.7571839094162 45.9818325936794 4.31681630015373 1.32091018557549 0 3.72419941425323 16.042734503746 1.01793801784515 1619.6741772294 104.215305954218 3.22342920303345 31.7650453746319 0 391.563992768526 761.994047403336 3157.46430614591 260.602777302265 7.72452569007874 191.056140273809 2843.58177044988 368.298317760229 56.1097015440464 250.812424957752 0 0 21.9570400714874 127.789612799883 208.063892304897
544.233201980591 702.806955635548 226.389850318432 2088.41883400083 23.3307253420353 279.443344444036 5228.92651322484 661.448300272226 13742.1792592704 1686.08575344086 39.7474337518215 2533.69682317972 143.734555929899 752.436583280563 623.321287930012 2721.75791412592 32.9704559147358 6.72951903939247 21.0816809237003 1856.00787642598 1398.84154328704 6628.27661812305 1865.38150045276 0 166.182706832886 210.314899504185 2614.27761887014 29927.9563320875 1259.2469227612 1862.31107959151 4.48703345656395 10.1052531898022 360.178773462772 910.621467649937 40.894880771637 1491.92520344257 124.891281455755 528.159038752317 175.570414543152 1513.66261136532 84.0282670855522 10.3318947553635 300.793057948351 9.62983781099319 247.366872638464 34.4784566760063 135.517395764589 7.30774158239365 0 170.271323144436 13.5827385187149 19.2431459724903 253.266573339701 0 80.2585835754871 1839.58181604743 234.438749283552 674.469945788383 516.980211257935 4.12093412876129 103.479120403528 6.85115452110767 262.710344135761 32.7112976312637 134.663292855024 5.79460108280182 2.6480205655098 3.7522366642952 154.202978134155 223.282311856747 138.941517174244 164.532194077969 2310.04180878401 2.9386348426342 13.4152162671089 80.301924020052 2800.3176985383 268.520115971565 411.181451201439 0.429654538631439 1.26712608337402 63.5566551685333 189.865826576948 20.2253490686417
6.5163631439209 2931.53722119331 84.4564662277699 0 0.435659110546112 1.27329516410828 15.2263373434544 7.8207466006279 268.816652610898 0 1816.94825962186 4.38869681954384 9413.4348770082 5.91662949323654 6.59556818008423 25.7066270112991 172.397468745708 473.734320253134 541.386719852686 0.613324880599976 18.3654347956181 626.040833503008 71.7116475999355 166.182706832886 0 2557.79368329048 4228.64682143927 33.2147308886051 13.876960426569 21.1773057878017 220.905265778303 0 0.549558579921722 286.638978362083 1.27954649925232 210.247558563948 1599.5663818419 610.225591540337 66.2527763545513 26.0481680631638 0 1626.04197347164 5.18730473518372 68.9922235608101 50.1125586926937 4.10115242004395 0 1.7273827791214 52.6710782051086 0 31.7738146483898 10.1528680324554 0.563063204288483 0 0 1.41594666242599 0.37757220864296 3.35193562507629 0 142.887285768986 0 410.879156291485 0 0 0.606536149978638 11.4333427548409 98.0046074986458 44.9066404104233 0 1.3338018655777 3.30564987659454 5.21542552113533 4.57869753241539 243.142322361469 420.94522061944 378.965979188681 0.342937648296356 1.26849317550659 1.8645024895668 21.3725344538689 0 0 13.8411764502525 1.28894364833832
125.47258746624 2718.26168680191 17506.6994358003 2.61573013663292 0.768588066101074 11.6283907741308 486.436914175749 125.784144252539 157.276810258627 21.8557194173336 11370.8075600564 3.9482182264328 4947.34610229731 188.561411172152 4.12878432869911 82.5902898907661 8174.88419660926 5147.3018655479 10839.1496534646 2.7429094016552 651.697929352522 404.852144494653 4221.41073545814 210.314899504185 2557.79368329048 0 36604.6409343779 399.34040120244 226.536042273045 929.07246029377 3206.51607942581 7.31498634815216 18.2884742617607 3695.19819042087 75.2934985458851 3200.84719851613 2796.5671415627 3856.45536756516 1109.20681738853 137.673757880926 22.0083400905132 32.7951184809208 71.333247512579 326.723907500505 425.971938043833 38.9117679595947 3.10482114553452 1.54005205631256 5.65076440572739 2.20694535970688 349.899786889553 412.178848832846 0.581070959568024 0 0 23.9420611262321 1.58460301160812 12.0016889870167 1.26563155651093 180.552151113749 0 414.665891617537 3.73234134912491 0 15.6647849977016 284.538012236357 325.966546356678 464.970886915922 1.25354588031769 37.8422835469246 29.9431830644608 174.663673460484 18.6189873218536 536.097006827593 3090.66944745183 3781.1187787056 29.9183743000031 4.7604997754097 29.9133540093899 74.6019333899021 0 3.01693141460419 101.170535802841 38.9391593933105
168.886455774307 12757.8348499835 12828.7410572767 14.7000403404236 1.12420845031738 32.8483450710773 897.160886660218 129.926540821791 786.594553023577 62.6446165144444 2983.32029041648 25.11745262146 7686.33276280761 195.182311654091 32.2531632483006 8492.57544913888 4196.20630192757 1414.6385332942 2444.67699718475 6.51895397901535 2256.15698423982 4698.19252847135 23940.8079124093 2614.27761887014 4228.64682143927 36604.6409343779 0 2745.34144768119 387.324557006359 1364.76733130217 3097.92694422603 3.85259830951691 72.707258105278 6244.72557199001 292.170163810253 9792.71742266417 5243.36967900395 7565.09345394373 3318.13534915447 728.735794574022 59.2650403380394 62.3364544808865 255.934366315603 836.397602289915 924.732454270124 172.009888887405 10.0051411390305 2.29215168952942 5.99553388357162 6.0906690955162 864.375955969095 1955.36542758346 2.31982803344727 0 0.665727078914642 124.959563225508 5.30715560913086 29.8342302441597 3.62841749191284 144.067190855742 0 334.32941955328 15.6282363533974 0 790.47106552124 501.363774269819 231.149734258652 454.924719184637 0 216.549066483974 801.804609149694 2809.54456537962 112.607497572899 449.102452486753 3130.48297041655 8967.44194930792 233.125898301601 11.4706645905972 178.41321721673 43.8640669584274 0 0.623697638511658 185.444780826569 148.789718806744
877.640640050173 147.280304938555 1270.53405061364 13853.2972890139 10.5112021863461 565.121008872986 17366.7449050248 1028.70650783181 3823.75564220548 7114.11404243112 60.7266502678394 2361.72777196765 84.9854612350464 1072.2480096817 114.859433144331 3358.56467500329 88.6048373579979 9.46338301897049 22.9000272452831 6928.87077641487 11249.5764709413 1504.51609474421 9105.03831392527 29927.9563320875 33.2147308886051 399.34040120244 2745.34144768119 0 1951.9617447257 9438.96500989795 2.27568683028221 17.4708154201508 790.230270594358 2466.92907530069 94.0905117690563 2954.97673493624 301.121518582106 1286.61604464054 398.013928472996 594.220459371805 159.87140879035 20.1333037316799 236.820519030094 25.3077800571918 202.842078775167 24.3957408666611 127.95146805048 6.51617857813835 2.69311553239822 122.238049864769 10.630400210619 43.4294196367264 261.956012755632 0.387300401926041 68.4104877412319 1471.9061511457 175.011038720608 519.921408444643 387.358872294426 2.47528284788132 124.628215670586 1.59962549805641 256.891772806644 31.407062292099 184.661553472281 8.69444179534912 1.04479610919952 2.30952173471451 102.494454801083 261.604597091675 145.584509313107 221.050080418587 2037.07872211933 2.74359384179115 18.6756040751934 141.016970813274 2261.67555505037 291.88322865963 393.249771386385 0 0.316482365131378 43.4736008346081 147.975629508495 47.2078548073769
13623.5268489122 43.134154766798 268.434794485569 105.800674021244 549.237584918737 838.799350708723 3113.81675890088 1476.49676775932 582.117587655783 1037.48988351226 448.924918264151 163.416309773922 79.0218199789524 12342.8806562722 22.4509767591953 85.7404779791832 242.008731335402 26.3018409013748 69.6625854372978 60.8625348508358 802.191100329161 225.916563361883 1213.46159902215 1259.2469227612 13.876960426569 226.536042273045 387.324557006359 1951.9617447257 0 9029.64596569538 1.86621391773224 2291.09885558486 8880.56470483541 5893.43031993508 88.7437428832054 2288.27131554484 135.031837999821 1990.19833680987 330.226414501667 1044.73541808128 964.265800356865 25.0135986804962 42.3025476634502 4.05293184518814 43.2910133898258 13.5179800391197 6.4381018280983 1.48361939191818 0 15.9307578802109 6.0235880613327 5.56997257471085 5.52465641498566 1.19378983974457 1.96528035402298 138.189146280289 11.2669559419155 86.0173673927784 11.2609901726246 0 3.24065041542053 1.88195979595184 33.7665115594864 2.24106645584106 34.032762080431 6.09698414802551 0.589926421642303 1.34790915250778 5.79327428340912 55.0468024909496 19.2089484035969 19.0035800039768 265.034293711185 1.33538857102394 5.86567732691765 37.6618463099003 314.359045535326 60.5323882699013 69.9753412604332 0 0 14.5671583414078 21.9154916405678 29.0927051901817
8161.87749883533 135.015771478415 1941.13669788837 25.555106908083 8.05924847722054 155.832842856646 16020.0540789962 1674.81154215336 843.960275620222 170.938805639744 98.6371314525604 12.8242674469948 37.6190856099129 3165.63540929556 6.77784538269043 621.069855690002 834.604004740715 35.8603596687317 200.55916723609 12.8087261021137 20882.6461721659 667.044031471014 10083.2864780426 1862.31107959151 21.1773057878017 929.07246029377 1364.76733130217 9438.96500989795 9029.64596569538 0 5.94210565090179 23.4246351122856 912.185569167137 6979.96413332224 150.979073733091 3941.35782751441 445.447143614292 2615.52243235707 572.75078484416 447.997446030378 145.907575517893 11.9756343662739 115.73306325078 19.7515356838703 119.863500952721 28.0450046956539 3.57258731126785 0.448905497789383 0 52.5928832292557 18.1137343049049 39.0900088250637 3.04216855764389 0 2.43546745181084 231.235417038202 22.0782415270805 105.55701738596 6.1072393655777 1.79766234755516 1.74127131700516 0.414962470531464 71.5842935740948 3.50699257850647 194.197545975447 6.72578963637352 0.847034752368927 2.96159714460373 0 176.801109910011 87.8630951941013 157.591095685959 508.805441737175 4.12793385982513 26.483246088028 129.957323640585 634.673535436392 135.181532025337 297.642064422369 0 0 30.8689773976803 80.7359432280064 48.6879224181175
1.4455543756485 64.8548569381237 18.8208043575287 0 0 0 2.73045629262924 0.718294143676758 5.50333046913147 0 1591.57005116343 1.53558593988419 6543.72011750937 0.713628530502319 0 0.605463206768036 33.8964815437794 160.471518158913 76.3717969357967 0 4.62738537788391 19.3776045888662 10.3429085612297 4.48703345656395 220.905265778303 3206.51607942581 3097.92694422603 2.27568683028221 1.86621391773224 5.94210565090179 0 0 0 45.1054292917252 1.07173347473145 38.7962957322598 148.559714227915 164.778656214476 18.9780335724354 1.34674739837646 0 8.66683742403984 3.03204035758972 0.799706935882568 5.92143684625626 0.672187149524689 0 0 4.10121721029282 0 5.13546696305275 0 0.356787204742432 0 0 0 0 0.649601519107819 0 25.2928104698658 0 65.5296489596367 0 0 0 3.53481948375702 21.8042450845242 5.87687557935715 0 0 0 2.22204768657684 0 37.6058495640755 91.5104212462902 68.8299482166767 0 0 0 6.93977534770966 0 0 1.16687989234924 0
54.2259612679482 0 0.389226019382477 3.59862253069878 5974.67266148329 4429.65195500851 45.4553260207176 2335.65225297213 2.33635833859444 50.7846640348434 58.2090818583965 27.3383711576462 12.5352379381657 1867.83116218448 88.7202786207199 1.41617554426193 0.969556957483292 1.12849998474121 3.12278789281845 4.17578798532486 3.55857169628143 1.13318294286728 11.8619849085808 10.1052531898022 0 7.31498634815216 3.85259830951691 17.4708154201508 2291.09885558486 23.4246351122856 0 0 0.51377409696579 3374.74291810393 3.35929301381111 113.903054147959 4.85454103350639 168.369048625231 20.0400153100491 834.783667236567 4841.33824139833 10.1892541646957 0 0 0 1.09655618667603 0.948398232460022 0 0 0 0 0 0 0 0 1.03775331377983 0 2.45252120494843 0 0 0 0 0 0 0 0 0 0 0 0 0 0 3.90945789217949 0 0 0 2.58588451147079 1.03288400173187 0.623844981193542 0 0 0 2.56521904468536 0
