0 3.0818282365799 393.14042443037 87.9130399525166 6.74588137865067 156.987091004848 8206.02816134691 3583.447599262 106.709094315767 1237.12090754509 6.86898511648178 57.56368085742 0.255229324102402 14683.0507265329 13.1798002719879 36.2904617786407 491.954103350639 8.53429728746414 85.3989033997059 166.979919612408 333.468386560678 49.9124797731638 596.506594717503 317.092091917992 1.37402006983757 119.154024988413 56.7344853579998 925.632227689028 24050.3433228731 6365.77079445124 0 4.05748111009598 513.542729139328 418.124580651522 12.8024444878101 142.14282861352 12.9956110715866 200.758281260729 27.3513712286949 83.6398790478706 10.9576097428799 0 8.3097608089447 0 7.58900809288025 4.97584131360054 6.20502004027367 0.515694499015808 0 0.375650465488434 0.954893827438354 1.7533928155899 6.5718041062355 0 3.71903698146343 33.6724624335766 8.52455151081085 22.3128890395164 7.37074768543243 0 0 0 3.97862753272057 0 5.55914723873138 0.476281315088272 0 1.39743548631668 9.71671605110168 8.20864772796631 4.44399508833885 4.38995417952538 85.7631550133228 0 1.83567851781845 8.14223909378052 66.2419925928116 4.14628258347511 12.1980508565903 0 0 3.58965286612511 8.33323219418526 2.86446297168732
3.0818282365799 0 573.86932054162 12.6480168998241 7.52204775810242 8.31419557332993 15.821521282196 16.1007512509823 555.9601585567 10.3596330285072 650.072647511959 22.4042149186134 1245.66681259871 12.8207393884659 29.6087003052235 122.426738291979 883.506065964699 108.649325937033 417.828456968069 5.40771335363388 51.6580384075642 2667.85183802247 118.414321780205 556.406507581472 3907.74462983012 2090.04152071476 8888.68708664179 73.185621291399 31.1995722353458 40.7699093520641 54.1153455376625 0 2.33214202523232 504.681302398443 19.5530039966106 733.785121232271 493.766210764647 903.854253560305 175.398413836956 127.190763622522 0 224.972944051027 36.9138716459274 10.8028633594513 34.2818265557289 20.0458272695541 4.23631229996681 0 2.22346162796021 3.6695054769516 356.98429274559 181.649101316929 1.51158797740936 0 2.06995099782944 6.28144067525864 2.82443886995316 13.3156649172306 0 11.0401899814606 0 30.9786075353622 0.524375379085541 0 11.5093911886215 62.1298904418945 3.64314115047455 32.3754753470421 0 10.1817988157272 35.3205758929253 40.8382747173309 7.22331497073174 37.299957036972 286.631153821945 991.665290921926 6.42495146393776 0 7.06781166791916 3.21291136741638 0 0 14.9370273351669 12.3308551907539
393.14042443037 573.86932054162 0 28.4198797941208 2.88553115725517 117.79756835103 1513.32560259104 717.172678560019 39.4996742904186 225.585536450148 78.202939838171 13.8987713754177 16.8422394096851 583.886798202991 9.97110667824745 251.227095961571 6357.07320192456 92.2941367030144 768.094069361687 20.5937747359276 1487.19715180993 480.883536159992 9488.21053722501 304.612823337317 18.0607602000237 9008.05235958099 8657.12562465668 1585.84868642688 354.337832987309 1348.609767735 3.99652224779129 4.25899975001812 37.443680614233 1007.12245747447 83.7262019515038 2304.8703571558 823.904264807701 2119.46190157533 525.280210107565 206.227902829647 5.02893733978271 3.34327632188797 43.9515328109264 0 16.3438641428947 24.9402759075165 7.76477980613708 1.671899497509 0 8.26764237880707 110.711446225643 512.698943823576 2.85952481627464 0 1.27581685781479 26.1556604504585 11.2573348879814 8.13158878684044 12.0318570435047 6.58165717124939 0 10.7138057053089 11.1871767044067 0 118.586426049471 58.4096488952637 2.44204825162888 16.9343191087246 0 53.8029420673847 86.5472975969315 367.334896922112 50.2388601303101 8.49399423599243 142.760066896677 1251.01266589761 58.2535181343555 6.93032103776932 36.5747906863689 1.84527444839478 0 0 21.4134605526924 22.747837305069
87.9130399525166 12.6480168998241 28.4198797941208 0 20.1226706802845 312.0374314785 660.90377369523 245.678746342659 690.456974297762 22599.3758376539 2.37368178367615 1754.616571486 2.58116382360458 205.595282807946 80.9249241948128 21.6235320866108 4.20416516065598 0 1.90097004175186 30253.9224244058 24.202475041151 82.2173101007938 23.2274777293205 4096.50425243378 1.43386787176132 7.9189056456089 23.9101183414459 16919.9259544611 325.231082886457 57.028155118227 0 8.84636682271957 43.5148119926453 152.891214758158 18.1470808386803 233.061333745718 4.33278569579124 161.55253213644 25.2437880337238 412.477408826351 10.9880426824093 0 29.7306696474552 0.444948673248291 7.14723294973373 1.33914184570312 49.0776277780533 1.34831368923187 0 1.2369225025177 3.42482888698578 2.44302135705948 350.125529229641 3.12909853458405 32.0328696668148 31.5868049561977 20.2716427445412 96.4975444376469 60.4321602582932 0 186.079985439777 0 9.87969881296158 19.9963041841984 1.82604664564133 0 0.978802561759949 0 266.930890798569 1.13926634192467 9.16277921199799 0.730636835098267 225.677157908678 0 0 0.579002320766449 193.571368396282 9.05564379692078 9.35350033640862 0 0.748122930526733 1.25872379541397 5.5873387157917 0.640366643667221
6.74588137865067 7.52204775810242 2.88553115725517 20.1226706802845 0 4002.84804517031 21.2967205941677 927.392344892025 228.396949529648 52.9349739849567 22.5427811145782 153.316475182772 14.7370947301388 431.629980534315 3069.27068525553 0.841695725917816 5.18983629345894 0 2.28567650914192 22.8361401259899 1.92057499289513 41.4003459513187 2.75788286328316 119.517742335796 5.42249596118927 9.57212084531784 16.2516126036644 25.5853168070316 673.991653978825 4.03464779257774 0 1820.00047406554 4.1380800306797 3293.68575456738 1.5380611717701 29.7338633835316 10.5898744463921 117.994684875011 11.0848284959793 6496.43163341284 3168.52944660187 1.75343942642212 2.65359365940094 0 0 0 5.3774106502533 0 0 0 1.45819890499115 0 3.52515894174576 0 1.31395268440247 4.06702208518982 1.04014176130295 6.30384397506714 7.33619165420532 0 2.03772109746933 0 0.392740607261658 0 1.2125072479248 0 0 0 4.85318219661713 0.44499734044075 0 0 6.61252132058144 0 0 1.77981400489807 4.29658713936806 0.651542842388153 0 0 0 0 0 0.475381016731262
156.987091004848 8.31419557332993 117.79756835103 312.0374314785 4002.84804517031 0 1492.48347947001 22973.4520567656 230.13094702363 15491.3848688304 111.542216986418 6039.60103602707 40.9600849151611 2991.63410544395 7352.48755967617 19.0185907185078 56.9908737838268 7.30404227972031 25.9231265187263 1000.08965095878 66.0762147009373 40.3705079555511 133.199957877398 362.298146367073 6.18789231777191 43.8550860881805 47.2561588287354 775.431626558304 2059.83745290339 114.022244870663 0.584056437015533 3856.0631788075 44.8616928160191 1873.61383622885 368.480795174837 281.971682518721 36.1490908265114 666.568813979626 71.6093329787254 5933.34357652068 599.050997197628 30.0599754452705 11.816846370697 0 2.3188129067421 1.41415119171143 9.32115951180458 1.37297177314758 0 3.75277191400528 1.48945116996765 3.58076930046082 25.7216857671738 0 11.6340714097023 18.8114465773106 14.6150985658169 30.2252331376076 13.6682402193546 0 8.64638984203339 0 3.65910091996193 0 8.26739886403084 0 0 0 24.4223693013191 3.310855448246 3.0415013730526 1.9867462515831 121.876527011395 0 0 4.8378948867321 84.5954330861568 7.50981307029724 6.84895232319832 0 0 2.22276270389557 1.85870319604874 0.519435048103333
8206.02816134691 15.821521282196 1513.32560259104 660.90377369523 21.2967205941677 1492.48347947001 0 4724.86218431592 690.137902855873 16973.7421329916 12.3724971115589 248.800656795502 4.87290638685226 9216.63269007206 64.1207820773125 179.739222079515 548.072798997164 6.04404190182686 64.6501659154892 2764.61823672056 1351.58596429229 239.746140450239 2228.38126370311 3317.6589718461 7.14559879899025 219.185734182596 270.348859190941 19215.7472787797 2803.20997482538 14130.2019554377 0 12.6156529188156 242.580710589886 673.699760437012 59.2546861767769 898.163017690182 41.5142106711864 609.033347219229 119.974957227707 391.602605462074 37.938185185194 1.27090668678284 53.0693992376328 0 22.8099915981293 1.97146779298782 38.5308400690556 1.01293730735779 0.576275050640106 9.71992111206055 1.7513023018837 19.6978797018528 80.141388207674 1.42386639118195 30.9790301024914 129.199618071318 51.8383605480194 112.761096864939 82.8796549737453 0.833457052707672 15.6480801403522 0.4647077023983 30.3675554096699 9.76120096445084 25.3376045227051 2.07111647725105 0 1.22099566459656 63.7421543598175 19.3076814711094 25.0453202426434 22.2291738688946 454.883375167847 0.343415051698685 1.01734191179276 27.5075621008873 349.718636602163 34.1891436874866 48.3508424460888 0 0 3.81710135936737 29.8828122019768 4.76331195235252
3583.447599262 16.1007512509823 717.172678560019 245.678746342659 927.392344892025 22973.4520567656 4724.86218431592 0 146.952254086733 3364.18799178302 124.018133282661 963.759890139103 37.0079247951508 28031.2307220995 894.157413959503 43.2508495151997 548.986276566982 22.7964986860752 97.494463801384 424.301559865475 382.279510349035 49.4739203453064 950.177633225918 341.001169145107 6.74128437042236 231.561665594578 118.102711617947 1057.54568317533 2724.64102333784 1071.18830412626 0.522920846939087 1619.77624228597 63.6509085893631 1295.01323086023 39.858104377985 451.464414983988 50.5949833393097 724.667298257351 89.2371763885021 1772.88349333405 297.516818553209 10.4650993347168 8.10231205821037 0.992052435874939 7.31564021110535 1.53711581230164 7.24262642860413 1.8223380446434 0 3.39101342856884 2.1304988861084 6.34493592381477 19.6567989885807 0.377335995435715 12.1947433650494 47.994913995266 10.951224192977 17.4742603302002 20.29159283638 1.01040089130402 4.80536323785782 1.26335763931274 10.3182076215744 1.97008979320526 4.25056880712509 1.93513011932373 0 0 14.7767383158207 4.22572326660156 2.41685858368874 7.95302891731262 151.459733366966 0 2.34289491176605 17.1331549882889 95.5986961573362 12.2295876145363 12.2495179474354 1.43316197395325 0 1.33402568101883 9.46084141731262 3.06525272130966
106.709094315767 555.9601585567 39.4996742904186 690.456974297762 228.396949529648 230.13094702363 690.137902855873 146.952254086733 0 670.32073238492 99.7222890555859 646.406226336956 195.870093435049 115.796882659197 1034.7430216372 33.97827064991 45.8687850236893 15.0983200371265 34.1423533260822 470.113172292709 65.4820933640003 4611.31936067343 52.3837521076202 11548.4369978905 326.789347469807 227.650038570166 616.534373238683 1884.13519957662 358.975320339203 451.354280173779 17.6262648999691 12.1274921298027 65.6727015376091 157.972305297852 17.2342696785927 230.558256924152 33.8023807704449 163.517462134361 38.9456033110619 1692.80592909455 11.8610190153122 18.9615122973919 43.1032310724258 0 11.3022408485413 7.40380203723907 60.7048607766628 0 0 10.7678726315498 4.57566705346107 8.11990824341774 50.6073153913021 1.30435293912888 22.797271668911 97.1958428323269 35.0171555280685 388.681647390127 59.8257893323898 4.61576819419861 39.5634819567204 1.65386366844177 17.416398614645 16.5819536149502 9.23322024941444 0.409044533967972 3.21963518857956 0.758894562721252 54.9342425465584 9.75934043526649 16.174193918705 5.45726293325424 391.648058950901 6.67849713563919 9.8939228951931 15.336723446846 243.194383770227 19.1337698698044 29.1687242686749 0.762281060218811 0 3.60621517896652 15.5735890269279 3.08459651470184
1237.12090754509 10.3596330285072 225.585536450148 22599.3758376539 52.9349739849567 15491.3848688304 16973.7421329916 3364.18799178302 670.32073238492 0 7.36479103565216 19403.1280694008 9.06189805269241 3523.29562580585 291.219126671553 67.1336445510387 83.5606507658958 0 11.866267323494 26193.242595166 166.180136263371 97.0577772557735 297.369114458561 2230.44510093331 2.25461289286613 42.3752877414227 80.6721828877926 13634.6381343007 2048.72219343483 343.610513448715 0 47.7229843437672 260.482160270214 773.823648959398 153.037210643291 1099.69707459211 27.229046612978 646.572832792997 96.1337262988091 1018.46889668703 78.3018117249012 1.94552928209305 27.0649229288101 0 7.60992133617401 2.89056038856506 50.0034118890762 3.83842617273331 0 4.898981153965 1.47851914167404 2.08919847011566 108.325407266617 1.38140726089478 42.4567231833935 83.6154340803623 42.9590259194374 98.0240493714809 167.364512622356 0 108.970741182566 0.305743128061295 15.5668439269066 14.4823387861252 6.79220581054688 0 0 0 116.184967279434 9.08765137195587 23.7308269143105 7.69665634632111 412.185629814863 0.820201516151428 1.28809726238251 3.65372437238693 252.606117248535 18.3186394274235 10.2462242841721 0 0 1.50320234894753 16.6633668243885 5.35605561733246
6.86898511648178 650.072647511959 78.202939838171 2.37368178367615 22.5427811145782 111.542216986418 12.3724971115589 124.018133282661 99.7222890555859 7.36479103565216 0 8.99137803912163 23422.326084733 117.326704367995 7.65725058317184 6.39476123452187 547.830077379942 8970.74910196662 4106.2323243618 0 23.4821428060532 269.295587927103 43.6348319351673 74.9222557246685 4154.8164576292 5349.07288840413 2818.54354676604 28.3292472362518 104.749460041523 24.0858042836189 1337.54133281112 47.2616029977798 0 6648.68496489525 15.6150839030743 825.723460257053 6296.06475320458 9002.48596096039 952.155902296305 81.8817731440067 10.5847418308258 3920.33651697636 9.27400666475296 140.311787009239 11.430347442627 5.00692912936211 1.15927517414093 0 20.02912068367 0 63.4022522866726 12.2181746661663 0 0 0.405123025178909 2.01670658588409 0 6.30830660462379 0 110.386348038912 0 344.23784661293 0 0.399613916873932 0 5.94023153185844 45.378689467907 37.9689346849918 0 3.1154802441597 3.1240970492363 3.59712338447571 1.57132965326309 318.759522140026 345.192984551191 372.019442051649 0.804844200611115 0 1.3885138630867 63.2730651497841 0 0 5.57673984766006 8.50411969423294
57.56368085742 22.4042149186134 13.8987713754177 1754.616571486 153.316475182772 6039.60103602707 248.800656795502 963.759890139103 646.406226336956 19403.1280694008 8.99137803912163 0 100.41843187809 686.462025433779 3510.2130933404 2.16670644283295 9.32775908708572 0 3.75252547860146 19541.1543679237 15.3127355873585 88.788233011961 18.2058460116386 641.136895596981 10.4175862073898 12.4939413070679 28.8879391551018 554.483517259359 656.045057088137 22.1627922058105 0 47.6829242706299 28.4289751648903 504.963086605072 901.637904435396 393.969008564949 10.6456508338451 426.429585903883 38.6618006229401 3270.76528602839 70.7724698483944 35.4732132554054 20.6828345060349 0 6.77656811475754 0 33.2169563174248 1.43489623069763 0 3.20281773805618 0 0.661576092243195 47.7257952094078 0 27.5648273527622 23.477467417717 14.7066390216351 46.1456359028816 33.2632662653923 0 372.373852163553 1.32410383224487 3.16825914382935 10.0215581655502 0.955945998430252 0 0 0 49.8290576934814 0.402611762285233 2.20149230957031 0.508496463298798 157.748966753483 0 0 2.59505939483643 46.4320839047432 0.639014661312103 2.75211673974991 0 0.642527103424072 0 5.50984305143356 4.97962442040443
0.255229324102402 1245.66681259871 16.8422394096851 2.58116382360458 14.7370947301388 40.9600849151611 4.87290638685226 37.0079247951508 195.870093435049 9.06189805269241 23422.326084733 100.41843187809 0 32.2119372785091 12.7473349571228 14.4066919088364 19.5716727375984 660.499213397503 162.21023491025 7.10263592004776 11.9806597828865 444.732429981232 9.24823924899101 103.398277103901 11052.8342512846 5619.08102065325 5620.01092118025 17.313201546669 22.3783864378929 5.17542544007301 8637.4331561029 26.9109681546688 0.720034182071686 1245.55264726281 85.0884869396687 1303.00613239408 3379.6870649457 2239.72734114528 510.432620048523 140.003032952547 325.202571392059 5234.24930432439 10.2142528891563 226.060862779617 32.1984269618988 9.95139026641846 0.878177523612976 0 39.4400287270546 0 90.5115302801132 8.42602571845055 0 0 0 3.51213109493256 0 7.4849805533886 0.341023832559586 179.399963587523 0 583.277039676905 0.60938560962677 0 1.86608362197876 3.44732543826103 55.8954255580902 48.7969562709332 0 0 5.05640953779221 3.06049811840057 8.67421486973763 398.375507235527 472.791794925928 487.333810597658 2.67701864242554 0 1.2921553850174 74.9275405704975 0 0 7.23358857631683 35.1309298276901
14683.0507265329 12.8207393884659 583.886798202991 205.595282807946 431.629980534315 2991.63410544395 9216.63269007206 28031.2307220995 115.796882659197 3523.29562580585 117.326704367995 686.462025433779 32.2119372785091 0 149.135325700045 28.7146403491497 481.593871176243 20.747915327549 80.2724230289459 466.448554575443 304.079864770174 48.5499737262726 750.231463879347 261.174983352423 6.84450304508209 179.222362339497 123.781571567059 999.692854642868 9839.18260855973 1284.19644808769 0 1748.86718696356 113.359054028988 1631.54884719849 26.6770450174809 429.887195914984 47.6789283752441 850.474270015955 74.3318522870541 790.713121831417 134.421146720648 16.8592123985291 4.4264409840107 0 7.76014542579651 0.684665143489838 7.29757151007652 1.64535415172577 0 4.15995544195175 2.02606296539307 4.36587458848953 6.11633569002151 0 5.87838912010193 30.9596388041973 8.45272624492645 23.0768495202065 7.47792512178421 0 1.49774906039238 0 1.83219483494759 0 5.72839105129242 1.40607929229736 0 0.513708412647247 7.71808326244354 4.65200424194336 2.13177266716957 5.67144629359245 84.0408439338207 1.10613560676575 2.72489035129547 12.3519095480442 66.6747718751431 11.3719462156296 13.9249041974545 0.513566255569458 0 0.971732348203659 4.16504544019699 1.37569588422775
13.1798002719879 29.6087003052235 9.97110667824745 80.9249241948128 3069.27068525553 7352.48755967617 64.1207820773125 894.157413959503 1034.7430216372 291.219126671553 7.65725058317184 3510.2130933404 12.7473349571228 149.135325700045 0 0.542424201965332 4.5966454744339 3.56229615211487 2.60541388392448 215.444639414549 1.23150762915611 146.30461192131 6.22161984443665 405.493253946304 13.2645943164825 16.4378628134727 39.6549275815487 83.9056741297245 143.792803287506 5.62217217683792 0.434702396392822 221.678790360689 1.17808467149734 186.329349696636 27.3675746917725 60.8479964137077 4.95794028043747 45.0732223689556 7.92965400218964 11699.4335983992 77.9635362625122 4.68325132131577 7.53730058670044 0 0 0.358714699745178 9.16991883516312 0 0 1.51952230930328 0.359208881855011 0 12.6822117567062 0.663812398910522 3.87331667542458 6.5772091448307 5.06700593233109 20.5081866383553 8.1141742169857 0 9.6962565779686 0 0.283479064702988 3.32319331169128 0.66712212562561 0 0 0 10.0736005306244 0.792806327342987 1.66813334822655 0 43.3361647129059 0 0.322441190481186 0.645676612854004 21.7995823323727 3.68968373537064 0.985306799411774 0 0 0 0 9.44446384906769
36.2904617786407 122.426738291979 251.227095961571 21.6235320866108 0.841695725917816 19.0185907185078 179.739222079515 43.2508495151997 33.97827064991 67.1336445510387 6.39476123452187 2.16670644283295 14.4066919088364 28.7146403491497 0.542424201965332 0 190.419841438532 7.29439163208008 36.6067317724228 5.98792392015457 8484.18615365028 3406.7770267725 7737.57882538438 2222.3586525619 19.9141534268856 221.278199255466 5180.73314443231 1929.29481521249 98.8249958753586 516.397144496441 0 0.304756611585617 41.2152982056141 477.238198459148 110.500526130199 1509.67803439498 107.70988625288 758.29157781601 320.414934247732 176.814857393503 6.21388906240463 0 34.0077514350414 0 15.3044727146626 9.38938742876053 19.3634895086288 0.951612293720245 0 11.1176807284355 6.58230432868004 34.7620625495911 3.06601759791374 0 4.47761315107346 59.0017118752003 15.4996941387653 46.9899741709232 10.2801966965199 0 2.77742063999176 0.885066509246826 16.3597182035446 1.48113620281219 455.824738711119 3.47899371385574 2.37281262874603 2.43317919969559 2.77972912788391 239.414741277695 241.976628303528 281.347170650959 283.038871318102 0.340461403131485 16.9675776362419 103.670060247183 206.649564176798 36.1295913159847 109.326635360718 0 0.328930050134659 5.9533503651619 20.1538209915161 13.1452154815197
491.954103350639 883.506065964699 6357.07320192456 4.20416516065598 5.18983629345894 56.9908737838268 548.072798997164 548.986276566982 45.8687850236893 83.5606507658958 547.830077379942 9.32775908708572 19.5716727375984 481.593871176243 4.5966454744339 190.419841438532 0 400.555290728807 9368.87925705314 7.87109887599945 1734.2395811379 445.218737959862 9224.30277886987 218.403785794973 46.5172127187252 5880.85710990429 3960.21598803997 738.321858078241 942.405763059855 2731.8546679318 1.74210208654404 6.85444298386574 80.4393087029457 1902.1130823493 68.8212090730667 1960.95022433996 994.526540964842 2217.03912910819 527.41157501936 137.576424241066 4.6200949549675 0 7.68333321809769 2.95473122596741 10.025970697403 12.800413787365 0.561508655548096 0 0 0.711758017539978 67.9490615129471 116.724433332682 0 0 0.513623118400574 9.48204815387726 2.90320295095444 1.61902123689651 2.27690982818604 1.64163434505463 0 5.0152802169323 0.755516588687897 0 19.0932618379593 13.1778843402863 1.66321015357971 10.2678964734077 0.344185471534729 12.4720574915409 24.601202249527 51.3888223469257 24.2310712635517 2.58784744143486 77.2606797218323 406.305815756321 31.6654304563999 2.41327220201492 11.8318598568439 1.40143156051636 0 0 9.99356135725975 29.8235753774643
8.53429728746414 108.649325937033 92.2941367030144 0 0 7.30404227972031 6.04404190182686 22.7964986860752 15.0983200371265 0 8970.74910196662 0 660.499213397503 20.747915327549 3.56229615211487 7.29439163208008 400.555290728807 0 6226.74099510908 0.654378235340118 18.7437041699886 52.1367743611336 42.5635030269623 19.7011209130287 769.509325414896 7307.58161529899 1392.76141291857 10.0346957743168 25.5949283838272 20.8539906442165 196.899801582098 2.68246620893478 2.83837783336639 465.831840276718 8.68296784162521 408.377125620842 465.174521893263 740.234815210104 132.759341299534 8.22247359156609 2.55167388916016 27.3476357460022 5.85456955432892 5.7534271478653 7.82169780135155 5.32892537117004 0 0 1.11643540859222 0 32.1160031557083 5.75957000255585 0 0 0 0 0 0.398698359727859 0 23.1914347410202 0 53.7022458910942 0 0 0.676351189613342 1.3496013879776 23.6088228821754 32.8986268937588 0 0 2.19761919975281 3.19110208749771 2.00231105089188 131.668654561043 211.575859904289 201.520792841911 1.15963459014893 0 0 17.3005877733231 0 0 2.26326385140419 8.64663141965866
85.3989033997059 417.828456968069 768.094069361687 1.90097004175186 2.28567650914192 25.9231265187263 64.6501659154892 97.494463801384 34.1423533260822 11.866267323494 4106.2323243618 3.75252547860146 162.21023491025 80.2724230289459 2.60541388392448 36.6067317724228 9368.87925705314 6226.74099510908 0 0.518852233886719 177.673561304808 134.45314437151 517.923293679953 49.5030763745308 411.509691685438 8626.41807064414 2562.81351158023 112.289918750525 195.607158184052 284.095461666584 31.4451447427273 6.01758176088333 16.6069386899471 1233.40022292733 26.4223692715168 921.200635492802 571.294947296381 1669.07535091043 262.998344182968 34.6818183064461 2.22859239578247 7.06582206487656 8.75931680202484 6.41954201459885 15.024941444397 2.42353439331055 0.505728304386139 0 0 0 75.4714123606682 15.5032286942005 0 0 0.754895806312561 4.03252273797989 0 1.2648092508316 0 7.98027205467224 0 16.6187884807587 1.29558897018433 0 1.49722191691399 12.505643248558 2.37882143259048 14.9700499773026 0 2.83992701768875 7.33428704738617 13.6004394292831 5.4310622215271 32.3939862847328 171.923541456461 295.821390777826 4.94543218612671 0.665622591972351 1.17866659164429 1.91624540090561 0 0 7.44145637750626 11.490569382906
166.979919612408 5.40771335363388 20.5937747359276 30253.9224244058 22.8361401259899 1000.08965095878 2764.61823672056 424.301559865475 470.113172292709 26193.242595166 0 19541.1543679237 7.10263592004776 466.448554575443 215.444639414549 5.98792392015457 7.87109887599945 0.654378235340118 0.518852233886719 0 27.897419989109 36.1900613903999 35.5790942013264 2492.17482167482 1.50818938016891 6.37172749638557 12.5516415834427 2456.20385733247 541.379338175058 37.8934836089611 0 16.3935332596302 55.2355936467648 218.475389152765 79.3303200900555 371.898089170456 8.85573136806488 204.008916676044 22.1550376117229 625.092538535595 26.9670980572701 1.4085573554039 15.6290817856789 0 2.58669090270996 1.69482105970383 25.9697388708591 0 0 1.37123507261276 2.9113704264164 0 74.9035645127296 1.58434152603149 23.9822262525558 53.1179948449135 14.2538633346558 64.6714868545532 65.0422605276108 0 59.4219393134117 0.762922763824463 11.2815095186234 12.0452427268028 3.53606450557709 0 0 0 67.5397015213966 1.73203486204147 12.0317646861076 1.92608767747879 235.494262397289 1.99612879753113 1.17731881141663 3.6187236905098 136.682270973921 3.38908499479294 3.12426391243935 0 0 0 6.99159872531891 3.01089853048325
333.468386560678 51.6580384075642 1487.19715180993 24.202475041151 1.92057499289513 66.0762147009373 1351.58596429229 382.279510349035 65.4820933640003 166.180136263371 23.4821428060532 15.3127355873585 11.9806597828865 304.079864770174 1.23150762915611 8484.18615365028 1734.2395811379 18.7437041699886 177.673561304808 27.897419989109 0 984.321134984493 25768.1311129928 1511.69356146455 7.07506015896797 248.122487872839 772.697403728962 8048.33931410313 812.029580026865 15773.5135307908 1.34106969833374 0.913650304079056 167.960717737675 3541.50525450706 305.203960090876 4334.45735386014 264.814701527357 2314.50730705261 762.180138528347 595.548035830259 24.7511831223965 3.25586381554604 75.8115167319775 0.678371071815491 19.3124839663506 20.5859620571136 36.0669533312321 12.1102614998817 0 34.8535654842854 4.84681355953217 48.1036505103111 4.67617708444595 0 4.25254368782043 157.242814123631 26.7545831501484 75.6243110001087 26.0331961810589 3.19426435232162 4.03991571068764 1.67857432365417 39.1493374407291 0.686286628246307 252.67293420434 9.02776032686234 0 2.30669564008713 1.20300656557083 274.151454120874 116.236198604107 138.813835382462 471.22831505537 1.55831843614578 21.6634197831154 63.6221527159214 381.466050744057 116.624137312174 246.780073076487 0 0.644726037979126 11.6857868432999 38.7218391597271 61.49690335989
49.9124797731638 2667.85183802247 480.883536159992 82.2173101007938 41.4003459513187 40.3705079555511 239.746140450239 49.4739203453064 4611.31936067343 97.0577772557735 269.295587927103 88.788233011961 444.732429981232 48.5499737262726 146.30461192131 3406.7770267725 445.218737959862 52.1367743611336 134.45314437151 36.1900613903999 984.321134984493 0 1496.17112401128 8398.23992660642 1095.01791603863 759.933478653431 5997.0058824122 1494.80437809229 150.901662647724 518.747576266527 19.3895868659019 1.65957567095757 26.1944821178913 361.59048807621 54.7873395085335 915.233481884003 270.040133118629 825.855656862259 236.282150000334 488.742273032665 2.73418933153152 52.9870909452438 24.8324404656887 0 10.5126767158508 11.8215140998363 10.8308191001415 2.9221476316452 0 12.8045690059662 25.0655668973923 92.8681668937206 6.89923623204231 0 4.46881720423698 57.7173853516579 11.0943886339664 90.2642761170864 12.4745657145977 3.26484888792038 4.89455890655518 4.47220420837402 9.0734935104847 2.18963658809662 260.504339784384 3.27282965183258 0.746790707111359 7.7734090089798 3.17677646875381 93.9719108343124 141.242307573557 230.752719670534 160.524721235037 6.90653038024902 41.3478572964668 246.774344861507 126.687779039145 14.8095747232437 56.4007886648178 0 2.16255077719688 1.83184453845024 25.2201387286186 13.3445020616055
596.506594717503 118.414321780205 9488.21053722501 23.2274777293205 2.75788286328316 133.199957877398 2228.38126370311 950.177633225918 52.3837521076202 297.369114458561 43.6348319351673 18.2058460116386 9.24823924899101 750.231463879347 6.22161984443665 7737.57882538438 9224.30277886987 42.5635030269623 517.923293679953 35.5790942013264 25768.1311129928 1496.17112401128 0 763.690152347088 4.42464298009872 959.085909187794 3866.94684404135 5001.10096147656 834.925161033869 8163.72861853242 0 4.3683770596981 130.91425794363 3341.28474706411 384.714403837919 5581.29591658711 1180.3827855587 4240.51651111245 1524.38225647807 776.200378388166 20.5872762799263 5.51739531755447 51.551698744297 1.00904414057732 15.1860954761505 20.3114319145679 11.2522775828838 0 0 13.171135365963 14.6181932389736 156.397659927607 5.73374772071838 0 6.79943826794624 58.1172402203083 19.2981539368629 38.2067396938801 20.6812447309494 2.30525308847427 0.817764461040497 0.415686517953873 9.67121270298958 3.71828520298004 714.659648567438 11.3960336446762 0 4.25414046645164 0.984571278095245 225.406068742275 281.969052225351 616.583506137133 270.821279346943 3.22623980045319 33.4639784693718 415.127437591553 216.201505631208 20.861125767231 82.4375593662262 0 0.943030059337616 1.0804323554039 23.1075916290283 59.5070543587208
317.092091917992 556.406507581472 304.612823337317 4096.50425243378 119.517742335796 362.298146367073 3317.6589718461 341.001169145107 11548.4369978905 2230.44510093331 74.9222557246685 641.136895596981 103.398277103901 261.174983352423 405.493253946304 2222.3586525619 218.403785794973 19.7011209130287 49.5030763745308 2492.17482167482 1511.69356146455 8398.23992660642 763.690152347088 0 231.351355969906 388.549587070942 1812.01926445961 24061.8061929941 996.996939986944 1487.99287125468 12.0355523228645 6.49692565202713 205.027066260576 593.927730575204 99.4018267393112 1511.35394233465 67.0749920010567 701.476982712746 173.994088172913 1630.48322111368 28.4925094544888 3.26833674311638 207.445031940937 1.97527351975441 85.0384445786476 37.912264496088 145.496661320329 11.3774821460247 0 56.5557648837566 23.2905580997467 35.3704525530338 241.902138113976 1.1108580827713 126.981852740049 547.20306006074 202.315031081438 522.370393663645 324.460926905274 2.81361973285675 105.253748506308 1.16648730635643 115.080476224422 41.9100525081158 84.4736577868462 4.38697245717049 0.666086912155151 3.68132546544075 244.130340218544 125.752274245024 96.3973266482353 70.5715316832066 1984.20477750897 3.27226680517197 16.6439643800259 64.3989064991474 1302.82268667221 156.36540812254 176.488287806511 0 1.30294954776764 15.5728061497211 97.7274438142776 16.8797087967396
1.37402006983757 3907.74462983012 18.0607602000237 1.43386787176132 5.42249596118927 6.18789231777191 7.14559879899025 6.74128437042236 326.789347469807 2.25461289286613 4154.8164576292 10.4175862073898 11052.8342512846 6.84450304508209 13.2645943164825 19.9141534268856 46.5172127187252 769.509325414896 411.509691685438 1.50818938016891 7.07506015896797 1095.01791603863 4.42464298009872 231.351355969906 0 2334.90575325489 7813.96443507075 33.3791437745094 5.29612576961517 13.0752165913582 226.174579620361 2.38520550727844 0.629467785358429 258.090520322323 1.71676748991013 161.065657824278 1484.66248109937 720.530642956495 89.8342723250389 69.1104505956173 0 1446.93783023953 34.9292635321617 120.435000360012 48.1403306722641 15.6453677415848 2.81859707832336 0 23.0301995873451 0 138.613697886467 21.6181842684746 0 0 0 2.4931645989418 0 6.19855707883835 0 97.2772999703884 3.35659718513489 229.817266851664 0.436545222997665 0 0 11.7725711762905 44.906585842371 64.9052831530571 0 3.2342312335968 14.7672595381737 1.4616916179657 4.7787249982357 270.054805725813 676.045501291752 699.926113247871 0.602816224098206 0 0.910087406635284 46.2260718345642 0 0 15.0046224594116 2.41035041213036
119.154024988413 2090.04152071476 9008.05235958099 7.9189056456089 9.57212084531784 43.8550860881805 219.185734182596 231.561665594578 227.650038570166 42.3752877414227 5349.07288840413 12.4939413070679 5619.08102065325 179.222362339497 16.4378628134727 221.278199255466 5880.85710990429 7307.58161529899 8626.41807064414 6.37172749638557 248.122487872839 759.933478653431 959.085909187794 388.549587070942 2334.90575325489 0 39442.6728110313 289.449587672949 187.956745311618 322.739093750715 4975.70678928494 5.21995413303375 33.1790076494217 1502.31162488461 63.2568648457527 2272.89803174138 2064.5633328855 3278.84342515469 654.315846323967 144.406493157148 0.985536515712738 40.9870811700821 124.371007472277 49.1798403561115 138.671179890633 46.0424763560295 0 0 7.28479117155075 0.758962571620941 763.11743542552 227.243735402822 0.728734016418457 0 0.486097544431686 8.72057139873505 4.19231569766998 13.0917713344097 1.24152445793152 140.028152883053 0 288.263147562742 6.12284672260284 0.440275371074677 18.6565205156803 113.507185131311 99.2189461886883 238.855251461267 1.78034120798111 10.311116784811 29.5169774889946 52.853173404932 20.7024545967579 646.903808802366 2175.02723878622 3183.29994881153 12.0806309878826 1.88900449872017 15.1576303243637 89.2675874233246 0 0.382780373096466 77.269303560257 21.0937173962593
56.7344853579998 8888.68708664179 8657.12562465668 23.9101183414459 16.2516126036644 47.2561588287354 270.348859190941 118.102711617947 616.534373238683 80.6721828877926 2818.54354676604 28.8879391551018 5620.01092118025 123.781571567059 39.6549275815487 5180.73314443231 3960.21598803997 1392.76141291857 2562.81351158023 12.5516415834427 772.697403728962 5997.0058824122 3866.94684404135 1812.01926445961 7813.96443507075 39442.6728110313 0 915.270466208458 160.242581784725 275.45522069931 3288.68073701859 17.1353896260262 20.0058636665344 2688.5388956964 176.579529479146 4933.70564854145 2190.35454425216 5204.06596231461 1189.17032542825 441.200574100018 14.7668071687222 63.9318057894707 160.289298325777 46.2735921144485 229.513567566872 67.4823273420334 8.52912497520447 1.27496659755707 1.09233137965202 7.1948299407959 1048.88144570589 1039.41988644004 5.04937386512756 0 2.61166664958 41.0509485900402 31.5310157239437 36.7024676203728 16.0614694952965 102.724402070045 2.38421630859375 204.359971016645 14.9085087776184 2.15644985437393 480.768485426903 227.814513802528 92.2044538855553 195.842192918062 1.88863658905029 122.928688079119 313.207606911659 891.001567751169 118.783645570278 517.755600094795 2152.48465669155 5154.77479037642 148.73372194171 12.1492391228676 75.5590241253376 52.0393615365028 0 1.77854931354523 116.336474537849 66.9456912875175
925.632227689028 73.185621291399 1585.84868642688 16919.9259544611 25.5853168070316 775.431626558304 19215.7472787797 1057.54568317533 1884.13519957662 13634.6381343007 28.3292472362518 554.483517259359 17.313201546669 999.692854642868 83.9056741297245 1929.29481521249 738.321858078241 10.0346957743168 112.289918750525 2456.20385733247 8048.33931410313 1494.80437809229 5001.10096147656 24061.8061929941 33.3791437745094 289.449587672949 915.270466208458 0 2266.94915577769 15290.272780925 1.7642394900322 14.7950759232044 536.248631596565 1737.57628381252 214.295807123184 2905.45906981826 90.0870252847672 1577.79959529638 360.096731811762 729.619003415108 76.5674915909767 6.16597312688828 203.196005314589 2.53219473361969 83.3908819556236 32.014374345541 132.847809374332 13.275261849165 0 61.3368315696716 6.8086718916893 35.8619575202465 156.215904206038 1.21108120679855 75.7310716807842 494.235396683216 173.329377561808 315.205318301916 209.139474391937 4.93088376522064 47.4597507119179 1.18508961796761 100.698761314154 9.1007986664772 112.463567316532 9.01969739794731 1.81175148487091 1.80489945411682 140.33008825779 152.426902711391 72.5450090765953 105.500309586525 1632.26752729714 4.26585114002228 15.4542253017426 64.2234379053116 1252.14079922438 166.562251776457 283.128595739603 0 2.73623424768448 16.4001069366932 103.128944396973 38.4418509304523
24050.3433228731 31.1995722353458 354.337832987309 325.231082886457 673.991653978825 2059.83745290339 2803.20997482538 2724.64102333784 358.975320339203 2048.72219343483 104.749460041523 656.045057088137 22.3783864378929 9839.18260855973 143.792803287506 98.8249958753586 942.405763059855 25.5949283838272 195.607158184052 541.379338175058 812.029580026865 150.901662647724 834.925161033869 996.996939986944 5.29612576961517 187.956745311618 160.242581784725 2266.94915577769 0 11061.3673563302 1.14615201950073 3025.36677145958 9042.58842030168 5473.18187251687 71.3176670968533 964.150952190161 67.9553976356983 1750.2894757688 162.434470027685 1095.17789939046 426.266427963972 13.6522433757782 37.8441217541695 0 18.8653852343559 11.6067565381527 18.507199421525 2.04424223303795 0 6.25314006209373 4.1150878071785 5.46496412158012 10.4523962140083 0 11.3302417844534 107.90436565876 29.2192640900612 50.6686441302299 26.6241063773632 0.572671294212341 4.91053330898285 0 20.8440329730511 1.50659278035164 13.3092838823795 4.3384213745594 1.51492428779602 0.764239966869354 15.537693053484 21.2792978584766 11.4425329864025 12.0543980002403 245.335843205452 0 4.83790653944016 9.34568560123444 221.05217513442 35.1895535886288 58.684313505888 0 0 3.07505589723587 27.103444725275 6.7486979663372
6365.77079445124 40.7699093520641 1348.609767735 57.028155118227 4.03464779257774 114.022244870663 14130.2019554377 1071.18830412626 451.354280173779 343.610513448715 24.0858042836189 22.1627922058105 5.17542544007301 1284.19644808769 5.62217217683792 516.397144496441 2731.8546679318 20.8539906442165 284.095461666584 37.8934836089611 15773.5135307908 518.747576266527 8163.72861853242 1487.99287125468 13.0752165913582 322.739093750715 275.45522069931 15290.272780925 11061.3673563302 0 0 8.13311976194382 444.259542793036 2989.28436031938 155.78528508544 1808.68483513594 81.7041554152966 1512.75057446957 294.63623008132 290.918937623501 37.4741254448891 0.85597088932991 117.555438160896 0.956426441669464 54.9133121371269 26.9697187542915 52.3798944354057 9.28699281811714 0 47.9538141489029 4.4711040854454 23.3567069768906 17.9549291729927 0.363354712724686 18.4857549667358 257.395334511995 72.4518612027168 105.29748275876 51.0692631602287 1.65918004512787 4.37085220217705 1.29252254962921 53.7317165136337 0.616634249687195 59.5504824817181 2.81943574547768 0 1.04252317547798 11.8948668837547 136.308543890715 48.2976160943508 50.9239660203457 602.239666640759 2.09264373779297 10.2628338336945 31.5545903742313 632.939316868782 100.179836720228 204.655768811703 0 2.12963646650314 7.65959045290947 69.2541670203209 24.8749940991402
0 54.1153455376625 3.99652224779129 0 0 0.584056437015533 0 0.522920846939087 17.6262648999691 0 1337.54133281112 0 8637.4331561029 0 0.434702396392822 0 1.74210208654404 196.899801582098 31.4451447427273 0 1.34106969833374 19.3895868659019 0 12.0355523228645 226.174579620361 4975.70678928494 3288.68073701859 1.7642394900322 1.14615201950073 0 0 0 0 19.0290810167789 0.397334069013596 26.048747330904 95.8073166906834 83.1239589750767 15.0282445549965 5.4651303589344 0 10.802900493145 4.8008103966713 0.650852560997009 4.45287236571312 0 0 0 0.612629771232605 0 12.4675381183624 1.86507508158684 0 0 0 0 0 0.52253520488739 0 10.7854096889496 0 30.0996502041817 0 0 0 1.98097723722458 6.67614939808846 4.67468124628067 0 0 0.76595675945282 0 0 52.0855893194675 95.1481016874313 90.7759079933167 0.575351655483246 0 0 2.56583416461945 0 0 1.05916967988014 0
4.05748111009598 0 4.25899975001812 8.84636682271957 1820.00047406554 3856.0631788075 12.6156529188156 1619.77624228597 12.1274921298027 47.7229843437672 47.2616029977798 47.6829242706299 26.9109681546688 1748.86718696356 221.678790360689 0.304756611585617 6.85444298386574 2.68246620893478 6.01758176088333 16.3935332596302 0.913650304079056 1.65957567095757 4.3683770596981 6.49692565202713 2.38520550727844 5.21995413303375 17.1353896260262 14.7950759232044 3025.36677145958 8.13311976194382 0 0 5.50774011015892 2196.44730916619 3.73656493425369 67.2494837641716 15.829108774662 314.741026580334 19.5948706567287 486.867871105671 1888.15842491388 14.825159907341 0 0 0 0 0 0 0 0 0 0 0 0 0 0 0 0 0 0 0 0 0 0 0 1.77241516113281 0 0 0 0 0 0 2.91402038931847 0 0 0 0 0 0 0 0 0 0 1.11782670021057
