0 112.282125988297 99.2518577355602 91.3291780217127 75.21068458571 58.0057799350715 27.488495882402 21.7243869853296 74.4221938111187 46.2757927901689 110.356976905672 84.0231787912919 166.217102050781 17.1062952908911 55.0264306975572 97.3226361948269 94.7350485977285 149.366506397479 118.615117177256 61.4796452697172 79.2846476941149 90.2999343010389 88.9498483890485 81.0031021428395 141.18811498647 120.237970470712 121.126803834144 76.1481976476989 12.3494934081884 21.3052036849455 0 96.7416761955338 29.3997857267485 54.8412210144848 150.022221603006 88.1257206946881 93.0971621857161 77.5593018450647 101.908434359234 66.4402632421362 66.0265487933716 0 155.325438627722 0 148.435244740287 145.508195536777 161.634721097969 172.335266113281 0 174.711853027344 131.254440307617 157.719641034048 178.084771635235 0 177.121081114407 138.204943749217 167.072509737589 94.0703763766837 180.80173331755 0 0 0 175.206040473059 0 135.163979334979 197.4697265625 0 211.913350856833 146.897300961351 136.230149285517 145.38724562576 163.194901405584 127.355700676563 0 205.311298160058 159.295904895163 142.517507936545 179.18016191783 143.010277814803 0 0 145.146197499 158.046961575903 194.888162115035
112.282125988297 0 45.4066985051289 110.812558771869 132.465095604481 123.203888054768 124.481986082903 128.207964319809 73.9834462895747 154.633521597352 57.3334219806101 99.0868184374607 46.7243190390737 131.50356038738 106.731631659674 63.837574380391 53.4751415926261 73.3499265053201 58.655722602519 138.297203182826 94.9290948569578 31.8273340105098 66.7100379001728 82.1281683893459 22.1817984052834 51.0341656445715 24.6590411920079 100.962392523694 121.543537328161 107.827249807193 66.9606469917741 0 112.340554654315 47.5463158911277 126.690740748612 65.8435615386202 42.8857832203414 50.8117723866411 58.174231023558 86.8668748443796 0 47.3904242123237 99.0537822785998 71.575691720703 80.4471173940483 88.841565726324 112.951187837692 0 75.346218662051 126.005056510026 28.84223027753 66.5340556476893 189.970201816452 0 161.622827523366 134.562340557461 147.834445019053 82.4309465690675 0 108.800536914999 0 80.6393978998761 211.448165893555 0 72.5786945627054 79.5404774905558 111.769845178792 87.9157856739909 0 121.346075826906 51.3223948404173 86.3757852522118 110.551126955274 64.431232698694 75.6285687464553 60.788923867152 146.894108171665 0 112.544615013651 103.565193228145 0 0 79.3063363065472 152.022857579883
99.2518577355602 45.4066985051289 0 124.60146469432 159.004506018749 124.319278483528 87.9804355403549 110.227861667741 110.140982359937 116.775559920719 84.6526245949782 149.307980858281 95.1247029097466 117.571069187857 133.00166959835 76.6413209702985 43.9736224474437 85.5834721016844 67.302510179913 125.160094044322 63.211007119381 50.5549900118749 34.7680554884625 97.2540224460495 84.7061500674777 34.3598169844379 30.8635289711582 84.3405918343593 109.765667500626 77.7431453060777 96.2232765871051 132.414001604648 106.90325655614 56.4326370099341 139.873949257359 68.6096343815034 44.7029916661969 56.1162737851489 62.9019743132484 85.5881376001319 101.996714058522 83.7020160701486 136.965579980543 0 129.659636017541 116.918418289667 144.502539225582 191.210210822186 0 154.502993152945 72.4322380836397 97.5907579842753 184.759279682865 0 224.08396077516 164.408341254209 188.958595503353 131.752802502074 191.611292565046 147.188425089006 0 129.286147283618 183.208406613384 0 106.040041390493 119.388551834618 150.083346205986 139.62779300796 0 128.131025515002 76.5771309519953 106.769930085827 143.838758852903 112.976873608079 118.038584229803 93.3163551983387 150.829836110066 178.595150418757 138.318586244316 145.022232055664 0 0 114.140997780689 151.594599816127
91.3291780217127 110.812558771869 124.60146469432 0 110.560996423573 82.1677105199877 50.2671059286353 96.3055612051441 58.8917593551605 24.007641320807 149.265902706402 55.9585948103371 157.740378225748 117.898844576136 80.3743060311231 88.8099530631316 162.00319594661 0 142.225341382924 16.5519177910348 125.692288685472 75.4283182496319 124.27665608374 30.7820410305467 117.35268826862 166.522055951884 121.74646844546 18.8032474366811 110.453587870156 99.1022202899094 0 139.933163997351 92.4492549772818 105.135204499767 124.220194590601 99.765951043286 121.515604216962 107.225759518896 106.48389351929 67.9248016399783 112.054909858287 0 116.60080789647 131.510269165039 159.12656324551 171.429874110969 116.912947222233 102.843910217285 0 166.40345843416 186.4474825718 186.572254054379 43.5596790262672 128.610000895296 168.835781628001 151.220325579013 163.594125579801 86.2377294848639 152.328582892751 0 26.0140245498798 0 187.621830398144 104.485681149614 139.437499431199 0 201.908660888672 0 50.2331340231843 163.722752598874 128.544268718392 200.259246826172 113.049869760259 0 0 202.464385986328 121.443238941798 153.166818488162 142.36258478823 0 229.265029907227 127.71819711193 150.092393031881 169.269165039142
75.21068458571 132.465095604481 159.004506018749 110.560996423573 0 17.54109562018 110.388016649496 26.62632117354 54.1289677508993 118.959232947094 79.377960563292 65.1487204079422 94.2960768444593 35.3688169654748 17.1120182711931 168.60417175293 164.999136635401 0 120.40860038475 96.8127363466782 158.101326264492 98.5678491662363 156.07731728617 76.01462679585 106.688620925721 154.510906244328 139.469814298792 118.368455225571 30.6942776896873 106.654566539495 0 13.5598603114869 106.780129655303 13.967139683167 85.4346216204062 68.4076418598181 66.9138791878072 46.3747005375302 47.7578370025062 15.0441879406798 8.31213747536822 54.2552702672238 138.505072604846 0 0 0 143.692306984584 0 0 0 123.195091247559 0 145.729535230556 0 145.877973784696 162.51696224957 213.269045939479 100.073573068412 165.479170113137 0 103.122422558368 0 200.773590087891 0 173.172180175781 0 0 0 155.322247783517 203.845367431641 0 0 127.97892102071 0 0 215.814467760744 162.508419498466 163.956298828125 0 0 0 0 0 102.92497253418
58.0057799350715 123.203888054768 124.319278483528 82.1677105199877 17.54109562018 0 58.5392244935479 17.8280454043483 69.0113669710347 25.944943500741 73.185051817946 39.0527273323675 69.9210339728253 41.7589751793838 16.5002144249975 124.647858362088 139.109440357496 121.534535862382 118.928613666072 49.3457588909406 120.667405025701 100.764767216973 117.034381079799 82.8500718731312 119.281479483617 134.6562054098 129.688263596959 74.7327863213896 46.5053753839635 100.974390884191 108.601402282715 11.6945359871637 89.6181865999212 37.7601830663686 17.6275912203727 89.2415263061838 88.6062893859134 60.8156412571896 69.6040213100764 24.7226597880659 26.7517336528519 66.2021504298983 143.011246301864 0 163.223506597571 181.891983032227 119.401559788168 178.97331237793 0 163.462315327003 198.20833647175 189.314035575626 160.796488548031 0 178.271278775898 154.282756951759 178.292171727967 101.266601755399 179.31798074825 0 87.7630997924597 0 200.599286651885 0 162.050833081829 0 0 0 152.763241044924 162.240542718157 170.753098985488 189.20141637863 137.080542623814 0 0 183.492778001262 161.039395086161 186.993910855857 161.422700453678 0 0 192.034926248928 160.041779596474 241.272369384766
27.488495882402 124.481986082903 87.9804355403549 50.2671059286353 110.388016649496 58.5392244935479 0 53.954241431647 63.5999890818552 24.0582889709682 144.985144007679 65.9918066069215 160.65515276483 34.600775716276 83.8210842167104 79.4722069449372 98.5426823238038 139.916006497658 126.676293443918 26.0545012080597 72.3805958703858 80.0405980135158 79.3500435917343 52.960749857867 140.357508780531 120.925312110406 103.320115187249 34.2654939757924 55.2228023275516 24.3160207308446 0 124.776779553307 65.0659935508625 84.819350492017 153.347608186561 91.2585494985188 109.493876074906 95.9397707736912 99.5562216057493 84.2474507554071 94.4822509249172 123.822774718837 149.552547316529 0 156.394276420395 158.265852261154 148.089771637612 190.310440063477 187.799530029297 157.947799764194 156.310066810017 164.889032439385 143.865892211166 172.056915283203 165.278061328388 136.104146219435 165.764704038522 86.6040150439109 159.130706471317 184.602951049805 124.916997407979 202.244857788086 178.363405291672 109.226851037788 142.233571518393 182.412713019707 0 218.978851318359 130.182137946534 152.414193435853 131.244434457456 165.073686416438 118.042173347708 146.549377441406 202.807281537204 168.956958193693 135.842104035722 167.892912946199 145.760590831858 0 0 142.351023217122 156.808383246663 155.533277464417
21.7243869853296 128.207964319809 110.227861667741 96.3055612051441 26.62632117354 17.8280454043483 53.954241431647 0 82.9099160542474 61.4369163022398 81.3041878291841 73.2307348815225 72.2333999382526 15.9388063525287 39.7495714411491 122.293647537026 114.235090254697 146.328540384184 135.145523533705 82.3537524079102 101.706591671985 114.775012676342 105.89169485476 95.2555618520216 125.948477974281 135.756291772981 128.133354853572 88.143781627822 43.541352498749 70.5261531008604 192.615692138672 17.9924063328096 79.3563953785115 47.3367678409976 123.13987103429 87.4476805928205 94.3929979545861 60.7591017529282 68.5925379259655 39.1552759373676 35.3918743815076 62.9846998406767 163.066913408027 131.983840942383 194.643492740657 153.433471679688 183.301770532132 191.717017150701 0 168.227490330674 185.773557928882 182.752660573088 166.917427622597 160.703811645508 183.00320100981 159.275084913731 184.640469960056 114.762660757217 179.714833422743 210.9296875 131.863287084625 235.846298217773 180.242515383534 126.559970604621 161.764639149013 207.255583458776 0 0 153.044457338857 160.496085724564 144.302534235605 193.076430984592 139.607780424279 0 219.584865150165 172.967514330601 160.57696966595 193.856916921646 159.999358144798 142.904510498047 0 152.96607514288 172.96266238635 176.111318336148
74.4221938111187 73.9834462895747 110.140982359937 58.8917593551605 54.1289677508993 69.0113669710347 63.5999890818552 82.9099160542474 0 83.1201431402097 131.270848009724 24.3853728765465 122.207862380561 101.709931866217 27.3209851582077 78.0657610734448 126.860341004 137.017030693671 134.652389393667 50.7600078206651 91.0931060166754 29.7541464738982 103.865425543458 24.142477503134 102.992185261421 126.377107472669 106.05699337207 60.5018339161544 81.7104184110838 67.5943514760235 140.08259568962 93.8027506692414 76.1811225628662 88.470382928699 141.401914574783 76.7211936601458 115.957492863033 100.943560246959 105.418790294484 21.4106393227561 82.3116113345286 133.15210438663 86.5179506650038 0 134.688088217203 120.940635256257 66.6909934778816 0 0 115.622164713592 118.994785355825 150.932848656381 92.4289887489227 142.870841156119 120.595044550818 97.4517068287936 124.328018634315 15.8023710399018 114.224081639588 184.974208570338 69.1516971828624 167.182991914282 128.027535591376 61.7024373934465 105.716596057984 143.240646362305 182.51461909587 189.193298339844 85.0693329715044 122.05016579087 71.4901382334304 93.0344230201312 71.8676611877836 156.428646788963 166.730134937619 157.987042744606 93.6943269212286 118.309973808719 104.232752539589 209.56706237793 0 96.3223125447315 113.399873907456 164.847860950088
46.2757927901689 154.633521597352 116.775559920719 24.007641320807 118.959232947094 25.944943500741 24.0582889709682 61.4369163022398 83.1201431402097 0 145.972072460383 30.1506177346326 151.904997332915 57.4882991564415 83.5915009034045 111.048699466966 146.287723217011 0 178.892490152669 22.9703494647916 110.193355272423 96.9579977540134 114.128046594291 64.6706618073551 162.577967607459 154.861428774632 121.901491932501 32.0872554268192 107.865943028277 99.4748518702766 0 139.660703739981 93.5048076209992 103.339219996926 76.4555461869669 103.639648343478 117.58749988394 108.326109716057 112.394355591869 86.1717773267872 112.077079233677 129.553401719415 164.633933779367 0 177.547712091488 189.660421993347 128.863386491043 173.702858187685 0 165.146160458261 171.465726875429 229.312827449396 153.847774397186 133.106506347656 172.777511820927 156.841786761043 181.233820222571 104.52802195908 99.8978501128988 0 54.9233831741376 182.185958862305 191.922144867232 131.000737930378 167.343651111469 0 0 0 126.540676978197 174.462877851412 146.436434904566 199.141367465025 134.897022449149 205.699066162109 241.477493286133 177.32751240991 159.1004044574 188.208693093885 187.645305561628 0 0 153.435577603423 182.760839174872 188.035630516009
110.356976905672 57.3334219806101 84.6526245949782 149.265902706402 79.377960563292 73.185051817946 144.985144007679 81.3041878291841 131.270848009724 145.972072460383 0 134.77912749314 15.2196654153428 78.3576396652269 130.830588137035 125.089247888461 47.5764727865343 24.2167394499274 26.6495667824618 0 115.205306729049 95.7566369412906 88.5588712302306 139.889063999688 32.2948453742458 32.6495653567148 51.381576193987 148.190077017401 74.7817763928663 102.48323789292 22.2385743766578 69.204018947249 0 22.7473814977889 132.74638308672 72.3715904844593 27.216790135483 26.4738470436967 42.0762901959568 80.6072678669469 68.3303273332868 15.6909971434854 148.333813636997 47.2915389843541 117.757839900614 140.732161183924 220.983291625977 0 49.6705052559551 0 88.5211589906342 134.469415557186 0 0 210.503646850586 211.536313754111 0 144.344978271612 0 95.2798739348778 0 79.7633102452356 0 235.493515014648 0 135.665663126202 102.468129638359 113.23212699833 0 192.484617554468 169.570242219656 167.289463995266 186.510178053205 67.5764430897997 107.162655756587 107.626126041639 180.56591796875 0 181.015040115608 104.389492204786 0 0 119.972609240092 127.115761894632
84.0231787912919 99.0868184374607 149.307980858281 55.9585948103371 65.1487204079422 39.0527273323675 65.9918066069215 73.2307348815225 24.3853728765465 30.1506177346326 134.77912749314 0 25.1964879208948 96.1735544282585 22.6857237690942 123.444190497681 173.118402551094 0 167.001961289597 20.4377431244541 133.653542272802 67.4322619388519 160.12578482579 37.6516900334756 117.276972343058 167.304933981968 127.902535786776 71.5320611130017 101.757389221981 120.043011458774 0 105.708509237766 97.0583964865535 65.392285087588 17.97235842617 85.4595595397718 66.9456855629664 71.8404863334597 96.1336328553199 32.9820217517536 56.2355085300341 22.6172837826446 91.3204459914222 0 162.160770336733 0 91.988819915489 211.168701171875 0 151.934672684686 0 207.023452758789 112.034465916856 0 97.1528588465715 135.186277266899 153.330588088355 69.9001424579443 124.618210430486 0 17.2841484751423 160.991912841797 137.211772931615 92.3845672611521 172.354631651792 0 0 0 93.6807079463267 242.202697753906 116.653950690367 202.961135864258 109.11506611566 0 0 128.051183016026 140.857728469226 201.618118286133 140.499906320834 0 218.939392089844 0 152.429615573902 105.537462696741
166.217102050781 46.7243190390737 95.1247029097466 157.740378225748 94.2960768444593 69.9210339728253 160.65515276483 72.2333999382526 122.207862380561 151.904997332915 15.2196654153428 25.1964879208948 0 65.9037721422055 127.59478425991 125.188593203723 84.8776112247363 45.6276381774103 54.4282732290329 133.192094878368 129.130758607957 83.8957751448077 119.487171106372 129.598942380865 17.6362153906096 17.4925105685204 25.8265876130257 153.738568802877 76.651460770142 148.508298508521 7.52551279585145 59.2531347823294 146.525665283203 23.1635133747122 79.5973211354344 19.5758535434508 26.162753556548 22.9637011283726 21.1852587725905 58.8638188047787 17.0238526331758 12.8969287452149 159.907182347475 47.7456228334334 100.99993485497 93.8726038833841 175.759552001953 0 57.631435703253 0 70.6415303418176 134.945890295597 0 0 0 180.892983693012 0 148.831433127451 191.307495117188 78.8609014980279 0 57.0612991182624 207.672012329102 0 144.300628662109 136.008354806169 93.9090707005133 99.1921103437655 0 0 116.296532645763 165.935805209039 162.839491091494 61.0017084918569 96.5878056550657 99.1499403156269 161.12990870173 0 167.798141479492 92.4640732676804 0 0 126.653291885202 84.8379097667147
17.1062952908911 131.50356038738 117.571069187857 117.898844576136 35.3688169654748 41.7589751793838 34.600775716276 15.9388063525287 101.709931866217 57.4882991564415 78.3576396652269 96.1735544282585 65.9037721422055 0 59.0603417367226 131.234858847057 122.494183168087 122.529591145699 138.257407909822 84.8215875689163 106.3649472727 112.435421634673 110.927733729986 106.922688000996 115.820052603065 138.826113016719 132.221791923393 96.3077363594681 23.5670413346179 72.1800459485632 0 20.9736293452285 60.9553499181936 43.3806502428104 123.301491748482 85.1526799423521 90.0479142781275 57.8810495488715 75.1536903079724 48.7362819130302 37.1249782293179 66.9069503805212 191.441142649495 0 177.506841103194 190.536514282227 171.164752592221 216.699127197266 0 180.099296069108 174.696757917508 182.306760604339 180.552573736642 0 195.145362058879 177.654530709427 194.479747131233 117.569339643137 202.65294106602 0 148.711964967333 0 196.785540155876 0 174.525956563576 202.642876983053 0 229.342620849609 169.70094334117 167.564682489417 134.943776981594 193.109276285585 156.374011632693 127.65690612793 226.893647161764 184.433764195111 168.179861017707 185.048032847651 174.016184061436 182.706115722656 0 168.653032703212 190.11705295322 161.52031104463
55.0264306975572 106.731631659674 133.00166959835 80.3743060311231 17.1120182711931 16.5002144249975 83.8210842167104 39.7495714411491 27.3209851582077 83.5915009034045 130.830588137035 22.6857237690942 127.59478425991 59.0603417367226 0 137.986968994141 134.302539994714 185.996820762155 152.197579623867 62.6038432207489 142.512573141476 71.0114770123013 145.978539921204 50.2623063819583 140.126014625615 156.810048124787 139.518813800548 90.9806483017228 61.2825646526989 104.569799393036 166.062850952148 44.7064677057453 150.962833938752 44.5129807409841 49.8114766878977 62.8979760995979 101.76463206275 70.8463173094796 51.5423349754184 11.5332510659577 32.7242274566684 74.4789218636843 91.7870422452691 0 0 89.9201202392578 89.001192224658 0 0 192.632431030273 133.048385620117 0 132.378910362556 115.937782287598 165.935348454022 119.879364681983 157.203930348347 61.2928653806047 150.621490356769 0 97.9980061299172 0 221.801010131836 99.5043585797169 219.998840332031 0 0 0 112.663559890925 126.001403808594 110.646148979791 0 101.185537897799 0 234.326232910156 210.641098022461 128.606531811399 174.202832727238 138.136260986328 0 0 0 0 92.202381277574
97.3226361948269 63.837574380391 76.6413209702985 88.8099530631316 168.60417175293 124.647858362088 79.4722069449372 122.293647537026 78.0657610734448 111.048699466966 125.089247888461 123.444190497681 125.188593203723 131.234858847057 137.986968994141 0 92.2431914326175 126.774053067305 110.624067906571 131.520691307358 18.0519230894943 34.008995427287 16.820079681534 39.6951080558524 103.983474443194 97.1302660658205 28.2209799649201 39.7095480488283 93.1421945783358 69.1061328590263 0 135.504531860352 74.8502331497466 64.4617427784771 135.788362011372 68.0148402552265 59.1603013403101 70.7052578775578 69.2907084518074 80.1137873934534 85.1597754570613 0 135.016417486336 0 140.984439399665 117.660451743498 125.032287581805 189.960938402734 0 140.151889887108 109.670379571083 132.769417169692 150.594424511465 0 171.132887880278 133.379310452562 156.677932686704 88.9960066932401 172.099799371042 0 125.784839559437 182.24201965332 144.022255409069 100.228935241699 92.5606710207513 166.244891281659 181.260005176916 155.685035104163 151.05749335761 108.176994131955 54.4422486162828 104.90785566232 103.602598977357 168.061752319336 157.203059155171 109.015065744116 119.694158671173 134.149616795768 117.339887149623 0 219.880432128906 126.510185535479 117.729054026532 146.680407684819
94.7350485977285 53.4751415926261 43.9736224474437 162.00319594661 164.999136635401 139.109440357496 98.5426823238038 114.235090254697 126.860341004 146.287723217011 47.5764727865343 173.118402551094 84.8776112247363 122.494183168087 134.302539994714 92.2431914326175 0 59.3352803297595 20.8968740080613 147.84181201115 53.3253375172027 70.3752501610928 28.7393078387161 116.116876444934 73.6343013584903 37.5376545635939 60.4545387137253 98.8791062799094 94.561737087311 63.1210335120919 94.1057251344923 125.764842604314 95.5955740523587 40.8545418923112 139.127546700269 68.6856869693832 45.3155496543783 49.2455934855735 59.9388667599856 86.4005251903292 129.353382420514 0 158.903589389181 163.380980738707 142.707408784244 136.277670539188 148.485092163086 0 0 159.667190551758 73.6099417736357 112.409949329945 0 0 175.245697021484 176.82318419067 215.826468678783 122.785173216641 188.497630255189 156.11677179957 0 140.92236500789 212.221496582031 0 140.50289401565 122.103371411151 127.733403437954 125.109274069759 228.663177490234 143.801088936981 95.5860326460686 123.932594191948 152.640334359216 107.898507172794 118.657082804386 106.458920910208 169.525093231685 185.531682445575 157.85828135093 152.686080932617 0 0 142.904037645883 137.40856600952
149.366506397479 73.3499265053201 85.5834721016844 0 0 121.534535862382 139.916006497658 146.328540384184 137.017030693671 0 24.2167394499274 0 45.6276381774103 122.529591145699 185.996820762155 126.774053067305 59.3352803297595 0 20.9293066115761 163.926635742188 111.952819143481 107.749172551007 100.120278981205 148.633186162493 44.2767085209145 27.9477052162448 60.5565350213775 156.527361602964 131.196951570259 120.994767704331 50.1643648604574 97.6713161631172 128.945433010013 53.4045471912606 156.709518643575 86.9573182379032 52.9965773640707 54.9252301310229 64.758490408643 130.262579207811 114.834369478705 61.7404542752273 154.839022480417 106.370616687831 132.825312138248 143.922093437305 0 0 100.588356018066 0 97.3728000957367 136.31627546292 0 0 0 0 0 148.322021484375 0 109.592600516711 0 101.002830792156 0 0 163.425354003906 163.018417358398 104.500938999447 119.516732208262 0 0 137.744535961955 163.748417943753 200.46260205911 79.6661738445884 110.997837233334 112.703632201868 187.823394775391 0 0 119.113267570571 0 0 153.857952477852 148.249945175811
118.615117177256 58.655722602519 67.302510179913 142.225341382924 120.40860038475 118.928613666072 126.676293443918 135.145523533705 134.652389393667 178.892490152669 26.6495667824618 167.001961289597 54.4282732290329 138.257407909822 152.197579623867 110.624067906571 20.8968740080613 20.9293066115761 0 192.331954956055 89.369481241478 93.139843230589 72.5487641885152 138.71450764143 46.4870345696713 32.3980178358665 62.0265450656162 126.187547577705 113.252901064546 93.2725753227325 66.8886531798077 91.9934876886254 114.1474782949 41.7526423670332 156.059887512343 79.3544081298721 52.3397181877232 48.6673878838712 61.8571868364311 102.430635690569 137.458343505859 58.1280129587539 132.366297645311 110.918791475819 119.657692594164 114.72904948225 198.641326904297 0 0 0 82.2487632363713 127.865929790958 0 0 213.039581298828 195.147967144506 0 137.717590332031 0 130.118435455189 0 115.835481934301 215.572906494141 0 141.190385002948 118.387459961043 118.03293531458 121.515388048307 0 187.61126143968 123.933485975579 158.638438185056 174.609325594618 82.603085065211 111.147258523345 111.15914218968 189.05032038147 228.133697509766 155.608073419974 119.448100450593 0 0 129.005116105338 144.921491554737
61.4796452697172 138.297203182826 125.160094044322 16.5519177910348 96.8127363466782 49.3457588909406 26.0545012080597 82.3537524079102 50.7600078206651 22.9703494647916 0 20.4377431244541 133.192094878368 84.8215875689163 62.6038432207489 131.520691307358 147.84181201115 163.926635742188 192.331954956055 0 120.022776701876 81.6851313025721 123.917174891886 25.5443044327973 127.823386211145 154.747533926151 120.108708688848 35.7149545115292 100.431318387673 109.301178311009 0 121.340116054087 79.3161401851105 91.4891197667083 50.3183900740833 91.1040347588696 142.068243542988 95.2855670737216 86.9432385728746 61.8201086857397 100.961566732815 135.666959522938 76.7522941806387 0 149.411450081193 186.846025471902 123.77019102876 0 0 139.376506310458 130.994891831022 0 129.473424955098 119.435165405273 151.112696743583 127.768944946595 163.106169880972 80.3065117590933 149.3405257977 0 44.8784209267989 170.855026245117 176.334943726157 128.698965670269 131.274103325917 0 0 0 116.132014462436 183.438240949411 120.769604329241 201.529978374535 105.452217684796 184.891235351562 229.140930175781 169.511297107096 134.536900815684 190.601512054022 137.292118529456 0 0 0 175.777258748632 139.924666565145
79.2846476941149 94.9290948569578 63.211007119381 125.692288685472 158.101326264492 120.667405025701 72.3805958703858 101.706591671985 91.0931060166754 110.193355272423 115.205306729049 133.653542272802 129.130758607957 106.3649472727 142.512573141476 18.0519230894943 53.3253375172027 111.952819143481 89.369481241478 120.022776701876 0 56.0201795073234 27.6476782773392 36.635989577995 117.894081427491 107.307911920262 66.4305306998914 37.0104532210103 86.3776227324767 31.3506095404138 145.647598266602 141.520981271831 73.6845236410752 40.5567961947501 134.093321800014 65.1439169796669 50.4043308429935 62.1703147110022 66.3380566187187 78.019339587141 89.5222720827501 108.802639536578 129.750204656869 126.254592895508 146.066281640519 131.589331013546 132.595001204267 149.315111075759 0 133.959028974858 161.67452004589 143.56827665649 177.939135042827 0 175.052119422991 131.920543338584 164.531913349816 103.232144016558 173.434712864459 202.423153270047 148.913579690659 189.452450347998 165.92967610589 146.163131713867 110.139730109094 172.075088239534 0 187.610858989163 131.761557418256 120.582706524817 82.1514319260621 126.208065013805 115.947257189823 180.360940846647 180.099919746212 143.074456997661 127.166839170027 137.272478944927 124.206073581485 0 162.478775024414 120.264741660572 131.533042834471 145.692121738142
90.2999343010389 31.8273340105098 50.5549900118749 75.4283182496319 98.5678491662363 100.764767216973 80.0405980135158 114.775012676342 29.7541464738982 96.9579977540134 95.7566369412906 67.4322619388519 83.8957751448077 112.435421634673 71.0114770123013 34.008995427287 70.3752501610928 107.749172551007 93.139843230589 81.6851313025721 56.0201795073234 0 53.7451280788989 37.0407836279437 62.1737728729222 86.0646043562827 37.7905150608857 58.556033433783 83.8300825181821 63.8966022847665 105.437669273314 137.711583885376 75.3819781038557 63.6012341710269 134.856697017345 66.5566274513905 55.8683446470202 62.0606357447777 64.697746522632 56.8577747290411 81.1090539547924 80.0512195386425 103.189048013579 0 100.224642605588 97.9997121182361 108.098695841993 77.0696554174361 0 87.2616061926024 87.4395433606555 84.4939228030627 110.345005027843 0 161.590093712782 93.9143502200013 143.393680191678 46.6949892011989 146.133031636001 132.954723787309 105.95088029961 140.537556025354 139.857988760088 72.2389199545051 57.136288087584 111.444476722694 105.915878295898 141.061681453132 111.013626141275 78.4465477354636 23.5323741223069 74.3978101677839 77.2501153550542 125.888894534941 121.427862273101 85.6479899164382 93.471340343768 90.967057156431 81.0330440840144 0 175.019842830779 88.2349905382047 96.4698800221775 161.497928076722
88.9498483890485 66.7100379001728 34.7680554884625 124.27665608374 156.07731728617 117.034381079799 79.3500435917343 105.89169485476 103.865425543458 114.128046594291 88.5588712302306 160.12578482579 119.487171106372 110.927733729986 145.978539921204 16.820079681534 28.7393078387161 100.120278981205 72.5487641885152 123.917174891886 27.6476782773392 53.7451280788989 0 70.9975425486759 96.2706023406419 72.0840435879475 42.3322804813081 60.4148143968846 93.0362397938455 45.0754416767464 0 163.322231220695 85.234106640026 44.4192386708609 133.305202289744 66.1889778413301 45.8979608684999 56.6529932314534 64.3060841438661 77.0317998248889 100.723658427688 92.4750384498548 132.993848387836 150.918668645121 138.264368231146 139.00801981606 156.520215557224 0 0 147.235056394403 113.293420621184 115.846959521252 163.421291656861 0 192.584870188835 155.672387457443 177.021101692754 108.835601355504 171.733344674669 189.736315246914 224.344665527344 146.008056640625 179.351117381358 132.010190789854 100.582012700124 128.972719937666 0 173.492736630232 169.146774291992 122.673792926073 70.7531951607708 111.414062026026 126.324153437283 148.607209822904 163.274267701081 107.025097659165 140.274944938158 145.606079403371 128.372098833139 0 230.538146972656 163.356115015691 131.760909600667 147.434471113884
81.0031021428395 82.1281683893459 97.2540224460495 30.7820410305467 76.01462679585 82.8500718731312 52.960749857867 95.2555618520216 24.142477503134 64.6706618073551 139.889063999688 37.6516900334756 129.598942380865 106.922688000996 50.2623063819583 39.6951080558524 116.116876444934 148.633186162493 138.71450764143 25.5443044327973 36.635989577995 37.0407836279437 70.9975425486759 0 111.759321408878 125.592324373716 83.6423775689907 23.5040464068087 88.6208172637158 73.4108542038568 145.842690526067 122.193333912768 77.6226561469751 81.8686942333239 149.198129843024 78.3521435983608 109.22408474993 89.8017500495591 93.9534473290439 37.8342994267638 88.9998320138123 128.295780239819 117.638666018954 168.968163339848 135.468507703206 131.89507781732 105.160736379973 138.366432598045 0 128.482574561102 137.154105368528 146.171421860031 118.982165663584 100.849149407927 140.590087447409 116.466409235744 144.870868659879 55.5139048414237 137.609233719424 194.64094983082 82.2661695074287 161.485996728453 154.225343879855 95.793266484975 114.082054295688 166.281079452636 203.801681518555 191.95523943497 105.493907748425 125.196274992882 87.4989363962252 139.383672067795 92.6660522749016 165.520147626871 191.672680100227 142.936618782533 114.313062850538 142.112802074003 122.544461440535 0 211.181415271583 126.929408542533 134.703819918523 182.896541384966
141.18811498647 22.1817984052834 84.7061500674777 117.35268826862 106.688620925721 119.281479483617 140.357508780531 125.948477974281 102.992185261421 162.577967607459 32.2948453742458 117.276972343058 17.6362153906096 115.820052603065 140.126014625615 103.983474443194 73.6343013584903 44.2767085209145 46.4870345696713 127.823386211145 117.894081427491 62.1737728729222 96.2706023406419 111.759321408878 0 42.2459005550409 20.1788372206464 135.692063213974 130.11794689366 141.084207702901 46.0828545220426 126.217176419598 166.083938598633 44.3781413817054 158.848234135892 82.1812604249865 25.1541760410823 43.8725637969207 56.2786153821394 110.204862988073 0 20.7333945373814 98.4660574126583 28.0455172151685 76.1399394067556 97.6022247297904 101.624166882203 0 33.7098008167836 0 37.8390061768387 89.9946332056025 0 0 0 150.498077623486 0 116.895282385325 0 68.6619115101243 134.894098355276 48.4209701807364 188.78141784668 0 0 81.5975677420794 71.9635524641754 80.5602423060396 0 158.899650690155 52.7181132787937 134.380339339583 177.304250429675 42.1444795737512 73.0663170191485 71.6949811339097 148.446212768555 0 124.893249511719 79.8193918989853 0 0 87.4461107490442 171.190018001217
120.237970470712 51.0341656445715 34.3598169844379 166.522055951884 154.510906244328 134.6562054098 120.925312110406 135.756291772981 126.377107472669 154.861428774632 32.6495653567148 167.304933981968 17.4925105685204 138.826113016719 156.810048124787 97.1302660658205 37.5376545635939 27.9477052162448 32.3980178358665 154.747533926151 107.307911920262 86.0646043562827 72.0840435879475 125.592324373716 42.2459005550409 0 34.0493810022029 124.449974407361 122.931320959389 108.74929729053 19.1298776771977 110.702781667169 117.820184095401 58.9565647085124 155.203730370943 82.9419542313389 53.2647525629784 59.7643619209648 69.2698399462673 116.68975083907 121.658710287669 67.6087472306085 138.763186671107 101.103114062019 116.314964648736 124.256804470417 0 0 111.32491132534 203.129180908203 75.5856731375962 114.752997178922 210.678741455078 0 231.438949584961 183.662866270472 195.633102469253 159.035554524943 234.651512278354 112.329246307968 0 102.564875144829 188.245803249592 195.628295898438 150.187494694462 116.388935018323 105.21042109533 113.230335590683 187.777529041043 179.527379820906 116.370397148145 143.267486092017 169.547292609527 77.1166086948903 105.029327751123 103.462684444418 176.014214703692 210.5673325102 175.352824026455 116.146604607408 0 218.221984863281 118.930041156103 153.56836845379
121.126803834144 24.6590411920079 30.8635289711582 121.74646844546 139.469814298792 129.688263596959 103.320115187249 128.133354853572 106.05699337207 121.901491932501 51.381576193987 127.902535786776 25.8265876130257 132.221791923393 139.518813800548 28.2209799649201 60.4545387137253 60.5565350213775 62.0265450656162 120.108708688848 66.4305306998914 37.7905150608857 42.3322804813081 83.6423775689907 20.1788372206464 34.0493810022029 0 86.7657265437021 119.945403875374 97.2956461237817 22.0511664641459 104.620642873366 117.028878809657 58.1888785119993 140.123267214639 72.7615020961624 50.425239246957 57.8948187342169 64.6278433166681 91.7274543896697 107.904239264915 64.7968688609649 126.363156364131 110.031369227122 109.346141759604 113.943985802597 121.787762428104 178.479559519278 170.781725846058 139.199536726676 64.7109656129415 91.9576536810817 187.045997932535 0 199.481170065613 146.487601746031 177.115822707516 134.72488433233 174.563987511207 120.28053640179 205.196286462298 103.828332098127 185.984589591555 176.288955727055 90.1472938867675 104.322892243424 110.437407632523 116.161496379378 141.716113765261 123.169105550547 65.5768021785562 100.839592928443 132.616577014748 80.6152897058478 101.347808859458 90.8655340044877 135.171679934101 168.999714625617 135.735001558648 118.507234214198 0 108.807495117188 106.971131787153 148.073218312482
76.1481976476989 100.962392523694 84.3405918343593 18.8032474366811 118.368455225571 74.7327863213896 34.2654939757924 88.143781627822 60.5018339161544 32.0872554268192 148.190077017401 71.5320611130017 153.738568802877 96.3077363594681 90.9806483017228 39.7095480488283 98.8791062799094 156.527361602964 126.187547577705 35.7149545115292 37.0104532210103 58.556033433783 60.4148143968846 23.5040464068087 135.692063213974 124.449974407361 86.7657265437021 0 89.286343120474 42.996227283533 172.776331029858 135.416059614315 75.8248471214918 75.6244816774222 142.683943355407 79.6161507987033 95.4662883151823 86.4578249846878 87.9963302473436 82.5702914134732 97.8559274525096 145.236745684737 139.367020736067 187.030442523855 149.362355857183 145.424749290728 133.804464817777 145.674452749436 0 137.663190777075 154.035997982474 159.746215029793 144.803359504797 136.717911802752 162.328362942729 132.519150992695 163.259018731353 86.1542119630969 157.706879532564 203.736067510289 119.351470861368 190.41882896507 168.976772576874 129.961978219573 131.492447604306 177.948962300277 226.867425308667 182.646969688011 129.634679931426 130.513909014209 108.248610619314 151.936414200282 114.647464667542 178.55954756982 187.930089473965 155.81909304073 130.715624618825 149.533844438259 131.598142770807 0 203.448051085058 141.570247599169 145.551052405064 159.533668125294
12.3494934081884 121.543537328161 109.765667500626 110.453587870156 30.6942776896873 46.5053753839635 55.2228023275516 43.541352498749 81.7104184110838 107.865943028277 74.7817763928663 101.757389221981 76.651460770142 23.5670413346179 61.2825646526989 93.1421945783358 94.561737087311 131.196951570259 113.252901064546 100.431318387673 86.3776227324767 83.8300825181821 93.0362397938455 88.6208172637158 130.11794689366 122.931320959389 119.945403875374 89.286343120474 0 24.1044599741876 107.070205688477 22.9000229314728 20.3651453646623 34.4172537129068 119.731736824915 67.1630304913959 83.3895521049235 50.4654257864938 62.7150703375126 47.9131099091007 33.0224580447409 71.9502644306458 152.743270515576 0 173.056223919551 163.371187228041 159.923183442199 150.36779201729 0 158.494330891542 205.128773933351 198.384150111007 178.800126737244 0 197.147829913977 155.594377304401 180.617274689854 98.9034956164065 173.479569320393 224.150115966797 161.568431227257 0 188.242899942094 214.86141655458 147.21203606275 184.4002455603 209.20654296875 229.052963256836 174.717086379878 141.858446310274 105.638914446739 168.561175506291 136.254014321556 0 159.618789841032 175.115825818205 148.125436604512 167.991883636258 146.737317569178 0 0 156.229653565959 162.799713178701 147.734587985086
21.3052036849455 107.827249807193 77.7431453060777 99.1022202899094 106.654566539495 100.974390884191 24.3160207308446 70.5261531008604 67.5943514760235 99.4748518702766 102.48323789292 120.043011458774 148.508298508521 72.1800459485632 104.569799393036 69.1061328590263 63.1210335120919 120.994767704331 93.2725753227325 109.301178311009 31.3506095404138 63.8966022847665 45.0754416767464 73.4108542038568 141.084207702901 108.74929729053 97.2956461237817 42.996227283533 24.1044599741876 0 0 122.038485171089 51.208536676913 35.6352475758554 128.618700798714 62.8004211981488 69.7020314974666 58.8344675700869 66.6033656100301 74.9012409978032 80.3313111143948 118.934350496014 136.160330640738 115.700653076172 144.757487035574 142.491450524622 140.680384266327 150.557584419654 0 138.370261005528 164.239461589963 148.507791498945 148.638789474834 205.046142578125 166.609421801764 132.92986489681 165.340300822897 82.879708394647 162.667565781884 187.94385349218 188.061497730985 126.523651123047 165.155270907521 115.846450805664 119.493252202708 158.7400414087 0 191.576062741434 143.688287072384 125.379080391592 91.6892844932233 137.115939099691 116.641083544469 179.516122753295 184.178652731204 155.391787184981 129.37230924678 143.530277096839 127.908071215592 0 172.656102087146 141.389759734557 139.144186889062 150.596200240017
0 66.9606469917741 96.2232765871051 0 0 108.601402282715 0 192.615692138672 140.08259568962 0 22.2385743766578 0 7.52551279585145 0 166.062850952148 0 94.1057251344923 50.1643648604574 66.8886531798077 0 145.647598266602 105.437669273314 0 145.842690526067 46.0828545220426 19.1298776771977 22.0511664641459 172.776331029858 107.070205688477 0 0 0 0 70.9335452436898 199.277770996094 99.9167967946092 57.8996939628114 67.0151563087895 78.193847973747 131.620503899004 0 65.2252250500467 146.452777078821 119.463981628418 116.620801047176 0 0 0 70.4779281616211 0 98.8953655143647 139.617051926096 0 0 0 0 0 163.785903930664 0 114.829579627106 0 105.619477086075 0 0 0 109.585818067112 113.746775796276 115.642164373031 0 0 106.667709350586 0 0 85.5735091741235 116.626730988248 116.085076755917 198.274658203125 0 0 115.212232847532 0 0 128.311160316606 0
96.7416761955338 0 132.414001604648 139.933163997351 13.5598603114869 11.6945359871637 124.776779553307 17.9924063328096 93.8027506692414 139.660703739981 69.204018947249 105.708509237766 59.2531347823294 20.9736293452285 44.7064677057453 135.504531860352 125.764842604314 97.6713161631172 91.9934876886254 121.340116054087 141.520981271831 137.711583885376 163.322231220695 122.193333912768 126.217176419598 110.702781667169 104.620642873366 135.416059614315 22.9000229314728 122.038485171089 0 0 72.9052562452744 23.8445573511443 134.19389103588 76.4717320505278 62.6364921290266 47.7868518280858 53.4404319236485 42.0006122823616 20.2387862436138 68.7476813442109 0 0 0 0 0 0 0 0 0 0 0 0 0 0 0 0 0 0 0 0 0 0 0 156.292404174805 0 0 0 0 0 0 174.073419775728 0 0 0 0 0 0 0 0 0 0 129.733993530273
