0 12.2798098623753 207.636396676302 59.5767757892609 0 133.977175980806 6440.85924115777 1050.86462062597 334.884792804718 473.374635875225 51.5104356408119 33.9818622767925 4.96277868747711 7423.13596251607 12.3227456212044 25.290362238884 310.083706945181 10.4203050732613 77.6597673296928 44.5857540667057 542.638010025024 72.9013171195984 614.583719044924 507.00634354353 2.04618340730667 161.77612131834 141.63304066658 696.104195207357 12167.0570656657 5409.03765010834 2.41684710979462 2.34014216065407 662.141769200563 471.39683419466 20.2192989289761 454.632890611887 40.3039580583572 281.680311888456 83.8875068128109 73.2262725234032 20.5974266827106 2.1409997344017 33.6764462292194 3.23793524503708 12.9428063631058 2.40148949623108 9.52408707141876 2.92118042707443 0.762761294841766 12.7628129124641 0 7.36139488220215 1.09559613466263 0 2.90880006551743 81.9763898551464 9.65695518255234 41.3208534419537 14.107124298811 0.387000441551208 0 0 15.9733375906944 0 11.3318013250828 2.08677119016647 0.820837140083313 2.86261856555939 2.18406498432159 20.1771210432053 5.23234379291534 19.999961078167 172.514870345592 2.0623242855072 3.51267018914223 16.0614018440247 162.207546293736 36.1922016739845 39.1633321642876 0 0 8.91204029321671 22.3652349114418 0.592679440975189
12.2798098623753 0 432.432769298553 5.9062677025795 8.30918020009995 7.37726813554764 26.3898058533669 5.75795394182205 921.429541140795 10.4197669029236 302.408585727215 20.3607403039932 802.239206910133 19.1736864447594 27.0157699882984 78.6598653495312 443.805192261934 47.0606383979321 141.816914945841 2.23973459005356 71.5447063446045 3321.4386356771 394.847030043602 1044.2638797164 3643.18545931578 1033.90294587612 6488.96644705534 132.811451494694 35.7002120912075 96.6433026492596 25.2059867978096 0 6.34424209594727 231.060307621956 12.8182584047318 603.828229784966 451.567805349827 445.294494539499 188.600924909115 76.055754005909 1.09840309619904 228.038534373045 52.7707685232162 42.0031626820564 49.6600964069366 9.1445050239563 6.26375937461853 0 3.33633011579514 0 81.198659658432 96.9182866811752 0.542241215705872 0 0 4.70075190067291 3.74949687719345 6.26515400409698 2.00627136230469 27.4940809607506 0 48.4144995212555 1.28021645545959 0 4.29062554240227 55.9158526062965 10.6737129688263 45.3002853393555 0 4.50595360994339 10.4105331599712 32.8883070349693 12.0137927234173 32.5786454081535 192.076386928558 409.075456440449 8.79007494449615 4.39119505882263 8.25682353973389 2.46271991729736 0 0 19.5222935676575 5.41964936256409
207.636396676302 432.432769298553 0 6.30138686299324 0 215.785986214876 1083.20426729321 250.794620215893 78.6294154524803 132.154883086681 222.913948148489 13.0935233533382 15.0485163927078 544.762406766415 3.62411791086197 303.637794226408 4988.76804748178 127.139965027571 644.762276977301 2.2503405213356 2432.61027097702 258.914433300495 17705.1484301686 385.188204526901 9.65666291117668 13277.7923596799 12927.6240485907 1638.4916870296 204.556804835796 1711.07489460707 15.8349992632866 0.311461180448532 28.3567745685577 1299.58489429951 88.6259428560734 4028.58696830273 1658.46831694245 2663.7701600194 1604.46749863029 161.226196527481 36.4979699850082 8.73523849248886 357.767884016037 172.408429861069 325.610765755177 141.816012591124 18.8579238951206 4.59633004665375 8.69206213951111 10.9096994400024 186.029655694962 993.91401937604 0 0 4.09825313091278 32.8080779314041 3.71903908252716 19.1821806132793 3.2715665102005 14.6014759242535 0.340196222066879 40.0522304177284 9.01097092032433 0.589838087558746 72.7858815789223 458.027594715357 21.539313852787 144.499402135611 0 63.4939752221107 82.5780076980591 383.045389503241 39.4806374907494 31.1714231073856 640.373885840178 2165.46765127778 54.0836429297924 4.64961630105972 55.2067013382912 1.10799080133438 0 0 109.237159252167 37.0565964579582
59.5767757892609 5.9062677025795 6.30138686299324 0 5.78326570987701 325.850400388241 535.813420325518 148.9844391644 715.114533722401 10348.1596727073 8.16736260056496 2403.34528768063 0 173.362683549523 97.0690616369247 3.38557243347168 3.31534749269485 2.23621582984924 1.19137901067734 28120.6222726405 21.4454818069935 10.975706756115 20.003127515316 3099.21391028166 0 4.64366537332535 22.3081015944481 10939.9247886539 206.847241699696 38.2555840611458 0 0.357269614934921 32.9259015023708 102.976158410311 16.0994963347912 276.614322572947 5.62198477983475 98.6431846916676 29.1162981987 204.996594965458 15.5871017575264 1.68699032068253 49.0953609347343 0 4.60448771715164 1.96761274337769 30.1621564030647 2.97920447587967 0 6.95242527127266 1.38229101896286 0 137.812621951103 2.67617285251617 16.262903213501 130.145763427019 10.2380319833755 75.3819748163223 111.783652514219 0 47.0104989409447 0 12.0470893085003 9.3282243013382 2.5596430003643 0 0.940981984138489 0.402771800756454 20.5892310738564 0.833518326282501 3.2157946228981 0.337213963270187 282.307423442602 1.01733446121216 0 3.45036309957504 199.332280725241 11.1584123373032 6.92757728695869 0 0 0 6.84175026416779 0
0 8.30918020009995 0 5.78326570987701 0 1022.6843560338 12.9221085309982 704.895940989256 234.314150810242 14.8500887751579 2.95332908630371 97.8051305413246 0 43.3764387071133 4166.74591135979 0 0 0 0 9.95164433121681 0.606391191482544 6.90923380851746 0 117.657532185316 1.87599951028824 1.61800262331963 12.7971789240837 29.3001613616943 266.203452587128 4.57978475093842 0 623.849880516529 0 121.431435704231 0.529606282711029 26.6180726885796 1.59949946403503 13.9307917952538 0.819415926933289 8793.98955160379 322.354371786118 0.890993893146515 6.25271964073181 0 0 1.48131489753723 2.71929311752319 0 0 0 0 0 0 0 0.918774545192719 5.78441643714905 0.912370264530182 0.795547246932983 4.2495591044426 0 0 0 0 0.77678918838501 0 0 0 0 3.73737609386444 0.56542694568634 0.57226026058197 0.590367138385773 5.33410638570786 0 0 0 10.1789392828941 0.422744303941727 0.978417217731476 0 0 0 0 0
133.977175980806 7.37726813554764 215.785986214876 325.850400388241 1022.6843560338 0 3517.13331970572 15003.2039687335 540.3535849154 23899.5700377822 148.193790048361 7897.31334257126 14.7176443338394 2295.0289863646 3031.87746909261 19.0352415442467 65.3419567942619 11.3157260715961 33.7090674936771 611.066557556391 329.959314674139 32.9301593899727 444.280585318804 801.747627943754 3.55262616276741 120.729039698839 131.760256677866 1450.38613697886 2392.8503318131 503.344437748194 0.544912159442902 2031.2865074873 37.0760152935982 1164.42081546783 34.6771470308304 714.306214272976 61.6498284339905 492.573039710522 142.764076203108 5799.50604471564 1501.85255226493 27.1570632457733 50.889933437109 4.08230143785477 9.94819834828377 4.73145747184753 18.3922615647316 1.8539092540741 0 12.144025593996 3.33396747708321 4.94574585556984 38.7380528748035 0.904300957918167 16.5803661346436 157.817197591066 21.3370963037014 50.8076876401901 101.474148392677 0.434996277093887 26.8043884634972 0.415122121572495 22.3604857325554 3.96810606122017 8.79718485474586 1.42299082875252 0 0.294616043567657 27.9693742990494 10.8640438318253 5.80853915214539 10.4955160319805 286.389234662056 0.46059438586235 4.22801733016968 21.8944626748562 245.611750870943 33.6770122647285 21.5625826120377 0.584163725376129 0 5.12724596261978 10.0519480705261 5.15916627645493
6440.85924115777 26.3898058533669 1083.20426729321 535.813420325518 12.9221085309982 3517.13331970572 0 3146.43503403664 1747.20313721895 16268.5512312651 99.7323614060879 436.008957803249 10.8587234318256 10276.5405810177 173.542636752129 417.220219939947 232.728415966034 22.8136385679245 86.0004214346409 207.922310769558 2414.73986080289 341.486777424812 2833.86589640379 6059.01025116444 10.0985881686211 469.241524159908 1173.90919372439 24197.6942420304 5130.99124675989 18290.1809356511 2.09591135382652 5.60186585783958 615.62692502141 1437.2658213079 143.476548105478 3609.61251574755 209.374856054783 1585.47413483262 551.032354801893 621.824927061796 146.685964673758 16.8445253074169 201.72295114398 9.45167565345764 85.2228444218636 47.4035160541534 80.9425717592239 18.2760829627514 1.05337965488434 85.3589367568493 7.6502750813961 32.359584748745 92.6153810024261 1.1893527507782 69.5603386163712 806.816495031118 71.8526864051819 272.562009125948 256.971395522356 3.94832080602646 32.6300621032715 3.59584438800812 122.715577721596 11.4747280776501 60.8893026411533 9.41943341493607 1.57550501823425 4.72974038124084 45.4777382612228 79.4046279788017 37.9297778904438 82.162277340889 1421.07680305839 0 26.7197525203228 109.35426029563 1246.77787345648 177.765114605427 223.218428254128 0.725664019584656 0 45.3111871182919 74.3818770349026 24.0415337979794
1050.86462062597 5.75795394182205 250.794620215893 148.9844391644 704.895940989256 15003.2039687335 3146.43503403664 0 389.920661121607 5506.97461262345 648.143051594496 1963.45609727502 32.5536188483238 15156.0645693839 633.574920028448 27.4160583615303 178.266050130129 39.4487696290016 128.508410006762 384.702017426491 477.30174690485 53.6406310200691 603.185520201921 523.822047650814 18.4149253964424 259.471190363169 220.614596307278 811.59575214982 3671.50469833612 1112.66322764754 9.23118612170219 696.596135109663 47.7349895834923 2910.81777265668 57.4353979825974 1347.54751846194 189.495890200138 1214.87778112292 284.969887554646 3238.4112790823 1283.50203990936 80.3974570333958 52.1452224850655 2.54440170526505 19.4692314565182 7.79597225785255 8.18170875310898 7.22773033380508 0.480101197957993 9.21396321058273 1.12371909618378 1.78249886631966 16.9431612789631 0 12.7065035104752 119.441101372242 17.3143345713615 32.9325856566429 24.7795467376709 2.07593858242035 11.4068705439568 4.63587898015976 23.937906563282 0.699148952960968 9.11977219581604 7.08812749385834 2.22425013780594 1.98189806938171 9.93167623877525 17.4390461146832 5.7577745616436 13.4006930887699 235.880537509918 1.64456760883331 6.1594457924366 25.3809950649738 221.284342259169 39.0208532214165 52.0022350549698 1.88208663463593 0 3.69020617008209 12.8119206726551 8.99067044258118
334.884792804718 921.429541140795 78.6294154524803 715.114533722401 234.314150810242 540.3535849154 1747.20313721895 389.920661121607 0 1028.497169137 88.0336979627609 2858.60333821177 139.404707103968 592.962801158428 1966.00385659933 89.745611011982 66.0181114673615 12.961678057909 46.2124891877174 390.299169242382 138.227537870407 2434.32873547077 187.325473159552 12774.6753807366 536.023158639669 171.704519212246 1750.16800925136 3113.96536517143 945.968477100134 1314.61459353566 10.3212108016014 5.27523770928383 171.039862349629 409.926758348942 44.7710167169571 1155.6101514101 155.064886122942 457.242801368237 159.070950120687 2185.6064094305 18.5685848891735 35.0236276984215 104.97925055027 5.78957456350327 42.059117436409 11.3224891424179 60.3736848831177 9.59959152340889 1.27190506458282 43.2542014122009 18.0986996591091 16.6687783896923 91.9461627304554 3.21625018119812 45.3281357884407 385.194916725159 28.1410236060619 229.058516472578 247.816623151302 5.24805864691734 83.0964378118515 11.8752725124359 60.0569151937962 27.2552809715271 31.5763232111931 9.12810069322586 0.457845747470856 10.0365573167801 60.9269021451473 48.5110748410225 31.055605918169 23.8184293806553 776.713774353266 3.33791401982307 24.9985824525356 56.1574022471905 672.717805355787 79.0161517858505 109.219045162201 1.64713853597641 0 15.3959757983685 39.1412165760994 7.97651749849319
473.374635875225 10.4197669029236 132.154883086681 10348.1596727073 14.8500887751579 23899.5700377822 16268.5512312651 5506.97461262345 1028.497169137 0 163.10533490777 23707.5252835453 12.9218618273735 3840.92305773497 253.081044614315 41.5585750937462 47.584832161665 20.488012701273 30.0354717671871 15722.7020515501 263.948319673538 45.3434057533741 297.363216072321 1816.27074480057 8.90346109867096 117.500171154737 192.216800153255 10299.0809324682 1690.00396540761 364.374892354012 1.44063982367516 19.155416727066 123.26175275445 958.717240452766 84.5650228857994 2114.34538856149 70.7372496426105 980.006377846003 260.046365082264 737.685869246721 151.89025619626 23.5675246119499 130.301005870104 5.21118873357773 15.3781724572182 8.04719385504723 72.4381485283375 7.09764268994331 0 12.7626543343067 3.504354596138 4.76595318317413 143.195221483707 7.42893701791763 40.4133736789227 327.596857279539 34.0223695337772 158.645147711039 275.48752400279 2.03711360692978 151.519628852606 4.59425282478333 34.9780123233795 18.6299873590469 7.96405309438705 2.05207049846649 0 3.75923037528992 51.0438121855259 12.0261986553669 8.39302223920822 21.8869594037533 653.176896512508 1.53446888923645 4.72027298808098 18.8904422819614 491.577440828085 38.7039377987385 37.1215358674526 1.02628207206726 0.568580389022827 5.01182940602303 23.0964771211147 16.697948217392
51.5104356408119 302.408585727215 222.913948148489 8.16736260056496 2.95332908630371 148.193790048361 99.7323614060879 648.143051594496 88.0336979627609 163.10533490777 0 96.4898726344109 8248.73562350869 906.027761936188 6.38225388526917 36.4590698480606 1003.92850008607 6177.8999723196 3853.80137699842 27.78941360116 178.060649484396 125.638400226831 459.203393995762 94.4713144004345 2588.21986907721 10134.791464597 5466.19687959552 99.8331761062145 630.874022334814 224.565240561962 2006.12119373679 56.4543917179108 31.0699442028999 9793.52044543624 13.973769724369 571.534807950258 11125.9115514755 9904.8029794693 697.706986874342 138.122964173555 78.3847683668137 3780.26862102747 18.543600320816 182.587188363075 79.2518182396889 20.7912938594818 0 1.79016411304474 115.990388214588 1.19591081142426 26.2448216378689 20.9613532721996 0 0 0 9.83841371536255 2.93929842114449 2.62183314561844 0.503041326999664 527.876630961895 0 688.465560138226 7.19619166851044 0.490240514278412 5.93684130907059 15.2453897297382 98.0506573617458 43.0091207325459 0 5.42608541250229 3.30425238609314 18.0707929730415 24.0720993280411 125.334450721741 346.325454950333 307.344609797001 14.5597772598267 7.64376318454742 17.4065106213093 53.461588293314 0 0 22.9410251677036 7.63924571871758
33.9818622767925 20.3607403039932 13.0935233533382 2403.34528768063 97.8051305413246 7897.31334257126 436.008957803249 1963.45609727502 2858.60333821177 23707.5252835453 96.4898726344109 0 10.2247322201729 723.459945857525 3801.81277540326 2.05426967144012 2.53991860151291 7.65971863269806 16.2287087142467 24248.5829642415 16.7491773962975 63.0445804595947 17.2260817885399 1734.78522101045 4.53985035419464 22.1745210289955 58.3175249993801 907.15964204073 380.469680517912 48.2813636958599 2.42673963308334 22.3744207620621 14.9371140897274 345.567487835884 16.1677860915661 454.087090134621 35.7769966125488 284.797885924578 55.3040384054184 3329.75906336308 43.1609174311161 16.6727126836777 27.486668497324 0.401261746883392 1.79284116625786 0.92724746465683 19.5885251760483 1.65812337398529 0 3.51788523793221 0.528549909591675 0 85.7652415037155 0.961552441120148 14.3390797972679 55.5723329484463 6.77283650636673 36.7969346940517 74.0487491190434 0 702.463426113129 0 4.92684024572372 4.85112583637238 1.00826218724251 0 0 0 14.6600907444954 4.27440536022186 1.16530865430832 2.20169940590858 125.043996185064 0 1.66059076786041 3.68509542942047 105.313411980867 4.53398433327675 4.56117683649063 0 0 1.62270510196686 2.35035374760628 1.89345929026604
4.96277868747711 802.239206910133 15.0485163927078 0 0 14.7176443338394 10.8587234318256 32.5536188483238 139.404707103968 12.9218618273735 8248.73562350869 10.2247322201729 0 40.3079970777035 4.65104478597641 9.26233074069023 28.0501964092255 256.310498565435 104.464361637831 0.496140718460083 8.29510092735291 315.997174054384 19.0782759785652 136.980439126492 8466.35982888937 4686.49757480621 9411.81425738335 18.5427135527134 35.6334823668003 6.66568991541862 5184.19411316514 2.44371724128723 1.3766108751297 933.408851236105 19.1700830459595 584.884058207273 4208.2884427309 1411.46958002448 357.18813124299 21.6325669288635 57.0240145325661 3794.03423410654 40.5432803034782 261.248155117035 69.8299920856953 38.2854906320572 1.95137739181519 0 284.999437570572 2.50829613208771 53.6130816340446 5.57473534345627 0 0 1.33922827243805 3.39239513874054 0.615139186382294 0.724431395530701 0.941056251525879 480.724027842283 0.851415455341339 807.602936923504 3.81714171171188 0.425579696893692 1.71689575910568 14.580636203289 109.474301636219 56.9376341700554 0 2.5801078081131 11.3043806254864 4.90827912092209 4.26296305656433 138.765191763639 351.636483103037 317.994862139225 4.31353658437729 0.789393305778503 1.29371756315231 41.7926835119724 0 0 43.5602191090584 12.5427376925945
7423.13596251607 19.1736864447594 544.762406766415 173.362683549523 43.3764387071133 2295.0289863646 10276.5405810177 15156.0645693839 592.962801158428 3840.92305773497 906.027761936188 723.459945857525 40.3079970777035 0 74.8546322584152 53.1694564819336 513.683614552021 89.9557910859585 318.340358316898 270.514707475901 1181.19582828879 121.41303178668 1372.02011117339 969.399035304785 23.0811062455177 617.651289492846 512.614086061716 1501.36732751131 10338.269895494 4101.35191658139 5.91300541162491 249.097856968641 229.569823116064 3599.53872826695 88.5809856653214 2105.05639591813 329.381215631962 1480.80796068907 300.297400444746 662.029195338488 427.158270150423 72.0596904158592 89.4139292836189 3.68214219808578 32.2828882038593 25.2876809239388 15.7411636412144 4.34905460476875 0.634234249591827 32.0022303760052 4.81158486008644 20.4763292968273 12.6267381310463 0 14.3773251473904 183.221929550171 30.8843206167221 67.0890333354473 34.8253294825554 5.30583456158638 10.5897203087807 6.71849167346954 29.8089646399021 2.20478439331055 17.2440156638622 3.67513126134872 1.56554281711578 8.21999967098236 5.87401124835014 26.90334841609 7.43545526266098 31.3554683625698 376.896209806204 4.86908426880836 31.4212585985661 48.3875920474529 359.289557009935 71.1032931804657 102.01595634222 1.39453315734863 0 11.4449664354324 28.113299369812 15.2069924473763
12.3227456212044 27.0157699882984 3.62411791086197 97.0690616369247 4166.74591135979 3031.87746909261 173.542636752129 633.574920028448 1966.00385659933 253.081044614315 6.38225388526917 3801.81277540326 4.65104478597641 74.8546322584152 0 1.91269099712372 1.16488683223724 0.418225944042206 1.38126772642136 136.266215413809 7.85897991061211 64.5967817306519 13.7935667037964 968.307840615511 9.76027482748032 9.9347337782383 76.7907315790653 290.684898555279 89.4715006649494 49.3065576553345 0 24.0635764598846 4.30233824253082 56.3175656497478 0.969386368989944 132.516008019447 6.97417175769806 43.8076493740082 14.0923553109169 12276.9941697717 21.7567383646965 5.34644001722336 19.9780090451241 0 1.80597785115242 1.10063004493713 13.8640763163567 0 0 0.304207265377045 0 0 17.1443980038166 0 9.51991966366768 44.1216756999493 0 8.78686416149139 49.7527057528496 0 14.1869595348835 0 3.93191415071487 2.29148125648499 2.17356991767883 0.368775129318237 0 0 14.7477827072144 15.1915467083454 3.07411587238312 1.23639988899231 83.3273045122623 0.415241092443466 0 3.35951548814774 88.4686459302902 2.56267166137695 2.90202975273132 0 0 1.46459639072418 1.91929417848587 0
25.290362238884 78.6598653495312 303.637794226408 3.38557243347168 0 19.0352415442467 417.220219939947 27.4160583615303 89.745611011982 41.5585750937462 36.4590698480606 2.05426967144012 9.26233074069023 53.1694564819336 1.91269099712372 0 191.172867566347 11.0230655968189 44.1070900261402 1.42204707860947 11019.81340608 2522.42948925495 19404.024774462 2501.26644074917 28.8841709196568 182.540353506804 12370.8979038894 3438.66477185488 101.396084189415 746.486040621996 3.07028722763062 0 38.1219321489334 805.000557780266 80.0809743106365 3280.03965330124 545.595875918865 1163.33502310514 920.455166608095 257.888941913843 8.05635350942612 2.12348407506943 283.124201357365 61.1316460669041 112.758559495211 128.507035553455 25.3921085596085 1.48413601517677 0.515299737453461 8.07363656163216 10.7738631367683 99.9259641170502 2.09390127658844 0 3.98094639182091 71.4260576665401 8.37889552116394 25.1357460319996 9.73053035140038 2.38964343070984 1.40930497646332 1.80811533331871 19.9955617189407 1.64887881278992 1207.75773566961 39.779076218605 0.547002196311951 15.2951320111752 0 494.578287601471 399.449353516102 1752.99767833948 202.051156401634 0.566022396087646 42.9775471389294 732.319529831409 268.151264607906 52.7875628471375 185.417891472578 0 0 16.9075444340706 70.7214870452881 16.1548322737217
310.083706945181 443.805192261934 4988.76804748178 3.31534749269485 0 65.3419567942619 232.728415966034 178.266050130129 66.0181114673615 47.584832161665 1003.92850008607 2.53991860151291 28.0501964092255 513.683614552021 1.16488683223724 191.172867566347 0 635.548356860876 6261.84215995669 2.19878393411636 2044.11170336604 175.090913057327 8312.67947277427 154.122145026922 44.5975696146488 7876.5257088244 6412.46207013726 355.853905200958 465.911146610975 2140.36123049259 15.8254169225693 1.33660614490509 45.4232028722763 2436.25281530619 21.6920174658298 1040.75189828873 1487.07277774811 1574.30569016933 385.614779949188 54.6467252373695 0 16.1987035870552 113.742289721966 94.3450462818146 124.336621314287 44.9565111994743 5.3595272898674 2.55876910686493 5.73690432310104 3.06843602657318 108.150281667709 203.894858330488 0.620782017707825 0 0 17.3597628474236 3.31816160678864 8.86203294992447 1.22999215126038 24.9551051855087 0 26.2230723500252 4.20273751020432 0 26.3086804747581 148.618864834309 14.1776544451714 132.961359322071 0 39.1919415295124 38.6370922327042 109.728993058205 15.1668897867203 36.1376342177391 548.155351608992 978.285816758871 23.6167940199375 7.98037540912628 24.0108512639999 3.89272600412369 0 0 52.5759124159813 1.85636129975319
10.4203050732613 47.0606383979321 127.139965027571 2.23621582984924 0 11.3157260715961 22.8136385679245 39.4487696290016 12.961678057909 20.488012701273 6177.8999723196 7.65971863269806 256.310498565435 89.9557910859585 0.418225944042206 11.0230655968189 635.548356860876 0 3232.62280929089 7.44406759738922 60.656673014164 18.8123211562634 161.495460271835 19.1209548413754 452.551996350288 7639.98383411765 1606.84351637959 26.7220861911774 61.5225223004818 88.3153893947601 160.285120099783 0.968660891056061 3.00842678546906 521.43168643117 6.60805147886276 224.456374824047 769.424680262804 719.20239931345 147.098510891199 6.68518942594528 4.66125202178955 42.3958728015423 17.9555401206017 27.2384719252586 18.547778904438 12.2543794512749 1.79337885975838 0 5.27495914697647 0 8.04491233825684 2.83784461021423 0 0 0 1.38555032014847 0.908876925706863 1.89013016223907 0 98.6685611307621 0 173.43270367384 0 0 1.00470316410065 4.2171785235405 50.6880285739899 27.0799017250538 0 3.13831806182861 1.84307676553726 5.52047300338745 3.91029968857765 44.1046299636364 190.349858462811 139.77850073576 1.07111620903015 0.391400784254074 1.58177521824837 14.2759429514408 0 0 7.74975115060806 3.99553275108337
77.6597673296928 141.816914945841 644.762276977301 1.19137901067734 0 33.7090674936771 86.0004214346409 128.508410006762 46.2124891877174 30.0354717671871 3853.80137699842 16.2287087142467 104.464361637831 318.340358316898 1.38126772642136 44.1070900261402 6261.84215995669 3232.62280929089 0 8.40417256951332 282.917221933603 82.9010037779808 1044.85828045011 50.3116209208965 325.655727386475 13359.0152185261 3791.58572518826 85.5686633586884 251.574010312557 440.640834987164 60.927337706089 4.57018220424652 12.0831599235535 2553.78374567628 19.805092215538 1005.70808321238 1394.08042576909 1955.71902367473 472.941838622093 27.9798842966557 7.50385725498199 28.6744790673256 26.7405910491943 46.5865764319897 63.7020542323589 19.1897147893906 0.462903469800949 0.709017276763916 2.17509990930557 3.58910143375397 60.6958804428577 22.3976342976093 0 0 0 7.54644483327866 1.37543320655823 1.96898502111435 0.776464104652405 68.2534222304821 0 104.188870131969 0.840806692838669 0 9.67718499898911 23.6697434782982 82.3055927753448 103.460466533899 0 11.3501614034176 10.2777741849422 28.9744756519794 10.3891361653805 70.778787791729 435.737023562193 499.43783891201 12.0476789772511 3.15393564105034 5.96938407421112 8.68791216611862 0 0.339923322200775 23.4078819453716 6.73123425245285
44.5857540667057 2.23973459005356 2.2503405213356 28120.6222726405 9.95164433121681 611.066557556391 207.922310769558 384.702017426491 390.299169242382 15722.7020515501 27.78941360116 24248.5829642415 0.496140718460083 270.514707475901 136.266215413809 1.42204707860947 2.19878393411636 7.44406759738922 8.40417256951332 0 9.6882112622261 7.9660832285881 5.81350582838058 1656.6243827641 0 7.67448222637177 9.21423900127411 3809.48969340324 205.727323383093 23.7485428452492 0 3.2353498339653 19.495155274868 126.67539614439 9.74426007270813 288.777080088854 12.322202205658 116.020076006651 24.5996532440186 259.578360140324 22.629654198885 1.71159821748734 16.906110227108 0 2.85736739635468 0.759464919567108 23.4934048652649 0 0 2.09983620047569 0.812987625598907 0.823729991912842 105.640056610107 1.28064715862274 3.8046532869339 53.6123387813568 5.68803095817566 24.7600868940353 78.3164571225643 0 166.641295433044 0 2.2232132256031 3.31427580118179 1.00091221928596 0 0 0 11.7021785974503 1.70766419172287 0 0.532879114151001 149.319870144129 0 0 1.20275729894638 86.5074383616447 3.05356028676033 2.45452874898911 0 0 1.61284303665161 1.63243168592453 1.74966502189636
542.638010025024 71.5447063446045 2432.61027097702 21.4454818069935 0.606391191482544 329.959314674139 2414.73986080289 477.30174690485 138.227537870407 263.948319673538 178.060649484396 16.7491773962975 8.29510092735291 1181.19582828879 7.85897991061211 11019.81340608 2044.11170336604 60.656673014164 282.917221933603 9.6882112622261 0 1481.31777399778 30815.9098013341 1053.48862370849 16.3009409308434 988.878968983889 2918.04808962345 11419.8079315126 1026.84041002393 19871.0417163074 1.21717876195908 0 220.890433639288 4898.0657377243 204.989988982677 7587.52021816373 774.451121777296 3563.44027885795 2148.3650123775 564.594897985458 44.292159050703 4.74526780843735 176.097129374743 27.6713591814041 98.2219109833241 69.4343131780624 15.8439522087574 4.46898519992828 3.62617993354797 21.2916595637798 14.7452845871449 115.287394344807 4.60700434446335 1.36954072117805 2.36244705319405 91.7866558432579 19.1831098198891 49.7369168400764 10.2316173613071 3.36397987604141 6.49055406451225 4.87398460507393 41.8326165676117 1.09614658355713 801.047315150499 37.7327356636524 1.98022794723511 12.7970757782459 1.09874963760376 635.995449632406 262.886386305094 885.742280721664 328.699022859335 2.60653939843178 71.773048132658 366.268553674221 383.472557723522 103.473285928369 294.536385655403 0 0 26.1972250342369 69.1668485701084 39.1095754206181
72.9013171195984 3321.4386356771 258.914433300495 10.975706756115 6.90923380851746 32.9301593899727 341.486777424812 53.6406310200691 2434.32873547077 45.3434057533741 125.638400226831 63.0445804595947 315.997174054384 121.41303178668 64.5967817306519 2522.42948925495 175.090913057327 18.8123211562634 82.9010037779808 7.9660832285881 1481.31777399778 0 1789.55362167954 7197.97960969806 841.617461711168 320.773044645786 6151.38002085686 1664.32996743917 428.68921482563 1419.73197793961 10.4501200318336 0 138.37848418951 721.115945577621 68.968847244978 1930.46541497111 356.993729054928 826.073571026325 519.058171212673 203.46474981308 8.13214898109436 46.762044608593 68.4806289672852 16.6332697570324 37.1191132366657 22.597087264061 11.957836329937 2.89237222075462 2.28410929441452 13.7098548710346 12.5485191345215 31.1165555417538 3.56166985630989 0 0.407325655221939 55.6663823723793 6.76059019565582 52.907796561718 10.2173032164574 5.83848115801811 0.960172712802887 11.284011900425 14.4357233643532 1.05997824668884 180.784563302994 20.7610960900784 4.45821535587311 13.6586691439152 0.635248184204102 118.440903097391 67.1846593022346 155.354471802711 135.35556307435 3.17457330226898 48.9130147099495 131.596556425095 140.112146615982 35.4952107965946 96.7996617257595 2.64269304275513 0 10.9950627088547 21.395699352026 9.15761384367943
614.583719044924 394.847030043602 17705.1484301686 20.003127515316 0 444.280585318804 2833.86589640379 603.185520201921 187.325473159552 297.363216072321 459.203393995762 17.2260817885399 19.0782759785652 1372.02011117339 13.7935667037964 19404.024774462 8312.67947277427 161.495460271835 1044.85828045011 5.81350582838058 30815.9098013341 1789.55362167954 0 1307.65150433779 25.8285206258297 4311.07735022902 22680.7067891955 7735.34491303563 844.717323154211 9570.76888245344 14.5156027376652 0.506908595561981 190.041125208139 5078.78333097696 403.844219207764 13314.1002704799 3802.70458692312 7196.09606230259 4545.76579353213 1040.53101533651 48.0264576077461 9.6046844124794 746.791933655739 269.346298247576 542.078583329916 313.00026923418 71.7534028291702 14.2775459587574 1.76255393028259 19.9243185818195 104.518032997847 1050.2182546854 3.50665760040283 0 2.62423321604729 140.064154863358 15.3333649039268 37.3067162036896 11.2415226697922 13.1289706528187 1.65354514122009 17.2095772325993 41.7067995965481 1.78328007459641 1536.04539993405 313.843894302845 7.74786359071732 84.3437420427799 1.25254195928574 451.09998652339 544.421178162098 3149.70542576909 206.120674878359 9.89332628250122 315.367850840092 2915.49738147855 328.26767462492 63.350324511528 217.882765203714 2.50697606801987 0 16.197251200676 172.369983881712 99.4417010843754
507.00634354353 1044.2638797164 385.188204526901 3099.21391028166 117.657532185316 801.747627943754 6059.01025116444 523.822047650814 12774.6753807366 1816.27074480057 94.4713144004345 1734.78522101045 136.980439126492 969.399035304785 968.307840615511 2501.26644074917 154.122145026922 19.1209548413754 50.3116209208965 1656.6243827641 1053.48862370849 7197.97960969806 1307.65150433779 0 327.143016517162 312.106958776712 4817.16698333621 28396.6469624043 1898.75856056809 3063.0690741539 3.63994088768959 4.6733640730381 425.08381319046 1020.91473042965 112.506909251213 3085.8097692132 240.868967145681 1222.52188375592 471.838659912348 1422.75304710865 74.0307762920856 24.1212342679501 524.378492176533 24.2491980791092 185.173061102629 77.03638869524 133.544654279947 26.9591769874096 0.795591115951538 183.988675266504 18.2924665808678 64.0944063961506 188.591377049685 4.83924335241318 112.770356714725 1381.07449004054 140.496307551861 525.044296056032 479.061842530966 8.91525682806969 87.8351734876633 4.86486577987671 280.962112158537 42.8935430049896 197.888916939497 30.0668418109417 10.5079768300056 9.99234008789062 86.9595788419247 327.940665900707 148.119479864836 230.609048247337 2787.42106637359 4.27608674764633 64.1914434731007 186.843014150858 2582.57762226462 433.923117011786 610.720806717873 0 0 72.2709608376026 183.676426261663 32.2184456586838
2.04618340730667 3643.18545931578 9.65666291117668 0 1.87599951028824 3.55262616276741 10.0985881686211 18.4149253964424 536.023158639669 8.90346109867096 2588.21986907721 4.53985035419464 8466.35982888937 23.0811062455177 9.76027482748032 28.8841709196568 44.5975696146488 452.551996350288 325.655727386475 0 16.3009409308434 841.617461711168 25.8285206258297 327.143016517162 0 1136.08130308986 4886.70748454332 34.7357853055 18.0566641688347 19.9975056946278 166.538957268 1.69892978668213 2.02371340990067 163.114748477936 0.62067174911499 139.050753951073 1667.82312992215 478.14272749424 85.0710081756115 24.8164833188057 2.94489681720734 1356.67529565096 43.9854920506477 155.225818932056 114.343963354826 21.333006978035 2.31353801488876 0 112.971180796623 0 136.844250410795 12.210749566555 0 0 0 2.87609711289406 2.88768339157104 4.00433930754662 1.4360973238945 289.311728268862 0.504445254802704 498.973419964314 5.94418624043465 1.28396880626678 4.7297106385231 25.138868868351 148.999251633883 98.3114403784275 0 6.96047389507294 7.27262759208679 5.76831346750259 7.57561618089676 184.254340231419 612.322410553694 632.685432761908 4.79618662595749 3.31816077232361 3.28340834379196 41.8223192691803 0 0 43.1568994522095 0
161.77612131834 1033.90294587612 13277.7923596799 4.64366537332535 1.61800262331963 120.729039698839 469.241524159908 259.471190363169 171.704519212246 117.500171154737 10134.791464597 22.1745210289955 4686.49757480621 617.651289492846 9.9347337782383 182.540353506804 7876.5257088244 7639.98383411765 13359.0152185261 7.67448222637177 988.878968983889 320.773044645786 4311.07735022902 312.106958776712 1136.08130308986 0 41821.7375619709 580.583094716072 337.782731413841 909.820907235146 2622.35768258572 8.68117332458496 26.9446527957916 3619.17007648945 72.0562813878059 4199.49231314659 5754.55832251906 5332.7050652504 1779.91735360026 93.1971575319767 26.6579732000828 191.296736001968 331.188677728176 421.510888516903 481.248784273863 124.224916696548 9.47429448366165 3.32006323337555 50.683757185936 4.3722088932991 413.805419802666 294.537033230066 0 0 1.339035987854 49.1804996430874 6.826799929142 8.884008705616 4.00970298051834 498.042454272509 1.3834245800972 739.660798937082 22.6693074703217 0.516796767711639 58.2881274521351 297.413574278355 401.123310029507 668.864904463291 0.681175947189331 47.3428540527821 43.6493804752827 149.458821356297 33.0135547816753 564.344786673784 3274.20461058617 3572.76887711883 32.2515159547329 8.73882666230202 44.8479912877083 82.3913978338242 0 1.60214310884476 189.692813307047 26.317083388567
141.63304066658 6488.96644705534 12927.6240485907 22.3081015944481 12.7971789240837 131.760256677866 1173.90919372439 220.614596307278 1750.16800925136 192.216800153255 5466.19687959552 58.3175249993801 9411.81425738335 512.614086061716 76.7907315790653 12370.8979038894 6412.46207013726 1606.84351637959 3791.58572518826 9.21423900127411 2918.04808962345 6151.38002085686 22680.7067891955 4817.16698333621 4886.70748454332 41821.7375619709 0 4184.42406269908 367.745067954063 1220.1590513289 2785.79750651121 7.81863388419151 59.0853594839573 5477.29034978151 370.30725556612 15455.2731768787 7733.752916798 10696.2298203111 5722.237962991 706.902118235826 83.4727475941181 251.424404680729 1535.87263819575 928.617420524359 1474.42252936959 623.656212151051 78.5027604997158 16.8151671886444 72.053691983223 30.2143360972404 1107.50207671523 2408.56234571338 2.12318623065948 0.35158759355545 6.25465387105942 159.962508350611 25.070459663868 55.8760200440884 21.9265603721142 599.374615073204 5.65100169181824 928.157232671976 54.6256101727486 3.47045171260834 664.419084697962 1274.99362081289 556.687133580446 1125.28851959109 3.88815903663635 248.315191417933 549.009503394365 2167.9314930141 171.612197518349 694.290355533361 5368.11816391349 10304.0193989575 245.914966762066 43.5617112517357 182.981791138649 83.8971214592457 0 9.9953453540802 523.350072741508 132.14222791791
696.104195207357 132.811451494694 1638.4916870296 10939.9247886539 29.3001613616943 1450.38613697886 24197.6942420304 811.59575214982 3113.96536517143 10299.0809324682 99.8331761062145 907.15964204073 18.5427135527134 1501.36732751131 290.684898555279 3438.66477185488 355.853905200958 26.7220861911774 85.5686633586884 3809.48969340324 11419.8079315126 1664.32996743917 7735.34491303563 28396.6469624043 34.7357853055 580.583094716072 4184.42406269908 0 2317.66514259577 13739.102563858 0.905669540166855 9.54899111390114 535.206969946623 2096.70580461621 207.648956656456 5213.11564868689 394.585829675198 2229.86024874449 1065.60698336363 919.411295682192 76.7756412029266 4.479332447052 473.269165247679 17.7721716463566 216.252351671457 81.5171094238758 152.013676613569 32.4574761688709 1.6794508099556 203.558603286743 12.2158543765545 68.573814868927 235.571096688509 4.39760899543762 99.3281310498714 1246.90815466642 137.262003421783 445.34529915452 434.058095365763 6.67032468318939 79.8354053795338 4.27730694413185 235.670583128929 22.8884035348892 262.513420939445 29.8412307798862 3.20238324999809 13.2684957385063 92.8097629249096 333.453815966845 134.219020158052 342.809838801622 2752.30910712481 1.60024502873421 56.5308825969696 228.794424206018 2443.61307907104 466.72079244256 694.924372106791 1.44418776035309 0 78.0633355081081 187.358981907368 53.3372794985771
12167.0570656657 35.7002120912075 204.556804835796 206.847241699696 266.203452587128 2392.8503318131 5130.99124675989 3671.50469833612 945.968477100134 1690.00396540761 630.874022334814 380.469680517912 35.6334823668003 10338.269895494 89.4715006649494 101.396084189415 465.911146610975 61.5225223004818 251.574010312557 205.727323383093 1026.84041002393 428.68921482563 844.717323154211 1898.75856056809 18.0566641688347 337.782731413841 367.745067954063 2317.66514259577 0 9415.8225402534 7.24338239431381 1699.9306910038 13560.53156057 5596.42602017522 120.864982396364 3255.87028053403 278.936828583479 1958.59310829639 387.543216735125 675.087306588888 1910.36368602514 50.868804037571 132.439467310905 10.6125676035881 58.5415389835835 22.7177530527115 27.8896964490414 7.11199334263802 0.368125289678574 53.8177865743637 3.89457207918167 16.361755490303 22.8580268025398 0 15.618323713541 286.345123976469 25.2667389214039 106.691090464592 50.4209566414356 4.47842168807983 14.5891820192337 4.33179706335068 73.3185417354107 3.77558976411819 61.8771556317806 3.68750113248825 1.73787447810173 6.34303012490273 6.73695743083954 104.840419605374 33.1386044621468 71.8892041146755 594.863887280226 2.04600805044174 32.2234582602978 54.6369265317917 652.260262221098 125.289861500263 199.792317956686 0.718576431274414 0 27.9120336771011 55.767359316349 19.5311665534973
5409.03765010834 96.6433026492596 1711.07489460707 38.2555840611458 4.57978475093842 503.344437748194 18290.1809356511 1112.66322764754 1314.61459353566 364.374892354012 224.565240561962 48.2813636958599 6.66568991541862 4101.35191658139 49.3065576553345 746.486040621996 2140.36123049259 88.3153893947601 440.640834987164 23.7485428452492 19871.0417163074 1419.73197793961 9570.76888245344 3063.0690741539 19.9975056946278 909.820907235146 1220.1590513289 13739.102563858 9415.8225402534 0 4.42345777153969 5.8474009335041 765.222820311785 5574.38878008723 121.288978159428 3567.41750577092 312.323061048985 2225.46363556385 886.295657336712 329.125743448734 25.1807758510113 6.64441287517548 249.405748456717 24.9465873539448 101.791523814201 56.2457809448242 50.2074650228024 9.84550204873085 0 64.0934911668301 14.1742050647736 59.1804113686085 11.2783685624599 1.08594834804535 19.4556310772896 370.320863991976 51.98480707407 167.671023398638 41.1788218617439 5.17457583546638 2.48935806751251 4.5901728272438 98.6737750470638 1.66429445147514 273.62855553627 26.2692295908928 3.90133261680603 11.8008298575878 5.58378821611404 372.677673190832 154.912411749363 340.454573512077 816.537439227104 5.62626165151596 55.3580960035324 201.734917134047 949.057043075562 191.306055009365 391.051291286945 1.01593863964081 0 35.6546864807606 99.6837255954742 29.4162643551826
