0 130.255888348978 90.7227749531515 79.4251383064618 0 64.9853648375064 31.8453981606245 32.9501469390054 67.4878215622651 63.4401487484636 107.518756081454 85.6912847993812 109.163573649611 24.8668169872549 99.9504794584778 98.1604725999378 99.6204881516441 126.031621448043 118.375036458109 78.8330065177929 76.1720260691504 75.2082416101882 87.8406534603596 70.8640296002297 133.992331541635 116.665910195612 124.63378092521 71.70553367608 20.3035726982637 32.3923626633333 132.242854868982 71.9475738939568 26.9268368656429 60.7878218852852 124.694288988709 69.0198213534754 98.076544586119 73.1091230405256 83.5066626705809 77.1526017989692 63.4316132753404 81.6855989360745 143.168966922497 171.427613193946 148.396792000078 127.477885778358 138.125317604218 154.39900579495 243.088882446289 139.949512381006 0 162.154200126717 153.05484909959 0 168.671829471743 137.357358756087 148.60030041185 80.5676061334875 151.908592883005 236.164428710938 0 0 157.406502958111 0 135.374163861309 165.331351455857 176.739242553711 177.113054594003 184.735408906762 138.311010936002 103.011006027035 156.351368788571 118.552567060972 169.086399995387 178.51229182985 156.178264715799 129.987636990889 150.395877988663 134.639337631807 0 0 134.506515864456 157.39064511616 191.597930908203
130.255888348978 0 43.1374909170759 117.19932240422 122.203153543377 138.979494517727 112.308992201024 136.071329650842 71.1689545915016 136.714755281373 58.8316261860895 99.0285231444551 46.9481038758368 131.700677460029 105.205815767853 67.0570610098714 52.8923756174866 67.1432628744778 60.0888353709945 127.38918002014 94.171246833529 26.0460992551464 63.2024013168485 78.5365630010965 22.5637638873972 47.0556883594988 30.8812912644424 94.4395702706511 111.75519570679 99.5627251186244 65.9681228658628 0 101.044703622137 65.2164315333826 134.424442320381 71.6304937841082 43.8120568951865 56.2201122260221 63.0503616386434 91.49291259435 62.8683738708496 46.071748957508 99.918995986731 65.1343158974021 79.8471659136871 99.155831276565 106.766939985432 0 66.258894262992 0 29.3744400621537 63.0880663866368 146.46142578125 0 0 155.768123537229 156.33982626411 83.4967583056503 179.456097533287 83.3298266799187 0 73.5347037690907 188.412855145701 0 97.6396408757702 71.017007866233 91.678369697444 88.845181564245 0 134.445958514443 57.1253124973974 102.989946032978 153.544446937423 51.9558137967909 72.8795807144324 64.5771903639537 180.783860456998 162.861953127433 123.96408277198 97.204824004683 0 0 79.4349379661875 140.886450911911
90.7227749531515 43.1374909170759 0 123.40954387374 0 113.569757152597 95.5188817430286 117.614459014938 98.9444497128478 116.136343410301 78.4562706213131 134.245450788716 109.085623890894 110.039093601152 135.020345425166 78.786556410357 39.6184538525081 77.4822957649047 59.8280962019909 124.057848419812 65.3819046875862 66.2487567560749 37.952172146387 93.8639531636349 92.4338846310039 30.106362642646 37.0752023697877 79.3888739394572 112.526384782652 81.2554562179 88.3419897581995 178.898651123047 102.012722536734 57.2688454343703 137.023212482197 69.2293184055756 42.583999156841 53.828946058279 60.0302910405747 83.2866578388336 79.1332389951046 90.2108113653159 117.304866982282 93.1824256694953 102.647272385629 109.56332169269 132.933959670943 147.877352773629 109.203884207533 163.258987619547 67.9455221192176 91.9716066129725 0 0 194.705512088118 165.308029405258 201.895091213201 109.577859090607 219.352809834377 125.850563424521 134.559722900391 108.192013425205 184.840284111552 153.639007568359 119.297546361554 103.230344236835 131.306586575705 114.714850445623 0 135.001199494693 79.0067126332705 112.637707179144 153.184945847124 95.1973712178415 102.413418987371 89.9751756840205 158.002281263341 166.481725687784 146.269925733751 128.615831871057 0 0 109.653509678186 159.190470203849
79.4251383064618 117.19932240422 123.40954387374 0 78.6551887532246 62.8090641709938 43.9432112867779 98.6271854132209 60.4401015554695 24.2596362462807 151.493172629634 36.7209718412983 0 98.8198131918246 68.4232155260084 90.3920399006535 175.990428276505 180.679289928498 179.728282626378 10.9322268930591 100.854771072129 91.0379131556107 123.79962057864 23.2635644128246 0 183.201678400058 149.423386042787 17.4494226650734 101.23060803571 104.056084033286 0 113.877464294434 88.6244230416278 100.439612047275 152.06343440248 95.8192768415143 144.496013842232 100.698467326137 117.889768787859 68.578437915921 101.973122412664 138.229036006769 107.18799446553 0 161.242992725462 183.231086042373 106.917154634865 161.098716530694 0 143.543948594237 161.075543824385 0 72.9577972099683 135.612006199252 147.38855990045 138.102049158367 148.387569820505 86.200441888465 144.470295533909 0 96.5388750594141 0 169.845941539038 124.340467766109 165.2158641975 0 223.270812988281 212.419296264648 133.340281242979 170.321924826462 123.406012572126 209.987289428711 111.492473515887 182.06169128418 0 183.214379259447 138.25068301298 166.395580816333 151.393767287952 0 0 0 176.432129805102 0
0 122.203153543377 0 78.6551887532246 0 14.1326803348023 100.194063704175 20.1357023811386 48.2812215362153 98.8691418905795 52.8978416187982 48.3979412292094 0 37.8964494038465 16.6010709156281 0 0 0 0 114.722355638527 157.305908203125 89.7676471478482 0 71.274280857271 171.323003057019 199.02620069198 139.85331249083 101.004649689672 16.0275520238624 127.693617762566 0 8.8022596220969 0 18.5434971411451 70.4130020141602 53.8655401210036 146.973037719727 48.7646123188043 80.8917846679688 10.7998286074431 9.40275771025574 73.2174301147461 79.8330708604634 0 0 219.635452270508 95.2718297461784 0 0 0 0 0 0 0 118.611434936523 143.702131776197 182.431900024414 71.1764602661133 146.758884831092 0 0 0 0 108.318717956543 0 0 0 0 149.778323504302 138.668350219727 125.481620788574 171.241409301758 109.664698486535 0 0 0 138.583263952498 149.89323425293 147.861397030102 0 0 0 0 0
64.9853648375064 138.979494517727 113.569757152597 62.8090641709938 14.1326803348023 0 49.608034741677 21.5794190137939 62.4570559376001 25.6306228317693 87.709245218231 32.9175604413256 87.1783425416162 36.9762677187958 21.3826676447968 132.708317909885 129.409910857738 139.374553592077 135.980870417911 56.9865156274029 93.3601059040976 104.136377468356 103.548635979589 67.5143586906903 133.020325365673 132.613944828615 135.015548290986 61.531992749722 28.1944468695352 76.7655138480477 165.033111572266 13.9982578495414 91.039003313064 44.5675199332764 137.408086199043 82.4829917597007 97.5393814635169 71.0614932418561 77.4247223705359 16.864434600013 17.6039211090735 72.9679764063108 130.749202700455 170.014249056916 181.392083925978 159.656642730887 108.121886414251 184.37191370645 0 144.870756876438 151.048872559609 178.860487627988 140.807264821984 132.29697726326 158.460284879436 140.711742241938 171.590159494503 84.845731105498 145.324572356695 213.889984130859 84.653391720486 204.61376953125 166.173611511475 118.401815287381 150.871430015808 202.563209325925 0 194.477111816406 132.080703081227 164.384836769127 159.577835815773 179.921323526454 120.219864323812 180.815444946289 212.191946484934 181.416772718726 139.067034623679 166.813734238504 157.186990549438 220.047241210938 0 154.778641813208 162.288301126745 195.494582107504
31.8453981606245 112.308992201024 95.5188817430286 43.9432112867779 100.194063704175 49.608034741677 0 62.1264282842008 61.119699965105 28.4373769765402 132.814575004704 64.0485035231008 145.3186244117 43.8751904066094 81.0396960694304 74.0289420339269 113.278175906039 151.949743300557 133.448724743987 57.4623027070799 70.830470842708 72.9928680246981 83.4467039355211 50.6334970506438 142.962629313308 122.903613200027 105.907979244835 36.5099545540694 64.0079389052933 27.8367403346968 173.571362075793 105.861690850547 66.8684192029611 79.222872063994 137.180561738877 82.4541273426483 98.966860606124 84.3858847133763 91.7146937915184 77.4959948403787 86.0828482045091 128.322565058183 132.944877466508 159.351442445281 151.106936188851 149.388798687357 117.258254497542 161.042356762146 173.26237487793 134.594786040579 143.495055439605 159.216808887575 135.387522771673 132.434814453125 142.941397110012 130.136256040609 152.594322002463 79.1925045270898 137.020788408517 192.292215417262 107.404713302582 202.943166787685 154.094540271917 114.003839877617 140.682923390927 166.535866698142 233.398818779322 206.952611401385 132.04655028828 143.137659850431 112.050318806627 155.506696797744 108.661145883785 0 182.951560220401 159.769260591742 125.4610837419 151.578497679346 135.113777958934 171.710189819336 0 135.893333856165 148.452828332094 175.957784355382
32.9501469390054 136.071329650842 117.614459014938 98.6271854132209 20.1357023811386 21.5794190137939 62.1264282842008 0 86.7107293903575 50.5912880608248 74.7655505868893 71.4266919068342 85.738679371996 22.104865829227 35.6414613352126 121.519521489504 122.397036358484 110.648988410266 118.731439117092 87.6628289520511 98.4705120853101 99.7832187041881 111.915404054413 91.4007082804055 113.068540608238 126.580940815218 132.633018461068 90.8480587969665 35.6349288990573 78.0196778269348 118.435347971524 22.5285918397397 83.8160305440615 44.1715817602957 117.957720011279 76.2292375891018 85.5383301574008 59.9287500326957 64.486778283646 25.7166084751278 24.7121366193619 69.6159137399484 147.710394181463 191.984412333046 173.596295604105 167.672922539923 168.799360278825 174.378102201926 138.786117553711 153.621079509219 139.753890991211 188.041441475709 153.055425198545 0 146.983942855151 159.367186404443 181.68217687188 103.90085275425 161.826123963749 182.603084210334 96.8030638346308 153.108044152822 181.162648200782 170.375061035156 179.31242498554 204.906448532915 151.163409948012 201.49587638012 159.603345585406 163.409252634395 134.111467075852 177.605477174428 135.924275684726 185.239275938189 171.176792592975 182.979322339844 150.468603876276 175.349497726595 161.283716626195 141.44398577911 0 163.374838517498 185.042128518814 157.233238065221
67.4878215622651 71.1689545915016 98.9444497128478 60.4401015554695 48.2812215362153 62.4570559376001 61.119699965105 86.7107293903575 0 71.1097142912929 132.19503755039 18.9181328866621 117.732385906236 86.8106081657176 24.885503594343 54.6393726736923 119.809069185173 138.806417639022 136.156949780196 57.1244236574402 81.0729663402101 26.1243010022782 104.122704092244 26.0480750468087 97.878979381624 125.136926092597 91.7493793358893 55.6704642856468 80.6342726049272 64.1621784897014 132.152046576591 108.199017967552 71.2454780702419 79.4569301928961 126.200027678067 76.551420296858 96.9512293319747 84.250158821612 88.5709676990616 24.7305590970395 98.9716251417358 120.933724019548 88.3424921768154 137.093704407602 112.567568466236 123.491568286183 55.9497348164964 117.209580070512 143.654693603516 90.4033569469673 120.287673374055 126.09729831229 84.7652741804975 83.816459386527 86.0792535809548 78.9794620716956 94.4446815717016 22.919263734119 84.1867629064446 162.673475332522 54.4291225658834 153.173330816704 116.181273713909 52.6592033755578 92.8310068987601 148.867128450783 215.065246582031 174.254516560517 76.4775005070885 99.2481773362439 62.7520710296601 118.126227419967 58.1278600484191 124.498256462088 155.915347904733 127.864796022872 77.6326422558119 105.900603400621 90.6261836746278 166.632328028911 0 80.0843262446449 104.424111857689 155.258932735478
63.4401487484636 136.714755281373 116.136343410301 24.2596362462807 98.8691418905795 25.6306228317693 28.4373769765402 50.5912880608248 71.1097142912929 0 134.67531227416 25.9466673505798 153.153447918368 63.1434488279429 71.1147540810305 105.095936288536 138.767121936046 160.241702635804 153.056460199847 17.7288404837186 94.6436216330316 92.0709425150291 102.399784456778 57.3708555870771 154.068431571494 151.01039181057 139.791775705175 34.4765181590916 94.3467355357561 88.1748910807142 174.543778218982 116.064746871918 84.44332294209 97.4143599442411 146.385179805567 95.2628829165722 125.352828706379 97.0838283083988 102.828737776917 72.5299981527369 95.1266108057221 126.789631378315 119.516410112123 190.888993234889 175.650897799241 174.196713508639 108.814679140932 190.9141535445 0 159.249561513998 160.842563718351 160.30836437362 108.995310516108 132.002262666313 150.568369361004 141.028992230838 164.128285366002 89.9802571756873 147.995960104194 222.532019082828 57.5347942315096 214.845391250888 168.424024816366 114.303732235514 130.579299024898 198.235040475228 0 201.352339920133 134.697074125537 156.636560467547 119.570188348772 167.913504090641 117.170769024415 211.699044374584 209.245963419719 188.393604779753 140.638337020868 168.394575562816 152.404905854518 245.870162963867 199.2431640625 148.981825500862 169.325899565233 174.466706607613
107.518756081454 58.8316261860895 78.4562706213131 151.493172629634 52.8978416187982 87.709245218231 132.814575004704 74.7655505868893 132.19503755039 134.67531227416 0 124.103203953147 19.7263534107897 75.3138381497238 87.942150897709 114.012464026731 50.82249510453 24.6414127455647 29.0378487483433 141.125767423215 101.969884807783 98.298663822224 85.0302934247844 142.205822576895 30.1576748480185 30.5510530831829 47.9313467143262 132.237727754075 68.9850148895376 105.404562917841 24.9857114725881 58.1106370985783 94.0429053416836 23.0244218343057 139.143804384618 82.2303465963721 24.0902745304941 24.1703718923388 46.0624170897113 70.9899332592142 45.9559177625293 20.4027505605743 156.005086195126 57.7783509399503 102.499689270065 121.909804525348 0 179.378219604492 47.1365112341241 199.967742919922 86.8866522553342 137.567618415042 0 0 0 204.224813896513 181.463120829461 154.276223989852 237.607757568359 74.5199358658342 0 66.4255447496397 197.932201848588 231.04948425293 160.051412996797 131.808894964079 92.2608317197408 107.698413143577 0 163.622464873813 134.981466771239 171.309411713864 185.296426217207 57.6861445483175 93.7756774943874 100.888739545806 201.93100153725 178.394661823755 183.595525154119 91.481880075547 0 0 94.6538777436063 130.029602039255
85.6912847993812 99.0285231444551 134.245450788716 36.7209718412983 48.3979412292094 32.9175604413256 64.0485035231008 71.4266919068342 18.9181328866621 25.9466673505798 124.103203953147 0 156.807565260157 89.6973333551779 17.1944518539966 142.309088838707 147.658562500927 163.70571235131 156.946821106932 13.7534721092097 115.39997938671 60.9021835405199 122.716146533873 25.1395668293391 128.943756221862 159.266278312172 127.083336747914 52.4792741056974 100.146852624306 98.3386490018153 171.251943942808 99.264057491284 91.6867762357487 102.198584849242 161.327962667425 94.633055896659 133.87879153704 104.598506728088 104.498320043396 22.4196002235627 94.5979830243992 124.580131641341 71.3308494069387 170.005599975586 146.941383190584 121.148475646973 73.1118737809502 134.820724487305 0 140.946122306416 127.788635253906 0 51.2313877287907 102.887870788574 121.829293640263 119.264263582729 127.058781611556 63.8727847716048 119.859808064273 0 14.7251273991824 0 173.893145852863 67.1901456267806 116.802600814357 0 0 0 100.107205597854 149.199845433362 88.3727115556288 156.693072297249 93.6900086801216 0 176.336380004883 179.296120267405 118.895786529537 171.119336613542 124.067671251158 0 0 225.015991210938 154.767840676103 180.496065748358
109.163573649611 46.9481038758368 109.085623890894 0 0 87.1783425416162 145.3186244117 85.738679371996 117.732385906236 153.153447918368 19.7263534107897 156.807565260157 0 100.452192384539 156.856620542084 133.610315593896 91.8909109074322 47.8637621748 62.4010262471804 198.841354370117 140.143282597407 88.6156302742766 113.452630716066 127.220933783689 18.4043808636223 17.6059226008346 23.4477373408837 144.806029217269 80.2786329008588 153.748269528586 9.08691276792193 69.2540973845115 99.6992416381836 23.1926996378491 92.5928101546567 28.7240666873279 28.1238437504549 34.3196115179607 30.9740545926794 80.5989385974756 27.347307893839 17.2959860997889 84.1576228256126 45.4973298302556 73.5708751472446 55.3097034964508 84.5650931222987 0 32.9209599203692 178.905416544229 61.6304063847768 129.419804802573 0 0 172.987838745117 178.427261613621 111.911293029785 159.363494930352 209.391586303711 65.2799761250211 194.653854370117 57.2060723725462 146.903738901205 233.433639526367 179.366996107732 124.607961050251 82.4993827634564 98.4273259226098 0 148.60107010124 106.542849316946 131.952716430878 203.652012052317 48.7826526460135 85.4779370217734 88.0177943514538 197.502220880512 123.532432556152 220.046261439454 81.7767444335417 0 0 58.2382449543279 84.3443909405784
24.8668169872549 131.700677460029 110.039093601152 98.8198131918246 37.8964494038465 36.9762677187958 43.8751904066094 22.104865829227 86.8106081657176 63.1434488279429 75.3138381497238 89.6973333551779 100.452192384539 0 77.0667864453233 118.13827703013 113.484396209836 115.272255384994 108.923249379684 94.0620024306233 89.3433175577344 94.5416509249686 101.690261207066 88.5358765741272 104.082947782646 121.958825327282 128.029843732138 87.8618210138975 34.0606732862026 65.4002463245403 123.097614664562 21.3283780848538 63.5492977258769 48.2205473043797 126.606377116497 76.3509293546456 87.181472134497 63.7917662075675 81.2273695357895 46.8159283201598 32.3918377966652 73.2896162497765 156.585557709565 182.519865023311 168.003746925261 166.80620724418 157.481536635926 174.239969412385 177.141830444336 162.152165118405 140.380616659447 173.637494699573 141.872230829716 0 179.534123698896 156.77088905963 182.303527033832 104.966263829054 170.149016117142 167.782340834881 108.423201783396 143.303753372891 176.276828630528 118.518026652619 157.842747443201 217.023306934526 160.663715779509 186.938716932943 175.534914518838 160.18605600782 131.117244024729 182.219928926278 135.309052395589 130.633692184162 176.208735859573 172.631567012052 148.121798471596 168.668622694966 156.720260671754 144.583084106445 0 156.254611806211 163.553655489398 152.558367435116
99.9504794584778 105.205815767853 135.020345425166 68.4232155260084 16.6010709156281 21.3826676447968 81.0396960694304 35.6414613352126 24.885503594343 71.1147540810305 87.942150897709 17.1944518539966 156.856620542084 77.0667864453233 0 125.21992412159 145.716293334961 170.088500976562 130.590352544304 56.2530798643692 117.768815551641 68.2834516174826 130.528912798842 44.7646479991564 143.61780594077 144.257342272326 121.274142277922 74.3322256138995 76.668204491088 92.5994118924443 0 39.6226637026712 92.3545392339839 81.6654725602473 145.99436198714 63.5412009068265 116.75104018461 99.3463815976122 109.59842237466 10.5141631632824 49.7691856927117 144.289813636247 94.7296479041951 0 138.146001929883 157.110464458155 79.6038230351773 0 0 160.157608032227 0 0 125.442662820765 0 110.565309601866 116.456998317122 0 58.2538771980243 114.057492671896 0 80.9879322610302 0 147.321701885832 81.3987371236386 120.782922206016 170.161560058594 0 0 116.619745745198 133.886295220802 83.2582262070118 134.623087921047 90.8321357426372 180.722274780273 0 161.779590905977 115.031615974838 135.721589066753 117.845055167536 0 0 136.141815185547 154.475433290187 0
98.1604725999378 67.0570610098714 78.786556410357 90.3920399006535 0 132.708317909885 74.0289420339269 121.519521489504 54.6393726736923 105.095936288536 114.012464026731 142.309088838707 133.610315593896 118.13827703013 125.21992412159 0 100.430778831403 134.977327568225 115.08870425841 89.3081996377761 23.01531568349 35.3013084053544 21.00234803971 42.0601317699252 107.525276132548 105.106363558877 29.8411650081844 38.8168248147281 107.285892763139 76.2506288354441 135.889416515781 0 76.0902087067584 69.5439541930044 131.556323068483 67.8696256000092 52.0524463410191 69.4760898015137 71.0133715177281 80.3203440165694 84.4085722803138 153.365255576334 111.978811120354 95.4360765381275 109.274594365016 107.144419920907 112.359706271488 138.46767686941 165.211883544922 135.026751625657 119.834752775005 112.122796857044 202.361519068061 0 160.511678375838 141.740784004385 157.171462404735 75.6286709928776 149.375995488769 163.968876919361 132.56927225582 172.052577789248 143.27419641858 75.579345703125 91.0639926284174 135.181399949908 168.452575683594 151.112883960094 0 104.563152094709 54.9866347704787 100.355341830735 109.881688871257 149.640289306641 146.341690172877 98.8807413360343 117.690734736843 124.663475612821 111.127488991996 0 0 111.168865747074 104.991801224998 164.606576366324
99.6204881516441 52.8923756174866 39.6184538525081 175.990428276505 0 129.409910857738 113.278175906039 122.397036358484 119.809069185173 138.767121936046 50.82249510453 147.658562500927 91.8909109074322 113.484396209836 145.716293334961 100.430778831403 0 44.0213284207206 24.3651815057652 167.156939380428 61.8349709691552 85.9769439555049 34.0575230089116 122.719030074948 79.4730125670959 34.366974644204 62.9180496049863 107.436031363024 101.189442989412 70.1042099138174 79.0133477993147 80.4871444702148 91.9438852001271 38.1457804873556 139.145521500869 82.440488208882 42.6261718677238 49.7111779436792 67.4400653688485 92.4820930395723 0 70.1677875393972 136.143954422444 97.5136323294 117.645135859205 126.842380827967 162.462488945088 156.25146438251 118.963315057763 184.5241878599 73.5896439230637 112.912148903864 188.8017578125 0 0 194.523063469344 207.129520547629 122.234398157745 190.837707519531 128.10189722176 0 114.774778358372 195.555066363375 0 136.303317454451 115.736163145409 132.090195105139 116.171752421382 0 155.284995506346 107.917646511801 139.764845451 174.329908103257 97.9262146203589 105.701266229121 102.514425169412 160.323397487458 179.974158813828 158.809606324583 140.200231842099 0 0 117.590430033506 199.440921787353
126.031621448043 67.1432628744778 77.4822957649047 180.679289928498 0 139.374553592077 151.949743300557 110.648988410266 138.806417639022 160.241702635804 24.6414127455647 163.70571235131 47.8637621748 115.272255384994 170.088500976562 134.977327568225 44.0213284207206 0 17.7903799689655 175.593615450614 115.123809443703 108.872228771893 92.0706982744567 149.067170711942 42.0241897607995 24.9309000442168 56.1641631611245 152.904946643543 101.653033840441 122.416451192639 46.4570589359142 84.5130081176758 114.715877955155 54.2833376322106 142.199449457767 89.3113631141943 43.2089109769943 52.1380519287114 65.3572209424067 118.133970781561 73.1560079464307 52.7306868603048 149.272484149827 79.4201901662687 114.949069372614 125.846064971222 154.279937109005 0 69.5135204030751 0 97.164168610266 150.085970613485 0 0 0 224.244647249909 167.527248689088 170.604737729389 0 86.0220544889141 0 82.640772626911 0 0 154.86164855957 138.88278339004 98.8142545148308 111.01319820483 0 158.611069990012 180.794700713812 174.092464331512 206.062665708311 70.794362400056 98.5842417519437 105.763680324156 221.678908457383 210.943084716797 190.460074970623 101.293413251718 0 0 109.098820500687 133.016627803769
118.375036458109 60.0888353709945 59.8280962019909 179.728282626378 0 135.980870417911 133.448724743987 118.731439117092 136.156949780196 153.056460199847 29.0378487483433 156.946821106932 62.4010262471804 108.923249379684 130.590352544304 115.08870425841 24.3651815057652 17.7903799689655 0 163.007204316332 93.1625701142459 98.7564635812878 70.1689630703548 144.47410454322 44.4249164471766 28.5632210626462 59.3636937506746 122.910842480998 103.138079280458 97.2826748660891 59.8354486984882 87.8460506900872 106.014588050017 42.9356858513906 137.293839703302 81.3060616110139 41.7833791334604 47.8138158344489 60.1030180462963 108.406340903623 105.51732984662 61.7560329479808 149.736019962673 98.1422788123939 114.081701050539 118.014453009322 243.734771728516 137.841903686523 120.610937148522 195.241759951556 67.3042484469924 125.067605525664 0 0 0 201.230199698236 208.324119971595 183.637233624511 236.542739868164 97.2683209978896 0 85.7268062865718 211.210341050357 0 162.970883942255 123.144634007165 100.600848546924 108.468945296287 0 161.118012264745 118.174375591155 159.529169902045 193.293880007293 71.9750390654786 98.6183064375475 100.345769982674 191.94876940685 191.553336966911 176.077243510322 95.3390975693696 0 211.589584350586 126.180111350359 151.345131781469
78.8330065177929 127.38918002014 124.057848419812 10.9322268930591 114.722355638527 56.9865156274029 57.4623027070799 87.6628289520511 57.1244236574402 17.7288404837186 141.125767423215 13.7534721092097 198.841354370117 94.0620024306233 56.2530798643692 89.3081996377761 167.156939380428 175.593615450614 163.007204316332 0 114.490250793656 91.7352307419913 124.036231784909 20.7016602183772 0 154.398056745217 177.448955410581 27.6692160338885 99.7676507386974 119.392214419798 0 116.308709896089 85.092898292539 104.467298643681 147.818174423576 97.9964989564888 140.860953968769 102.205947369611 109.387497101636 60.027618900143 106.129752369646 144.221790763666 94.0893148253883 0 175.72626131819 166.172653198242 108.33546051795 0 0 145.038993823411 215.461288452148 224.019912719727 40.2514278137094 121.455558776855 123.474212984813 139.492237547693 156.586272152442 77.0497587959211 144.43708373685 0 22.2648306445919 0 167.405131224544 128.444438988411 190.890698942074 0 0 0 132.357869627259 195.942779847276 0 181.901718139648 110.860450260349 0 0 188.41296439451 142.637221039435 166.689285853783 172.023042689631 0 0 165.136589356549 155.396217122828 153.766067504883
76.1720260691504 94.171246833529 65.3819046875862 100.854771072129 157.305908203125 93.3601059040976 70.830470842708 98.4705120853101 81.0729663402101 94.6436216330316 101.969884807783 115.39997938671 140.143282597407 89.3433175577344 117.768815551641 23.01531568349 61.8349709691552 115.123809443703 93.1625701142459 114.490250793656 0 55.4041357771831 38.4298733458141 59.2540263259665 125.391565590858 90.3414537881826 75.4101868007256 33.0546705774732 78.6771686870762 35.0483349529802 140.473964757583 0 70.9420138872707 46.7611211405269 129.685783705151 64.0763928432621 57.1323375676928 59.8671771350565 65.6502488620664 76.8837490980217 86.4432329721235 140.445530693492 127.058779487616 112.901103078326 136.713753842514 132.352613005258 127.002586689069 139.851059590696 142.797911051293 129.64819515213 118.655240942512 130.135004399437 165.018980218939 156.713133448946 166.570923327477 140.931477273416 151.627681559986 87.5327233058843 162.229206461535 173.540716322003 147.18179499118 169.127270846158 153.647521909845 131.844863891602 106.190619678159 152.099614767157 207.715999010255 168.537732745121 212.013305664062 116.306375926279 71.1144864701724 120.048966348333 116.831246304094 159.460423969405 158.452974451234 124.930892074668 122.082116768697 137.410643413109 119.809184328099 0 0 119.488465187453 126.739453872132 149.578060133598
75.2082416101882 26.0460992551464 66.2487567560749 91.0379131556107 89.7676471478482 104.136377468356 72.9928680246981 99.7832187041881 26.1243010022782 92.0709425150291 98.298663822224 60.9021835405199 88.6156302742766 94.5416509249686 68.2834516174826 35.3013084053544 85.9769439555049 108.872228771893 98.7564635812878 91.7352307419913 55.4041357771831 0 55.2303345360869 35.2279855221739 66.7531588183813 89.4019630201999 42.8770097191279 51.3846694788886 71.5966220892857 58.8118005774954 101.489230018795 0 58.6251294117153 56.9899317809708 121.900801064456 57.5453678659253 54.61981516435 60.510867326485 61.1301246881335 64.1958612431305 83.7768063875554 88.4747353388159 96.810560003744 105.393292989938 109.322220930875 102.447451877048 85.8596513588486 141.715366914386 112.660234092261 85.6162658233702 93.2027546331916 99.1245946693988 116.935394734049 0 92.0168075561523 104.196984885926 138.577532812097 25.742369830452 146.745415445787 131.259158374256 92.774299621582 117.503352540868 119.275782337324 129.346755981445 64.1689831245853 107.540019935888 139.927227772167 144.555646244639 157.785171508789 79.4616148189965 25.6607284426084 81.9100023959232 73.5505171735314 101.470514679655 126.94929537336 101.403730727843 82.0929003703314 101.330654128517 80.8794908125442 116.904336856156 0 78.994572266454 84.170274302497 133.050372830022
87.8406534603596 63.2024013168485 37.952172146387 123.79962057864 0 103.548635979589 83.4467039355211 111.915404054413 104.122704092244 102.399784456778 85.0302934247844 122.716146533873 113.452630716066 101.690261207066 130.528912798842 21.00234803971 34.0575230089116 92.0706982744567 70.1689630703548 124.036231784909 38.4298733458141 55.2303345360869 0 77.5098597892989 96.0568766141454 66.4137802386413 45.4878131259277 55.0257025439028 95.3271396966607 59.4892478872038 123.612439973534 132.775833129883 83.2807394992263 51.5491132412022 131.165163856112 65.5686400927953 46.350002690783 55.8515231050912 64.1739194773661 76.8221224918095 85.5058726319147 108.416453502024 120.248831063417 106.164263528132 114.747178134147 117.659193823877 129.296581021409 139.224686312101 109.271964295389 150.762249646058 91.4004934370715 106.86634274843 201.260349027765 0 189.912456314163 157.984040619752 172.169611117232 119.686136660289 185.798277976825 157.931575922409 221.328964233398 146.980132050239 164.174706315645 184.790587803329 97.2817944554077 124.222745743815 174.776709170641 141.969079827785 178.277485249369 118.665940717477 71.0088236144171 110.638023395961 130.369556796023 122.686082892005 129.862182750585 102.30564140731 133.788769162964 145.202059492957 131.565566609612 167.628716200578 0 128.570974129361 118.034649772744 161.762061341472
70.8640296002297 78.5365630010965 93.8639531636349 23.2635644128246 71.274280857271 67.5143586906903 50.6334970506438 91.4007082804055 26.0480750468087 57.3708555870771 142.205822576895 25.1395668293391 127.220933783689 88.5358765741272 44.7646479991564 42.0601317699252 122.719030074948 149.067170711942 144.47410454322 20.7016602183772 59.2540263259665 35.2279855221739 77.5098597892989 0 109.914941837622 127.437847682243 81.7326819297913 22.5353638227565 82.7188772638341 66.9982876995364 159.766455517016 123.707277360635 73.9113676296567 77.6406573756955 137.350003472563 80.3739098799888 94.9529682367368 85.4747401642678 88.2260494272657 51.8522926447541 93.9480885215532 128.107845559746 118.264511349732 164.977775997035 134.728354829358 134.325179990788 101.160519381895 150.846671023869 160.790267944336 118.866183831073 132.17675819444 144.176936478131 121.548268770819 115.967068348611 124.31860863793 114.396392084274 137.601670499514 62.9981921198382 121.644701262677 192.233521552945 86.5934899082475 176.020509983229 137.653464212005 88.773785227367 107.115152384645 159.595934165091 205.790796713079 175.151779647054 115.740498887193 116.088212847534 76.9485274976604 131.632834619943 91.4463171955401 162.546267627701 168.687894500887 147.89746209762 108.16915791628 131.998226768877 115.948185873483 0 0 122.444632548402 129.411752130969 182.821567059697
133.992331541635 22.5637638873972 92.4338846310039 0 171.323003057019 133.020325365673 142.962629313308 113.068540608238 97.878979381624 154.068431571494 30.1576748480185 128.943756221862 18.4043808636223 104.082947782646 143.61780594077 107.525276132548 79.4730125670959 42.0241897607995 44.4249164471766 0 125.391565590858 66.7531588183813 96.0568766141454 109.914941837622 0 41.2067959089525 26.4604847822731 126.546798999839 84.9288081191155 129.644886255546 36.7617119885645 85.0406494140625 142.014295540053 54.5249859913098 181.767272949219 85.3554453850613 23.5181397835025 48.0714063082572 65.8350760424491 124.609926540477 78.8266068156746 19.1170328940003 105.267573797193 50.1480448368 71.1716390416603 92.0726257705976 160.897592216411 0 23.9289431576251 0 32.2985535490711 105.871844469848 0 0 0 165.303866906028 147.239954244079 133.851668816063 171.892975314048 55.6916125271475 131.944458007812 46.6760727295328 134.738092269785 126.635459899902 108.426168193595 91.5643627872684 70.9867886452522 74.9353503085672 0 119.718500030688 91.7103497930294 131.54072561675 154.41709949056 33.1671963574651 65.644973873729 67.0814423602808 168.71762070388 140.829436289572 164.466656781051 66.7243688517012 0 0 84.2622932989585 0
116.665910195612 47.0556883594988 30.106362642646 183.201678400058 199.02620069198 132.613944828615 122.903613200027 126.580940815218 125.136926092597 151.01039181057 30.5510530831829 159.266278312172 17.6059226008346 121.958825327282 144.257342272326 105.106363558877 34.366974644204 24.9309000442168 28.5632210626462 154.398056745217 90.3414537881826 89.4019630201999 66.4137802386413 127.437847682243 41.2067959089525 0 32.0195209773832 111.513970326662 112.97882558719 104.268640584899 19.8363390332969 93.0453639306923 112.66826882556 55.335411435997 141.278171385096 79.0386337607276 42.8229862453256 54.3636509815572 63.4607525960207 102.549592821652 92.3911579147471 57.4335346110813 132.207051249971 87.6992594799303 105.007147932076 118.740596065703 159.47465941051 121.011199458507 80.3309478569039 174.551837699267 63.2797884207082 107.115180459965 0 0 240.393493652344 187.859534349935 184.405348634662 156.273938310382 212.091250070248 88.770145420732 223.404139226427 79.111551859357 183.881246719517 174.57958984375 151.685925230558 107.260489141498 95.9370850218893 100.59573956615 193.591369628906 159.84968970151 114.755171477482 142.454958832766 172.577177262732 66.3677234698462 90.3596695864893 90.0857199627283 180.075069572065 170.272335228332 159.307208736612 91.2369651950344 0 199.462522735511 104.717727783325 158.594368161538
124.63378092521 30.8812912644424 37.0752023697877 149.423386042787 139.85331249083 135.015548290986 105.907979244835 132.633018461068 91.7493793358893 139.791775705175 47.9313467143262 127.083336747914 23.4477373408837 128.029843732138 121.274142277922 29.8411650081844 62.9180496049863 56.1641631611245 59.3636937506746 177.448955410581 75.4101868007256 42.8770097191279 45.4878131259277 81.7326819297913 26.4604847822731 32.0195209773832 0 76.9471435525337 117.277502809825 103.525443656555 20.1444845481082 127.749079696932 108.245991156006 64.3684869781984 139.202584838152 76.8946443243951 48.9915210382474 61.1293064934738 67.9696322829957 88.349806233673 80.0611192493662 60.6484512812367 116.430376795837 85.7877386837249 100.418522517947 108.018734412441 140.045597591632 132.348893303263 90.2541588078542 166.786255753139 57.4808809795749 91.9737195058852 193.430571276431 196.530899047852 174.031077232851 166.40458151298 183.635776049686 136.111410127324 185.727339703054 91.7421562317203 155.143116131896 81.7796466626993 183.22210966648 155.943551185036 98.7658332754563 101.318537549377 95.4887527426988 99.7621673011333 139.10421103136 129.849491449587 68.0110207865571 107.781989363907 147.672094527802 67.2083628959317 90.162406904602 86.7409871120229 150.206105151865 163.789631737186 141.924723338693 97.4026634916021 0 142.599290282865 101.119123889148 158.1204837684
71.70553367608 94.4395702706511 79.3888739394572 17.4494226650734 101.004649689672 61.531992749722 36.5099545540694 90.8480587969665 55.6704642856468 34.4765181590916 132.237727754075 52.4792741056974 144.806029217269 87.8618210138975 74.3322256138995 38.8168248147281 107.436031363024 152.904946643543 122.910842480998 27.6692160338885 33.0546705774732 51.3846694788886 55.0257025439028 22.5353638227565 126.546798999839 111.513970326662 76.9471435525337 0 85.2482652917833 46.819791338551 186.902567280763 133.160109508068 75.1645245715057 70.9390557160546 139.344372896895 76.0415698105586 80.5345311114553 77.7328982848553 80.2123462756144 75.6689948330991 94.8339009051176 147.476070541602 127.041530731641 138.152865470552 140.746407846256 146.441253229151 118.937186741974 149.994385634012 156.400110609413 127.006276994384 142.141946360774 144.024158258507 108.9574150542 133.662644540314 142.511829228412 126.144485341931 145.691439518734 75.7560919061892 139.114578596738 197.265928959584 109.05007173465 201.629439043022 148.112960628806 104.208491371174 114.190314775529 159.596863482008 181.430097835798 181.87138639012 129.756768324384 119.647754431539 90.2223692351936 133.45148493287 104.400683421356 164.695254823449 173.033327244931 142.573226491975 118.336329728337 140.221072743391 122.095478921155 194.93342590332 0 125.051312518769 138.400230876547 181.539478163823
20.3035726982637 111.75519570679 112.526384782652 101.23060803571 16.0275520238624 28.1944468695352 64.0079389052933 35.6349288990573 80.6342726049272 94.3467355357561 68.9850148895376 100.146852624306 80.2786329008588 34.0606732862026 76.668204491088 107.285892763139 101.189442989412 101.653033840441 103.138079280458 99.7676507386974 78.6771686870762 71.5966220892857 95.3271396966607 82.7188772638341 84.9288081191155 112.97882558719 117.277502809825 85.2482652917833 0 38.6649145822054 129.169051393819 8.65412720599725 16.7841509223424 34.1863618087676 111.003399608741 63.1010447348187 75.5084777869291 51.2949973626582 68.1417253615464 47.2022072607043 13.1180767604727 66.1998703415847 154.117847702082 170.315321137917 162.295215338431 159.162658998332 158.350253767072 177.273828872839 210.788909912109 148.235593455921 165.521452181451 171.393170188952 157.996802863615 0 163.945295686584 148.55490376926 173.553295904869 103.375223333464 164.427595097317 174.321140237421 151.948423595042 130.042141300037 169.872789100033 128.232345647428 123.953381736208 186.396676645646 225.405669997639 203.723073089455 159.552187777943 134.479023175887 94.3064258302123 151.239442474644 129.661098280376 195.550264702853 170.244968009449 160.581889270138 139.61689992626 165.507860164289 139.369113133698 151.562942504883 0 150.057962286702 149.985887279243 154.454979212785
32.3923626633333 99.5627251186244 81.2554562179 104.056084033286 127.693617762566 76.7655138480477 27.8367403346968 78.0196778269348 64.1621784897014 88.1748910807142 105.404562917841 98.3386490018153 153.748269528586 65.4002463245403 92.5994118924443 76.2506288354441 70.1042099138174 122.416451192639 97.2826748660891 119.392214419798 35.0483349529802 58.8118005774954 59.4892478872038 66.9982876995364 129.644886255546 104.268640584899 103.525443656555 46.819791338551 38.6649145822054 0 136.407323336673 117.004631385934 52.1635201648309 37.661531159111 135.562831202355 69.133120239087 76.9578587087561 61.9562797863513 71.2812805484086 76.6966429129732 95.7813567482113 128.791267030468 136.384563217835 144.255616260684 144.748469184623 147.00666289775 135.277648092578 158.871272958596 0 132.399111060493 128.483246917188 147.482888498002 145.388170726679 192.122940063477 154.859231922672 134.895124895043 155.442085285823 80.173306543464 157.774543627445 186.827959690107 117.468090416949 160.656955783349 152.542026258114 142.876001056372 113.391487447451 161.749490382795 182.010256740131 191.009955422519 147.177715304095 122.5324974261 81.146659901954 127.110468499483 115.466274124782 145.174457179689 156.437738038939 142.432754638952 123.073032465788 144.890179481781 126.657462921383 232.428485828635 0 127.645951050132 137.066505449069 176.503717713363
132.242854868982 65.9681228658628 88.3419897581995 0 0 165.033111572266 173.571362075793 118.435347971524 132.152046576591 174.543778218982 24.9857114725881 171.251943942808 9.08691276792193 123.097614664562 0 135.889416515781 79.0133477993147 46.4570589359142 59.8354486984882 0 140.473964757583 101.489230018795 123.612439973534 159.766455517016 36.7617119885645 19.8363390332969 20.1444845481082 186.902567280763 129.169051393819 136.407323336673 0 0 0 67.8250626617042 0 98.9058211086829 46.6564360957397 60.3290994605977 77.7608129163428 89.6067810058594 0 52.6866877984473 168.44416068385 70.4429748868514 108.918155692733 138.407822570011 0 0 64.8813552856445 173.46223449707 84.24684377677 0 0 0 0 225.963989257812 0 0 0 84.9418933030393 0 79.0785507396075 144.730865478516 0 0 155.232894897461 99.2929318265324 109.448675783014 0 0 0 0 194.385612657209 65.339676968366 101.824650001735 109.189738625243 0 0 162.942276000977 97.1830832729115 0 0 106.970290655859 0
