0 6.8132346868515 212.461512804031 25.904441088438 18.7285883426666 368.99593219161 4248.0324357748 1619.49406638741 124.227812051773 303.745880335569 32.0670067369938 38.2747370302677 7.27610975503922 11546.3401383162 6.56577497720718 21.9603956639767 161.406866103411 5.57338330149651 23.1484591662884 22.151013314724 275.514948159456 54.0237184166908 369.747517377138 208.963493913412 4.88038295507431 92.5102713406086 98.2387024760246 422.43054318428 18123.7987542748 3322.02330780029 2.1740882396698 15.5262052714825 452.323072493076 510.983507096767 10.5418165028095 307.495993733406 8.77893489599228 433.331914365292 45.3699423968792 58.5072416365147 67.378004193306 0.850467264652252 12.3703664839268 2.4721006155014 3.89809954166412 0 0 1.54885882139206 0 0.532460927963257 0 1.56366643309593 0.327855825424194 0 2.51483932137489 4.3359839618206 1.63618332147598 7.21720185875893 1.09429776668549 0 0 0 0.494223326444626 0 11.133996039629 0 0 1.14455580711365 0 6.82877168059349 5.45949786901474 2.83628106117249 23.8697041869164 0.731078684329987 1.18858551979065 7.55552822351456 39.454292088747 1.44709622859955 1.84796819090843 0 0 1.33384063839912 1.48719084262848 0
6.8132346868515 0 186.137940645218 0.894732713699341 3.73665946722031 4.63942435383797 24.7798011004925 7.56816977262497 904.077506452799 1.08811157941818 256.269003659487 25.4398667216301 765.43636149168 9.98214402794838 15.9350694715977 91.2820095419884 390.725895911455 49.6954302489758 230.496381908655 3.55649709701538 33.2952891886234 3570.67392352223 121.090865343809 541.281225085258 2890.51304021478 890.995526731014 5481.97148135304 64.5898055136204 13.6456023156643 29.5897176265717 36.3231312334538 1.27813565731049 2.42292693257332 242.377377331257 4.44923144578934 317.382804363966 296.121464192867 650.682350039482 175.375547260046 58.8947038352489 2.2913773059845 50.457168251276 30.9767655134201 30.9733163118362 99.2455647587776 27.9505041241646 1.98459595441818 0 0 0 225.774748802185 41.2974097132683 0 0 0 2.19806754589081 1.48575460910797 2.46953690052032 0 15.8844330012798 0 21.8370046615601 0.864058345556259 0 4.0222319662571 27.7775176763535 16.5539986789227 40.1002681851387 0 2.41877341270447 23.3290166854858 23.8141754865646 1.90224012732506 46.2302463650703 117.938518971205 310.976864248514 2.73036581277847 0.82015597820282 4.16943788528442 1.87248739600182 0 0 25.16299700737 2.32028305530548
212.461512804031 186.137940645218 0 9.94885754585266 0.569791555404663 100.514643311501 1668.53187340498 155.637916624546 50.3498512804508 88.4328037202358 163.353718340397 5.25293636322021 24.7825199663639 321.894244849682 0.326422303915024 91.0803309977055 4103.44425004721 99.0953575670719 497.958528161049 7.14848649501801 1679.30620235205 282.011640429497 14678.018732965 214.744737535715 27.0643060803413 14780.202698946 8933.17421358824 1019.80170562863 211.4567271173 1556.65190505981 15.9554528594017 1.45092016458511 33.6410976946354 728.253219932318 36.0760032236576 1637.97417899966 569.65069180727 2196.01702591777 882.699054181576 88.6705388724804 30.166323363781 6.37783899903297 109.827052146196 49.1400479376316 177.722135305405 86.9918386638165 8.98379749059677 0 0 0 64.6427345871925 135.598168373108 0 0 1.78995943069458 7.40292090177536 0 4.19140857458115 1.54143524169922 1.98685765266418 0.471202880144119 3.37110847234726 1.4793963432312 0 24.3997567892075 29.473728120327 1.85502448678017 13.831608325243 0.551493108272552 15.4955722391605 77.4610411822796 115.945371299982 16.7624903917313 9.64541965723038 46.8874499201775 459.266055583954 23.3981834948063 0.87237811088562 9.14337879419327 0 0 0 30.9975004792213 34.0108740627766
25.904441088438 0.894732713699341 9.94885754585266 0 0 283.440322965384 762.569835811853 81.1080390512943 303.91159376502 9094.11464673281 0 1717.12894967198 1.42221474647522 77.1795707345009 38.7195432186127 1.39973545074463 2.55367523431778 0 0.596273064613342 33597.2220875323 8.89761540293694 10.3484068512917 20.5284199118614 1576.85856047273 0 2.17897400259972 8.85507768392563 17593.6458843052 38.0600970387459 13.3939435780048 0 0 4.43744069337845 17.98234847188 3.07052719593048 50.321494191885 4.24296367168427 32.7798934876919 9.06408643722534 85.8165196478367 5.07212817668915 0.586553454399109 6.75583583116531 0 1.02560216188431 0.446227610111237 1.65702843666077 0 0 0 0 0 197.514887213707 0 5.53196316957474 17.729644536972 1.20994246006012 41.9653206467628 7.4561413526535 0 108.598401665688 0 0.566644966602325 1.22078895568848 4.46776896715164 0 0 0 65.6421005129814 0 0.491642594337463 0 33.5021862387657 0 0 0 39.3789003789425 0.74097615480423 0 0 0 0 0 0
18.7285883426666 3.73665946722031 0.569791555404663 0 0 5011.15769433975 13.471308618784 1555.46181455255 64.0455845296383 17.202321857214 46.9772427678108 56.661068290472 28.5680337250233 596.61401066184 3169.13877755404 0.446083873510361 2.04617536067963 1.68797558546066 3.92772296071053 1.47866100072861 0 4.40983802080154 1.43322706222534 23.3150134086609 2.12207001447678 13.5806568861008 8.4080423116684 9.29529416561127 613.838319569826 4.96297553181648 0 2907.77551665902 4.78383991122246 2030.66189622879 2.60531705617905 48.57421875 5.91642421483994 200.108784765005 8.03183138370514 5213.17885440588 3812.72983855009 0 0.798699200153351 0 1.19263863563538 0 0 0 0 0 0 0 0 0 0 0 0 0 0 0 0 0 0 0 0 0 0 0.623526155948639 0 0 0 0 0 0 0 0 0.339955031871796 0.878940165042877 0 0 0 0 0 0
368.99593219161 4.63942435383797 100.514643311501 283.440322965384 5011.15769433975 0 4136.80665007234 22228.1073383689 260.616527438164 17821.5297005475 102.468450844288 8850.17716652155 31.9073654413223 3578.46478703618 3273.98556354642 11.5090874135494 29.5674704909325 0.359097182750702 5.87205967307091 958.908199816942 96.5029347836971 17.2562074363232 146.985303044319 342.091219007969 3.37853610515594 44.3803257346153 42.0171095132828 929.044441491365 1142.89417006075 228.243271946907 0.416738122701645 2193.70817425847 16.5583418905735 958.455554574728 716.211913257837 233.64809769392 11.3061418831348 372.466491818428 37.8286815285683 3091.6587857008 1254.39998716116 7.29766762256622 5.21832320094109 1.31218528747559 7.23645675182343 0.954476058483124 0.890580356121063 0 0 0.45411616563797 0 1.78538465499878 2.70281600952148 0 2.19513884186745 13.7542596757412 4.04751551151276 22.9254920482635 6.61580169200897 0 4.40398263931274 0 5.56882902979851 0 3.24375316500664 0 0 1.23614323139191 0.556359827518463 0.852989464998245 5.42817008495331 3.84673175215721 42.5817948281765 0 0 4.32595494389534 43.2239523530006 3.56041216850281 3.0313703417778 0 0 0.334709048271179 3.02309191226959 2.04871875047684
4248.0324357748 24.7798011004925 1668.53187340498 762.569835811853 13.471308618784 4136.80665007234 0 3469.61534512043 914.020409554243 17144.3202319145 57.4220978617668 458.865794599056 16.0188565850258 9571.82145512104 45.2230454087257 167.406298995018 357.691334426403 10.6491804718971 60.7144792079926 408.975326865911 1833.19077092409 185.476885795593 3025.10432514548 4596.50378969312 4.59199866652489 387.249827831984 624.839180707932 24626.1919512749 2815.8706240654 14120.9091249704 0.699283868074417 22.4423084557056 324.006732612848 962.921112060547 88.1543910801411 1554.2777389884 75.2013067007065 1318.27461269498 220.820547670126 219.235058456659 189.038558363914 2.62484380602837 57.9403406381607 3.09504020214081 39.2009227573872 18.602583438158 0.682687699794769 7.09072458744049 0 6.39604252576828 4.14627695083618 10.1792984604836 5.97543075680733 0 4.26234143972397 66.7362537682056 15.3789699077606 101.961844205856 17.5068119168282 0.504302620887756 4.25088527798653 0.722179055213928 14.2816289663315 3.03061544895172 30.6735001802444 2.30294960737228 0.624573707580566 4.18692672252655 0.961593329906464 23.9015989303589 17.9278746247292 34.6289859116077 232.07274082303 2.43338549137115 4.78233033418655 54.3993119597435 257.675942748785 14.7857809364796 24.7762900590897 0 0 0.742104887962341 20.4162627160549 7.84857568144798
1619.49406638741 7.56816977262497 155.637916624546 81.1080390512943 1555.46181455255 22228.1073383689 3469.61534512043 0 131.971507400274 2816.12260261178 271.489461958408 680.404818177223 59.8440164327621 18086.3213097155 388.844426125288 13.1308265328407 110.400270313025 9.9785441160202 31.0558562576771 111.278575539589 185.438067466021 31.7927643656731 314.256944432855 257.441093027592 9.7850661277771 105.847171679139 94.5228044688702 513.027581304312 2973.9558749795 827.793539881706 1.6154502928257 1132.49346876144 55.9106805026531 1357.35009789467 44.079352080822 371.210267543793 47.1750788092613 720.584338858724 51.8809346556664 770.585771799088 1232.07933697104 13.5556036233902 6.80700725317001 0 5.37478879094124 2.06037956476212 0.54228001832962 1.23566997051239 0 2.55767107009888 2.63115981221199 1.64475297927856 0.398541539907455 0 1.65459927916527 7.96825844049454 3.945602029562 13.1372853517532 0 0.512353539466858 1.25365254282951 0 1.62118849158287 0 6.1770558655262 0 0 0 0 5.9964864552021 2.803656488657 6.98662960529327 37.7601008713245 0 2.24605083465576 9.68955916166306 54.4563564062119 3.63240391016006 6.89548805356026 0 0 0.356876790523529 2.40565699338913 4.11792826652527
124.227812051773 904.077506452799 50.3498512804508 303.91159376502 64.0455845296383 260.616527438164 914.020409554243 131.971507400274 0 428.614589691162 62.2749753296375 1519.20515307784 182.799694061279 218.865199536085 1233.11751717329 201.290297657251 51.4423560500145 13.2389467507601 24.6317010968924 231.014769047499 206.289104908705 3823.95123395324 226.314407765865 12353.8838011622 394.01611033082 125.593379631639 703.37695081532 2445.39199581742 284.893872350454 410.427997142076 11.068306684494 1.78504109382629 95.8417094051838 207.506371602416 13.8504692614079 478.1214646101 75.7161899507046 338.734878063202 87.877997636795 2172.6124702096 20.0190012156963 6.8329216837883 62.7494585216045 3.79963481426239 23.9617448449135 18.8102177083492 42.7382590472698 3.44618558883667 0 5.42081227898598 21.4786361157894 1.68115055561066 49.7419621646404 0 20.6993101835251 178.514922440052 18.7405825853348 393.223442673683 91.1231644451618 1.7008364200592 24.7666918039322 3.98420226573944 12.2429601550102 9.93638944625854 30.7799190878868 0.971225798130035 1.05871045589447 0.396046757698059 32.6582614481449 31.6847766041756 35.802024692297 26.820348739624 433.531651377678 2.94432896375656 6.33536300063133 34.4739373922348 453.383074939251 14.4119681715965 20.0365224778652 0 0 2.49849596619606 18.5224821269512 2.68890166282654
303.745880335569 1.08811157941818 88.4328037202358 9094.11464673281 17.202321857214 17821.5297005475 17144.3202319145 2816.12260261178 428.614589691162 0 22.6244062185287 13802.533490479 4.89879965782166 2176.42299973965 52.9416459798813 13.6972751617432 16.0049395263195 1.97100383043289 2.67172172665596 16245.1648663878 73.818746060133 15.9433390200138 145.365347772837 934.618527799845 0.733377993106842 37.237232208252 49.2962418198586 7832.09824723005 398.76115489006 130.41055431962 0 17.5983072519302 29.7149797677994 221.207017123699 565.560178637505 402.506327956915 6.40526792407036 369.939664363861 42.5574786067009 228.187859624624 86.1378979980946 0 4.33263254165649 0.912026226520538 2.03248262405396 3.30716633796692 4.50350958108902 0 0 0.768040597438812 0.955437481403351 0.53855562210083 13.0163421630859 0 1.82004982233047 33.920412749052 6.26954221725464 48.5693960189819 13.1148439049721 0 20.8142908215523 0 2.90300133824348 0.514544308185577 1.00454479455948 0 0 0 2.9568966627121 3.83939331769943 3.00267350673676 4.19902628660202 87.1823252141476 0 0 0.409492403268814 80.1217905282974 3.56207889318466 1.40829858183861 0 0 0 1.67446112632751 2.51835131645203
32.0670067369938 256.269003659487 163.353718340397 0 46.9772427678108 102.468450844288 57.4220978617668 271.489461958408 62.2749753296375 22.6244062185287 0 9.83754235506058 10882.3633050621 467.240042775869 2.97493624687195 9.17005753517151 507.983026713133 5164.36746698618 2859.53271043301 0.747907996177673 58.1869400441647 125.473690837622 126.141694188118 25.8820089697838 2589.33915472031 7010.93961548805 2764.27693742514 22.9473542869091 440.162539601326 70.9441591799259 895.292505890131 58.050480902195 12.7982059121132 10307.9682419896 9.14258906245232 392.02786692977 3991.87090229988 8260.80516681075 360.775623172522 70.8409838676453 99.9477115571499 3786.78451886773 13.9670749902725 10.3989854454994 35.6526407003403 5.62854135036469 0 0 0 0 20.5856175124645 3.59036070108414 0 0 0 0.684235095977783 0 1.09753632545471 0 61.5646862983704 0 173.555927991867 2.25602662563324 0 2.42324209213257 5.47321289777756 50.1166701316833 21.1245576143265 0 0.705860078334808 4.84970009326935 3.28222072124481 2.05835646390915 88.1161614358425 149.134645938873 192.017059653997 1.19540360569954 1.00753617286682 1.60608264803886 18.4066651463509 0 0 9.45493823289871 2.96171084046364
38.2747370302677 25.4398667216301 5.25293636322021 1717.12894967198 56.661068290472 8850.17716652155 458.865794599056 680.404818177223 1519.20515307784 13802.533490479 9.83754235506058 0 2.44129887223244 252.943150609732 2464.08743742108 1.85967960953712 0 0 4.35159182548523 26353.0170605779 2.73073995113373 53.4908194243908 18.4379267990589 1678.79903256893 11.3969556987286 5.11482638120651 22.0707943439484 1394.31325936317 48.1914280354977 14.1668726205826 0 8.07855036854744 5.6486074924469 40.7562314271927 58.1730838418007 44.7935594916344 1.51720368862152 44.2485693544149 2.68622803688049 3391.01798683405 15.8515838086605 0 6.03869614005089 0 2.37797558307648 2.06849956512451 11.2317684292793 0 0 0 1.29837161302567 0.703821122646332 111.847737014294 0 6.15082305669785 26.0081145763397 2.19723790884018 77.6787289083004 20.7877193689346 0 253.692745447159 0 0.456984579563141 2.1812464594841 0 0.370160579681396 0 0 60.4534139931202 0 1.36119842529297 0.537544369697571 60.1827913224697 0 0 0 40.0112183094025 0.904096901416779 0.378503531217575 0 0 0 0 1.1491641998291
7.27610975503922 765.43636149168 24.7825199663639 1.42221474647522 28.5680337250233 31.9073654413223 16.0188565850258 59.8440164327621 182.799694061279 4.89879965782166 10882.3633050621 2.44129887223244 0 68.5816646516323 3.50399333238602 4.06051999330521 30.1089237332344 216.325592160225 110.812600284815 1.81326714158058 9.64269000291824 379.116305112839 29.7986070811749 59.1279451549053 7679.41321101785 1603.94829800725 4605.61477103829 11.9997905492783 67.2063291370869 13.4258508980274 1507.22593468428 30.7305882573128 1.68084114789963 1518.15462464094 28.6677832007408 790.091275423765 2990.23874083161 3287.68380638957 489.787947893143 43.9225596636534 1304.49405771494 6883.9366992712 10.0348848998547 7.26486122608185 35.540730535984 10.6072289645672 0 0 4.85223209857941 0 17.2882414758205 1.6970242857933 0 0 0 2.41830193996429 0 0 0 72.5650070905685 0.437653064727783 368.525534629822 0 0 0 1.89755517244339 62.4849617779255 23.4732723534107 0 0.643447697162628 1.10727250576019 0.409016579389572 0 119.9527105093 134.964851975441 157.02750775218 0.980305135250092 0 1.11179587244987 21.4910550117493 0 0 10.4170396327972 18.2869171202183
11546.3401383162 9.98214402794838 321.894244849682 77.1795707345009 596.61401066184 3578.46478703618 9571.82145512104 18086.3213097155 218.865199536085 2176.42299973965 467.240042775869 252.943150609732 68.5816646516323 0 110.010783672333 37.9017614424229 205.488666892052 18.9905192255974 62.2063664197922 95.5976549983025 372.483551591635 61.4036604464054 617.773625284433 381.382313713431 19.0870404243469 228.110248446465 190.469649702311 727.122724324465 12854.4039610475 1948.46938329935 3.20075026154518 1463.2158075273 267.127811729908 2274.6258610487 30.0425074696541 897.772434264421 50.2472713589668 1522.11177164316 98.2313221395016 571.971485257149 710.379426330328 24.6297038495541 14.4375168383121 1.32743096351624 9.25910437107086 4.66616776585579 1.75992047786713 2.0647813975811 0.539283275604248 2.5783451795578 0.51790988445282 0 0 0 1.00086310505867 14.7451158165932 7.55984523892403 14.7109140753746 0.461131870746613 2.02696710824966 0 0 3.75811624526978 0.737274408340454 13.1946960687637 1.85225635766983 3.57997351884842 1.06177723407745 0 9.73439788818359 5.43587392568588 8.46616300940514 58.5476008057594 1.55259490013123 7.43115413188934 25.848839789629 76.8870687186718 3.95518651604652 7.0478244125843 0 0 0.849936962127686 4.91547599434853 1.34483015537262
6.56577497720718 15.9350694715977 0.326422303915024 38.7195432186127 3169.13877755404 3273.98556354642 45.2230454087257 388.844426125288 1233.11751717329 52.9416459798813 2.97493624687195 2464.08743742108 3.50399333238602 110.010783672333 0 0.50828355550766 1.85428303480148 0 0.707355290651321 73.1736471652985 2.31749483942986 63.8395176231861 4.15674620866776 672.521790027618 5.69586071372032 4.97772794961929 16.444358497858 120.762817025185 43.7790440320969 4.83822974562645 0.487787216901779 47.2870626151562 0 45.6748125553131 1.79188084602356 7.91609740257263 1.14272448420525 13.2009513378143 1.30875504016876 14831.7227252126 49.3912832736969 0 0.828492045402527 0 0.527724027633667 0 2.2084287405014 0 0 0 0 0 0.731498539447784 0 0 2.13464432954788 0 12.7842005491257 4.4318528175354 0 1.46152210235596 0 0 0 0.436948210000992 0 1.62166357040405 0 1.02807080745697 0 0 0 14.4783669710159 0 0 1.32930862903595 5.3920901119709 0.501625776290894 0.474853485822678 0 0 0 0 0
21.9603956639767 91.2820095419884 91.0803309977055 1.39973545074463 0.446083873510361 11.5090874135494 167.406298995018 13.1308265328407 201.290297657251 13.6972751617432 9.17005753517151 1.85967960953712 4.06051999330521 37.9017614424229 0.50828355550766 0 92.9751588702202 1.50888729095459 10.8931834995747 4.19896829128265 12833.9734039307 2727.90409383178 20667.3470981121 2829.68847805262 10.133020311594 85.6587204933167 9922.31187340617 3653.80729487538 90.8794802129269 522.434894829988 1.14265769720078 0 37.3125035464764 391.519619703293 39.6000402867794 1876.73702824116 285.911708205938 874.471042722464 337.574115395546 73.1340670287609 30.6659324169159 0.488272309303284 343.732301682234 109.19058406353 169.674147844315 125.025867819786 14.5461884140968 1.72389423847198 0 3.94283723831177 6.61407214403152 29.6134565472603 2.03362703323364 0 0.831050634384155 14.4927469789982 6.76702320575714 21.1357992589474 1.15162140130997 1.01875221729279 0 0 7.16839873790741 0 234.24549844861 10.5254556536674 0 1.76594537496567 0 144.941827744246 170.342179238796 363.704184681177 61.8552677631378 1.15576159954071 5.87327161431313 243.049015045166 92.275773704052 16.0378265082836 34.999891191721 0.395069509744644 0 1.94249963760376 54.3351487517357 25.8076128363609
161.406866103411 390.725895911455 4103.44425004721 2.55367523431778 2.04617536067963 29.5674704909325 357.691334426403 110.400270313025 51.4423560500145 16.0049395263195 507.983026713133 0 30.1089237332344 205.488666892052 1.85428303480148 92.9751588702202 0 326.138216108084 5241.93899026513 0 961.978923112154 248.131177276373 7673.7087213099 95.3794228583574 47.6410697102547 5215.76635318995 3406.75473287702 166.844661533833 209.887586563826 1202.09919625521 14.4847078323364 0.798281848430634 24.6508569121361 1783.04621756077 2.78878709673882 259.476035386324 113.144294798374 1434.08089441061 190.205939233303 19.5419034957886 7.37055647373199 3.01529377698898 49.2084330916405 37.2825282812119 89.2299348413944 28.4383100271225 2.70198506116867 0 0 0.906431257724762 124.739185839891 46.6930569708347 0 0 0.366672039031982 3.69670447707176 1.35683023929596 0.549701452255249 0 3.69996011257172 0 8.25650537014008 0 0 14.4135502874851 37.3798971772194 2.22300964593887 16.742105692625 0 1.05646398663521 16.7619894146919 48.42420566082 6.6458957195282 15.8376089334488 78.7408373057842 253.261449426413 2.96772038936615 0 6.94800713658333 0 0 0 28.4746343195438 4.00924384593964
5.57338330149651 49.6954302489758 99.0953575670719 0 1.68797558546066 0.359097182750702 10.6491804718971 9.9785441160202 13.2389467507601 1.97100383043289 5164.36746698618 0 216.325592160225 18.9905192255974 0 1.50888729095459 326.138216108084 0 4288.98215165734 0 12.8805764913559 25.0048605501652 46.5156526565552 9.55133101344109 280.024854689837 5587.54961270094 875.053768903017 4.98571670055389 21.8758785426617 22.2813201546669 74.134479701519 0.785440802574158 0.369485080242157 320.017949432135 0.6855708360672 47.3814518749714 249.344598650932 464.338563382626 46.2378526329994 4.79170477390289 0.636446416378021 15.2225318551064 2.32810127735138 6.45692491531372 7.66601377725601 4.09442758560181 0 0 0 0 8.20935669541359 4.86622413992882 0 0 0 0.493872046470642 0 0 0 24.2576003372669 0 52.3264348208904 0 0 0.596620321273804 1.07573521137238 18.8629706501961 13.6491707861423 0 0 3.30510371923447 0.526271879673004 0.416378885507584 30.4348649084568 69.5152532756329 72.2573860883713 0 0 0.557278454303741 6.47048050165176 0 0 5.88094598054886 0
23.1484591662884 230.496381908655 497.958528161049 0.596273064613342 3.92772296071053 5.87205967307091 60.7144792079926 31.0558562576771 24.6317010968924 2.67172172665596 2859.53271043301 4.35159182548523 110.812600284815 62.2063664197922 0.707355290651321 10.8931834995747 5241.93899026513 4288.98215165734 0 0 80.3228340744972 72.3440986573696 356.377507001162 26.7327449917793 267.854070931673 9565.72584545612 1731.66219848394 21.143347889185 71.3931717574596 148.217642188072 42.1672106385231 0 5.15665569901466 995.024789333344 3.31323394179344 174.818630158901 223.196353375912 974.66793680191 156.399183362722 10.5897086262703 3.71531212329865 4.55902367830276 6.73457264900208 6.17533910274506 34.1978674530983 2.16255217790604 0 0 1.01139497756958 0 37.53896728158 8.9077622294426 0 0 0 1.0632940530777 0.398332059383392 2.37043863534927 0 14.3189944624901 0 30.0427302420139 0.30020797252655 0 0 15.0717587471008 15.1882200837135 33.685387969017 0 0.79681521654129 5.86225697398186 4.18455427885056 0 51.1110342144966 109.213479399681 141.457501262426 2.12698113918304 0 1.85688853263855 3.01788827776909 0 0 14.3099520802498 0
22.151013314724 3.55649709701538 7.14848649501801 33597.2220875323 1.47866100072861 958.908199816942 408.975326865911 111.278575539589 231.014769047499 16245.1648663878 0.747907996177673 26353.0170605779 1.81326714158058 95.5976549983025 73.1736471652985 4.19896829128265 0 0 0 0 7.51154133677483 5.96856099367142 9.55615690350533 1329.74152037501 0 3.0840729624033 3.58681854605675 5324.4217826426 36.5971583425999 11.6392447650433 0 1.18838194012642 4.86618575453758 23.6161388158798 13.6920840740204 24.5866528749466 1.91056460142136 32.0105304121971 0.619226157665253 146.823454320431 9.8024714589119 0.385114789009094 3.18281292915344 0 0 0 5.02719855308533 0 0 0 0 0 26.0157322883606 0 1.12283444404602 9.86898195743561 1.1492218375206 24.8197935223579 1.41770666837692 0 71.4519853591919 0 0.417108923196793 0 0 0 0 0 3.17741584777832 0 0 0 20.9207859635353 0 0 0 19.829676926136 0 0.839091002941132 0 0 0 0 0
275.514948159456 33.2952891886234 1679.30620235205 8.89761540293694 0 96.5029347836971 1833.19077092409 185.438067466021 206.289104908705 73.818746060133 58.1869400441647 2.73073995113373 9.64269000291824 372.483551591635 2.31749483942986 12833.9734039307 961.978923112154 12.8805764913559 80.3228340744972 7.51154133677483 0 1279.30690464377 21737.911803782 1850.86616739631 6.19538646936417 328.829326331615 1120.89921176434 15250.3280967772 545.573540240526 16473.5540835857 0.90133473277092 1.89790087938309 176.681302726269 3266.01817008853 66.8741934597492 3115.72891914845 211.231359034777 2585.42115753889 568.486706495285 124.98075953126 62.3290137648582 6.01903831958771 238.639952391386 40.3946134150028 96.8993195593357 74.6402992904186 4.44332361221313 0.904685139656067 0 2.77234077453613 1.75651186704636 17.3787183463573 1.36827972531319 0 0.646357417106628 20.0029835402966 9.4479818046093 20.4921460747719 4.90870839357376 0.939456641674042 0 0.344265401363373 12.9944676756859 0 172.521760135889 4.40874487161636 0.39918464422226 0 0.727033257484436 149.913178145885 129.059250175953 236.217120826244 103.514795839787 0 6.39462077617645 114.566116392612 171.030135005713 23.1781703531742 53.3558717668056 0 0 2.2525589466095 37.5951564610004 24.3052928447723
54.0237184166908 3570.67392352223 282.011640429497 10.3484068512917 4.40983802080154 17.2562074363232 185.476885795593 31.7927643656731 3823.95123395324 15.9433390200138 125.473690837622 53.4908194243908 379.116305112839 61.4036604464054 63.8395176231861 2727.90409383178 248.131177276373 25.0048605501652 72.3440986573696 5.96856099367142 1279.30690464377 0 2095.72137019038 5607.83633497357 960.201798915863 315.722261428833 5037.95046082139 834.655231416225 152.028626203537 708.358645647764 15.6517517566681 0.370179951190948 47.582254588604 487.917914420366 49.7503259181976 2064.41372621059 478.559689134359 1219.09603822231 510.308580875397 214.657466948032 42.5232223570347 17.0306513607502 169.507194697857 57.1048702299595 117.161341428757 76.9499044120312 7.12130844593048 3.83313429355621 1.30357909202576 1.14943489432335 23.2327539622784 31.2598419487476 4.93283879756927 0 0 11.0385956764221 1.47850367426872 18.9980020821095 1.00885885953903 0.715976715087891 0.752105236053467 4.60291793942451 8.00360316038132 0 146.13261950016 15.7012774944305 1.17202091217041 6.97452673316002 0 51.5932494401932 239.826292037964 196.993313968182 45.1191712915897 7.04851213097572 20.4913346171379 279.546488970518 52.4496353566647 5.22328507900238 16.0818649828434 0.530443906784058 0 1.97166365385056 37.4078792631626 17.0931938290596
369.747517377138 121.090865343809 14678.018732965 20.5284199118614 1.43322706222534 146.985303044319 3025.10432514548 314.256944432855 226.314407765865 145.365347772837 126.141694188118 18.4379267990589 29.7986070811749 617.773625284433 4.15674620866776 20667.3470981121 7673.7087213099 46.5156526565552 356.377507001162 9.55615690350533 21737.911803782 2095.72137019038 0 1622.55626097322 20.3251361548901 1794.35159993172 13190.2521671653 5754.14018106461 723.508117794991 7044.25026109815 11.4248957037926 2.80560865998268 185.412523925304 3862.98185667396 214.947491139174 7581.38577091694 1283.84615492821 5645.39013487101 1988.9439534843 448.549260348082 137.353620857 11.132101893425 538.981806159019 185.90943172574 438.36646348238 252.546365618706 33.0533681511879 8.72654485702515 0.441820174455643 6.13068088889122 20.7285732328892 143.67859017849 0.948104202747345 0 0.947414129972458 26.4797932505608 7.59670341014862 24.6750074326992 1.19143325090408 1.37500405311584 0 0 6.91553923487663 0 361.630940288305 23.5520886778831 1.37219774723053 1.54773730039597 0 126.233864963055 255.315373897552 598.951667308807 88.0864384174347 2.6335686147213 24.7592077851295 789.238851010799 119.797360479832 16.2682365179062 60.1629252135754 0 0 3.16269153356552 90.3133284151554 76.4059640169144
208.963493913412 541.281225085258 214.744737535715 1576.85856047273 23.3150134086609 342.091219007969 4596.50378969312 257.441093027592 12353.8838011622 934.618527799845 25.8820089697838 1678.79903256893 59.1279451549053 381.382313713431 672.521790027618 2829.68847805262 95.3794228583574 9.55133101344109 26.7327449917793 1329.74152037501 1850.86616739631 5607.83633497357 1622.55626097322 0 151.478299558163 135.056642025709 2347.66774854064 42190.8615274727 604.627806961536 1222.71418580413 5.92756950855255 2.08997759222984 214.094936221838 481.677984565496 24.340420037508 1260.02449297905 93.6460739374161 768.340908154845 191.339408457279 1071.92707547545 53.8414808213711 0 220.06498298049 25.0101259946823 125.744114279747 60.5466924905777 22.2339780032635 9.38982939720154 0 24.5399203002453 12.5296861231327 9.60114079713821 34.5578150749207 0 15.7226628959179 276.392172932625 77.8796338737011 398.975247651339 62.8019568920135 1.80012702941895 37.8605486154556 2.21626600623131 64.8062115311623 2.51464074850082 117.443710803986 7.42487570643425 0.535242974758148 2.63254162669182 21.8126351833344 147.384541273117 106.265449017286 128.945185750723 1304.03272479773 2.89141064882278 8.7053245306015 79.6383449137211 1078.57690855861 62.1654071509838 88.0779914259911 0 0.759266436100006 4.53767430782318 38.5139956176281 11.163235783577
4.88038295507431 2890.51304021478 27.0643060803413 0 2.12207001447678 3.37853610515594 4.59199866652489 9.7850661277771 394.01611033082 0.733377993106842 2589.33915472031 11.3969556987286 7679.41321101785 19.0870404243469 5.69586071372032 10.133020311594 47.6410697102547 280.024854689837 267.854070931673 0 6.19538646936417 960.201798915863 20.3251361548901 151.478299558163 0 1074.59981572628 4347.28628844023 12.7043246179819 12.8928309082985 10.6626802682877 198.99504622817 2.48200380802155 0 251.847026377916 0.836411535739899 101.868812888861 841.462241917849 537.210893690586 106.011091709137 21.964479714632 17.8756065666676 583.159990012646 8.75057524442673 31.1977882385254 74.4513505101204 17.133887976408 0 0 0 0 89.0489961206913 8.19134187698364 0 0 0 2.61903336644173 2.47499305009842 1.27775740623474 0.861990988254547 137.795663297176 0 412.114321470261 0.307575136423111 0 0.702314615249634 18.4519724845886 154.469527363777 87.9728744029999 0 2.37751525640488 4.3157165646553 7.21447464823723 0.417678356170654 339.139498412609 416.652457594872 420.056675076485 3.277552485466 1.45319354534149 3.56905722618103 45.3303936123848 0 0 33.6222963929176 0.696589827537537
92.5102713406086 890.995526731014 14780.202698946 2.17897400259972 13.5806568861008 44.3803257346153 387.249827831984 105.847171679139 125.593379631639 37.237232208252 7010.93961548805 5.11482638120651 1603.94829800725 228.110248446465 4.97772794961929 85.6587204933167 5215.76635318995 5587.54961270094 9565.72584545612 3.0840729624033 328.829326331615 315.722261428833 1794.35159993172 135.056642025709 1074.59981572628 0 22073.1903367937 203.87277469039 170.629551202059 534.993899911642 1666.66621306539 7.17849957942963 11.2182520627975 2181.16561260819 8.34068915247917 1049.740449965 1531.19047424197 3335.20264956355 758.827660650015 36.7149683833122 21.4636285305023 21.5857063829899 65.6406403183937 66.8891085982323 167.741308301687 35.7676328122616 0.38278740644455 0.829602956771851 1.25593149662018 0.520236492156982 251.65552932024 40.1720416843891 0 0 0 5.65495625138283 0 3.42755076289177 2.27771469950676 92.9445039927959 0.655809640884399 182.023969739676 3.41924870014191 0 3.4715204834938 44.4985148608685 91.9161469340324 165.951799511909 0 7.76440533995628 21.3262057006359 27.0964249670506 4.38537666201591 204.02527949214 433.70723977685 734.154106289148 4.74187934398651 1.75515505671501 4.39118736982346 17.076264321804 0 0.615867912769318 49.3320717215538 9.0660180747509
98.2387024760246 5481.97148135304 8933.17421358824 8.85507768392563 8.4080423116684 42.0171095132828 624.839180707932 94.5228044688702 703.37695081532 49.2962418198586 2764.27693742514 22.0707943439484 4605.61477103829 190.469649702311 16.444358497858 9922.31187340617 3406.75473287702 875.053768903017 1731.66219848394 3.58681854605675 1120.89921176434 5037.95046082139 13190.2521671653 2347.66774854064 4347.28628844023 22073.1903367937 0 1881.98427167535 177.184138268232 592.336801439524 1542.63675439358 14.5972034931183 36.8832566738129 2493.09624910355 92.4148101806641 4682.9507778883 2797.73937883973 6545.07753717899 2279.65638187528 282.520911246538 83.850747436285 32.6900990605354 481.567494928837 299.660297006369 736.167842417955 292.55239033699 22.1113660335541 4.65576577186584 3.09193497896194 3.49492192268372 534.872477918863 258.332312345505 0 0 0.498062252998352 28.9773031771183 6.1760581433773 12.6805000603199 3.65582838654518 128.917861908674 0 164.138041734695 5.8703293800354 0 185.90038344264 111.244445562363 153.661763042212 225.610888659954 0 62.6446725130081 212.587478965521 456.936012089252 36.9088996052742 248.315773844719 704.135546028614 1973.52134126425 53.816557765007 11.3000159859657 36.8736539781094 37.718677431345 0 1.08057725429535 162.646084576845 74.4630662500858
422.43054318428 64.5898055136204 1019.80170562863 17593.6458843052 9.29529416561127 929.044441491365 24626.1919512749 513.027581304312 2445.39199581742 7832.09824723005 22.9473542869091 1394.31325936317 11.9997905492783 727.122724324465 120.762817025185 3653.80729487538 166.844661533833 4.98571670055389 21.143347889185 5324.4217826426 15250.3280967772 834.655231416225 5754.14018106461 42190.8615274727 12.7043246179819 203.87277469039 1881.98427167535 0 916.723529875278 9004.93578326702 2.36448335647583 6.97466149926186 350.347523510456 1146.10265216231 53.5926086902618 2042.48053434491 126.288973778486 1248.54260510206 303.184824734926 330.763356864452 74.4357832372189 1.02417206764221 191.888989716768 15.9449619054794 94.5698871910572 55.0739632546902 22.9962632358074 6.93148282170296 0 14.9462973475456 2.01447588205338 13.5934034585953 14.2038126587868 0 9.19867718219757 186.775473862886 49.0935911536217 265.734697699547 43.3600592911243 1.0692717730999 18.1977273523808 0 48.5041970908642 3.03741943836212 99.9724524915218 1.89490103721619 0 0.788120806217194 5.45139384269714 113.71609890461 69.6679493188858 103.576663702726 687.118392854929 0 5.60569712519646 70.1640784144402 805.988546490669 48.966988325119 67.0905140340328 0 0 7.41007095575333 46.0413271784782 23.4139277338982
18123.7987542748 13.6456023156643 211.4567271173 38.0600970387459 613.838319569826 1142.89417006075 2815.8706240654 2973.9558749795 284.893872350454 398.76115489006 440.162539601326 48.1914280354977 67.2063291370869 12854.4039610475 43.7790440320969 90.8794802129269 209.887586563826 21.8758785426617 71.3931717574596 36.5971583425999 545.573540240526 152.028626203537 723.508117794991 604.627806961536 12.8928309082985 170.629551202059 177.184138268232 916.723529875278 0 10316.1862184405 2.38673663139343 4018.74236756563 11651.3665466905 4380.95708718896 27.8676147460938 1492.22387987375 69.3132008761168 2420.67530348897 170.670376300812 496.580761373043 916.020760118961 20.7566147744656 24.6844068467617 1.7245626449585 18.4015704393387 8.38544207811356 1.49483394622803 1.10755908489227 0 4.37943547964096 4.51268070936203 3.03995406627655 1.31283536553383 0 0 20.3473777472973 4.8403012752533 23.5856624543667 1.07907173037529 0.906968593597412 0.690506041049957 0.395280539989471 9.08486780524254 0 26.1174775063992 0.571639478206635 0 0 0 26.1362479329109 21.12899979949 27.2116900682449 103.526041358709 3.84270548820496 2.20805323123932 15.7303553521633 129.881095200777 9.73549121618271 11.5836238265038 0 0 0.695428192615509 11.5182563066483 4.92747610807419
3322.02330780029 29.5897176265717 1556.65190505981 13.3939435780048 4.96297553181648 228.243271946907 14120.9091249704 827.793539881706 410.427997142076 130.41055431962 70.9441591799259 14.1668726205826 13.4258508980274 1948.46938329935 4.83822974562645 522.434894829988 1202.09919625521 22.2813201546669 148.217642188072 11.6392447650433 16473.5540835857 708.358645647764 7044.25026109815 1222.71418580413 10.6626802682877 534.993899911642 592.336801439524 9004.93578326702 10316.1862184405 0 3.88491275906563 13.1946767270565 679.718298137188 4415.84234908223 23.1389621198177 1403.32734811306 71.4715266525745 2319.96057608724 383.773143947124 119.694702684879 79.5767768919468 5.0268549323082 125.391631990671 17.2202127277851 45.9781195223331 24.6975454390049 3.37527495622635 0.345483839511871 0 6.18652966618538 2.67220827937126 14.0855951607227 0 0.333872497081757 2.1069495677948 24.5349469184875 13.9076109826565 36.1196231544018 1.4338701069355 0 0 0 13.4026328623295 0 93.9996621012688 3.8996125459671 0 2.72105300426483 0.981560081243515 88.9371341466904 55.2615168392658 108.774387300014 129.104254156351 0 5.7993680536747 51.651829123497 191.596334993839 14.7564084529877 43.8900881409645 0 0 5.82106420397758 21.7525804042816 11.2880529463291
2.1740882396698 36.3231312334538 15.9554528594017 0 0 0.416738122701645 0.699283868074417 1.6154502928257 11.068306684494 0 895.292505890131 0 1507.22593468428 3.20075026154518 0.487787216901779 1.14265769720078 14.4847078323364 74.134479701519 42.1672106385231 0 0.90133473277092 15.6517517566681 11.4248957037926 5.92756950855255 198.99504622817 1666.66621306539 1542.63675439358 2.36448335647583 2.38673663139343 3.88491275906563 0 1.28446841239929 0.413579076528549 53.2070193588734 0 12.4685853421688 105.677491873503 94.3373397886753 17.3744658529758 0 1.19399976730347 5.43806064128876 0.700099349021912 0.535194933414459 4.64408260583878 0.970064580440521 0 0 0 0 4.96823588013649 0.528164386749268 0 0 0 0.452407509088516 0 0 0 9.53003704547882 0 23.6470576524734 0 0 0 0.741155564785004 6.73095279932022 6.16873800754547 0 0 0 1.29389491677284 0 13.4328787624836 24.7145168483257 22.6220939159393 0 0 0 1.45110151171684 0 0 1.62186920642853 0.792594790458679
15.5262052714825 1.27813565731049 1.45092016458511 0 2907.77551665902 2193.70817425847 22.4423084557056 1132.49346876144 1.78504109382629 17.5983072519302 58.050480902195 8.07855036854744 30.7305882573128 1463.2158075273 47.2870626151562 0 0.798281848430634 0.785440802574158 0 1.18838194012642 1.89790087938309 0.370179951190948 2.80560865998268 2.08997759222984 2.48200380802155 7.17849957942963 14.5972034931183 6.97466149926186 4018.74236756563 13.1946767270565 1.28446841239929 0 4.29294055700302 1018.24347087741 2.20052516460419 41.4566087126732 10.1493222117424 222.17134693265 10.6774413585663 170.937036156654 1004.68874850869 4.64879065752029 0 0 0 0 0 0 0 0 0 0 0 0 0 0 0 0.35225385427475 0 0 0 0 0 0 0 0 0 0 0 0.303829610347748 0 0 0.867195457220078 0 0 0 2.24600237607956 0 0 0 0 0 0 0
452.323072493076 2.42292693257332 33.6410976946354 4.43744069337845 4.78383991122246 16.5583418905735 324.006732612848 55.9106805026531 95.8417094051838 29.7149797677994 12.7982059121132 5.6486074924469 1.68084114789963 267.127811729908 0 37.3125035464764 24.6508569121361 0.369485080242157 5.15665569901466 4.86618575453758 176.681302726269 47.582254588604 185.412523925304 214.094936221838 0 11.2182520627975 36.8832566738129 350.347523510456 11651.3665466905 679.718298137188 0.413579076528549 4.29294055700302 0 1115.23304519057 9.17274647951126 624.247939825058 11.1868889331818 730.721518963575 89.250425696373 36.0138011574745 47.7801568210125 0.746951878070831 15.7354967594147 1.15122520923615 5.04597878456116 1.39312982559204 1.26072585582733 0 0 0.705095291137695 0 0 0 0 0 2.30061185359955 3.71185001730919 5.54820173978806 0 0 0 0 1.70740023255348 0 10.5533889830112 0 0 0 0 6.44748342037201 14.1085948646069 12.94070571661 28.5756771862507 0 0 3.0139302611351 18.9781661629677 1.34638106822968 6.31238240003586 0 0 0 3.19372683763504 2.03053748607635
