0 141.304419318731 106.477548844158 94.9786977617385 82.5211409737479 54.3644991031498 40.1165247302479 41.3871638780842 85.3935884190559 62.6994339063575 114.65872066035 81.275981146901 117.670118654249 20.3329933900057 95.028283042039 108.300891014744 109.754326023275 145.56451935966 129.472315523 99.7034223389963 91.9994766717646 94.5715479737106 99.5398980710827 85.9623801257832 163.391062916806 132.335441966958 135.129837553701 85.395121057199 18.496429622064 35.4480871989358 165.254013061523 100.000392791562 38.9531621162126 63.1177265302293 117.742511883034 75.9791636978588 99.3447449496625 71.4984750705467 89.7458161262797 67.9906723592389 70.9226203225675 132.125183105469 183.068798511543 157.115979300294 196.308549109763 0 0 179.789117475693 0 221.88981628418 0 181.844019956424 183.231643676758 0 215.967716965357 182.700088318202 184.138482650556 116.0118940683 157.413208007812 0 0 0 175.364501953125 0 167.190618280349 0 0 160.710662841797 0 142.023238177999 111.037902071166 147.070655221658 141.525091007889 228.231307983398 186.013092041016 194.03621217133 151.176721226105 184.75732421875 193.333405211652 0 0 182.281931598587 175.252666894706 0
141.304419318731 0 52.7891334376274 150.606513378042 130.986964518318 174.561389744301 130.434767007668 147.351509958007 73.79907108488 191.412018761923 62.2712601549765 100.537846043535 46.9020198157048 135.332585274652 127.473189307836 66.0758916588434 58.6028908371889 69.7280013562256 58.519205003683 144.378215220818 104.564879706752 29.4695574571107 82.6828663573719 85.4557678117514 24.6985602582243 50.3773547958423 35.2509582460994 110.732778449325 125.050195118847 112.485667708687 70.8170434039023 110.838760375977 108.20333335566 61.8769953511578 121.709464743062 82.2538106330684 55.3016905552474 66.2104983507405 70.9202290900813 105.129496857789 88.7015970774674 50.5600082814042 99.5803854212023 70.8033261468865 81.1229917519248 94.4728669782382 111.726498710312 0 0 0 19.1112513381113 64.614731875525 0 0 0 146.377029598423 146.365295410156 97.0522769411558 0 87.5004634938902 0 69.2778567715537 193.11740629301 0 68.7573339100629 72.7011829959996 85.2715830164097 75.624101120895 0 110.223155065939 61.7606668815671 94.4039955968537 138.233946804266 45.6798951688128 71.1400160411133 66.3498368324381 114.688375371732 152.519683837891 117.571059375244 85.6895288020235 0 0 73.5406227720994 167.852432876856
106.477548844158 52.7891334376274 0 133.399097029744 179.801696777344 130.718914176943 99.2582633253238 125.094379982221 99.7740808535737 125.012701878811 84.5051966938714 138.612213592573 101.118637229454 121.335049190331 123.24178314209 88.8483878991079 44.568811669224 81.4129411302957 65.2092782269039 120.085127237613 65.4967344227328 61.8558459506836 35.254311599166 101.371126839887 85.7138285189764 26.8487569276038 35.4625935684494 85.9349570247329 115.162997467046 81.5533415200319 99.3460311732842 177.151558964664 110.594600215048 64.8375067415167 139.077267549108 75.0847065661069 54.1829574425986 64.2096312235779 66.7126545803251 91.2021397606465 93.1238793251729 93.9307703363128 128.031103144885 101.633639657975 115.093740901277 124.021229935539 127.847334264254 0 0 0 64.0679911953257 96.0613286382161 0 0 192.387070332476 169.326047101367 0 161.09880951431 189.479835418652 127.959913369982 151.294921875 119.219937599709 202.002689226586 0 132.96895164539 118.631431707385 149.583126081508 123.738886143807 143.995651245117 143.455013278242 65.1954458645782 113.215931568477 146.298591589307 97.1016351748482 120.214457638675 99.5254452142793 153.025040085087 146.546340942383 162.995469746332 0 0 0 130.994456066316 147.199129503018
94.9786977617385 150.606513378042 133.399097029744 0 0 64.5331733418649 49.8691498695133 99.0922375018576 62.9757098775433 19.1567001750273 0 35.9125881182674 161.962371826172 103.299635579577 69.795057811551 106.982273195237 180.004638162793 0 177.133087158203 10.2292459064136 114.636915889591 112.751275755763 117.841204103149 32.7074876657673 0 159.153233215403 141.313884040629 15.9185214887999 110.265692936278 106.71068906737 0 0 102.700094812203 105.274792292997 55.8684729059825 107.308597506923 127.236119200524 105.385745472405 122.325531461384 69.1342103504703 125.789846000028 192.802886962891 141.522388342548 0 210.81558973301 205.129867553711 132.663528442383 0 0 0 0 0 13.3283546279858 0 170.814898698538 151.778733233267 168.217332565849 85.240153662846 84.7001725737957 0 13.489591868419 0 171.631118774414 194.845321655273 178.738735203007 0 0 0 14.6452959748441 0 145.294891357422 0 130.531519766151 0 0 0 147.996873018766 247.541213989258 0 0 0 0 0 0
82.5211409737479 130.986964518318 179.801696777344 0 0 11.3007767374711 115.304954320335 19.8160574286266 53.5829676527 107.671446205481 59.7160762020545 51.6532864461201 54.0522607486632 34.7666963480658 15.6121215097831 219.098693847656 95.7912035390041 85.3349849244208 94.0137245190353 123.104741205263 0 115.951992528602 200.974518161567 73.0975183063564 141.241464292294 96.6548447931678 148.617108270487 125.497144158955 30.0200761821583 122.672273020384 0 12.908458027653 70.0120139986838 15.5631107262575 125.89392481007 72.5631347011189 55.211069184002 37.9205818597337 40.2324993699861 10.4125803030497 9.4203940867757 0 83.3383712768555 0 143.216690063477 0 0 0 0 0 0 0 0 0 0 0 0 0 0 0 0 0 0 0 0 0 0 153.074935913086 0 0 0 0 0 0 0 0 197.360656738281 191.20068359375 0 0 0 0 0 0
54.3644991031498 174.561389744301 130.718914176943 64.5331733418649 11.3007767374711 0 53.6315903329887 22.0559416748143 70.7653364272372 28.9946994959269 76.7494255320593 23.6193850237329 75.5875246961061 43.6974950914022 14.1667749353593 123.965619301652 131.315423893017 150.100677490234 121.0159019719 40.3776784744965 115.341869348731 113.440199690192 121.025252991935 78.3631383722239 93.3004430789891 147.767139289649 144.129325129408 69.5106478269447 48.5986905725805 85.0961915404836 106.457717895508 15.0457506276817 97.4427459235881 39.8062440659343 16.7408358372325 95.8312018087447 107.813055093402 66.7898952960829 98.2818469216681 19.619256350844 24.8975994903399 68.28046549101 175.917485658 206.070724487305 182.220911976471 178.335021972656 90.252067565918 0 0 168.245193481445 0 195.502151489258 176.876295891529 0 161.63861742821 164.233358347903 201.050703643591 102.773096959541 170.063841338595 0 49.3573103193543 0 206.157779681947 0 193.688043117405 0 0 170.342803955078 194.308822631836 176.168374150798 143.783786940663 179.194473645635 145.527032968114 0 0 198.856567513793 156.443430062772 204.127122518582 194.104503457667 0 0 191.156158447266 196.309120089065 203.900845376426
40.1165247302479 130.434767007668 99.2582633253238 49.8691498695133 115.304954320335 53.6315903329887 0 62.461587248169 66.1698305189467 24.2388703891682 137.619209980284 53.453367120129 130.547127490375 38.2084654968007 84.6730168502634 91.9185615999471 111.193281858663 152.535469829337 140.77505217625 44.9679721783343 78.5680433468387 91.4994984520703 87.2118395746379 52.119678519016 166.000614293124 127.203597756785 114.47319020511 36.5520131136672 65.0029013228349 27.2129339495583 186.370409639003 128.27093517697 71.8708430476491 84.5875661922021 88.4251679691427 89.8956230246865 108.465646135109 91.0837421179842 103.326704097757 83.9833692735277 95.6833017231852 151.902919065255 170.012083140249 160.059545510073 164.000888627769 173.20343457697 168.939300537109 174.451528682142 0 155.687985928301 130.480066302599 170.284592749916 159.137025892325 0 176.705186754674 143.979626765283 178.328925569052 85.9184369830075 164.99662903819 223.792205810547 132.364937523131 175.770004272461 178.29097239945 123.533682341874 141.43071978103 184.682734567584 204.155914306641 205.582805783106 151.349609375 148.662688567111 131.053619457001 158.07795954374 125.814212402218 197.178339017058 201.247646289457 170.802172995379 139.755526451503 168.591847808375 153.098560099567 0 0 154.295745849609 170.46318395878 181.266952950305
41.3871638780842 147.351509958007 125.094379982221 99.0922375018576 19.8160574286266 22.0559416748143 62.461587248169 0 93.8422971375053 51.8268551429645 75.1424120648072 56.6922651237304 60.8789995884239 25.9415635606261 37.7339041042198 121.94308694251 129.498978144117 123.891801924341 133.959208373526 83.319372398029 112.418096941147 121.010099550221 118.817056135774 101.106906573025 137.872776573091 139.155007616325 143.981114712291 95.6876867378635 42.0996222339594 74.4278597430937 141.388659915716 22.4186766931023 69.2448982741282 45.6344954638403 43.3367375901428 84.9313499947891 84.6945225285646 62.010102919757 83.1962523929763 42.3129035241237 29.8895106741478 68.4220656445117 200.291321961813 0 202.858714148987 184.784863297941 187.137420654297 208.417694091797 0 199.923630172845 150.54398302223 156.876373291016 163.761001586914 0 158.713112042204 194.370572937823 213.405737959977 116.399234021472 0 112.544921875 135.218091550841 0 208.641860808469 0 181.150272349368 0 0 0 0 164.048903225874 162.174692806668 188.851746162345 159.211646393447 0 169.458166056525 194.07985723861 161.36520150979 178.40515593169 172.27820673014 0 0 215.546783447266 185.650632684696 140.586720837231
85.3935884190559 73.79907108488 99.7740808535737 62.9757098775433 53.5829676527 70.7653364272372 66.1698305189467 93.8422971375053 0 73.1964183731584 136.468861241303 20.8803712514509 118.049846740083 100.469034714474 26.0294666021106 55.8717084189507 124.01004426252 140.164352611827 127.133576557977 50.9052471797161 67.8924440195544 29.3456213889329 90.4137287094768 24.3202218196327 102.693218054436 125.50398388647 100.967056636575 58.1369810153137 87.7286937504069 67.8262924340342 145.303807266825 146.037733701144 76.8644572945766 88.8813876354036 128.477798615097 84.2559752901324 105.838780301901 100.321356487835 103.475754657691 19.5895137934696 101.045309903104 120.58341218521 97.9822922850748 111.468812212815 108.744704115298 109.996747281961 48.6555637915148 128.242337130946 0 94.1388044894888 102.281991513698 122.778955034252 87.6174319853026 0 104.645685232481 85.0807474932656 111.472474677868 22.5605640345583 88.4578195472011 184.006636481943 53.8252554339322 163.58928694933 118.689005213796 61.5516974600857 75.5089349998171 175.256823461915 179.584716796875 143.540817260742 82.093945485708 82.0059466611608 48.036851263754 102.304217730354 61.2132482693032 104.716285143553 169.281214096237 141.667935850411 78.432390681419 110.726344526207 104.305059072287 0 0 128.371535848447 124.289842373481 165.905662453233
62.6994339063575 191.412018761923 125.012701878811 19.1567001750273 107.671446205481 28.9946994959269 24.2388703891682 51.8268551429645 73.1964183731584 0 137.281887326241 21.5553198159448 144.800661122693 53.5050607103142 78.1225153936033 118.395076184811 158.275671731894 170.855122429299 213.418840092442 13.9465590003598 110.033491748089 111.455851290503 117.539086641631 59.5936413839157 168.665008544922 156.441147225898 136.678185285475 27.8038412792483 101.841269719682 96.154537945311 0 131.619000581813 97.4757527278019 102.483937259566 21.5870353148466 103.094049948884 123.910269659045 97.8860034909121 114.782841489646 77.3467134333168 104.596368661085 0 204.515050605021 184.336395263672 180.668724682533 189.151743788491 126.38475932181 0 0 175.13835144043 160.341033935547 203.827209472656 114.83849806749 0 170.812357438104 159.254094736475 189.26371509779 94.7776756964543 158.890401444347 0 69.6043872620657 0 195.740444339143 145.099700927734 158.208740276869 0 0 0 161.574766920893 166.730888432675 149.64680404902 183.67500891595 129.815278449366 0 0 198.753921508789 150.954321689453 184.10052791562 201.408479759224 0 0 0 192.238793752302 203.96106044268
114.65872066035 62.2712601549765 84.5051966938714 0 59.7160762020545 76.7494255320593 137.619209980284 75.1424120648072 136.468861241303 137.281887326241 0 130.206509490387 18.1891862301526 75.3511428659217 62.4575990091774 122.648666443891 55.6798981555041 20.5611749805418 26.2569844324658 140.112258911133 110.861204473593 102.225635005538 100.514241368803 147.175776453617 26.6019726019094 33.7067778415902 58.702314711644 144.937427329164 73.8850415292369 112.252794554748 35.0626584982117 69.9599240226462 84.5616563106604 22.9100236371027 129.48273775244 78.3524224746498 21.9639495872669 25.5233384351971 56.3044806377316 74.4051352960543 45.1063418200956 11.0843130095272 155.526142861314 106.940259509092 123.141347705293 135.931679458329 0 0 0 0 83.7335569094186 143.718431143717 0 0 0 205.817199707031 0 153.905283841228 0 91.2432077440072 0 68.6970064975567 168.252909026213 0 160.883822758342 123.606752414411 96.748533973962 108.771012416552 0 237.864974975586 136.067298553982 156.646119005299 187.647892048505 62.9970937946216 97.5460935945538 102.802051809256 218.570170679971 239.223876953125 193.131929819641 104.444428345391 0 0 113.792868383987 171.547455393701
81.275981146901 100.537846043535 138.612213592573 35.9125881182674 51.6532864461201 23.6193850237329 53.453367120129 56.6922651237304 20.8803712514509 21.5553198159448 130.206509490387 0 154.667710993105 78.6164807008603 21.1630121413353 118.500563212567 0 0 144.288565198875 10.4410738439193 112.034723286541 70.2010872858056 125.191550900565 24.2368560599794 142.486480272753 174.568116469679 134.406551292159 43.7948153169562 104.155801532847 105.388047980567 0 116.299196868436 102.149149697884 98.9427254607691 34.8200936752896 104.88430841461 134.545797142053 106.012872964374 126.251196445355 19.1576551017668 101.580615004457 0 63.298740545671 0 125.514879955206 170.580289815372 76.3258821310011 0 0 0 113.992497435489 197.633804321289 18.9301587388357 0 94.5050261240155 109.801289549256 144.586463676119 42.7601159225243 80.1009695615513 0 14.3553761291819 0 159.733413696289 90.5729964383708 0 192.508605957031 0 0 23.8290616877686 0 44.953800201416 187.460052490234 60.9819434677747 0 0 0 100.212963759221 150.216096519245 173.620086669922 0 0 0 0 19.607442855835
117.670118654249 46.9020198157048 101.118637229454 161.962371826172 54.0522607486632 75.5875246961061 130.547127490375 60.8789995884239 118.049846740083 144.800661122693 18.1891862301526 154.667710993105 0 72.1803945063307 118.436126632657 125.53810333013 85.7988137375652 47.6957383906364 57.2697097362 144.220750052663 123.239584361173 86.9839868177232 119.535227043213 131.366836470511 17.7109064446992 33.7025135061751 32.647820738862 141.825559425868 65.5363969387641 118.429038755457 15.3630399257896 61.2196229078809 54.1061300159471 24.3378448717972 76.8233517255796 36.1959844525796 21.1519676459346 19.7768433546593 23.2814250197585 59.3324122743407 12.4547939421215 10.085013099925 99.0140502951365 104.32789445091 111.260188784784 98.017256558243 0 0 99.8387148182074 0 66.1593190256687 124.731139132394 0 0 0 189.083421424089 0 0 0 76.7967468533951 202.214462280273 55.5971752797099 0 0 0 120.583452218864 88.6506489250688 101.655459444865 0 150.738418579102 145.106567382812 182.234741210938 0 48.7346569565514 84.6664156081674 92.7123904616444 187.894634573736 0 178.30385827958 91.8576166588596 0 0 107.230764461485 87.0944401224915
20.3329933900057 135.332585274652 121.335049190331 103.299635579577 34.7666963480658 43.6974950914022 38.2084654968007 25.9415635606261 100.469034714474 53.5050607103142 75.3511428659217 78.6164807008603 72.1803945063307 0 48.0399492183511 127.726560848657 124.787116012488 121.213155908246 128.970926480423 92.5248809584348 106.64393138128 114.930363765113 112.944908869564 97.5034100415703 109.234405119797 132.713661206204 141.992678225154 96.9313208309624 29.5026505596762 68.133922407418 125.256361290703 24.2967098851204 57.451874691794 51.4939457423848 121.353266491156 76.0153708139241 90.1176081044834 60.8592870531908 96.073283197323 48.5662566455868 43.3532370006001 72.0337212899425 195.401147421113 162.787872314453 187.153476000351 202.394733825526 213.409820556641 190.879418682336 129.042388916016 191.94387846666 182.925064086914 0 0 0 231.026715188715 167.216870857521 211.895221867839 110.701790303862 205.350311279297 205.033056605942 0 0 190.096301508912 185.870635986328 155.442286153708 186.725261666585 173.505259397704 172.389175415039 0 176.875779123374 140.798782677825 177.433765070047 156.796918981863 131.289811880509 177.825705021326 186.983232295267 169.122625252926 193.87314277961 175.143166114504 0 0 166.363662719727 183.989500919 125.46110534668
95.028283042039 127.473189307836 123.24178314209 69.795057811551 15.6121215097831 14.1667749353593 84.6730168502634 37.7339041042198 26.0294666021106 78.1225153936033 62.4575990091774 21.1630121413353 118.436126632657 48.0399492183511 0 126.689239501953 172.519949779655 0 157.355999915504 49.98333510942 124.430064659962 83.3387446049783 129.020127530263 43.7779039723002 146.786791213123 158.743936006291 137.249545751133 79.4757317546965 53.7682915442849 105.255072603924 196.738418579102 44.5330577586835 0 45.9539284968267 52.0956483215229 121.74706711931 169.202777593934 97.0830010613329 171.072496790585 11.1135341504691 26.7748629970368 0 59.6720848083496 0 241.102020263672 0 73.3150767453941 0 0 0 0 0 128.405120849609 0 0 114.978407004841 0 62.9285030511034 121.043751264637 0 69.2140197753906 0 0 0 164.24967956543 0 211.395462036133 0 108.174438476562 0 0 0 95.667502683778 0 0 164.323120117188 120.902723852789 148.350997924805 232.152038574219 0 0 0 0 0
108.300891014744 66.0758916588434 88.8483878991079 106.982273195237 219.098693847656 123.965619301652 91.9185615999471 121.94308694251 55.8717084189507 118.395076184811 122.648666443891 118.500563212567 125.53810333013 127.726560848657 126.689239501953 0 104.510934453191 117.579207396544 121.054949870573 132.445940045248 18.629612661926 38.0242608463339 20.2036229895095 42.7665658646276 105.986423772931 106.658624125685 25.7992307838741 36.8863505503699 103.432747161624 79.8948675306281 156.060011027649 0 84.3708373133979 76.22952766841 139.532960237629 78.8539782505555 62.8132613348081 84.5671475626584 85.2971383585922 90.8947675100082 90.5316379481425 230.760406494141 121.121619915742 96.0885530158866 121.574523759541 125.211980860475 122.682913278284 130.277389526367 0 167.765488942974 80.2442563081048 118.315094143609 166.317080040077 0 196.833065156062 156.562632906546 171.652339278717 106.409074839076 169.71687310768 167.412094116211 0 0 178.324598381093 0 102.524131322719 146.513933348053 0 152.884268491622 0 116.069821077667 57.0473298879548 109.741104766378 113.460954850868 136.522064208984 150.871776839848 110.668911154947 121.880920827505 150.151226820958 126.486741256656 212.971252441406 0 145.983529988885 123.579556407154 164.978062438908
109.754326023275 58.6028908371889 44.568811669224 180.004638162793 95.7912035390041 131.315423893017 111.193281858663 129.498978144117 124.01004426252 158.275671731894 55.6798981555041 0 85.7988137375652 124.787116012488 172.519949779655 104.510934453191 0 50.2739441767196 22.3419722562219 0 59.7107972549664 83.6911641069218 29.3435946235082 129.735118323314 75.622877004844 40.2928971755601 69.4094348680625 109.909658337671 111.759245726901 78.107580074553 106.068866091325 184.559906005859 99.5159177799127 35.1050323673887 177.41494428915 85.1843645905662 59.1774935650832 52.4437224840378 64.9800498478166 125.018446757428 125.976291077533 75.9048216909553 146.077096021102 119.773162409296 129.055553534495 142.54743044129 180.410914043918 0 0 175.780624389648 74.2675855024077 113.56479462254 0 0 231.138397216797 172.957762141913 221.286151286545 115.389488220215 0 160.406834104144 0 121.482794093178 0 0 145.606869618015 128.844984756176 144.821543788444 122.26161012367 0 165.586518127356 104.930103684121 149.363765718151 164.972370314201 93.2107484047652 123.138589555563 115.101580401812 180.397120043547 0 181.121255279288 0 0 0 138.400470024278 159.130292261864
145.56451935966 69.7280013562256 81.4129411302957 0 85.3349849244208 150.100677490234 152.535469829337 123.891801924341 140.164352611827 170.855122429299 20.5611749805418 0 47.6957383906364 121.213155908246 0 117.579207396544 50.2739441767196 0 14.5764841736978 0 123.169164323897 112.628860058441 96.8451307003964 154.537024389136 44.8018676298258 24.0154066691017 63.8864360011567 171.347998124222 118.028955900151 132.096193178974 50.484260078392 108.25350189209 173.331253051758 57.1263634997022 157.347900390625 88.6062593474308 47.8648905664739 59.5063743765059 74.2676112487823 140.798135306459 67.3306274414062 66.5075516750695 142.772757382242 109.107164653667 121.586473040181 134.592012717856 0 0 0 0 79.0960822018597 142.072314302066 0 0 0 182.461181640625 0 0 0 97.2261146769083 0 81.9057951579829 0 0 230.98974609375 137.378123960554 104.030516908847 112.685192490643 0 0 146.329476620247 152.351593017578 194.147537231445 64.9849768462036 105.767236427608 108.285440676963 0 0 236.446487426758 110.490861343539 0 0 129.234872026112 0
129.472315523 58.519205003683 65.2092782269039 177.133087158203 94.0137245190353 121.0159019719 140.77505217625 133.959208373526 127.133576557977 213.418840092442 26.2569844324658 144.288565198875 57.2697097362 128.970926480423 157.355999915504 121.054949870573 22.3419722562219 14.5764841736978 0 0 102.162424391864 99.6569258091454 76.9622157918864 152.048678833453 47.3092176522856 27.8975465507534 66.5817471864055 146.081918463168 116.808675240612 103.907550541826 64.4489022130256 0 124.741840584528 41.8894455142566 150.739215685991 87.8361857337701 49.9976882373829 52.4534551656345 65.3969560415177 123.978961432129 89.2128586665761 68.4252657508369 144.271578953315 120.28699834086 126.941058476384 150.401967226128 0 0 105.86848449707 0 69.5599421405689 124.769785960084 0 0 0 189.592971801758 237.84016418457 182.8969477152 0 110.673695547815 0 92.0117697328248 241.008819580078 0 0 125.15950632494 107.413886060955 107.299350471598 0 189.316055297852 137.25535410175 162.026019685185 0 71.7620794822552 108.422462146341 109.961983365676 178.354537217663 0 179.64203103757 120.402823966149 0 0 108.394428301021 0
99.7034223389963 144.378215220818 120.085127237613 10.2292459064136 123.104741205263 40.3776784744965 44.9679721783343 83.319372398029 50.9052471797161 13.9465590003598 140.112258911133 10.4410738439193 144.220750052663 92.5248809584348 49.98333510942 132.445940045248 0 0 0 0 121.258019067304 94.8799157513721 124.822118579606 22.3226961365193 0 148.789834560718 144.936611513257 25.982768147918 106.419660649104 113.687173219457 0 147.923558100932 101.940760853502 106.693611491143 31.7059902885112 111.636659764693 152.656920156726 101.180145318623 95.6568832397461 50.265702843371 122.613391827209 169.425064086914 101.837001247974 0 0 0 94.1884197675438 0 0 0 0 0 12.664933259497 0 134.929397583008 130.863772568514 186.710015659548 81.5369979467083 151.121814019544 0 12.2046024478034 0 208.562576293945 0 0 0 0 0 133.512901016036 0 0 0 121.358810988915 0 0 0 137.138821050779 0 236.428863525391 0 0 0 0 0
91.9994766717646 104.564879706752 65.4967344227328 114.636915889591 0 115.341869348731 78.5680433468387 112.418096941147 67.8924440195544 110.033491748089 110.861204473593 112.034723286541 123.239584361173 106.64393138128 124.430064659962 18.629612661926 59.7107972549664 123.169164323897 102.162424391864 121.258019067304 0 61.0769791698015 35.5445739491799 38.0935639924262 136.62534946983 98.6770391224781 79.3740400613468 24.7448127396313 88.5327022667678 37.3766898235577 153.5663073811 166.080734394 75.316882169989 43.3751375701938 136.357747151634 72.8814850672785 67.6756301034018 69.197984856236 75.1163590366281 88.6063010435706 92.364567613981 104.536262835287 139.128209161321 117.770423466385 147.82454905069 143.759295775332 156.173304445299 180.117362959114 0 190.676208788046 126.593909269588 137.150411029506 170.944067033414 0 169.357147216797 160.970956484055 171.316878258182 97.0230611328506 157.630292187483 128.606948852539 0 190.323257446289 181.637549628577 0 117.915969491186 190.231516955484 189.872863769531 0 153.693145751953 126.847143021025 76.4569972545163 124.292328698791 123.699924824122 0 172.598184352778 132.25204026787 129.102781854855 158.505477291126 133.331726269147 0 0 142.780068778554 136.034990549795 167.727393387476
94.5715479737106 29.4695574571107 61.8558459506836 112.751275755763 115.951992528602 113.440199690192 91.4994984520703 121.010099550221 29.3456213889329 111.455851290503 102.225635005538 70.2010872858056 86.9839868177232 114.930363765113 83.3387446049783 38.0242608463339 83.6911641069218 112.628860058441 99.6569258091454 94.8799157513721 61.0769791698015 0 59.7498349424708 37.1386609653059 69.556961439807 89.6100825955949 45.5605782410288 64.70262448749 89.7128649129822 66.2851671842728 114.325564214672 192.240936279297 72.6444249915537 67.1744933033015 130.515268715005 67.6890176373706 54.352469304928 70.9091792684872 72.2603675770231 72.6704010666213 80.6053504635881 89.2999858877144 87.3129786517375 64.0807456802896 86.861073702691 94.8424005709723 137.252859858608 97.183454786019 108.104713439941 138.752978263798 64.4331320598242 76.3246051239664 166.967259001309 0 0 127.101985371161 168.047479629365 66.9261898915896 183.646709419561 152.763549804688 127.663177490234 118.450271659359 131.332842944997 0 58.6926451217886 110.80026874695 146.70881652832 131.175993518611 0 80.5279111463636 16.4434757184999 68.5925826664825 85.9742755590053 80.6800699098634 121.505629166507 75.1063876316646 94.4374166039573 137.931560799985 103.693729629976 142.898010253906 0 79.8827221824394 106.483229929466 145.284393876641
99.5398980710827 82.6828663573719 35.254311599166 117.841204103149 200.974518161567 121.025252991935 87.2118395746379 118.817056135774 90.4137287094768 117.539086641631 100.514241368803 125.191550900565 119.535227043213 112.944908869564 129.020127530263 20.2036229895095 29.3435946235082 96.8451307003964 76.9622157918864 124.822118579606 35.5445739491799 59.7498349424708 0 72.2472729851173 105.382605407735 74.2776088117191 42.80174279914 60.8303655945047 99.9372033419916 59.4486631516693 128.334962728682 188.749443594911 84.1982846510484 50.7616183610702 136.984520278256 74.0578994130379 57.0372805317914 69.1919998898208 75.2879315731319 85.257360992003 86.3924419781784 104.534852765089 133.230624648325 104.57784720724 128.7909735062 131.629035723443 140.110294445249 157.450682188121 158.000961303711 191.847602415857 95.8400194318208 115.519561352471 168.557464599609 0 200.302238828893 157.982064433922 191.787017587167 118.939549571655 201.053538129931 139.026458740234 0 0 172.443219519219 0 110.946149411474 138.705134186876 161.569137573242 196.279671056805 0 128.441739408375 71.1725485663315 116.448455093878 130.2443539534 130.564600493481 157.730921984735 114.454471716607 145.35688657398 167.792854052695 140.013966205885 0 0 162.026472218299 132.980310089997 159.235608111033
85.9623801257832 85.4557678117514 101.371126839887 32.7074876657673 73.0975183063564 78.3631383722239 52.119678519016 101.106906573025 24.3202218196327 59.5936413839157 147.175776453617 24.2368560599794 131.366836470511 97.5034100415703 43.7779039723002 42.7665658646276 129.735118323314 154.537024389136 152.048678833453 22.3226961365193 38.0935639924262 37.1386609653059 72.2472729851173 0 118.625844337519 130.82322006154 82.5109582231902 19.5025982424905 92.3306029521344 71.1526251696748 161.826997523584 133.874898320948 80.6457917557191 84.509143016424 146.264429698533 86.6284156587782 101.728686820587 96.8364022823824 104.581402851502 41.4988321198763 104.14624431544 0 136.842535975087 114.927890206996 145.459513189357 141.957938853674 103.227862677031 157.385928126129 0 144.376097928123 127.215653499147 147.857260241499 117.815567989421 0 138.773871838109 117.334548374745 149.608423960677 57.098843683231 125.733313130249 172.643576622487 93.7391519214927 209.590968451767 156.228088629295 98.8581131985306 115.980586828752 182.85266087754 201.596527099609 171.926798827251 110.426984444952 123.317692428174 87.2599109896327 128.052974268903 72.5645593757431 159.682268223823 193.549339670735 141.443127738911 112.651189099392 157.203951638084 127.50518633698 0 198.945151384482 130.141402081316 147.734499684145 193.601254169665
163.391062916806 24.6985602582243 85.7138285189764 0 141.241464292294 93.3004430789891 166.000614293124 137.872776573091 102.693218054436 168.665008544922 26.6019726019094 142.486480272753 17.7109064446992 109.234405119797 146.786791213123 105.986423772931 75.622877004844 44.8018676298258 47.3092176522856 0 136.62534946983 69.556961439807 105.382605407735 118.625844337519 0 43.0547622400233 32.2470970280533 143.178550211461 124.878919728345 149.099055641123 46.2091019219689 104.154168293301 0 53.5631542275973 153.923080444336 87.5529626167757 27.7700481431271 54.2073752727098 52.7915932917695 130.626449569432 39.6890775814654 16.3053674785753 111.995127125865 81.9004576747984 84.6268491748166 94.5328838606056 0 0 0 0 37.8078524777621 105.268010528206 0 0 0 185.561180695281 134.496942709534 147.296400337381 207.23811340332 57.2924338528368 0 42.163543092601 221.735336303711 0 126.420707702637 87.9340582372812 67.3914887386251 71.4876176948436 0 133.45319133664 99.4405448122459 130.598133552196 148.009185791016 23.5936200387784 64.8081072503835 68.2412494285357 178.064223811998 127.082122802734 148.470806933125 70.6057071021124 0 0 82.4649077783617 147.131805419922
132.335441966958 50.3773547958423 26.8487569276038 159.153233215403 96.6548447931678 147.767139289649 127.203597756785 139.155007616325 125.50398388647 156.441147225898 33.7067778415902 174.568116469679 33.7025135061751 132.713661206204 158.743936006291 106.658624125685 40.2928971755601 24.0154066691017 27.8975465507534 148.789834560718 98.6770391224781 89.6100825955949 74.2776088117191 130.82322006154 43.0547622400233 0 35.6950631352591 126.259979943943 123.932123730294 109.465690442474 28.962530205699 101.173364773285 146.425194509862 57.8483547245229 142.735898151569 88.9630171331405 52.8712283522908 64.133758843658 71.8423038130651 114.994072943814 95.8044552160437 66.5182917548134 148.075757424898 108.220651002407 122.622883893354 131.69484659307 163.555618286133 182.15478515625 76.2131958007812 206.120803833008 63.0476260337771 117.755041626268 0 0 0 187.505914762508 0 170.770567866854 204.155865287378 99.2372701302001 169.499801635742 83.2265846869948 170.81525035283 0 162.560644170207 121.411193245724 107.351151906777 104.218787940321 0 172.443685108347 113.518995884297 146.642469972009 172.508209454769 68.1213283129897 102.191010177178 104.429843180623 191.476960676542 206.684580153199 175.376546698819 116.12961779198 0 202.508255004883 117.801293777391 165.101267382746
135.129837553701 35.2509582460994 35.4625935684494 141.313884040629 148.617108270487 144.129325129408 114.47319020511 143.981114712291 100.967056636575 136.678185285475 58.702314711644 134.406551292159 32.647820738862 141.992678225154 137.249545751133 25.7992307838741 69.4094348680625 63.8864360011567 66.5817471864055 144.936611513257 79.3740400613468 45.5605782410288 42.80174279914 82.5109582231902 32.2470970280533 35.6950631352591 0 82.3447685040583 131.340216571211 106.789432905276 27.983651433537 121.571980022327 117.728009509381 71.6942280885582 150.881196719471 83.823660109004 60.8054948275463 73.6354332205923 78.4707132910498 97.9553680994504 95.4892772570779 70.7562811139642 124.40354971183 101.964799293227 114.808195412422 123.009106126723 132.649192208657 138.718491028179 115.700409523541 193.441795142689 60.0201567593672 99.3666036878305 0 0 172.072830200195 166.126005683866 190.729882887068 142.389724811184 198.088127758478 108.127020977209 0 91.5937494970148 190.213222105346 0 110.497480411291 117.211381614211 107.69738275424 109.54522533057 0 143.233436597383 70.2441754609169 110.669352648219 158.450470847204 69.3810199269766 105.042446114861 101.210815097353 158.293416146574 155.203731211877 151.179073106596 111.018629987934 0 178.254592895508 117.914867142453 165.985644995067
85.395121057199 110.732778449325 85.9349570247329 15.9185214887999 125.497144158955 69.5106478269447 36.5520131136672 95.6876867378635 58.1369810153137 27.8038412792483 144.937427329164 43.7948153169562 141.825559425868 96.9313208309624 79.4757317546965 36.8863505503699 109.909658337671 171.347998124222 146.081918463168 25.982768147918 24.7448127396313 64.70262448749 60.8303655945047 19.5025982424905 143.178550211461 126.259979943943 82.3447685040583 0 92.4998175894034 47.8322645545944 178.734253552449 142.761843234032 76.1889889539507 74.0998620315087 116.461770018064 83.9212678595961 95.1584463112333 91.369343789158 98.4039229620096 79.8260215127585 98.5446878035193 120.680183410645 142.227533559526 139.948049842743 157.781807230894 155.152115039506 137.994758638402 183.21789338502 0 154.655753578879 181.205729492944 149.629578604111 127.293209046896 0 163.470200409651 141.107333538112 170.340359948157 81.8077776696146 159.417020777891 222.244545213 99.5932881049185 0 171.006628966759 139.399704560026 128.358698278059 199.857522225863 0 209.976196289062 158.888250627916 131.434900604358 95.6247879221037 137.46621532442 117.404743830616 0 191.400939546203 158.545706168803 128.533309145519 162.698239621906 139.153148917301 0 0 154.904907557855 149.939373800805 163.502440286384
18.496429622064 125.050195118847 115.162997467046 110.265692936278 30.0200761821583 48.5986905725805 65.0029013228349 42.0996222339594 87.7286937504069 101.841269719682 73.8850415292369 104.155801532847 65.5363969387641 29.5026505596762 53.7682915442849 103.432747161624 111.759245726901 118.028955900151 116.808675240612 106.419660649104 88.5327022667678 89.7128649129822 99.9372033419916 92.3306029521344 124.878919728345 123.932123730294 131.340216571211 92.4998175894034 0 31.1443073238975 136.017379904029 18.4280115705387 18.4473140527265 37.6351971708697 113.718455447916 62.8169776601574 73.5130771540807 50.4096697804751 71.448525358054 46.5539885425117 37.2087818464621 65.3006863074214 165.020636060044 180.243057250977 184.301307540474 152.397256780138 174.5263671875 217.576036471868 0 180.251307408384 111.776925262683 174.338856004751 220.016359043231 0 0 167.532736139221 184.849423745347 114.40762087866 183.873979460078 129.852020263672 133.305435180664 170.107345581055 190.418115446703 0 141.490342204259 225.361877441406 0 0 0 162.349154875824 109.083242603784 158.487565976129 141.035707906113 139.941651495722 161.833987435835 170.588326741697 152.665336287749 187.502822711321 152.731357618695 0 0 145.442398071289 172.072115865251 171.630816680276
35.4480871989358 112.485667708687 81.5533415200319 106.71068906737 122.672273020384 85.0961915404836 27.2129339495583 74.4278597430937 67.8262924340342 96.154537945311 112.252794554748 105.388047980567 118.429038755457 68.133922407418 105.255072603924 79.8948675306281 78.107580074553 132.096193178974 103.907550541826 113.687173219457 37.3766898235577 66.2851671842728 59.4486631516693 71.1526251696748 149.099055641123 109.465690442474 106.789432905276 47.8322645545944 31.1443073238975 0 156.41154644511 126.985809058444 49.9218602499013 36.572553531572 118.114209594351 67.2902183158575 82.3281257611632 64.1862381678792 74.3459122992022 80.5430440369617 77.0368604077736 109.51160150916 145.022307258549 126.502363906115 157.647394179167 158.752935932761 146.084675882809 185.52685546875 0 156.29448627305 128.48093577492 153.943471490793 0 231.543350219727 169.973345611275 153.572028733797 177.958636960043 86.7033681135537 165.691794452219 0 0 0 178.979921194618 0 123.183513485479 172.084429456678 0 178.925002440928 150.087265772131 130.347167000749 80.1304665311592 136.008318165529 127.32025160842 0 176.279050214251 151.411511949059 133.995395062305 165.341367113344 139.943054026318 0 0 148.399685700345 145.146805445263 171.517537590902
165.254013061523 70.8170434039023 99.3460311732842 0 0 106.457717895508 186.370409639003 141.388659915716 145.303807266825 0 35.0626584982117 0 15.3630399257896 125.256361290703 196.738418579102 156.060011027649 106.068866091325 50.484260078392 64.4489022130256 0 153.5663073811 114.325564214672 128.334962728682 161.826997523584 46.2091019219689 28.962530205699 27.983651433537 178.734253552449 136.017379904029 156.41154644511 0 101.341514587402 204.127334594727 79.8501326193922 0 136.833883159001 59.890835032922 73.2470327021334 93.7003021248043 0 89.7781677246094 72.6355029303191 149.491394042969 109.04475402832 130.565340525342 151.895856598915 0 0 0 0 87.6095068289925 135.415374755859 0 0 0 244.728393554688 0 0 0 98.9113151663005 0 89.722901338214 0 0 0 152.120834350586 112.577794611149 142.912253226343 0 0 0 198.672773640168 0 74.1086060528099 112.394012838456 117.372000627127 0 0 0 109.940449433038 0 0 105.453596687987 169.437133789062
100.000392791562 110.838760375977 177.151558964664 0 12.908458027653 15.0457506276817 128.27093517697 22.4186766931023 146.037733701144 131.619000581813 69.9599240226462 116.299196868436 61.2196229078809 24.2967098851204 44.5330577586835 0 184.559906005859 108.25350189209 0 147.923558100932 166.080734394 192.240936279297 188.749443594911 133.874898320948 104.154168293301 101.173364773285 121.571980022327 142.761843234032 18.4280115705387 126.985809058444 101.341514587402 0 74.7369986329186 29.6896849815509 132.183627581966 83.3702322548466 80.0440334878017 50.95444371895 55.7962668603663 38.1961909214359 26.6755743438649 67.4736011798735 0 0 0 0 0 0 0 0 0 0 0 0 0 0 0 161.441940307617 0 0 0 0 0 0 0 0 0 0 0 218.868896484375 0 0 217.602317159894 0 0 0 212.429665688575 0 0 0 0 0 0 0
38.9531621162126 108.20333335566 110.594600215048 102.700094812203 70.0120139986838 97.4427459235881 71.8708430476491 69.2448982741282 76.8644572945766 97.4757527278019 84.5616563106604 102.149149697884 54.1061300159471 57.451874691794 0 84.3708373133979 99.5159177799127 173.331253051758 124.741840584528 101.940760853502 75.316882169989 72.6444249915537 84.1982846510484 80.6457917557191 0 146.425194509862 117.728009509381 76.1889889539507 18.4473140527265 49.9218602499013 204.127334594727 74.7369986329186 0 24.3120429565014 101.027587014714 42.9088309153805 74.2260012326091 37.7997796514066 41.3862755748751 46.7011569910181 45.2821613877362 72.2449111938477 155.613880821609 107.239410400391 197.536962094908 153.42268371582 159.756851196289 0 0 187.176330566406 0 0 0 0 0 196.501126269822 180.818683678305 77.3681805155535 0 0 0 0 184.822321380391 0 129.45917613654 0 0 0 0 145.670807357081 103.708371576326 136.17208374256 127.54926303915 0 0 166.272381314372 141.938596693379 218.507736206055 135.255898842006 0 0 0 150.046278322186 151.121360794253
63.1177265302293 61.8769953511578 64.8375067415167 105.274792292997 15.5631107262575 39.8062440659343 84.5875661922021 45.6344954638403 88.8813876354036 102.483937259566 22.9100236371027 98.9427254607691 24.3378448717972 51.4939457423848 45.9539284968267 76.22952766841 35.1050323673887 57.1263634997022 41.8894455142566 106.693611491143 43.3751375701938 67.1744933033015 50.7616183610702 84.509143016424 53.5631542275973 57.8483547245229 71.6942280885582 74.0998620315087 37.6351971708697 36.572553531572 79.8501326193922 29.6896849815509 24.3120429565014 0 100.967563354567 49.0770729009119 30.7564230655731 18.3026814461423 33.902543853953 40.3435533607847 12.1024986039889 21.7487376917234 135.910908154777 109.176520664496 137.308881827804 132.436039836066 155.051803588867 138.851760864258 0 141.770733582914 78.0495613457607 117.596494929402 0 0 0 160.431535258856 194.249099787059 95.5943693578557 204.133819580078 122.828966003663 128.067545703176 99.5531986592486 174.385640871815 0 115.007932186798 124.790443164147 121.099592858771 112.386240242488 0 129.27410437536 87.7055496018732 123.410871777484 129.430301532545 83.1762437753332 112.761366520624 116.612873922232 140.354238450028 177.894907246955 144.263122450144 157.969703425604 0 132.937423706055 139.104392471974 174.283388591131
