0 15.1842156350613 174.183556228876 74.3520896136761 10.0979862809181 790.907701134682 6554.80752947927 5789.24517896771 252.401524454355 1145.36012050509 46.1286237239838 111.876758635044 5.22918501496315 13459.0089584589 10.8878341317177 9.35354763269424 191.213969558477 3.56101620197296 33.3052088320255 82.1955561637878 317.745088964701 28.4733142256737 614.480004221201 402.005580723286 3.19824999570847 36.6241551339626 113.849287778139 463.373014509678 15703.3735625446 4452.40347057581 0.814554512500763 38.6823472082615 265.771553575993 630.246744185686 18.0329134464264 450.887837618589 17.3572028279305 216.756380558014 52.7532317042351 151.818102329969 99.6153535246849 12.0056273043156 19.8936069309711 1.96209076046944 7.68942430615425 3.33356854319572 0 0.415046393871307 0 6.82089596986771 1.70261657238007 6.08288443088531 6.67927289009094 0 4.37211713194847 59.4392493665218 6.26818090677261 24.8939265608788 17.4964380562305 0 4.45881155133247 1.88367056846619 21.9800975322723 0 4.96060040593147 3.09760773181915 0.870994091033936 1.46960264444351 1.14162209630013 7.6050777733326 1.16664224863052 8.64679563045502 91.1335633695126 1.03611600399017 6.28654447197914 15.9232078790665 78.5680830180645 14.4299455583096 12.6861210763454 0 0 0.387318581342697 11.2934916913509 2.6179621219635
15.1842156350613 0 1030.26995199919 6.24916419386864 1.78384017944336 6.46337035298347 44.6906589269638 9.4722538292408 779.077041953802 8.59233021736145 311.321751743555 13.4555256068707 669.823663204908 21.8511080741882 18.3342099487782 208.839498370886 1537.02505382895 53.6147930920124 538.99625107646 3.6330913901329 68.2667592763901 2934.57324649394 452.258040904999 930.817650228739 4203.31463432312 2601.5755546689 10943.9222014546 120.380675196648 30.0695558190346 79.8804096579552 93.573463767767 0 6.71791318058968 576.376405239105 27.4715644717216 755.909721493721 401.529137313366 1110.06604588032 366.67570155859 68.743676841259 18.1825618743896 189.490776002407 38.4615471959114 31.222539961338 62.8818798959255 22.2673723101616 1.28679883480072 0 3.81217586994171 0.971824645996094 149.93925306201 110.841647863388 0.656639933586121 0 0 8.58821266889572 0.976245641708374 6.57348239421844 0.632620453834534 24.7013314068317 0 40.4368657469749 2.97393080592155 0 4.44886377453804 84.7470362186432 14.1667057275772 81.2071013748646 0 7.23338666558266 26.4337307214737 49.317308396101 3.02199938893318 53.1917183995247 293.122114956379 576.187033057213 4.55233630537987 0.308846563100815 6.54926154017448 2.92845320701599 0 0 37.4660121202469 5.73448112607002
174.183556228876 1030.26995199919 0 10.0679067373276 3.23413619399071 99.0349515080452 1324.283432886 160.441167056561 159.554069325328 92.7679411768913 97.2550803720951 10.4839716553688 22.9212440550327 253.902037262917 5.04502153396606 250.968372136354 4943.03713315725 29.9643172621727 525.513618588448 4.67543396353722 1661.76674377918 907.092513516545 14522.3064891398 589.93930362165 59.81556686759 11861.3815591037 16832.7115413547 1063.44703221321 182.067070990801 1166.3858692646 14.7138148248196 1.07798466086388 14.794209420681 704.69246289134 40.3565625548363 1260.55812168121 697.919943332672 1344.37154769897 531.687723964453 69.9921148121357 24.466166049242 6.07678112387657 189.625659525394 121.594255805016 266.232327252626 57.4929746687412 7.75121062994003 1.03719067573547 1.20022225379944 0.412310659885406 181.520189762115 652.365832537413 0 0 1.60199213027954 57.7642805576324 2.81675183773041 15.3815530240536 4.24605906009674 15.873599499464 0 32.0923094749451 12.2067727446556 0 75.403872013092 235.443591833115 6.2263568341732 71.6236908137798 0 43.5178738534451 95.0626213848591 390.322619378567 38.2990936636925 46.6406383514404 321.524959146976 1834.30304968357 51.3863382935524 7.57860398292542 23.2490690052509 3.71442443132401 0 1.29706704616547 80.429261893034 12.0370275974274
74.3520896136761 6.24916419386864 10.0679067373276 0 0.586585462093353 395.584163546562 711.534305930138 129.727009147406 788.140864193439 14097.8127765059 3.42016988992691 1352.77072265744 2.24653375148773 134.325931161642 55.3127942681313 8.36444705724716 2.74236232042313 1.05391895771027 0.406790643930435 40332.147651732 11.4361837804317 18.3525784313679 35.6640960276127 3206.05866464972 0 3.05731919407845 30.6687190532684 13146.4925114214 228.871733576059 70.8853399455547 0 1.95162004232407 30.4021075069904 58.1113827526569 2.9657741189003 260.966784566641 8.07907378673553 38.1926394104958 15.7202383875847 147.772334963083 31.6977564096451 0 53.8266027867794 0.476717561483383 4.69029399752617 2.75558018684387 34.6676283180714 1.19236958026886 0 6.82832965254784 0 1.21336257457733 64.5678114295006 0 17.136069893837 108.481820911169 21.9953171312809 84.7565714716911 122.116062939167 0 20.6516391634941 0 43.9984410107136 3.95663046836853 2.61996126174927 0.310021162033081 0 0 29.7963181436062 1.41747030615807 2.14818474650383 2.2801678776741 164.334053397179 0 0.843289971351624 3.02146056294441 91.6795863509178 6.50725051760674 3.13071382045746 0 0 0.275133490562439 2.73906433582306 0
10.0979862809181 1.78384017944336 3.23413619399071 0.586585462093353 0 1218.47381785512 12.1431985199451 1047.54704165459 102.786332160234 21.8604855537415 6.98354268074036 82.9774764180183 0 414.27530580759 2800.5445445776 0 1.7050929069519 1.2102597951889 1.11044085025787 12.7045285701752 0.51619964838028 4.04253861308098 0.667542576789856 38.1893450021744 1.05794990062714 6.26359128952026 3.01622009277344 8.85255289077759 430.010739356279 6.07461354136467 1.64164972305298 2201.7039655447 0.949445128440857 1717.69088575244 2.13443291187286 18.6169812679291 3.38123279809952 51.2664896845818 7.99211731553078 6457.60821205378 3375.58044606447 0.975629925727844 0.509592056274414 0 0 0 0 0 0 0.591836750507355 0 0 0.498737812042236 0 0.278308779001236 0.629572868347168 0 3.06598579883575 0.523449778556824 0 0 0 0.557018041610718 0 0 0 0 0 0 0 0 0 0.763891637325287 0 0 0 0.310163855552673 1.04376840591431 0.704545259475708 0 0 0 0 0.53541773557663
790.907701134682 6.46337035298347 99.0349515080452 395.584163546562 1218.47381785512 0 3939.73093307018 32375.1325801313 325.144691169262 21494.7690587342 85.437454521656 6997.40772634745 13.5858662426472 3646.21629175544 816.120348066092 11.8978685736656 44.5731662809849 2.19592180848122 19.4042927026749 787.236266463995 127.184467047453 17.6591760516167 253.861557841301 669.594157069921 6.83340865373611 35.9923211783171 69.0950565338135 1214.07041889429 1850.34714522958 481.989216834307 1.55687814950943 2290.01145213842 41.9771024286747 1164.37468022108 15.0974029898643 349.441947966814 21.1865669488907 279.089975059032 42.1611974537373 1182.37366017699 1631.11622293293 10.162166506052 31.7036279737949 2.11032775044441 7.26331821084023 4.63105788826942 4.68453639745712 3.2419496178627 0 7.58825448155403 0 2.20429065823555 38.9283254146576 0 15.0669320523739 102.410674452782 14.7751718759537 42.9564881622791 71.3793059885502 2.17377734184265 15.2247678041458 0.585876166820526 56.1123834252357 0.362190067768097 0.458303362131119 2.23296129703522 0 0 19.2138602137566 3.09875470399857 1.99555030465126 5.51515471935272 166.466467291117 0 2.06487560272217 5.66003474593163 95.5744093954563 13.9698197245598 7.45629566907883 0 0 2.71556016802788 7.07770171761513 4.33746856451035
6554.80752947927 44.6906589269638 1324.283432886 711.534305930138 12.1431985199451 3939.73093307018 0 3421.63548752666 1740.01085424423 16673.6502979994 60.056970000267 359.908042252064 4.02811151742935 6987.73156866431 83.9993204772472 254.195055156946 341.928314477205 4.72939628362656 50.1691428422928 393.135642558336 2060.44794175029 213.395573347807 3936.27705875039 5076.02677518129 14.2388754487038 224.231076225638 965.743132770061 18097.2618834674 5102.55629533529 20015.9051150382 0 27.2102195322514 505.109415560961 1178.5377599299 93.2744233310223 2965.8398078382 90.3244228363037 498.602143883705 269.727661967278 437.291104733944 341.963611930609 6.19367745518684 150.729998797178 10.8771478533745 66.2149521708488 28.7157275676727 43.9319776892662 12.2251698672771 0.736023187637329 37.7031092941761 5.46262374520302 30.8944821059704 106.618550270796 0 36.6197489798069 487.885557174683 75.9439622759819 210.729720234871 172.32146653533 6.17666339874268 47.6916556954384 2.784339427948 191.543627947569 6.3940934240818 42.846834987402 9.37789067625999 0 4.54206454753876 39.3963251113892 55.9445547163486 26.8842421770096 78.6454443335533 709.407760769129 0 11.5459250211716 67.0271365046501 523.110100477934 77.0327447652817 90.748012393713 0 1.87466204166412 7.69009420275688 48.4701856672764 27.0859665572643
5789.24517896771 9.4722538292408 160.441167056561 129.727009147406 1047.54704165459 32375.1325801313 3421.63548752666 0 378.255546599627 4699.41085231304 177.605356127024 1407.70431622863 21.201330602169 21890.7861573398 117.761168777943 9.85314437747002 137.717088371515 14.6257236301899 41.5408999621868 328.238164514303 251.112165421247 20.8484487533569 560.621014475822 720.170210063457 20.5473340749741 82.1642705500126 132.556638151407 592.521736234426 3931.37728562951 1667.15748292208 4.98252028226852 2145.73952236772 62.5288959741592 1772.56803461909 29.0253081321716 491.813092529774 40.3411121368408 505.070732951164 60.4723556637764 875.824441224337 1688.84385368228 24.3057764470577 34.4228396713734 0.509107649326324 19.6599898934364 4.45178100466728 11.4734470248222 2.65121400356293 0 9.22762009501457 2.09073412418365 6.33466735482216 28.0751441121101 0 13.0611908435822 141.670794606209 20.3918961435556 42.1411305963993 42.347322255373 0.593840837478638 10.8345082104206 1.89319461584091 51.4393179118633 0.873419731855392 3.99876436591148 2.38529902696609 1.27027630805969 0.943389177322388 11.0350360572338 9.69372370839119 5.01533463597298 8.27770772576332 148.026164293289 2.24323773384094 4.72688961029053 23.2811450064182 135.979103773832 20.7115687131882 15.64725035429 0 0 1.89714992046356 12.75655990839 6.36402699351311
252.401524454355 779.077041953802 159.554069325328 788.140864193439 102.786332160234 325.144691169262 1740.01085424423 378.255546599627 0 1210.98030117154 26.6945438683033 1835.59234410524 65.3052572309971 520.377634882927 1607.06192082167 136.796715646982 141.83066304028 1.71629351377487 45.2440485358238 557.843652397394 300.002997845411 2909.61922514439 343.906301245093 13287.2913500071 291.001933336258 216.043161720037 910.628032043576 2558.69230279326 774.804930388927 1535.1992584765 5.29026885330677 11.6644815206528 196.179671823978 299.549964383245 25.0643592178822 690.34457719326 60.5808061957359 156.748022899032 85.5917675197124 1922.13361260295 49.7820107638836 12.5738732516766 112.929590791464 7.92899891734123 54.8030600547791 21.2810942530632 47.6398653686047 4.70525968074799 0 42.814035564661 6.48625174164772 18.9049868285656 92.4946545660496 1.29188990592957 26.9768362939358 384.884370297194 48.723295211792 300.975441724062 167.023098409176 3.35754531621933 32.9330950677395 3.21966406702995 173.326612502337 2.06914585828781 87.0016580820084 9.37613046169281 0.60579526424408 6.54156652092934 40.2619870305061 113.662102431059 82.2990882992744 100.896599888802 635.63868188858 5.32294517755508 18.1339499652386 76.7566787302494 412.976936280727 71.1154967844486 120.871533513069 0.635809719562531 0 11.8834329843521 68.5181667208672 9.7593130171299
1145.36012050509 8.59233021736145 92.7679411768913 14097.8127765059 21.8604855537415 21494.7690587342 16673.6502979994 4699.41085231304 1210.98030117154 0 36.3854482471943 15890.2636386752 2.8946328163147 4085.49912288785 198.429524958134 24.1903049349785 34.7696652412415 2.88685327768326 8.66862332820892 28895.3433613777 113.362155154347 39.2543015182018 280.692889362574 2201.24517476559 6.23271745443344 29.091113358736 105.403205603361 9504.53902894258 1595.78685083985 518.148885816336 0 45.4412596821785 101.037307083607 598.876063942909 56.418941706419 1452.6741823554 34.7069162130356 359.251035749912 93.9961029291153 740.236315250397 264.875415593386 6.36602380871773 113.060370147228 2.34869027137756 11.9290843605995 3.83935993909836 50.480632930994 4.89464882016182 0 6.43035972118378 1.71941938996315 2.33364918828011 137.262030720711 0 37.2249817848206 239.371330797672 50.2334600687027 151.281056195498 232.625688016415 0.750786066055298 59.2400366663933 0 80.2634089291096 8.52830991148949 8.9459342956543 1.68732458353043 0 0 58.1404731273651 10.5032335817814 5.51511472463608 12.9432944655418 395.825824588537 0 1.42281520366669 9.04482364654541 212.881694406271 22.701680123806 16.0505965054035 0 1.26123893260956 1.99634683132172 18.9366626441479 10.741383433342
46.1286237239838 311.321751743555 97.2550803720951 3.42016988992691 6.98354268074036 85.437454521656 60.056970000267 177.605356127024 26.6945438683033 36.3854482471943 0 12.7400050759315 17447.5682439804 241.590985834599 3.17814552783966 8.37446469068527 567.718157321215 5654.12326896191 6386.68819823861 6.28347027301788 22.4849315285683 111.25441712141 116.230724006891 26.4226120114326 5235.41360038519 10567.4604068696 2914.76716673374 16.6205752193928 444.827954262495 48.9406351447105 1912.77023825049 36.0377016663551 1.69367647171021 10012.6421850026 19.4605243206024 479.936335206032 5266.33658257127 8558.96794840693 378.167279541492 50.4782680869102 40.6050239801407 3356.94847488403 2.56774795055389 41.9603175520897 39.7491288483143 1.41634461283684 1.57060760259628 0 2.91813480854034 2.30812931060791 18.4387894570827 14.8527855873108 0 0 0 2.04496857523918 0.794496655464172 0.61537903547287 0 299.473132669926 0 356.059257239103 0 0 1.29092442989349 10.5227958858013 78.0680749714375 63.6760018467903 0 1.04014438390732 0.462544530630112 3.24589550495148 1.58994802832603 94.864419311285 284.252447396517 148.30628323555 4.21913900971413 2.31842434406281 1.82799077033997 49.0914474129677 0 0 15.7879304289818 1.72601854801178
111.876758635044 13.4555256068707 10.4839716553688 1352.77072265744 82.9774764180183 6997.40772634745 359.908042252064 1407.70431622863 1835.59234410524 15890.2636386752 12.7400050759315 0 4.55515286326408 605.923865288496 2526.91789656878 3.86429953575134 2.24362108111382 0 0.64085453748703 30002.8933826387 6.76792001724243 57.0175408124924 12.3946948051453 1373.61521482468 7.6257848739624 10.7336944043636 29.6618294268847 502.596142619848 259.416751533747 31.7970842421055 0 22.1107665598392 4.92649576067924 171.444616854191 5.08433020114899 300.540301024914 4.43964946269989 74.9151960909367 20.3695010244846 2883.34354445338 91.9854263961315 3.02225902676582 54.9485158026218 0.745547235012054 5.02020958065987 0.373788475990295 24.392487436533 0 0 0.544001758098602 0 0.819681525230408 64.0730586647987 0 15.5542043745518 60.8641847074032 10.1535143256187 54.408429056406 356.535957574844 1.68389284610748 548.165710151196 0 20.6058268845081 2.82844817638397 1.90072560310364 0 0 0.783110290765762 118.085049539804 1.13635262846947 0.615682661533356 4.92190572619438 90.8252103626728 0 1.55643817782402 2.03670060634613 47.1815614998341 2.62030804157257 0.657682001590729 0 0 0 1.22205352783203 0
5.22918501496315 669.823663204908 22.9212440550327 2.24653375148773 0 13.5858662426472 4.02811151742935 21.201330602169 65.3052572309971 2.8946328163147 17447.5682439804 4.55515286326408 0 30.0872917771339 0 9.76824766397476 68.0728668570518 480.569031447172 422.141801863909 0 3.89958715438843 199.37509432435 24.3564277887344 53.0388946831226 11533.4473547935 5205.11775276065 7064.38204270601 7.71601793169975 48.7625007033348 9.30950593948364 4145.87058278918 6.89190310239792 1.96461033821106 1718.65704533458 3.66662579774857 137.088204026222 3121.92014887929 1966.26397168636 86.2970682680607 15.2588446438313 9.02768224477768 4952.20133915544 3.90666103363037 42.6114103794098 40.9192427396774 13.6598765254021 2.72895336151123 0 5.29396921396255 0 22.4740654230118 6.45301175117493 0 0 0 0.449825316667557 1.09240412712097 0 0 315.565499842167 0 379.792000889778 1.48367702960968 0 0.464642137289047 10.2101107537746 83.1589805185795 80.3006356358528 0 1.54221266508102 4.89666017889977 1.84160459041595 1.19663166999817 88.2342415452003 295.590831279755 158.24136915803 0.966075420379639 1.58621799945831 0.567594408988953 38.7214763760567 0 0 12.4156524538994 1.14655637741089
13459.0089584589 21.8511080741882 253.902037262917 134.325931161642 414.27530580759 3646.21629175544 6987.73156866431 21890.7861573398 520.377634882927 4085.49912288785 241.590985834599 605.923865288496 30.0872917771339 0 41.6578823924065 21.3123254179955 228.072229236364 13.0017134547234 60.490856140852 277.964179158211 430.369339674711 48.9325070679188 796.585858047009 923.450100064278 19.8857200741768 106.577974438667 190.101633071899 810.364235728979 11858.2021316439 2909.17688769102 1.72656247019768 1386.18005564809 294.599244266748 2442.11433878541 36.8380189836025 1034.37683665752 47.8803707361221 750.148102611303 142.047299772501 987.77840667963 931.945747733116 26.7530011236668 30.5029467642307 5.61021947860718 16.2538650631905 11.0084244012833 9.13319331407547 4.8666130900383 0 15.2275701165199 3.84328961372375 7.99112954735756 9.39546740055084 0 10.1965867578983 137.09726575017 18.2117087841034 53.2797735631466 46.5085723698139 4.95048606395721 10.3744560480118 0 55.1363750100136 0.353756636381149 7.96085539460182 3.98952174186707 1.97841864824295 3.14328569173813 9.19561105966568 9.3245430290699 5.73359426856041 15.9916293621063 169.949653148651 0 6.96856307983398 20.4439295232296 141.358455389738 14.0099360048771 24.6939466893673 0 0 1.05980849266052 13.7668328881264 9.63086020946503
10.8878341317177 18.3342099487782 5.04502153396606 55.3127942681313 2800.5445445776 816.120348066092 83.9993204772472 117.761168777943 1607.06192082167 198.429524958134 3.17814552783966 2526.91789656878 0 41.6578823924065 0 4.27341496944427 5.13080403208733 0 3.36115327477455 103.53762447834 0 73.3766990303993 4.99125680327415 603.786345660686 0.295987635850906 9.64582189917564 34.3926837444305 159.043192625046 19.3365211486816 27.7568322718143 0.747925341129303 8.4637166261673 1.14078903198242 13.6999723911285 0 32.2267857193947 1.99424400925636 10.1338917315006 0 15067.5827542543 58.5413759350777 0.418389797210693 5.71380010247231 0.68461674451828 0 0 2.10867351293564 0 0 0 0 0 10.8490197658539 0 3.31245267391205 13.6157239377499 2.27254429459572 12.022303789854 13.7337764799595 0 2.3554667532444 0 4.90268343687057 0.532636165618896 0.479374349117279 0 0 0 1.91539812088013 0.354207426309586 0 1.36466401815414 22.1249216496944 0 1.02312564849854 3.64496019482613 5.71177703142166 2.95728382468224 0.626987874507904 0 0 0 0 0
9.35354763269424 208.839498370886 250.968372136354 8.36444705724716 0 11.8978685736656 254.195055156946 9.85314437747002 136.796715646982 24.1903049349785 8.37446469068527 3.86429953575134 9.76824766397476 21.3123254179955 4.27341496944427 0 113.887366890907 1.20109656453133 18.1654962599277 3.58235162496567 3232.85808992386 3157.52688550949 9790.59057381749 6019.01898109913 19.1026685833931 97.7147671282291 10695.8439618051 3800.35546660423 29.739955753088 239.131726831198 3.16743350028992 0 10.8897702395916 185.474558025599 15.4992715418339 500.995681554079 71.7332280874252 90.1760697066784 45.5689781904221 16.5136937499046 12.3679620027542 0.513290464878082 162.845278084278 65.5608222186565 191.959750413895 100.156226336956 12.5642620325089 0 0 1.78669661283493 11.4885193109512 100.450674682856 1.96157366037369 0 1.13113111257553 45.3264363110065 1.07301631569862 14.8245388865471 0.947970628738403 1.52901726961136 3.61913359165192 1.79863935709 8.01264691352844 0 293.65578263998 26.9597845077515 3.12243103981018 7.71232253313065 0 127.045701861382 206.769277065992 765.832252949476 69.3275013566017 2.90375554561615 19.9011622369289 490.61598610878 80.4837866723537 2.04009130597115 29.6883081197739 0 0 0.941461682319641 47.9604985415936 3.98487529158592
191.213969558477 1537.02505382895 4943.03713315725 2.74236232042313 1.7050929069519 44.5731662809849 341.928314477205 137.717088371515 141.83066304028 34.7696652412415 567.718157321215 2.24362108111382 68.0728668570518 228.072229236364 5.13080403208733 113.887366890907 0 362.054274469614 9031.8719022274 1.68940809369087 1242.8479180336 414.766838282347 6848.62673729658 272.298732563853 175.392238974571 6756.25148069859 5832.69994673133 228.420051366091 299.634696185589 1363.02895978093 17.1678799986839 3.36366137862206 28.4005320370197 1694.29924380779 23.2478789389133 574.737485229969 509.063920617104 936.421049028635 272.715787798166 40.8505819737911 10.8468441963196 18.2723329663277 53.7052344083786 47.6980088055134 94.8616999685764 30.1010473966599 2.56354701519012 0.945254564285278 0.702616035938263 1.52186036109924 128.986969679594 196.436567932367 0 0 0.713877618312836 16.5021062195301 2.65216135978699 2.34020555019379 0 21.7411275804043 1.05977809429169 68.1962362527847 9.84427636861801 0 17.7859486937523 130.098881334066 21.1024738252163 161.708607107401 0 18.0714510977268 30.8559307456017 104.272045046091 11.2546403408051 77.2046848833561 519.552808701992 930.602790921926 13.8364361524582 3.52883252501488 13.4652316272259 14.0779242217541 0 0 50.3411496579647 6.40645903348923
3.56101620197296 53.6147930920124 29.9643172621727 1.05391895771027 1.2102597951889 2.19592180848122 4.72939628362656 14.6257236301899 1.71629351377487 2.88685327768326 5654.12326896191 0 480.569031447172 13.0017134547234 0 1.20109656453133 362.054274469614 0 6289.19436556101 0 4.26166787743568 9.89692687988281 31.1247582435608 1.06616047024727 462.997230410576 4720.12866660953 827.905577778816 4.60051420331001 19.0838944613934 11.0526112914085 205.969576656818 1.77555561065674 0 371.47295191884 4.20556384325027 139.955049097538 351.875882923603 688.482352018356 78.3380319476128 0.546160578727722 5.02063071727753 66.6375666856766 2.73252880573273 7.69659715890884 16.4926233291626 1.81796079874039 0 0 4.1928699016571 0 7.3130174279213 1.70895791053772 0 0 0 1.51826232671738 0 0 0 109.64131718874 0 146.66249397397 0 0 0 5.39916092157364 33.6850262582302 33.3918143808842 0 0 0 2.6001643538475 1.6507420539856 32.8662028610706 131.441502660513 54.3459788560867 0 1.85591614246368 0 13.4080455601215 1.08370268344879 0 4.09040588140488 1.02353897690773
33.3052088320255 538.99625107646 525.513618588448 0.406790643930435 1.11044085025787 19.4042927026749 50.1691428422928 41.5408999621868 45.2440485358238 8.66862332820892 6386.68819823861 0.64085453748703 422.141801863909 60.490856140852 3.36115327477455 18.1654962599277 9031.8719022274 6289.19436556101 0 0.330375373363495 81.8144185841084 78.273750513792 436.444647222757 56.4175454974174 905.657012403011 14515.9982582629 3725.90088230371 30.5821951627731 108.970470488071 151.424017131329 181.038524597883 5.67617738246918 7.1072810292244 1777.58068314195 22.1794594824314 591.47001978755 667.468634903431 2122.0503513515 445.170219630003 14.9093536138535 5.73929023742676 54.7362215518951 25.6990249752998 31.738700568676 64.0278109610081 13.4688404202461 0 0 6.69018149375916 0 38.386055290699 20.7278465330601 0 0 0.611324727535248 5.21205592155457 0 0.496135205030441 0 207.461344718933 1.13025224208832 354.307341307402 4.92224007844925 0 1.06130760908127 30.4273858368397 137.261287242174 235.826774179935 0 3.03700840473175 9.86568814516068 17.2424827814102 4.11990660429001 176.34672755003 835.591675311327 498.897192001343 3.72136157751083 3.77217578887939 2.87109851837158 64.9084147512913 0 0 34.6785583496094 3.10396432876587
82.1955561637878 3.6330913901329 4.67543396353722 40332.147651732 12.7045285701752 787.236266463995 393.135642558336 328.238164514303 557.843652397394 28895.3433613777 6.28347027301788 30002.8933826387 0 277.964179158211 103.53762447834 3.58235162496567 1.68940809369087 0 0.330375373363495 0 5.4720723927021 5.8072105050087 6.41621899604797 1567.14159306884 2.55411124229431 2.1484542787075 12.4199007153511 3191.88452625275 171.728136628866 30.2067198455334 0 12.0676887631416 18.2004697024822 55.8137166798115 4.08275377750397 150.580121397972 4.97202503681183 36.2847999334335 7.02507710456848 271.832448095083 29.2888619601727 0.55515319108963 19.2056860923767 0 0.51881742477417 0 16.475963562727 1.37817740440369 0 2.19826471805573 0 0 33.2367900311947 0 9.27959284186363 66.5733638703823 3.70194351673126 52.291644603014 57.3650124073029 0 52.1514739096165 0 17.7392300665379 0 2.01022318005562 0.961766242980957 0 0 19.6953852474689 0.887012481689453 2.49806815385818 0.692425608634949 86.5144248604774 0 0 0.467367142438889 56.256438523531 2.44310730695724 2.68205046653748 0 0 0 1.40130668878555 0
317.745088964701 68.2667592763901 1661.76674377918 11.4361837804317 0.51619964838028 127.184467047453 2060.44794175029 251.112165421247 300.002997845411 113.362155154347 22.4849315285683 6.76792001724243 3.89958715438843 430.369339674711 0 3232.85808992386 1242.8479180336 4.26166787743568 81.8144185841084 5.4720723927021 0 854.331552088261 21272.588046819 2466.77169814706 8.92690646648407 244.118253499269 1632.66406831145 8777.53286367655 620.246921062469 16232.2396862507 2.39429831504822 2.99063104391098 61.9159536957741 2220.82913783193 57.3565510511398 1878.47579011321 148.37916508317 252.21804562211 185.382754474878 56.6593409478664 57.7576090395451 1.40285763144493 65.7526598572731 29.8804476857185 77.0051230788231 29.7453008890152 10.8985700011253 0 0.688399314880371 7.58038574457169 5.51270541548729 43.9186648726463 2.48114305734634 1.00273990631104 1.274812489748 50.7465797066689 3.1073232293129 29.102775067091 2.72038623690605 0 0.377404063940048 2.33284246921539 9.0785203576088 0.342305243015289 116.744028866291 14.3512439727783 0.805133938789368 1.85253527760506 1.1153107881546 141.712470948696 68.8928372859955 183.233064055443 104.855472296476 1.53075242042542 15.7602550983429 139.269250452518 100.311211198568 9.31090098619461 57.6791588068008 0 0 0.916241049766541 24.4524375200272 7.83042734861374
28.4733142256737 2934.57324649394 907.092513516545 18.3525784313679 4.04253861308098 17.6591760516167 213.395573347807 20.8484487533569 2909.61922514439 39.2543015182018 111.25441712141 57.0175408124924 199.37509432435 48.9325070679188 73.3766990303993 3157.52688550949 414.766838282347 9.89692687988281 78.273750513792 5.8072105050087 854.331552088261 0 2541.07952514291 6846.83646273613 1071.48159497976 520.71756669879 6999.94260241091 913.067406892776 102.465305507183 554.620320677757 12.1657498776913 0 54.177421271801 334.042225033045 18.1446955800056 508.057018280029 195.329736053944 332.050708889961 134.778659701347 133.314743161201 13.1346195042133 69.7379670143127 101.134819597006 48.7812888026237 125.07008099556 47.2632564902306 1.38089299201965 0 0 4.10577085614204 51.7206782996655 172.036976009607 1.28056174516678 0 0 41.4750976264477 3.20085656642914 19.2921147942543 4.19859606027603 7.41957545280457 1.17394089698792 5.80702540278435 3.65166857838631 0.702049911022186 186.451958864927 52.0653983056545 3.13410028815269 15.1356388032436 1.74202132225037 74.1596320569515 191.12760591507 443.403821617365 56.7483098506927 4.76216915249825 56.9019587635994 536.984279066324 58.4623807966709 3.76552665233612 25.8994065523148 0.741856336593628 0 0.50565767288208 49.5971522033215 3.27961051464081
614.480004221201 452.258040904999 14522.3064891398 35.6640960276127 0.667542576789856 253.861557841301 3936.27705875039 560.621014475822 343.906301245093 280.692889362574 116.230724006891 12.3946948051453 24.3564277887344 796.585858047009 4.99125680327415 9790.59057381749 6848.62673729658 31.1247582435608 436.444647222757 6.41621899604797 21272.588046819 2541.07952514291 0 2944.36011347175 39.0318184792995 1264.05664074421 14034.9793126881 7684.29834201932 849.540752738714 7942.55688172579 6.28162142634392 2.44963064789772 80.9437074661255 2815.9492636919 45.8718996345997 1986.56245791912 620.049291282892 1214.69954687357 489.57857427001 87.474896967411 60.5508486330509 4.25482127070427 350.259196281433 154.927533984184 464.74761685729 187.363035291433 23.8887640535831 4.43449592590332 0 5.52662393450737 68.3271129131317 509.926469355822 2.28488865494728 0 2.30565276741982 115.005172818899 8.2891928255558 39.7101804018021 9.16357117891312 9.8763707280159 3.59352242946625 16.4208503365517 25.2706106901169 0 480.616232454777 138.839777380228 4.59248495101929 31.2360430061817 0 185.608003437519 327.890850514174 1558.7859814465 183.619186997414 13.4421671032906 122.213343262672 1772.59179478884 183.165412962437 10.2625386118889 82.874877601862 0.875292599201202 0 1.75995999574661 135.406132906675 14.6720482110977
402.005580723286 930.817650228739 589.93930362165 3206.05866464972 38.1893450021744 669.594157069921 5076.02677518129 720.170210063457 13287.2913500071 2201.24517476559 26.4226120114326 1373.61521482468 53.0388946831226 923.450100064278 603.786345660686 6019.01898109913 272.298732563853 1.06616047024727 56.4175454974174 1567.14159306884 2466.77169814706 6846.83646273613 2944.36011347175 0 200.986101418734 376.488730221987 4841.23568962514 26946.6760606468 1310.4846893996 2865.55691033602 5.17108070850372 10.3238409757614 299.70293995738 803.082169935107 56.5076101124287 2165.60987016559 118.780812337995 334.236316412687 192.633492022753 848.281521826982 145.374039560556 9.59782803058624 377.383555024862 29.418648570776 181.819285988808 81.1333200931549 101.481882750988 21.9709855616093 0 83.5871832966805 17.8975510895252 69.8458824157715 199.387104392052 0.636302471160889 91.7781344056129 1042.2919549495 165.773469746113 506.972494542599 338.369148939848 8.22178110480309 63.0892122983932 4.9115201830864 424.313748329878 2.00565659999847 185.966622024775 28.4015394449234 0 10.6708879172802 80.5067029595375 283.255672544241 150.972192436457 289.576156839728 1536.88286548853 4.47420954704285 49.2202698290348 229.897047996521 1264.38550876081 127.35981041193 295.925058096647 1.92208570241928 1.09126001596451 26.9513149857521 167.883377403021 24.4102949202061
3.19824999570847 4203.31463432312 59.81556686759 0 1.05794990062714 6.83340865373611 14.2388754487038 20.5473340749741 291.001933336258 6.23271745443344 5235.41360038519 7.6257848739624 11533.4473547935 19.8857200741768 0.295987635850906 19.1026685833931 175.392238974571 462.997230410576 905.657012403011 2.55411124229431 8.92690646648407 1071.48159497976 39.0318184792995 200.986101418734 0 2785.3995796442 5988.67644017935 16.8111107647419 24.8475540876389 19.3049210608006 349.458548247814 2.11026582121849 4.2089741230011 547.098927229643 7.25544199347496 209.200037628412 1505.33482089639 1022.90704301 168.808892071247 27.3624573051929 25.6631860733032 2318.71696829796 27.7033844590187 71.5310525000095 116.770429581404 49.2245825529099 1.36733341217041 3.24142974615097 15.9531892538071 0 95.8423139452934 37.4917840957642 0 0 0 1.73445123434067 0.267787337303162 3.90993243455887 1.28025645017624 423.657857388258 0 594.74333935976 3.09693670272827 0 2.90905463695526 47.4731427431107 173.182365328074 206.746794492006 0 2.92028087377548 33.9645192921162 17.7513164877892 2.0964143872261 272.17863124609 853.084277659655 517.351392060518 2.1404116153717 0 2.90190839767456 87.9777291119099 0.548050761222839 0 34.0411851406097 2.52355101704597
36.6241551339626 2601.5755546689 11861.3815591037 3.05731919407845 6.26359128952026 35.9923211783171 224.231076225638 82.1642705500126 216.043161720037 29.091113358736 10567.4604068696 10.7336944043636 5205.11775276065 106.577974438667 9.64582189917564 97.7147671282291 6756.25148069859 4720.12866660953 14515.9982582629 2.1484542787075 244.118253499269 520.71756669879 1264.05664074421 376.488730221987 2785.3995796442 0 38447.1812317669 170.119796767831 160.013329684734 227.901139646769 3961.19698822498 9.97175747156143 7.21464049816132 2711.42265847325 52.4091799855232 2098.11405819654 1867.00780063868 4549.19523864985 1135.64667212963 61.8710842132568 49.6197104752064 167.456007838249 90.0611503720284 138.993090629578 281.61364492774 59.8291581869125 1.84613466262817 1.89651644229889 20.7211164534092 0.802457451820374 238.886297374964 228.538271605968 0 0 2.29734975099564 19.1985771358013 2.91291737556458 5.16345548629761 0.377979248762131 647.399107694626 0 1103.78656089306 9.12101450562477 0 7.94589686393738 177.303636282682 371.519290208817 786.279757112265 0 15.0633569955826 37.7890534698963 91.04366761446 13.2529420852661 561.442215532064 3040.45512613654 2083.40072986484 15.166940420866 8.40421068668365 12.9222734868526 172.439540654421 0.907405376434326 0 138.31055277586 13.6316058039665
113.849287778139 10943.9222014546 16832.7115413547 30.6687190532684 3.01622009277344 69.0950565338135 965.743132770061 132.556638151407 910.628032043576 105.403205603361 2914.76716673374 29.6618294268847 7064.38204270601 190.101633071899 34.3926837444305 10695.8439618051 5832.69994673133 827.905577778816 3725.90088230371 12.4199007153511 1632.66406831145 6999.94260241091 14034.9793126881 4841.23568962514 5988.67644017935 38447.1812317669 0 2834.92213593423 218.278831571341 860.453061550856 2753.2968686223 6.71143314242363 24.0544594526291 3386.03061953187 116.482658177614 4096.09515455365 2346.82888248563 5606.63783550262 1811.23528072238 208.000417083502 78.1002563536167 147.040906965733 544.088919848204 408.10578379035 977.991201847792 254.509753286839 16.2687705159187 6.46741989254951 15.9685481786728 8.95204052329063 602.798263043165 1566.27378728986 1.90035539865494 0 3.71935111284256 130.317101478577 19.5568549931049 37.4203836023808 11.7918626666069 558.306115925312 1.80821061134338 809.737900048494 31.7006413340569 2.01236176490784 220.686349779367 633.925514370203 331.885956704617 783.81679096818 0 142.617715418339 419.119282394648 1386.23987171054 116.183171957731 482.778384238482 2891.9705965519 5802.04290243983 119.842251226306 14.1149161458015 82.8757111728191 140.112668216228 1.95003265142441 0 303.998837500811 33.7208841145039
463.373014509678 120.380675196648 1063.44703221321 13146.4925114214 8.85255289077759 1214.07041889429 18097.2618834674 592.521736234426 2558.69230279326 9504.53902894258 16.6205752193928 502.596142619848 7.71601793169975 810.364235728979 159.043192625046 3800.35546660423 228.420051366091 4.60051420331001 30.5821951627731 3191.88452625275 8777.53286367655 913.067406892776 7684.29834201932 26946.6760606468 16.8111107647419 170.119796767831 2834.92213593423 0 1333.86272010207 9372.5268188417 1.16258653998375 9.94917196035385 363.745575129986 1241.06745287776 90.1465892791748 2724.97895222902 135.007392406464 305.9054890275 245.761813133955 370.036378264427 181.178232818842 4.69552832841873 241.962142765522 18.098567545414 110.999503940344 51.0658673048019 65.8748941719532 12.4730991721153 0 53.3428730070591 8.72925195097923 43.7828297317028 125.344172894955 0 56.0896324515343 641.124349117279 93.5465472042561 306.753805667162 229.734840214252 4.7132471203804 55.8031956553459 1.45260810852051 233.978111118078 3.72470217943192 118.059097290039 17.3590393662453 0.685768961906433 1.40053352713585 59.1430053412914 206.866349279881 81.8370281159878 211.283059984446 998.486985445023 1.2143697142601 17.4881529808044 136.512236446142 802.86995741725 109.400215268135 225.501914322376 0 1.39741504192352 21.4717736542225 105.703905820847 15.1864150166512
15703.3735625446 30.0695558190346 182.067070990801 228.871733576059 430.010739356279 1850.34714522958 5102.55629533529 3931.37728562951 774.804930388927 1595.78685083985 444.827954262495 259.416751533747 48.7625007033348 11858.2021316439 19.3365211486816 29.739955753088 299.634696185589 19.0838944613934 108.970470488071 171.728136628866 620.246921062469 102.465305507183 849.540752738714 1310.4846893996 24.8475540876389 160.013329684734 218.278831571341 1333.86272010207 0 13333.1470864415 8.1309427022934 1519.96690538526 12741.6233308911 6481.03088417649 116.137054383755 2413.44544261694 94.8618161678314 1484.79645463824 322.276597470045 842.923126071692 1247.27254909277 35.2696571052074 53.0892789959908 3.25107565522194 22.2751339972019 21.5878428518772 7.57830482721329 8.50962677598 0 21.1000417768955 0.974224507808685 3.8291312456131 10.8994410037994 0 6.836201608181 154.073125615716 10.9289112389088 77.6468292474747 18.3578317165375 4.88251572847366 2.44881945848465 2.09011656045914 57.7594858407974 0 12.5345647633076 2.98324418067932 0 1.6556761264801 2.67189714312553 35.5465067028999 12.8806861937046 16.4431355893612 218.89965185523 2.9737576842308 12.7003841102123 27.2513349056244 205.976800367236 22.9092712700367 51.8613563477993 0.955234885215759 0 6.99090611934662 23.418112039566 16.9118311405182
4452.40347057581 79.8804096579552 1166.3858692646 70.8853399455547 6.07461354136467 481.989216834307 20015.9051150382 1667.15748292208 1535.1992584765 518.148885816336 48.9406351447105 31.7970842421055 9.30950593948364 2909.17688769102 27.7568322718143 239.131726831198 1363.02895978093 11.0526112914085 151.424017131329 30.2067198455334 16232.2396862507 554.620320677757 7942.55688172579 2865.55691033602 19.3049210608006 227.901139646769 860.453061550856 9372.5268188417 13333.1470864415 0 0.896212965250015 13.7005009055138 712.852554559708 4332.67167267203 93.7314457893372 2702.8968488574 132.801426321268 491.844189167023 321.680367350578 179.464860856533 172.657241791487 1.49641710519791 120.095160096884 11.869490146637 66.1093954741955 30.1795125007629 19.6963847279549 2.54172295331955 0 35.0595870614052 10.3285855650902 35.1413166224957 9.2973855137825 0 5.00551050901413 247.141308009624 21.708088517189 98.9594426453114 12.7399989068508 6.14205422997475 2.83994418382645 4.12431246042252 76.5088526010513 0.595019340515137 78.8872020840645 27.3153671622276 2.75039780139923 5.69127807021141 1.7771583199501 161.993726611137 66.3762965798378 125.535918146372 404.016644150019 2.20266807079315 18.3295801877975 108.460989773273 394.79172244668 57.1338262557983 155.587888687849 0 0.364800930023193 12.4405191242695 68.4555607140064 24.2435475587845
0.814554512500763 93.573463767767 14.7138148248196 0 1.64164972305298 1.55687814950943 0 4.98252028226852 5.29026885330677 0 1912.77023825049 0 4145.87058278918 1.72656247019768 0.747925341129303 3.16743350028992 17.1678799986839 205.969576656818 181.038524597883 0 2.39429831504822 12.1657498776913 6.28162142634392 5.17108070850372 349.458548247814 3961.19698822498 2753.2968686223 1.16258653998375 8.1309427022934 0.896212965250015 0 0.702027797698975 1.11876749992371 85.6224412918091 0 31.4461120069027 165.554340809584 192.799147874117 22.4875243902206 0.337242960929871 0 30.6415003538132 0 6.73902457952499 7.36923843622208 0 0 0 1.63447725772858 0.714434146881104 1.43383949995041 1.53542691469193 0 0 0 0 0 0 0 77.2368938624859 0 71.861794501543 0 0 0 5.35677286982536 13.1983264684677 17.3115623891354 0 0 1.65385723114014 0.325650691986084 0 18.5597233772278 69.1014882624149 31.1700104475021 0 0 0 8.31822746992111 0 0 2.87143713235855 0.456827521324158
38.6823472082615 0 1.07798466086388 1.95162004232407 2201.7039655447 2290.01145213842 27.2102195322514 2145.73952236772 11.6644815206528 45.4412596821785 36.0377016663551 22.1107665598392 6.89190310239792 1386.18005564809 8.4637166261673 0 3.36366137862206 1.77555561065674 5.67617738246918 12.0676887631416 2.99063104391098 0 2.44963064789772 10.3238409757614 2.11026582121849 9.97175747156143 6.71143314242363 9.94917196035385 1519.96690538526 13.7005009055138 0.702027797698975 0 2.63132303953171 2240.36134591699 2.50225636363029 34.8705350458622 3.34556782245636 120.625650793314 12.9116300344467 151.269998252392 2378.87901332974 9.64505857229233 0 1.38809180259705 2.35065472126007 0 0 0 0 0 0 0 0 0 0 2.32005321979523 0.674382030963898 1.3158757686615 0.951576590538025 1.05740475654602 0 1.7323911190033 0.644579648971558 0 0 0 1.40341413021088 0 0 0 0 0 1.65756615996361 0 0 0 2.37718790769577 0.450951337814331 0 0 0 0 1.10807305574417 0.794634342193604
