0 128.313061649109 105.030829292912 92.4667721033144 75.1109606383569 42.7637087207196 31.3383216289219 27.7048608202153 71.7983430822374 63.1276004556155 96.5853774983659 71.1674120254211 108.950745157699 20.1986570184455 50.9284109503363 112.658269124467 107.308650445348 137.616734633116 126.073799976418 84.5180186645592 86.6895918105365 95.3124902215377 94.8903030453813 74.2335079866256 119.368765534704 132.127021955076 128.845876073025 82.9772155269681 16.7651283001101 39.0313294784118 171.645111083984 77.1200691054434 36.1091404049998 60.3702170711487 124.833268296886 72.3815631143805 102.267620362436 67.4285467273302 74.9899407082595 50.1641682659274 67.1332725779984 89.3936947396251 144.790804157667 148.622025877632 164.441890741603 150.898982002168 0 202.500869750977 0 160.326441028541 129.79774380646 169.52812686162 153.813162549756 0 156.179751848807 147.509733421489 175.77381152695 93.7820699101152 157.228175249663 0 144.782884305467 160.530731201172 168.057146986971 0 155.93815423189 185.522015640295 183.513534545898 206.457607526596 155.031535028319 141.895022453309 135.492147917706 169.964461163126 129.505015816159 162.564636230469 192.622309005259 168.846635786828 142.44134128915 164.961535210255 154.545894994046 0 0 127.715270996094 158.069995988883 168.587932364039
128.313061649109 0 44.7908686021521 130.73229626324 152.518871182598 143.432098582495 121.880435287832 133.99114432922 70.4644224737232 140.702965248099 63.045986147413 111.553065770308 49.6925684897 133.734960284511 115.110650041074 63.0889019934192 53.097574408669 72.904817662233 58.0531207882911 129.00414614674 91.0151516940774 30.7492805647578 66.8984493172435 78.8032253974033 23.9186892947574 47.4642931704277 29.2185226894951 109.03365512105 124.372889251574 105.144356894146 66.9807627598947 0 125.12143534668 55.5666160748449 133.645037468941 71.5569749708565 47.2266090910142 51.2909299336239 57.680549843629 95.1640586727136 81.6869459271489 49.5159111183888 93.8806619245606 71.9722653310087 81.6544508211766 81.9346578232063 84.0210800170898 0 88.6360757571961 133.419677734375 21.4142579292224 70.8355843061388 179.943405151367 0 0 127.949835042913 202.656593158726 89.4682850142001 147.511413574219 93.6229392027658 0 75.314739716709 165.55634228114 0 135.806389646761 77.693581260721 89.1716215966474 84.0441839583262 0 118.776661989157 58.843863880901 107.491284830994 132.590402196673 39.8433294920081 69.6641190126668 61.6176581756513 140.963308432883 189.428237915039 118.131738619349 97.297156138972 0 0 78.3803744121487 145.603106218365
105.030829292912 44.7908686021521 0 134.503103804672 156.161998541267 121.975125018393 93.1688488351579 118.088051335285 93.7661775691185 121.77964140537 77.5645979896468 135.668514887572 90.6978262316273 116.629761837298 135.124316762019 75.0859273941831 40.9556800430453 75.9270132880015 63.9725276533711 148.926909404884 64.3347074418677 51.2049868043646 35.3836804283729 92.3518657418813 76.7849627062317 28.1642304964994 35.6452518929728 82.9425879980468 110.03191790248 76.043145922188 82.9876644770298 180.62700722391 107.46145974595 56.7067353851428 134.310598154687 71.3121161191199 43.1441910684984 52.1681718298007 57.5708119543265 81.9521255491314 95.3741913069348 85.6381862213821 117.623993242878 87.463233426659 100.481797916662 114.84121279342 139.127100004188 245.055725097656 107.524208068848 147.639083862305 62.4706164965513 92.5357819196506 0 0 173.820014984109 155.659629742203 189.736191518796 129.447001122804 195.6855575935 118.181937419691 0 110.073116078893 181.927131395333 0 113.661848942722 106.555075246782 137.736397423 115.749833699077 0 134.781668621929 81.2691466690073 112.702311024558 140.385235402147 82.7428393113547 107.189913398388 94.3438042408845 153.802043248449 155.904692647734 153.411566529746 152.600066304393 0 129.364608764648 110.026660080756 156.686356289812
92.4667721033144 130.73229626324 134.503103804672 0 114.210433959961 60.2193726034618 45.3644167554366 96.9338050617714 62.1583548360585 21.5994446610942 137.635362280545 41.3049320778273 169.574998839513 98.8614702449484 74.5554630217581 99.3221128987363 139.056679446919 188.089416503906 213.118011474609 10.9624445289958 105.208057834294 92.2653577920692 111.346078447092 27.61805262211 0 176.41462649108 130.74621415336 17.2701657834687 102.958451874317 93.1279722957768 0 169.279331851928 81.5104036953394 107.724915579268 158.338524724315 96.1394758643697 115.469099323383 109.327100397954 107.837305543977 74.5910828783273 108.967876074007 0 96.0518529718073 183.047546386719 141.045076804472 184.435515690244 121.781133420587 185.829742431641 0 173.820121721224 0 192.736373901367 158.955479663217 0 155.87057886047 146.946739658562 160.432934005709 92.3944334411219 156.898428367219 0 128.615036550612 0 160.594928612171 128.070812771251 159.893722091673 191.942260742188 0 0 147.326847512834 184.095740022113 142.990649501461 181.182270521526 121.040085603471 0 215.99938043142 178.115646928712 151.998650123874 182.053693727547 167.47159390236 0 0 165.233352661133 168.450626370328 0
75.1109606383569 152.518871182598 156.161998541267 114.210433959961 0 19.1437943744508 114.004730015451 19.6503369520259 49.3943959644566 117.913157351218 62.9656139976558 62.2989543989028 0 28.2967072039797 16.7873498289397 0 113.36769764438 118.105827331543 96.9201812744141 101.969391513015 163.682800292969 97.6945155945326 168.779265671813 78.299514778303 74.0475387573242 96.1303276453617 133.348480969494 114.098071868306 21.4370611393704 121.314712883407 99.8679275512695 10.9349547439503 57.8205490112305 13.3336015785892 106.823408774736 90.7683773651291 66.747515034662 35.9960936931754 59.7929257509369 10.7696187197393 8.95932221360615 65.5816802978516 171.39241027832 0 0 0 0 0 0 207.405960083008 0 0 142.47331237793 0 233.137771606445 173.458129882812 0 92.4045933129849 232.709396362305 0 0 0 207.020980834961 0 0 0 0 0 0 0 0 0 186.12744140625 0 0 0 190.700439453125 209.864608764648 242.796783447266 0 0 0 0 142.859008789062
42.7637087207196 143.432098582495 121.975125018393 60.2193726034618 19.1437943744508 0 50.1143958110765 19.9688323697994 72.7896071655047 28.2737701855762 84.8507049990661 26.7700507868314 114.182615551288 41.3239652014642 22.0403627469286 120.534436048785 127.277325983615 129.305591552694 134.917719726228 49.1833201141429 109.224925587429 123.093385460815 115.944297191674 69.8823370742732 111.213634539411 142.298358785004 145.341548826798 64.2962652662173 44.8246336704745 83.1362155013289 167.738499911651 20.6385993522556 96.9629338924835 43.1171163765594 145.688630842861 94.4192657152967 106.591558233302 66.9087385656639 82.2943119102781 32.5721100659404 27.195480164209 77.8337577485931 140.320791836296 206.005279577789 177.684094745229 159.481453329938 165.89930864864 180.892995394774 0 181.784264172061 0 187.897679182493 169.360538718541 0 156.466854537219 152.109345890917 163.693935326253 101.274735665891 162.392042559017 181.41966847178 133.692571867612 225.351516723633 170.511041242741 127.190299987793 169.776245117188 222.013130285244 0 0 158.466059501868 177.94019168975 150.506241079154 182.87332363319 130.738923369762 0 215.143172150503 194.663875639221 160.943664313482 181.923685710941 162.584793596991 0 0 160.721187394231 179.101605735091 181.243211899363
31.3383216289219 121.880435287832 93.1688488351579 45.3644167554366 114.004730015451 50.1143958110765 0 59.3941501104931 59.0147284914274 28.4993190380744 60.7635649585707 60.949498278112 136.41787838018 45.2426257763144 79.5219948404073 86.414791130598 110.54785584367 154.39660455162 139.636612306292 47.2500520107844 71.7967142811081 86.2988508980172 80.4240672112285 47.9586630899042 150.29631587279 128.86674031296 105.176845033104 35.5950906865734 58.0245698914995 29.0372121508394 0 125.021229362799 67.3681570379131 78.2966974039029 141.252319142951 80.9982463325761 96.3653125795335 91.3239446051411 89.0446308477762 78.2201656403012 87.4384003609375 133.740059218207 131.784465966924 134.105131226495 148.856878149725 144.169894757657 126.130874440998 158.278858346689 141.433364868164 147.809154756646 159.785788571922 160.720038709642 144.724122050938 0 150.820506091461 133.621899603215 153.923123548303 85.9350578439192 148.062423950538 189.340106063416 123.601771399374 186.184957093971 151.491694357802 137.66433175046 143.279753201538 180.615867514457 0 191.856534000957 147.264667170826 141.050994669899 116.33102257984 155.21569151594 115.665051695543 0 198.162985710554 166.480292828559 135.237769995404 158.458212569974 139.194325321248 0 226.293731689453 138.656108016834 148.177928017565 156.296646202011
27.7048608202153 133.99114432922 118.088051335285 96.9338050617714 19.6503369520259 19.9688323697994 59.3941501104931 0 79.591474703206 60.7332663287956 82.4085180864446 61.8494122460441 94.4597798502887 20.9408352363961 47.0898198393846 126.944103786122 125.772655918677 107.690051754686 121.543686601566 85.7361410564951 106.717073850352 122.636945658539 112.857350872686 81.6128754637366 92.4541963865682 131.420717381011 142.566922448823 95.2520204159406 41.8638828268465 73.1368412300699 118.227867490481 23.3887087137211 75.7401952317832 44.6953203903298 143.588594164549 84.3476528761475 91.7740314097313 59.6378751462771 85.8898371487714 40.1670211145599 28.4397655196083 75.5796783004176 145.450645503991 208.590240478516 181.596843954417 182.756867280325 142.896226645672 168.117703912371 0 169.600774286862 164.106908329597 189.699797085176 157.308386663173 0 163.587902331931 153.803298336875 182.920807901329 102.410593133537 162.997022048661 167.325942993164 158.333246933863 150.069675597619 171.661769415612 186.651131025124 172.919111881688 202.784437486454 151.733734130859 219.989883422852 160.119732547683 164.884536755823 145.542989957735 179.007983365797 136.205766679872 150.186587108402 174.554445294901 187.155694747003 154.868095212026 174.40068671995 165.757917732409 0 0 175.635974668859 175.750133500841 146.64786183771
71.7983430822374 70.4644224737232 93.7661775691185 62.1583548360585 49.3943959644566 72.7896071655047 59.0147284914274 79.591474703206 0 71.9590063038401 130.747625743424 23.2554609926403 117.91722521977 81.0124251866723 24.5841066445554 60.0424862775741 109.376212664156 142.071977856157 124.637795968474 51.9573420401776 65.7489077068012 29.8700573835916 82.1567873374839 23.6026765577818 93.782981164895 112.378346523963 92.209977954385 59.0504729953874 76.4696282895458 57.859925850749 130.206282033719 133.969387201621 60.5374979930616 75.3317380635565 132.925120501935 69.5770687213209 97.6245417608514 104.520822161765 95.1568498139642 23.1888539410741 81.9005710584422 122.976757712433 80.7271052869542 119.852484458311 100.123200000081 95.4244833011309 84.3706260357863 112.216570384517 0 94.0331345331662 114.281834676484 121.91269251634 100.854037581881 123.276999601337 91.762000098774 86.2703381025816 108.061617834246 26.0780080360279 99.9837825752544 118.275177140082 71.8477837764618 172.86988701997 101.149827153192 80.7771592796766 69.5168596799088 148.080682319886 171.25407409668 155.318996782965 90.3770551482599 74.9929111700933 43.4209672668135 92.172900004646 63.1794449484227 121.411981314753 164.089777781654 115.332418318971 85.7367794173716 104.907083741129 84.9284732376165 184.526214599609 0 90.7617402263178 91.2332143763264 146.718370314468
63.1276004556155 140.702965248099 121.77964140537 21.5994446610942 117.913157351218 28.2737701855762 28.4993190380744 60.7332663287956 71.9590063038401 0 140.148997864491 22.2868930004607 151.556364228305 61.0874874529293 74.8912143412955 122.017674619048 138.124070643345 172.6133043429 169.1209062178 14.7470900469834 106.499746006095 112.325846873753 114.025645712632 57.8734456556887 162.560703237269 169.758421945971 143.40693444718 32.5352253654039 98.5709964921165 86.6825718679527 0 126.590059293591 93.3345420449113 101.432163661477 157.266604359266 99.9497064472722 131.468858433898 103.703262862176 103.991472479989 79.1559151569365 102.704861984065 134.524506672457 108.746829036456 187.349132810303 187.041053869111 177.682959022771 119.953870268699 185.562796799311 0 180.381300483782 162.256261026254 176.676456678755 159.458611080334 0 157.215147741544 149.692402346202 170.62553794548 100.935415576635 162.487132877746 175.995010375977 105.808174769661 0 166.951306717797 142.114353030065 172.605930642272 224.908269316467 0 0 156.655065998577 179.648130355315 171.529157550151 194.358758430478 127.145135655037 0 221.520126342773 204.68319777753 159.079117492362 184.642820922423 163.209182152705 0 217.73393036353 168.394924969724 168.1646300438 172.733679963174
96.5853774983659 63.045986147413 77.5645979896468 137.635362280545 62.9656139976558 84.8507049990661 60.7635649585707 82.4085180864446 130.747625743424 140.148997864491 0 139.872864703908 18.5641329863593 78.2872024931915 82.5558518284681 116.103428583722 55.5978483388408 25.2261144003165 28.7742618086935 145.729060249764 113.742989546158 97.7189067559884 84.6884760067132 146.123553947035 28.8053285691509 29.4228915354943 53.7692671841619 152.977381779648 64.7025107948177 119.034138493238 30.0541373695745 69.9047038220337 109.361289978027 22.7053878317896 127.017893256996 80.3224416226077 25.2756024519679 28.2951328086202 56.5328472013477 70.7483638358888 65.9756270645034 18.8790089101044 144.335217819045 74.5997822621679 104.839511457546 130.176830450986 145.110876927593 0 113.696866759463 210.344531609551 96.9009916132664 134.830974617386 0 0 0 215.959205246826 142.827011108398 209.738372802734 0 79.0563383522697 0 76.6277572675775 0 0 202.380447387695 152.423948889277 100.190759192906 108.87298403209 0 174.132936393469 202.513946533203 177.223034556787 193.365726349282 67.8321840814178 99.5481415330532 105.946415005693 220.084934368236 149.102542656442 185.6361053638 94.9610753563035 0 0 107.495862938336 161.211979023123
71.1674120254211 111.553065770308 135.668514887572 41.3049320778273 62.2989543989028 26.7700507868314 60.949498278112 61.8494122460441 23.2554609926403 22.2868930004607 139.872864703908 0 142.843402978551 78.7168397516032 21.9365514393962 103.29677171359 157.174768506586 0 183.641622148165 13.6246877708734 138.594951988923 66.2434154748644 126.291876597113 26.5765332183055 123.179930082959 149.048228429606 130.041803914177 54.1261901131132 101.469542099499 89.7935361785597 0 111.221362910715 117.434070170358 98.019151737522 159.529372001109 72.6562223069449 135.512305505778 99.4813482682818 103.013428310769 27.8014785560959 97.4162333864471 117.166464334023 72.7686619832638 131.287506103516 164.353816284217 136.020736694336 74.4682825968384 0 0 154.247360229492 0 183.833240850137 109.890864482298 0 107.322042535399 115.928634931992 132.69740210098 57.7399297059915 47.2559033840121 182.444479253274 11.3385683753265 0 125.624633609256 94.4667892140202 147.121154934471 0 0 218.492598941185 35.696975600634 137.807365833377 136.268859863281 181.460608650023 100.2947516338 0 185.822717501573 138.969408861392 124.721735814445 169.423097136828 106.841926574707 0 0 0 149.068634929714 0
108.950745157699 49.6925684897 90.6978262316273 169.574998839513 0 114.182615551288 136.41787838018 94.4597798502887 117.91722521977 151.556364228305 18.5641329863593 142.843402978551 0 90.0368701149964 0 127.763424636713 80.1934804306979 45.3643821647893 55.8426254387191 0 128.217764678156 84.2074394632401 115.344731317562 126.511287447281 16.3541806282098 23.9810618301785 28.618864709343 154.29356068654 77.5508129626616 142.060665930592 14.2713333835985 77.9450113360658 166.663599838803 27.2562081477878 132.065258447278 81.0261245413561 22.6237205250623 30.8214514983355 66.1063251503353 90.2147734105548 42.5807842936574 13.0671449998753 111.015494101304 76.3172505363207 88.4211840840838 82.5465951516187 116.049996883859 0 65.5632552133505 0 80.7506275165061 110.85578449807 0 0 0 199.895462036133 117.765510559082 0 0 74.6223013353797 0 68.1480552739048 157.248229980469 0 171.347030639648 111.14466235474 92.4585183594337 102.85535721228 0 185.524595045543 109.342935380233 183.096524422684 191.502838134766 55.4435630952557 92.7671380289794 97.0936707812357 197.174758911133 111.432464599609 155.397277832031 88.2253838779006 0 0 101.737227737935 160.333847045898
20.1986570184455 133.734960284511 116.629761837298 98.8614702449484 28.2967072039797 41.3239652014642 45.2426257763144 20.9408352363961 81.0124251866723 61.0874874529293 78.2872024931915 78.7168397516032 90.0368701149964 0 65.7416486470343 124.940506195355 124.061544715886 108.561050147145 123.844855571164 93.2201073923757 101.199506538262 119.561501355591 107.626889956216 84.0644119488211 100.761400505921 122.1187538709 138.199005308907 94.8976752140371 31.9761014733288 66.6635197655082 103.460224569246 21.9324716067729 39.4068537866565 44.7532793246918 121.146752435563 73.1959734112624 86.8427259518908 57.8639936891349 76.3409511848714 40.3377200514768 36.9875110641429 71.8077630046735 163.769902298726 185.007251486542 178.119231437326 176.67221373133 169.621136790951 189.779712676076 0 166.509326185294 162.818712080652 184.54260600607 161.088331314032 0 173.546416024848 153.192963451688 169.920124633058 105.154673955183 169.496758094559 185.04749349248 139.871808650036 0 171.144524793949 204.181976318359 158.636605292876 207.622936814324 155.905847797687 225.68030822065 152.568171720821 160.27063778811 157.608353781709 182.083408858584 138.903843837567 0 200.400628472623 175.427571378639 155.228268929959 184.996893513452 165.197867856573 0 0 181.233474288725 178.061101219366 144.361938031636
50.9284109503363 115.110650041074 135.124316762019 74.5554630217581 16.7873498289397 22.0403627469286 79.5219948404073 47.0898198393846 24.5841066445554 74.8912143412955 82.5558518284681 21.9365514393962 0 65.7416486470343 0 115.114829223723 154.225759419371 0 154.215868880856 62.2409763620185 0 72.0362250163844 141.2100863379 45.3489435387403 146.696197509766 158.551524509949 128.261345128013 80.1257084026155 77.2654722814829 90.9581362331466 168.884948730469 38.858475828588 97.9770090815925 70.7628322846774 0 65.6097949847882 136.108106604653 101.31825502734 0 11.2092236891712 25.3420448709722 149.813400268555 65.5914618300049 113.012092590332 0 0 84.1967273271576 0 0 0 0 0 128.833610800127 0 128.354815114854 119.967069974999 167.293814078016 61.5753465464826 129.840850628844 0 80.4680064955086 0 159.529677282218 102.927360534668 146.22770690918 0 0 0 124.517003620557 122.566886901855 0 149.565242817747 104.829721596407 0 156.887115478516 166.062198295724 130.78168536467 144.11230254428 158.980682373047 0 0 0 0 0
112.658269124467 63.0889019934192 75.0859273941831 99.3221128987363 0 120.534436048785 86.414791130598 126.944103786122 60.0424862775741 122.017674619048 116.103428583722 103.29677171359 127.763424636713 124.940506195355 115.114829223723 0 96.7858789829068 130.143434163273 110.582292335228 101.066921912506 21.1840194751751 34.0153500752458 21.5663461318129 29.9266185239804 99.0907974707549 103.844271048862 27.9505896877038 32.4232166989778 108.396806032514 78.1032525158979 124.868837689263 0 78.6108684120411 71.7607411355298 146.255072435896 71.7666048072502 75.5958280640882 93.6088455229261 90.2025333968139 90.486235078865 99.8661652252802 127.72469329834 111.068451530085 89.6293712740493 103.73346812327 105.363188308688 113.371104134546 0 0 119.407218955913 98.5290597353991 104.968484514887 147.481505176367 0 165.421633906169 141.445811428847 172.951013869926 100.93550965604 168.770889282227 156.443984410085 157.784287546437 142.278685153146 155.55917288849 0 97.9388512966084 123.957470928127 160.425093734058 159.194208720693 0 111.231055893383 58.6673427750402 101.063679534625 116.458619572024 113.115601251565 149.807718625045 99.1674225859632 127.728312181179 179.110721591052 127.183262393736 0 0 118.938606262207 106.537983386546 160.913351706587
107.308650445348 53.097574408669 40.9556800430453 139.056679446919 113.36769764438 127.277325983615 110.54785584367 125.772655918677 109.376212664156 138.124070643345 55.5978483388408 157.174768506586 80.1934804306979 124.061544715886 154.225759419371 96.7858789829068 0 45.2486339150445 20.590436302893 164.346755866483 47.9234544420733 75.8643858613816 31.2238933174555 118.181768670664 62.6324007375717 38.4342119881317 63.7016569936801 110.438334614562 106.784018101631 72.6896831094974 83.180634796571 98.6026844503721 100.161968947416 39.9227471124299 148.218611857415 79.1971218218817 46.0100975103722 48.7666780624382 62.2630786513754 95.6315397696489 101.061033942617 84.9187424175931 135.373071756267 104.200762549187 119.54538655329 128.680011539944 159.399691252185 160.140197753906 82.7073974609375 162.083740234375 72.7755628642763 109.021357384181 0 0 196.904205322266 184.224694442292 221.489576909141 125.898538529131 0 124.39932988089 197.272998001282 108.286101150277 206.343840990982 0 142.857825518663 115.422728163819 122.042120494998 118.758370882362 0 156.076997301088 113.292123008002 135.632424313303 172.433922860399 80.2184899787882 107.082015176546 105.208446218049 177.395807396481 181.229927541448 172.512228876688 127.560905853144 0 0 117.807260807261 176.901028403624
137.616734633116 72.904817662233 75.9270132880015 188.089416503906 118.105827331543 129.305591552694 154.39660455162 107.690051754686 142.071977856157 172.6133043429 25.2261144003165 0 45.3643821647893 108.561050147145 0 130.143434163273 45.2486339150445 0 16.7995891300546 0 123.68566936441 110.69512027787 100.535056180103 147.575736530585 43.0775285964864 24.6413186779678 54.7015383923124 147.369368622987 91.7819263044748 120.36505418775 47.2660526383233 79.6249847412109 0 56.9421383282688 122.130728447963 87.5661039253077 45.6666878197719 51.4609546933937 65.7532912707787 89.4219818115234 86.8447280799609 56.7572760502252 164.033581965965 76.4217596804554 112.873640576936 157.735245566118 0 0 95.2177851940957 0 110.032439777428 127.155280370277 0 0 0 227.784694272388 0 0 0 92.6535898839535 0 81.8338072715721 0 0 0 144.639821120764 106.140516861362 113.829698253615 0 0 0 151.756155543532 181.86204046028 71.8490624634023 104.332018853958 112.92834093447 0 126.587236806239 0 100.085082853573 133.117324829102 0 127.013509436798 191.600221464045
126.073799976418 58.0531207882911 63.9725276533711 213.118011474609 96.9201812744141 134.917719726228 139.636612306292 121.543686601566 124.637795968474 169.1209062178 28.7742618086935 183.641622148165 55.8426254387191 123.844855571164 154.215868880856 110.582292335228 20.590436302893 16.7995891300546 0 184.854766845703 90.4870827505056 98.3041251279207 69.348552319877 138.2532063948 47.3261311017888 27.760879617657 60.2232631095746 136.940857664798 100.605363528458 104.232612924755 59.8639607457136 87.9145052996625 111.860193972032 46.2729223285356 141.69112834862 83.7175452581764 52.0427817800824 47.0553566589283 61.4440457044315 91.1838282723072 74.0341514790486 58.6972232321057 150.886673303701 101.266683410968 115.737057102085 122.329791399026 0 0 74.4951236862592 0 86.3074679536002 123.547862623586 0 0 182.241256713867 194.664926996886 0 123.895629882812 0 97.1390064600373 241.953735351562 86.0488310524407 194.656768168401 0 154.868173589637 128.12982369349 107.216438162425 111.038832343972 0 179.638486396641 141.719039509099 153.411824789687 200.278928415848 72.6315066550507 101.935286386276 105.394089046647 214.542182759769 136.720688985601 156.710321661305 105.049830140873 0 0 114.347489566343 162.208795647992
84.5180186645592 129.00414614674 148.926909404884 10.9624445289958 101.969391513015 49.1833201141429 47.2500520107844 85.7361410564951 51.9573420401776 14.7470900469834 145.729060249764 13.6246877708734 0 93.2201073923757 62.2409763620185 101.066921912506 164.346755866483 0 184.854766845703 0 115.577736653977 80.7926981798176 120.091252269181 22.7826799295191 151.382476796428 185.486003553145 154.37991960793 26.1205254829699 104.690544724152 100.80286072986 0 135.09762355892 94.5527334326117 107.5949252701 179.803995604842 97.327181314764 117.670773537732 115.278594271161 97.4466005162768 57.4023330008963 107.123958755178 151.759872436523 101.742522270875 0 209.224853515625 0 98.7610242742177 174.130020141602 0 150.346440850715 0 0 148.423295007973 0 157.047930563623 138.534512526474 160.886397120173 86.4307627252852 152.650821711583 0 52.7033731125217 0 157.68477856959 0 209.478699099878 228.018615722656 0 0 141.692894752912 204.063238096125 134.006119863945 194.306732177734 117.110825558263 0 0 160.778289794922 151.608496030842 211.056385424379 171.065500681356 0 0 0 163.349399257301 0
86.6895918105365 91.0151516940774 64.3347074418677 105.208057834294 163.682800292969 109.224925587429 71.7967142811081 106.717073850352 65.7489077068012 106.499746006095 113.742989546158 138.594951988923 128.217764678156 101.199506538262 0 21.1840194751751 47.9234544420733 123.68566936441 90.4870827505056 115.577736653977 0 55.1578514146682 31.3883662733696 34.5318104516624 129.299513844939 98.0283459240566 72.4684317300051 31.6271499627545 87.6371592538785 29.0928918339947 137.485372067351 151.932372477751 83.9131929204192 41.5619491252256 134.248921457274 68.9999624406623 68.1061869126573 69.0628277694299 77.4450220874981 86.564227793198 89.0215520463819 141.132563476749 132.892654459227 112.083023158846 126.56673104853 132.974283211444 135.119165185542 0 170.875747680664 157.817088803164 130.210159621022 129.295599283192 168.723332713752 164.634719848633 153.617702990979 149.219154681008 169.209215646718 115.190826652241 170.569545450663 0 186.187423706055 138.406103948442 165.345600614258 146.903442382812 116.891784881369 154.136302613953 197.059844970703 173.286241157167 185.731177056979 122.101585171427 85.501413509347 123.515265589537 125.314265534158 171.89339058004 159.253024606917 126.712184752368 130.160681830943 159.108805492592 131.90074881311 0 0 147.280944824219 125.075825737515 158.785634779439
95.3124902215377 30.7492805647578 51.2049868043646 92.2653577920692 97.6945155945326 123.093385460815 86.2988508980172 122.636945658539 29.8700573835916 112.325846873753 97.7189067559884 66.2434154748644 84.2074394632401 119.561501355591 72.0362250163844 34.0153500752458 75.8643858613816 110.69512027787 98.3041251279207 80.7926981798176 55.1578514146682 0 52.1071173979373 36.4335596318443 60.1585222756093 81.0305201016041 40.0493123179544 63.3682040151559 84.6050241422514 62.5109934944393 106.886664613112 0 60.6515270377113 65.8050275696325 137.934539511557 70.3265387882663 57.5682633660739 67.6680896063963 68.848571345568 67.4900433317665 87.0727493210409 83.2121542858157 80.4874973106254 62.8114379450406 77.1495959405827 73.7061268421264 65.5800399780273 0 0 107.054929586252 48.9234159159996 70.795381233056 178.691258849519 0 0 116.62196484636 135.646795613542 74.7706539927507 140.57315430547 115.183787090937 73.4437637329102 136.362738182689 131.547276959713 78.998046875 62.7105390591145 96.530267464539 174.072163419998 142.259215024283 117.597611213713 79.4286205657233 28.0646795632278 74.7671959526944 84.8862847902374 85.1719693043901 118.422396897144 70.6969281818377 101.907245313576 96.8428935920455 106.553256085504 154.256484985352 0 85.8972930908203 73.4582241910898 182.480960399806
94.8903030453813 66.8984493172435 35.3836804283729 111.346078447092 168.779265671813 115.944297191674 80.4240672112285 112.857350872686 82.1567873374839 114.025645712632 84.6884760067132 126.291876597113 115.344731317562 107.626889956216 141.2100863379 21.5663461318129 31.2238933174555 100.535056180103 69.348552319877 120.091252269181 31.3883662733696 52.1071173979373 0 58.8958859054047 100.368732524031 76.70775580173 44.9452460343633 53.6204686616494 98.8350817736139 54.4724854941038 114.115975439687 169.778460848973 87.6475366538633 44.5058500888571 144.920970911942 74.4167930373904 52.1680983428263 58.9296042568612 67.6159989082132 92.4981689665289 101.779435760402 111.753873298293 121.461819732155 93.9837636523419 109.455507075713 113.137130189334 130.416482342691 135.294451258381 0 173.356267865594 97.1534281637874 106.193971458466 171.981008567992 0 181.605454168726 153.121357314154 200.752674688509 112.388180921112 187.260544459105 155.470634118636 174.481294479601 148.711788185265 182.882720887639 0 102.503455224927 125.807859052466 172.249217892462 150.313288382327 0 125.991974393231 73.1029569697559 109.264085826044 135.270555085677 103.72612551596 139.706945723738 104.944387984093 144.074503965744 158.667198484807 136.561673219097 171.39208984375 0 158.51181338185 117.598255198333 142.714745633703
74.2335079866256 78.8032253974033 92.3518657418813 27.61805262211 78.299514778303 69.8823370742732 47.9586630899042 81.6128754637366 23.6026765577818 57.8734456556887 146.123553947035 26.5765332183055 126.511287447281 84.0644119488211 45.3489435387403 29.9266185239804 118.181768670664 147.575736530585 138.2532063948 22.7826799295191 34.5318104516624 36.4335596318443 58.8958859054047 0 105.413877592991 121.049915007797 77.6833040875743 23.4216784648218 80.7309218898814 64.8335695603924 136.437329989923 136.153998599622 68.6759543417695 78.3909875863573 135.0844231281 76.5947098164995 92.3836152109069 99.5283355926267 92.2758538581808 48.1981388393291 88.9534994218544 135.420725693409 112.430635523431 112.398822385252 128.667869364085 128.384130100361 110.523957888568 142.585985762305 0 130.198638784769 135.059540733119 137.636157340978 125.154087579742 190.981338500977 130.407560419077 117.070219597931 134.905741394121 65.4810693723766 127.855298920354 178.900625956786 102.369792920132 167.89570972038 133.299364910941 145.407701319611 113.168216756357 164.351498018181 0 174.729541031623 116.283720070457 115.971551432402 79.6951983345836 126.534538161769 95.5866972608254 162.07449885303 168.727316015067 140.083661361157 115.782484272261 140.312982979384 121.502174387281 222.596980120829 195.8493420589 122.792406506023 126.417279643012 161.039141847341
119.368765534704 23.9186892947574 76.7849627062317 0 74.0475387573242 111.213634539411 150.29631587279 92.4541963865682 93.782981164895 162.560703237269 28.8053285691509 123.179930082959 16.3541806282098 100.761400505921 146.696197509766 99.0907974707549 62.6324007375717 43.0775285964864 47.3261311017888 151.382476796428 129.299513844939 60.1585222756093 100.368732524031 105.413877592991 0 39.857997465909 26.662573515031 141.910321540467 87.6602454335971 133.188786978446 43.6630680296439 86.6134928179912 128.689333895415 46.4911933826851 158.396434093027 74.1925943356914 21.5632002320292 41.2996762872307 43.0989567533198 102.561832229642 37.947961858732 18.1323011221447 80.8842656257591 46.134923325031 63.0315754694947 28.6810756699353 122.127243041992 33.9309341454495 38.8948473555728 0 46.9659520330035 81.1930818836803 0 0 0 225.186687522339 200.547607421875 105.855582403804 193.817659789631 54.3474606366172 0 47.8615150362954 138.658684644155 0 140.030104975176 92.1552646204333 69.7626854564363 73.9105418069436 0 127.678308645765 72.5245099341458 112.956086178755 197.896784493681 29.8464046602188 66.2710367583329 69.0021254832946 169.521290027622 0 151.916573436842 70.3664616560707 107.027381896973 0 77.0473282637705 155.010358021249
132.127021955076 47.4642931704277 28.1642304964994 176.41462649108 96.1303276453617 142.298358785004 128.86674031296 131.420717381011 112.378346523963 169.758421945971 29.4228915354943 149.048228429606 23.9810618301785 122.1187538709 158.551524509949 103.844271048862 38.4342119881317 24.6413186779678 27.760879617657 185.486003553145 98.0283459240566 81.0305201016041 76.70775580173 121.049915007797 39.857997465909 0 30.457716731361 127.560734438609 111.454016004872 109.670290767241 15.6747622615268 98.3383741932688 133.052407681868 55.3961632194962 140.044466635751 80.8923714792157 52.3255878595934 52.6228756470258 63.6105472379369 102.32269698312 81.0874447813608 60.9009382100087 134.949807931183 92.6378054702167 107.285798453184 122.833196092234 162.61584258167 162.352535634162 95.0558543171457 173.571746826172 71.6024313539246 107.487812162756 0 0 167.089058238078 187.468667553206 188.611521208773 186.637693171615 243.256820678711 91.1153939342233 0 81.891618078065 175.068640703879 0 166.900168182066 110.704670038261 100.923608995239 102.308110662888 0 157.253469978921 107.288687889353 148.747399395894 176.737459870144 66.6190722233451 93.7670239694263 97.1584217349821 171.770755832911 155.905529516862 169.337488376081 100.163344613258 122.802040100098 0 109.714833743155 142.246374563536
128.845876073025 29.2185226894951 35.6452518929728 130.74621415336 133.348480969494 145.341548826798 105.176845033104 142.566922448823 92.209977954385 143.40693444718 53.7692671841619 130.041803914177 28.618864709343 138.199005308907 128.261345128013 27.9505896877038 63.7016569936801 54.7015383923124 60.2232631095746 154.37991960793 72.4684317300051 40.0493123179544 44.9452460343633 77.6833040875743 26.662573515031 30.457716731361 0 79.6206129928559 126.651468894077 100.728007751978 24.9508834435558 113.08385197853 116.968442464195 63.5990559260968 145.532300368221 80.4198194676212 54.5826570517189 60.32768180542 68.022531877553 90.8874299367059 89.5417628636652 69.1470457451642 118.169907478374 89.5982365742062 102.529445765152 112.608936369255 141.889835466044 147.055919299678 86.5255782779245 182.605966648628 65.8485590590273 92.5101569681285 171.742482005804 0 187.508284362395 157.858945259492 181.188386784817 116.188186950255 198.20552653866 94.7157754965675 136.124306328792 85.3275473140795 180.025742050609 166.989883422852 111.941961119728 106.652585732759 103.913927507954 106.303770503428 0 135.649259568575 70.8983921812972 109.511110581986 136.568665528465 67.8519583659321 96.6310675399744 93.3309883615329 151.715665739815 167.418533137838 145.111892192399 101.863619022964 163.394015151439 0 104.823486756831 159.134534242365
82.9772155269681 109.03365512105 82.9425879980468 17.2701657834687 114.098071868306 64.2962652662173 35.5950906865734 95.2520204159406 59.0504729953874 32.5352253654039 152.977381779648 54.1261901131132 154.29356068654 94.8976752140371 80.1257084026155 32.4232166989778 110.438334614562 147.369368622987 136.940857664798 26.1205254829699 31.6271499627545 63.3682040151559 53.6204686616494 23.4216784648218 141.910321540467 127.560734438609 79.6206129928559 0 90.7423368064551 46.8638421886403 155.980992468401 146.355302307817 74.3633055652492 70.8741236990442 140.266559980123 78.8919565883767 81.4969244193644 99.7117218086411 88.0951454268838 83.4750334205937 93.3263763491221 140.137530439269 128.970986865812 126.22057603478 144.392489970849 137.952394369176 127.453981780622 157.348363801857 0 145.781976248791 142.190676522915 152.903738717092 153.533171686314 0 156.4438617194 135.954529686939 159.739523675246 92.7969691193992 153.925753056982 186.385211930537 127.288910224426 194.775099170861 152.59052036385 149.503786408201 124.083641985464 162.589867761276 188.501159667969 191.205205620944 145.718425442346 123.639975570504 95.5622245472769 138.324446563207 117.944193146666 141.793698193937 191.555918325423 147.51391366739 132.391567629145 154.123113165099 130.053369412462 0 199.697496799894 128.192524371392 136.520502613158 168.258939894736
16.7651283001101 124.372889251574 110.03191790248 102.958451874317 21.4370611393704 44.8246336704745 58.0245698914995 41.8638828268465 76.4696282895458 98.5709964921165 64.7025107948177 101.469542099499 77.5508129626616 31.9761014733288 77.2654722814829 108.396806032514 106.784018101631 91.7819263044748 100.605363528458 104.690544724152 87.6371592538785 84.6050241422514 98.8350817736139 80.7309218898814 87.6602454335971 111.454016004872 126.651468894077 90.7423368064551 0 31.3627039553425 102.114139340387 20.5882157238079 17.2668698920696 30.9518600420926 116.034288087905 65.076144222159 72.9519715521107 46.0960785564209 59.3488710036794 43.7436371814261 33.3701864113287 69.6485909756585 152.075844092981 144.357801415892 156.09816828406 140.361021189126 163.129509797989 172.388254049096 0 158.15306249876 126.902404785156 184.664500786799 184.494746223546 0 183.681150778495 155.776919573859 191.7499483099 103.183284453831 179.021832357111 144.461667162062 127.588812169534 141.940844965913 171.371324433023 0 163.281581950047 183.292613825146 0 157.169877746587 186.880844789726 142.514218079377 121.045265100902 162.699500085554 135.559238164938 169.957294114102 168.60645294254 167.100082943796 144.000551018416 168.12293695682 151.528026732127 138.920440673828 0 147.453086638801 157.788974561904 141.047530470625
39.0313294784118 105.144356894146 76.043145922188 93.1279722957768 121.314712883407 83.1362155013289 29.0372121508394 73.1368412300699 57.859925850749 86.6825718679527 119.034138493238 89.7935361785597 142.060665930592 66.6635197655082 90.9581362331466 78.1032525158979 72.6896831094974 120.36505418775 104.232612924755 100.80286072986 29.0928918339947 62.5109934944393 54.4724854941038 64.8335695603924 133.188786978446 109.670290767241 100.728007751978 46.8638421886403 31.3627039553425 0 187.57395634575 117.642597505271 48.2387127669275 37.6326084530667 124.852292216907 66.2019353130553 73.6468785109626 75.846816815657 71.0965092834757 77.8592853018802 75.7185546692182 133.828992255217 134.145628111327 113.827260542006 137.99997910506 142.218278545168 141.868495669629 185.614875175005 0 137.558636130285 127.504259272907 142.497938684173 173.92686359679 0 176.605868268212 136.277037341813 162.673242351344 85.5239703454354 149.647247637972 186.986547201389 166.355688409698 201.082000013905 155.873557323085 177.817459106445 120.798714203978 158.35793469291 186.931592704649 203.662326531004 157.120452540563 123.145234057706 88.7805093547442 131.657178784371 119.360252255255 174.404273384683 176.958224776494 147.802690772255 127.947870016288 152.526600957769 125.803179557368 0 205.45654296875 138.174290841208 135.480546849486 145.951868563824
171.645111083984 66.9807627598947 82.9876644770298 0 99.8679275512695 167.738499911651 0 118.227867490481 130.206282033719 0 30.0541373695745 0 14.2713333835985 103.460224569246 168.884948730469 124.868837689263 83.180634796571 47.2660526383233 59.8639607457136 0 137.485372067351 106.886664613112 114.115975439687 136.437329989923 43.6630680296439 15.6747622615268 24.9508834435558 155.980992468401 102.114139340387 187.57395634575 0 119.3525390625 148.402374267578 71.0916301365582 0 105.51677304096 57.0936809248575 64.0860392514754 75.4670362981943 180.608428955078 0 62.2687284008207 0 119.102028663932 110.247460596813 0 0 0 79.3847427368164 166.543838500977 111.310957062425 145.9693489104 0 0 0 0 0 0 0 90.7269624801939 0 87.31002595611 0 0 0 133.942366415086 109.245480598507 113.547342630221 0 0 139.936027948686 166.178131103516 0 72.7731449676227 107.432489607157 114.468030803363 0 0 0 117.480980093162 0 0 130.496950571831 167.040374755859
77.1200691054434 0 180.62700722391 169.279331851928 10.9349547439503 20.6385993522556 125.021229362799 23.3887087137211 133.969387201621 126.590059293591 69.9047038220337 111.221362910715 77.9450113360658 21.9324716067729 38.858475828588 0 98.6026844503721 79.6249847412109 87.9145052996625 135.09762355892 151.932372477751 0 169.778460848973 136.153998599622 86.6134928179912 98.3383741932688 113.08385197853 146.355302307817 20.5882157238079 117.642597505271 119.3525390625 0 88.7967582213876 21.4224494890448 105.38275641524 82.7180383341934 67.8592457799488 45.9165093475504 60.8869796788672 40.60550717565 17.99045861743 74.0200006147308 0 105.21134185791 218.862770225042 0 0 0 0 0 0 0 0 0 0 205.210835121387 222.356170654297 134.403854370117 209.84617281456 126.729454040527 0 113.769247830437 235.183166503906 0 0 0 165.71403503418 0 0 0 0 0 187.098285084958 0 0 0 185.239965205345 242.411651611328 0 0 0 0 194.050178053324 131.354537963867
