0 26.8315607309341 144.140540003777 28.1056831777096 2.80822721123695 47.0074278712273 5990.49493429065 512.926999986172 251.330177664757 253.924874812365 37.4956542253494 29.8973615765572 4.30611354112625 13297.1748833656 0 79.2599798738956 201.414414018393 4.7779678106308 53.4929665029049 23.8706555664539 294.696678131819 181.949444919825 378.10607779026 515.684417098761 1.61138248443604 87.6264896690845 140.323841497302 761.277164846659 14307.8257320821 3858.13788861036 0.774920225143433 17.6576065421104 518.747030466795 762.170749157667 0 463.199668139219 33.4323188662529 156.33597317338 20.0921473503113 115.858652085066 70.5380993187428 0 10.4454962909222 0.35076031088829 3.15490925312042 1.30319559574127 2.54376327991486 0 0 3.73306822776794 0 1.83891218900681 0.636734902858734 0 0 39.9834768772125 6.96189084649086 25.5086451768875 3.78568252921104 0 0.664151906967163 0 5.92733377218246 0 7.26059854030609 1.53248009085655 0.459501206874847 0 1.22084498405457 9.28382506966591 9.11584660410881 9.79840838909149 77.1427788734436 0 2.90452122688293 23.1500883996487 77.4029556512833 9.19054651260376 14.0863090753555 0 0 1.60291573405266 2.66635113954544 0
26.8315607309341 0 1616.79328587651 0.592230200767517 0 3.01239907741547 76.8135074973106 14.247502207756 620.61698487401 4.20675104856491 274.871150076389 3.57294765114784 768.302772074938 40.5013155937195 4.84922209382057 192.70167517662 868.513587653637 76.6590557992458 390.931242197752 0 131.509138345718 3179.67618688941 462.668494284153 397.604856729507 3826.27565860748 2170.49586173892 12534.6526460946 145.732050389051 36.7002783119678 113.579952120781 43.0120191574097 0 5.92859357595444 471.251071661711 0 395.699982851744 715.872877240181 478.608809947968 141.600117504597 32.7203660309315 0 10.5593736767769 39.8833498954773 41.6598277688026 77.0346643328667 18.1623015999794 4.8778595328331 0 0 0 100.865004807711 208.793502151966 1.24142730236053 0 0 18.2013947367668 3.9838328063488 3.7973867058754 0.932637423276901 15.1846533119678 0 12.3328711092472 3.19941544532776 0.615642964839935 13.3829709291458 108.698718458414 7.13279014825821 73.8019547462463 0 18.7860295176506 54.4588367938995 98.7257052659988 12.7597030103207 18.0451904833317 223.012463241816 697.664760231972 13.6226669549942 3.28720074892044 24.6247187852859 3.76217323541641 0 0 34.4202589392662 0
144.140540003777 1616.79328587651 0 1.70168080925941 0 13.4265730679035 1040.77806693316 219.437159240246 52.6473173499107 33.73695525527 293.179241478443 5.32882076501846 36.7210053503513 386.204101234674 0.640855550765991 158.489834934473 6672.05681693554 105.39682456851 1023.5285961628 3.25111186504364 1566.45294514298 633.572720617056 17604.9187696278 231.488116770983 56.8979230821133 15692.4767353237 13374.3110471666 981.368254631758 148.461265236139 1302.14879417419 18.7747080028057 0.73712819814682 22.0910909473896 1344.98936837912 0 1935.55914652348 2022.29015165567 1875.45869219303 819.414973497391 27.4809223711491 13.3826276659966 1.76091933250427 142.005754381418 81.0761206150055 253.187020689249 48.9094809293747 7.2132351398468 0 0 5.22943937778473 198.9985499084 733.812679260969 0 0 0 41.8939805924892 7.95821714401245 7.49626430869102 0.364468991756439 13.117683917284 0 9.11866465210915 11.6553720235825 0 80.8641367554665 229.906302422285 6.16074106097221 89.0697394907475 0.875944375991821 72.5661328732967 143.259236991405 503.692211776972 29.3519960641861 21.0664212107658 285.596665471792 1790.64745649695 42.348218023777 5.05063742399216 61.644096493721 3.15255761146545 0 1.62383043766022 90.1637866795063 0
28.1056831777096 0.592230200767517 1.70168080925941 0 1.08858889341354 288.318608760834 532.750312060118 133.094283044338 305.058243125677 6221.43438977003 1.00015699863434 4209.67024409771 0 158.181637197733 16.8527980446815 1.21985551714897 0 0 1.15464806556702 27905.196777463 4.34466022253036 8.69302418828011 5.8736013174057 1986.62009528279 0 2.05528870224953 3.167690128088 14892.1828110814 116.829912692308 5.52138012647629 0 0.945716142654419 9.327338129282 59.0979405641556 0 121.994819968939 1.29495048522949 12.0440051555634 1.58535701036453 122.426650494337 18.4504247903824 0 18.6564494967461 0 1.07781875133514 0 9.79108992218971 0 0 3.06697201728821 1.59731003642082 0 95.0784592032433 0 3.00522553920746 37.6064980924129 5.44201457500458 35.6461802721024 25.5434927344322 0 22.867172062397 0 6.68838515877724 0 0.834823548793793 0 0 0 64.3654081225395 0.517017424106598 2.39742547273636 0 213.610983461142 0 0.404595851898193 0.383403271436691 195.528512209654 4.93699076771736 2.54558533430099 0 0 0 3.55331605672836 0
2.80822721123695 0 0 1.08858889341354 0 922.602930933237 2.97943964600563 1061.4757706821 0 7.16717970371246 9.30943793058395 2.02167552709579 0.835558831691742 38.9250435829163 431.063343405724 0 0.581432700157166 1.01901638507843 0 0 1.04873633384705 0.466287434101105 0 3.23997387290001 1.31203007698059 1.20546352863312 1.24062871932983 2.61433669924736 137.381372153759 0 0 2350.14572811127 0.542073905467987 1073.39052426815 0 6.19924461841583 2.38646340370178 4.22482824325562 0 867.552349418402 695.301956415176 0 0 0 0 0 0 0 0 0 0 0 0 0 0 0 0 0 0 0 0 0 0 0 0 0 0 0 0 0 0 0 2.2580224275589 0 0 0 0 0 0 0 0 0 0 0
47.0074278712273 3.01239907741547 13.4265730679035 288.318608760834 922.602930933237 0 2767.71506461501 16493.8937591016 219.266192138195 19769.5884462893 54.5349977165461 5777.21732032299 1.49050658941269 2042.1598290652 213.510286569595 6.06024107336998 8.451804459095 3.40740233659744 4.50994655489922 667.980911642313 16.6155096292496 12.1378180384636 22.7351676523685 554.629888623953 2.4960675239563 12.5286722183228 17.8351978212595 986.511511057615 632.925884753466 64.1539350152016 0 1205.7841309607 15.801478177309 1106.86771512032 2.95750331878662 173.729400068521 12.85758715868 63.4175770878792 4.60690414905548 2829.64769750834 1316.83644470572 1.143226146698 10.9631532430649 0 0.931303799152374 0 3.60340201854706 0.523530006408691 0 3.87928181886673 0.542736351490021 0 13.6866006851196 0 1.77323764562607 42.7861133217812 5.5143136382103 17.2284414768219 16.6340086460114 0 20.6049357652664 0 7.85473358631134 0 1.04605373740196 0.408870726823807 0 0.56031858921051 7.66286677122116 1.44596970081329 1.0127546787262 0 74.052527576685 1.20494675636292 0 2.00922328233719 63.5253109037876 2.50065597891808 5.0162196457386 0 0 2.09087699651718 0.355952978134155 0
5990.49493429065 76.8135074973106 1040.77806693316 532.750312060118 2.97943964600563 2767.71506461501 0 5005.11313411593 1840.95480307937 10265.6922647059 51.1627835780382 368.002404987812 5.69334119558334 12543.3219838142 21.2839005589485 259.307339966297 329.549016356468 9.3013179898262 86.9943042993546 473.160715639591 1476.41033631563 467.683779537678 2083.10722720623 5668.8654423058 5.23958775401115 319.150158584118 596.274702370167 21917.7821899354 3747.62419769168 11664.9643852115 2.28638479113579 29.2208398282528 482.419660300016 1150.69695082307 0 1999.65091562271 108.382081478834 520.206378936768 70.8203693330288 706.954938530922 173.464736253023 3.21873164176941 83.4648219943047 4.63172990083694 34.5181941390038 6.84623700380325 18.8668346107006 3.92514958977699 0 24.9939152002335 8.90964531898499 17.263555586338 31.0153578817844 0 10.8054082691669 336.944971486926 52.0433768630028 182.494782358408 96.48761510849 0.824170291423798 31.3350290954113 0 55.4789556264877 2.12012815475464 33.0266434252262 6.43332186341286 0 4.01853373646736 17.3059177398682 39.076937019825 18.486493319273 41.9171219468117 540.249907612801 0.771648645401001 8.21534013748169 64.2720764577389 460.379222035408 54.8709762096405 60.532520532608 0 0.406719744205475 7.24546790122986 21.0472106635571 0
512.926999986172 14.247502207756 219.437159240246 133.094283044338 1061.4757706821 16493.8937591016 5005.11313411593 0 545.766154080629 7264.58023361862 249.8841599226 1158.89654314518 23.7401361167431 22071.5331608653 114.963134169579 31.247995197773 149.430887252092 22.2446665465832 52.1910762488842 245.63926923275 240.200265705585 85.065936177969 335.157733529806 1056.20920732617 8.87006208300591 100.767659783363 128.555790454149 1240.69999107718 2910.68742144108 979.124152541161 5.5120210647583 1515.19824370742 60.3723070025444 2774.48583686352 0 456.648027122021 47.4443003833294 206.933144181967 24.9962344169617 2836.3963599503 2012.31726321578 4.34719127416611 30.8060107827187 0.550181686878204 6.33539727330208 0 4.55136498808861 0.625174045562744 0 8.94693970680237 0.97220253944397 3.31266111135483 11.3224721252918 0.444754600524902 1.52887925505638 119.681266516447 22.4643640220165 65.9043743610382 30.3574827313423 0 9.70828026533127 0 18.1704605221748 0.532685935497284 4.18457555770874 0.759983837604523 0 0.331414073705673 11.120184212923 8.18621349334717 1.98440346121788 10.5844523012638 181.160585045815 0 3.00900673866272 12.1995813548565 163.355905503035 19.3547306060791 18.718457877636 0 0 0.833760857582092 9.90032953023911 0
251.330177664757 620.61698487401 52.6473173499107 305.058243125677 0 219.266192138195 1840.95480307937 545.766154080629 0 1032.78039681911 23.7550939321518 734.204280376434 25.248342782259 760.14581567049 385.102964580059 120.273909151554 29.5522783994675 1.85700008273125 17.4446780085564 186.775743603706 73.6029010117054 4599.46100214124 88.5142052471638 9930.22463312745 176.981538027525 70.1186525076628 472.982079744339 3128.02967998385 540.463820695877 572.270732760429 1.04143196344376 8.77064207196236 140.985951662064 171.243896216154 0 420.751183003187 34.1731544137001 86.8233778476715 6.93295532464981 1109.35031485558 35.3343667685986 0.363032788038254 35.1301070451736 1.53941094875336 35.8570388257504 0.992928564548492 43.0035886764526 1.77464887499809 0 12.721609890461 0.463410973548889 7.52377861738205 97.3487165868282 0 13.1150442957878 310.972612410784 34.3791891336441 238.984965026379 167.940923184156 1.93099850416183 56.1681971251965 0 50.3578662276268 1.19637334346771 13.6096541881561 4.15532937645912 0 1.42495995759964 57.2176427841187 15.0734142661095 20.9084117412567 14.0031377673149 658.397251486778 1.28020787239075 4.39522904157639 8.21119895577431 523.205961465836 61.8766788244247 61.8857806921005 0 0 5.78512352705002 11.4533296525478 0
253.924874812365 4.20675104856491 33.73695525527 6221.43438977003 7.16717970371246 19769.5884462893 10265.6922647059 7264.58023361862 1032.78039681911 0 21.84720236063 14485.024206996 3.0682972073555 2586.03332483768 43.7594048380852 12.7592286765575 13.0458627641201 3.05092740058899 6.51630222797394 14365.9215030372 42.3451571762562 37.6696639060974 81.4624820649624 2344.41738972068 3.01168638467789 15.9432504177094 26.3595567345619 8494.2692489028 1099.97714143991 91.0244942605495 0 31.6346790790558 78.4228304028511 475.659628003836 3.46721863746643 983.09989836812 20.8807294070721 183.182483404875 5.18880349397659 1068.15166720748 188.197778701782 0.661019682884216 48.0925254225731 0 6.76329392194748 1.40855622291565 24.9045985341072 1.76292884349823 0 5.83972504734993 0 0.576188445091248 43.3259091079235 0 9.03441527485847 145.550427347422 34.9256192743778 103.850924938917 99.6008563041687 0 99.5712720453739 0 24.198488175869 2.33491516113281 2.24911999702454 0.677590191364288 0 0 41.4234190881252 2.75038570165634 3.03162750601768 1.07147598266602 254.375104665756 0 0 3.92891928553581 228.420247584581 9.69321218132973 5.9039055109024 0 0 2.97786843776703 2.50882762670517 0
37.4956542253494 274.871150076389 293.179241478443 1.00015699863434 9.30943793058395 54.5349977165461 51.1627835780382 249.8841599226 23.7550939321518 21.84720236063 0 11.3235014081001 7520.73673719168 332.847848206758 0.561119914054871 11.3693498075008 1137.25472185016 10721.2162678838 7745.30469334126 4.37311297655106 79.1313753426075 41.9418467581272 325.059691399336 21.3652932345867 1974.30723232031 7598.73240044713 3357.51608774066 387.772841215134 285.662231355906 131.780648648739 1648.04868134856 54.8479463458061 11.1048309803009 11574.143037051 0 327.087573498487 6601.9801491797 8028.77490964532 358.584251999855 121.44193187356 77.4310691952705 761.507158398628 8.20960360765457 17.5527386367321 31.1714990437031 2.74139392375946 0 0 3.57136583328247 0.361914277076721 8.35488301515579 13.9890703856945 0 0 0 5.9261814057827 0.904730409383774 0 0 86.1572335064411 0.517315924167633 364.613469600677 0.32411316037178 0 2.60047733783722 23.9937685132027 106.088208287954 92.5069659650326 0 1.67872035503387 5.92413288354874 8.56489917635918 3.24279543757439 185.888585716486 382.912051796913 348.517702281475 1.29605841636658 0.834465205669403 1.33917015790939 34.2383674681187 0 0 38.9457716941833 0
29.8973615765572 3.57294765114784 5.32882076501846 4209.67024409771 2.02167552709579 5777.21732032299 368.002404987812 1158.89654314518 734.204280376434 14485.024206996 11.3235014081001 0 1.47408044338226 554.0937102139 530.560235202312 0.609876394271851 5.29694285988808 1.07619178295135 3.98891699314117 25151.9541133344 1.54750826954842 58.8477898240089 2.95590907335281 1307.9503634572 2.00430303812027 3.8411377966404 8.03834527730942 2541.15953874588 235.482471764088 15.3541852533817 1.94850140810013 16.7252453267574 3.40470832586288 130.8300563097 635.993019104004 233.056762039661 2.06932020187378 52.1238676011562 0 3291.9644189775 76.1927822828293 0 14.5421619415283 0 3.28180083632469 0 6.98858213424683 0 0 0 0 0 1.24334043264389 0 4.39528375864029 16.8753163218498 7.13558447360992 3.78264608979225 16.3784816861153 0 319.282653689384 0 3.54870438575745 0 0 0 0 0 8.86652740836143 0.728201448917389 1.0734531879425 0 31.3289389014244 0 0 0 35.653092443943 1.12715917825699 0.537590086460114 0 0 0 0.678071975708008 0
4.30611354112625 768.302772074938 36.7210053503513 0 0.835558831691742 1.49050658941269 5.69334119558334 23.7401361167431 25.248342782259 3.0682972073555 7520.73673719168 1.47408044338226 0 21.2925161123276 0 3.99890434741974 83.7194720208645 443.239108920097 287.987971633673 0 7.22510609030724 115.527060523629 21.7191676795483 10.4984721839428 9097.32636085153 2190.75778052211 5375.54002264142 10.4449000358582 11.7353199720383 7.22238552570343 3968.48209416866 4.87304657697678 0 449.062562972307 0 63.839039593935 3777.37128213048 707.708302170038 57.7884449362755 7.31539732217789 3.91771054267883 438.510762453079 2.7018523812294 22.893466681242 36.8777702748775 1.32075762748718 0 0 2.40590250492096 0 11.8704128861427 7.29588368535042 0 0 0 0.836572587490082 0 0 0.417705625295639 150.952251404524 0 660.269146353006 0.773995637893677 0 0 28.0937702655792 135.997313976288 147.905223786831 0 0.304930537939072 4.88218557834625 6.08888381719589 0 340.989914536476 537.388874381781 392.671354532242 0 0 2.13937318325043 52.7313712537289 0 0 35.2708342373371 0
13297.1748833656 40.5013155937195 386.204101234674 158.181637197733 38.9250435829163 2042.1598290652 12543.3219838142 22071.5331608653 760.14581567049 2586.03332483768 332.847848206758 554.0937102139 21.2925161123276 0 16.4252545535564 89.5966670513153 345.909931868315 25.8142723143101 112.783012539148 211.511756807566 512.555751889944 253.040973842144 767.853452175856 1283.66982114315 6.18898645043373 222.454359024763 312.962529182434 1768.53512263298 13545.5379793942 3117.70929440856 3.33458828926086 1782.07458671927 170.66570904851 3101.95730426908 0 1137.2245477438 68.5639036297798 423.779553949833 26.8373094797134 2185.09631702304 871.995978266001 0 42.5586659610271 0 14.1231628060341 0.900056421756744 10.3443412482738 0.508267641067505 0 12.1145697236061 3.52475428581238 6.70055037736893 3.96915704011917 0 3.2432981133461 145.572471290827 21.0498813986778 70.548804461956 16.5799882113934 1.43758779764175 7.34111219644547 1.99159628152847 25.8321570008993 0 8.06915438175201 4.88108095526695 0.443394511938095 6.15991613268852 2.85944771766663 26.7795577049255 12.3548686802387 18.135469853878 227.314656198025 3.53048235177994 12.0423936247826 32.0271087288857 186.608221411705 23.7171415984631 33.1350573897362 0 0 2.20078015327454 11.6682607233524 0
0 4.84922209382057 0.640855550765991 16.8527980446815 431.063343405724 213.510286569595 21.2839005589485 114.963134169579 385.102964580059 43.7594048380852 0.561119914054871 530.560235202312 0 16.4252545535564 0 2.69071483612061 0 0.668314278125763 0 27.4633409380913 0 20.5687708854675 0.534117341041565 205.255593538284 2.12150239944458 1.85974359512329 1.25614941120148 38.7481262683868 3.28128179907799 2.4484521150589 0 2.57558256387711 1.75189566612244 2.1134085059166 0 12.4649886488914 0.370336085557938 0.857587277889252 0 4542.49852710962 5.13660001754761 0 0 0 0 0 0 0 0 0 0 0 0.692994594573975 0 0 3.1356808245182 0 0 0 0 0 0 0 0 1.33558368682861 0 0 0 0 0 0 0 0.646687924861908 0 0 0 1.58619785308838 0 0 0 0 0 0 0
79.2599798738956 192.70167517662 158.489834934473 1.21985551714897 0 6.06024107336998 259.307339966297 31.247995197773 120.273909151554 12.7592286765575 11.3693498075008 0.609876394271851 3.99890434741974 89.5966670513153 2.69071483612061 0 89.2963099479675 4.29096114635468 18.6647902429104 0.439845502376556 10756.1778449416 3939.35508579016 20313.1017121971 2370.55602020025 18.7807860374451 64.1210851967335 9939.09876725078 4229.90771651268 235.452655345201 838.201300919056 1.78173351287842 1.50948011875153 87.0707960724831 805.625539451838 0 1207.3481027782 319.173129051924 460.397454619408 127.940168112516 67.8253759145737 10.6345062851906 1.08552074432373 51.7805778980255 9.6031191945076 64.1404115557671 7.66607654094696 7.61520755290985 0.905827641487122 0 5.79377809166908 7.26175612211227 33.6491380631924 0 0 0 31.2066223025322 3.15677446126938 42.3387621641159 0.977020621299744 0 0 0 7.68511447310448 0 436.528438270092 4.77021101117134 1.23642861843109 1.86038759350777 0.97704154253006 118.427722424269 170.806905329227 474.736670017242 153.939283967018 0.889771461486816 9.22924020886421 232.102161645889 132.830194711685 22.8776138424873 83.4116289913654 0 0 11.5862023830414 21.3059619665146 0
201.414414018393 868.513587653637 6672.05681693554 0 0.581432700157166 8.451804459095 329.549016356468 149.430887252092 29.5522783994675 13.0458627641201 1137.25472185016 5.29694285988808 83.7194720208645 345.909931868315 0 89.2963099479675 0 452.642897337675 8748.4040966332 0 1935.20013672113 170.154284358025 8527.41047134995 77.75025421381 113.829016655684 6327.33967468143 5337.94681945443 285.657197326422 318.361442446709 1764.87526792288 29.3304927051067 1.77614200115204 32.0597532987595 2875.02190241218 0 642.61829829216 1099.82945564389 1552.09619832039 309.892104804516 20.7415712475777 5.20069736242294 2.81842589378357 38.7032762765884 29.3510248661041 93.6188051402569 14.008310675621 0 0 0 0.901619017124176 82.159058123827 201.868341565132 0 0 0 14.0630435049534 3.28523379564285 5.90968292951584 0 7.16974914073944 0 14.7201515138149 1.51458364725113 0 17.6974339187145 112.654183834791 12.0304356515408 77.836867749691 0 15.0224629640579 24.329621553421 100.162870436907 11.2857420444489 33.0154442489147 255.537988215685 643.829661250114 8.70375314354897 3.56521499156952 23.2108789980412 1.10870909690857 0 1.1057340502739 48.9988991320133 0
4.7779678106308 76.6590557992458 105.39682456851 0 1.01901638507843 3.40740233659744 9.3013179898262 22.2446665465832 1.85700008273125 3.05092740058899 10721.2162678838 1.07619178295135 443.239108920097 25.8142723143101 0.668314278125763 4.29096114635468 452.642897337675 0 9515.315171808 0 15.4145509302616 5.01413613557816 81.2734880745411 3.17675840854645 536.270913928747 6528.26350912452 1032.76463297009 8.44061055779457 25.826723575592 21.1142872273922 233.26187261939 2.66955274343491 0.709671318531036 467.015022158623 0 65.839205801487 383.742485523224 400.403539121151 40.9364357590675 14.2280917167664 1.56767407059669 10.6560317277908 2.42095416784286 18.0403799712658 20.1246250867844 1.5018914937973 0.750464260578156 0 2.57634913921356 0.521701872348785 4.06165656447411 7.18440583348274 0 0 0 0.921007871627808 0 1.68067988753319 0 48.6979707479477 0 161.240986198187 0 0 0.436642020940781 10.9853409230709 36.2615650296211 49.5377739965916 0 1.90964382886887 0.318999916315079 3.0358492732048 0.634032249450684 105.423818051815 156.733506351709 130.472409754992 1.1746671795845 1.94451546669006 0 13.8062813878059 0 0 8.87403035163879 0
53.4929665029049 390.931242197752 1023.5285961628 1.15464806556702 0 4.50994655489922 86.9943042993546 52.1910762488842 17.4446780085564 6.51630222797394 7745.30469334126 3.98891699314117 287.987971633673 112.783012539148 0 18.6647902429104 8748.4040966332 9515.315171808 0 0 204.971787542105 51.8270311057568 771.637156397104 8.72056628763676 492.344071447849 15010.872856468 3044.4326428771 51.1312081217766 89.4263388812542 274.8240634799 133.914312452078 1.43814313411713 4.63014814257622 2254.76396587491 0 413.395721495152 1275.77516078949 1499.86986416578 182.046829342842 22.5528483390808 10.5000839829445 9.76243481040001 13.8238897323608 21.1952158808708 29.4388518333435 6.65617102384567 0 0 0 0 43.0055629611015 61.2165389657021 0 0 0 3.92382806539536 2.04994398355484 1.40753680467606 0.905947327613831 31.8066458106041 0 92.7908918559551 2.54517203569412 0 4.42943313717842 58.8886298835278 36.1378037929535 107.656132727861 0 4.4260225892067 7.89568558335304 29.1000841856003 7.74393227696419 106.84513926506 344.189277470112 373.890138506889 7.00569871068001 0.803976953029633 8.64561751484871 12.6483415663242 0 0 38.5083477795124 0
23.8706555664539 0 3.25111186504364 27905.196777463 0 667.980911642313 473.160715639591 245.63926923275 186.775743603706 14365.9215030372 4.37311297655106 25151.9541133344 0 211.511756807566 27.4633409380913 0.439845502376556 0 0 0 0 3.42243844270706 15.3181074857712 7.77055913209915 1870.49738118052 0.308390855789185 0.759108781814575 4.31800961494446 6398.65151557326 106.387018471956 9.74055594205856 0 3.4473072886467 6.92651033401489 46.9655098617077 2.9436457157135 119.940418809652 0 26.1597757637501 1.10300546884537 186.136823445559 11.6094618737698 0 4.43088269233704 0 0.482281267642975 0 4.18285137414932 0 0 0 0 0 5.29100984334946 0 3.08818945288658 25.6289280354977 4.58539119362831 16.5479951500893 11.4207306802273 0 67.1647992730141 0 5.19569289684296 0 0 0 0 0 5.38063985109329 0 0 0 34.0575245320797 0 0 0 30.5883180499077 1.64076209068298 2.43885493278503 0 0 1.47855925559998 2.34991502761841 0
294.696678131819 131.509138345718 1566.45294514298 4.34466022253036 1.04873633384705 16.6155096292496 1476.41033631563 240.200265705585 73.6029010117054 42.3451571762562 79.1313753426075 1.54750826954842 7.22510609030724 512.555751889944 0 10756.1778449416 1935.20013672113 15.4145509302616 204.971787542105 3.42243844270706 0 1332.74705126882 29252.2582271099 878.832484126091 12.5399331450462 422.357903212309 2301.48109021783 10200.9156084657 624.619187474251 18090.7733844519 1.0455070734024 1.75225681066513 128.423725187778 4831.55992937088 0 2868.74944072962 514.645163446665 1286.02500143647 271.849596321583 203.153549849987 27.0915076136589 2.12423765659332 32.1310272216797 7.47877645492554 33.1184450387955 3.380535364151 3.44599577784538 0 0 6.69775468111038 6.17321559786797 33.52748888731 0 0 0 32.3245155215263 2.28476268053055 19.8563387989998 2.03846633434296 0.966837882995605 0 2.42700573801994 12.8244203031063 0 308.55681219697 11.8216199278831 0.442593187093735 2.70834216475487 0 97.4394768178463 99.6151864528656 168.840379595757 139.413475930691 0 13.2941898405552 129.671660810709 106.886148005724 22.2336755990982 64.7357474267483 0 0 4.66978746652603 18.1433250308037 0
181.949444919825 3179.67618688941 633.572720617056 8.69302418828011 0.466287434101105 12.1378180384636 467.683779537678 85.065936177969 4599.46100214124 37.6696639060974 41.9418467581272 58.8477898240089 115.527060523629 253.040973842144 20.5687708854675 3939.35508579016 170.154284358025 5.01413613557816 51.8270311057568 15.3181074857712 1332.74705126882 0 3307.09850263596 6487.43654066324 485.770344823599 267.513502895832 5873.21364471316 2170.00943976641 429.803354769945 1139.22831213474 9.00240454077721 0 160.01411280036 557.518936872482 0 807.382548987865 335.628461182117 528.487461328506 177.946482717991 200.468252003193 22.1396622359753 0.797647804021835 103.967834174633 19.9353829026222 129.874207437038 24.9642418622971 4.41365498304367 0 0.987166583538055 12.456746339798 22.7834079265594 60.2875831127167 1.02075123786926 0 0 79.8963300585747 13.0824313163757 53.690113812685 5.30096697807312 2.77587723731995 0.639967441558838 1.72199374437332 30.9134931862354 0.998100221157074 504.479004591703 25.6435442268848 1.64730307459831 12.2231278419495 0.655169367790222 140.840800285339 440.552756667137 639.135627061129 214.506793648005 0.61179506778717 24.0576114058495 584.31070369482 205.580767959356 34.9775595068932 127.397079586983 0 0 6.13293999433517 53.9508471488953 0
378.10607779026 462.668494284153 17604.9187696278 5.8736013174057 0 22.7351676523685 2083.10722720623 335.157733529806 88.5142052471638 81.4624820649624 325.059691399336 2.95590907335281 21.7191676795483 767.853452175856 0.534117341041565 20313.1017121971 8527.41047134995 81.2734880745411 771.637156397104 7.77055913209915 29252.2582271099 3307.09850263596 0 1047.19452115893 35.3480854928493 2152.71148562431 18984.8022995293 6528.3178640902 630.758754312992 8281.29535588622 4.95178300142288 1.77252832055092 99.8146801590919 5782.04985451698 0 4963.73686945438 3169.51207754016 4252.32419654727 1448.35022729635 126.524476855993 39.3939240276814 7.6004952788353 208.718464493752 59.2581636309624 293.19903665781 68.8954114317894 17.6591336429119 0 0 6.73681461811066 65.0978830456734 217.819019734859 3.03367558121681 0 3.43539270758629 67.3467821776867 11.8071923553944 21.3619710206985 2.14985144138336 4.59081971645355 0 2.46557280421257 8.64963644742966 0 1054.74403995275 60.6072655618191 3.73106306791306 24.6011644303799 0 210.946179836988 471.120453894138 1583.9408017695 113.034650444984 4.61725187301636 64.6751810610294 1514.42667931318 122.811919927597 17.0044115185738 127.719510614872 0 0 6.73099583387375 79.0530240535736 0
515.684417098761 397.604856729507 231.488116770983 1986.62009528279 3.23997387290001 554.629888623953 5668.8654423058 1056.20920732617 9930.22463312745 2344.41738972068 21.3652932345867 1307.9503634572 10.4984721839428 1283.66982114315 205.255593538284 2370.55602020025 77.75025421381 3.17675840854645 8.72056628763676 1870.49738118052 878.832484126091 6487.43654066324 1047.19452115893 0 77.4000577330589 92.3062936663628 1699.00915420055 47860.9674012065 1186.36990699172 1708.09006336331 0.619735538959503 9.97507578134537 332.156373769045 701.179804831743 0 1279.8234346211 76.7892824709415 321.939234852791 37.9728302657604 1268.59299144149 52.1037654876709 3.81729638576508 203.707857549191 3.54418164491653 62.6172222793102 11.8785064816475 63.8101894557476 7.12628036737442 0 59.1061508655548 7.85158360004425 16.882757127285 159.02819314599 0 31.0309664011002 591.60491424799 128.740359842777 440.210649549961 213.696381807327 1.28693199157715 49.1106314957142 3.26660162210464 129.834314584732 4.95999705791473 78.3899630010128 9.10927647352219 0 1.68514430522919 139.110399842262 75.4987373054028 66.3715021312237 91.4787508249283 1509.05955886841 0 6.76790112257004 68.7339577674866 1221.85710859299 125.092802464962 164.774316072464 0 1.56762644648552 12.1120563447475 72.401092261076 0
1.61138248443604 3826.27565860748 56.8979230821133 0 1.31203007698059 2.4960675239563 5.23958775401115 8.87006208300591 176.981538027525 3.01168638467789 1974.30723232031 2.00430303812027 9097.32636085153 6.18898645043373 2.12150239944458 18.7807860374451 113.829016655684 536.270913928747 492.344071447849 0.308390855789185 12.5399331450462 485.770344823599 35.3480854928493 77.4000577330589 0 2155.51964333653 5920.74767017365 17.2814300656319 8.27777567505836 8.76415494084358 268.004978686571 1.22202897071838 0 158.652665913105 0 40.6226924061775 1070.39729383588 240.176372915506 35.7348081469536 1.45542806386948 1.9255256652832 179.095724701881 26.0735090970993 54.4163497686386 74.5503580570221 4.1993328332901 1.88001465797424 0 0.635661840438843 0 78.6214208900928 38.4320084452629 0 0 0 3.96709263324738 1.5753139257431 0 2.84141224622726 156.491525232792 0 631.778338044882 0.629686057567596 0 0.611329019069672 47.6478870511055 159.518353074789 270.520437657833 0 7.04210358858109 10.5213347375393 20.1022437512875 4.27484664320946 461.540416181087 759.957426190376 658.928011208773 1.00031939148903 1.93458032608032 6.1769405901432 63.1614203155041 0.97895359992981 0 69.6334342360497 0
87.6264896690845 2170.49586173892 15692.4767353237 2.05528870224953 1.20546352863312 12.5286722183228 319.150158584118 100.767659783363 70.1186525076628 15.9432504177094 7598.73240044713 3.8411377966404 2190.75778052211 222.454359024763 1.85974359512329 64.1210851967335 6327.33967468143 6528.26350912452 15010.872856468 0.759108781814575 422.357903212309 267.513502895832 2152.71148562431 92.3062936663628 2155.51964333653 0 30112.1705407798 191.427228420973 135.555323958397 455.914440780878 3762.18843066692 3.73959866166115 13.7746791243553 2481.00088635087 0 904.832348257303 3234.66515156627 2524.9630599618 412.948391616344 22.7512798011303 13.2044300436974 18.6855525672436 104.396195173264 146.962672203779 204.76035374403 30.1108049750328 1.82908749580383 0 6.20821338891983 2.31582969427109 320.162224054337 390.726509273052 0 0 0 29.3104241192341 5.66492557525635 9.84041973948479 1.78490027785301 144.53207591176 0 453.77589058876 9.17590171098709 0.825200378894806 15.9692262709141 324.565535187721 172.463616251945 561.242768675089 0 28.9162608385086 51.1455830037594 146.974906980991 18.2564542591572 473.205968797207 1686.53805428743 2109.25020301342 11.2086245715618 11.7488974630833 50.8699813187122 42.7106148898602 0.580086708068848 1.43183329701424 171.933916538954 0
140.323841497302 12534.6526460946 13374.3110471666 3.167690128088 1.24062871932983 17.8351978212595 596.274702370167 128.555790454149 472.982079744339 26.3595567345619 3357.51608774066 8.03834527730942 5375.54002264142 312.962529182434 1.25614941120148 9939.09876725078 5337.94681945443 1032.76463297009 3044.4326428771 4.31800961494446 2301.48109021783 5873.21364471316 18984.8022995293 1699.00915420055 5920.74767017365 30112.1705407798 0 2728.89638444781 283.476818442345 982.74512681365 2756.92038869858 8.74268716573715 42.7468726783991 5124.46726316214 0 5292.35576587915 6545.10017603636 6532.54587379098 2149.448772192 71.5746346712112 28.9789734780788 25.155542075634 422.930683642626 278.275660276413 736.558309972286 167.965867191553 18.3229775130749 1.67259478569031 2.32342839241028 9.11473953723907 625.874467551708 1395.99824622273 1.7065994143486 0 0.352615088224411 135.298084020615 16.893398553133 28.2066821753979 2.79737946391106 139.904337376356 0.886954128742218 393.496068507433 27.7968102395535 0.998337209224701 676.684000611305 637.280494689941 170.446506947279 641.272000044584 0 244.826259732246 623.912881910801 1908.3120573163 116.478144615889 509.505055457354 2055.67867875099 5600.68990522623 124.434369564056 15.961156308651 185.948543429375 44.9137217104435 0 3.51713645458221 329.595823675394 0
761.277164846659 145.732050389051 981.368254631758 14892.1828110814 2.61433669924736 986.511511057615 21917.7821899354 1240.69999107718 3128.02967998385 8494.2692489028 387.772841215134 2541.15953874588 10.4449000358582 1768.53512263298 38.7481262683868 4229.90771651268 285.657197326422 8.44061055779457 51.1312081217766 6398.65151557326 10200.9156084657 2170.00943976641 6528.3178640902 47860.9674012065 17.2814300656319 191.427228420973 2728.89638444781 0 1844.05311176181 11300.663864404 0.471890300512314 12.9547698497772 517.192211270332 1953.84953954816 0 2900.23326185346 229.908520489931 707.163692563772 142.778853774071 639.47908860445 84.2388930916786 0.407581061124802 161.866300880909 7.44010382890701 67.7161039113998 8.64655983448029 42.6425202488899 13.1660121381283 0 48.4308150410652 8.4159651696682 22.8088261187077 68.1002820432186 0.4213687479496 22.266246676445 497.139348268509 74.607065320015 305.573618739843 144.576126009226 2.91628879308701 52.7286310493946 0 104.025885611773 6.75212383270264 121.189982831478 9.27599057555199 1.36231625080109 1.71729058027267 46.9385449290276 126.753458112478 76.9909946024418 155.450755923986 992.84120580554 2.66997539997101 5.29811143875122 108.455941200256 861.517416477203 113.689402967691 179.409882605076 0 0 19.6557819843292 48.5006906986237 0
14307.8257320821 36.7002783119678 148.461265236139 116.829912692308 137.381372153759 632.925884753466 3747.62419769168 2910.68742144108 540.463820695877 1099.97714143991 285.662231355906 235.482471764088 11.7353199720383 13545.5379793942 3.28128179907799 235.452655345201 318.361442446709 25.826723575592 89.4263388812542 106.387018471956 624.619187474251 429.803354769945 630.758754312992 1186.36990699172 8.27777567505836 135.555323958397 283.476818442345 1844.05311176181 0 6744.9154741168 5.22263613343239 2042.57865598798 14608.6575061083 5685.93106362224 0 2006.88338753581 108.24468266964 541.964973270893 30.3555816113949 1030.54412543774 1139.53042754531 3.84136021137238 31.7508468329906 1.98687839508057 8.54583388566971 0 6.3637787103653 1.28971266746521 0 17.4598010480404 1.19869846105576 1.73755615949631 6.76631432771683 0 0.688860356807709 102.056134432554 23.7931549549103 37.9012550115585 12.0362150073051 2.16199445724487 2.54923918843269 0.967048525810242 15.0237555801868 0 13.290474653244 1.57853758335114 0.467883735895157 4.23254418373108 1.88522997498512 21.1631946861744 10.3593700230122 14.213471531868 186.092765182257 0.369650304317474 2.98747700452805 24.4165336191654 157.286683082581 29.3097148835659 35.9234140217304 0.370061308145523 0 3.73055678606033 5.94672617316246 0
3858.13788861036 113.579952120781 1302.14879417419 5.52138012647629 0 64.1539350152016 11664.9643852115 979.124152541161 572.270732760429 91.0244942605495 131.780648648739 15.3541852533817 7.22238552570343 3117.70929440856 2.4484521150589 838.201300919056 1764.87526792288 21.1142872273922 274.8240634799 9.74055594205856 18090.7733844519 1139.22831213474 8281.29535588622 1708.09006336331 8.76415494084358 455.914440780878 982.74512681365 11300.663864404 6744.9154741168 0 5.4459992647171 7.29337000846863 603.366863161325 5923.29479965568 0 2065.40836021304 263.946030944586 877.723840773106 130.501519173384 180.131678313017 48.2929109334946 4.45283949375153 36.6718569993973 2.73677027225494 29.1352498531342 4.61679595708847 7.6509308218956 1.66903865337372 0 19.1694325208664 13.8330127298832 28.891323029995 2.04016873240471 0 1.12939539551735 118.086175858974 11.0588046014309 68.2913787662983 4.9781967997551 1.02577945590019 3.22137027978897 2.14790266752243 23.9257584512234 0 57.1802061498165 13.7412626445293 2.1309680044651 3.35196083784103 1.1867527961731 53.1615932583809 33.4601582586765 76.6238300800323 211.598441570997 1.31721794605255 20.903511941433 100.490767091513 184.014137715101 35.3544188439846 66.1254586875439 0 0.32035306096077 3.92782270908356 31.6563852727413 0
0.774920225143433 43.0120191574097 18.7747080028057 0 0 0 2.28638479113579 5.5120210647583 1.04143196344376 0 1648.04868134856 1.94850140810013 3968.48209416866 3.33458828926086 0 1.78173351287842 29.3304927051067 233.26187261939 133.914312452078 0 1.0455070734024 9.00240454077721 4.95178300142288 0.619735538959503 268.004978686571 3762.18843066692 2756.92038869858 0.471890300512314 5.22263613343239 5.4459992647171 0 0 0 66.9061210155487 0 6.67360544204712 142.058052271605 105.046573579311 8.8253376185894 1.92043852806091 0 4.73341280221939 1.97589337825775 1.44446271657944 8.53901129961014 1.08843493461609 0 0 0.436108946800232 0 3.95374429225922 2.08751720190048 0 0 0.925759732723236 0 0.855834245681763 0 0 18.1892656087875 0 53.407293766737 0 0 0 1.88186553120613 20.1374627649784 12.3888690769672 0 0 0 0.381199181079865 0 36.9378905296326 61.261803150177 51.2187300026417 0 0 0 5.12430489063263 0 0 2.79647237062454 0
17.6576065421104 0 0.73712819814682 0.945716142654419 2350.14572811127 1205.7841309607 29.2208398282528 1515.19824370742 8.77064207196236 31.6346790790558 54.8479463458061 16.7252453267574 4.87304657697678 1782.07458671927 2.57558256387711 1.50948011875153 1.77614200115204 2.66955274343491 1.43814313411713 3.4473072886467 1.75225681066513 0 1.77252832055092 9.97507578134537 1.22202897071838 3.73959866166115 8.74268716573715 12.9547698497772 2042.57865598798 7.29337000846863 0 0 4.74667102098465 2358.47071781754 0 34.9689402580261 2.15849825739861 26.962255448103 0 253.480748534203 1852.61424431205 0 0 0 0 0 0.496963948011398 0 0 0 0 0 0 0 0 0 0 0.832470059394836 0.668073058128357 0 0 0 0 0 0 0 0 0.627379059791565 0 0.303145170211792 0 0 1.57526141405106 0 1.23079979419708 0 2.74873089790344 0.628051936626434 0 0 0 0.377598404884338 0.545928239822388 0
518.747030466795 5.92859357595444 22.0910909473896 9.327338129282 0.542073905467987 15.801478177309 482.419660300016 60.3723070025444 140.985951662064 78.4228304028511 11.1048309803009 3.40470832586288 0 170.66570904851 1.75189566612244 87.0707960724831 32.0597532987595 0.709671318531036 4.63014814257622 6.92651033401489 128.423725187778 160.01411280036 99.8146801590919 332.156373769045 0 13.7746791243553 42.7468726783991 517.192211270332 14608.6575061083 603.366863161325 0 4.74667102098465 0 971.729918092489 0 583.523023933172 22.1992349028587 108.926279783249 6.52465730905533 48.5103652179241 26.2844584584236 0 6.55656957626343 0 4.0722559094429 0 0.677165329456329 0 0 1.65426349639893 0 0.717515110969543 0 0 0 17.5731907188892 0.566041529178619 13.8658206760883 2.64904636144638 0 0 0 3.39976674318314 0 2.29877036809921 1.27420818805695 0 0.933929979801178 0 12.9558374583721 3.50074106454849 7.58854854106903 31.1435148715973 0 0 1.49330961704254 21.8088108599186 5.18210989236832 10.0502604544163 0 0 0 1.99033612012863 0
762.170749157667 471.251071661711 1344.98936837912 59.0979405641556 1073.39052426815 1106.86771512032 1150.69695082307 2774.48583686352 171.243896216154 475.659628003836 11574.143037051 130.8300563097 449.062562972307 3101.95730426908 2.1134085059166 805.625539451838 2875.02190241218 467.015022158623 2254.76396587491 46.9655098617077 4831.55992937088 557.518936872482 5782.04985451698 701.179804831743 158.652665913105 2481.00088635087 5124.46726316214 1953.84953954816 5685.93106362224 5923.29479965568 66.9061210155487 2358.47071781754 971.729918092489 0 0 1775.79813894629 1607.11063268781 4024.390664801 246.604967415333 666.109078139067 1109.54800441861 68.2116396427155 28.7658236026764 16.4325771927834 47.4777335524559 6.14060431718826 2.69879341125488 0 0 8.81821197271347 42.9925137162209 82.3369175493717 3.59816133975983 0 0.89745569229126 49.498633056879 6.8327701985836 24.7092492580414 1.81654208898544 8.898935765028 1.28189831972122 9.68040397763252 3.89375358819962 0 71.8218770623207 35.5818725526333 12.7409891486168 28.3443836569786 2.23435294628143 35.4483306109905 47.92809009552 128.781852066517 61.5139352679253 19.4678682684898 97.6029608845711 303.997376561165 78.4114048779011 13.1513439714909 21.7004839479923 3.85533428192139 0 3.64695107936859 20.1892332434654 0
0 0 0 0 0 2.95750331878662 0 0 0 3.46721863746643 0 635.993019104004 0 0 0 0 0 0 0 2.9436457157135 0 0 0 0 0 0 0 0 0 0 0 0 0 0 0 0 0 0 0 0 0 0 0 0 0 0 0 0 0 0 0 0 0 0 0 0 0 0 0 0 127.158327162266 0 0 0 0 0 0 0 0 0 0 0 0 0 0 0 0 0 0 0 0 0 0 131.538458436728
