0 116.513117122811 97.5479197183081 82.9341233103497 68.7600659390089 75.4159342365411 31.2665857299356 54.2799340403676 68.3140724981148 75.1203993331281 112.466706443586 105.048155656295 140.881231286474 19.7508174417151 0 83.2365542287775 100.364447840255 147.406592659956 120.863168651095 81.6309146505124 81.2790780675851 70.8139399094002 88.731556115916 74.271271236225 144.255583971053 119.876659041671 116.593615325415 74.2875372397054 21.1954375650725 38.9269223491678 191.582992553711 84.1679830418102 33.0873980929551 54.4343090273629 0 55.7786483991758 92.4362471586617 69.4762678350061 85.5788311908059 55.5242746542177 58.2410315584216 0 119.491592339627 160.031631469727 167.927167827031 158.411804199219 163.082256950561 0 0 147.398191684009 0 179.289610246193 168.794616699219 0 0 138.706601477431 163.142087171691 88.5262954904235 166.132508044299 0 69.4328384399414 0 166.922150782188 0 146.767338408801 163.63338513496 219.233642578125 0 130.410369873047 152.464598254555 108.166458865607 156.162890798026 129.161970507342 0 167.856302084061 161.763949096873 134.851654963856 169.733079784462 139.424030360884 0 0 189.731110240892 171.43783960372 0
116.513117122811 0 44.4090544195319 121.187034606934 0 147.974184323395 111.943976613374 145.583783152175 62.9037516640209 123.932841687949 57.7859496461405 102.40364759842 42.049518307546 128.823393002091 89.6987631789919 65.0894355478149 53.2519708057685 69.7766152823305 58.1754764113241 0 89.1732158873433 27.6671580853122 69.2606451119277 78.010967898806 24.2782961510136 44.8823062709662 30.8886183422159 97.0492238630296 118.756405831161 105.843193772177 67.7823388789802 0 100.349028019922 55.8056869633912 0 64.6334957100506 41.1573577050724 46.7901628621816 61.5017211310874 84.4017005920587 0 52.0420630064311 83.0054604591373 63.366616568381 71.824506313572 77.6672079585901 88.4072359293874 0 0 0 33.5959233741997 63.373472997625 144.178466796875 0 0 136.522496448678 155.054504999547 102.08419381893 156.686391721564 86.4091681193755 0 82.1567393295352 130.961825339584 114.243667602539 103.112146909083 75.6193781558207 94.1864794596776 79.8030495815545 0 103.837626755695 30.2454905710084 84.0478291811014 119.729516123997 42.0299506461896 69.0373651841076 60.5457928931446 137.324179449942 148.316782473947 103.229210853176 119.89983369094 0 0 75.7169685072835 0
97.5479197183081 44.4090544195319 0 125.490629016822 0 134.171155585561 92.9840888403589 118.540664296793 96.8412968899201 122.029990665644 75.8784369068433 142.897403349961 96.5753859859002 113.661200562405 162.685119628906 76.7183646254245 41.7294050029271 85.1245481388314 64.8602521952197 127.648679969304 65.0804745669726 52.9906929606796 34.3514083637267 98.9255387648483 77.2261581070066 28.2030311097892 37.8392583752719 83.5982170653089 107.117064206703 81.3070247616872 99.2358936477186 128.471694946289 117.476204630853 58.1175759095361 0 59.1095181435979 42.3697363270814 48.5848708781301 57.5989400788746 96.136901456497 112.828822206241 97.8139786547669 118.63659564956 98.4437999920909 105.644173452657 110.198215590455 111.058420784176 0 0 164.89331111856 72.6323476138174 99.1125903371893 0 0 0 167.904169313348 177.044482821126 119.734335440296 179.021484375 136.19448715523 0 137.626830743556 185.077568124121 0 111.126695247276 113.973927728348 157.872943353981 121.780113988767 227.655188637465 131.862382451972 71.9617503432884 107.800085474364 149.150749198817 91.2814540530471 112.318532121973 97.5647042094957 152.931113630132 184.206360868426 136.710074576345 141.640895987883 0 128.276760345801 111.426945142977 0
82.9341233103497 121.187034606934 125.490629016822 0 118.900481152771 62.3621111988253 49.4231528585054 96.8535776900955 66.7556646913752 24.1517882479639 171.729052070841 35.3699992181607 0 101.916846075632 70.2391197142829 97.3929354676404 0 0 194.880874633789 11.7051672886592 99.4520139558712 90.3238480132888 140.768518227419 33.4074450283928 0 169.455779556621 179.401420216368 17.6726885566481 104.081834330249 109.704353069143 0 138.327352877879 87.8663719124153 104.923589005628 0 93.8242229403357 96.0595169067383 100.590770708787 151.87560880986 75.1732794092971 109.940040369263 0 100.211019792643 0 148.039443969727 0 101.668035265791 0 0 116.323140471487 93.6457519368121 0 20.0584917379217 0 92.8726557412175 128.06148991364 153.905820433827 78.4332452636931 110.02203807211 0 93.8927420472713 0 164.648781492785 0 176.464218139648 0 0 0 25.3497622347237 92.9262084960938 79.4608264477212 0 50.7303794478303 0 139.231063842773 103.922080993652 49.0472142089354 163.576802820736 128.172348066591 0 0 0 148.992721050859 0
68.7600659390089 0 0 118.900481152771 0 16.0793291235122 107.382019916873 15.6868870790177 0 116.655420344619 55.7895493376846 112.116906264236 87.381233215332 44.8880055825308 10.144329040241 0 198.495254516602 93.0737991333008 0 0 179.915618896484 124.560157775879 0 136.359241653017 77.5583267211914 130.345613625236 104.090484619141 130.642988227667 20.1059978103436 0 0 10.1280981388283 150.98942565918 12.9306350820506 0 68.8067116783942 88.4176572875616 36.6770626447405 0 11.0824196355882 14.3164055384852 0 0 0 0 0 0 0 0 0 0 0 0 0 0 0 0 0 0 0 0 0 0 0 0 0 0 0 0 0 0 0 170.532058703989 0 0 0 0 0 0 0 0 0 0 0
75.4159342365411 147.974184323395 134.171155585561 62.3621111988253 16.0793291235122 0 43.3495419992539 26.5210523301374 72.6866302350914 27.6101825141553 82.1788177060566 34.1905582560456 102.623731860964 44.9603833267 21.3893868968622 114.708959664802 149.623090049482 128.667438297398 130.132551485245 47.8131475148763 104.945022334069 96.6362224196054 117.256573573112 67.6433530190355 99.8416315890777 136.152967002666 140.317717752666 60.2774639566147 57.3561868297343 93.5469840523148 0 19.2417075898382 82.6442336301984 31.9210273869231 38.7074922435684 84.6171772434178 105.595276341049 78.5338755491931 130.688066062065 22.0040366904852 22.3648433981067 104.835144042969 99.9372490149605 0 211.143981933594 0 148.081486303429 167.784576416016 0 159.02564557019 236.806350708008 0 162.473412833616 0 142.650520836934 146.301385913443 161.448386338029 99.9382267701579 163.915849104833 0 52.5289564988037 0 181.095637939262 0 150.100269026428 248.952407836914 0 188.030410766602 158.176557014384 191.673968713593 121.911834716797 0 133.108565524877 129.320724487305 0 164.141857506928 146.343087791631 202.022018192097 169.261351322539 0 0 161.896242431546 199.085266113281 0
31.2665857299356 111.943976613374 92.9840888403589 49.4231528585054 107.382019916873 43.3495419992539 0 53.9565783952169 57.5941097082212 27.850413211398 124.185326925271 55.7082838952945 155.9047835745 40.8291281201411 64.9694452625583 74.4457621077932 103.974325678787 138.780890319961 125.512944269383 40.5093411419857 70.7923328793498 71.134491457998 81.0618792588112 53.8888655822361 158.407531908357 117.031784131288 108.058074460126 37.4623724333705 60.4505990911729 28.5037164163583 163.805423810253 110.756187457022 64.3237071674375 71.8548196867089 0 68.7061453214998 88.4046148452454 78.1863644533349 94.0686312072926 64.846664884843 83.5175730267978 116.679059410079 113.901551322476 165.603026683291 159.936369581402 157.83810844536 129.656894555447 165.956081442249 0 140.799757166805 154.215012143298 165.508945459761 146.047123419073 0 158.371317992327 134.745973066798 147.507027133922 85.3474418083897 143.82125787477 178.72981262207 137.324386294268 0 159.312352339558 123.518173217773 134.064912137275 190.585403312526 0 185.829253757196 137.775301828695 146.134223552426 104.385399838697 164.46389563691 117.126977980058 176.659637451172 184.404138029785 160.660600458993 130.072215542227 161.733357187945 138.636696475358 0 205.282989501953 162.423716494027 150.087176459074 0
54.2799340403676 145.583783152175 118.540664296793 96.8535776900955 15.6868870790177 26.5210523301374 53.9565783952169 0 79.2437954261067 35.3010994217653 76.5072820575779 69.5722093383267 99.8373898985044 24.2684741437762 33.6581553181806 116.370545771346 122.158594329863 110.718144460819 121.210647096581 81.8667751936724 102.115450105327 96.3701980530916 110.74036579514 78.6078085612629 111.790508694915 129.039640788592 136.561240764309 80.9622469888809 40.1602040281663 77.3492623368977 121.407625165069 27.2898166083929 83.2113322809718 36.7411590452973 0 80.045098665239 103.308754263549 74.2532924821488 125.278884803751 31.9297724860335 27.9140727498478 71.789937585596 124.692722816192 172.853897094727 185.959648597052 0 146.637059528509 179.934234619141 0 180.853740241323 211.223846435547 188.761457442511 169.934091695343 244.397323608398 186.646824614196 151.556859587202 166.294388150777 109.499899879128 164.669849527127 0 137.131829958253 0 179.783623263281 174.195526123047 166.605370745389 202.103469848633 0 214.898452758789 163.072210692956 177.951834598626 168.701418536058 186.134693095858 137.224004092765 0 224.949394213263 191.36842504657 147.313359338288 179.084088821471 161.602152129463 0 0 167.273452758789 188.793473692815 0
68.3140724981148 62.9037516640209 96.8412968899201 66.7556646913752 0 72.6866302350914 57.5941097082212 79.2437954261067 0 68.7403756142064 128.267529476062 26.1092994839563 106.888615704183 82.020487688381 16.2693190863963 47.8008300178913 114.739123750465 134.590488641849 127.266156897844 57.3300073943339 78.7311108889796 23.6429199341571 92.7632554585667 24.8968803627029 93.403621073093 114.026181789216 91.261282704348 53.2385947874119 80.7125953108117 62.5792303865816 167.362618847275 118.318106363411 66.6783739986757 80.0399477100867 0 56.815608877647 100.812456474388 82.7222690080614 91.6720891243555 22.09634561154 88.0893265867262 130.120407104492 75.2416529242573 129.261047404397 113.508248439383 111.48957824707 44.6891128324211 106.258194801766 0 97.927964642908 90.0476455688477 136.624905072443 90.5252840765573 0 98.7074243240112 87.0716323479879 103.267644389755 28.78553955306 93.5261076926889 167.753053931864 80.0829845267978 0 103.347901181386 51.8615646362305 97.7741189902969 151.674229183927 0 162.2185602417 86.6290523063192 104.317006205134 56.9370261458408 119.416981946936 60.1517322350169 132.471038818359 162.197958757612 144.439547944688 81.9698647557183 108.504742972073 94.8880130551552 0 0 124.150192677226 116.671364029653 0
75.1203993331281 123.932841687949 122.029990665644 24.1517882479639 116.655420344619 27.6101825141553 27.850413211398 35.3010994217653 68.7403756142064 0 152.359238404323 28.5535704960958 161.845645316813 68.5966779391154 61.1795683311027 101.513752207715 134.527238835704 162.677807678776 170.228491315795 14.482495693825 100.748181594499 96.9261060902425 112.964823339499 60.2131861335968 160.933466761533 151.416338081712 139.564272488501 35.7621621099057 93.0243895952213 91.6587591330814 0 125.600192171976 84.8962042699665 91.7610871519566 27.0852655141279 87.0335794653045 118.179438112762 89.9075650069763 94.0350427332381 71.0261186347646 93.3669972441198 126.794525146484 102.318318188998 0 194.195688559357 172.952056884766 119.098120227856 188.391357421875 0 150.610229105616 0 159.905685424805 156.750191290557 0 167.641692956012 148.837715159759 159.822655431837 102.165612228224 155.833961701214 0 68.1243753230785 0 173.49282264083 134.029024894044 161.617651101425 183.061141967773 0 0 151.101961080412 173.907667521474 152.955600325104 193.580657958984 131.276541225142 0 0 190.892395339516 145.682498058435 189.474185965539 150.153272155242 0 0 160.057433399742 172.950285224545 0
112.466706443586 57.7859496461405 75.8784369068433 171.729052070841 55.7895493376846 82.1788177060566 124.185326925271 76.5072820575779 128.267529476062 152.359238404323 0 143.36426104948 25.9021075760594 81.8858148393173 91.5444412231445 119.098875758332 53.027550862039 20.8414352981765 25.8153989003317 153.190672023491 100.255785610087 94.1380129136736 85.2292870905876 144.701037911697 31.3110708435432 32.5574508161886 52.2506431265052 20.0483359240301 71.3424970816516 105.357016242536 29.6851602663706 67.8557917302136 93.5408549325784 23.1904092232752 0 70.9870762844193 22.545015953402 20.6419029002048 48.1088694577194 62.4973634133393 46.8859882909733 20.7299192826883 137.25733886421 94.5008466463904 105.375316273729 139.153180944428 0 0 75.0237636123217 183.608093261719 91.7846858843449 132.674323259368 0 0 0 191.572936096448 140.637498471352 0 0 86.5930374076159 198.019134521484 72.4767320969587 214.039978027344 0 174.139016688916 128.711672363098 97.0450626519999 102.652274526797 0 157.669080500135 132.137012740794 155.690788110288 197.915563483767 60.2150474581007 90.8778460183785 98.5138203358565 219.242280804265 243.953918457031 154.565190226493 97.2373879374029 0 0 104.662062622286 0
105.048155656295 102.40364759842 142.897403349961 35.3699992181607 112.116906264236 34.1905582560456 55.7082838952945 69.5722093383267 26.1092994839563 28.5535704960958 143.36426104948 0 179.223872067427 86.4014469849439 14.6873227758059 109.47883605957 153.112915235096 143.806976318359 159.620894194647 13.1734311304559 171.874028660169 59.0878506585034 130.914425622314 32.7319855920227 111.515517284509 144.580829817056 121.339361546417 44.3300027812539 98.0149579651137 128.035917894526 171.771741038125 116.559231513944 93.120397495066 92.9621815952208 10.3361882296351 82.4665073119973 124.590333528608 98.4573570188487 0 18.9033780162576 93.4799029281845 0 68.2079919380884 0 184.38312537123 0 97.6467390989092 0 0 0 0 0 150.011521297791 0 148.013369845651 136.913224853694 150.515176707868 122.593182797862 154.386605000987 0 13.3540461793636 0 160.601616395184 0 0 0 0 0 140.406390080827 138.50341796875 195.647079467773 0 112.272416998063 0 0 0 133.668581818697 211.541592540354 153.29670715332 0 0 0 175.53630065918 0
140.881231286474 42.049518307546 96.5753859859002 0 87.381233215332 102.623731860964 155.9047835745 99.8373898985044 106.888615704183 161.845645316813 25.9021075760594 179.223872067427 0 111.29606799918 0 130.958905124483 80.2332944807209 48.1737004048699 58.8469131052289 0 130.997217037179 80.3552984892573 100.370859524045 134.060233435065 17.4290873021568 34.9652399133419 31.0456237920462 114.947807313759 82.1672914924867 133.800082452135 11.9556282422668 80.6297407772683 0 48.0814859983807 0 70.2258675722213 15.2397048675159 37.8449543566481 43.515687450357 101.018847264738 68.662798048083 11.7283921396254 135.060836427021 83.1668268889348 95.1199738944397 121.188926696777 0 0 54.4904955210044 0 52.0857029304034 134.832891162449 0 0 0 155.082366943359 0 0 247.365753173828 75.9971157233532 0 62.7717098474603 111.537139892578 0 0 106.781776550637 83.9974295743814 88.1348491115343 0 178.617263793945 124.803520885717 150.075602038907 0 50.2905556303558 81.5151433545778 83.4503654636913 0 0 169.749427648473 89.1097984785989 0 0 89.9168755476437 0
19.7508174417151 128.823393002091 113.661200562405 101.916846075632 44.8880055825308 44.9603833267 40.8291281201411 24.2684741437762 82.020487688381 68.5966779391154 81.8858148393173 86.4014469849439 111.29606799918 0 46.475178665131 101.037644700967 117.641822490218 128.615184606211 126.501369197939 92.4811639076065 95.810571117791 88.5470046970469 105.361916648629 85.4381134753459 138.897596714748 129.276445538969 134.39624999067 86.2239162846488 31.8693983128275 68.5155725105164 123.093256478395 24.6312098610824 65.4921422469091 50.9506065119127 0 70.3837608017948 103.219080146969 69.3848907992481 110.706096813945 35.1924717442719 41.8605904033278 0 144.93891586952 0 180.25745053371 149.885025024414 160.90368461681 182.503753662109 0 162.488882204691 185.48860716197 196.034461755975 168.730282427354 0 172.980439554308 156.26214247382 173.228101283222 115.448502476137 166.43150671174 213.622160295709 149.038259719497 191.007595638015 185.709657157392 0 156.187140937184 204.38153185206 206.065536499023 200.637396505701 153.950905028441 158.954508258318 121.274361979797 175.826643443547 143.067425293405 158.346859299966 181.287756704887 183.541456983477 150.60569709668 177.229412230975 161.514689058574 0 0 169.714025832476 171.979699333928 0
0 89.6987631789919 162.685119628906 70.2391197142829 10.144329040241 21.3893868968622 64.9694452625583 33.6581553181806 16.2693190863963 61.1795683311027 91.5444412231445 14.6873227758059 0 46.475178665131 0 94.9999423112365 0 153.290557861328 0 50.1579010498515 0 52.6076831603354 148.242523193359 31.5957367799896 118.341079711914 133.77310011911 115.075530961407 65.5129555681142 78.9228526162568 76.3249897009918 0 58.7963208072333 76.2614440917969 86.5124809551836 0 57.7720288371465 120.70629119873 81.2177734375 0 8.57298964543509 53.7555553686755 0 0 0 0 0 0 0 0 0 0 0 129.697326660156 0 0 132.132189708407 0 0 0 0 0 0 0 0 180.621032714844 0 0 0 0 0 0 0 186.85270690918 0 0 0 107.845660253694 0 0 0 0 0 0 0
83.2365542287775 65.0894355478149 76.7183646254245 97.3929354676404 0 114.708959664802 74.4457621077932 116.370545771346 47.8008300178913 101.513752207715 119.098875758332 109.47883605957 130.958905124483 101.037644700967 94.9999423112365 0 102.091850046843 141.371154082173 113.5892881604 120.415115356445 20.5525676670633 32.759771955978 18.0665094409028 36.1387322022576 101.33591328555 105.017900012892 30.9076280278996 33.188504839522 79.0888150726978 67.5311494225443 128.560384290599 128.521423339844 64.9023332116219 63.0225465446388 0 63.2829429112984 46.6058069518638 66.6900495750098 71.1175441123468 71.7644929846239 91.0461523443018 90.5774459838867 113.238979734733 98.8424010135361 108.482806809217 106.874260925109 130.138280062491 130.515716552734 0 123.215054792765 105.351529443571 117.014292466472 0 0 0 135.894318424204 174.336898318167 77.0909592732663 187.620269775391 0 0 0 153.197955089294 0 68.452526659015 153.739643254673 159.688766479492 154.605833485831 128.456771850586 110.969963802524 64.0318357837128 101.003892169943 102.396820676638 158.844985961914 161.378899373258 100.055707062032 115.920434281562 131.472257401273 112.119643837492 0 0 112.753250463656 112.287439169467 0
100.364447840255 53.2519708057685 41.7294050029271 0 198.495254516602 149.623090049482 103.974325678787 122.158594329863 114.739123750465 134.527238835704 53.027550862039 153.112915235096 80.2332944807209 117.641822490218 0 102.091850046843 0 57.9102672943183 25.5514591233544 0 53.7888903081219 76.4184024402049 32.6257905204171 121.636696298653 68.2005878152184 35.3061550632174 62.8627321719055 102.661563755242 101.060145694274 71.5390179782788 89.3197185102124 115.234467425483 95.0450584627756 39.7024280841648 0 68.5273134040236 46.7216928978753 43.9361630846902 59.7371417964185 99.5064617334868 91.3403955393823 77.3093629330269 133.195216072231 104.664717591966 115.420196788383 127.911685172153 0 0 0 181.366943359375 76.3666613483179 107.483968147912 0 0 0 178.474305842568 192.355301796671 157.261526478145 0 128.914872274342 0 103.675038997267 178.579450242765 0 136.162094779777 117.280911222474 123.652324929487 119.290739512696 0 162.520068183301 101.932792354231 133.47258720006 161.375280078852 83.0789330562273 108.268838092321 107.330047077179 180.318312017878 207.30784957741 160.83664684266 161.294535809584 0 217.411666809476 118.36053322146 0
147.406592659956 69.7766152823305 85.1245481388314 0 93.0737991333008 128.667438297398 138.780890319961 110.718144460819 134.590488641849 162.677807678776 20.8414352981765 143.806976318359 48.1737004048699 128.615184606211 153.290557861328 141.371154082173 57.9102672943183 0 18.0137077445043 0 110.79107228271 101.189116232712 96.8169974664671 166.037591491081 45.5453111832578 28.6947967477827 61.9048690698176 143.849051637664 116.176957177307 125.608560634218 50.3507610206584 94.9941505659907 144.253210564606 57.6667314760203 0 85.2947358847331 49.849481427138 50.9916326262661 70.0729480369605 90.9300706176225 77.751419316864 57.1717097668214 144.360663116607 99.516876228345 109.16091666307 139.439833747142 157.160400390625 0 85.7628057216494 191.051086425781 128.208124610471 134.699824001664 0 0 0 209.291869528972 0 202.734036867925 0 101.013205873923 0 83.1312823358216 0 0 166.851989746094 133.074433697194 107.17691216423 108.92114074781 0 173.277712400786 118.757270812988 157.221470313495 227.946746826172 70.1768643596282 103.006433807723 107.596890210606 216.109258206303 144.311639222591 0 106.081236507155 0 0 115.06707798994 0
120.863168651095 58.1754764113241 64.8602521952197 194.880874633789 0 130.132551485245 125.512944269383 121.210647096581 127.266156897844 170.228491315795 25.8153989003317 159.620894194647 58.8469131052289 126.501369197939 0 113.5892881604 25.5514591233544 18.0137077445043 0 0 93.2257223194392 94.9500416682696 73.1627715052038 134.547618573932 49.58526856321 28.5692453884758 64.080880291697 119.399312921844 115.982779584917 99.4050311023546 62.7473898388974 97.2761773007516 96.9808081475544 47.5026056889844 0 80.2865052800298 47.5145792741693 46.1713213166876 65.2991369571926 102.601294748179 82.117922554703 66.6116860666772 149.55182888447 108.68988534692 112.324176689312 130.079875147947 0 0 0 0 91.3862431072587 120.623858912204 0 0 0 181.597792240477 165.860229428974 162.094446265379 241.095077514648 110.813283864331 0 87.4378204529914 216.616921991784 0 155.137291201395 119.010678507109 111.131980174496 112.445046805879 0 151.228779960855 107.369801616915 152.31699421706 172.707336242226 72.1948842754005 105.602641921457 107.629420607732 171.028578354546 148.896789550781 158.503062660415 117.844880307259 0 0 118.33572454924 0
81.6309146505124 0 127.648679969304 11.7051672886592 0 47.8131475148763 40.5093411419857 81.8667751936724 57.3300073943339 14.482495693825 153.190672023491 13.1734311304559 0 92.4811639076065 50.1579010498515 120.415115356445 0 0 0 0 119.988438437015 76.6266916785225 121.646635640349 28.6178470987636 145.010696411133 138.542694091797 132.259236681339 26.5663336096767 102.776177984149 106.542584949504 0 114.864205268497 87.0785917370271 103.390333743016 31.14760880455 90.3136665002433 0 89.7277377427636 105.490661295217 59.8312030106694 104.00445363565 0 100.87749899286 0 218.607894897461 0 110.470550288231 0 0 0 0 0 154.153808355501 0 154.187345514024 140.773670981156 190.723127175757 97.0115545907643 162.249212935587 0 20.4119842799566 0 180.015679220305 0 0 0 0 0 152.250397249558 0 0 0 127.732416853779 0 0 0 140.934599018298 182.124450683594 174.764835617013 0 0 150.502990722656 160.8072822905 0
81.2790780675851 89.1732158873433 65.0804745669726 99.4520139558712 179.915618896484 104.945022334069 70.7923328793498 102.115450105327 78.7311108889796 100.748181594499 100.255785610087 171.874028660169 130.997217037179 95.810571117791 0 20.5525676670633 53.7888903081219 110.79107228271 93.2257223194392 119.988438437015 0 55.182434010322 33.5271027811178 45.5097245728134 115.824625890037 90.863424973342 71.3650404981891 28.6675602397793 83.0865343084859 34.4177901378045 159.191443682001 154.604934164321 73.0052004318795 45.4983414521314 0 64.1413448442981 55.7704435809561 61.4070389597349 67.9604361527048 74.2341329362518 86.1935430270784 74.8984227477193 127.384655947507 104.712847504676 137.524275366507 141.421198984323 146.756494664141 0 0 127.640688700842 151.248218978346 139.983443266678 0 0 0 147.430933019513 147.992590828768 102.564656189472 185.552198363724 156.054952081626 0 167.850885216762 156.221721247303 0 56.2582858173037 146.655714893441 172.303680419922 159.992036485619 0 126.372953627669 79.5433155902001 121.75355424357 117.029584542646 0 155.729600102051 133.051605629896 130.933591272796 144.438858501509 128.821016797037 0 0 128.186663700225 134.797996436333 0
70.8139399094002 27.6671580853122 52.9906929606796 90.3238480132888 124.560157775879 96.6362224196054 71.134491457998 96.3701980530916 23.6429199341571 96.9261060902425 94.1380129136736 59.0878506585034 80.3552984892573 88.5470046970469 52.6076831603354 32.759771955978 76.4184024402049 101.189116232712 94.9500416682696 76.6266916785225 55.182434010322 0 49.8542372206102 32.6590878130368 62.3800338524005 81.3636019273369 42.0748861506302 55.7292534116373 74.0527532338752 59.1577630256296 106.626223158511 0 60.4311318321978 56.9900047412742 0 56.2753344932838 45.705125598321 51.8300956993083 57.4771870066273 54.5264634032808 84.2738394812926 93.1894555875359 71.7324170056887 53.0933009611619 69.0131391192718 72.325613683826 105.916430312903 0 162.249420166016 91.6136745545102 73.146398008409 76.4857086117537 145.72477722168 0 0 101.92357553808 122.276677308147 49.552553198208 132.805384839385 133.392992113531 89.6332931518555 121.937459884672 108.889865725382 125.640846252441 55.7580950493741 107.425397361891 149.440660458133 120.04853314821 190.161041259766 80.4584259697751 15.3366472308852 66.6237708475936 70.32342894291 63.9468994140625 122.227959596826 63.4550885882578 85.4779713615527 107.543360714864 84.1806267609563 0 0 91.3262428136537 86.0951740791068 0
88.731556115916 69.2606451119277 34.3514083637267 140.768518227419 0 117.256573573112 81.0618792588112 110.74036579514 92.7632554585667 112.964823339499 85.2292870905876 130.914425622314 100.370859524045 105.361916648629 148.242523193359 18.0665094409028 32.6257905204171 96.8169974664671 73.1627715052038 121.646635640349 33.5271027811178 49.8542372206102 0 69.1252076541784 102.183126892199 70.078920996205 43.4356075953636 52.959504965027 91.9081796167454 56.0629763269832 122.077066172049 151.200399477655 83.636894154949 49.4021859307592 0 60.0695379271852 44.496051769696 53.3961536354596 59.7940123125307 81.220400862768 86.6306798234919 110.638583351259 117.898755245333 99.4705668690693 113.738350358846 112.840428331 120.396240539053 0 0 156.395527215608 96.794022942551 114.12434599078 177.966697864719 0 189.662565907597 152.111672447226 178.846259709701 122.204435526531 173.731593467629 148.237759227457 0 163.324543791583 171.771784252606 0 97.4705614977671 134.608137000895 170.169975277673 151.083108685501 0 124.390237939976 65.9535027815342 108.691089646067 129.544877023148 121.292522629552 143.333631163843 108.424165345421 138.135926630649 158.016810153416 131.591150337201 0 0 147.821755885161 123.72630496364 0
74.271271236225 78.010967898806 98.9255387648483 33.4074450283928 136.359241653017 67.6433530190355 53.8888655822361 78.6078085612629 24.8968803627029 60.2131861335968 144.701037911697 32.7319855920227 134.060233435065 85.4381134753459 31.5957367799896 36.1387322022576 121.636696298653 166.037591491081 134.547618573932 28.6178470987636 45.5097245728134 32.6590878130368 69.1252076541784 0 112.186121978019 127.232146811762 78.549862304988 18.5921056580752 81.9624842091111 67.9052571698704 138.085586547852 131.821905360419 71.0980081388374 75.5234844093189 0 68.4238794181779 93.7139476767923 82.8233056654861 93.878109316405 35.714127125865 92.5872318857433 118.522674712388 95.3531766781943 164.078392201107 129.644902979829 140.772426658136 95.0414328384204 144.022645498551 0 122.194660998367 142.658241454476 155.060579596188 68.4594459565193 0 128.974761901513 115.010751637116 130.754920813648 67.196176848837 121.649351508895 191.086898654652 109.235824594083 161.818784636992 136.648197131172 102.902327409743 113.910775052607 170.322247801754 0 201.192061853761 47.0949339944373 124.693510377606 82.1670755095247 132.001304931313 80.667183207093 0 167.740767491805 143.611500797665 109.834396892802 142.332145392476 120.276787151672 0 183.639921710266 129.192932250223 129.676721795845 0
144.255583971053 24.2782961510136 77.2261581070066 0 77.5583267211914 99.8416315890777 158.407531908357 111.790508694915 93.403621073093 160.933466761533 31.3110708435432 111.515517284509 17.4290873021568 138.897596714748 118.341079711914 101.33591328555 68.2005878152184 45.5453111832578 49.58526856321 145.010696411133 115.824625890037 62.3800338524005 102.183126892199 112.186121978019 0 40.6168021273572 30.5040809258662 127.001671996071 109.945393550565 123.128782383383 43.8853388119106 95.1827239990234 0 54.6516236161451 0 79.273648127569 18.7906482024408 45.3973206423208 59.9739918242716 102.642084523301 60.8579330444336 13.018125797595 96.5301431774394 62.9607097160948 74.1821340952018 84.178226451276 126.585452154036 0 47.0220413208008 0 45.160652730532 94.6609332838746 0 0 0 155.99865276813 165.242346074891 0 169.496757433082 63.1658366676591 0 46.6616994023648 183.079833984375 0 105.048706054688 85.8578865205131 70.8340173061784 72.5646563645842 0 119.600788423173 67.7677364286614 109.204947491815 127.249011619914 30.386455151514 64.890040189362 60.8507805304475 146.140425527449 117.033218383789 138.839306395461 75.9714862790304 114.522155761719 0 68.581457846919 0
119.876659041671 44.8823062709662 28.2030311097892 169.455779556621 130.345613625236 136.152967002666 117.031784131288 129.039640788592 114.026181789216 151.416338081712 32.5574508161886 144.580829817056 34.9652399133419 129.276445538969 133.77310011911 105.017900012892 35.3061550632174 28.6947967477827 28.5692453884758 138.542694091797 90.863424973342 81.3636019273369 70.078920996205 127.232146811762 40.6168021273572 0 35.7575675836388 116.158900753908 118.853212409744 105.90191674117 22.7070543905578 132.036063826679 119.30675679213 55.0557848373358 0 74.462237035897 44.8840412168462 49.4052005870519 66.2335786496907 103.068458561958 90.5068601727038 65.7160416542716 120.524374221062 94.6636838160498 102.495972245439 115.46723004547 135.334516641314 0 86.14100612235 156.479897365478 65.5695255289705 100.928043849188 0 0 0 178.597483235223 183.043064408806 135.199103038346 212.482563436689 96.7292138211681 0 81.9412319484739 186.570563764905 177.931121826172 138.130020698478 105.324665379021 106.560208828339 102.745418471516 0 157.007938433302 111.200640427627 131.798098761927 157.543001858207 65.7760366242828 94.8754747111643 94.6435783492443 178.713691343445 172.950986421387 152.912431566782 107.357205800897 145.273971557617 159.280961439366 104.260148713883 0
116.593615325415 30.8886183422159 37.8392583752719 179.401420216368 104.090484619141 140.317717752666 108.058074460126 136.561240764309 91.261282704348 139.564272488501 52.2506431265052 121.339361546417 31.0456237920462 134.39624999067 115.075530961407 30.9076280278996 62.8627321719055 61.9048690698176 64.080880291697 132.259236681339 71.3650404981891 42.0748861506302 43.4356075953636 78.549862304988 30.5040809258662 35.7575675836388 0 73.599291363969 116.635540953246 99.8176180005641 24.81633131714 111.875785859875 106.305584323247 63.1305343877697 0 65.7906101876866 48.2306363291615 55.7002116113413 65.2613658529074 98.8807252563874 87.532152828787 68.2460416793194 112.714798298284 93.2145526495325 100.359107281889 109.2555803382 114.413636816218 225.096318210117 71.5642350023537 162.473457214768 65.7584173005405 97.3775192483958 174.737354224274 0 234.654296875 156.291431005339 180.852699974581 128.764973614028 160.844930921957 103.658874029398 176.851196289062 82.9051511703088 176.698525899124 184.560440063477 83.902704990205 108.779302765643 107.96345585985 105.824399706487 0 127.838995306828 60.7035454992504 102.465663178969 130.832391766467 66.1991390072459 96.264190224624 92.8510119810135 139.980210853323 169.157953926918 137.814162910676 113.819468513351 0 146.583947037145 106.88629181457 0
74.2875372397054 97.0492238630296 83.5982170653089 17.6726885566481 130.642988227667 60.2774639566147 37.4623724333705 80.9622469888809 53.2385947874119 35.7621621099057 20.0483359240301 44.3300027812539 114.947807313759 86.2239162846488 65.5129555681142 33.188504839522 102.661563755242 143.849051637664 119.399312921844 26.5663336096767 28.6675602397793 55.7292534116373 52.959504965027 18.5921056580752 127.001671996071 116.158900753908 73.599291363969 0 84.2410487921393 43.5816436498067 140.930099487305 135.540627498344 71.4199286033489 66.7942097085084 0 70.8396557990589 77.6674003415839 79.3235746797335 91.8585984490191 75.1123878057762 100.762149054542 202.400863647461 111.203411402577 132.642741066687 139.149437740029 154.68568146071 119.109082014041 162.17328881286 0 133.117072122703 141.232466241718 156.584227627312 145.728478559491 205.288162231445 152.715919038553 132.1588927217 151.89714352491 83.4429455584704 147.137686212979 194.217652155282 124.588920865957 0 156.788058040456 135.786937003072 115.076121024378 166.977765894707 92.4484939575195 171.035800913441 145.626280523691 131.805229982541 89.0235049389622 137.11831798064 103.220197065319 225.909927301306 189.490438529661 144.401949554717 127.177424103165 152.85863243658 130.264077123643 0 0 135.20313389022 143.905924123054 0
21.1954375650725 118.756405831161 107.117064206703 104.081834330249 20.1059978103436 57.3561868297343 60.4505990911729 40.1602040281663 80.7125953108117 93.0243895952213 71.3424970816516 98.0149579651137 82.1672914924867 31.8693983128275 78.9228526162568 79.0888150726978 101.060145694274 116.176957177307 115.982779584917 102.776177984149 83.0865343084859 74.0527532338752 91.9081796167454 81.9624842091111 109.945393550565 118.853212409744 116.635540953246 84.2410487921393 0 32.0089949435244 130.459669769385 16.7259640267903 19.6536234967856 33.7268681397524 0 57.0626503151258 82.9878807593257 56.5582526659999 94.4428571368807 42.0168788104743 31.1794041485247 81.9157820551886 150.143468128197 155.151666575527 175.331097192805 0 154.107758051281 157.372370548237 0 159.682672580696 172.676539950324 185.593973807085 184.159904412144 0 157.240112304688 155.702789513422 177.642895834237 112.067432469319 171.539388168801 233.843170322797 122.527485952133 113.892127990723 172.539301349545 0 157.913914415967 184.639017761572 171.585861206055 170.423118013998 198.190987588691 145.979357997802 98.8381722130675 160.051862160891 140.875598780995 156.190017700195 178.243623694287 174.168617643732 147.097712163357 176.462840429836 151.270622279474 235.945617675781 0 157.853060652796 171.35180386492 0
38.9269223491678 105.843193772177 81.3070247616872 109.704353069143 0 93.5469840523148 28.5037164163583 77.3492623368977 62.5792303865816 91.6587591330814 105.357016242536 128.035917894526 133.800082452135 68.5155725105164 76.3249897009918 67.5311494225443 71.5390179782788 125.608560634218 99.4050311023546 106.542584949504 34.4177901378045 59.1577630256296 56.0629763269832 67.9052571698704 123.128782383383 105.90191674117 99.8176180005641 43.5816436498067 32.0089949435244 0 139.63763261543 117.237850060546 49.8363423690248 39.4666627114587 0 58.0260248036624 74.2719441800507 65.0630765493617 79.5454861403404 74.5316342588277 88.1710559861891 90.1177760855024 133.091299509187 148.234679803383 151.901117054818 132.274625569793 143.514708607005 155.219264354968 0 138.987232980837 130.358907744719 155.26945936086 144.791910105718 0 200.725550605385 139.631486221322 158.941275603847 91.4437373346905 154.727773662784 199.90167155724 154.01655119438 184.314314551509 161.662908725963 0 115.993861861443 174.60329237968 173.654138915562 171.870444432369 165.301397496466 129.865488955408 91.3038442298851 141.779019084231 119.450467842046 124.030303955078 166.702235865683 149.531502996393 130.344946646353 157.995804942402 136.442510466317 0 212.233123779297 120.611654187004 145.996470042996 0
191.582992553711 67.7823388789802 99.2358936477186 0 0 0 163.805423810253 121.407625165069 167.362618847275 0 29.6851602663706 171.771741038125 11.9556282422668 123.093256478395 0 128.560384290599 89.3197185102124 50.3507610206584 62.7473898388974 0 159.191443682001 106.626223158511 122.077066172049 138.085586547852 43.8853388119106 22.7070543905578 24.81633131714 140.930099487305 130.459669769385 139.63763261543 0 0 0 67.826254036984 0 99.288720919661 55.3106827750694 59.5225655431471 76.6121241572719 96.1515399564013 0 57.2779951694846 142.800194027118 93.8764316031878 110.552351364433 136.355575561523 0 0 150.644104003906 0 108.662142420704 131.000126684496 0 0 164.027954101562 0 156.178436279297 0 0 102.948882424644 0 87.0606099574248 0 0 0 130.815981943619 109.14302564421 114.52520484793 0 0 0 208.043090820312 0 72.5579680877866 103.583725882927 107.476558612114 0 0 0 110.432929634287 0 0 138.975962132942 0
84.1679830418102 0 128.471694946289 138.327352877879 10.1280981388283 19.2417075898382 110.756187457022 27.2898166083929 118.318106363411 125.600192171976 67.8557917302136 116.559231513944 80.6297407772683 24.6312098610824 58.7963208072333 128.521423339844 115.234467425483 94.9941505659907 97.2761773007516 114.864205268497 154.604934164321 0 151.200399477655 131.821905360419 95.1827239990234 132.036063826679 111.875785859875 135.540627498344 16.7259640267903 117.237850060546 0 0 73.3290408050769 19.1580232029442 0 75.8610678201789 95.1180815640649 51.4129483493513 0 39.5881313900359 19.2810703710137 0 0 0 0 0 194.074447631836 0 0 0 0 0 0 0 0 0 0 131.259475708008 218.011108398438 0 0 0 0 0 0 0 0 149.911529541016 0 218.084060668945 0 0 182.524394730689 0 183.291656494141 0 189.23616769911 202.563049316406 0 0 0 203.584091186523 241.925491333008 0
33.0873980929551 100.349028019922 117.476204630853 87.8663719124153 150.98942565918 82.6442336301984 64.3237071674375 83.2113322809718 66.6783739986757 84.8962042699665 93.5408549325784 93.120397495066 0 65.4921422469091 76.2614440917969 64.9023332116219 95.0450584627756 144.253210564606 96.9808081475544 87.0785917370271 73.0052004318795 60.4311318321978 83.636894154949 71.0980081388374 0 119.30675679213 106.305584323247 71.4199286033489 19.6536234967856 49.8363423690248 0 73.3290408050769 0 22.3210458663286 0 41.417538347197 67.102517610265 44.7672337209567 73.6052642114529 39.3518792068913 46.5214127744153 0 139.396272591135 0 135.01250750374 0 105.386711120605 0 0 171.805382111128 0 170.540496826172 0 0 0 145.464217299801 163.195816040039 92.5438436670448 148.401938212068 0 0 0 150.418527291286 0 118.428401929581 150.859634399414 0 212.683715820312 0 126.896644237055 76.2993812506914 134.695471312025 128.993455055838 0 0 151.55070810637 127.844546340263 149.021720499847 134.132931545396 0 0 0 167.28839065728 0
54.4343090273629 55.8056869633912 58.1175759095361 104.923589005628 12.9306350820506 31.9210273869231 71.8548196867089 36.7411590452973 80.0399477100867 91.7610871519566 23.1904092232752 92.9621815952208 48.0814859983807 50.9506065119127 86.5124809551836 63.0225465446388 39.7024280841648 57.6667314760203 47.5026056889844 103.390333743016 45.4983414521314 56.9900047412742 49.4021859307592 75.5234844093189 54.6516236161451 55.0557848373358 63.1305343877697 66.7942097085084 33.7268681397524 39.4666627114587 67.826254036984 19.1580232029442 22.3210458663286 0 0 41.4414796309312 33.4058112922966 23.499130591943 47.6451948591024 38.2502424116612 15.0306700750778 27.9767647994211 127.364875776613 104.020861052678 119.064142473175 125.310381086653 145.561905533624 0 0 158.897945927479 72.530869421707 112.994434685332 189.853506591932 0 163.432388305664 151.75259296668 164.227195905336 114.723736255148 176.978525158783 116.908408674497 189.298845480293 94.9262212172537 161.827491287242 0 105.914543468127 121.448549837546 120.680766858835 120.57149096104 166.222510359927 130.898743361753 82.8199685898727 123.307568146115 128.784997993599 78.5941069256614 112.602216719228 108.884691644931 146.889749497568 166.513691665575 145.337446325313 109.867468628231 0 146.617092997601 125.580343922081 0
0 0 0 0 0 38.7074922435684 0 0 0 27.0852655141279 0 10.3361882296351 0 0 0 0 0 0 0 31.14760880455 0 0 0 0 0 0 0 0 0 0 0 0 0 0 0 0 0 0 0 0 0 0 0 0 0 0 0 0 0 0 0 0 0 0 0 0 0 0 0 0 9.27452430291365 0 0 0 0 0 0 0 0 0 0 0 0 0 0 0 0 0 0 0 0 0 0 13.7356034330941
