0 2.14660966396332 190.159697711468 21.9800814390182 0.384526163339615 84.9363302886486 5225.88898387551 618.194698542356 111.471566170454 215.297936886549 10.1047141551971 14.2809129655361 3.41131392121315 14919.8913739026 3.12212440371513 71.7989501059055 238.39445066452 3.56662526726723 54.6042665839195 25.1797849237919 368.26505330205 46.5587784349918 508.372098058462 223.029803544283 1.43708115816116 93.3720065057278 75.2132053673267 522.124825388193 17537.6350335777 3472.86114791036 0 18.2884274423122 395.523238688707 383.767239779234 22.4666085243225 289.115202963352 6.05862268805504 248.382020920515 61.7346932590008 23.1786038577557 31.3236110210419 0 3.0084480047226 0 0.680026352405548 0 2.84916937351227 0 0 0 0 1.02558481693268 2.77571302652359 0 3.18698400259018 9.93497714400291 6.38473352789879 7.01882314682007 7.59790161252022 0 0.347893267869949 0 3.35031870007515 0 7.47365763783455 0 0 0 2.66234004497528 11.8549902737141 0 4.39213505387306 36.5211687982082 0 0.352340668439865 3.85767233371735 33.5692128837109 1.93105295300484 7.10744145512581 0 0 0 2.92027127742767 4.83010298013687
2.14660966396332 0 597.68050211668 0 0.617502987384796 6.32590085268021 19.7528538107872 13.5592738687992 550.959055662155 4.02429726719856 342.068731069565 1.44544214010239 606.700602680445 17.2846881747246 22.0069893598557 124.804039180279 351.255282491446 76.4218674600124 232.822464287281 1.40170109272003 35.4204204082489 2518.82478913665 145.348197430372 235.627361238003 3813.42294156551 1163.78692787886 8345.77857944369 67.5901362299919 11.8619812130928 27.2324940860271 36.0145725905895 0 1.03600606322289 283.021545410156 9.84830045700073 320.044817656279 205.868742525578 474.675185978413 138.966652750969 21.8422984182835 0 136.490617722273 15.8229321241379 9.90898776054382 21.1562031507492 2.04763412475586 0.554481744766235 0 0 0 133.560396492481 89.4795657396317 0 0 0.696469902992249 3.84817939996719 1.37987506389618 7.19200655817986 0 4.43069362640381 0 8.7309290766716 0 0.411561369895935 4.59165644645691 14.0363653898239 1.83226776123047 12.918520629406 0 4.11567163467407 19.9455823898315 20.5351899862289 7.39792677760124 14.6519862413406 87.9025589823723 344.321685284376 3.61561241745949 0.47656574845314 1.0800407230854 1.44961297512054 0 0 3.55985778570175 2.58557593822479
190.159697711468 597.68050211668 0 13.6441639065742 1.73008716106415 167.636636734009 1522.63627609611 379.877459943295 90.7971073389053 234.616422265768 166.785587072372 7.66446062922478 25.4826098382473 498.029428750277 3.73919504880905 379.509740024805 4850.15614035726 139.136682361364 803.13909471035 11.4983089566231 1016.47654423118 446.127941340208 13949.2359591424 289.036365240812 23.7242166101933 15690.4881122112 11394.7713647187 727.24675732851 264.356245487928 864.444807648659 3.03135353326797 3.58256167173386 41.4397986829281 1240.59564894438 79.9098001122475 2348.82702532411 464.796514838934 2126.7202899456 1033.15947833657 72.3552132546902 25.071450561285 7.43148678541183 101.998649477959 30.5677068829536 72.6429062485695 22.2562152147293 1.70337820053101 5.30982694029808 0 2.22790694236755 131.282473742962 477.091327726841 0 0 1.4906547665596 13.9106891453266 3.62932774424553 10.6817270815372 5.81641787290573 2.94038987159729 0 0 5.23614698648453 1.24693548679352 85.4507473707199 48.3094719648361 5.13022315502167 9.98230004310608 1.46375155448914 29.578603386879 180.170235335827 253.748447179794 42.3433541953564 1.98974758386612 67.3362155854702 1163.65973731875 10.1923329234123 9.48274785280228 14.383416891098 0 0 1.2905929684639 34.2566002607346 32.7838005721569
21.9800814390182 0 13.6441639065742 0 7.09833735227585 294.548644214869 654.236339598894 172.832722365856 550.008132129908 11083.7989531159 1.09846699237823 2504.99325761199 1.00171709060669 183.793791502714 70.3723684549332 17.7214413881302 2.15893369913101 0.551936626434326 0.689278841018677 26423.262581259 14.272045135498 21.1925126314163 40.9713561236858 3136.21042603254 0 7.96862068772316 18.1413768827915 14911.0093894601 101.014022797346 22.9053851366043 0 7.89431443810463 7.59760281443596 50.7472928762436 378.994317173958 150.266877859831 1.72937369346619 68.9455654621124 12.9404049813747 130.035030305386 13.2286977767944 0 0.775339663028717 0 0 0 13.752161860466 0.5758296251297 0 0.727399170398712 0 1.34499895572662 343.337299048901 0 26.71568608284 22.0646063685417 9.8421905040741 73.746068239212 106.775530397892 0 24.2223969101906 0 4.68232804536819 3.69620829820633 1.76034981012344 0 0 0 56.2252815067768 2.7197043299675 2.89540582895279 2.50147971510887 122.533244520426 0 0 4.92613708972931 65.1535894572735 4.58288881182671 1.02757179737091 0 0 2.26721966266632 0 1.63051331043243
0.384526163339615 0.617502987384796 1.73008716106415 7.09833735227585 0 2697.21046477556 12.5418348014355 500.419001996517 52.7366985976696 29.0251276493073 29.3141061067581 49.7870110869408 21.2441071271896 236.517894506454 741.193033248186 0 2.95406055450439 2.70988738536835 3.05275321006775 10.473415941 5.00698119401932 3.80044680833817 3.0675502717495 32.0049577951431 0.531355082988739 5.65226295590401 6.48450702428818 13.5190330445766 305.625583946705 1.81561031937599 0 2524.64105913043 0.496745973825455 1807.27378922701 13.8611931204796 45.2891615629196 9.62715166807175 75.710841357708 28.9504535198212 4307.58683297038 1938.23209369183 10.3192447423935 0 0 0 0 0 0 0 0 0 0 0 0 0 0 0 0 0.343024909496307 0 0 0 0 0 0 0 0 0 0.986691772937775 0 0 0 1.50542560219765 0 0 0 0.727188944816589 0 0 0 0 0 0 1.16310119628906
84.9363302886486 6.32590085268021 167.636636734009 294.548644214869 2697.21046477556 0 3491.46596986055 20667.6131675243 283.066424131393 19532.5142867267 81.8759382963181 4334.81659850478 57.1467840671539 2879.18580237031 4706.42082160711 30.2111836224794 43.0342022776604 7.43406426906586 11.0324358046055 929.47953376174 134.461262881756 17.6463797390461 260.544901520014 435.604110985994 2.71791303157806 53.21205124259 56.7820803523064 905.330413401127 762.126370608807 269.271430402994 0 1414.93899840117 21.3355517089367 1042.39486509562 5766.65665349364 410.728157937527 14.0643767118454 313.294847905636 128.391676992178 7132.78529185057 626.363812744617 24.9600391685963 4.62235578894615 0 0 0.296261131763458 4.25751799345016 0 0 4.63689333200455 3.5192369222641 0.949041306972504 21.0343039631844 0 11.497411519289 15.6484173536301 12.1278075873852 33.8978576958179 68.5093609392643 0 30.3952988982201 0 4.88610422611237 3.67449057102203 2.7842410504818 0.309923708438873 0 0 10.3673597574234 3.1444006562233 3.16679584980011 3.0138096511364 112.538367837667 0 0 6.7898091673851 72.7970853447914 3.53898754715919 3.7984730899334 0 0 0 3.28112381696701 9.24103131890297
5225.88898387551 19.7528538107872 1522.63627609611 654.236339598894 12.5418348014355 3491.46596986055 0 5773.57673880458 1213.11975738406 21962.0232525468 47.7133158445358 278.897033154964 11.0032230913639 11612.290981859 111.042581290007 283.153880417347 354.81634041667 9.65175646543503 59.7468736171722 523.07828181982 2014.302975595 204.120184898376 3261.37039989233 3778.7440007329 9.10522112250328 332.106427788734 519.972247332335 18513.1928252578 2129.51133432984 17300.8082717657 1.97577279806137 62.4749593734741 204.895906060934 854.531014084816 432.160134255886 1546.89542466402 45.7160937786102 867.770416408777 271.07046020031 226.233418434858 133.925026595592 4.26511949300766 17.0154592394829 3.02774262428284 10.6703878045082 0.821093738079071 24.9165942370892 2.19930309057236 0 18.948283046484 1.47047877311707 15.0036368966103 58.9040605723858 0 50.8678874969482 134.55914747715 50.6080361902714 140.024743556976 178.483195275068 0.392729908227921 44.9276534616947 0 35.7297010421753 3.80569487810135 44.5912503302097 2.14661267399788 0.958375811576843 1.67597281932831 35.9625255465508 26.8403411507607 26.6506437063217 44.0967654585838 505.115291565657 0.439742058515549 1.52140283584595 35.4153049588203 291.45652025938 37.1764484941959 45.7303781211376 0 1.77631938457489 3.31972515583038 12.8030848801136 35.7717085182667
618.194698542356 13.5592738687992 379.877459943295 172.832722365856 500.419001996517 20667.6131675243 5773.57673880458 0 256.778120487928 6591.88464081287 224.098232954741 1051.27259793878 159.503979027271 27655.4631820917 416.996580809355 77.501062899828 266.862229526043 22.0766493976116 50.2237633168697 444.123986899853 524.839726507664 100.058417886496 860.381874620914 570.127526849508 18.3107719421387 153.300518989563 150.007251918316 1107.62192419171 2420.56796182692 1386.15580259264 2.12450760602951 1855.46868622303 55.4000697135925 1340.68647481501 467.020199418068 710.700523108244 32.430617660284 527.230156451464 177.382996499538 2194.21217516065 459.617396563292 42.1069576144218 4.90904980897903 0 1.08475655317307 1.23433494567871 3.6133925318718 0 0 5.3858834207058 0 3.08258607983589 9.44266626238823 1.00918531417847 8.88022643327713 38.4008450806141 13.6372953057289 25.0233944952488 39.0737791657448 3.16822791099548 7.73072385787964 0 15.5080482065678 2.07330846786499 10.1466509997845 0 0.659318566322327 0 12.2526428103447 13.8668068945408 8.53910356760025 11.9146572947502 147.234741657972 0 1.38535964488983 8.29906541109085 62.9640299081802 15.0965052247047 16.9878729581833 0 0.296186029911041 1.04645711183548 2.31102246046066 10.8197124302387
111.471566170454 550.959055662155 90.7971073389053 550.008132129908 52.7366985976696 283.066424131393 1213.11975738406 256.778120487928 0 1087.49160504341 59.667194545269 1015.82482406497 91.678519308567 320.984000682831 1001.45670300722 228.81888577342 27.2815008163452 10.5528978705406 8.12601643800735 457.05868947506 145.148145914078 4560.89983028173 226.207225680351 12650.2442849576 339.139360636473 80.6857914030552 516.335762053728 2153.289732337 285.76932311058 417.19305446744 5.07686984539032 12.4888958632946 79.3245397806168 156.734777480364 138.928260028362 506.827354252338 22.5858175158501 177.672070801258 65.0214065015316 986.935640633106 25.3967218399048 12.0012742578983 10.5004920363426 0.794086635112762 4.66357135772705 0.650273442268372 54.3059375286102 0.352888435125351 0 4.6043621301651 2.76279380917549 6.57533782720566 146.626484394073 1.15627908706665 59.1888613402843 87.6410544216633 42.8384469151497 495.114956796169 391.973711878061 0 122.214968442917 0 31.8874940276146 19.8921238183975 27.1660612225533 1.55751916766167 0 0 116.470888853073 50.8248323202133 29.5609947144985 33.1816260814667 603.286273092031 1.91588628292084 1.56404981017113 20.0856909453869 313.635955840349 30.7718513309956 42.8252502977848 0 0.756334066390991 4.25912162661552 7.90269306302071 9.81097716093063
215.297936886549 4.02429726719856 234.616422265768 11083.7989531159 29.0251276493073 19532.5142867267 21962.0232525468 6591.88464081287 1087.49160504341 0 47.8749158978462 9101.31545910239 10.1646664738655 3480.26547251642 213.055342406034 49.7168116569519 55.6185121536255 8.54390704631805 13.3315652012825 14024.6106575429 221.515875458717 37.3402878642082 383.142727196217 1912.43767550588 1.48425731062889 50.1596076786518 102.363969653845 10796.4382508695 801.310665130615 305.048797994852 0 95.1525905430317 51.964084148407 445.047510549426 3171.20463737845 901.491300374269 18.4650648534298 465.168336033821 149.023417979479 405.839656621218 144.298767000437 2.59771794080734 2.65313819050789 0.510435342788696 1.30749261379242 1.26049590110779 31.5816919207573 0 0 4.05835747718811 2.6379411816597 4.29563030600548 110.60337677598 3.73772740364075 58.8990797996521 47.0132953226566 32.138670116663 193.669955253601 293.488603174686 1.0396374464035 93.6106578409672 0 22.6241155266762 14.8764400482178 10.6725692152977 0.560385286808014 0 0 70.6805199384689 9.11052802205086 5.87795689702034 12.6746326684952 402.440678119659 0 0 12.0306803882122 214.710376113653 12.4162717759609 13.4331427812576 0 2.75843930244446 1.25972640514374 3.50971835851669 10.1373630166054
10.1047141551971 342.068731069565 166.785587072372 1.09846699237823 29.3141061067581 81.8759382963181 47.7133158445358 224.098232954741 59.667194545269 47.8749158978462 0 14.4688022434711 17382.6919721961 388.070464462042 3.13304352760315 11.9751199781895 359.59788158536 8925.61194571853 3721.12543660402 5.85411611199379 23.2562964558601 179.208030700684 85.8802419006824 23.6975737214088 4402.96751901507 11069.7002038956 4195.25897163153 22.5139404535294 149.819328427315 29.4640779197216 2473.8298971951 124.946471512318 4.86784592270851 7420.80766987801 14.1781847774982 499.113685756922 3749.01592203975 6500.62614372373 442.428686022758 39.4719852507114 13.974288880825 1854.34255295992 3.51056468486786 15.946634978056 2.24665898084641 0.951290190219879 0 0 2.76896262168884 0 13.9516508579254 4.20629814267159 0 0 1.2255802154541 2.47072303295135 2.09986847639084 1.68953907489777 1.20055615901947 51.995956748724 0 126.162972867489 0 0 1.11792290210724 0 18.8290459513664 8.46768122911453 0 0 2.73225352168083 1.05475229024887 4.5583221912384 89.2476887702942 189.154326081276 154.575564861298 2.30430519580841 0.946048438549042 3.54008501768112 17.6836574673653 0 0 3.56876015663147 1.97642832994461
14.2809129655361 1.44544214010239 7.66446062922478 2504.99325761199 49.7870110869408 4334.81659850478 278.897033154964 1051.27259793878 1015.82482406497 9101.31545910239 14.4688022434711 0 6.73360857367516 579.41892015934 3703.80430483818 4.83945283293724 0 0.426055818796158 0 18974.5478520393 8.25136911869049 27.062282204628 17.3889945447445 1441.48215901852 3.9794542491436 8.20840296149254 10.7394191622734 1307.0619032383 141.817024976015 15.4665322899818 0 45.3061601519585 7.95074489712715 127.85364818573 11433.0785188973 196.362240433693 1.25915837287903 114.042453914881 34.7482558190823 2144.76143035293 36.9146985113621 0.9794921875 3.95308136940002 0 0 0 15.1836761534214 0 0 0 1.34297287464142 1.39038872718811 35.3612217903137 0 19.5147608220577 3.17851391434669 8.81778916716576 37.2508172392845 76.0541608929634 0 574.865302920341 0 0.842583686113358 11.274077475071 1.46595084667206 0 0 0 92.3782740235329 2.23979011178017 0.785721659660339 0.856363356113434 78.3769959509373 0 0 0 40.1273170411587 0.465993344783783 0 0 0 0 1.21701061725616 8.86839175224304
3.41131392121315 606.700602680445 25.4826098382473 1.00171709060669 21.2441071271896 57.1467840671539 11.0032230913639 159.503979027271 91.678519308567 10.1646664738655 17382.6919721961 6.73360857367516 0 116.059085488319 6.16470336914062 7.93245688080788 9.19158539175987 288.464254438877 62.5432872772217 1.87500700354576 5.87315744161606 377.251993238926 14.31001958251 32.2901355326176 9048.49161666632 5335.14909172058 5482.71936652064 7.56089028716087 50.0148323774338 10.6571699380875 4739.06545674801 89.0396404862404 0.663707613945007 2337.02433624864 40.1637235581875 781.473071038723 3732.47118812799 1467.43488192558 445.24420529604 38.944219827652 548.690194964409 3590.21028497815 15.9492647349834 21.4136950969696 51.6302945613861 97.8710343241692 9.76083195209503 32.3841498494148 20.243690431118 0 8.43189090490341 2.36693060398102 0 0 1.15510523319244 0 7.02034336328506 0.486128687858582 0 266.129791468382 1.39524507522583 201.962693572044 2.01210016012192 0 1.17008650302887 3.34859752655029 30.8656084537506 8.36370712518692 0 0 5.62631312012672 0 2.72684061527252 78.5797791779041 183.471134483814 142.362154781818 1.45643600821495 3.20169574022293 1.5805915594101 35.9933857619762 0.822370588779449 0.537554204463959 4.03668606281281 19.5877281725407
14919.8913739026 17.2846881747246 498.029428750277 183.793791502714 236.517894506454 2879.18580237031 11612.290981859 27655.4631820917 320.984000682831 3480.26547251642 388.070464462042 579.41892015934 116.059085488319 0 99.0062160491943 114.705291599035 354.1085947752 26.2404710054398 81.8128511309624 328.411127001047 661.830987513065 106.449419379234 1063.46459826827 660.769317120314 21.9833653718233 229.72018879652 229.78569881618 1368.2790890038 8821.95630171895 2413.70205774903 1.63695114850998 1937.42826071382 170.622317880392 2407.68622711301 215.526817262173 1169.58980089426 64.9460564404726 922.578141748905 197.732371360064 705.424931287766 390.367723613977 45.4673620164394 5.30100202560425 2.19539749622345 7.14572304487228 0 3.33423924446106 0 0 5.82457780838013 0.522229671478271 5.85379213094711 5.59279674291611 0 13.7370163202286 38.7083114683628 11.5133502781391 41.9408740699291 39.5543651580811 0.884187459945679 14.6321397721767 3.20563769340515 14.6584901213646 2.40310621261597 15.7079156041145 0.405691862106323 0.749641835689545 0 3.9593243598938 11.0113582611084 14.0216176211834 15.3181588947773 153.631282478571 0 0.843793988227844 11.078688710928 93.4804712533951 11.3385461568832 15.3854704499245 0 0 1.95728704333305 2.99846136569977 15.916790574789
3.12212440371513 22.0069893598557 3.73919504880905 70.3723684549332 741.193033248186 4706.42082160711 111.042581290007 416.996580809355 1001.45670300722 213.055342406034 3.13304352760315 3703.80430483818 6.16470336914062 99.0062160491943 0 2.40494450926781 3.3766673207283 0 1.62010824680328 134.425648629665 2.88549798727036 116.551304161549 13.8426533043385 691.448472440243 7.89886885881424 3.95113390684128 18.8400314748287 147.359563529491 20.0271570980549 6.954220443964 0 84.1923624575138 1.15248495340347 47.0264924764633 292.179837405682 10.057218849659 1.19151377677917 16.2469249367714 4.76213657855988 15377.8864393234 25.8303954899311 0.399719744920731 0 0 0 0 4.41742950677872 0 0 0 0 0 0.956494629383087 0 1.10952425003052 3.48363199830055 0.918568253517151 10.0477496981621 5.03033828735352 0 5.34477031230927 0 2.17190337181091 3.00547963380814 1.71049439907074 0 0 0 6.87041437625885 0 0.754782855510712 0.531227946281433 18.1950787603855 1.04589104652405 0.805018782615662 0 11.7950432002544 0 0 0 0 0 0 5.77478897571564
71.7989501059055 124.804039180279 379.509740024805 17.7214413881302 0 30.2111836224794 283.153880417347 77.501062899828 228.81888577342 49.7168116569519 11.9751199781895 4.83945283293724 7.93245688080788 114.705291599035 2.40494450926781 0 170.103718876839 12.6923286616802 43.2128503024578 9.90197116136551 14576.5377498567 4389.38811153173 21191.1431176662 2901.14755380154 31.1061922311783 140.966700077057 10448.7602151632 3357.57171618938 262.243608891964 736.430075466633 3.32217755913734 5.90124970674515 119.195967614651 612.629097133875 123.060805022717 2903.22712466121 266.801162272692 950.39003226161 563.954907149076 81.6255353391171 38.5595678985119 0 39.9804291129112 17.8247176408768 11.940215587616 2.1194406747818 2.1820033788681 1.13996195793152 0 6.87113627791405 8.39987540245056 52.7147548794746 0.963003516197205 0 1.88135465979576 13.821829199791 10.6357607543468 35.7695142030716 6.62013417482376 2.47061204910278 0 0 12.9865615963936 0.736303985118866 397.881370723248 5.6715030670166 0 0 1.62271213531494 156.198337674141 254.604408860207 383.604281187057 126.050981879234 0.592098593711853 10.199890434742 229.30050855875 50.5409018099308 20.9683590829372 66.1478215754032 1.10425138473511 0 3.7470098733902 19.0438572764397 24.9824932515621
238.39445066452 351.255282491446 4850.15614035726 2.15893369913101 2.95406055450439 43.0342022776604 354.81634041667 266.862229526043 27.2815008163452 55.6185121536255 359.59788158536 0 9.19158539175987 354.1085947752 3.3766673207283 170.103718876839 0 510.178529143333 8983.57517379522 0.52398407459259 1763.09908890724 144.955182641745 10014.632797271 77.887070864439 27.9031326174736 5239.20466721058 4231.30764970183 234.130866825581 455.625165790319 1286.42771115899 3.62630701065063 6.9334015250206 92.917866140604 2487.28117981553 33.737414509058 697.004288494587 90.8497954905033 1700.41976764798 392.854985892773 37.4501860141754 9.27855613827705 5.46394890546799 16.0426279902458 7.45192447304726 12.2288243174553 2.81555640697479 1.34570908546448 1.00081872940063 0 1.71713376045227 27.1956724524498 56.3946686983109 0 1.59209358692169 0.898980379104614 0.744716048240662 0 7.12694025039673 0.796548366546631 2.63145136833191 0 3.46624475717545 0.361749917268753 0 21.1465143561363 8.67441847920418 0 4.87778127193451 1.07752597332001 0.437336444854736 21.1935418248177 37.4078331589699 7.14077684283257 6.20373076200485 35.123247563839 186.736238718033 2.99250835180283 0 2.32215923070908 0.702115774154663 0 0 1.31027054786682 7.77982342243195
3.56662526726723 76.4218674600124 139.136682361364 0.551936626434326 2.70988738536835 7.43406426906586 9.65175646543503 22.0766493976116 10.5528978705406 8.54390704631805 8925.61194571853 0.426055818796158 288.464254438877 26.2404710054398 0 12.6923286616802 510.178529143333 0 4049.99383157492 2.60551798343658 18.6671416759491 36.2083140611649 66.1788384616375 6.4330986738205 459.990534096956 8728.62612646818 1560.41895550489 2.35782390832901 23.5874567329884 21.2975899279118 144.086313605309 11.3533174991608 3.39690500497818 706.195753604174 2.63724303245544 226.626514434814 454.934574484825 868.868392139673 154.375963896513 3.73915874958038 0 19.9120173156261 0 8.93247419595718 13.1791476011276 2.86119258403778 0 0 1.42862606048584 0 13.4799352288246 7.44797176122665 0 0 0 0 0.444109529256821 0 0 13.3575891554356 0 67.0303449630737 0 0 0.636436641216278 0.383802205324173 16.5462484359741 13.5975637435913 0 1.49714851379395 1.77770113945007 0.826235055923462 0 42.7771474123001 124.413429170847 136.129195868969 0 0 0 9.50971955060959 0.67448753118515 0 0 2.42517733573914
54.6042665839195 232.822464287281 803.13909471035 0.689278841018677 3.05275321006775 11.0324358046055 59.7468736171722 50.2237633168697 8.12601643800735 13.3315652012825 3721.12543660402 0 62.5432872772217 81.8128511309624 1.62010824680328 43.2128503024578 8983.57517379522 4049.99383157492 0 2.17750155925751 145.615934461355 46.4353577196598 524.476103186607 24.5312511324883 195.082681298256 7076.70476430655 2610.48393756151 42.536287933588 87.4018546044827 135.157202422619 27.9154665768147 5.34787228703499 21.2203486561775 1206.75021585822 14.455421179533 395.547743797302 212.343284964561 1159.85915246606 214.24229863286 5.42522633075714 2.89020967483521 5.79738211631775 2.52608495950699 3.84598386287689 9.64906543493271 1.21812331676483 0 1.04899179935455 0 0 22.8347117304802 7.26751703023911 0 0 0 0 0 0.395124167203903 0 10.2891462445259 0 18.9645319581032 0.568569183349609 0 0 3.08994328975677 6.60744035243988 16.4781662225723 0 2.49543178081512 1.20340061187744 5.87794494628906 0.444654315710068 18.1314000189304 132.288616776466 148.437493771315 1.77809202671051 1.51886403560638 0.977735996246338 4.07036739587784 0 0 3.56740593910217 1.19522845745087
25.1797849237919 1.40170109272003 11.4983089566231 26423.262581259 10.473415941 929.47953376174 523.07828181982 444.123986899853 457.05868947506 14024.6106575429 5.85411611199379 18974.5478520393 1.87500700354576 328.411127001047 134.425648629665 9.90197116136551 0.52398407459259 2.60551798343658 2.17750155925751 0 16.0138383507729 9.14137735962868 22.4454679787159 2590.30117255449 0 7.53663295507431 8.71016862988472 5472.32845297456 122.864458560944 21.0721753835678 0 11.9302089512348 11.1099163591862 65.9341383874416 1604.36400949955 127.881543755531 4.13179135322571 58.5984437167645 23.7454908788204 237.422859370708 22.9212419688702 2.5274356007576 0 2.07650876045227 0 0 18.8693915009499 0 0 2.02916836738586 1.20952439308167 0 39.2332892417908 0.755229473114014 30.4173268675804 10.1802244186401 5.60240590572357 74.5562535226345 106.894156366587 0.559258699417114 74.416372269392 0 7.92713233828545 4.57006573677063 2.404461145401 0 0 0 33.8904360830784 0 1.63635393977165 2.85970389842987 116.209845691919 0 0 0.578937828540802 68.492927223444 3.63170045614243 2.91167762875557 0 0 0 0.651845335960388 1.19801354408264
368.26505330205 35.4204204082489 1016.47654423118 14.272045135498 5.00698119401932 134.461262881756 2014.302975595 524.839726507664 145.148145914078 221.515875458717 23.2562964558601 8.25136911869049 5.87315744161606 661.830987513065 2.88549798727036 14576.5377498567 1763.09908890724 18.6671416759491 145.615934461355 16.0138383507729 0 997.614293158054 29908.1963700354 1611.78135856986 15.5743153989315 308.797144204378 935.070286154747 8521.77153006196 926.801455557346 19703.4721360207 0.644269108772278 13.0645059049129 334.745881795883 4580.0898270905 301.493285268545 5954.2427264452 249.312608808279 3063.7954428792 1248.99395862222 188.95590493083 109.975109487772 5.59167891740799 22.5545344352722 6.70694011449814 9.41836950182915 0.505679130554199 8.49282270669937 0.531836807727814 0 12.286868929863 2.18395096063614 31.2217195034027 0 0 2.45384946465492 27.7074551284313 13.3798209130764 48.3523838818073 6.71550917625427 2.31414699554443 0.790312230587006 0 15.7979055345058 0 202.264889657497 1.30979955196381 0 0.956080436706543 1.12656599283218 207.647630184889 128.390530854464 120.837639182806 160.612103909254 0 5.32927972078323 46.8270602226257 79.1652562618256 35.7488052546978 99.9545220136642 0 0 10.3236475586891 3.96069949865341 74.1418281197548
46.5587784349918 2518.82478913665 446.127941340208 21.1925126314163 3.80044680833817 17.6463797390461 204.120184898376 100.058417886496 4560.89983028173 37.3402878642082 179.208030700684 27.062282204628 377.251993238926 106.449419379234 116.551304161549 4389.38811153173 144.955182641745 36.2083140611649 46.4353577196598 9.14137735962868 997.614293158054 0 1913.01635876298 7181.73413234949 1134.79214149714 294.045151501894 5260.91678750515 840.006853640079 173.130470991135 395.796211659908 16.7219221591949 0.823907017707825 61.7900450527668 265.454472392797 50.6844728589058 934.778199315071 179.286909788847 427.176297336817 212.72666785121 151.02247852087 19.6788089871407 70.6223700046539 38.7958867549896 5.82508063316345 9.97422701120377 4.57321637868881 4.2662681043148 2.0572829246521 0 7.85914790630341 10.6675472259521 59.9437091052532 2.19214075803757 0 6.06480810046196 21.1586516797543 6.71458560228348 47.8865349292755 10.3542669713497 1.74166011810303 1.86405217647552 3.95600360631943 9.45042860507965 0.790346384048462 194.234630018473 6.81794738769531 0 0.694185972213745 5.2903887629509 104.43940526247 128.176267921925 184.396064668894 104.7456394732 1.25882017612457 11.8739707171917 188.911543339491 47.4371429681778 13.4938207566738 35.1045125722885 0 0 3.73339778184891 9.88146686553955 11.1450744867325
508.372098058462 145.348197430372 13949.2359591424 40.9713561236858 3.0675502717495 260.544901520014 3261.37039989233 860.381874620914 226.207225680351 383.142727196217 85.8802419006824 17.3889945447445 14.31001958251 1063.46459826827 13.8426533043385 21191.1431176662 10014.632797271 66.1788384616375 524.476103186607 22.4454679787159 29908.1963700354 1913.01635876298 0 1833.90250945091 21.010373800993 2122.94266989827 12212.4316216409 5296.54096898437 989.086089640856 6615.24932649732 3.89145714044571 14.4471106231213 307.773202270269 5490.8968091011 528.755555361509 9108.09230619669 918.548361182213 6092.61418354511 3495.04294604063 451.20372158289 102.395078450441 7.37204962968826 109.979103296995 32.252410531044 71.8831006288528 8.81941747665405 18.2638488709927 2.08994519710541 0 5.29878485202789 30.5946105718613 258.444457888603 1.75743246078491 0 2.65716856718063 39.14909106493 6.37428560853004 26.0135673880577 11.0931368172169 6.27128511667252 2.57316625118256 0 13.0017426013947 0.811968207359314 753.47002518177 26.9520489573479 0 10.777965515852 2.29927968978882 129.53804013133 426.346942126751 939.419836938381 153.346568703651 0.594250798225403 30.3374120891094 1014.96914359927 85.4140214025974 20.5205062627792 49.6039822399616 0 0 2.06090819835663 47.4698659181595 161.995480269194
223.029803544283 235.627361238003 289.036365240812 3136.21042603254 32.0049577951431 435.604110985994 3778.7440007329 570.127526849508 12650.2442849576 1912.43767550588 23.6975737214088 1441.48215901852 32.2901355326176 660.769317120314 691.448472440243 2901.14755380154 77.887070864439 6.4330986738205 24.5312511324883 2590.30117255449 1611.78135856986 7181.73413234949 1833.90250945091 0 125.878596276045 92.4880487024784 1323.25492474437 31317.5129197538 711.261084154248 955.891543626785 4.32030659914017 24.0719021558762 200.360551416874 501.38765373826 270.136685788631 1576.13803908229 48.8217154741287 505.780376702547 172.017220675945 645.543271839619 69.0576812922955 3.79599910974503 71.6720908582211 3.55451393127441 28.8748066425323 0 70.2555769979954 0 0 37.9223375916481 5.04192781448364 21.927861481905 119.992050945759 1.13527011871338 111.036177903414 309.846220970154 147.239938884974 428.733998477459 456.062185674906 2.3306000828743 99.2755582332611 0 126.978309333324 14.5000591278076 113.004846394062 2.42574322223663 0 0.338471174240112 100.295503556728 183.509469032288 93.812481790781 105.781404197216 1336.7566896975 0.940809518098831 5.17718124389648 55.6477378606796 791.084766119719 115.309783607721 125.47992631793 0 1.41257470846176 21.7831098139286 44.2013475596905 37.7034865021706
1.43708115816116 3813.42294156551 23.7242166101933 0 0.531355082988739 2.71791303157806 9.10522112250328 18.3107719421387 339.139360636473 1.48425731062889 4402.96751901507 3.9794542491436 9048.49161666632 21.9833653718233 7.89886885881424 31.1061922311783 27.9031326174736 459.990534096956 195.082681298256 0 15.5743153989315 1134.79214149714 21.010373800993 125.878596276045 0 2141.64090195298 5951.8286383152 20.6647996008396 10.0395117402077 10.5252694189548 459.782410860062 6.91301113367081 3.2113151550293 349.266634315252 0.597939252853394 64.1033281087875 1282.0103354156 489.280115813017 51.6038733720779 19.11561653018 1.25314056873322 1565.95919176936 3.34469157457352 210.844949364662 19.2224100828171 5.16726189851761 0 0 31.4636865258217 0 15.9536924362183 4.43924498558044 0 0 0 0 0 5.24178862571716 0 273.529542773962 0 542.32586824894 0 1.5293847322464 1.19468641281128 5.72990441322327 45.2368126511574 21.8242844343185 0 0 12.1254661679268 0 1.98885941505432 172.558655619621 300.343920052052 285.264584094286 0.879786491394043 0 0 38.8706839680672 0 0 12.5838222503662 0
93.3720065057278 1163.78692787886 15690.4881122112 7.96862068772316 5.65226295590401 53.21205124259 332.106427788734 153.300518989563 80.6857914030552 50.1596076786518 11069.7002038956 8.20840296149254 5335.14909172058 229.72018879652 3.95113390684128 140.966700077057 5239.20466721058 8728.62612646818 7076.70476430655 7.53663295507431 308.797144204378 294.045151501894 2122.94266989827 92.4880487024784 2141.64090195298 0 33042.0824512839 140.636721491814 222.512651890516 345.239832639694 3139.55816069245 14.6968439221382 36.2523714005947 2382.62081938982 50.9588558077812 1632.86557653546 1634.67795404792 3528.78735768795 949.017470091581 31.6034767627716 14.9980405271053 66.5644155144691 33.156439781189 31.0802962779999 69.4863910079002 11.6428421139717 0.678751707077026 0.642873585224152 1.53980755805969 0.866909027099609 137.054387837648 89.4398347139359 0 0 0 2.33740848302841 1.64388811588287 3.35896679759026 2.9728119969368 100.306479841471 0 340.283632487059 1.90669816732407 0 18.473550349474 21.2654042541981 71.9391270577908 129.875064194202 0 1.81059008836746 42.5050390064716 35.650015681982 6.22655200958252 272.63640037179 1106.43272328377 1175.74789348245 8.84792250394821 0.618275761604309 3.40253961086273 68.8479840755463 0 0 43.6021282076836 28.8983165323734
75.2132053673267 8345.77857944369 11394.7713647187 18.1413768827915 6.48450702428818 56.7820803523064 519.972247332335 150.007251918316 516.335762053728 102.363969653845 4195.25897163153 10.7394191622734 5482.71936652064 229.78569881618 18.8400314748287 10448.7602151632 4231.30764970183 1560.41895550489 2610.48393756151 8.71016862988472 935.070286154747 5260.91678750515 12212.4316216409 1323.25492474437 5951.8286383152 33042.0824512839 0 821.510712832212 225.88885012269 462.212325900793 2191.93557873368 16.0927538573742 52.6740969419479 3499.34805306792 249.435167580843 6386.25452023745 2272.51509356499 6190.02943843603 2829.13265457749 234.919572323561 51.1280856430531 79.7299697399139 208.796323537827 98.8073463737965 206.904014647007 28.0250281095505 8.55948662757874 9.62889397144318 2.56117194890976 6.29720824956894 420.758536756039 913.407414913177 0 0 4.85497599840164 32.1123521327972 11.3221917152405 29.5766605138779 12.4602241814137 81.4394556581974 0 171.23882573843 11.1282623112202 0.793945074081421 472.056485831738 101.87111055851 56.9450853466988 114.614953935146 0 71.0571966469288 526.207998692989 946.312142550945 68.8551261126995 203.140054792166 1005.41070768237 3534.10341659188 36.5036152899265 11.4528287649155 29.3499728441238 24.2784928679466 2.29299676418304 0.443785309791565 107.092785358429 111.063680738211
522.124825388193 67.5901362299919 727.24675732851 14911.0093894601 13.5190330445766 905.330413401127 18513.1928252578 1107.62192419171 2153.289732337 10796.4382508695 22.5139404535294 1307.0619032383 7.56089028716087 1368.2790890038 147.359563529491 3357.57171618938 234.130866825581 2.35782390832901 42.536287933588 5472.32845297456 8521.77153006196 840.006853640079 5296.54096898437 31317.5129197538 20.6647996008396 140.636721491814 821.510712832212 0 1428.55644467473 11193.7244767249 0 38.4678474366665 467.311143010855 1379.61684909463 413.498249232769 2811.7234108448 58.7087629437447 1083.42743983865 320.204512417316 244.020798534155 145.759127497673 2.34553754329681 44.0028811097145 5.92913281917572 14.3942364752293 0 38.5906652510166 0.522468686103821 0 28.7925523817539 3.14224174618721 14.1243269145489 141.738464206457 0 68.5825365483761 215.498227715492 82.1520982384682 290.028823167086 303.881787419319 2.34375447034836 94.5804339051247 0 110.174129664898 7.40053731203079 108.799399465322 3.78825131058693 0 1.13138303160667 76.5652176439762 114.374689102173 64.8023451268673 89.6232669055462 903.125315457582 0.805908918380737 1.73421120643616 42.5392946600914 499.091229051352 84.0040157437325 136.488108724356 0 0.372082233428955 19.263379663229 48.9195575118065 29.7410813868046
17537.6350335777 11.8619812130928 264.356245487928 101.014022797346 305.625583946705 762.126370608807 2129.51133432984 2420.56796182692 285.76932311058 801.310665130615 149.819328427315 141.817024976015 50.0148323774338 8821.95630171895 20.0271570980549 262.243608891964 455.625165790319 23.5874567329884 87.4018546044827 122.864458560944 926.801455557346 173.130470991135 989.086089640856 711.261084154248 10.0395117402077 222.512651890516 225.88885012269 1428.55644467473 0 8680.73019021749 2.53753679990768 2404.16834613681 10386.8750450909 3357.92928209901 118.144760578871 1394.30408975482 50.3350227177143 1343.86480545998 234.692710220814 297.211237579584 578.605731755495 13.7876898646355 7.65356779098511 2.19569760560989 5.50819885730743 1.7640056014061 2.91701889038086 1.04405009746552 0 8.91096621751785 1.59161651134491 2.95694071054459 1.92553514242172 0 10.4250748455524 26.1426909267902 12.7324291169643 30.6044267117977 17.1054249703884 0 2.30906981229782 0 9.87471225857735 0 28.7251974642277 1.61958563327789 0 0 0.982829034328461 27.3675309419632 17.6559036970139 28.1744908094406 122.984465450048 1.2566442489624 1.66337966918945 10.1198713183403 64.3284434974194 12.8516764044762 19.1961350739002 0 0 0.97837507724762 6.03453308343887 40.0603486001492
3472.86114791036 27.2324940860271 864.444807648659 22.9053851366043 1.81561031937599 269.271430402994 17300.8082717657 1386.15580259264 417.19305446744 305.048797994852 29.4640779197216 15.4665322899818 10.6571699380875 2413.70205774903 6.954220443964 736.430075466633 1286.42771115899 21.2975899279118 135.157202422619 21.0721753835678 19703.4721360207 395.796211659908 6615.24932649732 955.891543626785 10.5252694189548 345.239832639694 462.212325900793 11193.7244767249 8680.73019021749 0 0 22.152236789465 761.49112278223 3472.29831892252 181.900093451142 2470.41244778037 64.8875772058964 1804.27547198534 536.338032841682 102.836858510971 94.32166659832 3.65457540750504 27.422716408968 1.27150845527649 13.2302930951118 1.28374624252319 6.20100376009941 1.68677332997322 0 10.492344558239 0.70740270614624 11.930800318718 3.52730625867844 0 6.16550612449646 73.1907121837139 17.6795849204063 81.0658749938011 13.4702076017857 0 2.2211839556694 0 27.0443737506866 0 72.2249691188335 1.96575009822845 0 0 0.729476630687714 94.4034288525581 46.8942467272282 58.5740232169628 251.672824859619 0 2.45510786771774 26.6767426133156 182.471313774586 30.6708886623383 60.2044220268726 0 0.316518932580948 11.9906339049339 18.4824090301991 34.7742473483086
0 36.0145725905895 3.03135353326797 0 0 0 1.97577279806137 2.12450760602951 5.07686984539032 0 2473.8298971951 0 4739.06545674801 1.63695114850998 0 3.32217755913734 3.62630701065063 144.086313605309 27.9154665768147 0 0.644269108772278 16.7219221591949 3.89145714044571 4.32030659914017 459.782410860062 3139.55816069245 2191.93557873368 0 2.53753679990768 0 0 0 0.533330857753754 36.4240863323212 0.537439703941345 19.0445974469185 147.806472629309 82.3726155757904 13.4433004558086 2.2004988193512 0 11.875115275383 0 5.60621792078018 0.596164524555206 0 0 0 0 0 2.30523645877838 0.782451927661896 0 0 0 0 0 1.62969040870667 0 6.41332143545151 0 34.8037176132202 0 0 0 0 9.46357023715973 2.64810991287231 0 0 0 1.34738838672638 0 23.238339304924 42.654274225235 46.7415706515312 0 0 0 4.09064891934395 0 0 1.50724649429321 0
18.2884274423122 0 3.58256167173386 7.89431443810463 2524.64105913043 1414.93899840117 62.4749593734741 1855.46868622303 12.4888958632946 95.1525905430317 124.946471512318 45.3061601519585 89.0396404862404 1937.42826071382 84.1923624575138 5.90124970674515 6.9334015250206 11.3533174991608 5.34787228703499 11.9302089512348 13.0645059049129 0.823907017707825 14.4471106231213 24.0719021558762 6.91301113367081 14.6968439221382 16.0927538573742 38.4678474366665 2404.16834613681 22.152236789465 0 0 11.3897897601128 2090.41531094909 37.3488461077213 219.416766554117 35.956375002861 210.155623406172 79.4521009027958 523.152805149555 2975.6105017364 32.238665997982 0.392180621623993 1.00066673755646 0 0 0 0 1.23036205768585 0.370300143957138 0 0 0 0 0 1.2116265296936 0.726115465164185 3.62080845236778 3.47244817018509 1.4406658411026 0 0 0 0 0 0 0 0 0 1.065474152565 0 0 8.07851099967957 0 0.919648885726929 0 4.22673964500427 2.16733920574188 0 0 0 0 0 4.13289988040924
395.523238688707 1.03600606322289 41.4397986829281 7.59760281443596 0.496745973825455 21.3355517089367 204.895906060934 55.4000697135925 79.3245397806168 51.964084148407 4.86784592270851 7.95074489712715 0.663707613945007 170.622317880392 1.15248495340347 119.195967614651 92.917866140604 3.39690500497818 21.2203486561775 11.1099163591862 334.745881795883 61.7900450527668 307.773202270269 200.360551416874 3.2113151550293 36.2523714005947 52.6740969419479 467.311143010855 10386.8750450909 761.49112278223 0.533330857753754 11.3897897601128 0 1346.54771405458 45.0395448505878 583.287081778049 16.686303794384 504.317326873541 61.3999519348145 21.4019146561623 56.641471862793 0 2.60846614837646 0 0 0 0 0 0 0 0 0 0 0 0.876715362071991 3.36698463559151 0.584772527217865 11.9968332052231 5.73710477352142 0 0 0 0.587021112442017 0 5.71706935763359 0 0 0.875238239765167 0.39095351099968 8.92360302805901 7.15898656845093 3.59945172071457 19.2445103824139 0 0.324181765317917 1.21472203731537 12.6357028782368 5.33465629816055 3.33119308948517 0 0 1.19351077079773 0 12.7126030921936
