0 120.212830178262 104.707604687117 98.8013741850696 77.7068862915039 78.2528131135706 25.1086413061954 49.3293861516914 77.3585088896045 80.8599218037794 98.3443546632832 95.958389238864 133.648820020413 13.5898477578163 129.57015556294 92.935543089314 103.224938540393 132.965148777872 126.745099227284 90.6110937347285 88.5260093027672 79.6329189576268 93.9233996500397 84.220583599615 163.456855809604 118.974629555247 121.09134724276 83.6648335967674 15.0177368657273 37.9140940303921 0 93.6411334661095 33.1537047056716 56.7170124707835 130.866351551331 70.398623291233 102.277722374014 74.2267081426902 89.572501681963 75.5929166195989 67.0063962098703 0 149.645350122026 0 229.081207275391 0 160.530049731333 0 0 0 0 177.823272705078 174.557364439719 0 173.965576058244 146.55397101674 171.633996319515 122.586008581899 167.584603024996 0 156.835678100586 0 164.598143198042 0 152.278182567924 0 0 0 181.579338095765 147.217976021834 0 158.319980325084 132.550046641233 0 241.643310546875 156.706315169223 142.789091630005 183.426280831058 159.642553701528 0 0 0 151.092033769722 131.490617341625
120.212830178262 0 43.0931678922723 0 144.913314819336 146.448549612647 134.43370397682 134.324782584054 76.1662272267675 151.343538590482 61.8084004075354 128.069325363303 53.9022486545915 123.106047244147 117.167312077304 63.3627936289882 58.5846732954291 67.4255335444201 56.7386924313028 203.685186707907 101.637349718223 30.5935350930299 71.6459547665941 87.2976711604633 24.8423434478 49.2582142835927 27.14079145905 75.9003730948148 117.787416152625 104.170857245887 65.701240497445 0 123.798850824286 59.36803356195 154.558053644155 79.9349329085462 52.7043094832168 59.0101235991766 66.9362956092502 89.3382136229008 0 51.4275596493493 97.746574095877 56.8680281388851 92.3699862254804 69.6349556043805 157.99755859375 0 0 0 16.1203614712481 64.6908412246501 0 0 205.971908569336 143.611116194769 197.381423950195 115.267823167225 0 90.6288142317681 0 63.8818780734517 0 149.155136108398 92.6824446622074 65.0256730346471 70.6271573244383 81.4893125950171 0 107.732937727138 55.7161466983147 96.9690998684313 124.475446893737 38.9815392148573 71.5642988363495 53.5679471687063 149.844958871953 146.328460693359 101.610616640118 82.0810160301928 0 0 56.485486355618 196.272576381111
104.707604687117 43.0931678922723 0 154.225067063751 150.735397338867 129.475029345258 105.246827548643 128.730720400028 103.172071425104 130.6566024043 80.1008610897537 150.591612038252 96.1145406056096 120.901280828152 135.954087315151 78.496255512338 45.7219533429967 78.6236453560021 62.3063243414073 142.085330436879 72.8761479989193 56.8373714315895 37.3387858993023 105.25240857777 92.466618192229 25.8664869422008 36.5174416705388 100.228612790256 114.372462235503 86.3274285688849 105.694199278585 154.346878269636 106.949408791593 59.9989870624366 147.54288955159 78.1063596468586 49.3356354404087 59.2079862982462 64.8719768500099 88.4996534918758 109.794012994056 99.3371582127417 120.724179235739 108.408127599371 107.557720550565 112.117388713888 175.036596471267 130.173998055671 0 187.093570837814 57.4521560773222 94.5055247470288 0 0 183.098839320905 177.079634311854 183.132548784347 133.516613618667 187.153607615965 138.338879347939 0 0 180.3880748158 183.512069702148 111.320444531661 110.767938960769 134.565535905854 131.342944216832 208.412946494529 134.010426027048 70.696078953024 110.009329860079 161.795212131941 113.2712555545 119.646873007284 86.4138936375124 170.310244642848 165.090051700975 158.242650206634 0 0 231.283714588185 110.538591817301 166.14571617718
98.8013741850696 0 154.225067063751 0 102.339083351178 60.9902121443814 55.7271065556962 97.4950112090871 64.2182945250258 23.2724075110354 167.445220947266 40.6717696756939 146.147552490234 100.254755818673 80.9541489868461 99.8064440998394 157.881639902584 149.081985473633 179.64892578125 14.4974049438401 112.600185194357 90.3113636544189 127.952936890663 31.5897998729325 0 175.283806349868 131.326731190711 19.2080467639547 113.061729520657 104.035027521576 0 132.258991519486 104.12311887045 111.086558155062 47.2313319569361 106.168073534261 123.211269104246 109.923450737779 115.852438707809 76.7555083793078 107.363092211151 0 201.594161987305 0 0 0 112.0082211648 197.887313842773 0 140.384765625 0 157.275314331055 20.3605198593094 0 156.376011358957 146.846752590916 169.451008196789 92.581700628513 151.285811180018 0 115.349709348819 0 174.441038586416 114.578687919824 154.353383862568 0 0 0 95.6848234104739 171.040913750946 134.423895485181 176.748131512575 126.35928699687 0 0 181.388383011031 155.890797375685 177.203074273913 170.106811523438 0 0 170.14665115859 0 188.265906386703
77.7068862915039 144.913314819336 150.735397338867 102.339083351178 0 11.5190998290447 116.449723944497 29.7053516187263 59.9472183964162 121.7617017026 58.9863983722949 54.5617005941735 51.1286201536387 35.2350979564859 19.9936070852479 0 124.741161630409 96.6701511342527 82.8553260374626 106.501785870992 119.17204670694 106.648470127677 135.83423903462 76.1801246483386 76.3684616088867 142.56974845486 126.764352488668 122.742523722439 31.4683330920228 141.507624006619 0 11.4422929817896 65.8123931884766 18.3033941933731 89.1218890858632 70.7068287035675 65.7826981446626 45.1408379654678 44.2195467560382 13.0898079212443 11.3174631103946 55.6964619616958 0 0 0 0 0 0 0 0 0 0 0 0 0 0 0 0 240.467544555664 0 0 0 0 0 0 0 0 0 233.085342407227 0 0 0 178.459208320376 0 0 0 195.189300537109 0 0 0 0 0 0 121.238121032715
78.2528131135706 146.448549612647 129.475029345258 60.9902121443814 11.5190998290447 0 52.3911095117514 24.7212491508341 63.7144946566072 24.4711424473617 83.9532189250014 34.5707364540251 59.3437729761267 47.1069908993302 17.6217370103076 118.685885019252 136.324927200053 143.693531536218 130.767259475101 43.6282151497729 111.865976048473 108.851649262477 121.118264623705 67.3484752029148 152.346525469239 143.481721278079 139.829916511891 73.4875176757403 53.0661249100798 87.1535286121829 0 25.501034981563 96.8539381487239 41.4627817298736 16.580464124654 86.9528895901429 91.7952766961792 72.4314370766615 65.8403375838075 17.8235640446706 29.4965537830488 66.7951314303649 167.120462437506 0 0 230.010772705078 116.745701115224 0 0 163.994361405945 174.686859674881 190.783476389964 161.225547726131 0 155.190755812431 150.096464242789 170.513301324169 101.904411855827 162.50547618352 0 117.509610500264 0 151.243106786081 143.724327826829 164.531137191179 241.108032226562 0 0 146.604917240187 174.058706996654 151.376273369009 204.807358844386 132.08097154799 0 0 183.616668964437 150.879153523935 194.379030919334 157.227343259098 0 0 0 167.502024336068 156.319892702265
25.1086413061954 134.43370397682 105.246827548643 55.7271065556962 116.449723944497 52.3911095117514 0 57.8808419516124 62.5843434416774 26.2487484829208 145.0542707548 70.4962963604824 142.2069230119 37.6436318375587 84.4031787923254 93.2042050099961 114.783052162281 157.418227979585 140.933950398796 51.8863443711944 80.9486809084323 81.9794220838363 92.111779311851 55.3776193911407 163.706692769447 129.422617576449 113.714616999811 41.575511180295 64.0092438589368 27.2476651432898 192.315420311954 124.15762668112 81.1524579799139 91.9922014107188 76.108706350528 93.9908172162095 118.09963197623 97.1023696644744 104.835791163235 83.9044842372369 94.1970558539521 142.317920268956 163.062333699038 144.585277983173 172.599409436622 158.648345947266 146.889072550611 167.126075605553 0 141.975364710603 194.5146484375 169.139046582442 144.141498634774 0 153.265700898284 135.905605483183 159.445759287175 88.7925813190433 154.331892973014 244.392211914062 140.948034635639 0 160.872376680709 143.637381679301 148.567741198234 206.325327050809 224.835510253906 197.583078284867 136.121913136974 147.586711490307 120.846140274265 167.738201748252 120.044166241289 201.084243774414 208.717184961001 160.914960554507 138.002659355863 165.945479213379 146.916738615584 0 189.368011474609 145.913154508208 151.686074958353 173.507064659769
49.3293861516914 134.324782584054 128.730720400028 97.4950112090871 29.7053516187263 24.7212491508341 57.8808419516124 0 87.9148064795443 44.2656493384025 68.5491358928327 75.0387025724187 60.3513619762834 19.5909002851856 45.5361995101146 118.226472129067 126.595167723927 123.62043788257 141.13758644034 75.6825570369764 108.975071715787 106.394019017383 115.845712180519 91.3635008833832 101.555485309156 139.21616530358 137.347164958086 96.3801761138836 41.243884614932 77.5721945489277 157.563475890815 27.9699055705829 87.5693001624948 49.507097308968 64.0117156970984 82.423200668302 85.6354024842004 65.9026071050114 71.8863182008117 30.5051447055012 38.3012795365062 62.4472913775209 162.064455222142 0 195.465181420138 81.4204177856445 174.076613682334 0 0 171.061698433419 0 197.887462335018 159.280042025095 141.185485839844 175.765943051051 167.58746734799 190.229387991294 111.221546596498 175.841116042719 74.1389167260314 165.479635455723 0 179.6391417733 127.706214904785 176.619707682565 0 172.873474121094 0 166.995954081803 166.956160404909 127.405567565841 190.060740935393 145.988136800392 0 159.380340576172 199.511776847693 159.501433315406 179.258928031484 172.207239861227 0 238.799575805664 185.019990358299 231.90040035359 160.144925005369
77.3585088896045 76.1662272267675 103.172071425104 64.2182945250258 59.9472183964162 63.7144946566072 62.5843434416774 87.9148064795443 0 75.3896751047712 139.669400976139 25.4269216142951 131.799654092469 93.1637873731882 27.1191829773262 67.2031331521593 130.919732212058 145.386819024189 141.491328056074 54.6807394940808 88.0892949522524 29.5454770973785 96.1267314998237 24.5255003361018 111.215608234954 131.202376681898 96.5216411121916 62.3925644635462 88.5788808208595 63.6883559964671 139.995715973264 132.947932421614 74.1556532376536 90.9510702459284 51.571445140451 79.7403043150528 100.037291754127 95.2654884054709 99.7621835637635 23.1500267216935 96.8506319854984 136.756674092846 88.2613248594235 125.788124084473 111.561055797858 152.095138549805 51.3185681598685 230.911148071289 0 96.3857523241451 109.836061346653 130.751442719702 91.2285641195353 66.7162551879883 99.8760411132884 90.0524246412609 118.169963791233 25.6425785158412 102.065831134089 0 71.7633771964199 0 124.872078674035 59.3187688480573 87.4564382587149 152.351284884524 0 0 84.943669893776 87.5842824239079 41.7932122845423 117.029019562764 65.4381571537755 154.349581795855 191.781913449087 124.821267787979 91.2488296602113 112.783761866282 81.7738218106182 0 146.042356449766 98.4042454588512 131.089910525442 124.770607962057
80.8599218037794 151.343538590482 130.6566024043 23.2724075110354 121.7617017026 24.4711424473617 26.2487484829208 44.2656493384025 75.3896751047712 0 143.179385948704 24.6605653192139 137.239871567707 66.2509157480064 76.4543744427063 122.462798786191 146.771857431201 165.178232553709 170.227024253585 20.1787268483904 118.960936554372 108.026773314892 124.963142663179 64.7344188058177 181.821851819579 153.737075944519 149.050326346084 38.3016177991516 108.013229322895 88.7221693138966 0 127.315340897136 102.781081331742 107.092113675946 27.2586317123385 104.408895043559 131.723370933331 106.676117491784 112.514451183494 79.8050206279012 102.786357811367 146.443244696533 157.670665041383 184.113265991211 227.451400756836 147.662536621094 150.63299297753 0 0 165.256651874253 198.670029987316 205.951897622899 142.141195482582 149.932421684851 164.590791729788 154.586480170313 177.265587049251 97.1387857063059 168.222897740675 233.540786743164 126.968923553688 0 176.984482626726 137.354592620417 174.050898992389 219.172927856445 0 0 151.649744573052 167.25698117038 167.308341732307 199.814061927644 131.185370634681 0 0 185.192013862798 156.785595111097 203.710311034103 155.502240872866 0 207.379220114476 160.730697631836 199.519836252696 172.34997828271
98.3443546632832 61.8084004075354 80.1008610897537 167.445220947266 58.9863983722949 83.9532189250014 145.0542707548 68.5491358928327 139.669400976139 143.179385948704 0 140.740769956843 14.3240337633814 70.1134266701075 118.082271087635 134.63281538699 47.3310852490554 18.3901878131341 24.9041881086211 139.201661024957 139.326019659021 100.67031279234 106.901225658665 150.622046503855 26.5269311235862 23.3419393990074 49.1581990576804 155.569523857145 69.2387894784844 127.856984949674 20.9453152365021 61.4692860275132 116.825551599289 22.6023902762861 140.765822565801 77.4064226043735 29.1284652170994 30.2841615658231 49.3318836194901 74.1043470638533 69.9896083555018 16.6145388235001 161.894250570549 75.1863989138458 111.832875165955 134.85530090332 0 0 64.9270656157581 0 82.1117072890389 129.833596233658 0 0 223.781799316406 200.54500398698 234.83427556286 170.533522065375 217.203811645508 83.3346724376415 0 74.5062507276141 0 0 183.042831420898 0 100.501250349054 121.842446000163 0 0 124.217157998317 161.755770903072 179.80368340674 62.70740275089 96.1980171032431 99.276564164982 192.602971573312 214.301910400391 203.838264598609 88.1277841836849 0 0 109.562260793791 179.093975403095
95.958389238864 128.069325363303 150.591612038252 40.6717696756939 54.5617005941735 34.5707364540251 70.4962963604824 75.0387025724187 25.4269216142951 24.6605653192139 140.740769956843 0 141.789839816128 91.2180787962522 18.606145089589 145.214796980308 0 164.550094604492 0 15.5489257597297 133.71998491881 82.018419475467 151.653086830803 31.4084990115026 138.398099838657 165.026936817047 143.210385476312 53.4836485418476 111.437348044937 141.843268594112 0 121.408580087975 121.515249995973 107.911745872106 13.979976423 105.97690075096 173.960830688477 101.743229790867 105.817868521355 23.3958995757355 107.16651600365 172.191156458002 174.439777050979 0 0 0 89.4861883162857 0 0 0 137.457412719727 227.056045532227 114.69626300931 0 132.625877777065 196.497690911727 157.987088461713 72.1499720902794 114.403481824974 0 15.6763246216203 0 150.365843442767 89.8593094493542 196.945907592773 0 0 0 37.1584555085685 159.088448499604 138.699401855469 138.080444335938 112.007273684253 0 0 0 128.535470108667 226.061874389648 0 0 0 0 148.9208984375 60.08997467464
133.648820020413 53.9022486545915 96.1145406056096 146.147552490234 51.1286201536387 59.3437729761267 142.2069230119 60.3513619762834 131.799654092469 137.239871567707 14.3240337633814 141.789839816128 0 67.8107887871916 150.988926601729 144.485818045429 86.5154931667043 45.2790890572689 59.0472320886208 126.245529735565 133.618097862003 92.3763639482354 118.253868556252 143.39656666409 19.0352961253571 18.0915883381218 30.9928799402957 157.804955309768 60.3187711598072 139.06331347887 10.6414610997385 54.2806497079734 80.1439819335938 19.440242327395 80.6095095117444 25.6923624231269 24.4608612739485 29.0646165164728 20.720176630922 58.367313158538 15.8825996354847 12.3535724288249 37.0090731226636 51.6583816747515 39.8698157702349 20.0695053729123 55.8848474908055 36.0165622947114 12.6653260556514 0 73.1385485478414 117.357964225451 0 0 58.928653717041 0 72.8646962204766 192.646713256836 0 30.6159720479395 131.49250793457 67.8275982505215 69.2208275063732 0 197.821151733398 120.249487208023 85.4585164364844 100.66153314142 0 0 116.218258717194 0 214.577839763463 51.8748065916365 89.3556884466364 89.9745458203202 196.252858780976 73.3175164280032 231.237762451172 83.3167334170061 63.7294006347656 213.530944824219 97.1394207606794 78.5853737378439
13.5898477578163 123.106047244147 120.901280828152 100.254755818673 35.2350979564859 47.1069908993302 37.6436318375587 19.5909002851856 93.1637873731882 66.2509157480064 70.1134266701075 91.2180787962522 67.8107887871916 0 74.2457935237129 115.028559530143 121.104067158933 121.310701705304 124.492958787518 90.8125334375551 104.169145247541 104.959367701269 111.423255818981 95.6551189236278 93.1267323328715 130.44012082066 136.071001738298 96.7192498634898 27.9634317653461 69.299254420235 115.15317934949 22.5498637172189 60.339909517194 45.7924038959125 98.4633675903832 73.990672591805 85.6378196882542 63.5439436056994 75.9376795923899 43.955127692457 40.4908369384166 62.0265352191548 159.321751415227 200.390730792466 194.899651738794 0 130.856423603481 0 0 170.233724855039 192.016052246094 190.610126006136 158.581272767095 0 187.816502639829 170.73920419911 186.912545842713 106.586756834743 191.44830093118 169.636199951172 157.984133609739 171.397934973059 174.5426477853 148.202235825739 159.244387477729 181.704833984375 237.888214111328 0 160.995999700692 155.01198115694 122.041992935642 184.188606086697 151.421233918648 0 216.285217285156 191.804725310011 165.560742463479 181.459967196747 165.694260413345 0 0 173.849228202242 171.11700197954 128.522240219721
129.57015556294 117.167312077304 135.954087315151 80.9541489868461 19.9936070852479 17.6217370103076 84.4031787923254 45.5361995101146 27.1191829773262 76.4543744427063 118.082271087635 18.606145089589 150.988926601729 74.2457935237129 0 124.911318475447 160.164084093496 0 182.392288208008 61.6301036059257 119.398383732554 80.1965952300233 133.373174688742 49.0276063920044 151.70752501112 178.694463696057 130.223873081491 90.7082075708756 74.8475714822336 96.1946746369918 0 42.3918184116405 112.881481220501 60.7533030729124 24.1043512757237 146.831708215425 160.139022827148 104.824400624162 76.7415447010718 10.8471273073702 41.4456968796383 132.709182739258 0 0 0 0 70.1047698467651 0 0 0 0 0 133.382995605469 0 126.010594327493 181.577297619073 154.473449707031 71.692455028535 123.539684100574 0 77.9941606490619 0 145.762347658715 96.4364815087766 141.397323608398 0 0 0 103.640083478073 0 186.662307739258 166.201217651367 102.274510500121 144.851867675781 242.097991943359 0 134.029693170787 0 0 0 0 0 0 70.9923782355441
92.935543089314 63.3627936289882 78.496255512338 99.8064440998394 0 118.685885019252 93.2042050099961 118.226472129067 67.2031331521593 122.462798786191 134.63281538699 145.214796980308 144.485818045429 115.028559530143 124.911318475447 0 98.3395690705838 138.374293271582 110.752081405432 119.003310638844 18.4459206612771 34.5401542581891 20.5120224080412 37.3991223557192 109.547449958343 104.191793733811 25.3889133111914 31.77100088116 95.9854712729288 72.9275807847575 194.111985105782 141.178084475033 84.8490006938854 71.3274049318478 144.758636739832 74.1484772041685 55.3842030118137 77.3102551171627 75.1635877196008 89.3282343494061 90.5290708833057 0 125.327029808024 101.082318563019 136.042344040684 135.175954192867 130.767920354618 159.515289306641 0 125.356264283016 121.000372281894 115.836222213204 125.808517456055 0 188.651373644579 150.33922577246 164.264896724894 77.0599451423574 189.120885724242 152.952795769895 0 0 162.739647667488 131.752624511719 96.1212807056077 143.984266945416 0 0 163.37671515614 114.660890550984 61.0711207474321 104.358921817615 113.944881379402 110.72713470459 132.597856117026 98.0607636127483 128.494028871653 121.185232204082 117.597469546063 232.692489624023 0 124.274210794238 112.696814474385 162.918486916507
103.224938540393 58.5846732954291 45.7219533429967 157.881639902584 124.741161630409 136.324927200053 114.783052162281 126.595167723927 130.919732212058 146.771857431201 47.3310852490554 0 86.5154931667043 121.104067158933 160.164084093496 98.3395690705838 0 48.844926060869 16.9355157542271 171.62255859375 60.5803922134623 82.1070197076878 29.6676803132282 130.615067073176 78.647332778545 38.8012414982803 66.2635278019011 111.441288601292 105.465811830923 74.7344050623186 105.827271866992 152.689428235069 95.1303453015933 42.0866267017933 153.563397027389 87.5569080266647 65.0840295907236 55.5979010167312 71.6102851336423 100.522798142918 115.413616914848 63.0521635882932 147.383050283587 123.773108874351 136.320930097507 151.098039659445 228.323379516602 172.429153442383 0 169.413497924805 66.1023982557659 115.329751093339 0 205.170471191406 191.556671142578 177.21875 0 150.680934423364 198.078842163086 158.474359955954 0 121.798280728601 192.940338134766 0 124.628782065651 128.545510150894 0 104.318600550092 191.681625366211 152.163162231445 99.6368221356124 141.204430385735 175.814779499315 75.488536980087 113.279622713166 107.965291234031 199.20357831249 0 176.797384933657 120.008316040039 0 0 141.058609008789 170.38132852608
132.965148777872 67.4255335444201 78.6236453560021 149.081985473633 96.6701511342527 143.693531536218 157.418227979585 123.62043788257 145.386819024189 165.178232553709 18.3901878131341 164.550094604492 45.2790890572689 121.310701705304 0 138.374293271582 48.844926060869 0 20.2769381669971 156.174147752225 119.134852835467 106.358528143269 107.300844087894 148.985062818201 41.9221818409402 23.0687715419947 63.7124879877311 167.033372129942 115.699892554262 118.144845584368 47.464776387094 96.514035786016 136.754828301321 50.0534059364064 158.187872544214 87.2333734667264 48.1101319468102 56.0344554315284 67.8855801944658 104.109872356782 0 52.9578751581632 0 91.7322107651627 129.650641984972 122.983401105789 0 0 87.2870254516602 0 87.4501411993103 139.962504411176 0 0 0 0 157.919311523438 0 0 101.034346680938 0 80.3359347038409 0 0 194.285797119141 178.224517822266 97.4332810816587 109.085374426891 0 198.658966064453 135.636730386382 151.140777587891 0 64.8035885692098 100.684489745799 101.622300058443 0 0 0 112.165233299501 172.696090698242 0 0 152.99739086162
126.745099227284 56.7386924313028 62.3063243414073 179.64892578125 82.8553260374626 130.767259475101 140.933950398796 141.13758644034 141.491328056074 170.227024253585 24.9041881086211 0 59.0472320886208 124.492958787518 182.392288208008 110.752081405432 16.9355157542271 20.2769381669971 0 163.997344213289 94.9536009685404 100.923578429542 82.2769117900563 157.886526287489 50.8370115859227 35.2177909477841 65.5388662463508 133.469476808768 121.433688608678 98.9492305206483 75.5445134847511 101.841954905088 105.887197741642 45.1834253875287 161.686799772629 89.2347269762308 55.7524023169664 54.3992909636857 69.9352289055337 115.603629788368 100.548241148348 46.13454380734 153.043205659033 129.553374702416 120.989808876317 136.248199462891 0 120.760780334473 0 0 81.5299643144293 138.448501927104 0 0 0 0 0 186.086029052734 0 107.903708543095 0 86.9598736919272 183.674240112305 0 0 118.993468030849 103.259602179373 115.9210059091 0 170.186249731501 100.730102539062 139.65950841039 155.7578125 69.6736079064071 99.8464478898842 103.935430690077 191.910502619581 167.365386962891 189.494583093503 123.038231003805 0 0 146.843215197551 186.859149565038
90.6110937347285 203.685186707907 142.085330436879 14.4974049438401 106.501785870992 43.6282151497729 51.8863443711944 75.6825570369764 54.6807394940808 20.1787268483904 139.201661024957 15.5489257597297 126.245529735565 90.8125334375551 61.6301036059257 119.003310638844 171.62255859375 156.174147752225 163.997344213289 0 139.055122045427 117.595069674058 133.539515458741 24.8618437236265 0 170.561715459322 141.287533928908 35.4727717793813 109.173281585386 119.807985399533 0 126.038062355036 104.188546152306 108.65127929121 25.7509738077364 99.5879475263262 127.911718042534 104.832945354006 106.152017766325 60.1832779834415 99.0143379392291 135.689716642524 0 144.997467041016 0 0 112.392497286782 0 0 173.510147094727 186.072769165039 0 111.627370278961 152.24723815918 148.03931707897 148.422573776726 181.348625611196 85.3687670942605 147.077718764134 213.503234863281 48.9246107162648 0 156.63070591054 120.811431856932 147.296265280113 0 0 0 135.121325896465 0 163.586341416664 190.385245400764 118.295075238115 0 0 173.602493286133 145.95615917352 194.91701007919 150.477125410955 0 0 0 170.802658081055 123.059173583984
88.5260093027672 101.637349718223 72.8761479989193 112.600185194357 119.17204670694 111.865976048473 80.9486809084323 108.975071715787 88.0892949522524 118.960936554372 139.326019659021 133.71998491881 133.618097862003 104.169145247541 119.398383732554 18.4459206612771 60.5803922134623 119.134852835467 94.9536009685404 139.055122045427 0 57.3729162967488 35.2046690116264 45.4168242813261 131.233294718844 99.9138326723001 78.5854147774 37.3285449206572 90.7332509100309 29.9610335034321 151.386337280273 139.563898806022 80.8251261456248 45.9483717680644 140.008012168374 72.8190461434864 61.2648521912963 67.5406988005249 72.1953525170394 85.0748262933423 85.1936210063551 129.324809222088 131.278436106662 116.668669838468 136.216686732199 152.331451416016 146.819645924584 172.714706420898 0 136.788251835365 144.349057887601 150.002066355284 0 0 175.677359831615 147.858098500814 179.941288412492 96.5550056907942 198.662089952736 174.238537437084 231.235122680664 0 163.769775213389 0 113.788967970163 126.543449401855 0 179.470687866211 171.025278555513 125.355064646095 76.2534345407258 128.391878549188 127.610634854244 0 168.182398175643 137.477520249986 135.957286848077 148.618130721054 129.308361000468 0 0 138.373421464721 131.363409968883 151.315070641778
79.6329189576268 30.5935350930299 56.8373714315895 90.3113636544189 106.648470127677 108.851649262477 81.9794220838363 106.394019017383 29.5454770973785 108.026773314892 100.67031279234 82.018419475467 92.3763639482354 104.959367701269 80.1965952300233 34.5401542581891 82.1070197076878 106.358528143269 100.923578429542 117.595069674058 57.3729162967488 0 55.0265208340404 30.3914275334923 73.8253309261188 91.4927646771827 41.9595280009621 62.9699946112168 87.4618197687164 63.3298334154917 106.910110180829 134.706680297852 77.3492114228725 73.6174880150589 131.39355092694 70.4274934210183 58.6667554354264 74.5847202848556 68.9878994551726 70.8539347911623 102.38539334251 93.9142477682173 97.1970995118751 74.7411054852523 82.8414672397261 122.642154078732 115.964371550773 119.295405812213 0 93.3929702733563 57.1738099676526 91.0268419159335 173.465339993979 0 131.368761370792 128.14124970227 129.438595429947 44.5511687765012 150.099921906392 137.778304060963 144.031116893362 121.717612393428 141.301793675104 129.093521118164 65.7501467961522 110.156965612614 0 126.889762878418 135.499654450686 81.3749830870497 30.9845577060718 77.3697053498045 87.8137504171933 90.7676467895508 124.24450340068 74.0044744873567 110.13190821854 116.476142204287 94.1723048019611 0 0 102.985587577851 93.2291332580419 146.408960241786
93.9233996500397 71.6459547665941 37.3387858993023 127.952936890663 135.83423903462 121.118264623705 92.111779311851 115.845712180519 96.1267314998237 124.963142663179 106.901225658665 151.653086830803 118.253868556252 111.423255818981 133.373174688742 20.5120224080412 29.6676803132282 107.300844087894 82.2769117900563 133.539515458741 35.2046690116264 55.0265208340404 0 70.801536504723 121.999237442437 73.2263991120883 44.9060446448963 66.401655433949 99.3585723887757 58.7068163339102 137.718774591471 141.013111550269 87.1385125177538 49.7439970127807 143.798163618182 73.9039365017495 52.7895999862241 62.8558179787536 68.9875496417922 81.1352450156769 93.4754709256079 141.088192086205 130.920852521734 108.737796320068 132.606192912008 146.869312878135 152.461968833715 184.701489465613 0 169.78455970926 85.9166821708876 115.279070024996 178.535354614258 0 196.042892671543 163.539001219941 193.85739159036 116.820142874571 210.692774720779 165.246859110584 196.319147319764 0 181.896791175521 132.971267700195 105.370197911081 143.897586753739 0 155.526205733192 188.904631601095 132.727182807125 71.1490023161965 112.484679303156 142.473447929956 157.242431640625 155.997001824612 101.768977354261 156.968657842103 166.843502177229 138.114155225258 0 0 167.946226294149 135.598431121219 149.377535304618
84.220583599615 87.2976711604633 105.25240857777 31.5897998729325 76.1801246483386 67.3484752029148 55.3776193911407 91.3635008833832 24.5255003361018 64.7344188058177 150.622046503855 31.4084990115026 143.39656666409 95.6551189236278 49.0276063920044 37.3991223557192 130.615067073176 148.985062818201 157.886526287489 24.8618437236265 45.4168242813261 30.3914275334923 70.801536504723 0 124.18942660798 131.871995714509 80.8668759520126 22.0016758588225 92.4710172480628 73.7033493071479 172.911216565534 123.514592209626 83.7253396661886 84.0909571902445 80.9798755957848 84.2156529350036 99.3178229329034 90.6527159046936 99.3542463961252 49.1750793253222 95.6156804715006 139.281772114906 121.216322009545 163.629124521437 145.679100949974 0 110.193365340098 0 0 125.75097321833 137.554622680244 149.554437964829 123.365112859668 92.1135406494141 129.141779887734 121.248473779401 141.304114899751 64.2112405079729 133.077729106702 193.730926228914 106.117471255037 0 143.400039602093 93.5493803197934 117.219684741779 184.356480237534 0 193.8837890625 116.845458011815 118.404558687786 85.8160719793957 140.950697104809 100.219099972943 144.117653877908 189.460296734424 151.166015231303 117.019986860045 145.652462408101 120.639730175874 0 189.394606558267 129.19001037895 136.568019221934 155.860748342893
163.456855809604 24.8423434478 92.466618192229 0 76.3684616088867 152.346525469239 163.706692769447 101.555485309156 111.215608234954 181.821851819579 26.5269311235862 138.398099838657 19.0352961253571 93.1267323328715 151.70752501112 109.547449958343 78.647332778545 41.9221818409402 50.8370115859227 0 131.233294718844 73.8253309261188 121.999237442437 124.18942660798 0 40.1643976198018 33.9082068828879 147.507933443039 144.954164237297 136.993001011449 41.3225079134593 75.412096185626 146.010908977259 45.278741000757 225.561752319336 100.422879775363 25.0776621498332 51.4302829052636 72.8641756454171 131.040288105474 150.183776855469 14.7334746216291 110.126286516035 20.4499329671363 72.7359139872412 91.2452542601455 0 0 20.781594214639 0 38.9410512423898 102.337347650001 0 0 0 0 0 142.71887747007 0 40.2491804002141 0 38.0824003203942 0 179.05843345517 138.133804321289 87.0237235885154 64.5265841965227 71.5447394616753 0 0 81.9808816482461 0 169.708820369855 28.3483305790705 66.0239505800811 65.8760089786985 213.843025975545 0 0 64.5790787367862 0 0 74.8301036412389 0
118.974629555247 49.2582142835927 25.8664869422008 175.283806349868 142.56974845486 143.481721278079 129.422617576449 139.21616530358 131.202376681898 153.737075944519 23.3419393990074 165.026936817047 18.0915883381218 130.44012082066 178.694463696057 104.191793733811 38.8012414982803 23.0687715419947 35.2177909477841 170.561715459322 99.9138326723001 91.4927646771827 73.2263991120883 131.871995714509 40.1643976198018 0 29.8316779227373 134.111015459 122.644877153398 102.723377745178 15.7299006154436 111.191690470707 114.406951622507 58.3809454676817 160.315462851812 89.6517679335346 54.6345547146971 61.0348829467082 71.3712243439968 107.240558347293 134.365467237023 68.8817598430704 154.16810649587 106.764486018407 117.3969861113 122.860767099482 199.109558105469 153.660079956055 68.11572265625 174.374618530273 66.9679219197799 119.061105105958 0 0 0 213.812914780858 193.412596895232 168.306897636952 210.12970727497 96.3340261094894 0 81.9454584899306 156.287908075623 0 143.413329715956 126.347919484438 97.0693387898765 100.8475204021 0 176.626891572103 113.583164468466 143.387653270682 194.317836163742 63.3439240930545 92.8386946796117 91.3770368402017 195.731259443486 174.785415649414 163.548215197216 100.279338800318 0 0 111.718717086503 153.512926683132
121.09134724276 27.14079145905 36.5174416705388 131.326731190711 126.764352488668 139.829916511891 113.714616999811 137.347164958086 96.5216411121916 149.050326346084 49.1581990576804 143.210385476312 30.9928799402957 136.071001738298 130.223873081491 25.3889133111914 66.2635278019011 63.7124879877311 65.5388662463508 141.287533928908 78.5854147774 41.9595280009621 44.9060446448963 80.8668759520126 33.9082068828879 29.8316779227373 0 92.9183939103956 125.065190753461 98.9949526738924 26.8172207842601 124.514449864476 109.251491276311 66.6247055004924 148.919946364446 80.2630495892143 58.775793703979 67.1696723573511 71.187611281115 89.1673677272016 93.9572337227878 75.409760901512 121.474730511498 94.47653800355 110.66052887903 115.679843955764 146.433681492401 117.209851604348 103.477880506364 164.909785600164 55.3904807325834 94.0636245356716 0 0 179.669928574521 166.538053836012 184.464695964288 135.130730341616 185.684864554737 108.283450453355 0 87.6513092131073 176.836706598463 148.494735717773 97.9093441534383 116.486972168893 105.887464163136 110.732260815049 0 138.872145591989 66.5102161277606 104.133420031218 141.326681226973 64.9374171439014 96.6309299215959 83.5752671530015 156.31524672074 172.007835276097 148.321021296465 103.895744983233 207.322452681101 175.225875854492 113.483094198121 153.72412729603
83.6648335967674 75.9003730948148 100.228612790256 19.2080467639547 122.742523722439 73.4875176757403 41.575511180295 96.3801761138836 62.3925644635462 38.3016177991516 155.569523857145 53.4836485418476 157.804955309768 96.7192498634898 90.7082075708756 31.77100088116 111.441288601292 167.033372129942 133.469476808768 35.4727717793813 37.3285449206572 62.9699946112168 66.401655433949 22.0016758588225 147.507933443039 134.111015459 92.9183939103956 0 94.0034640114826 37.5250488862444 0 138.646593175089 80.1528329209314 75.7727992854566 88.9765299289602 85.3003319521151 94.4538966111534 90.909878654198 95.9207212473009 83.6234860041045 99.108205685143 151.608420266807 142.091399111643 157.467868296202 176.736364913638 0 130.919666751017 167.743118286133 0 140.264777235683 152.619991130757 169.781904438733 84.0055416095984 0 154.398198269932 137.805876758147 159.015529820237 85.8564279730646 157.217995746568 193.726896431039 142.057251425107 0 156.316966420811 121.723372743151 125.619988740865 194.710796514118 0 193.871151757494 143.594092466838 128.271686631132 96.1990419843464 149.916990019571 117.811380461772 240.254623413086 173.771490564974 154.84428107729 135.574751242675 158.515023205775 130.62841977029 0 201.745498657227 146.354911110678 149.105567235125 154.552314532142
15.0177368657273 117.787416152625 114.372462235503 113.061729520657 31.4683330920228 53.0661249100798 64.0092438589368 41.243884614932 88.5788808208595 108.013229322895 69.2387894784844 111.437348044937 60.3187711598072 27.9634317653461 74.8475714822336 95.9854712729288 105.465811830923 115.699892554262 121.433688608678 109.173281585386 90.7332509100309 87.4618197687164 99.3585723887757 92.4710172480628 144.954164237297 122.644877153398 125.065190753461 94.0034640114826 0 32.420989727744 132.498722221251 19.4893088160335 19.9781310162742 39.6929707255172 116.545220269077 66.3038804319199 79.1246135491216 55.9666929701235 67.8976805561549 50.2497380774424 35.3600672995012 59.9247045089469 169.32828767679 194.31335844153 148.952936086111 93.3564128959883 117.818721516615 223.207122802734 0 166.614645917359 127.651223417956 179.706630652904 196.501422704508 0 186.78842457981 164.553898771627 188.528995344035 107.800413100577 192.860503257941 0 176.670199185377 0 178.493648074264 0 136.50455607121 194.737248422581 0 0 195.466889953431 145.247548416723 112.904603491543 168.746906781277 148.116529507258 102.161079406738 157.475423058894 167.522110703384 157.910905258632 187.395269181086 160.338828927408 0 0 179.490670038656 160.937951358774 134.851885003854
37.9140940303921 104.170857245887 86.3274285688849 104.035027521576 141.507624006619 87.1535286121829 27.2476651432898 77.5721945489277 63.6883559964671 88.7221693138966 127.856984949674 141.843268594112 139.06331347887 69.299254420235 96.1946746369918 72.9275807847575 74.7344050623186 118.144845584368 98.9492305206483 119.807985399533 29.9610335034321 63.3298334154917 58.7068163339102 73.7033493071479 136.993001011449 102.723377745178 98.9949526738924 37.5250488862444 32.420989727744 0 0 116.426148087169 51.6427356666244 39.5849507138487 134.193093749844 69.9490052491687 77.0476030876285 65.6879776973091 74.4232504786469 84.304156160062 82.2932666556731 114.123923567058 124.758903565098 182.275192260742 160.337864010587 155.885101318359 155.524419955527 159.993961366936 0 134.059348332691 160.870071411133 152.804981690382 189.701229051519 0 187.7056807086 140.365894180619 162.038832631917 76.907170682424 173.531248976341 0 131.609483185661 0 155.867562862202 0 118.454686505939 172.906425487614 0 0 155.019409179688 126.968116998798 82.3189920387257 140.689397445869 120.19157114902 0 167.936352728596 144.79797391644 129.913464816404 157.548009659438 127.768426283282 0 198.392730712891 135.421731289904 127.917207823203 152.318694679085
0 65.701240497445 105.694199278585 0 0 0 192.315420311954 157.563475890815 139.995715973264 0 20.9453152365021 0 10.6414610997385 115.15317934949 0 194.111985105782 105.827271866992 47.464776387094 75.5445134847511 0 151.386337280273 106.910110180829 137.718774591471 172.911216565534 41.3225079134593 15.7299006154436 26.8172207842601 0 132.498722221251 0 0 0 146.220947265625 67.081644536118 232.133865356445 105.405876897562 56.5338990029378 68.6432930372267 83.5966308034895 178.29586563386 0 59.0440383288823 0 68.0271632676 171.619064331055 0 0 0 0 0 84.3838663500281 138.701110839844 0 0 0 0 0 154.722213745117 0 87.1721558171025 0 86.0444248925405 0 0 0 0 100.932886834422 130.292660896908 0 0 0 149.725326538086 0 70.0777963354012 100.958463981605 110.208072741665 0 0 0 110.631900757731 0 0 141.691970825195 0
93.6411334661095 0 154.346878269636 132.258991519486 11.4422929817896 25.501034981563 124.15762668112 27.9699055705829 132.947932421614 127.315340897136 61.4692860275132 121.408580087975 54.2806497079734 22.5498637172189 42.3918184116405 141.178084475033 152.689428235069 96.514035786016 101.841954905088 126.038062355036 139.563898806022 134.706680297852 141.013111550269 123.514592209626 75.412096185626 111.191690470707 124.514449864476 138.646593175089 19.4893088160335 116.426148087169 0 0 78.8091293247911 23.569638658535 107.56826565886 68.6601130902189 68.1676554704787 47.9278448924622 48.6415020281478 35.1485495640678 16.2161224657777 56.9498608436497 134.691207885742 152.47004699707 0 0 0 0 63.1656036376953 229.681076049805 0 0 0 0 0 192.693817138672 224.724411010742 163.583969693654 210.23316065879 169.535110473633 0 0 0 0 0 0 0 0 0 158.645492553711 0 0 182.107487343561 0 169.692520141602 0 197.455160616101 219.528188729113 0 0 0 0 0 127.142784879036
33.1537047056716 123.798850824286 106.949408791593 104.12311887045 65.8123931884766 96.8539381487239 81.1524579799139 87.5693001624948 74.1556532376536 102.781081331742 116.825551599289 121.515249995973 80.1439819335938 60.339909517194 112.881481220501 84.8490006938854 95.1303453015933 136.754828301321 105.887197741642 104.188546152306 80.8251261456248 77.3492114228725 87.1385125177538 83.7253396661886 146.010908977259 114.406951622507 109.251491276311 80.1528329209314 19.9781310162742 51.6427356666244 146.220947265625 78.8091293247911 0 25.6149397652388 105.912631083824 43.6338769007316 49.0727457752951 37.6079739824545 50.23621788169 52.6690056837333 43.7604292632986 0 129.829592600536 0 0 0 0 0 0 0 0 0 0 0 162.75975787721 147.854252448087 185.430633544922 89.2958729795221 172.891633754522 0 0 0 160.631393432617 0 136.761886819334 0 0 170.455169677734 192.932983398438 144.629825874321 84.3344102011915 186.961413194476 134.379576051981 0 194.270919799805 179.83251953125 145.041938674621 170.473341856703 146.008371203371 0 0 170.029663085938 0 118.517531466474
