0 7.31188347935677 38.2277435362339 70.1315680444241 3.46319699287415 125.511119782925 3743.41700211167 1938.26783770323 166.498081564903 782.100769937038 30.9321131408215 74.4053065478802 12.527199447155 8311.24831709266 16.8512028455734 22.7304754555225 47.6401915252209 4.53413060307503 18.4067025184631 46.3839678764343 258.050231188536 48.7083748877048 271.173998564482 272.442458808422 4.20819354057312 33.7026658058167 87.1394574642181 517.696909844875 12464.1311096549 3837.54180049896 0.94922924041748 12.4881912171841 295.701076447964 446.804112285376 38.0056638717651 394.0050149858 26.4500257372856 322.579256415367 68.7111342549324 113.305558800697 46.9414549171925 11.6146074235439 13.7256433367729 0 8.23849487304688 3.82663357257843 6.40556818246841 0 0 5.08449906110764 1.52187418937683 4.75737184286118 1.72617334127426 0 5.18806123733521 33.3049746751785 14.5022815465927 28.4721112549305 7.81219929456711 0 0.420946389436722 0 8.7071932554245 0 3.84537935256958 0 0 0 4.67157137393951 4.00254321098328 5.16283243894577 4.57996761798859 66.317659497261 0 2.20892596244812 9.31498825550079 43.315050393343 8.3087597489357 33.3269743621349 0 0.702297270298004 1.53321373462677 4.37150579690933 3.89137056469917
7.31188347935677 0 745.240668475628 2.93152847886086 0 0 37.4484573602676 11.6942618191242 523.97300773859 7.76824766397476 266.732013702393 6.73653990030289 496.814154088497 13.3735614717007 14.4536957740784 210.531119465828 732.104025453329 49.2997563779354 309.566447079182 0.492022931575775 146.204221993685 3081.75691878796 688.088408410549 392.180729329586 2275.45393499732 1345.70191332698 8913.23322322965 97.4263549745083 23.9558360874653 103.227391928434 36.9339845776558 0.987650811672211 6.3764608502388 463.358426094055 28.0539636015892 780.334218859673 539.721661269665 784.789923876524 347.9139367342 49.9507536292076 11.9527814388275 5.41189101338387 52.0403277873993 51.1721455454826 47.4841532111168 8.74381583929062 0 0.463926374912262 1.28189432621002 0.924722850322723 117.877275675535 114.599325031042 1.22703048586845 0 0 15.1712876856327 1.50907832384109 7.05743598937988 0.671927511692047 9.49082893133163 2.88148212432861 15.6103446185589 1.09195828437805 0 41.0534984767437 109.502334326506 8.98229724168777 49.0241492986679 0 12.3873257637024 62.891414642334 97.7756388783455 17.0203685760498 16.3392652273178 221.176669806242 587.470308870077 14.1649195551872 1.01084578037262 13.9544736742973 4.25643408298492 0 0 19.1378359794617 5.42142495512962
38.2277435362339 745.240668475628 0 2.72158312797546 0 7.71050846576691 290.04314571619 60.1346443295479 35.5531148016453 20.3826566040516 135.931381493807 0.404050260782242 19.1273281872272 63.791897714138 4.74657681584358 117.062668859959 3084.56895694137 68.693298459053 517.446552395821 0 1137.08787363768 398.582136183977 14863.037204951 103.737222105265 42.0593675374985 14064.9158948064 13227.4509923756 447.783354192972 60.0671091079712 504.859479755163 4.51293838024139 0 4.38960742950439 657.67326772213 24.2920713424683 843.217761278152 481.19406992197 855.993520915508 412.448587954044 41.7585492730141 11.6966568529606 1.74342441558838 115.545664221048 70.4579944908619 118.428501546383 27.6103799343109 3.56796771287918 1.58652156591415 0 6.68057471513748 117.790914714336 400.693838566542 0 0 0 23.7265651226044 1.75950086116791 10.8489978313446 0 3.20717519521713 0 4.98501491546631 4.11320120096207 0.478804022073746 62.7656581997871 272.33497813344 5.58513951301575 57.4485951066017 0 33.8775537610054 108.975024104118 205.224713623524 30.3335250020027 4.2517911195755 247.08453592658 1231.32227036357 20.2232683897018 5.60690772533417 28.2134915590286 1.40730667114258 0 0.601066648960114 29.8861711025238 8.07233494520187
70.1315680444241 2.93152847886086 2.72158312797546 0 16.8721019625664 270.450605094433 712.779895663261 349.300365000963 811.042221605778 8275.23671939969 10.2356863617897 3624.95848658681 5.24911195039749 217.331171691418 144.549166381359 2.24892902374268 1.36352515220642 1.16225409507751 1.60006558895111 27969.9569130242 7.48164826631546 20.3570413589478 19.4954099357128 3787.19736531377 0 0.369949907064438 10.9882874786854 10892.2452620864 273.196218192577 57.4847850203514 0 8.1112807393074 25.4843228161335 83.7962441444397 16.4294345378876 448.917521834373 6.03137534856796 105.944967985153 36.0423169732094 282.229079127312 19.7201776206493 1.7012922167778 132.879507303238 0.714036524295807 1.02094626426697 0 70.3688395619392 0 0 3.80306577682495 1.28829509019852 0 326.309919655323 2.51762825250626 27.2831062078476 110.465662956238 14.9835135936737 218.870897144079 140.19281578064 1.41151797771454 239.352597296238 0 19.5542426109314 11.0509163737297 0 0 0 0 129.939510047436 0 1.90178328752518 0.982534140348434 180.577899605036 0 0.806160151958466 1.91893005371094 149.933860808611 9.6695941388607 4.59128648042679 0 0 0 2.31574809551239 1.77397054433823
3.46319699287415 0 0 16.8721019625664 0 1132.72000542283 13.3973248898983 626.55076816678 105.844797790051 22.3768898844719 2.95230531692505 78.1131851375103 7.58069211244583 121.584963530302 2675.4541028142 0 0 0 0 7.35750845074654 0 13.8809612393379 1.11018890142441 55.3126434087753 0 0 4.43911725282669 12.6951520442963 214.521165728569 5.13411539793015 0 1789.18778955936 0 836.96185541153 2.30782181024551 47.7741245031357 0 20.9208331108093 16.2375502288342 7412.92029613256 2194.77213811874 10.4710395932198 2.1255117058754 0 3.27446174621582 0 0 0 0 0 0 0 0 0 0 0.732837855815887 1.77600467205048 0.52117395401001 0 0 0 2.8169584274292 0 0 0 0 0 0 0 0 0 0 0.689750969409943 0 0 0 1.69914776086807 0 0 0 0 0 1.18943297863007 1.47305178642273
125.511119782925 0 7.71050846576691 270.450605094433 1132.72000542283 0 1811.15255269408 22583.5558548272 345.289253801107 17626.9519909322 50.2036678493023 9463.19555452466 60.1474679708481 1379.07474038005 2185.11805230379 7.24830877780914 3.72677981853485 2.21947944164276 4.46455752849579 767.845452070236 22.3591576218605 12.1164897084236 19.4946691691875 390.421434342861 3.82322376966476 19.7748887240887 18.0761569738388 474.123375386 812.545986324549 132.028412789106 1.54427754878998 2250.21820384264 10.4900903999805 946.19986230135 17.9244030416012 566.510920107365 16.4934604167938 215.083174824715 50.4312945008278 3726.63852190971 1446.89350670576 54.1261350512505 24.3713580369949 1.40728104114532 10.2065571546555 5.96861946582794 9.82856750488281 2.21251034736633 5.99617075920105 5.91892004013062 0 0.985886633396149 20.8757407367229 0 10.1936519742012 78.8845177590847 16.5038332939148 70.1417430341244 53.2172707617283 0 20.2211993932724 1.35766077041626 23.8398171365261 1.15182709693909 0 1.38769727945328 0.791103661060333 0 33.2679409384727 1.02292799949646 1.97685521841049 0.680117428302765 94.0030364692211 0 0.72064608335495 1.32553833723068 77.9704320728779 12.1763011813164 7.28757813572884 0 1.6132800579071 1.14141356945038 3.91267323493958 4.75547844171524
3743.41700211167 37.4484573602676 290.04314571619 712.779895663261 13.3973248898983 1811.15255269408 0 6112.25041097403 1914.25284019113 14921.2314596176 66.5847368240356 386.606172293425 33.0623515248299 8626.52155655622 109.907859325409 176.158949077129 71.4985364675522 10.9297227561474 19.9353056550026 737.544887185097 1090.19536286592 336.145594269037 1357.35706904531 6219.48203209043 3.64848092198372 139.090417772532 480.909059464931 23656.4584591985 4206.69147127867 15865.2029037476 3.64097392559052 42.2420525550842 608.362832784653 1106.76581937075 150.923081308603 2361.66805285215 113.974354892969 1190.07774609327 378.013408511877 594.728061497211 172.19190081954 21.5449612736702 202.844077110291 10.4350197315216 59.442998111248 15.4196250736713 72.2392962574959 4.22559344768524 2.04122146964073 40.4480689466 7.15415465831757 21.6855738759041 140.28007504344 0 53.7750892341137 539.907093018293 131.318597823381 408.461812496185 258.93357437849 4.38829928636551 68.2954965531826 1.84647613763809 148.186110973358 14.4140395522118 67.3929150998592 7.03648918867111 0 4.28684797883034 108.057488620281 40.6694039106369 35.7209286689758 58.5144122838974 993.43790730834 1.33283740282059 6.89530530571938 62.9140712916851 612.603139847517 120.677032321692 145.140251100063 0 0.963579297065735 13.3544300794601 64.5895896553993 24.8680721819401
1938.26783770323 11.6942618191242 60.1346443295479 349.300365000963 626.55076816678 22583.5558548272 6112.25041097403 0 833.266434252262 7152.13652947545 236.13499212265 2403.42936244607 148.221590787172 24526.1601881981 1027.89161753654 14.9730607271194 45.9704413414001 23.7724908292294 35.8816640079021 575.931573539972 259.85802718997 56.239060819149 289.354962736368 1139.9856890738 6.17449712753296 82.3586011528969 108.113808423281 1348.90518656373 3749.24377390742 2038.60634952784 5.1021032333374 2144.0227200985 49.9998705089092 1736.18474406004 62.9042918384075 1134.77446627617 100.640170425177 686.715515762568 181.493630319834 2522.63716384768 1591.56710898876 172.036688029766 47.223430365324 10.7263750433922 23.0067282915115 13.8086051344872 13.8988127708435 3.21425819396973 13.7654780745506 13.200992077589 0 3.88718399405479 38.2941762208939 0 20.0873385667801 294.148356795311 59.88888412714 188.803524702787 128.609380364418 0.658259689807892 33.4400553703308 9.46441459655762 82.8635822236538 0.574864268302917 11.4751493036747 2.11884582042694 0 1.92466974258423 47.7638747096062 6.81852602958679 4.82607427239418 10.5315119028091 343.425223201513 1.43416786193848 2.20026230812073 15.2310606241226 232.782225102186 50.2207943797112 41.7965696752071 0 0 0.959476828575134 30.9783117175102 3.89503866434097
166.498081564903 523.97300773859 35.5531148016453 811.042221605778 105.844797790051 345.289253801107 1914.25284019113 833.266434252262 0 1314.85400405526 36.1058742403984 1654.72618043423 39.382855027914 546.917557448149 1809.70705074072 65.6479848921299 27.1810556948185 3.0432191491127 9.16160619258881 293.156208395958 76.6646202802658 5050.8501034379 127.778972744942 13852.5114039332 85.0888282954693 56.3790382444859 488.153839513659 2640.41123110056 506.074608772993 762.37583810091 1.22583672404289 11.031150996685 106.342540830374 215.272694677114 21.9478796720505 532.305746883154 55.2503638267517 201.372598797083 63.4165305495262 1017.77581262589 30.6418734192848 4.9620296061039 221.621460676193 4.59748235344887 45.5074804127216 12.1174910068512 126.392327666283 2.39162254333496 0 34.0414242744446 6.90721923112869 7.87068018317223 214.456542104483 6.59678065776825 64.1314501464367 467.075659036636 102.478156358004 852.215160787106 343.625219911337 0.423116385936737 165.323947787285 0 102.818213760853 38.2074030041695 37.6816294193268 4.63810831308365 0 1.9445398747921 164.939149111509 31.0831285119057 45.1321023106575 47.2942824065685 1063.00430706143 1.31960260868073 7.45596837997437 38.2160007059574 609.426982730627 101.415198206902 134.839749217033 0 0 19.5420939028263 45.9765158295631 15.5308447480202
782.100769937038 7.76824766397476 20.3826566040516 8275.23671939969 22.3768898844719 17626.9519909322 14921.2314596176 7152.13652947545 1314.85400405526 0 80.8762558102608 8169.69582006335 39.5551611185074 3751.91925993562 209.911019653082 12.5994202494621 4.89316090941429 2.81614643335342 11.83297342062 17199.6945662796 67.3768142163754 36.0646097660065 74.271819293499 2065.65931668878 8.4707937836647 27.0002637505531 48.6200489699841 10478.3958836794 1728.14209955931 296.88686478138 0.712619781494141 39.1028030514717 111.259639590979 481.702655911446 81.6252006590366 1372.91073426604 35.6223782598972 547.973180860281 104.964282274246 717.739675879478 157.275459945202 26.3882901370525 231.655645310879 3.82514679431915 24.6138806939125 5.48574006557465 114.855335146189 2.07970857620239 2.01993456482887 8.73710459470749 0.705363273620605 1.64260202646255 256.335108190775 0 41.214546918869 394.779789358377 71.1224617660046 355.400586813688 618.089704692364 0 326.132118999958 0 63.983889311552 17.5635443329811 8.84137070178986 1.08130156993866 0 0 253.402612745762 3.76535597443581 2.34814488887787 5.31810051202774 495.725723087788 0 0.937296271324158 8.58614048361778 343.618094354868 37.4827578961849 26.053848862648 0 0 0 19.8916165828705 9.90773487091064
30.9321131408215 266.732013702393 135.931381493807 10.2356863617897 2.95230531692505 50.2036678493023 66.5847368240356 236.13499212265 36.1058742403984 80.8762558102608 0 60.6767455935478 17587.6335833967 507.021135568619 4.14227283000946 7.35216075181961 966.277646005154 9244.19483393431 5003.35862216353 14.616873383522 78.478656232357 42.6783179938793 297.957201033831 13.7963009178638 3765.226524055 10887.4999869466 3258.65787535906 34.4297586083412 384.903267711401 90.0114914476871 1850.7071620822 12.1030993461609 5.47853356599808 10050.6393036842 17.5887453258038 542.348160892725 6208.533819139 5331.56478703022 325.540990531445 35.574315071106 33.4273628592491 592.865100979805 7.2205211520195 207.621493250132 35.1591086089611 3.51916521787643 0 0.719129621982574 21.6538298726082 0 34.0095639824867 6.03805643320084 0 0 0 2.10501512885094 0.77004736661911 1.99157005548477 0 148.068940013647 1.30970394611359 609.988219201565 0 0 3.45040678977966 11.328172147274 52.1293222308159 66.6731759905815 0 4.97023910284042 4.12104231119156 8.40539014339447 3.88733285665512 438.643382549286 191.64900636673 308.771737843752 4.14595907926559 1.0577986240387 0 30.9741457998753 0 0 14.9646059274673 5.87718653678894
74.4053065478802 6.73653990030289 0.404050260782242 3624.95848658681 78.1131851375103 9463.19555452466 386.606172293425 2403.42936244607 1654.72618043423 8169.69582006335 60.6767455935478 0 26.4972427487373 794.178416967392 3197.22696107626 2.67780143022537 0.646128952503204 3.62236177921295 10.7657226920128 18809.402556628 3.35822796821594 49.342107206583 9.93483120203018 1269.40188112855 7.28046065568924 8.60543870925903 7.63073343038559 758.464242488146 389.520139276981 18.4417635202408 1.84038436412811 58.513978600502 8.4893579185009 219.559558779001 16.4329350888729 632.279999643564 17.2510054111481 175.724572390318 25.8928449749947 2514.25208315253 84.8885734677315 12.5030320882797 36.3060606122017 2.82241326570511 1.80425620079041 0.494655847549438 33.6031357049942 0 2.78322088718414 2.57402139902115 0 0.874169647693634 36.0575442910194 1.4392786026001 6.01462125778198 48.3806566596031 9.97672307491302 66.1957720518112 33.5694368183613 0 526.553820431232 0.846953272819519 5.71897864341736 5.74500471353531 0 0.986718595027924 0 0 65.513756275177 0.715713918209076 1.30443036556244 0.683089196681976 62.3043573498726 0 1.08302021026611 1.68386769294739 59.1359551846981 5.32924419641495 1.48872762918472 0 0 0.629535317420959 2.8925598859787 3.40052676200867
12.527199447155 496.814154088497 19.1273281872272 5.24911195039749 7.58069211244583 60.1474679708481 33.0623515248299 148.221590787172 39.382855027914 39.5551611185074 17587.6335833967 26.4972427487373 0 220.627582341433 1.40505436062813 10.4169192910194 65.8045993447304 535.889847248793 207.507396399975 9.05115276575089 12.9199835062027 79.2865135967731 25.6322496235371 17.3174442052841 10981.5796322227 2963.01827403903 6266.76624336839 17.2141978740692 146.467013627291 14.3141146600246 2757.10867795348 41.9960487484932 3.78867474198341 4291.3759020865 79.2490268349648 405.016461521387 4624.66850626469 3173.34554609656 460.008875310421 53.6973645687103 573.159806191921 1496.34668985009 22.9389765262604 292.852780997753 138.213333010674 99.5270826816559 10.0845410525799 25.0047931671143 88.3429216742516 0 24.9136818051338 3.30188509821892 0 0 1.36785924434662 1.28084623813629 5.02027666568756 4.25341159105301 1.81226062774658 213.133105427027 1.86133310198784 808.511590093374 1.8672354221344 0 0.440466910600662 14.3030490279198 92.1543196439743 33.0500773787498 0 2.05333763360977 5.52114915847778 6.39914470911026 1.19572818279266 526.676194787025 208.502925127745 338.033519744873 3.09882384538651 7.51007330417633 0 46.5626996159554 1.3686625957489 0 39.5037548542023 35.497613132
8311.24831709266 13.3735614717007 63.791897714138 217.331171691418 121.584963530302 1379.07474038005 8626.52155655622 24526.1601881981 546.917557448149 3751.91925993562 507.021135568619 794.178416967392 220.627582341433 0 303.775640547276 24.3676838874817 67.4618994891644 38.9125106930733 62.1463460624218 325.146079719067 281.25244936347 72.7062793076038 347.397693514824 689.389546722174 39.661748945713 156.600933581591 163.438003897667 1058.82217484713 14883.5108728707 2832.34415537119 17.8245323300362 1872.66599664092 207.696129888296 2307.31116980314 88.1728642880917 1404.63533443213 140.549589276314 1181.27960088849 156.903055638075 938.941947579384 538.647734314203 124.290147960186 25.9673480689526 8.90760037302971 31.2523026168346 14.242968082428 14.2796992659569 1.4090341925621 11.5945451259613 13.1227686405182 1.29571527242661 4.99135410785675 20.4952813088894 0 6.2885268330574 122.595633417368 48.8923284113407 73.9492816925049 53.2221045196056 1.23914220929146 17.6981083154678 11.8652305006981 49.7428896427155 0 8.64720809459686 1.34660273790359 0 1.56123781204224 9.60665506124496 7.55776706337929 4.65965440869331 12.5672623813152 199.528338938951 6.70465850830078 3.57816791534424 19.8090748488903 144.812320768833 29.1024741232395 27.0389312803745 0 0 3.05591535568237 15.5172185897827 12.312172472477
16.8512028455734 14.4536957740784 4.74657681584358 144.549166381359 2675.4541028142 2185.11805230379 109.907859325409 1027.89161753654 1809.70705074072 209.911019653082 4.14227283000946 3197.22696107626 1.40505436062813 303.775640547276 0 2.93099340796471 1.33267492055893 1.00917816162109 1.16693818569183 105.286914944649 1.92779135704041 193.460942208767 4.3432959318161 960.368262052536 1.07389405369759 1.86990281939507 22.111496090889 181.718266844749 66.8363874256611 10.8697487413883 0 109.453973591328 4.85479953885078 75.321438908577 0.979733467102051 165.184176802635 3.44959503412247 15.6985265612602 4.83159744739532 9140.62528014183 227.326895773411 3.91330605745316 24.2290807366371 0 3.6352596282959 1.96099197864532 7.87630623579025 0 0 1.06577455997467 0 0 6.46261233091354 0 5.52996784448624 5.42818853259087 3.43826931715012 34.5272266864777 3.89978891611099 0 9.36001187562943 0 1.32771396636963 3.23626786470413 3.79592525959015 0 0 0 15.0957473516464 1.08796525001526 0 0 27.1740463972092 0 0 0.638485908508301 22.2017587125301 2.89147627353668 0.859221160411835 0 0 0 0 0
22.7304754555225 210.531119465828 117.062668859959 2.24892902374268 0 7.24830877780914 176.158949077129 14.9730607271194 65.6479848921299 12.5994202494621 7.35216075181961 2.67780143022537 10.4169192910194 24.3676838874817 2.93099340796471 0 78.1109983026981 2.85882234573364 20.0025607049465 1.00576138496399 3846.02729934454 4290.45235550404 13512.4565726221 2244.98004922271 16.6345669031143 71.1229907870293 7824.95426559448 3210.26689302921 97.3910521864891 414.8034504354 2.14255964756012 0 40.9537939429283 646.813733190298 107.528427183628 1967.70600655675 345.010033279657 1183.40681064129 646.024400889874 168.988054603338 43.3215493559837 3.69618701934814 112.07273465395 57.5255525708199 132.121497273445 41.2209757268429 10.7327565848827 1.46779370307922 0.813016712665558 3.93959736824036 8.82117515802383 77.7462769150734 0.850431501865387 0 1.13027048110962 51.9769904911518 4.66406020522118 42.1823160052299 0.595709800720215 1.46619611978531 0 0 9.85194060206413 2.54282003641129 922.664023190737 43.2444920539856 0.618468225002289 7.81459990143776 0 279.545344024897 370.828179359436 943.812687605619 248.76532381773 0.589320778846741 19.5978758335114 338.166989713907 149.281346589327 6.5043231844902 127.874933004379 0 0.453277409076691 0.802701354026794 100.218725860119 17.2362878918648
47.6401915252209 732.104025453329 3084.56895694137 1.36352515220642 0 3.72677981853485 71.4985364675522 45.9704413414001 27.1810556948185 4.89316090941429 966.277646005154 0.646128952503204 65.8045993447304 67.4618994891644 1.33267492055893 78.1109983026981 0 452.837193280458 7963.87782764435 0.952879428863525 1542.93109792471 215.113694012165 8024.73379537463 46.327871799469 117.811761319637 7269.54538738728 5023.22785425186 170.494633078575 122.257295191288 1044.42839068174 29.5458773374557 2.70109942555428 22.852819621563 2291.85562857985 22.1342106461525 658.312341600657 560.117879927158 1167.37986847758 344.689784884453 34.3977300226688 15.054703772068 7.34345102310181 62.187567949295 59.8477044701576 53.0107491612434 24.3568223714828 1.36565721035004 1.64372926950455 1.37716370820999 1.14155793190002 95.3899210691452 145.331985235214 0.995655655860901 0 0 6.74929016828537 0 4.21315783262253 0 4.32151466608047 0 13.7418421804905 0.606170654296875 0 15.6441867649555 136.855463653803 4.25987884402275 67.6248317956924 0 17.0515638887882 38.1571814417839 86.0261908173561 13.7990502119064 11.1420474052429 316.662396252155 747.447908073664 12.7815660834312 2.18882983922958 10.8894793987274 2.37558716535568 0 0 20.5976146459579 12.3765761852264
4.53413060307503 49.2997563779354 68.693298459053 1.16225409507751 0 2.21947944164276 10.9297227561474 23.7724908292294 3.0432191491127 2.81614643335342 9244.19483393431 3.62236177921295 535.889847248793 38.9125106930733 1.00917816162109 2.85882234573364 452.837193280458 0 4338.34972909093 2.74454140663147 28.8623090088367 16.417348831892 96.7147827744484 4.22381967306137 492.799560368061 7066.91536954045 885.11410048604 2.89500352740288 40.0672835409641 25.9675673246384 342.805606067181 0 0 679.506123751402 1.20368885993958 166.970066964626 515.701736062765 772.45068860054 99.4733454287052 2.75718158483505 1.30914452672005 13.1316938996315 1.61189961433411 19.7696831226349 8.51228204369545 1.67646622657776 0 0 0.566597700119019 0 3.01535350084305 0.515182256698608 0 0 0 0 0 0.378610640764236 0 32.9457598030567 0 196.341880917549 1.75244319438934 0 0 3.74349361658096 38.5025586485863 11.9275312125683 0 0 0 2.91058188676834 1.44503897428513 221.554588079453 95.81847012043 173.257671773434 0 0 0 15.0987836718559 0 0 5.8364166021347 0
18.4067025184631 309.566447079182 517.446552395821 1.60006558895111 0 4.46455752849579 19.9353056550026 35.8816640079021 9.16160619258881 11.83297342062 5003.35862216353 10.7657226920128 207.507396399975 62.1463460624218 1.16693818569183 20.0025607049465 7963.87782764435 4338.34972909093 0 1.22951021790504 296.656192272902 57.8585188090801 917.163757652044 17.5737825632095 605.54027530551 14755.0621701181 3307.12218007445 31.1002195179462 83.4964284896851 202.227633804083 130.618518203497 0 11.8537439107895 2213.27692946792 11.9977403879166 658.220673978329 803.208131313324 1712.24811020494 325.721226036549 17.4531052708626 3.14857268333435 12.6541885435581 13.1042621731758 25.0280282795429 33.7304649353027 13.7551298737526 0 0 0.90873646736145 0 55.2533779740334 28.4001571834087 0 0 0 2.1583953499794 0 0 0 8.87880349159241 0 30.6557109951973 0 0 9.78327241539955 42.7551760971546 19.458406329155 104.162622183561 0 9.11209779977798 4.7933509349823 13.8435391783714 2.5527783036232 103.026740133762 299.198536604643 481.159710794687 2.64924517273903 0 6.34720447659492 6.75051653385162 0 0 11.0757961273193 4.5823837518692
46.3839678764343 0.492022931575775 0 27969.9569130242 7.35750845074654 767.845452070236 737.544887185097 575.931573539972 293.156208395958 17199.6945662796 14.616873383522 18809.402556628 9.05115276575089 325.146079719067 105.286914944649 1.00576138496399 0.952879428863525 2.74454140663147 1.22951021790504 0 4.76258119940758 5.55351462960243 4.12798696756363 971.852446198463 1.93417435884476 4.38464906811714 5.31618085503578 2259.35940039158 228.134339809418 24.350327372551 1.0795464515686 8.14490106701851 10.0674999952316 70.4158487021923 4.23952877521515 209.615324676037 5.56069993972778 58.8395704627037 8.81461590528488 221.323741018772 23.4200068414211 6.75857537984848 44.9704973101616 0 1.50293457508087 1.71861481666565 22.2024753689766 0 0 0 0 0 27.4994233250618 0 11.2350026667118 51.1681497693062 10.1440726220608 69.012547492981 62.0862800180912 0 470.800195753574 0 14.9120513796806 8.68921348452568 0.712223052978516 0.51238626241684 0 0 81.57539498806 0 1.30908977985382 0.538444697856903 63.6447335481644 1.58066022396088 0 0 58.2849164009094 2.65570250153542 0 0 0 0 0 3.43226540088654
258.050231188536 146.204221993685 1137.08787363768 7.48164826631546 0 22.3591576218605 1090.19536286592 259.85802718997 76.6646202802658 67.3768142163754 78.478656232357 3.35822796821594 12.9199835062027 281.25244936347 1.92779135704041 3846.02729934454 1542.93109792471 28.8623090088367 296.656192272902 4.76258119940758 0 1106.19843113422 23843.8924342692 797.047137916088 14.7523525059223 634.983582675457 2170.48056155443 8526.49937862158 540.08217227459 20028.1192784607 3.37818741798401 2.66795337200165 165.800485610962 4931.47152072191 217.457915663719 3393.62058189511 563.809196025133 3481.88741624355 1180.07948994637 284.170399308205 79.6208750903606 5.95379739999771 88.0710098445415 28.5746961832047 73.4685076475143 19.8113588690758 8.04512411355972 2.9934356212616 1.71323299407959 7.39526796340942 23.7395616173744 72.1465283036232 0 0 1.01945054531097 73.7358638644218 7.87998157739639 60.8172047138214 5.03701442480087 1.90791493654251 0 0.49138805270195 9.47297552227974 0 348.772834450006 36.9570322036743 0 11.0735583305359 2.11608779430389 215.883834481239 159.594827771187 322.584232181311 390.763004869223 3.77719217538834 43.8040079474449 320.681420445442 257.684855699539 19.7339612841606 218.02517709136 0 0 3.46153211593628 65.0040372312069 43.3023358285427
48.7083748877048 3081.75691878796 398.582136183977 20.3570413589478 13.8809612393379 12.1164897084236 336.145594269037 56.239060819149 5050.8501034379 36.0646097660065 42.6783179938793 49.342107206583 79.2865135967731 72.7062793076038 193.460942208767 4290.45235550404 215.113694012165 16.417348831892 57.8585188090801 5.55351462960243 1106.19843113422 0 2886.89703589678 8308.317086339 334.474911749363 265.844513744116 7368.41108885407 2083.66310203075 219.754577964544 885.811642855406 4.36284875869751 1.16796988248825 73.6772138178349 700.228460848331 76.0856628119946 1533.17689162493 414.753718078136 1188.99025261402 587.055788993835 278.161408752203 25.906722009182 3.98416674137115 139.699129015207 47.2560216784477 106.461716324091 26.4010674357414 4.88969486951828 4.30722296237946 0 9.47610235214233 32.999636888504 144.375241518021 5.22057414054871 0.926632881164551 0 73.1584665179253 5.07884639501572 133.424205988646 2.83022737503052 1.17820584774017 6.44676184654236 1.31157687306404 11.3233700990677 1.14598631858826 579.680187284946 52.733331233263 1.17284607887268 14.3707143068314 1.61050051450729 182.364210605621 498.944473385811 581.08264502883 354.347305387259 3.02053245902061 39.3055971264839 585.822233319283 189.999400764704 20.588301628828 133.014576673508 0.967884480953217 0 1.95528328418732 83.0724058747292 15.881034463644
271.173998564482 688.088408410549 14863.037204951 19.4954099357128 1.11018890142441 19.4946691691875 1357.35706904531 289.354962736368 127.778972744942 74.271819293499 297.957201033831 9.93483120203018 25.6322496235371 347.397693514824 4.3432959318161 13512.4565726221 8024.73379537463 96.7147827744484 917.163757652044 4.12798696756363 23843.8924342692 2886.89703589678 0 1045.10659363866 44.4613831937313 3308.61413234472 22232.3687413335 6150.5245911777 594.310541242361 5935.68216225505 12.2665932178497 1.61687284708023 136.230593293905 5756.34251633286 442.936421513557 8101.15954431891 2282.6344833076 7463.66700446606 3708.90757593513 829.934327304363 192.111625850201 17.1420220434666 306.11714848876 181.379644870758 338.616731017828 119.523938506842 26.4649854898453 4.91739916801453 1.42949205636978 10.0151323676109 101.297598421574 670.215666472912 1.6357070505619 0 3.27086251974106 158.664827018976 14.6154383122921 54.2549474835396 4.80799460411072 8.48705756664276 0.405540198087692 4.29821693897247 27.738289475441 1.73728239536285 1612.15134856105 261.866221368313 1.83802771568298 50.3878512978554 0 357.219021081924 729.452627182007 2210.82844004035 327.909097522497 6.15204730629921 195.633908510208 2484.41149735451 259.709996521473 22.3733030855656 223.975859731436 0 0.729720234870911 10.8916395306587 167.478412866592 106.220477133989
272.442458808422 392.180729329586 103.737222105265 3787.19736531377 55.3126434087753 390.421434342861 6219.48203209043 1139.9856890738 13852.5114039332 2065.65931668878 13.7963009178638 1269.40188112855 17.3174442052841 689.389546722174 960.368262052536 2244.98004922271 46.327871799469 4.22381967306137 17.5737825632095 971.852446198463 797.047137916088 8308.317086339 1045.10659363866 0 32.5708039999008 82.6477470695972 1781.45193384588 28802.8292706907 1097.80910333991 2202.24927991629 2.07891881465912 6.73825415968895 303.711039096117 845.798481673002 80.3619266450405 1969.4786208868 106.749877303839 836.659108638763 322.171103358269 848.064762622118 73.2179136872292 1.76893809437752 529.878937870264 24.93973711133 145.950068861246 52.1294926404953 155.383675634861 12.627748131752 0 97.1565572321415 15.9123646020889 28.5217373669147 524.156511187553 3.98544865846634 76.6169088184834 993.687099248171 168.583951056004 1041.63591605425 355.671566814184 1.53541496396065 138.245226919651 0.90077418088913 267.485664099455 30.9777588248253 298.920381724834 27.990595549345 0.5685995221138 3.69271084666252 161.038823306561 266.015260785818 214.658346623182 326.621484726667 2760.38034871221 1.46850967407227 24.0070915818214 129.997275739908 1652.76742136478 222.536734342575 665.182519286871 0 4.35681563615799 36.2830165028572 182.787096709013 21.5200793743134
4.20819354057312 2275.45393499732 42.0593675374985 0 0 3.82322376966476 3.64848092198372 6.17449712753296 85.0888282954693 8.4707937836647 3765.226524055 7.28046065568924 10981.5796322227 39.661748945713 1.07389405369759 16.6345669031143 117.811761319637 492.799560368061 605.54027530551 1.93417435884476 14.7523525059223 334.474911749363 44.4613831937313 32.5708039999008 0 1635.84574121237 5513.27815699577 12.9506787061691 24.5111982226372 11.0452640354633 324.869408577681 0 0 620.369296550751 2.47330147027969 179.267424285412 2229.44137600064 768.056858837605 89.4717756211758 7.12679514288902 0.788694858551025 87.1491087675095 19.0931780338287 238.270643591881 62.0271409749985 2.91459548473358 0 0 27.6132299900055 0 102.503416478634 13.4406623244286 0 0 0 3.17292812466621 0 3.24297738075256 0 178.375006973743 0 686.841309547424 1.25219178199768 0.358606338500977 3.19801986217499 38.6464976072311 106.108398526907 169.771955609322 0 1.01373499631882 7.93527519702911 10.2621679902077 3.49902945756912 938.921021044254 580.654310286045 1029.54598116875 1.59438169002533 1.04123318195343 4.00834119319916 53.6365743279457 0 0 21.3195502758026 0
33.7026658058167 1345.70191332698 14064.9158948064 0.369949907064438 0 19.7748887240887 139.090417772532 82.3586011528969 56.3790382444859 27.0002637505531 10887.4999869466 8.60543870925903 2963.01827403903 156.600933581591 1.86990281939507 71.1229907870293 7269.54538738728 7066.91536954045 14755.0621701181 4.38464906811714 634.983582675457 265.844513744116 3308.61413234472 82.6477470695972 1635.84574121237 0 35842.1593946815 200.141381382942 158.220717996359 415.155710577965 4846.94334328175 3.90929538011551 12.0609692931175 3183.16133865714 37.978496491909 2053.53491938114 2639.82380205393 3781.33398330212 1056.5029117167 37.1002249419689 16.4896367192268 48.1399183869362 125.355283558369 179.190389215946 143.502206236124 38.334573328495 5.19645822048187 1.01768398284912 7.20887699723244 0 275.522953540087 179.624153643847 0 0 0.781635582447052 6.61020821332932 0 3.20539584755898 0.827548265457153 101.553459405899 0 390.841310560703 1.55279910564423 0 32.940937101841 281.664004862309 107.385929524899 325.826704919338 0.962172091007233 21.0476619899273 44.0256826579571 84.898500084877 18.1599478125572 561.132216274738 1310.3693652451 2263.37588369846 14.8291584551334 2.4626213312149 21.3188061714172 35.391337543726 0 0.536316275596619 69.4411622583866 23.5485761165619
87.1394574642181 8913.23322322965 13227.4509923756 10.9882874786854 4.43911725282669 18.0761569738388 480.909059464931 108.113808423281 488.153839513659 48.6200489699841 3258.65787535906 7.63073343038559 6266.76624336839 163.438003897667 22.111496090889 7824.95426559448 5023.22785425186 885.11410048604 3307.12218007445 5.31618085503578 2170.48056155443 7368.41108885407 22232.3687413335 1781.45193384588 5513.27815699577 35842.1593946815 0 2203.9585891366 271.580320566893 1144.63321748376 1982.56848526001 6.22023111581802 60.1858416795731 4833.91483315825 265.547082513571 8356.09058064222 4304.9950068593 7595.67638275027 3350.81076821685 367.904772520065 152.280965685844 50.0225749015808 511.56783670187 532.950435370207 656.46738165617 180.596856147051 27.7419986128807 7.54072219133377 14.5711289346218 9.30820775032043 731.467299610376 1561.98839697242 1.86897659301758 0 0.833156287670135 150.922425359488 12.1302346289158 49.8864811956882 3.43122220039368 90.3860173821449 0.381499052047729 316.195428490639 20.9665513038635 2.01568099856377 845.672740072012 1040.10673087835 143.192660599947 570.563507288694 0 236.05874556303 835.47084698081 1841.75738841295 174.066886693239 536.825458139181 2194.04155269265 7529.75634199381 174.705159395933 18.0588855743408 171.373075067997 52.6837265789509 0.953157007694244 4.69918367266655 231.533428221941 102.676565021276
517.696909844875 97.4263549745083 447.783354192972 10892.2452620864 12.6951520442963 474.123375386 23656.4584591985 1348.90518656373 2640.41123110056 10478.3958836794 34.4297586083412 758.464242488146 17.2141978740692 1058.82217484713 181.718266844749 3210.26689302921 170.494633078575 2.89500352740288 31.1002195179462 2259.35940039158 8526.49937862158 2083.66310203075 6150.5245911777 28802.8292706907 12.9506787061691 200.141381382942 2203.9585891366 0 1677.13261914253 9030.23101061583 5.11881422996521 22.354328840971 510.451143741608 2045.284532547 197.291774392128 3617.80914691091 267.726874798536 1777.96224579215 630.020368874073 478.323834687471 110.50796815753 12.7528784275055 338.02813693881 32.7240298390388 127.645772606134 45.1947586238384 112.667075097561 6.94703614711761 1.19316017627716 77.4621318876743 14.0263589918613 43.9917398393154 248.444797813892 1.69809979200363 50.0465171039104 650.207961678505 107.596909195185 679.869764775038 217.106124609709 0 87.2373496890068 0.490453600883484 165.494656383991 17.4015915989876 353.716795712709 26.9966583251953 0 9.22731426358223 133.869352310896 277.911058664322 226.389222741127 310.441192895174 1891.14265969396 2.09510946273804 30.333917170763 177.113370805979 1270.47983503342 168.243887364864 631.148418009281 0.498696595430374 0.454874247312546 31.4682478308678 129.832004964352 30.9402636885643
12464.1311096549 23.9558360874653 60.0671091079712 273.196218192577 214.521165728569 812.545986324549 4206.69147127867 3749.24377390742 506.074608772993 1728.14209955931 384.903267711401 389.520139276981 146.467013627291 14883.5108728707 66.8363874256611 97.3910521864891 122.257295191288 40.0672835409641 83.4964284896851 228.134339809418 540.08217227459 219.754577964544 594.310541242361 1097.80910333991 24.5111982226372 158.220717996359 271.580320566893 1677.13261914253 0 7834.54196485877 14.7898623347282 1977.05501031876 11128.8967172503 3753.48699021339 197.845308333635 2700.85030320287 186.119127511978 1799.79917320609 342.621656686068 896.109931230545 820.940495729446 89.1985065340996 17.530066549778 5.53692239522934 25.7963215708733 23.7573132514954 12.3205752968788 4.73818570375443 4.17378163337708 17.4458532631397 4.91422361135483 5.78177607059479 14.2042455673218 0 2.33926999568939 106.756123155355 23.9319126307964 113.971669316292 22.9950377941132 1.15868532657623 4.51717334985733 5.14751809835434 35.1902212202549 0.888527274131775 20.1016549766064 6.740567445755 1.99605613946915 1.24214017391205 11.2551416456699 26.2578402161598 15.9521226882935 32.723296135664 250.814467310905 1.4959545135498 2.03074997663498 28.5149928033352 192.79815942049 36.8477925360203 55.2100774645805 0 0 1.47030848264694 24.1997558474541 25.8633753061295
3837.54180049896 103.227391928434 504.859479755163 57.4847850203514 5.13411539793015 132.028412789106 15865.2029037476 2038.60634952784 762.37583810091 296.88686478138 90.0114914476871 18.4417635202408 14.3141146600246 2832.34415537119 10.8697487413883 414.8034504354 1044.42839068174 25.9675673246384 202.227633804083 24.350327372551 20028.1192784607 885.811642855406 5935.68216225505 2202.24927991629 11.0452640354633 415.155710577965 1144.63321748376 9030.23101061583 7834.54196485877 0 3.70151418447495 13.8193283081055 1276.45244011283 6775.10590800643 193.168218046427 3484.15100866556 299.746794342995 2924.57676264644 992.272175461054 359.745059579611 156.630913555622 11.5560373365879 124.583870172501 22.5901165306568 75.1773061454296 23.0024004876614 17.2520652115345 0.654786050319672 0 31.9296364188194 18.43517100811 53.8693689405918 4.44105395674706 0 9.28420302271843 248.437311083078 28.3369202613831 223.66300663352 23.7819347679615 2.1118685901165 4.99674254655838 1.64214569330215 66.3597948253155 2.54315984249115 139.100821971893 23.6196805238724 1.64286768436432 3.1464381814003 5.88562035560608 148.757255107164 91.151428937912 153.499674856663 790.01087385416 2.31430566310883 20.9215581715107 167.01168820262 506.619623452425 76.845006108284 303.633740305901 0 1.26569306850433 13.0589298605919 61.0324617028236 41.0009877681732
0.94922924041748 36.9339845776558 4.51293838024139 0 0 1.54427754878998 3.64097392559052 5.1021032333374 1.22583672404289 0.712619781494141 1850.7071620822 1.84038436412811 2757.10867795348 17.8245323300362 0 2.14255964756012 29.5458773374557 342.805606067181 130.618518203497 1.0795464515686 3.37818741798401 4.36284875869751 12.2665932178497 2.07891881465912 324.869408577681 4846.94334328175 1982.56848526001 5.11881422996521 14.7898623347282 3.70151418447495 0 0 0 203.473436266184 0.442517876625061 58.3105879426003 264.565338909626 336.37932062149 33.7073662877083 0.852451801300049 0 9.09020245075226 5.13968515396118 16.2249354124069 2.37608700990677 0.992182016372681 0 0 0 0 8.32891499996185 2.54786106944084 0 0 0 0 0 0 0 18.5388876199722 0 144.591952621937 0.386806905269623 0 0 5.36658930778503 18.4206080436707 7.3219199180603 0 0 0 2.21304208040237 0 134.73083910346 49.6905871033669 116.954132944345 0 0 0 12.0073704719543 0 0 2.28164380788803 1.00711381435394
12.4881912171841 0.987650811672211 0 8.1112807393074 1789.18778955936 2250.21820384264 42.2420525550842 2144.0227200985 11.031150996685 39.1028030514717 12.1030993461609 58.513978600502 41.9960487484932 1872.66599664092 109.453973591328 0 2.70109942555428 0 0 8.14490106701851 2.66795337200165 1.16796988248825 1.61687284708023 6.73825415968895 0 3.90929538011551 6.22023111581802 22.354328840971 1977.05501031876 13.8193283081055 0 0 1.97844809293747 2804.19181126356 13.8037279844284 196.194176971912 15.3321913480759 132.304828584194 56.6590079665184 679.894431382418 3265.05145668983 59.6341866850853 0 2.11080652475357 9.12314057350159 2.57916831970215 0 0 4.36740136146545 0 0 0 0.316798537969589 0 0 1.01589453220367 4.40962773561478 0.901473522186279 0.3378546833992 0 0 5.58863508701324 2.03757607936859 0 0 0 0 0 0 0 0 0 0.949375450611115 0 0 0 1.78190076351166 0 0 0 0 0 1.76686024665833 2.53415942192078
