0 139.395400940611 121.134415845754 81.3650214095431 92.6330193845805 74.2587194617122 38.7251327058206 45.4935041748544 74.7717819972212 64.8156007161945 118.862939343866 72.8255070535679 100.297668236291 23.1617440625852 59.8699021906382 122.312718678915 122.665468230811 138.246092200014 142.021187423493 85.9164817493233 88.6273590827185 101.05463946 106.554932815061 81.0804590054517 137.70050076423 150.219529055708 145.88089425544 82.9793226672468 19.4344351959415 46.9323394732546 146.519450384726 98.9739159406299 52.8546739539103 72.9358110168989 142.477351273038 79.3860056868016 95.5034392746016 81.1459355792654 91.8123124018781 60.9578207236935 75.226326434704 93.2143384427443 135.013693854412 0 166.393755605851 153.242559484048 155.600742476779 0 0 148.980652910806 182.832219464108 186.547934643387 161.397768189802 0 158.036839667017 148.749601827498 160.003273044443 102.773069463354 153.797370805747 0 217.778442382812 0 185.599520720271 0 156.934411898074 0 0 0 146.492302495181 170.212092901814 141.706674041549 186.202457166282 133.215770284754 0 201.172447175782 176.855650164149 156.315394146243 175.511883768887 152.614039849015 0 163.276718139648 137.046875 162.62665994242 147.922036671452
139.395400940611 0 49.8974598198325 142.453050157295 0 0 118.313223709906 140.176046764311 74.78971079105 166.41834202797 68.3886750212889 125.471327644202 49.1593790328583 136.489596704188 110.204248545491 64.5463804364067 57.5202928482474 75.8292253773438 59.1922524532493 171.421081542969 87.6177670667918 29.2923991202349 68.6444087491689 81.5974575924666 26.1703521420868 51.2963308302381 33.0324582452063 100.757998975637 127.556760003386 105.462981456375 65.8532130135406 120.96061706543 127.104645576254 63.1223569643617 139.285517814721 76.3404287763422 50.8993767749279 60.9928593310881 66.8919541812289 100.713995117201 89.8712067223371 77.6526476071985 102.401458068532 64.9696330327493 83.0600213104127 97.5391123968231 0 201.800262451172 105.244613647461 155.370071411133 23.6704605473414 67.3187549929372 189.462695617774 0 0 145.332690170766 213.330151852465 78.8450298624725 228.126159667969 91.7858712854508 174.976135362779 86.684485321551 166.547097788958 0 87.2961120167073 70.8092348501067 94.7886419376992 78.9547477924382 0 112.732448637798 46.9690261459627 88.6679360884417 119.533937910235 54.4873112830827 66.9083917280123 63.2850261933461 137.700966965038 163.120941162109 117.256749674168 108.46251729298 0 0 66.4205724759799 152.584900733013
121.134415845754 49.8974598198325 0 129.031997486506 0 162.335974592258 112.195161212001 137.75558210826 115.044767613588 142.788789276444 85.5923354877952 146.023208618164 97.1641321358743 132.381543430148 148.876048580871 90.1788975591753 45.0015625157029 91.4920320524104 66.6955965147491 0 70.6821092173271 62.4618783449322 35.9855334156603 114.035421958257 86.8172729315274 31.8226574685933 43.1925898553346 90.2391144356983 129.767502206991 91.8667156015122 96.5253931848602 0 114.542352767324 62.7951899098292 147.65334651494 84.2558598216236 57.5653288014007 66.6682638387878 72.4579430698987 104.580739949481 86.3567792964304 106.163510716003 130.862280948265 102.871736794221 113.3580824367 120.415624961146 141.581013480253 116.637816979367 0 180.445483107431 67.3783464666556 101.253486760908 0 0 0 177.340392036378 196.251886621812 130.503954404594 0 134.250357082282 0 142.285695062388 188.560143496642 183.136474609375 122.835111662973 109.04421621554 134.589564238909 125.321550099696 0 143.721798736123 82.1959127544079 122.249882676676 159.014015736688 121.702514162916 112.15089951929 98.6119681527154 160.186503629618 179.970255375037 155.431798200291 177.128647631446 0 159.706237792969 111.691756812425 156.914546754408
81.3650214095431 142.453050157295 129.031997486506 0 96.4613375308472 71.8951955931998 53.5714580151015 93.2610871856278 60.761837926453 19.8343158864738 155.360417092608 38.2506993970973 156.565868624796 98.0815197670496 71.207724958312 115.212246723349 170.269001776466 182.069610595703 167.77278137207 12.3265883586906 106.638329038979 91.3358881102158 135.926571817997 26.6102044704378 0 142.122985839844 148.47978135925 21.5580046226246 97.3538380008813 100.284397849437 0 140.316905316254 90.4091770010165 97.6997632803951 160.429403844376 81.2555994520075 115.836318532976 100.423840450934 99.1068820926369 66.7486192902201 102.50427700217 145.803625178208 89.5559456772904 137.777770996094 242.518096923828 0 104.287321922028 0 0 168.240572069585 174.945664852696 0 48.1638700545395 134.730344732827 149.469171917957 139.883756527857 157.250275333581 89.3803299134935 132.579620937201 229.500747680664 44.1479112701608 0 165.480569535679 138.396895024815 0 0 0 0 71.1143899489916 0 109.468683333335 193.066219117999 120.687574007149 0 233.494537353516 188.715644247285 144.155517827921 174.088379817301 138.562883106864 0 0 0 185.925491797856 212.796351904074
92.6330193845805 0 0 96.4613375308472 0 18.7643701816269 110.876172600168 30.2523558869967 57.504698483921 116.723123870362 89.3250244341669 58.9223206585462 55.2511459456747 46.1184750531862 16.8352668260852 0 0 0 0 114.425427442813 0 95.3342293261156 155.567936638123 73.2058456268958 0 0 154.468087191182 106.700360222572 29.577704767872 118.222355372062 0 13.6412794490509 0 16.4620159037835 120.429507269403 68.9334657281905 0 51.2397920362619 48.6130069332808 14.3291917372859 11.916217450347 55.04522842196 125.608618528931 0 105.788020583745 0 0 0 0 0 0 0 0 0 0 189.108383178711 159.016403198242 151.759674072266 0 0 0 66.819333023436 0 0 0 0 0 0 0 0 0 0 106.448188781738 0 0 0 181.971082945565 0 0 0 0 0 193.143096923828 162.713500976562
74.2587194617122 0 162.335974592258 71.8951955931998 18.7643701816269 0 60.4917103110149 23.6472062374598 68.7712074581929 27.5348756652075 108.184526535532 28.384861741984 78.5764454218313 53.2474194629508 25.5885631766092 135.16361397629 132.959282595312 133.355475263051 172.352182620681 49.011205540858 121.95521563028 120.137615406437 137.089465245099 77.8595222298834 108.659855059509 147.44762108843 164.018910994673 76.7393377333904 52.9839594364261 96.7282341338378 138.529271246365 18.4766463299277 108.139907341828 33.7318131163238 135.444169481703 73.2769098263596 99.8389527522455 66.3023316265915 67.1293598611799 25.3591964854644 22.9734460645542 63.6430138595716 105.798197430083 94.020881652832 152.62162451552 90.6413070108068 126.804859558308 109.590324401855 77.9755754923788 167.885541393945 0 200.283188631267 142.503530405999 0 172.513173749108 155.039517448509 180.568151988741 108.05439186899 165.152415563033 0 105.309769380504 90.7879409790039 179.305289986892 149.273532437411 0 226.654514600506 218.151763916016 0 147.424228778066 228.187743993861 160.566130238403 139.612442016602 137.174144577936 0 218.699508666992 201.988158904165 154.421131456841 174.499155007282 167.690912339974 0 215.484222412109 172.496780395508 182.997347572573 151.703640706377
38.7251327058206 118.313223709906 112.195161212001 53.5714580151015 110.876172600168 60.4917103110149 0 64.2671817705006 60.4951370762061 32.4885428358699 139.268471251837 61.3580607026484 129.981103838508 43.0994600596815 84.1345196347124 91.1486770075993 134.712864381549 164.059435888233 151.470419291312 37.9814642686418 69.2088715465266 79.6455675770402 89.2352704169867 54.9426497823257 155.791057978791 134.559159515356 115.12126035139 40.2876463742745 67.4455605723589 25.2365653096919 175.839524884326 124.832247828822 71.1209444032551 82.5327709774301 148.955240910191 83.0617253965836 110.774261442383 88.2961352926968 92.3668663789416 78.5426219955013 94.0551257151879 134.910588574598 116.414700165581 170.224478214398 160.074067396354 157.015467543076 120.188451610369 164.361439031664 144.636106586253 146.950049008548 144.124429992511 164.426020532735 135.192569034484 0 160.259774922689 139.023097867621 155.917840355131 86.9514264563744 149.884709186074 220.423901751034 135.242241050966 170.308726214599 155.692368633006 132.119009654349 147.72207421169 184.164296042483 0 213.149265436593 144.192490547203 150.457236191375 124.848719511054 156.763661734732 117.80386766143 212.873280524003 196.287481310911 166.89806741587 137.762166937722 156.019166426151 139.229153676572 0 232.677780151367 129.188601938502 146.76784617943 170.159637241515
45.4935041748544 140.176046764311 137.75558210826 93.2610871856278 30.2523558869967 23.6472062374598 64.2671817705006 0 79.2446130671212 51.1149299969316 88.6638764774204 61.113593095392 73.9603750697568 25.9405120971473 39.8761437786269 137.355832592039 138.679327949139 113.628295494891 129.632894312331 80.7315666689792 104.903863525865 111.574154271507 126.50278696436 86.7177224863328 104.80244854508 143.492148819146 149.591936826582 93.6359972096087 44.6760924228864 78.5345288837547 158.939215041405 29.9040119044137 89.1236432634083 49.1479625681696 134.299294272899 80.4514980473777 96.9754982652945 70.5429289248616 69.0290956490034 37.714539618563 31.762281204241 69.1791161217551 156.8489745119 123.322645712258 151.879882066879 140.667305162002 141.49202442901 136.644106215159 86.6500453106106 168.73148100714 0 210.356292715455 152.052261022503 0 181.250497364985 159.248301419607 176.895356628377 109.397965008996 166.044756223993 220.016082763672 146.458025787234 91.1235321912026 183.041188054502 188.850875854492 172.813654882374 231.213513932512 0 212.351852416992 156.938612804714 189.017751922331 151.279396110738 182.838786362452 138.872745001438 126.24764251709 232.316269046882 193.429814223725 156.822476654614 174.544329098625 166.844710264662 0 0 147.059799194336 158.028564032124 204.876562586818
74.7717819972212 74.78971079105 115.044767613588 60.761837926453 57.504698483921 68.7712074581929 60.4951370762061 79.2446130671212 0 71.820737295348 137.143486903292 23.8269264799145 120.56075934185 82.5466957645124 29.8034197106148 73.5372541716463 126.817130432107 160.468683803966 135.520562548781 60.0317795922014 89.6044722279097 32.2816671900865 99.461307470165 25.610253096136 100.107550227796 127.34041218111 94.8284115386388 58.142132231309 79.5892207186196 62.069985047953 155.107540975231 116.459247627029 61.6969282418732 76.9662048520758 136.645829216199 65.2604219687139 108.862170380704 91.5933161391384 91.739564631459 28.9313209264155 93.5775209507958 118.661745658529 64.3046260222965 140.440691724779 120.986048438221 93.0664773780997 53.7434903800781 134.684989555966 0 97.40173422456 87.6407913469637 127.57103384459 79.0181141272321 118.724618051706 105.35935351237 93.473144936613 110.316754644438 30.6419543661606 101.677311900691 175.891372680664 69.2299635647677 0 111.724140643773 75.764508950403 100.046249231958 180.142833223219 0 192.125115564792 87.4026847958666 104.754572693095 60.0099406825352 117.671083690604 68.9294061274376 90.485107421875 157.069745244629 130.607456016372 89.5724626556619 112.667994750908 92.6026215578871 0 0 108.122055824255 103.698926520443 174.431450460687
64.8156007161945 166.41834202797 142.788789276444 19.8343158864738 116.723123870362 27.5348756652075 32.4885428358699 51.1149299969316 71.820737295348 0 140.555755082428 32.3498916100709 136.230010536463 64.3201674780552 79.5836199747517 125.050110445778 169.92090036604 161.742816691962 154.8945333784 15.4192076240424 115.838450378115 108.784758932213 126.430943932436 62.2340760207823 176.392787567946 176.426387493203 160.469638176454 29.1539722876734 96.0272925090772 95.5019608876179 176.313110351562 123.487041224164 94.8216596876222 101.328686860238 153.97164328273 96.9912250388666 139.647021989768 101.724006697717 106.191514143078 77.87757582698 102.746580923541 129.829079879264 105.375719544558 164.493546975469 187.701422108656 169.203295726627 123.925722460137 185.947383186595 158.058875355347 168.16280466827 176.02424621582 178.599867055327 99.7638532860967 0 162.760966981173 151.24185686992 168.385893528898 100.743388267418 93.6976521505101 0 56.3006718550908 0 173.406028204878 139.070029899093 185.415829584148 243.017974853516 0 0 100.173006094812 210.937238704341 180.107999677882 189.56712100923 131.592880254821 0 244.622970581055 190.66592901386 153.613207849095 175.696782543295 171.76256004086 0 0 0 173.796944185549 206.167174909801
118.862939343866 68.3886750212889 85.5923354877952 155.360417092608 89.3250244341669 108.184526535532 139.268471251837 88.6638764774204 137.143486903292 140.555755082428 0 124.827243854608 22.675401337609 82.3454388937637 109.087229880791 130.491592408335 58.9775069423405 22.332616104062 31.5632882835152 137.434920845838 99.9565929486523 113.580597099466 83.8935978544005 153.194286533279 35.9164240646768 35.8734369530208 63.8756919422293 151.381166396556 72.8718401964826 127.613993296531 41.3278503277005 75.1242683450541 105.413000677676 27.4435372359014 139.339846590502 84.6965501562397 28.6143593422587 35.2954089366477 59.9171114131385 79.4902135154228 60.2235913365766 27.0819268656154 157.80172729788 59.1134902523768 128.608854247004 135.366126422021 0 107.607849121094 56.8557962237342 0 82.3149935000982 153.231439068412 0 0 0 194.510708159569 204.756576538086 140.672761406839 0 83.8619474956917 229.485992431641 72.311413357419 0 0 189.724700399877 154.514757535997 100.336753510956 115.772395353578 0 169.81444723239 127.418477010018 168.852438616431 196.227458121015 61.9436241738558 108.44719391991 109.387767847976 210.74190487599 170.07844543457 0 99.9878902910365 0 0 153.632342102886 119.537446381223
72.8255070535679 125.471327644202 146.023208618164 38.2506993970973 58.9223206585462 28.384861741984 61.3580607026484 61.113593095392 23.8269264799145 32.3498916100709 124.827243854608 0 123.690776215359 83.4111990386067 19.2400533810547 165.765230432707 217.815567016602 155.715570577693 158.342444223941 14.1215094533924 146.126802785927 70.2544963598798 162.170995961877 28.9157460071398 144.274426474983 173.306787819625 148.756091838994 54.6671528613187 95.3081386199654 128.49691314079 170.539125534275 109.712262611162 110.871441819207 95.1994445891582 168.672887088632 69.6235672272975 122.322371141154 97.8007180243265 105.328361268376 26.4242110450073 88.5469912028509 117.306566057138 64.095154050559 157.417175783154 124.036926269531 156.294219970703 86.1644809881865 0 127.481998236622 160.851183116229 0 237.388626098633 115.331818989081 107.095886230469 121.957252258682 131.388416336563 152.019870666418 64.9000319169031 121.287727580729 0 15.3121136976771 151.461807250977 185.688020954923 97.3666014630216 0 238.627029418945 0 0 57.1536588242365 126.428359985352 107.563514709473 205.242614746094 104.870466267517 0 220.740264892578 190.466339111328 136.880922989147 185.482663979809 167.003378722836 0 0 124.993148803711 120.341819209456 190.05315534154
100.297668236291 49.1593790328583 97.1641321358743 156.565868624796 55.2511459456747 78.5764454218313 129.981103838508 73.9603750697568 120.56075934185 136.230010536463 22.675401337609 123.690776215359 0 80.8721679788109 86.4208377861441 108.646531096064 88.0437711424537 47.4140416868044 64.3660444238318 140.653949866489 138.896350199615 91.3059667178335 115.074172656931 143.952609030557 17.4203180952505 28.9622720968406 30.0454253286643 145.118880619734 72.1515704360119 130.793444364164 17.6498710005684 58.185729776753 118.399553456619 22.2114242578805 87.1478042483719 51.9854350637685 21.7908264134271 27.2507316557279 28.8984904156709 47.0420242992573 19.6326473999854 10.7729650497043 67.6886956393816 43.155614009704 49.2126775075786 34.2141667460888 75.4235677698754 42.6459303867678 26.5568976864806 0 61.498303582098 169.088436720711 0 0 57.2519989013672 150.885437844832 95.3340234437467 150.384131862467 130.954204277977 71.4869490026004 113.736239239747 60.7414241164002 108.28192203464 0 129.259674072266 133.894363934962 90.146224100964 106.445307398612 0 180.686863957622 127.948678633535 132.120789240177 195.312683105469 52.1924363934692 93.0094963939088 96.957242554116 157.103765172128 89.8599910206862 0 93.6584536189692 81.3434829711914 0 44.3926060906356 91.9486081031249
23.1617440625852 136.489596704188 132.381543430148 98.0815197670496 46.1184750531862 53.2474194629508 43.0994600596815 25.9405120971473 82.5466957645124 64.3201674780552 82.3454388937637 83.4111990386067 80.8721679788109 0 42.1156166309335 124.494437544287 134.276702908683 110.160177640847 116.351961788365 90.3900109174812 100.064827134567 104.751025280138 118.8268511019 90.0221516445503 107.463318434292 129.681915968633 141.615267934842 95.3221612174658 30.6390538044448 68.5243768560479 126.318048013976 23.9704520990709 61.7854701057669 52.8725523175875 129.303699934782 78.0377908044866 89.5252441825493 65.3357564958491 85.6567362527735 47.9060724402858 48.1376408315382 74.010085356694 152.359256879867 130.473326215993 156.976124894677 123.125694856986 151.027322354828 150.929179835824 85.7038609223654 169.349531730135 214.391258757523 180.847957796942 167.01245915251 0 170.996379336661 158.371809345885 174.956421630313 116.477894032266 171.378568757878 153.554853146801 158.65248323825 103.717338065871 179.589754839752 0 180.545935471955 184.544933407316 0 189.789963571194 173.202968962279 171.420703512893 144.679821526387 184.199807853202 143.357301566448 132.131340083088 188.816833504123 177.526531944039 156.93162833431 183.366881125415 157.938200233259 0 0 148.871602741482 181.988739479585 162.805483376723
59.8699021906382 110.204248545491 148.876048580871 71.207724958312 16.8352668260852 25.5885631766092 84.1345196347124 39.8761437786269 29.8034197106148 79.5836199747517 109.087229880791 19.2400533810547 86.4208377861441 42.1156166309335 0 116.299153675586 161.89770625651 119.532852172852 173.223709106445 63.5752972247338 111.88267510559 77.3545006262063 148.519322304972 45.8217082969581 158.820246542688 184.944528727572 128.420071937856 84.6420536949783 62.2242796944647 94.186345387416 0 47.6686398964371 96.1929205892453 49.5163943690485 177.338897705078 52.0698806825649 133.890648691454 81.6529207201554 85.5720044106166 11.9999330931809 27.4162528208392 76.818414626078 76.1687262449972 0 146.069643932199 144.690903378348 81.9843931628107 0 0 144.481811523438 0 0 121.829410303075 0 145.662275567138 141.668734213479 174.115914067457 72.7209211969653 129.680130399275 0 104.896778077601 0 168.878662109375 96.7577296109213 137.046291028274 0 0 0 128.596072733529 127.567314147949 0 0 109.691679427979 0 0 132.865493774414 133.109001018744 157.725053920664 176.751129150391 0 0 0 0 0
122.312718678915 64.5463804364067 90.1788975591753 115.212246723349 0 135.16361397629 91.1486770075993 137.355832592039 73.5372541716463 125.050110445778 130.491592408335 165.765230432707 108.646531096064 124.494437544287 116.299153675586 0 110.990019025937 137.998153392878 120.078828867458 163.230270385742 23.4640007252644 31.2904619245587 18.1298517221626 39.024784905456 117.027885805273 110.517670649651 32.3874361172933 37.2818171926165 97.3547264305968 84.0774461641969 149.414134950002 0 75.2285284258085 67.6161544123663 143.167634941547 71.3995272615497 63.0372628455691 74.1268248023512 75.204879212542 85.7043911753449 87.3026900416423 117.01312070419 119.957217228241 99.7010560919651 116.052908914291 120.253798279827 121.289233800819 179.495101928711 152.01155090332 132.432575905343 98.2830164990511 118.948904675143 192.164749145508 0 148.735858380113 141.391345396214 155.370786650888 102.660821751034 163.193862915039 189.773507666114 0 0 156.699939596145 145.098697349994 96.8250506263436 133.413500799058 166.459274291992 147.905051876794 0 111.97499329776 59.4230362410159 103.731242169618 109.065612435156 104.82893371582 147.410322076839 110.499439837607 119.587580252575 163.365108542084 123.158342412602 0 193.635238647461 149.036819458008 105.673937880949 159.624914977798
122.665468230811 57.5202928482474 45.0015625157029 170.269001776466 0 132.959282595312 134.712864381549 138.679327949139 126.817130432107 169.92090036604 58.9775069423405 217.815567016602 88.0437711424537 134.276702908683 161.89770625651 110.990019025937 0 61.6855346525657 27.5842532724716 222.250564575195 58.2219565792183 79.2424442675071 35.2947700314038 131.909479548975 68.9763930783569 39.8927486608264 69.6604593332214 105.438850108449 119.382680312893 83.6109369775107 93.388768401871 112.106097906667 122.688345618949 42.7033534751222 155.672488993368 88.6075889117237 55.5767249894412 60.1574303665652 73.9938234458054 107.277835969746 97.4434762294545 110.300496837255 143.685934806312 118.619103654533 128.808419227303 133.607596966538 140.380554199219 148.450585441583 170.933210970804 206.702102661133 78.8228914300795 114.361855993595 183.035446166992 0 0 189.783068235241 0 138.548253019793 0 139.565297886282 0 115.731242410596 207.087905883789 0 142.34547760385 118.434919346888 136.993813800422 123.04838267043 0 152.52713726862 106.056237630076 138.365822818065 177.273401461096 101.457818041316 110.28051104887 107.818134151865 174.052785137531 199.147551759494 178.071936562143 137.089121069715 0 0 117.925623111812 165.756410692138
138.246092200014 75.8292253773438 91.4920320524104 182.069610595703 0 133.355475263051 164.059435888233 113.628295494891 160.468683803966 161.742816691962 22.332616104062 155.715570577693 47.4140416868044 110.160177640847 119.532852172852 137.998153392878 61.6855346525657 0 24.3179298286891 162.411710539493 111.93421726261 115.497796886573 97.5739323587568 160.410459612624 47.9181261975447 31.2770335255396 68.5780116750388 153.450404958907 98.9541152095197 125.141856522285 53.3628984338975 0 0 55.2163559422706 145.660720825195 95.523401128493 50.3427816273439 56.2937203317655 71.5080540257186 114.94042713495 106.222735063384 58.9288346424251 179.71804146396 96.5553242938926 112.583920540847 143.964263916016 0 0 74.0701217651367 0 75.1460604221538 150.082260131836 0 0 0 0 0 220.48681640625 0 99.7739064007046 0 78.5539689142619 168.411224365234 0 0 145.895518609271 105.234007218268 121.530924545079 0 0 0 176.402563246008 220.583094671459 63.4691808223186 106.454599324409 104.651017225553 0 0 0 104.84726049685 0 0 129.146511861693 0
142.021187423493 59.1922524532493 66.6955965147491 167.77278137207 0 172.352182620681 151.470419291312 129.632894312331 135.520562548781 154.8945333784 31.5632882835152 158.342444223941 64.3660444238318 116.351961788365 173.223709106445 120.078828867458 27.5842532724716 24.3179298286891 0 185.181470867491 87.9711556584484 101.493298071617 70.8284152525536 144.617838352486 48.7224877205358 30.4486965458823 67.324472464527 129.084916062494 110.96915847219 108.173619969804 63.0892761195748 0 116.648056186967 48.1377930106369 152.869696637111 86.2260737872066 54.1670544404813 54.8609217670872 65.8691555914594 126.36354922818 89.7247897505262 74.8201722404938 143.148495657824 112.543702235859 118.021905790444 156.912095205397 0 0 81.5964406946346 0 71.8958417949459 137.453853983375 0 0 0 185.163223431939 0 0 0 118.725199345181 0 99.1354375508906 0 0 154.010764339104 122.312410382195 113.289893225367 115.507468453992 0 177.365481122803 114.421041526502 149.436948396274 184.008241700341 67.7723864849692 105.727965446939 104.508361449138 193.820995245215 0 199.724566092594 119.752288676063 0 0 125.405698095431 178.659651282115
85.9164817493233 171.421081542969 0 12.3265883586906 114.425427442813 49.011205540858 37.9814642686418 80.7315666689792 60.0317795922014 15.4192076240424 137.434920845838 14.1215094533924 140.653949866489 90.3900109174812 63.5752972247338 163.230270385742 222.250564575195 162.411710539493 185.181470867491 0 140.116333057866 106.021846052097 146.3280187212 29.0981165408163 171.548895086969 175.043570586014 179.864902476961 32.7345631728835 101.348652240652 139.74082885401 191.147903442383 123.113818522324 100.551558016695 105.049383118788 153.087718279136 94.3801496813712 146.195470517847 103.694250724708 111.762678526809 68.0570455856817 102.426929743054 143.977756457339 97.7794870065453 0 169.792434692383 180.228163137122 108.853195206109 0 0 0 0 0 138.142796835595 0 151.699957058262 150.072931673662 168.867882419547 91.0140639347071 130.032917175046 0 14.44941029391 0 166.14905497807 128.684943442074 197.805419921875 215.21174621582 0 0 38.3582193225335 0 150.271636962891 212.652465820312 125.951947968556 179.963653564453 0 0 150.412138498733 121.769813968108 0 0 0 0 0 165.911831331188
88.6273590827185 87.6177670667918 70.6821092173271 106.638329038979 0 121.95521563028 69.2088715465266 104.903863525865 89.6044722279097 115.838450378115 99.9565929486523 146.126802785927 138.896350199615 100.064827134567 111.88267510559 23.4640007252644 58.2219565792183 111.93421726261 87.9711556584484 140.116333057866 0 60.2961422112718 36.1938154388248 48.3724722323244 112.542070731703 95.0498197539568 82.5829827311746 25.4322365926006 87.745413807409 27.5192518170544 115.753292560341 131.920071315998 74.3485149567132 40.595655818679 134.036293505132 68.7890192666513 61.3938215512933 60.3860862909313 67.4261842985873 79.3551900370022 88.7047746167821 113.061241270485 132.409155685093 118.868429451806 135.322030609428 134.72402058387 162.62430130884 115.789423505364 168.730997221067 134.201954362984 123.347898128855 132.526270128076 0 0 218.82861328125 144.632848889416 188.229509577963 107.130632369891 189.316749718262 186.582632782664 0 204.586318969727 164.01041264559 0 110.24973890002 157.878495423173 0 161.144345912661 195.642857284625 123.323401415722 83.6849330906958 121.938573218995 116.717292387366 162.526547996084 151.192889073261 131.063487386136 126.083445730938 154.367290535925 125.054379143639 0 0 151.565287340806 115.187942099908 158.731566364296
101.05463946 29.2923991202349 62.4618783449322 91.3358881102158 95.3342293261156 120.137615406437 79.6455675770402 111.574154271507 32.2816671900865 108.784758932213 113.580597099466 70.2544963598798 91.3059667178335 104.751025280138 77.3545006262063 31.2904619245587 79.2424442675071 115.497796886573 101.493298071617 106.021846052097 60.2961422112718 0 54.5286876397316 34.6750488814258 69.1762448300138 88.0835287982982 37.2029982560513 57.9948504556151 88.2367305738176 68.5322702297707 89.5838633285119 127.740706040916 65.8222826588653 59.844042989645 135.055295233204 66.4500556809902 52.0707190103274 62.9114346762416 66.0286719705949 67.7650116253207 85.6876756584316 104.99100290215 96.1156734425874 66.9886410135531 85.7647703524387 99.5468830401836 108.959398365413 128.715333593136 0 136.955610272999 57.1002171168412 78.4245071340644 86.5527749904683 115.003036499023 0 123.104036306741 151.646092477199 40.3508904978245 144.152525404804 92.3937835693359 106.422475112623 130.410294816372 142.76631650082 159.955827895742 59.9242647415952 92.8508963929079 142.935886054261 122.110333441587 150.461178983199 83.0656222704751 22.4920555063856 74.0795131777996 78.0179779691805 130.8929092862 123.448949742778 73.6670954267837 94.658474023451 130.056539498128 89.1779572543402 105.773490905762 0 77.5870381916223 75.4679525493067 150.073480243455
106.554932815061 68.6444087491689 35.9855334156603 135.926571817997 155.567936638123 137.089465245099 89.2352704169867 126.50278696436 99.461307470165 126.430943932436 83.8935978544005 162.170995961877 115.074172656931 118.8268511019 148.519322304972 18.1298517221626 35.2947700314038 97.5739323587568 70.8284152525536 146.3280187212 36.1938154388248 54.5286876397316 0 69.3469710722893 98.6531788302061 69.7248047756049 44.7568549820144 49.0554680966382 105.983684036231 66.4006059370015 136.409870570751 137.102084122415 92.4005924769224 51.4481380632583 135.295179450609 69.1424627922882 55.1805081228319 61.1409564374593 66.3917786328704 80.5929706517823 80.0715208770329 96.7961517091391 128.447127401901 106.278695660945 116.291876924468 124.295070682387 140.110709694551 128.276651710514 214.114780456596 176.29310292967 94.2935816533564 110.545620679377 170.854918383926 0 191.076120860963 157.434061497011 187.025815292559 120.25232497911 177.945782651469 164.200373187033 204.205535888672 131.910525904539 190.416272221137 160.084220831198 97.8437060573207 127.75873475092 171.682911591788 154.981341517756 0 123.739021341364 75.4428720035435 109.117873850348 128.707746189557 138.288393259113 137.418775739032 106.807008955785 136.229855854003 161.786518252191 135.808856214588 0 182.676055908203 145.595205935984 117.935068824453 153.963771777132
81.0804590054517 81.5974575924666 114.035421958257 26.6102044704378 73.2058456268958 77.8595222298834 54.9426497823257 86.7177224863328 25.610253096136 62.2340760207823 153.194286533279 28.9157460071398 143.952609030557 90.0221516445503 45.8217082969581 39.024784905456 131.909479548975 160.410459612624 144.617838352486 29.0981165408163 48.3724722323244 34.6750488814258 69.3469710722893 0 127.472212224709 133.895765773578 76.467397022367 24.2077398849903 82.6565325612112 67.4428024336911 171.492370211748 125.779293551285 69.9300376712552 73.5419679592062 146.086936851907 72.8707794125081 90.5911038860553 85.4301148592823 89.1472199131773 47.8875593348471 92.5340397353349 138.008198741429 96.416837571719 110.366905900962 129.955972868756 136.367380625971 96.6213910488653 148.839567684159 0 129.811203266663 126.245682725694 137.17819656842 55.1690342493813 104.432386803648 133.973525281445 116.895842166307 140.42288107481 62.9698361496435 125.663586439301 185.097693373285 98.1705134915494 180.257720947266 140.817832176079 109.176946247955 108.480934014985 166.01038341725 181.663513183594 188.347006586972 116.321713284923 112.347217334303 78.9626588026883 123.70916756782 85.8249171648413 138.643089174125 173.953308572041 141.386705402895 110.14266921251 135.324489184483 115.328773262326 0 182.899712341278 117.116345170882 123.183951499395 171.607911063941
137.70050076423 26.1703521420868 86.8172729315274 0 0 108.659855059509 155.791057978791 104.80244854508 100.107550227796 176.392787567946 35.9164240646768 144.274426474983 17.4203180952505 107.463318434292 158.820246542688 117.027885805273 68.9763930783569 47.9181261975447 48.7224877205358 171.548895086969 112.542070731703 69.1762448300138 98.6531788302061 127.472212224709 0 47.1821820773467 33.2920900386609 140.153217602946 92.5971714871207 130.745965888919 49.7540692880416 0 0 51.0595871605834 185.319347686051 89.1150631182031 23.2886410834288 51.3912291411132 73.5113775975597 121.295456910532 78.9597244262695 26.2765615979691 108.729253133134 46.5035051303994 87.4904002604853 148.204940357462 0 0 33.3772565322403 0 39.2635753175663 105.984208020974 0 0 0 201.971120894138 0 125.824714702441 0 62.5757041635057 0 43.9966110711082 112.732048034668 192.870895385742 116.315014052035 95.0397210489152 69.9136267612492 74.3256422888568 0 181.091629818166 112.156245772443 131.652254319346 149.202364765172 25.908518857597 70.6851233267063 66.8261571907359 140.656158447266 186.054565429688 138.96618182398 75.2342028132422 0 0 83.1967541845668 0
150.219529055708 51.2963308302381 31.8226574685933 142.122985839844 0 147.44762108843 134.559159515356 143.492148819146 127.34041218111 176.426387493203 35.8734369530208 173.306787819625 28.9622720968406 129.681915968633 184.944528727572 110.517670649651 39.8927486608264 31.2770335255396 30.4486965458823 175.043570586014 95.0498197539568 88.0835287982982 69.7248047756049 133.895765773578 47.1821820773467 0 32.461990627732 118.487585668145 124.313754751015 113.206072253869 13.0099163202803 114.791291854569 141.994654706125 64.0955129830582 152.634257310092 88.3017006012249 56.330803647981 64.3847638582072 72.426257731344 119.190645755413 92.7528348970691 75.8268880295462 133.975214048273 101.90583881182 113.908030143286 123.007554390622 158.526551242127 134.538879394531 104.872030214232 0 64.8031679168868 112.574301383983 0 0 247.158309936523 181.170152451772 0 151.169846131522 201.915466308594 107.865173768904 0 84.8031664791946 196.382218971861 0 153.635412835191 111.338815392391 107.279390522159 107.093184685328 221.816879272461 145.722159208834 110.859919864078 141.811854070161 182.348368665895 66.1518878601138 98.3338136897388 97.4684029238407 192.036147241737 193.747935166135 167.887007015008 111.695107288154 0 180.331512451172 111.036786833185 163.064236341476
145.88089425544 33.0324582452063 43.1925898553346 148.47978135925 154.468087191182 164.018910994673 115.12126035139 149.591936826582 94.8284115386388 160.469638176454 63.8756919422293 148.756091838994 30.0454253286643 141.615267934842 128.420071937856 32.3874361172933 69.6604593332214 68.5780116750388 67.324472464527 179.864902476961 82.5829827311746 37.2029982560513 44.7568549820144 76.467397022367 33.2920900386609 32.461990627732 0 75.9504831897914 129.117816449022 109.527104703012 25.0417711522333 119.413667875179 113.836241421496 71.160341339729 147.749157703916 82.6186679399709 62.1665578463521 70.2979562971901 74.984679382809 93.9109994350957 90.9593337569863 92.9302951855633 123.32974586997 97.0887933696305 106.023355843669 116.386927195408 125.349312185404 136.151974190256 131.967437775019 174.382058377794 60.3200038061703 95.9073648429757 106.634137620413 0 200.167860409299 158.402835278346 181.549754201989 129.195128026985 183.135123932324 113.70328266419 129.328475952148 93.0919896718433 176.490833792111 177.342019544224 95.7909385560637 107.277788732398 109.948237277359 106.421890487786 0 126.794147719638 64.7150673297801 106.840409453603 144.958477983926 65.6123409179256 98.5215675952253 93.0474155993139 145.760626426937 175.288886851437 151.709979295218 115.679088538026 205.366119384766 161.098673085896 110.099039902351 165.948924672054
82.9793226672468 100.757998975637 90.2391144356983 21.5580046226246 106.700360222572 76.7393377333904 40.2876463742745 93.6359972096087 58.142132231309 29.1539722876734 151.381166396556 54.6671528613187 145.118880619734 95.3221612174658 84.6420536949783 37.2818171926165 105.438850108449 153.450404958907 129.084916062494 32.7345631728835 25.4322365926006 57.9948504556151 49.0554680966382 24.2077398849903 140.153217602946 118.487585668145 75.9504831897914 0 88.1743021627566 45.3899989294236 187.149059077348 134.291551410253 72.5944931510457 67.6247876793348 146.130352570972 77.0553482916547 81.7937737842612 81.6558620353557 84.350453768034 82.6495208896038 98.4856626108914 147.59417712075 114.286038811213 147.582700899479 141.374683638335 140.001105505458 119.646280517652 172.467280705472 194.518157958984 145.450889748339 119.703559707138 158.102295539484 96.321774878127 151.303988129118 152.051661329937 134.778627042549 154.682035579978 89.0546608527367 155.957886187674 0 124.547321895159 194.578765869141 155.089340427755 134.412617738702 113.800878573598 161.027752219165 0 187.939609731584 146.774973942442 123.04136076633 88.3469822162442 133.648892745341 108.544497821281 176.782254707222 187.330742139239 147.026849164298 126.697100884586 144.348298255529 122.778491877415 205.718902587891 228.944839477539 133.785393019982 130.869966717525 176.215742021107
19.4344351959415 127.556760003386 129.767502206991 97.3538380008813 29.577704767872 52.9839594364261 67.4455605723589 44.6760924228864 79.5892207186196 96.0272925090772 72.8718401964826 95.3081386199654 72.1515704360119 30.6390538044448 62.2242796944647 97.3547264305968 119.382680312893 98.9541152095197 110.96915847219 101.348652240652 87.745413807409 88.2367305738176 105.983684036231 82.6565325612112 92.5971714871207 124.313754751015 129.117816449022 88.1743021627566 0 45.7268840019403 114.864478570188 21.3684125850878 22.4117942015019 39.9588958188429 116.732634555803 63.6845724285397 77.0042144696696 56.1315844593967 70.1741396743895 47.6309295491494 34.3893554961545 65.7064378598239 143.119936794579 133.352001660919 144.043718706162 120.137579349507 166.585779814097 115.7875822745 79.8025720511917 153.241417725244 146.043070684317 182.575183294539 168.111925032718 0 188.028781695705 155.967172578626 178.237757435983 102.822763206335 179.32568933785 197.586410522461 149.077030492288 81.4853669299197 183.502167986126 165.248886108398 154.312153312732 174.42147683816 179.920847246099 217.95832824707 162.297487127622 145.64667239321 107.080641401562 162.672381501906 132.509283629948 101.7724609375 208.410465627104 173.869015730312 148.294457900737 168.135239665631 143.555589081851 0 0 157.585820440157 145.992300558869 142.305249198804
46.9323394732546 105.462981456375 91.8667156015122 100.284397849437 118.222355372062 96.7282341338378 25.2365653096919 78.5345288837547 62.069985047953 95.5019608876179 127.613993296531 128.49691314079 130.793444364164 68.5243768560479 94.186345387416 84.0774461641969 83.6109369775107 125.141856522285 108.173619969804 139.74082885401 27.5192518170544 68.5322702297707 66.4006059370015 67.4428024336911 130.745965888919 113.206072253869 109.527104703012 45.3899989294236 45.7268840019403 0 168.680578829587 124.152786967116 52.8348678416637 41.4066975935963 135.032462257096 70.4794752886383 82.1785306100894 69.2744351485927 74.0510961120148 82.9629552250592 87.4213964140832 123.510379332487 138.908309816437 142.186764263066 150.101238537742 139.950197355674 131.084437389462 96.3567276000977 0 139.928087048138 129.581755219974 151.875940908695 133.279513594205 0 156.675376756664 138.07781574803 158.300235674763 91.6268072375031 168.628371390319 229.148165434965 153.675129521991 140.603389280951 162.642592357382 153.229939221595 127.220200864635 167.224413036835 199.134204176129 166.992610311631 149.905830841585 134.667817543899 100.002706216304 141.774014668557 116.886176309037 208.959794935266 174.110908291346 151.388246120383 128.30779472047 148.043306593317 127.765586406224 0 213.24435938847 127.629926485073 134.74793144311 171.368702031269
146.519450384726 65.8532130135406 96.5253931848602 0 0 138.529271246365 175.839524884326 158.939215041405 155.107540975231 176.313110351562 41.3278503277005 170.539125534275 17.6498710005684 126.318048013976 0 149.414134950002 93.388768401871 53.3628984338975 63.0892761195748 191.147903442383 115.753292560341 89.5838633285119 136.409870570751 171.492370211748 49.7540692880416 13.0099163202803 25.0417711522333 187.149059077348 114.864478570188 168.680578829587 0 0 0 76.2530304130826 184.06852722168 105.161004804522 60.8368064390467 70.5477772987188 81.3813010048025 176.491928100586 0 77.3416672181032 163.628391586814 101.851682197382 109.2477484723 190.799057006836 0 0 0 0 80.7773879072717 161.833940553493 0 0 0 0 0 0 0 105.207954855392 0 87.7659796268098 193.944854736328 0 0 143.999547837259 106.391241632541 122.429993877064 0 0 0 166.398065659381 0 68.1500269830169 115.054130305597 106.222589704442 0 0 0 113.773426059537 0 0 119.597021351445 140.22331237793
98.9739159406299 120.96061706543 0 140.316905316254 13.6412794490509 18.4766463299277 124.832247828822 29.9040119044137 116.459247627029 123.487041224164 75.1242683450541 109.712262611162 58.185729776753 23.9704520990709 47.6686398964371 0 112.106097906667 0 0 123.113818522324 131.920071315998 127.740706040916 137.102084122415 125.779293551285 0 114.791291854569 119.413667875179 134.291551410253 21.3684125850878 124.152786967116 0 0 72.2259979713828 16.3879432901792 120.927838353364 75.2810894024396 72.0707282527685 43.7253919896406 45.5467767956642 39.4733922293495 17.9327628178284 61.9236243102915 0 88.1019990061554 107.520624657818 82.8831137049647 0 0 79.0162096606176 0 0 0 200.781295776367 0 0 203.681930541992 194.024698623516 194.098205566406 227.245880126953 0 0 69.8980994568799 205.892396534777 0 0 0 0 0 0 0 0 0 194.085807409209 0 0 0 196.261087314469 0 0 0 0 0 92.0445404052734 135.326036371757
