0 6.89719480276108 215.129324495792 18.3005403876305 9.2048667371273 158.982977092266 5893.51680439711 1190.1020988524 128.110289484262 227.867386609316 39.9046097993851 13.974641919136 5.70221310853958 13531.0194567144 5.02035853266716 30.246611982584 173.198781490326 2.06699603796005 13.9296882152557 7.33317372202873 364.725167185068 42.1399031877518 509.320551663637 288.25691652298 0.863703966140747 95.3301281929016 112.69176402688 670.159059196711 10703.2552050948 4183.95077124238 2.82587844133377 23.3040235936642 294.339479714632 400.754409521818 16.1983961462975 476.296328634024 15.8239022195339 429.302576601505 82.3048910498619 82.8496663868427 82.5270751714706 5.00858777761459 6.13981288671494 1.24966096878052 2.53372097015381 3.92089879512787 0.395670801401138 0.607903838157654 0 1.23519575595856 0 2.30193388462067 1.86319750547409 0.481967866420746 2.70697292685509 6.67796316742897 1.18401801586151 12.0374046564102 4.68869060277939 0 0.837480306625366 0 2.60084480047226 0.687279045581818 8.46723031997681 0 0 0 0 3.0278714299202 5.77743637561798 13.1124860346317 26.8948671966791 0 0 7.97390156984329 22.1110220849514 1.2006824016571 5.43930009007454 0 0 0.611454725265503 2.10566732287407 6.874302983284
6.89719480276108 0 407.171696603298 0.985445499420166 1.05354461073875 4.12326753139496 29.0531022846699 5.60797712206841 773.648384332657 3.03262448310852 254.5755623281 10.7750337123871 774.273041427135 12.1882533431053 18.6545036435127 135.120222955942 161.710335284472 82.8881890177727 314.159811019897 1.71224570274353 38.1730517745018 3201.18724232912 125.811168134212 542.255047380924 1875.87942835689 1284.19176921248 6457.48337119818 90.1707659959793 7.4499409198761 37.4907085597515 53.2172630429268 1.36791729927063 3.27261835336685 175.907068222761 2.3638568520546 117.501212328672 135.044103592634 307.538303256035 67.7459007203579 90.0954440236092 2.5170556306839 52.5638290047646 39.5919485092163 29.4915369153023 40.8979573249817 28.5086566209793 3.30781292915344 2.30977910757065 0.999711155891418 2.06859588623047 236.94835165143 144.603930056095 2.63369995355606 0 0 2.23482966423035 0.386713534593582 18.9103334844112 0 10.4136148393154 0.429051727056503 23.9776450395584 1.35726374387741 0 16.251088142395 68.3759521245956 8.12410300970078 55.2231212854385 0 8.38823372125626 26.2753380537033 38.1629823446274 5.64216887950897 81.0115140378475 295.992442697287 732.414482086897 8.54046452045441 1.25928342342377 10.1850073933601 1.23503714799881 0 0 27.2282944917679 0.621546566486359
215.129324495792 407.171696603298 0 1.27510648965836 1.53644096851349 72.897310167551 568.589949816465 393.401736617088 123.879801869392 61.7338738441467 47.046963006258 2.78494748473167 19.9003201723099 518.289378732443 2.35846337676048 72.4027199745178 2651.81400239468 73.7933003902435 457.012793213129 1.60171091556549 2225.13081598282 661.080685466528 15465.9377204776 152.931924551725 25.859200656414 17713.8968855739 11677.4976096153 711.496615231037 299.81129655242 1331.66700622439 9.83346998691559 3.70941659808159 42.5214721262455 343.410119205713 20.5899921357632 1052.90498635173 264.822196602821 1098.89063313603 456.488520205021 66.5468199849129 32.346175044775 5.46003067493439 76.6764997541904 29.6595365405083 47.7014105916023 46.6580278277397 4.34170401096344 0 1.25037050247192 1.68272686004639 112.440850257874 354.142399549484 0.868353545665741 0 0.448085516691208 24.4477942883968 5.51907289028168 23.5825791954994 3.98180466890335 3.27106738090515 0 2.96341177821159 7.7125261425972 1.22881042957306 90.3325819075108 92.597894102335 1.41938209533691 12.4295683503151 0 31.5843994021416 113.299128472805 305.246038049459 33.3200367689133 10.3821857273579 109.451079636812 1409.44151705503 37.8415427803993 6.03080534934998 34.7885788679123 0.336187571287155 0 4.35678172111511 14.4431350231171 17.6441321074963
18.3005403876305 0.985445499420166 1.27510648965836 0 4.97735774517059 145.26410228014 229.246165961027 112.592545330524 540.162894129753 7873.68467408419 2.09839141368866 2604.719817698 0 81.2885098457336 68.7154397070408 0 0 0 0 25821.4724703729 1.91250866651535 5.28684520721436 6.20131927728653 1945.1810234189 0 0 1.62743943929672 12325.1437267065 41.558935135603 12.2716819345951 0 1.93856772780418 4.06184881925583 40.326682716608 4.19290518760681 98.2263303101063 1.576744556427 45.2772361338139 5.52217307686806 185.476993948221 21.3866565227509 0 28.8028754591942 0 0 0 53.1292234063148 0 0 1.54500252008438 0 0 82.9001519680023 1.15293288230896 31.0045810937881 32.1602003574371 3.60166203975677 107.173861265182 111.075148105621 0 173.95189511776 0 4.8423290848732 10.7896645665169 0.626162648200989 0 0 0 31.9985798001289 0 0.579973995685577 0 99.1923000812531 0 0 1.88374209403992 67.0774526000023 0.972196161746979 1.79063647985458 0 0 0 1.08474743366241 0.401993125677109
9.2048667371273 1.05354461073875 1.53644096851349 4.97735774517059 0 6526.06777569652 27.6277126967907 998.704961359501 80.3724676370621 24.5015728771687 92.067634344101 92.4816005527973 14.7971425056458 388.662560135126 2561.84773898125 0 2.39556732773781 2.37726819515228 1.68648916482925 5.01188457012177 0.686397731304169 7.76821005344391 8.62259277701378 54.3493344187737 0.94402664899826 5.64822375774384 5.42299738526344 21.4901934564114 369.180156826973 9.00625628232956 1.77420836687088 4034.57685095072 1.53949809074402 1736.44888868928 0.629644334316254 66.8287853300571 9.03709304332733 117.750792711973 8.30310109257698 7037.61805588007 3361.94701987505 10.2693127393723 0 0 0 0.9320427775383 0 0 0 0 0 0 0 0 0 0.299330949783325 0 1.32920610904694 0 1.14627850055695 0 0 0 0 0 0.335390001535416 0 0 0 0 0 0 0.387171119451523 0 0 0 0.989279419183731 0 0 0 0 0 0 1.10213375091553
158.982977092266 4.12326753139496 72.897310167551 145.26410228014 6526.06777569652 0 2112.86874586344 23635.0192685425 382.872844398022 20877.6687063277 111.852576166391 6150.28031894565 49.6358295083046 3319.20389410853 3972.27632910013 16.0128560364246 21.8285334706306 6.47591882944107 2.72382211685181 722.15280777216 102.983513712883 25.305838316679 145.543717771769 374.520441055298 0 25.5185624063015 49.0057154595852 1170.17607349157 1032.14263442159 209.73315808177 0 2133.6020630002 8.96426385641098 939.34969574213 47.3061771392822 292.208102911711 17.74461632967 309.761775761843 31.5268103480339 7553.36702796817 1259.08550640941 16.0370917320251 8.85482037067413 0 2.06151676177979 0.423693716526031 7.65956199169159 0 0 1.10427534580231 0.628618657588959 2.33367824554443 20.0404886305332 0 19.8768490552902 50.081256210804 2.00486850738525 32.6658894121647 65.0055176019669 0 8.9300309419632 0 4.14223808050156 2.03890824317932 4.9429042339325 0 0 0 4.33337271213531 4.50785824656487 2.26704034209251 8.42376565933228 75.4149297773838 0.906138956546783 0 5.83520445227623 89.7254028916359 3.60983675718307 8.28717958927155 0 0 1.75597661733627 2.96795743703842 2.08795446157455
5893.51680439711 29.0531022846699 568.589949816465 229.246165961027 27.6277126967907 2112.86874586344 0 4523.28962166607 1549.62938687205 16137.787636131 35.3408288657665 379.491329014301 11.9434712529182 9293.55434408784 90.559444963932 218.215274959803 104.728096038103 0.410620421171188 9.72236374020576 301.669508576393 1218.909422189 275.841512322426 1391.84090071917 3871.86355796456 2.22013628482819 140.247784852982 413.233635872602 17150.0309590697 2854.39930400252 10152.6434786022 0 36.9840653240681 198.29577255249 658.358724683523 70.1210956275463 2116.60064971447 34.3416246473789 967.655200749636 219.090751260519 387.006177902222 185.080866008997 4.78369337320328 32.0607407093048 4.40783444046974 13.5070167481899 8.16986492276192 30.419442653656 3.04902535676956 0 9.61440747976303 3.84570467472076 13.1286838948727 81.3855792582035 0 53.6710848808289 173.728228330612 27.532807469368 160.695675760508 207.278414994478 1.23005223274231 38.769562125206 0 5.7738264799118 7.09327265620232 32.4415139853954 1.92454102635384 0 0 28.1377463340759 10.9620630741119 17.7766260802746 44.9677160084248 388.666069597006 2.29501920938492 1.93477112054825 70.1894301474094 364.14892655611 20.4903909862041 32.2440170645714 0 0.500657021999359 6.50157871842384 26.6654309332371 18.6980665624142
1190.1020988524 5.60797712206841 393.401736617088 112.592545330524 998.704961359501 23635.0192685425 4523.28962166607 0 341.072360306978 4434.44669556618 319.23301666975 1198.17812535167 117.70135346055 26260.4472709298 677.892391353846 49.998711168766 195.490326017141 12.0909194946289 31.9198780655861 271.99943497777 503.464005172253 85.0464581251144 745.721968591213 563.636936619878 5.88440102338791 172.296699494123 227.933838456869 1425.66950121522 2960.68104147911 1364.49849271774 2.70698034763336 2236.67980223894 44.3491816818714 1409.42466595769 28.0416289567947 820.701941102743 40.7444051206112 717.706635594368 133.446852445602 2369.29340052605 1279.02090969682 38.3995386362076 13.7511685788631 0.759566843509674 4.21713823080063 2.93108713626862 0.785754561424255 0 0 1.47164911031723 2.64652162790298 5.9610935151577 17.5092324018478 0 14.1915832161903 52.2283389270306 3.06397274136543 48.3840595781803 46.3831731677055 0 5.81389334797859 1.6810462474823 4.66082060337067 0 14.6409311145544 0 0 0.720545411109924 11.6984689235687 5.04682320356369 7.26675122976303 22.5890232026577 105.398831903934 1.0373512506485 5.15996307134628 44.3452360630035 99.5899777710438 13.100487947464 10.8554956018925 0 0.357943445444107 1.67497438192368 8.01513507962227 16.0934724211693
128.110289484262 773.648384332657 123.879801869392 540.162894129753 80.3724676370621 382.872844398022 1549.62938687205 341.072360306978 0 1226.50714933872 25.1436363458633 1508.25267094374 44.3582998514175 318.303108334541 924.476063489914 468.666785895824 28.6502221226692 7.49580502510071 33.7625045478344 305.478207796812 520.979845613241 5057.51068735123 398.666113853455 15357.9752605259 96.0170562267303 103.334901213646 925.844612121582 3751.18939197063 423.48320864141 995.637537270784 1.84546691179276 6.61308085918427 114.533847361803 208.877305150032 18.1500890552998 679.212929040194 19.0582451224327 272.943845510483 68.5625179708004 2186.69355547428 52.1187836527824 7.55840969085693 77.8902441263199 2.00345093011856 15.5138084292412 17.6326191425323 133.962996870279 4.56364238262177 0 13.7660943865776 3.92250829935074 18.0523728132248 140.944895684719 2.37362068891525 57.7007192373276 197.174730211496 14.3995375335217 531.924068272114 312.541897684336 4.88439494371414 113.974771976471 0.352097779512405 13.5141730904579 26.6365581154823 65.4644359350204 5.94141718745232 0 0 57.9892847537994 46.7186340689659 50.4569519758224 62.1144629120827 567.104431509972 2.87846821546555 11.6104766428471 70.6378341019154 411.726550579071 35.8040721416473 64.4394781589508 0.788484454154968 2.17499369382858 16.7041159272194 34.0401790738106 9.70704901218414
227.867386609316 3.03262448310852 61.7338738441467 7873.68467408419 24.5015728771687 20877.6687063277 16137.787636131 4434.44669556618 1226.50714933872 0 28.603176176548 18845.6693102717 12.0017571747303 2203.33277967572 146.398791998625 23.6016476154327 6.82707226276398 1.30273139476776 3.06602802872658 18764.4144060612 101.99812862277 32.3496231138706 135.175881773233 1626.69640174508 0 9.63699090480804 66.4125744402409 11291.2066337764 640.207377314568 211.199873834848 0 37.5934410691261 42.0145771801472 370.340335011482 80.0694380104542 892.786955833435 10.9323569834232 576.631520837545 83.8247053623199 627.218109577894 151.047311335802 1.55818033218384 64.7355906367302 0 9.32292461395264 1.51470547914505 93.6620072126389 1.68448317050934 0 0.812686383724213 0.578776836395264 3.21441146731377 144.090534687042 0.482530683279037 63.6093246638775 163.389620453119 34.3819567859173 295.2578599751 468.737720370293 1.82456177473068 90.5310868918896 0 13.1658592820168 19.8067712783813 9.18367055058479 0 0 0.481258034706116 65.1289444565773 8.86522504687309 10.9060798287392 15.8419622480869 453.28466168046 0 0 14.7064307332039 374.555891752243 12.5976359546185 10.1603941321373 0 1.41907441616058 2.12780410051346 4.83637499809265 17.3835093677044
39.9046097993851 254.5755623281 47.046963006258 2.09839141368866 92.067634344101 111.852576166391 35.3408288657665 319.23301666975 25.1436363458633 28.603176176548 0 4.44246995449066 14307.5450499356 499.312022656202 8.83446097373962 1.78832924365997 424.397513091564 6818.79475057125 5446.18592914939 8.76354059576988 14.0827795565128 36.4749991595745 39.3329898416996 21.9072974920273 2408.27906319499 10387.4771203399 3973.96405875683 29.8600199222565 318.674668490887 23.7097283899784 1918.8947480917 201.96201851964 4.16009306907654 10772.5038480461 7.04637253284454 443.327006042004 2718.74430465698 6589.30037981272 304.5552726686 115.671071261168 69.2528147697449 1244.14655256271 7.43117225170135 9.28525829315186 27.945068359375 1.11059021949768 0 2.27762794494629 3.43001961708069 0 32.9282570779324 2.6307375729084 0 0 0 0 0.582698225975037 1.20599436759949 2.24038660526276 101.771777808666 0 222.761034876108 1.54232680797577 0 1.60564815998077 4.79235088825226 89.8952805697918 60.413058578968 0 1.40953132510185 0 2.68116188049316 3.01855394244194 207.219635903835 293.244638711214 225.715213477612 0.355444878339767 0 0.994584321975708 24.618010699749 0.58517050743103 0 13.6739252209663 5.80590751767159
13.974641919136 10.7750337123871 2.78494748473167 2604.719817698 92.4816005527973 6150.28031894565 379.491329014301 1198.17812535167 1508.25267094374 18845.6693102717 4.44246995449066 0 3.66468200087547 228.638729035854 4012.31859409809 2.9713109433651 1.22216001152992 0 2.67106330394745 22037.6720192134 7.39071822166443 53.812563419342 8.73327776789665 1756.85973516107 0 4.39357763528824 16.3746308684349 1326.92128893733 68.5936992764473 22.228672593832 0 15.2064047157764 1.60790729522705 57.0131121575832 433.406471908092 83.8943448960781 0.360139757394791 48.3608821928501 12.154862254858 3799.51310634613 20.0452345013618 0 13.7230098843575 0.414934813976288 0 0 29.6586373150349 0 0 0 0 0.502983868122101 23.7441948652267 1.09981632232666 16.5749325156212 16.2780212759972 2.05627316236496 56.7416211366653 171.328350991011 0 237.243538945913 0 0.936874151229858 5.66636341810226 0.36573189496994 0 0 0 42.8774905204773 1.90981262922287 2.79826727509499 0 44.8886557519436 0 0 0.523966431617737 34.78944632411 0 0.703642606735229 0 0 0 0.51717334985733 0.371268093585968
5.70221310853958 774.273041427135 19.9003201723099 0 14.7971425056458 49.6358295083046 11.9434712529182 117.70135346055 44.3582998514175 12.0017571747303 14307.5450499356 3.66468200087547 0 132.885300815105 3.25230675935745 2.25421988964081 35.1962939500809 575.464756131172 308.949159771204 0.714712798595428 11.3872517943382 120.512568324804 22.3232308328152 27.3153519928455 9929.68570232391 5443.89301994443 7603.29971706867 11.7458650767803 99.1201664805412 8.1733406484127 6227.9253629446 48.0719985961914 2.65680021047592 2764.79442381859 45.6751437783241 470.828929781914 2460.84143468738 2960.71520096064 591.263832092285 52.7301894724369 1128.30118003488 5727.64627203345 7.4844796359539 25.1472962498665 56.1296071708202 9.54971504211426 0.62594747543335 0.655129611492157 1.69955402612686 0 37.7221912741661 5.2669392824173 0.525741815567017 1.01071593165398 0 0 0 0 0 174.19916176796 0 405.608957737684 0 0 1.99691462516785 6.41577112674713 163.020981013775 89.6452602446079 0 0 2.05011513829231 3.06742429733276 1.53842103481293 303.459267318249 451.305319368839 366.853685110807 0 3.69109272956848 5.81960469484329 41.6882625222206 0 0 25.4993661642075 40.5206982493401
13531.0194567144 12.1882533431053 518.289378732443 81.2885098457336 388.662560135126 3319.20389410853 9293.55434408784 26260.4472709298 318.303108334541 2203.33277967572 499.312022656202 228.638729035854 132.885300815105 0 136.792512893677 67.6586320400238 347.093067526817 24.5530788004398 58.1309467256069 122.630425959826 787.94271466136 109.784524142742 1189.59110376239 699.223602771759 15.5546428561211 288.136910438538 306.016061633825 1760.00718024373 13799.1258051097 3821.07890570164 3.60530322790146 1351.18089172244 142.010342538357 1805.89676862955 33.9611473977566 1319.78692081571 70.973613768816 1329.30433416367 196.068917393684 1169.37513685226 756.462078720331 42.5150299668312 17.3510589301586 1.7207880616188 6.53094962239265 3.36995962262154 3.22046557068825 0.341093808412552 0 1.28421324491501 1.2694593667984 7.74539339542389 5.24575769901276 0.803877472877502 3.25966802239418 29.9356081783772 4.13192495703697 19.665479183197 20.8363797962666 2.72477757930756 3.45636466145515 0.983839154243469 1.08681488037109 0 14.8086329400539 2.30259603261948 0 0 5.59523230791092 4.63714331388474 7.02500635385513 44.360348790884 101.730976909399 1.04696905612946 3.22503325343132 48.9223172962666 66.7629116177559 5.78304725885391 8.90938234329224 0 0 2.27946105599403 6.7072426378727 15.4314353466034
5.02035853266716 18.6545036435127 2.35846337676048 68.7154397070408 2561.84773898125 3972.27632910013 90.559444963932 677.892391353846 924.476063489914 146.398791998625 8.83446097373962 4012.31859409809 3.25230675935745 136.792512893677 0 2.7617578804493 1.5440120100975 0 3.42377865314484 67.7942545711994 5.65837633609772 87.7458924055099 7.2815328836441 783.450149089098 0 4.39490029215813 19.6507675945759 189.032859265804 39.8641482889652 13.9279365539551 0 122.755176156759 3.15526795387268 34.6140198111534 1.31994032859802 23.1629275381565 3.80490064620972 20.8010183870792 2.18156123161316 13560.0275306404 53.3730799555779 0 4.02147173881531 0 0 0 8.57897692918777 0 0 0 0 0.42106905579567 5.29790949821472 0 0 0 0 7.62637937068939 4.56489124894142 0 3.11025255918503 0 0 4.9113786816597 1.18469789624214 0 0 0 2.05378484725952 0 0 0 4.85403025150299 0 0.780483484268188 4.22322607040405 6.32535487413406 0 0 0 0 0 0 0
30.246611982584 135.120222955942 72.4027199745178 0 0 16.0128560364246 218.215274959803 49.998711168766 468.666785895824 23.6016476154327 1.78832924365997 2.9713109433651 2.25421988964081 67.6586320400238 2.7617578804493 0 21.0058605968952 0.521649122238159 5.72671547532082 0.58747011423111 4506.64787325263 4957.3348121345 15309.3551241755 3400.40301066637 6.69657146930695 30.901623159647 7498.33497044444 3586.67492875457 127.933856457472 311.612960338593 0 0.325945645570755 43.9121572077274 305.122453808784 27.5225982069969 1469.84806790948 83.7830731868744 550.42378693819 383.718612402678 47.6779998242855 78.5358347594738 2.4917297065258 44.1516493558884 1.22862058877945 7.68255078792572 15.4931316971779 2.6013605594635 1.92507562041283 0 3.66352087259293 5.29541128873825 35.2341125607491 0.524915397167206 0 3.04864063858986 28.8710660636425 2.02394151687622 58.4512905776501 2.12497916817665 2.64542400836945 0.995039880275726 0 6.50169518589973 1.947385430336 360.367320656776 9.38491666316986 0 0.878369450569153 0 94.9071470797062 151.283906489611 406.035994768143 155.003720700741 0 6.74719703197479 191.164087593555 193.687389999628 14.777832120657 68.0265373885632 0 0 4.15328526496887 17.3846096992493 21.009303599596
173.198781490326 161.710335284472 2651.81400239468 0 2.39556732773781 21.8285334706306 104.728096038103 195.490326017141 28.6502221226692 6.82707226276398 424.397513091564 1.22216001152992 35.1962939500809 347.093067526817 1.5440120100975 21.0058605968952 0 295.866859793663 6739.50277233124 0 1632.1526850462 119.203797399998 8213.94599452615 36.3994456231594 27.2494473159313 7410.26117286086 2075.97135645151 128.329031199217 406.745370596647 1386.15866625309 16.8156077265739 2.78538262844086 72.7609125375748 1287.99217832088 3.44874751567841 299.076387941837 160.086119413376 842.263294786215 133.061285376549 23.0812453627586 13.2754373550415 3.51927161216736 8.81590962409973 4.14369422197342 12.5929094552994 8.29031664133072 0 0 1.11906051635742 0 24.3361302614212 22.1947897076607 0 0 0 4.21178734302521 0.534502387046814 1.65750157833099 0 2.15937155485153 0 5.22977620363235 1.89142692089081 0 10.0983028411865 8.77475339174271 1.64605909585953 12.9953859448433 0 0.573851108551025 4.47337299585342 12.9073325395584 7.69969511032104 13.3460858464241 72.5449493229389 195.024648457766 10.8460454940796 0 1.52792304754257 0 0 0 4.18162882328033 2.92710602283478
2.06699603796005 82.8881890177727 73.7933003902435 0 2.37726819515228 6.47591882944107 0.410620421171188 12.0909194946289 7.49580502510071 1.30273139476776 6818.79475057125 0 575.464756131172 24.5530788004398 0 0.521649122238159 295.866859793663 0 5372.77477166057 0 9.74205946922302 10.7263117730618 13.8231282234192 3.98501098155975 449.929591029882 8558.06932953 1370.26295751333 0.81313219666481 23.4200838208199 5.1493256688118 171.975508898497 9.34802961349487 1.63012135028839 481.292402118444 0.897385716438293 103.982798069715 228.189307749271 546.378115296364 55.74713742733 8.94092148542404 1.97435623407364 21.1199230849743 1.23076617717743 5.78990757465363 13.2086946964264 3.12302580475807 1.6754355430603 0 1.62408018112183 0 13.4259669780731 1.22631335258484 0 0 0 1.81231790781021 0 0 0 50.0026324987411 0 88.7171067893505 0 0 0 5.98904794454575 43.6760175228119 46.7042027115822 0 0 0.751423001289368 1.98044973611832 0 117.587112754583 183.913129359484 143.536174654961 0 0.501195728778839 0.642448425292969 11.1641708016396 0 0 6.87975198030472 0.334406316280365
13.9296882152557 314.159811019897 457.012793213129 0 1.68648916482925 2.72382211685181 9.72236374020576 31.9198780655861 33.7625045478344 3.06602802872658 5446.18592914939 2.67106330394745 308.949159771204 58.1309467256069 3.42377865314484 5.72671547532082 6739.50277233124 5372.77477166057 0 1.44018483161926 81.3979126811028 58.7370164096355 295.240120708942 17.738704264164 337.998971790075 15202.2250934243 3979.84946259856 19.0366052985191 40.8399432003498 74.6255303025246 95.1680201292038 3.8801833987236 0.990416049957275 1984.75931540132 5.99109476804733 294.976069569588 382.783818930387 1588.2906947732 185.853107333183 11.3023819625378 5.61950469017029 14.7536776065826 21.6937331557274 6.07978898286819 20.5060585141182 7.21272838115692 0 0 0 0 58.0691702067852 29.4905433654785 0 0 0 0.775757312774658 0 0.500721752643585 0 20.6399274468422 0.692712426185608 35.9071619212627 0 0 2.49432867765427 29.7726764082909 17.3034971952438 46.4521321952343 0 0 3.97015875577927 4.05418825149536 5.15689617395401 78.9421497285366 235.109239250422 287.924472093582 0.446912556886673 0 1.85537102818489 8.61272525787354 0 0 9.87381076812744 5.57814502716064
7.33317372202873 1.71224570274353 1.60171091556549 25821.4724703729 5.01188457012177 722.15280777216 301.669508576393 271.99943497777 305.478207796812 18764.4144060612 8.76354059576988 22037.6720192134 0.714712798595428 122.630425959826 67.7942545711994 0.58747011423111 0 0 1.44018483161926 0 3.54581725597382 3.14823144674301 6.75016099214554 1600.46445098519 0 1.27103292942047 1.7087996006012 3610.69790044427 64.2626460790634 4.57774865627289 0 5.28298538923264 3.95564946532249 33.9034839868546 35.5813333392143 82.9736103415489 1.1714026927948 54.2534227371216 9.99355560541153 223.859139412642 17.571500480175 1.14305377006531 9.41818299889565 0 2.85259056091309 0 20.2945384383202 0.459371894598007 0 0.774790644645691 0 0.361748218536377 21.8251898884773 1.94371896982193 24.0405234992504 36.0332705378532 3.38357502222061 58.5789147615433 63.6171066761017 0 103.237759232521 0 0 3.69650214910507 2.24191337823868 0 0 0 6.76804947853088 0.947458326816559 0.467418164014816 2.2252479493618 71.9535719752312 0 0 0 57.1207381486893 0.580049455165863 0 0 0 1.03545123338699 2.73561322689056 1.72845649719238
364.725167185068 38.1730517745018 2225.13081598282 1.91250866651535 0.686397731304169 102.983513712883 1218.909422189 503.464005172253 520.979845613241 101.99812862277 14.0827795565128 7.39071822166443 11.3872517943382 787.94271466136 5.65837633609772 4506.64787325263 1632.1526850462 9.74205946922302 81.3979126811028 3.54581725597382 0 981.924101531506 23092.2646511197 1153.2254961431 5.30917352437973 444.916675448418 1673.69257247448 9712.41053637862 917.331142216921 16296.2825087309 1.79063582420349 5.29650917649269 231.671383649111 4855.83065843582 125.083335876465 3842.84448572993 227.904475390911 3009.33460074663 1174.02784514427 154.643279522657 218.274448782206 7.65206369757652 52.5995546281338 2.8886650800705 19.5428341031075 28.2382785975933 2.08378040790558 2.66112208366394 0 4.5053625702858 12.5580228567123 32.0135667026043 0.703439950942993 0.441933870315552 4.35155707597733 35.7969489097595 6.77027788758278 67.1576198041439 3.29415541887283 0 0.727319896221161 0 11.1982347369194 0 206.552485942841 12.9920847713947 0 0.389650702476501 1.41897535324097 115.741864264011 86.3966529965401 188.881417781115 177.120487958193 0.646373569965363 12.241101026535 170.270253330469 221.83915117383 27.0336574018002 76.9494245946407 0 0 8.9461542069912 21.0192216336727 58.35032376647
42.1399031877518 3201.18724232912 661.080685466528 5.28684520721436 7.76821005344391 25.305838316679 275.841512322426 85.0464581251144 5057.51068735123 32.3496231138706 36.4749991595745 53.812563419342 120.512568324804 109.784524142742 87.7458924055099 4957.3348121345 119.203797399998 10.7263117730618 58.7370164096355 3.14823144674301 981.924101531506 0 3115.70447078347 8456.9183331728 261.623290747404 264.750337183475 7722.24587973952 1409.8952524662 110.500878095627 359.300870776176 8.44455257058144 3.3395037651062 43.9620998501778 197.37222340703 16.7966832518578 1171.08391663432 251.420308202505 843.132396936417 402.380170434713 370.462171852589 41.0764262676239 9.96468430757523 39.2433876991272 11.3829670548439 16.5732018351555 15.0351921916008 6.14980164170265 1.79645222425461 0 5.77757728099823 29.7326653599739 79.2201642990112 4.12462070584297 0 3.18141612410545 33.6202411949635 5.1899501979351 51.4789994060993 5.63654166460037 0 3.88730591535568 0.701337397098541 5.4699889421463 4.44804787635803 388.090191960335 20.3714846372604 0 3.48536470532417 0 82.798682063818 218.00305262208 460.736463040113 133.990274876356 0 35.1124521493912 553.388918489218 125.391552835703 10.7942216992378 28.9339834451675 1.21600258350372 0 0 19.8367918133736 18.7903297245502
509.320551663637 125.811168134212 15465.9377204776 6.20131927728653 8.62259277701378 145.543717771769 1391.84090071917 745.721968591213 398.666113853455 135.175881773233 39.3329898416996 8.73327776789665 22.3232308328152 1189.59110376239 7.2815328836441 15309.3551241755 8213.94599452615 13.8231282234192 295.240120708942 6.75016099214554 23092.2646511197 3115.70447078347 0 1311.3246575892 12.4546558260918 2129.16980832815 14042.6133601069 6939.03261530399 1074.26491460204 6012.52934315801 3.91327768564224 8.30909150838852 276.524867385626 3779.32484534383 235.921032965183 7741.95726826787 775.650838017464 5336.37481471896 2834.16682007909 352.212644159794 346.625347673893 22.7529283165932 126.150417298079 36.2046769857407 43.0967264175415 49.5049264132977 14.1002205312252 0.754979431629181 0.567181885242462 3.89619839191437 42.237614095211 212.841250896454 4.49411478638649 1.02289855480194 4.0014328956604 69.6303081810474 8.74444374442101 71.5680727660656 4.43173238635063 2.56908357143402 2.94856864213943 0 11.6127311885357 1.63897889852524 891.661401093006 51.7968436777592 0 17.7943217456341 0 174.349924504757 364.945535063744 1223.77573949099 241.032597064972 6.85337007045746 36.9252544045448 1446.2467905283 277.364763110876 17.5995795726776 82.8380622267723 0 0 6.41838407516479 40.9260750114918 120.981561362743
288.25691652298 542.255047380924 152.931924551725 1945.1810234189 54.3493344187737 374.520441055298 3871.86355796456 563.636936619878 15357.9752605259 1626.69640174508 21.9072974920273 1756.85973516107 27.3153519928455 699.223602771759 783.450149089098 3400.40301066637 36.3994456231594 3.98501098155975 17.738704264164 1600.46445098519 1153.2254961431 8456.9183331728 1311.3246575892 0 45.3144156634808 92.1215685606003 1701.00456354022 34822.290876314 967.30504706502 1967.09870022535 1.83818000555038 12.0495610535145 264.979454785585 646.717297881842 42.520213663578 2104.15172287822 40.5139620602131 818.327542454004 193.894800662994 1563.72875279188 135.665309995413 8.00141853094101 161.443339020014 4.54504758119583 45.6192737519741 23.9034565389156 80.8891712427139 11.1276087462902 0 24.6308771371841 5.46406418085098 20.8013449907303 143.975893646479 3.04128381609917 81.8108507096767 363.846253842115 35.3243604302406 377.993020921946 310.389827787876 2.12093532085419 88.2864523530006 0.445246875286102 32.5690251886845 13.5033327937126 140.017903506756 10.3677749633789 0.362623780965805 2.11757874488831 73.6293118298054 92.6904150247574 63.9189472198486 147.275273799896 830.848572582006 1.99314996600151 9.02396294474602 101.760059714317 829.18729108572 60.6131773591042 109.064630538225 0 0.929620444774628 18.8580355346203 63.4440185725689 19.3987647891045
0.863703966140747 1875.87942835689 25.859200656414 0 0.94402664899826 0 2.22013628482819 5.88440102338791 96.0170562267303 0 2408.27906319499 0 9929.68570232391 15.5546428561211 0 6.69657146930695 27.2494473159313 449.929591029882 337.998971790075 0 5.30917352437973 261.623290747404 12.4546558260918 45.3144156634808 0 1570.08456945419 3155.08103892207 6.53701168298721 9.60163682699203 2.10176721215248 222.079054772854 2.5235111117363 0 262.656449735165 0.639146983623505 43.0743340849876 967.406252145767 385.687240421772 32.3209739327431 10.6241031885147 1.24819397926331 1142.64303684235 11.8018054366112 54.0622888803482 75.729644715786 7.18907064199448 1.34170687198639 0 20.166046500206 0 148.231387615204 12.6399150490761 0 0 0 0 0.8084317445755 0.579995274543762 0 146.931790471077 0 446.237532138824 2.67573770880699 0 0.361571431159973 19.8314039707184 117.356932282448 121.57380464673 0 0 12.4131617546082 1.48350793123245 0.392545312643051 479.954832911491 590.206839591265 558.481789052486 0 4.48227488994598 1.49292278289795 35.7220314443111 1.14288985729218 0 21.6108953356743 0
95.3301281929016 1284.19176921248 17713.8968855739 0 5.64822375774384 25.5185624063015 140.247784852982 172.296699494123 103.334901213646 9.63699090480804 10387.4771203399 4.39357763528824 5443.89301994443 288.136910438538 4.39490029215813 30.901623159647 7410.26117286086 8558.06932953 15202.2250934243 1.27103292942047 444.916675448418 264.750337183475 2129.16980832815 92.1215685606003 1570.08456945419 0 41838.205241859 125.175934135914 155.374275386333 465.762675076723 2561.35709562898 15.2669947743416 20.1348226070404 1872.35779690742 4.8234700858593 553.066937029362 665.976145923138 2216.51228755713 330.759927242994 27.4216046631336 16.7868820130825 56.7474710345268 80.447503477335 65.7959301769733 155.919790327549 44.0771895051003 0.998117715120316 1.02336943149567 3.02636218070984 0 318.843285501003 165.029238343239 0 0 0 10.1140632629395 0.602760672569275 6.88803565502167 0 107.291932404041 0 319.415855914354 2.05629521608353 0 19.0561457872391 123.016994267702 145.997000396252 279.522553861141 0 8.99150240421295 15.5367502272129 37.7630085647106 4.31482398509979 460.560275167227 1378.17810672522 1548.81371924281 7.76770716905594 2.35714417695999 8.79098382592201 42.7884387373924 1.24158978462219 1.24470412731171 66.5146664977074 8.40491420030594
112.69176402688 6457.48337119818 11677.4976096153 1.62743943929672 5.42299738526344 49.0057154595852 413.233635872602 227.933838456869 925.844612121582 66.4125744402409 3973.96405875683 16.3746308684349 7603.29971706867 306.016061633825 19.6507675945759 7498.33497044444 2075.97135645151 1370.26295751333 3979.84946259856 1.7087996006012 1673.69257247448 7722.24587973952 14042.6133601069 1701.00456354022 3155.08103892207 41838.205241859 0 1922.2750326395 247.131555944681 736.677625834942 2772.0895369947 10.1929322481155 65.0561982095242 2662.40997037292 89.778737694025 4642.82870715857 1841.86277699471 5867.04407191277 2030.19022741914 316.800381571054 91.1011844873428 79.1637321710587 268.999684512615 144.92477107048 277.472380578518 177.471644043922 13.5451010465622 1.75602298974991 2.53891623020172 9.79466879367828 724.916098594666 1111.55584028363 2.56125172972679 2.70844745635986 5.01214146614075 87.6929651796818 8.97171330451965 60.879039555788 9.20163720846176 109.921391755342 0 251.884719789028 12.8541254103184 3.23445090651512 659.956692039967 338.632134616375 118.018011748791 305.775697171688 0 136.328437179327 421.250415980816 1329.12220355868 194.441569209099 455.545670121908 1736.66466593742 5582.95411074162 191.714878827333 15.8331348598003 96.5782508254051 25.3018182814121 0.355888307094574 5.59695678949356 134.495974361897 87.9640229046345
670.159059196711 90.1707659959793 711.496615231037 12325.1437267065 21.4901934564114 1170.17607349157 17150.0309590697 1425.66950121522 3751.18939197063 11291.2066337764 29.8600199222565 1326.92128893733 11.7458650767803 1760.00718024373 189.032859265804 3586.67492875457 128.329031199217 0.81313219666481 19.0366052985191 3610.69790044427 9712.41053637862 1409.8952524662 6939.03261530399 34822.290876314 6.53701168298721 125.175934135914 1922.2750326395 0 1772.5339769423 11320.3432630002 1.21601492166519 18.6119166612625 476.497400820255 1916.63835138083 103.917151540518 4165.48937040567 89.0943140387535 1882.82333111763 561.896963834763 678.780532822013 243.006840795279 11.6208623349667 169.367558479309 3.7557917535305 33.696973323822 23.4189643859863 117.687795251608 5.57520917057991 0 27.7662107944489 7.97120329737663 34.4817633032799 160.946828603745 0.332477509975433 86.4982145726681 376.336970120668 40.7067057788372 468.038058936596 421.516810506582 2.46242547035217 114.128405094147 1.5335681438446 40.0905478298664 28.4610587358475 233.493495553732 8.71360260248184 0 1.7140371799469 76.7943205833435 124.163375526667 77.7584912478924 196.821886122227 988.011586666107 0 9.08920454978943 162.364963203669 959.535830706358 83.0161391794682 151.344217211008 0 0 24.8535875976086 51.6951747536659 64.3656775355339
10703.2552050948 7.4499409198761 299.81129655242 41.558935135603 369.180156826973 1032.14263442159 2854.39930400252 2960.68104147911 423.48320864141 640.207377314568 318.674668490887 68.5936992764473 99.1201664805412 13799.1258051097 39.8641482889652 127.933856457472 406.745370596647 23.4200838208199 40.8399432003498 64.2626460790634 917.331142216921 110.500878095627 1074.26491460204 967.30504706502 9.60163682699203 155.374275386333 247.131555944681 1772.5339769423 0 7749.85747948289 4.96303063631058 2450.7304520309 9669.53770461679 3015.65173459053 65.3936727046967 1545.49317479134 60.5351383388042 1890.7594435513 207.447610974312 504.708433270454 918.14429295063 27.8193076252937 23.515978038311 1.53864234685898 1.7261888384819 4.26853996515274 4.10927498340607 1.93367063999176 0 1.76930236816406 0.694316387176514 7.60694187879562 3.59099388122559 0.442184239625931 4.02160528302193 38.9256521463394 2.41202989220619 30.7190964221954 16.6814537644386 1.18764781951904 4.55799314379692 1.27513360977173 3.51096075773239 0 16.9394524693489 2.30029973387718 0 1.13060116767883 0.959028899669647 11.4118288755417 10.0453413128853 25.9678677916527 105.721570789814 0 0.592607319355011 26.2364945709705 89.1147783398628 11.5434609353542 24.3783077895641 0 0 1.48714619874954 6.91039395332336 36.365352421999
4183.95077124238 37.4907085597515 1331.66700622439 12.2716819345951 9.00625628232956 209.73315808177 10152.6434786022 1364.49849271774 995.637537270784 211.199873834848 23.7097283899784 22.228672593832 8.1733406484127 3821.07890570164 13.9279365539551 311.612960338593 1386.15866625309 5.1493256688118 74.6255303025246 4.57774865627289 16296.2825087309 359.300870776176 6012.52934315801 1967.09870022535 2.10176721215248 465.762675076723 736.677625834942 11320.3432630002 7749.85747948289 0 0 16.1273083388805 799.046745300293 4554.73137685657 60.8752484619617 2363.40875467658 125.728575885296 2080.61586046219 565.804265081882 143.235426127911 161.56270968914 4.18632572889328 64.0164805948734 2.64032018184662 18.0155105292797 10.9174030721188 0.603861451148987 3.25988832116127 0 9.46872898936272 8.84448510408401 28.1913304626942 2.31553840637207 1.64664649963379 9.28329148888588 62.3872447609901 6.96496191620827 55.3514150083065 13.7778708338737 0.844317257404327 3.49157649278641 0 7.4253990650177 2.25500947237015 92.9793630540371 1.92891076207161 0 2.83024036884308 3.21557700634003 65.1175275146961 28.002777159214 98.5250912308693 230.332088470459 0 3.5397789478302 87.8932066261768 298.355123072863 27.8909297585487 57.8354495465755 0 0 6.22526034712791 23.0930116176605 44.8278883099556
2.82587844133377 53.2172630429268 9.83346998691559 0 1.77420836687088 0 0 2.70698034763336 1.84546691179276 0 1918.8947480917 0 6227.9253629446 3.60530322790146 0 0 16.8156077265739 171.975508898497 95.1680201292038 0 1.79063582420349 8.44455257058144 3.91327768564224 1.83818000555038 222.079054772854 2561.35709562898 2772.0895369947 1.21601492166519 4.96303063631058 0 0 3.24145966768265 0 77.2398610711098 0 5.9522231221199 54.9036758244038 108.104155898094 7.07989293336868 1.95815190672874 0.59017676115036 19.2146708369255 0 1.33028209209442 2.05151867866516 0 0 0 0 0 5.74593883752823 0.850218236446381 0 0 0 0 0 0 0 21.0851430892944 0 49.1827127039433 0 0 0 0.52225524187088 23.7448098361492 7.83548551797867 0 0 0 0 0 41.3792969584465 61.644646435976 46.4882971048355 0 0 1.96764075756073 7.79812908172607 0 0 4.53069293498993 0
23.3040235936642 1.36791729927063 3.70941659808159 1.93856772780418 4034.57685095072 2133.6020630002 36.9840653240681 2236.67980223894 6.61308085918427 37.5934410691261 201.96201851964 15.2064047157764 48.0719985961914 1351.18089172244 122.755176156759 0.325945645570755 2.78538262844086 9.34802961349487 3.8801833987236 5.28298538923264 5.29650917649269 3.3395037651062 8.30909150838852 12.0495610535145 2.5235111117363 15.2669947743416 10.1929322481155 18.6119166612625 2450.7304520309 16.1273083388805 3.24145966768265 0 5.72276586294174 2463.14334523678 5.71299603581429 132.786786288023 23.0601733922958 318.686063081026 14.8010500967503 643.797492653131 2350.18121114373 9.78021091222763 1.08210575580597 0 0 0 0 0 0 0 0 0 0 0 0 0 0 2.98348784446716 2.64393991231918 0 0 0 0 0 0 0 0 0.956240475177765 0 0 0 0.525117158889771 3.00133022665977 0 0 1.93075668811798 0.666042029857635 0 0 0 0 0 0 4.25527709722519
294.339479714632 3.27261835336685 42.5214721262455 4.06184881925583 1.53949809074402 8.96426385641098 198.29577255249 44.3491816818714 114.533847361803 42.0145771801472 4.16009306907654 1.60790729522705 2.65680021047592 142.010342538357 3.15526795387268 43.9121572077274 72.7609125375748 1.63012135028839 0.990416049957275 3.95564946532249 231.671383649111 43.9620998501778 276.524867385626 264.979454785585 0 20.1348226070404 65.0561982095242 476.497400820255 9669.53770461679 799.046745300293 0 5.72276586294174 0 769.859976559877 13.5147363841534 238.026589423418 7.6622593998909 337.673172563314 45.8516495227814 11.2655764520168 26.8401051163673 0 5.86937692761421 0 1.25136566162109 1.29140162467957 0 0 0 1.64766186475754 0 2.9626487493515 0.457206755876541 0.636062681674957 0.598816692829132 9.89482417702675 0.563414573669434 7.1342571079731 2.36097157001495 0 1.30676436424255 0 0.950847208499908 0 6.54405516386032 0 0 0 0.493469268083572 3.91111695766449 0 5.25512629747391 20.2414994835854 1.04289722442627 0 4.37154257297516 29.7227924764156 0.383871614933014 4.5738088786602 0 0 0 2.07041436433792 3.10158807039261
