0 117.975855597084 93.4066085873254 90.0921321298859 79.3649335408119 60.1066056067025 30.1509778777477 48.3123166261433 67.0007012871923 67.3610561763149 94.8130206586909 85.313753873148 87.3986790975343 18.1960742086505 60.5906859486395 99.1146472641026 100.912237084578 153.098138068105 124.779639557985 90.4613466686792 76.6262564622754 99.5839119332792 88.9637015515268 78.4608297386356 103.710601806641 114.163028729373 117.00328701993 72.8852944514373 18.1872582140269 37.3490789995899 122.693287555771 84.4399934464057 36.0689755818942 55.0102734205114 110.34439894782 64.2300554359853 79.5425533211452 57.8112455789903 84.8797769781928 54.1731415035152 56.9356518984559 80.6106299900029 136.462054228468 102.986335754395 170.417335558735 109.427422101043 95.9232864379883 155.083831787109 0 139.708515233368 0 173.429060548316 171.629347066923 188.58479309082 166.417078063973 138.079421178493 198.985275268555 76.6889700631821 154.366385232208 0 121.954460144043 0 159.82054715739 146.562438964844 130.243980356112 0 0 0 0 173.446773653265 142.009143003885 166.326698042693 130.86788330117 0 0 154.409737882221 147.248805613283 170.455825805664 133.181565114188 0 0 134.449798583984 173.415229168866 152.484143731121
117.975855597084 0 41.6795562992911 147.250518798828 124.253839272088 147.137680805468 107.801465377082 153.878823580226 69.9029382640737 122.100658106782 64.0738181797739 87.3777982650689 47.7874306634483 132.150346718884 105.66007102023 62.2468499569873 60.0252329804832 69.7441354612363 56.8256150762259 112.340576171875 88.0012179052937 25.1399316740839 68.6471842060837 76.7210629112505 23.8464241267879 45.7205925241696 31.1041277910251 93.0609731795904 127.176846404417 104.218199773941 67.2494326180197 108.11589050293 113.527884359335 59.8502839573663 151.165169093737 78.6603273814422 53.3747571389767 59.3671840838441 69.2930683036918 91.4450544118074 87.8859537847433 56.1027319392413 92.0153569415083 66.9257803051449 85.1210464788181 78.128974762652 115.72860897094 130.005117796454 83.7732391357422 164.069048361724 22.5076024669769 58.342923994196 167.023772139651 0 0 143.181524275532 186.830200195312 91.6829844976882 0 91.180969445841 221.965255737305 79.3115519960213 125.602143795735 0 80.5170728831794 68.891505398116 91.8587371270582 77.2775930743311 0 91.0613366044565 42.5236366646315 95.0565483389505 118.117427417479 43.0058618772201 61.7184002324392 56.4837200779181 120.733845390212 159.607097663944 96.3021294118752 106.875109906474 0 0 74.4602088725405 145.242599487305
93.4066085873254 41.6795562992911 0 166.128255527033 161.411195412766 118.77786968063 91.3618126202906 115.407619452742 86.1825510316979 109.426296829759 97.760251428076 110.124284655947 95.7906269062516 107.089561782879 117.632791554138 76.8199255218237 35.6084754622564 85.1073699591023 65.2557636312722 150.744401030985 57.6858294272959 45.1556075710316 31.2033996016426 97.9691680975845 82.590469804567 26.5934345954178 33.9390526758823 73.127984915944 101.600130100212 70.3517597792339 105.772612525977 167.311052678553 104.621413624319 67.4497831688785 143.727016314059 71.5973105026679 49.7691741980942 60.1912956724012 64.439436420723 87.8966554445594 95.7193579106979 110.146330790753 117.047426038487 98.9130278408548 104.443352998523 107.665269764646 109.062797774276 0 109.316932678223 132.006117614553 65.9101754043569 89.2347286973216 158.134292602539 0 195.123550415039 144.773746535653 176.451592509925 111.65698079308 178.166430277352 126.632719108872 0 124.661934791307 177.995781966334 139.135482788086 100.945239506679 110.543831076925 132.667667806171 134.061198836528 0 129.886685913926 64.7070326966693 97.8480533857311 138.046763925217 109.368960599389 110.747199753274 86.9109547371328 135.808533526977 160.387295364548 130.144969393826 194.322082519531 0 141.802020673674 112.639083253621 139.381323080524
90.0921321298859 147.250518798828 166.128255527033 0 108.952811119504 63.0103756730246 41.7147430353961 92.0491926453882 59.7753047026006 18.9217862120886 151.649631838493 37.0890627836082 0 93.2183191672764 70.7506066881249 0 0 0 0 10.6961311530223 143.358421639053 82.8612334746487 142.777697510029 27.7988037466552 0 0 121.988671414349 17.6401758031852 101.487001386878 122.734870341243 0 148.702628716988 94.3418608322534 102.64983313179 96.75167657032 97.3659600802468 119.996482849121 93.4641750367161 122.681334821746 65.8252625972922 108.363937441375 0 88.6252946576864 0 0 0 95.6862042387776 0 0 154.832864158849 0 0 70.0096579266938 138.039169311523 143.134845195326 139.648939248594 166.025073426932 89.1350588840266 145.148752366707 0 34.481245384622 0 163.838737316369 118.160374671807 198.748428344727 0 0 0 91.1011578438808 0 141.293334960938 0 115.694660314369 0 0 203.326024246817 140.839322086486 161.564636230469 156.760930119687 0 0 0 139.057907104492 130.322662353516
79.3649335408119 124.253839272088 161.411195412766 108.952811119504 0 12.8179152545403 107.775010912691 25.557900640217 57.4962059819583 119.769138703818 58.3834053300032 60.9751302117719 55.7461815246744 37.9458520699478 18.8554695792294 0 144.66228096036 71.6608308837057 104.74625493043 94.7872558733963 143.132571945631 108.173466537317 143.868047157659 78.1684110200972 75.4759063720703 84.8895977884442 126.793629520693 108.074234905021 26.9449719836724 110.3928898196 123.035107914065 12.0101341765438 79.8462911483439 16.1146331026744 85.9090118408203 75.2135874908128 61.8980228796502 40.2680203520929 58.3090262874281 11.4708254137738 9.79174812634469 60.9810956565115 0 0 0 121.902305603027 0 0 0 0 0 0 0 0 0 191.576309204102 0 116.339263916016 0 131.301681518555 0 0 0 0 0 236.773834228516 0 0 0 0 0 0 175.962387084961 0 0 0 181.585125844566 0 0 0 0 0 0 168.089096524523
60.1066056067025 147.137680805468 118.77786968063 63.0103756730246 12.8179152545403 0 51.3776010527313 21.2588921261292 63.6206563970973 23.0024416667141 67.3525997262396 28.4356963002536 60.8123022003601 36.9594592385879 21.0716747487581 120.206824942185 121.181387349639 112.782078671608 109.301182900845 38.3270242519928 105.191810453275 100.7229731436 116.129107859145 71.5646780695312 0 132.928219488672 133.52973000271 63.5158915650871 35.2817357881873 84.642587492973 0 19.9499632791328 99.194980705664 30.4866408012845 45.0049022283483 86.4685240335532 79.5569785742192 57.7459453771719 86.0735588911262 16.8094123328959 22.0036213467029 59.296127781799 142.122444562707 0 174.148175670104 204.531204223633 98.9978880804526 0 0 183.812477552224 161.430755615234 176.866151907754 147.616194964015 0 150.07002526411 134.776030833205 148.160682738919 89.9002920628198 149.949931526878 0 119.765724622757 0 158.782719275767 118.509642101775 163.217358881875 0 0 0 140.42701049896 161.781796545673 163.465626927033 177.672439842878 127.26943753326 146.556930541992 0 186.919920149344 141.554457823338 153.005798347892 159.08818392818 0 0 149.485403840579 126.674759458114 135.799009555089
30.1509778777477 107.801465377082 91.3618126202906 41.7147430353961 107.775010912691 51.3776010527313 0 58.658149433442 53.3793024614682 18.7050633068169 128.89205356274 46.8472119232636 120.132108059569 43.8552293296577 73.3298791964696 80.8151417583045 103.945653173299 133.128311157227 139.018920285033 32.2447112340208 68.4365452046582 75.8172493561977 81.6007511875702 51.8937530715589 132.991530955063 113.245135652214 107.144047181814 38.8449069331784 59.5566329077098 28.7613144439016 0 121.705028936331 72.5770594580311 78.3729266127258 133.386959492424 75.1910705493616 104.0509694757 78.9084853370374 90.682900540847 71.3104989646514 83.101424757652 113.354398119477 128.548250677504 146.105577681855 152.222657007083 149.50823697643 102.198741953968 144.341743135938 0 132.200382889727 170.781995080147 162.619653748738 127.791013257032 0 135.488434587432 126.176975652147 143.739302937354 79.2765333623768 135.440717895605 159.607770967683 118.796814784602 0 145.018700569328 108.471223849212 137.847475863759 173.623311858477 0 0 118.811114933202 136.270365892729 106.457889729217 151.227269228216 113.502184630289 170.643233942148 197.238808340631 145.513103323351 124.380600449025 154.823717078325 134.27295952623 0 204.441375732422 147.596325850334 135.233290709988 156.61119293113
48.3123166261433 153.878823580226 115.407619452742 92.0491926453882 25.557900640217 21.2588921261292 58.658149433442 0 77.9746278611944 51.0689517809308 70.5988652646968 49.8435462523637 63.2036568538712 20.7340623174626 40.7728208489722 113.743816513649 124.806675776614 114.350686627904 115.978815921186 73.6309422867794 99.6452800623687 110.108180070958 108.691147097388 88.0080094051253 113.226315591376 129.739684747088 130.92804581213 87.6925388537256 36.2008235238242 78.0159087861679 154.877434066118 19.3933852047869 82.9692949785317 39.1940242932155 121.699060206462 81.2958656572843 89.656546363066 61.6509646602909 92.9646466326639 35.468690218804 31.5195700967878 62.7107123818933 159.88934112243 105.337890625 190.303277215049 187.40079098351 158.185806274414 0 0 167.84767419746 141.313402369947 180.941512135985 142.436711887959 0 169.652741117331 145.808250245407 189.40287766941 101.535087323603 152.51711668568 0 141.824935111127 170.936584472656 204.263326701635 0 152.037427579034 0 0 199.71044921875 142.951568254922 168.423359602938 134.041887829323 176.741695155405 132.772428084489 119.541175842285 205.736804681733 172.524861164744 146.349029438214 163.790315334995 172.663065310712 0 231.081726074219 141.122920573547 169.842746758205 156.023470506707
67.0007012871923 69.9029382640737 86.1825510316979 59.7753047026006 57.4962059819583 63.6206563970973 53.3793024614682 77.9746278611944 0 68.2468510937057 144.572414388655 21.1389905369693 126.51066231483 86.2456256006555 26.3276589874657 49.8531102485212 120.123864347482 148.794751878866 124.0890718584 52.8054692905002 58.2924245861224 29.418368466372 73.6026542082433 24.2429815787924 103.208605469292 117.979313074986 86.898257525786 52.0595195248035 80.6402124777201 57.2829845455328 148.981076479152 103.052197331983 67.6277501556471 74.6030036464422 138.207145516563 68.8998790226029 84.2550287258767 81.3234801673854 87.265604208194 19.404919677579 84.4308093835472 132.80339478339 72.9787082775071 80.6477783644373 108.025484254429 99.9043677711966 44.5613278376677 111.586935694997 0 70.5357522553479 128.017204731497 99.1498823415024 76.6565530568379 70.7988985343366 86.1335164562106 78.7279421246706 111.867714604472 24.8155923339481 85.7157031475702 137.033331094276 53.2125713337429 135.356262207031 105.6331128008 55.2025789150432 70.5902720981319 120.997009205549 0 0 69.9627860219513 75.7755536360382 48.6532960194877 93.8408533728485 57.493762333718 148.950543424182 170.588116894127 120.077848168016 74.5423653121728 93.4674819665298 71.4649693647704 159.752365112305 114.432967952681 85.6995572660817 92.8367985076969 136.027990551423
67.3610561763149 122.100658106782 109.426296829759 18.9217862120886 119.769138703818 23.0024416667141 18.7050633068169 51.0689517809308 68.2468510937057 0 142.281503252043 23.3301515976456 136.736188296429 60.1266334805745 77.0687694419517 108.043668921647 138.976852657656 184.15559387207 149.938790380297 12.8302352763372 93.2371894630838 98.1351109378034 109.455501828849 55.8910387995271 0 127.054842623017 127.408968267847 31.3864313317801 98.7560735020645 83.2438656166186 0 128.995052808573 90.6070400571559 95.7970250808505 64.4524984280594 92.9978753341836 112.362257299912 92.4903975106093 96.7096340017376 74.0548995581209 98.3423155479606 130.251990258126 115.76576575045 0 166.721773722134 197.973895503255 106.295191342311 160.663146972656 0 237.096542358398 153.157165527344 171.764592970042 139.796161978218 181.480194091797 158.072950868157 145.087750443469 167.637670435935 96.0846734941252 129.910599473945 218.875665411647 108.582396972607 0 161.670318025116 132.117597354193 155.657435643472 0 0 190.58366394043 137.132270408503 167.863924795383 142.698847324601 169.021435587509 123.126230465311 0 0 175.642682510906 142.408048446617 173.406403447783 158.517323088059 0 231.654769897461 153.229224502652 159.926807732695 172.003354125555
94.8130206586909 64.0738181797739 97.760251428076 151.649631838493 58.3834053300032 67.3525997262396 128.89205356274 70.5988652646968 144.572414388655 142.281503252043 0 145.616340173391 21.1119498284754 72.2020463222361 115.328058478247 167.673111991111 59.8349458435726 21.9848072859682 27.7024590021587 133.383127052001 127.036714205394 100.462015629289 111.414593629928 151.682839155516 32.2691324925511 29.7629519392606 52.2198341144316 147.082124313347 68.9114911281211 122.513521987389 28.1060222154006 61.3935523613471 86.7275865709462 24.8813953010118 127.045121274638 73.6061077828941 25.580940351928 29.5331887541268 47.6552063535399 66.8708740335189 49.6584450780956 19.8340081329307 131.923494073404 81.47987233332 104.561548156219 125.343620300293 0 132.054611206055 47.6232221754383 0 74.9937484438465 130.332523189713 0 0 0 0 137.521255493164 174.318161010742 230.416463269601 89.249167706474 0 81.5982658672379 203.602508544922 0 137.09782409668 119.149423551737 99.832737452177 105.761641314891 0 213.344117210878 0 186.45601335129 202.955794229308 61.2006316603685 98.275168925435 100.935816381631 214.848861694336 0 180.851928710938 98.9821346104317 160.581069946289 0 122.411369744952 137.869048004502
85.313753873148 87.3777982650689 110.124284655947 37.0890627836082 60.9751302117719 28.4356963002536 46.8472119232636 49.8435462523637 21.1389905369693 23.3301515976456 145.616340173391 0 179.253861312582 72.0313213175486 17.7416517583248 131.945022613195 135.675716542254 0 155.784545462678 13.2925872338815 121.413508921191 64.682428139836 108.904047732873 26.3627050424964 0 154.593486736608 130.260066744908 47.8466533623069 103.276527752363 89.4138637928509 0 105.515117697807 105.307580335184 101.179767456257 12.0196734084925 95.0246343137081 169.032531738281 98.3973481489634 107.985254799104 22.1915066608484 92.2083015565749 0 70.9039585074363 179.567001342773 0 0 76.6801406943745 0 0 0 0 126.073333740234 118.967319661129 114.782241821289 93.0964387508069 135.100310723205 134.508768854677 68.2784531516987 55.6631740157643 0 17.0865971570618 0 189.094543457031 91.3247409803872 157.410415649414 0 0 0 36.5666938109738 134.28791975923 105.542760031849 0 101.173273191294 0 0 148.558609008789 131.677767177488 0 145.194396972656 0 0 0 205.441787719727 172.041137695312
87.3986790975343 47.7874306634483 95.7906269062516 0 55.7461815246744 60.8123022003601 120.132108059569 63.2036568538712 126.51066231483 136.736188296429 21.1119498284754 179.253861312582 0 71.546038718306 155.880415792591 102.087211359962 96.5454674149317 45.8645848528749 61.1922994549696 140.442413330078 110.870038565501 82.0560331547444 103.20285145063 138.449019312316 18.6904981211249 22.3911584904466 25.6775681744295 136.074170540227 62.0736436369578 104.315036862015 9.41848276230618 60.6463157327214 64.3677513111313 23.9339099529617 77.9917762957307 31.604379587131 18.5626467317256 24.7246305732049 20.9523653853603 66.5154561611596 13.4418176715716 11.4863745118065 74.2037984142942 78.8989593943193 98.6718200036414 110.572145957674 55.7333030700684 72.9873580932617 65.6576621428681 0 60.1299661700868 125.653393141967 207.632858276367 50.6181584231737 0 0 0 0 0 79.3343934993291 0 66.210702747121 0 0 187.052989305153 103.27168518348 87.6493322124999 94.1388370925729 0 0 118.728285295077 153.11772881562 178.650024414062 46.224907966962 83.2463339673362 86.7594955298268 0 138.852025410581 174.142634369938 86.2770941673573 0 0 109.576599218452 81.7693352838344
18.1960742086505 132.150346718884 107.089561782879 93.2183191672764 37.9458520699478 36.9594592385879 43.8552293296577 20.7340623174626 86.2456256006555 60.1266334805745 72.2020463222361 72.0313213175486 71.546038718306 0 50.6199832102496 104.474763899323 114.673252476462 112.733391653262 122.197524441045 84.3176285587256 93.4616085877166 104.929354841879 103.122863355717 91.9296233202835 94.1894560919809 122.693151148932 127.418714868766 85.8689396021345 27.4908227265988 64.2077153970498 121.899195499724 23.4636177340054 55.2935689005373 48.7078303981693 120.270502542771 73.1026653908065 82.5288803587588 57.8057503284081 81.6205104465636 42.0007737569898 41.060107421722 73.6267657119558 143.67414149813 174.109319341353 168.540742898522 161.815317955019 181.815009650319 215.494659423828 0 170.630632727218 136.320587158203 161.413641408701 162.178317551022 192.470718383789 173.531351043313 155.35897076554 180.387694719872 101.651640394598 157.24898719887 197.919248826647 158.768219786077 143.243911743164 190.034286499023 0 158.943749215794 166.232652117942 0 0 158.23953839402 177.311198405958 133.407265282527 167.697567761233 143.814760160282 214.480606079102 178.528383809327 166.817826704518 151.319685734843 180.942452029724 146.316885593876 0 0 143.278777897892 167.740530562476 135.945393306596
60.5906859486395 105.66007102023 117.632791554138 70.7506066881249 18.8554695792294 21.0716747487581 73.3298791964696 40.7728208489722 26.3276589874657 77.0687694419517 115.328058478247 17.7416517583248 155.880415792591 50.6199832102496 0 106.093687197447 128.590647767481 0 138.300346367562 54.1170123453334 119.721160334435 75.01739589577 115.341361838292 42.0125512639986 0 155.79085207583 125.375083986266 71.3315050214187 60.892928403402 92.56911156872 0 39.8928027492563 98.1645263807857 58.9550824510302 54.5130462646484 99.7929125612063 141.170856230739 83.3172908155433 60.0006985402544 11.834016230649 32.2870479026368 0 83.8400916351291 0 0 0 71.06099236619 0 0 0 0 184.170761108398 105.373891201077 0 0 0 0 66.3073890775895 117.878165997862 0 89.9771029584537 0 0 86.1518893314972 152.859212809518 0 0 0 98.0026719689772 0 0 0 118.734561928783 0 202.346832275391 145.833604741822 121.595806551694 0 0 0 0 0 0 0
99.1146472641026 62.2468499569873 76.8199255218237 0 0 120.206824942185 80.8151417583045 113.743816513649 49.8531102485212 108.043668921647 167.673111991111 131.945022613195 102.087211359962 104.474763899323 106.093687197447 0 87.467751264471 144.144821166992 121.921465381163 107.433380126953 19.4540486057136 28.2478926968589 16.7683032714772 33.8781688587705 101.971403465451 96.134358823453 26.7289797113091 35.9954762993311 94.9171027706143 71.6162187379478 0 169.489196777344 78.9588899937242 65.6454305818098 145.279347352235 71.1843247137866 54.7645958460005 71.3163777042442 74.1231651040844 83.5994710402115 81.5921565543757 103.70276969252 122.340659577634 140.65099569286 127.281503254033 135.698162917324 110.268574966695 142.966159622827 0 135.067212772398 127.59225229308 112.047135607814 143.496459960938 0 182.462459924011 130.597052105995 164.930883396655 86.0328003065353 162.297103556365 192.060208786788 122.401000976562 0 148.699002629392 137.758904900215 94.8465917329702 144.603611522763 0 117.188461303711 0 109.971145431217 59.3816332416883 99.7919054120714 109.965795418658 0 142.91397931881 106.105186173429 111.889168224651 132.959335350384 112.979122522878 0 0 108.590971500793 124.23885326232 146.513674496954
100.912237084578 60.0252329804832 35.6084754622564 0 144.66228096036 121.181387349639 103.945653173299 124.806675776614 120.123864347482 138.976852657656 59.8349458435726 135.675716542254 96.5454674149317 114.673252476462 128.590647767481 87.467751264471 0 63.7222135081157 26.6348494530929 0 55.3479118104118 74.2304980051369 26.7489269948491 122.51545357228 73.5568623701332 29.9745549396047 69.3340009301647 96.9555465520395 98.0399621450769 69.3988294631689 83.3902736113403 137.204389628416 91.1595545452502 40.1290637391613 141.261626962539 88.8121867664002 51.2538957480856 52.2931920288956 71.6256540779336 111.101360456923 97.4443818528237 77.2376683913805 133.84759783417 107.826655172178 114.179177574069 121.852219414084 0 0 106.640625 0 80.8623953540844 111.065823071331 0 0 0 186.091681557478 230.762710571289 127.319960384099 0 134.611382592364 0 146.303780636538 193.314608104657 0 114.889282445942 117.391801924974 156.162643245884 126.981775310013 0 133.325225830078 124.904653684679 133.210897738103 167.790183798461 95.7053070900461 113.963222547019 112.082100588372 147.485841096418 0 162.090399663826 0 0 0 115.374962674743 160.744551301495
153.098138068105 69.7441354612363 85.1073699591023 0 71.6608308837057 112.782078671608 133.128311157227 114.350686627904 148.794751878866 184.15559387207 21.9848072859682 0 45.8645848528749 112.733391653262 0 144.144821166992 63.7222135081157 0 19.2565569057393 0 123.090471138925 102.352557767093 111.632285788779 156.973961950119 44.6291213168556 26.6999228076823 62.0458119958903 153.125034935574 102.353810016798 117.954907454616 51.8531905194544 99.2574277370215 133.399673461914 53.9431175239136 133.966644287109 86.5623681289389 48.6863257079154 51.9398607999876 62.735380738666 93.7453821975083 75.0632317455482 57.7259326160865 209.422988891602 107.27066817324 110.960482780753 120.74318299702 136.507308959961 0 91.7609481811523 0 80.5709944544303 122.74822141542 0 0 0 205.429921636412 0 0 0 93.8682323706596 0 86.6087337444164 0 0 0 132.990966481451 105.6901478836 108.834353017619 0 0 140.09196472168 149.224003419683 0 64.4733211801561 100.093531788908 105.007114221022 0 219.347213745117 193.771331787109 98.4785028509992 0 0 120.418239922045 167.869720458984
124.779639557985 56.8256150762259 65.2557636312722 0 104.74625493043 109.301182900845 139.018920285033 115.978815921186 124.0890718584 149.938790380297 27.7024590021587 155.784545462678 61.1922994549696 122.197524441045 138.300346367562 121.921465381163 26.6348494530929 19.2565569057393 0 220.448089599609 94.6521545524036 90.8126531450929 69.0180245984095 133.485436917836 46.7744864009794 31.1761497570277 63.4688785088572 133.598027920752 105.929504149276 103.77788336713 67.7738233360363 85.0821657613629 128.270523071289 39.1713882012955 128.481640080794 81.3820742407037 46.512585381263 44.2744303876227 55.9293644350715 103.72630968287 95.5317715123049 63.3091537579072 135.547869012017 120.062913568387 115.653947799314 134.46317368218 0 0 0 0 74.4435400150153 115.864102223143 0 0 0 188.283813476562 0 167.973190307617 0 113.168584974639 194.585403442383 101.612757220693 0 0 138.414212872109 121.587652065356 106.182177522088 114.30926950644 0 0 135.213949803366 147.525051672785 171.217580829686 73.0864095959043 104.145951332788 103.269118214728 196.532836914062 0 182.601576892854 117.749012486516 0 0 133.666352208845 161.808197733213
90.4613466686792 112.340576171875 150.744401030985 10.6961311530223 94.7872558733963 38.3270242519928 32.2447112340208 73.6309422867794 52.8054692905002 12.8302352763372 133.383127052001 13.2925872338815 140.442413330078 84.3176285587256 54.1170123453334 107.433380126953 0 0 220.448089599609 0 133.40504628334 89.6762930997185 158.395565752269 17.8473658069932 0 175.370086669922 136.299168459501 26.459830847312 101.661240425873 117.119141204334 0 133.666817463485 95.5089194637787 95.5077768336 36.9954547180675 94.0012072955883 120.877227783203 90.4720308264521 98.6996909203037 53.8446311554822 86.4183540155145 126.483207702637 99.9248516612528 0 165.937103045207 0 94.5389531311368 195.165084838867 0 184.938110351562 0 164.377868652344 129.780224615231 129.797167072969 148.911229223873 141.403688764437 162.819920054077 84.3922996465441 142.701178367435 0 36.7542833065843 0 0 117.418181482875 169.547624540481 0 0 0 125.200904457746 118.129241943359 157.480819702148 175.377799932416 116.006477287664 0 0 0 139.286013926116 144.689270019531 0 0 0 162.725268393886 203.694131783679 121.661415100098
76.6262564622754 88.0012179052937 57.6858294272959 143.358421639053 143.132571945631 105.191810453275 68.4365452046582 99.6452800623687 58.2924245861224 93.2371894630838 127.036714205394 121.413508921191 110.870038565501 93.4616085877166 119.721160334435 19.4540486057136 55.3479118104118 123.090471138925 94.6521545524036 133.40504628334 0 55.1790855528177 33.7631461546384 44.9852368398051 125.436628949985 82.2367632482556 68.9821057363875 30.0280589466212 82.7440580810449 29.3443667129181 136.88133262719 153.339970542364 76.016805659602 38.8100790380263 136.328708253675 67.0829829772918 58.2379442749635 60.7667300962215 68.8063763577 83.8013314288983 78.3162867638962 103.779468293818 132.347223362615 187.959949491737 141.275038074836 138.984769876214 163.877845726 151.761667567994 0 146.367328169649 110.694313382941 132.384013667393 156.366333007812 114.746681213379 171.041319550496 140.142011472247 167.257476513143 81.0733450388061 164.848009618501 0 172.041946411133 0 162.032499032336 0 108.293623006787 154.413968245908 0 204.540481567383 121.657531738281 122.240856276031 72.7314435828596 120.322021343891 118.068434071802 154.761199951172 168.256348087202 121.441728704644 122.897765858698 134.845012887023 125.992413472898 0 0 127.674248382682 130.683278233081 149.090804352913
99.5839119332792 25.1399316740839 45.1556075710316 82.8612334746487 108.173466537317 100.7229731436 75.8172493561977 110.108180070958 29.418368466372 98.1351109378034 100.462015629289 64.682428139836 82.0560331547444 104.929354841879 75.01739589577 28.2478926968589 74.2304980051369 102.352557767093 90.8126531450929 89.6762930997185 55.1790855528177 0 50.0703396013082 31.641654324289 61.6227581421158 82.1117625842237 36.1211198486532 58.7157577618874 96.3899845366585 71.5306061176372 110.483255189671 134.035973330556 84.5494951059909 69.2354492270789 122.80235555773 62.3485807559944 46.0763522895719 58.8045073602173 59.6722573295403 62.5915215756755 76.8113875778446 90.8860606831481 108.108542192047 109.26287612595 104.6796041014 99.5341088075681 93.5600517669335 122.131822621318 0 98.9687575743519 72.3070385169971 83.6606545423974 145.276539468214 0 125.256580917162 118.007095767058 141.827438327846 58.9934062988197 127.118135467778 0 89.433212036798 141.769882202148 123.981432419422 99.1339725096165 61.4503471236919 100.272746563293 0 138.317107972664 0 82.2864083432981 23.1428529144371 71.7233393063511 89.2579021811154 0 113.112112094249 71.7961427163817 91.9964916697565 143.891615080568 96.4055209802389 183.350997924805 0 0 117.499169382545 144.054904694488
88.9637015515268 68.6471842060837 31.2033996016426 142.777697510029 143.868047157659 116.129107859145 81.6007511875702 108.691147097388 73.6026542082433 109.455501828849 111.414593629928 108.904047732873 103.20285145063 103.122863355717 115.341361838292 16.7683032714772 26.7489269948491 111.632285788779 69.0180245984095 158.395565752269 33.7631461546384 50.0703396013082 0 60.1934780621739 124.312001751068 61.6854786831181 38.5686297870751 48.1175764104119 93.846463577314 57.4159140314079 113.099614441981 150.496549100221 80.0922652101623 47.3495303950455 131.865704167761 67.865004700358 51.4309556428103 60.3595424574041 67.085761586619 79.7025651198969 79.3470556053261 100.568872749132 134.930164680718 119.932309477108 137.28810976497 127.036544302312 137.452109038616 236.398529052734 149.522445678711 133.993350930824 108.679223785735 109.651989324213 159.795051230436 109.875007629395 178.048093678833 146.841127078592 169.126859906262 101.535016940831 154.743892897719 160.969489304172 200.78298388983 0 172.106497038743 147.01804130553 100.16201195992 131.47128418089 0 154.104652978194 0 121.937109509681 69.5454614710978 107.340154895057 125.329584808898 118.967237466978 143.735305974683 101.00980050421 131.683696947998 147.861622629298 131.422158093112 0 0 132.632285419204 126.169729743388 145.070107294353
78.4608297386356 76.7210629112505 97.9691680975845 27.7988037466552 78.1684110200972 71.5646780695312 51.8937530715589 88.0080094051253 24.2429815787924 55.8910387995271 151.682839155516 26.3627050424964 138.449019312316 91.9296233202835 42.0125512639986 33.8781688587705 122.51545357228 156.973961950119 133.485436917836 17.8473658069932 44.9852368398051 31.641654324289 60.1934780621739 0 120.55433791395 124.143355347636 74.5604282044995 21.0942720086429 85.4899267071185 64.570643205884 146.974882480101 133.404176760561 73.3266005671524 70.9697048137616 137.075310543346 73.2424099929496 99.4221042508069 81.9978298146369 90.3309952586882 40.248933882042 91.495454099058 128.687315766242 116.186571776996 169.961716506783 129.695770349752 131.422455608748 80.004751619666 143.710760328452 0 122.180114010813 120.604122375871 140.818617397384 107.99217750583 153.279569825999 120.104033166828 112.865404986771 135.419012295767 61.8954328011333 119.613682624877 168.66660906633 96.6239748497586 213.907089233398 143.038283127653 87.3341118670616 104.347520294205 163.188879916227 216.263092041016 153.304350933765 104.35123487027 116.536091806246 87.2870887775289 121.652601436412 98.0954988638331 183.545347442639 167.343635442676 133.174104529445 109.586550489157 134.035326324653 120.361149945788 0 175.756408691406 121.910914958827 119.99886037583 149.174760243248
103.710601806641 23.8464241267879 82.590469804567 0 75.4759063720703 0 132.991530955063 113.226315591376 103.208605469292 0 32.2691324925511 0 18.6904981211249 94.1894560919809 0 101.971403465451 73.5568623701332 44.6291213168556 46.7744864009794 0 125.436628949985 61.6227581421158 124.312001751068 120.55433791395 0 38.0356363200018 27.7059976661304 123.603485120706 90.4705704469266 140.785918020415 44.0409966130579 77.160794440963 0 49.572754673858 112.695213317871 88.6082575617061 16.9240103764782 44.8932232680632 69.9613940693415 122.97732751743 55.524040222168 15.5015975301962 105.993145392133 33.6801878560482 66.1376349314716 82.4701794746425 72.6388244628906 0 22.0457921834543 0 19.3611782776729 92.1378491533217 0 0 0 0 132.612228393555 143.681732177734 0 49.4102704616318 0 42.3764455804304 159.947940982604 0 134.042556762695 93.1579764846119 67.8229436537243 67.229144056471 0 0 69.3189727667425 131.479914649224 190.40885925293 21.8539515706719 60.5438887068145 58.5849125354111 0 115.04039220681 126.4496583776 64.3066699372012 117.225639343262 0 80.146497177676 0
114.163028729373 45.7205925241696 26.5934345954178 0 84.8895977884442 132.928219488672 113.245135652214 129.739684747088 117.979313074986 127.054842623017 29.7629519392606 154.593486736608 22.3911584904466 122.693151148932 155.79085207583 96.134358823453 29.9745549396047 26.6999228076823 31.1761497570277 175.370086669922 82.2367632482556 82.1117625842237 61.6854786831181 124.143355347636 38.0356363200018 0 31.9303505211681 101.183350268569 113.049775353153 91.4416131181466 23.3097086033276 103.918502261132 110.741665031837 57.0233082268486 152.989802187623 88.1994838310288 54.5034640447178 57.6187681866929 67.7651916530782 123.511093170453 116.670333458285 55.6653770673419 131.50270106824 96.0877787352521 102.193785499784 108.708408634603 151.265705938936 118.670112609863 130.791128084165 0 57.7700491415311 100.482841755183 0 0 0 180.775182333737 190.726257324219 130.755695486019 0 93.30377886917 0 83.6154157903544 144.471882708654 0 135.53700901318 105.435303764891 101.063012071849 101.962632370786 0 150.838725479756 117.568461762712 140.73506213304 159.639842662117 61.8608785416266 92.5678306528326 93.2327845582374 173.48950055344 186.033745080965 157.276864660919 102.720048277116 183.862167358398 158.084716796875 111.43891243909 150.577251712373
117.00328701993 31.1041277910251 33.9390526758823 121.988671414349 126.793629520693 133.52973000271 107.144047181814 130.92804581213 86.898257525786 127.408968267847 52.2198341144316 130.260066744908 25.6775681744295 127.418714868766 125.375083986266 26.7289797113091 69.3340009301647 62.0458119958903 63.4688785088572 136.299168459501 68.9821057363875 36.1211198486532 38.5686297870751 74.5604282044995 27.7059976661304 31.9303505211681 0 70.4160964190114 118.988588493566 94.784213003616 21.654241159008 132.867420892231 106.005578391363 67.702892777826 140.166292856109 79.0341588087248 59.1455833491104 67.1722504168605 71.940242752008 90.5901665761493 94.1366712231194 69.5100793883935 121.560804840247 102.346744823677 103.11909525878 110.742595520847 129.851481416551 140.641208149317 103.971203273321 146.450980848623 60.4976742723904 91.6790180043876 157.607217814806 137.686923331125 178.349595167803 146.817836742637 173.634320556388 112.819201009052 161.812058136827 110.548167265013 0 92.3788709536203 172.561450247346 142.862153903655 95.6095706153162 106.153644951771 107.699562429927 109.861005933622 0 120.222359775672 66.5655936266172 98.4087783357459 131.444698260004 68.7291000418789 96.8795035810118 88.9769552313139 134.078823925791 163.35696326772 136.916119557081 108.431888138594 187.845596313477 152.336988534556 113.415492482104 153.171852954502
72.8852944514373 93.0609731795904 73.127984915944 17.6401758031852 108.074234905021 63.5158915650871 38.8449069331784 87.6925388537256 52.0595195248035 31.3864313317801 147.082124313347 47.8466533623069 136.074170540227 85.8689396021345 71.3315050214187 35.9954762993311 96.9555465520395 153.125034935574 133.598027920752 26.459830847312 30.0280589466212 58.7157577618874 48.1175764104119 21.0942720086429 123.603485120706 101.183350268569 70.4160964190114 0 85.0775883588093 39.4519372859324 172.917075460539 132.981587879846 74.4700441238415 65.7244876038186 139.257513607372 73.919638438871 81.2890175777855 77.5812240829099 81.4868384942652 68.060404774465 88.7322901132733 129.144422843975 116.901980328747 133.682088933551 141.686717329463 145.684013124077 102.422319391816 170.325185935912 0 136.139945677028 135.560983881684 140.07191258816 130.002668814292 130.637725830078 141.930336062593 126.403179811248 153.057746828866 78.0708894983723 136.983228189566 167.904349019038 111.92795735506 193.836929321289 153.472672934157 113.579088348681 114.619469059744 171.736769420247 0 191.345595707563 122.195334812712 126.371247626233 85.9814809999448 132.894540112127 109.923828089542 0 192.415965298396 138.652925993318 123.377286516562 147.727585470737 125.185377364448 0 0 124.38252206962 136.347668455301 162.363983453256
18.1872582140269 127.176846404417 101.600130100212 101.487001386878 26.9449719836724 35.2817357881873 59.5566329077098 36.2008235238242 80.6402124777201 98.7560735020645 68.9114911281211 103.276527752363 62.0736436369578 27.4908227265988 60.892928403402 94.9171027706143 98.0399621450769 102.353810016798 105.929504149276 101.661240425873 82.7440580810449 96.3899845366585 93.846463577314 85.4899267071185 90.4705704469266 113.049775353153 118.988588493566 85.0775883588093 0 37.8250464460128 131.584523856315 21.5000680736449 21.0295655750355 38.0625832437529 114.151916103572 63.9673800929007 79.9495693424969 46.0752522090042 68.1781924279143 45.5464423464941 34.5713594779918 56.0521938366342 156.081353952301 157.257863653227 194.799579568249 116.387741392886 165.700942023507 169.118822231267 0 128.435631743422 107.997283935547 183.238994588377 182.154920323338 82.4473495483398 171.721623586156 147.328381814253 162.010154338264 96.2184772556593 163.665100110213 167.916564941406 159.930626310044 130.761367797852 175.65534847558 0 142.313539714797 197.469005740702 0 157.064636230469 134.959457397461 152.995850149343 127.068261412504 154.840515755037 137.768419862288 0 191.781661987305 163.317347751146 148.643258049512 177.875807299012 149.002728445076 0 0 154.102525295018 149.66056278101 131.95158538979
37.3490789995899 104.218199773941 70.3517597792339 122.734870341243 110.3928898196 84.642587492973 28.7613144439016 78.0159087861679 57.2829845455328 83.2438656166186 122.513521987389 89.4138637928509 104.315036862015 64.2077153970498 92.56911156872 71.6162187379478 69.3988294631689 117.954907454616 103.77788336713 117.119141204334 29.3443667129181 71.5306061176372 57.4159140314079 64.570643205884 140.785918020415 91.4416131181466 94.784213003616 39.4519372859324 37.8250464460128 0 0 122.382587971725 47.7965950078981 33.979996768983 123.566861671533 64.728465785706 67.4060458851438 57.7516685252434 69.5668629880876 80.9950073412955 75.8040725170067 114.344639395166 132.718804967199 120.27641452897 141.073066654368 158.8544847718 133.093383789062 154.376674236085 0 129.184611286955 148.567903665274 141.857053163864 142.349494061187 108.364510541672 143.025871565337 131.611819691815 158.325712696339 76.0750653574929 152.073294348851 170.726470947266 122.128809313818 0 146.647041995848 161.658991181821 119.969776148905 161.642461703848 0 181.541622521827 124.709381337691 127.314406037108 90.8523942487826 133.05944537737 115.735607442418 0 173.003470520484 136.709182747956 123.803612002819 143.899457676034 122.788402050973 0 0 124.671647864597 122.059495484697 141.319854581029
122.693287555771 67.2494326180197 105.772612525977 0 123.035107914065 0 0 154.877434066118 148.981076479152 0 28.1060222154006 0 9.41848276230618 121.899195499724 0 0 83.3902736113403 51.8531905194544 67.7738233360363 0 136.88133262719 110.483255189671 113.099614441981 146.974882480101 44.0409966130579 23.3097086033276 21.654241159008 172.917075460539 131.584523856315 0 0 104.883984432572 0 72.3951948712486 0 105.167193417435 58.3039390927194 65.264883686591 81.1499020351711 122.490283407843 131.508728027344 60.3551660747394 0 100.154075622559 108.136068022481 0 0 0 0 0 84.2027102687008 145.982635498047 0 0 0 0 0 0 0 98.4831096009159 0 91.8490224310914 0 0 0 141.172561645508 102.718234961523 116.068906221665 0 0 0 0 0 62.6334983122683 102.449736188378 103.159362148649 0 0 156.372116088867 105.76809914266 0 0 125.374575037223 0
84.4399934464057 108.11589050293 167.311052678553 148.702628716988 12.0101341765438 19.9499632791328 121.705028936331 19.3933852047869 103.052197331983 128.995052808573 61.3935523613471 105.515117697807 60.6463157327214 23.4636177340054 39.8928027492563 169.489196777344 137.204389628416 99.2574277370215 85.0821657613629 133.666817463485 153.339970542364 134.035973330556 150.496549100221 133.404176760561 77.160794440963 103.918502261132 132.867420892231 132.981587879846 21.5000680736449 122.382587971725 104.883984432572 0 75.099972404313 22.7437001699821 106.444517232007 78.4330554622205 65.8614218558286 45.0408675768788 62.136085187282 29.9163082777046 20.8461473749317 58.8722160111383 190.834106445312 0 0 0 0 0 0 0 0 0 0 0 0 0 0 146.740586923804 209.435932685161 0 0 0 0 0 0 0 0 165.61247253418 0 0 0 228.780517578125 171.498500744754 0 0 147.610885620117 167.033325195312 0 0 0 0 0 0 146.653577776044
36.0689755818942 113.527884359335 104.621413624319 94.3418608322534 79.8462911483439 99.194980705664 72.5770594580311 82.9692949785317 67.6277501556471 90.6070400571559 86.7275865709462 105.307580335184 64.3677513111313 55.2935689005373 98.1645263807857 78.9588899937242 91.1595545452502 133.399673461914 128.270523071289 95.5089194637787 76.016805659602 84.5494951059909 80.0922652101623 73.3266005671524 0 110.741665031837 106.005578391363 74.4700441238415 21.0295655750355 47.7965950078981 0 75.099972404313 0 24.6171056272222 93.5956102267265 48.6992202947114 70.3823647212448 39.4943731363272 53.8939315601102 71.4560218320252 45.83588568192 0 151.298288820486 0 154.877426147461 151.946624755859 0 0 0 123.354738584065 0 156.47786562666 145.8798828125 75.86083984375 164.907562255859 147.047797647632 136.218811035156 88.4354103432969 162.070384744785 0 232.711532592773 0 149.074172973633 0 120.627712265895 0 0 0 142.592269897461 128.519229174149 0 141.906137520772 125.519649305874 159.032867431641 0 163.200755872308 131.371523007633 204.635543823242 130.156744183747 0 0 0 127.784383630853 121.511115044343
