0 122.591072401033 101.668637431707 91.95172891882 80.9795705230744 68.9068186944663 35.7002752861236 47.0467964565046 78.8329204923045 75.457014252978 117.295387595039 73.6607834130594 73.9930754918398 16.2047361424139 74.7666778628486 98.170464356773 104.261386857525 143.072567563637 123.867806429902 70.4945902093895 84.3088927736908 81.9934831475333 92.2496659384926 80.79233040616 139.483474731445 122.761092097059 122.63403149545 77.3513770415077 16.3142324398633 34.7389431047339 166.536281649436 82.4089692013634 33.4555757382063 54.2676855107225 119.345347534985 67.5851109681903 86.7942691298597 64.6609906692932 72.7327717728377 52.3418357363658 58.938871625346 104.789071064406 150.338911749907 159.870535503706 151.50984152555 106.924461364746 110.789100646973 0 0 0 140.501350724119 156.545924429852 152.599014282227 0 159.463311843912 154.555739497727 195.894912719727 110.475467858228 155.752166404018 0 137.287133050112 0 171.162993987953 185.460952758789 131.593951619095 0 0 0 0 140.75654235937 102.732059723046 159.27788163859 130.466934337807 0 197.907455075409 167.318821508996 144.863016945796 151.162221387636 145.359489053043 0 0 0 0 117.755797457256
122.591072401033 0 42.2827663224571 143.096113838016 100.131256103516 139.018559425488 116.533411765576 145.226197467984 67.3160767189962 139.954308112454 60.8128984121613 84.9253716247801 39.7741966654172 138.969990301435 96.0102360982182 57.6224347289001 56.5231062925424 62.9738270125135 59.9552063184183 126.574465761037 87.7128999878172 28.4645030654525 66.8381423386418 78.8230236566295 21.0762257198487 40.9006714562306 26.927358165758 98.4362356024335 123.667490073491 104.780521750016 64.6866635069655 0 115.993845905533 56.1517557472509 146.272052793839 73.4045692025241 43.1553242787426 54.8427035222734 62.9895308882741 81.8835642843576 133.415544633962 39.1033942486522 92.3133211949143 63.2502859570974 80.2498003713578 72.3994692268099 69.8710632324219 0 0 0 19.207488311977 60.6686690173575 121.258103379374 0 153.142837524414 181.212090453747 0 124.561614990234 143.784186694182 74.313082993468 0 61.5414523730976 211.007766723633 0 98.0787420393202 68.0128080794928 80.8188175724498 72.649171623891 0 106.193711258192 60.9851205064733 90.7435521013659 137.032690081207 34.0243636178051 63.2432835451886 54.7057898127821 163.680650008918 248.718826293945 111.893651713093 82.0858512780952 0 0 85.8256188052956 145.811663889556
101.668637431707 42.2827663224571 0 135.734904508598 119.326942443848 124.476218326217 94.1043654584948 116.489815920365 100.336930744726 115.504840519505 78.0448182518715 123.681099255461 79.4465367942989 113.314879677157 161.119735717773 78.3820386260297 35.0236433263249 75.8187494699348 58.3549302210818 122.836138742709 62.2333215253972 50.8379867423516 33.3415354931714 91.0182111625299 71.3654962306905 28.3795033227134 37.5049972970408 84.4366084419025 112.143253179122 78.5843996325229 81.4441489419796 0 98.1816678357741 61.3284414379977 131.60357430707 67.6596550602557 40.5308877965133 54.0094412281508 60.9133018038406 86.8984883483274 93.9540402090291 93.9489363679758 115.176102278438 84.5991111260608 97.2340060423855 102.765909168917 136.826815654212 231.326736450195 0 169.648287781249 55.5350822015528 87.2060437466971 181.983322143555 0 186.278875887193 154.072986696741 195.506690821986 139.612270013201 159.042908327042 130.319628975673 0 121.643365912368 162.7414249971 0 105.850956224781 105.636543251627 131.369348865376 120.700374885101 146.309722900391 123.887710907431 68.1322878230574 103.82068954614 137.68831611646 90.9757557146395 104.745617366374 84.7410466000227 138.180159742145 156.038221486219 135.89226026495 129.623899894929 0 140.683013916016 102.346257515903 150.272297570358
91.95172891882 143.096113838016 135.734904508598 0 0 54.5753129409141 44.5392910448383 83.9380728565466 66.4718505246988 23.4271091354556 139.687881469727 35.5298786326714 0 92.7837194493386 78.3356051596777 95.9903086556538 156.694847114102 0 160.484909057617 12.6182598847111 101.297565462635 89.6382734334037 110.140761962573 31.8420042665244 0 232.302374149458 117.229875206886 18.6676252034868 100.986937214653 90.7617553043243 0 128.408458843584 99.3653383391867 101.56454812271 156.283223191304 95.9850040497237 102.325846898396 101.956648643125 107.425538536137 75.1395236331721 104.666781038748 0 84.6125699835902 0 0 0 98.9802862216106 0 0 53.1944465637207 133.528366088867 0 76.2682209490948 0 140.139775960143 147.166055983596 203.003702782417 93.1030503022069 107.159637707364 0 22.3940762422107 0 167.199299526611 129.77597779085 0 0 0 0 36.3569713375343 191.017370636167 0 175.008350866481 123.004700952373 0 0 159.818033605462 137.422673641402 162.661924004037 0 0 0 0 157.032318115234 0
80.9795705230744 100.131256103516 119.326942443848 0 0 11.6647568817321 100.870114590894 33.6140288831442 46.3601574157953 108.207308114274 56.6944719500978 49.1426800896033 45.6152881991319 44.804103039341 16.4997697298271 0 129.911605221833 83.0957215491676 92.4647445678711 101.612831962684 152.080626239193 0 135.77521253957 103.318599797048 0 72.9070358276367 132.38362121582 132.079724536534 30.6797105477266 117.873751822979 0 13.5070268546116 73.1324182989776 16.9405962506118 104.80047941794 71.2616881531285 72.7387557619569 30.6794550155548 54.0853557208235 8.82536620612229 8.5769885969799 0 0 0 0 0 0 0 0 0 0 0 0 0 0 0 0 0 156.60319519043 0 0 0 0 0 0 0 0 0 0 0 0 0 185.53819008423 0 0 0 177.41205704882 0 0 0 0 0 0 121.846885681152
68.9068186944663 139.018559425488 124.476218326217 54.5753129409141 11.6647568817321 0 51.6594294890557 26.3131215155974 62.7059068000722 31.489677232741 69.0470088090365 27.0767171747716 83.2174175860368 39.9734622629401 19.7752245171249 112.782056549878 133.15113127538 143.980352645105 121.123410409384 37.4017484654768 110.42494098399 102.183258099653 119.928510681311 73.1372861283724 203.165344238281 144.413518531763 141.159093574026 67.2908896537278 36.0176652224241 88.7971369135802 0 17.158968504526 84.8684596895517 30.3143408671249 128.809333907836 78.7049916556514 94.6119584798951 44.9568207469238 81.7610635826351 17.9489022259772 17.7364043954317 62.6128110676851 96.9436313244138 178.185852050781 184.927468767206 181.027496337891 105.621904101577 0 0 227.770179604448 197.754548753398 174.618438720703 135.776780824087 0 174.558323096128 160.801751737172 184.687575747206 110.549936602402 169.038840932704 0 44.057894777211 0 171.426868269195 0 158.917975209127 0 0 215.441940307617 151.82109285685 0 164.427293264588 195.213471279993 132.375549291424 0 203.646502108792 204.938970381991 159.372684803645 203.697217071655 171.204447872658 0 0 154.85041809082 163.17198920049 131.919710990986
35.7002752861236 116.533411765576 94.1043654584948 44.5392910448383 100.870114590894 51.6594294890557 0 52.4974932749238 59.1543454734158 32.7338931968992 130.466469267827 48.3319854504393 136.368767803143 42.0010293181789 78.534641501681 87.7196304780747 105.042476878739 145.041452809633 126.369690820397 30.9098808543374 73.873576424606 76.6881460728266 84.9277895822761 52.7334578333187 142.616587010229 118.528954744557 110.380814807877 39.9097587322826 55.4302581394215 32.4187721768837 162.432682587793 109.315172683109 61.6331157403051 70.7046524115383 132.155246516397 78.8842616720065 90.1962765846865 77.757946538817 86.0396059312668 71.1942971701768 81.6602146254094 109.979313888796 135.697341323867 146.259914435957 158.94140101301 144.883319781529 115.657235923565 211.158706665039 0 144.287879238631 134.625509862113 150.610184551619 134.782230089774 235.818511962891 145.177149877323 131.510825783809 157.212344761649 82.1093032595399 142.33358567621 0 126.213889823351 161.900634765625 165.620688837126 108.070379290732 139.85250225772 171.248204473902 0 210.801576142196 132.421849462851 140.937604425811 111.168660323339 157.934957825179 111.844699225121 160.672409057617 172.591743884504 154.47784417478 132.044893519209 167.954630546115 155.4078266636 0 0 133.975053600579 147.068867401975 172.492367239765
47.0467964565046 145.226197467984 116.489815920365 83.9380728565466 33.6140288831442 26.3131215155974 52.4974932749238 0 84.6064097563964 41.8792055962371 87.7438118428506 63.1040944931976 109.897688250818 19.4572954421904 38.7861443022504 121.358380616318 124.674527371798 153.06035226806 140.599108601277 63.2863817791229 103.601676325733 97.0310534750628 111.479968298194 82.6639930247987 163.444066633932 137.479049538496 138.477265782942 84.5833281928381 41.5486218741074 74.0265918722969 170.985580444336 25.1507779752115 80.9530718421037 54.4593685411167 138.574755910586 85.2725775839471 108.800761675371 64.4988308765307 91.8911800679217 39.6853287054726 38.7811609707873 69.5866136318558 161.942125749083 167.459201508743 175.304226964296 0 126.326341619483 0 0 0 163.461217480606 177.626548336796 147.678944095166 0 177.757296242169 160.337887772436 202.131930602862 110.818702463557 168.302748303415 242.351699829102 118.483590357411 0 186.560326887432 132.20388769028 156.551302043837 0 0 0 154.126046824641 157.710779361571 131.712787855963 195.51371185553 138.117502575178 178.304885864258 212.074034946191 194.20719573172 156.676479132537 202.748049935769 160.847466558453 0 0 182.912573075244 167.275355799581 167.173745774296
78.8329204923045 67.3160767189962 100.336930744726 66.4718505246988 46.3601574157953 62.7059068000722 59.1543454734158 84.6064097563964 0 75.5993696379109 121.635014849015 18.459521191702 109.40239182084 89.6710112080136 18.2154149655071 62.8903678836631 114.811431064549 133.877103904238 132.741694153362 54.1595043023255 80.379293640271 25.32127880798 91.8416891645808 24.9355237543737 96.8163086298117 114.402772551726 85.711561047941 52.8384352435232 83.6102301922307 62.7744290769715 133.720183345255 112.573007267147 67.1339134293429 76.5288744945475 144.154372167559 44.199045686602 91.4038652444889 87.6270128379455 87.4432677176216 14.3232518583228 79.8095487458487 110.030845425312 61.3967669676372 94.7051391153013 110.501353526349 129.381748689785 60.0615460181502 152.581322492794 128.697341918945 112.232252963465 100.498591135412 116.616625839174 81.5425990691279 0 108.150256086038 88.9901692564674 116.07028752334 32.2721758384433 97.1107210733647 137.859245914196 70.2842208894661 152.27815246582 126.051393780152 63.618546906813 93.7990683860081 204.833389282227 0 182.764724731445 89.1026057528374 112.634482644375 58.4379454062726 129.702829760869 53.3048209086014 119.174064586833 158.600398032121 108.33618531407 84.3102119848271 122.738191350259 100.164360140608 0 150.196853637695 99.457426331504 102.549823794111 183.288529358685
75.457014252978 139.954308112454 115.504840519505 23.4271091354556 108.207308114274 31.489677232741 32.7338931968992 41.8792055962371 75.5993696379109 0 130.241613069604 17.1862125542024 117.411519939451 64.168049629734 73.0884841162878 107.012342294857 136.671184297321 185.037284085007 160.27719175173 15.4848109996856 103.505251329987 101.66216986231 109.928926075592 60.8823090729603 0 139.86219293564 132.701955968351 39.354335312801 96.5847064052109 83.227528344527 158.68896484375 119.560162411434 91.1729827816003 95.9226574188721 154.235396452549 97.2583256810912 132.186574309205 97.6678088996548 100.628116689714 79.9488904443367 96.4293937709686 116.031576477563 133.421437890116 0 178.28591341094 160.762424574556 124.499864733554 205.142883300781 0 175.551834106445 121.230170453611 180.260048199706 132.242983965089 0 166.009664551299 149.967593772899 175.931857306812 104.10666137309 92.1064049809917 0 91.6379729346131 0 181.415598634289 133.204411600094 158.694786738504 230.100749674038 0 0 83.7987407259541 183.793219161182 136.646116400634 175.7279342952 130.521801625584 0 211.923082474777 168.557264494277 152.541050724641 207.50021126811 174.557888719952 0 0 148.88330078125 159.890479112224 208.906127182753
117.295387595039 60.8128984121613 78.0448182518715 139.687881469727 56.6944719500978 69.0470088090365 130.466469267827 87.7438118428506 121.635014849015 130.241613069604 0 168.775161743164 18.3338529624145 89.8366296929319 57.836382395944 122.805574077436 57.3769780526502 22.3347197485084 30.2788844926356 125.062429873343 95.8720992647068 97.1315693431103 83.1040274658131 148.776501892378 29.4117504429435 31.0504762400583 51.0546440763364 136.481393718447 76.3714419967611 106.506246261087 21.4995350937193 60.0020451273649 118.86984602774 21.0920292960312 109.633190839282 73.9108996715945 22.3693861677921 26.9499071120392 48.0221964616062 74.8105951950112 59.0989131614902 15.6829818524226 154.532372646363 89.9801217460827 123.992254963307 131.911277325905 0 0 73.4842071533203 0 69.3555324829283 133.213132093363 0 0 0 238.354919433594 237.300918579102 0 0 88.9888477764226 0 76.9441773107732 219.360092163086 0 0 130.327627680072 98.3278367420241 118.935806063181 0 0 142.089556323887 163.393498645923 184.899934507548 55.8739460982403 102.983173438325 104.122732310098 191.781277487 0 0 97.9420607158106 0 0 128.449127197266 166.296645792401
73.6607834130594 84.9253716247801 123.681099255461 35.5298786326714 49.1426800896033 27.0767171747716 48.3319854504393 63.1040944931976 18.459521191702 17.1862125542024 168.775161743164 0 20.9215996502157 79.4560568743623 16.3608069681444 110.715215436326 173.748428344727 0 0 11.9246349544775 125.833386915762 65.2933845515164 119.983506297496 51.6016378150465 122.776779369294 156.717089380766 124.119354032503 47.1773120195581 96.1429472202605 119.469699629748 0 98.142862917147 100.811250699518 84.0428018739398 115.606053823409 47.2966026046265 29.9739284515381 81.3783126777309 68.732562496598 18.2147111529125 45.2430122537781 22.1785584972063 48.752358567875 212.967178344727 0 171.352493286133 82.392476911675 0 0 174.405609130859 0 0 100.017392457337 0 93.3131066318961 115.937564539704 124.675750732422 63.3470058594342 123.456691521528 0 25.7174146530432 0 161.446294611492 0 136.783828735352 0 0 0 83.3961791992188 173.375595092773 0 138.472683904792 98.8446046586081 0 0 0 123.993457253225 0 216.626037597656 0 0 0 141.748809814453 151.185462284716
73.9930754918398 39.7741966654172 79.4465367942989 0 45.6152881991319 83.2174175860368 136.368767803143 109.897688250818 109.40239182084 117.411519939451 18.3338529624145 20.9215996502157 0 86.393143327353 111.688739000138 103.741726176872 80.56247980101 43.6455508649786 54.3469112110135 194.356155395508 124.395956523424 76.5544140718977 102.506032030883 122.897420179056 15.6351005129531 22.9506865583554 23.5201130943357 132.13454656675 71.7883293441455 139.412405992551 11.7956173510769 54.0525513633425 168.976401233091 18.897385238698 84.5479610325667 28.6499762414353 14.7772459273259 19.1736291167758 23.1542354458754 45.7357032759604 20.0207746133927 8.66102634919639 101.170927814383 52.9029096309429 101.462178872836 89.3255406265654 0 0 48.4938491539981 0 51.9121028665573 123.673688367781 0 0 211.77278137207 0 194.298248291016 114.636619567871 0 66.6055358545031 0 59.9877592501135 205.916931993474 0 116.369228706355 148.689206192245 88.202986256901 92.5375356737566 0 0 110.244669071744 157.072382213478 202.677841186523 44.7370197857809 80.9259732220846 85.5720183637502 0 0 149.620269775391 77.5679740163705 0 188.377182006836 0 96.3950865320027
16.2047361424139 138.969990301435 113.314879677157 92.7837194493386 44.804103039341 39.9734622629401 42.0010293181789 19.4572954421904 89.6710112080136 64.168049629734 89.8366296929319 79.4560568743623 86.393143327353 0 46.5913691402173 108.039691773732 118.13343559275 129.022136124396 130.490333331956 78.5142499052316 97.0616020224051 95.2483524111274 105.272120306126 87.7929562152188 126.379331149979 130.268224662456 134.725540451555 86.562861291761 27.8329062914117 60.90387956755 171.823842797137 25.7873307462549 52.2965361315218 49.1327639674358 123.50344137687 74.1113301143905 96.331589983382 57.7049143512711 82.7022937961655 42.5818290557828 44.7700653702471 85.5861442983831 170.272674527833 0 169.115469629579 0 140.573936405473 190.150617118867 0 186.241446310603 172.487946972207 166.957492588088 194.891430620636 0 197.833011835753 161.531719377884 188.453707051635 108.846484764772 179.149339994162 0 173.616908141648 0 190.532996796408 170.415952665134 167.486742346672 178.906187733398 0 0 143.8796456582 154.342574941725 113.256171447709 191.295804096542 141.139277375586 180.225372314453 203.02699293254 174.344571549319 154.533481570295 184.040997801727 176.902396807574 239.0537109375 0 161.749800740977 151.417995992512 128.65588076591
74.7666778628486 96.0102360982182 161.119735717773 78.3356051596777 16.4997697298271 19.7752245171249 78.534641501681 38.7861443022504 18.2154149655071 73.0884841162878 57.836382395944 16.3608069681444 111.688739000138 46.5913691402173 0 128.137802124023 132.694854736328 0 136.151672363281 44.3566148921822 116.329849862557 62.5089211464794 131.154763153166 44.7351943387315 121.3521374401 158.508996392269 124.11040551039 80.4035861862287 46.7292091865307 91.1835959687552 0 37.6662905348588 87.02734375 29.3993844717484 102.898010253906 41.0776360594646 0 49.3109462570511 0 10.3904453183995 22.8785528650429 136.386840820312 52.4553691792634 0 0 0 67.9384748095771 0 0 0 121.929161071777 0 118.898159548067 0 118.487899780273 108.2514434059 127.98265838623 55.9665314965935 107.718855061883 0 94.0763117605502 0 242.963668823242 0 0 0 0 0 98.1654321907439 153.786209106445 69.2869744995057 0 93.6545305359048 0 185.971933228311 217.60302734375 124.819423816839 0 136.367972803621 0 0 0 0 0
98.170464356773 57.6224347289001 78.3820386260297 95.9903086556538 0 112.782056549878 87.7196304780747 121.358380616318 62.8903678836631 107.012342294857 122.805574077436 110.715215436326 103.741726176872 108.039691773732 128.137802124023 0 99.4460916030613 155.424697429557 117.465218047574 99.9207541801881 18.5337739055963 32.7194815891672 19.357278116019 33.9713983713898 91.7664548595309 97.0185898559218 32.9814216962581 34.5508989954617 92.0236557252203 73.9754448481477 124.260354381486 0 77.4060258679064 61.2086838871452 134.041483906932 70.2141286167196 57.0077249369174 67.5201509089633 71.4529545729175 79.4163576955414 79.8254955998655 107.351016377519 105.51837734469 99.2022202660407 112.217276653416 112.431525146152 156.319377730726 140.572858202011 162.885803222656 130.197348521445 89.6461483298656 119.301454215758 123.878211975098 0 164.045289394723 131.161205748841 156.711716125057 105.574947952597 130.035964456096 162.389419337549 183.151351928711 204.485260009766 149.602099932704 165.959594726562 96.4773740114435 138.359569552409 128.863473774704 139.731476750473 0 108.999263664974 57.2012623013317 102.658089718785 103.378431587412 117.461755751828 151.772517389981 94.2473687988358 118.312353826888 137.255519911767 114.146735210338 0 0 103.683854920712 107.440881204002 157.743927750801
104.261386857525 56.5231062925424 35.0236433263249 156.694847114102 129.911605221833 133.15113127538 105.042476878739 124.674527371798 114.811431064549 136.671184297321 57.3769780526502 173.748428344727 80.56247980101 118.13343559275 132.694854736328 99.4460916030613 0 52.2348321642065 19.3092873056357 146.733291625977 56.9497836403129 72.4638509940582 30.8316861012335 120.353455750633 69.8801682903043 33.170519527124 62.8972209212089 105.77897095848 102.387294517344 75.1908370969817 85.8634014189003 128.266529416863 96.9432683370362 36.5276721193897 136.623901005474 71.2704712853392 41.5641003661049 42.7516677216884 56.7569695655643 92.6826196952548 76.3277774650773 73.7422799057376 127.150642906658 117.204044705467 116.993058743881 138.107036364054 0 107.205131530762 78.3747863769531 0 70.8689881761411 105.036620452359 0 0 0 181.651866320458 191.825197445146 208.421142578125 193.362579345703 142.840554851933 0 124.393892498069 194.799503901288 0 138.657382406218 113.479629040323 130.663043779231 126.974026402896 0 153.072278430936 101.147304240833 128.182655878555 190.005204813883 94.0997995515415 110.918066871121 102.35780395234 189.254442042149 162.153735014103 159.233152223525 149.298422841063 0 0 123.734203596203 134.591452331253
143.072567563637 62.9738270125135 75.8187494699348 0 83.0957215491676 143.980352645105 145.041452809633 153.06035226806 133.877103904238 185.037284085007 22.3347197485084 0 43.6455508649786 129.022136124396 0 155.424697429557 52.2348321642065 0 18.1702169929516 159.194274902344 103.643609027938 106.1070246505 89.0079809283658 146.994964499789 44.780046354412 28.0426213605803 55.1006227929668 139.068150557414 119.17449158555 115.512387641576 49.1451038808615 88.7716036842191 150.759155273438 50.8373217552382 144.176969380933 86.9082982180342 45.7227714970797 51.3468164582696 64.9658793101089 130.211473334269 68.3008389358187 51.7347628953114 160.863766299285 93.2343485429428 105.087971123731 128.900508284876 178.688323974609 0 0 0 74.893402824841 134.995725025117 0 0 0 0 0 0 0 98.5903679263283 0 81.7080094818913 0 0 0 125.566780090332 101.529286615781 112.697168898825 0 169.827453613281 0 175.352610004575 159.627532958984 65.4731902184175 103.086989054193 104.136273046994 0 0 0 104.719649199732 0 0 116.653518676758 0
123.867806429902 59.9552063184183 58.3549302210818 160.484909057617 92.4647445678711 121.123410409384 126.369690820397 140.599108601277 132.741694153362 160.27719175173 30.2788844926356 0 54.3469112110135 130.490333331956 136.151672363281 117.465218047574 19.3092873056357 18.1702169929516 0 0 77.7674535771795 92.7229143348697 60.6612652071883 139.801843745184 49.4206275052994 29.3063358480038 61.1827394544022 123.864819776697 120.306010110331 96.3348748021834 61.1686163442997 79.5776127319292 164.831531594373 41.6992803294444 135.817763971566 78.6271260595806 45.0096010993452 45.9022849632697 57.4304012935133 117.359562129093 73.3646854866812 56.8483224491601 139.527154131446 114.290504976504 128.009901809399 135.726718964824 158.199508666992 0 0 0 75.7757548950627 117.289201993477 0 0 0 0 0 0 0 104.989481738578 0 93.0863719303663 0 0 143.537016217043 126.479514140232 113.632225388917 120.057522028545 0 174.971017250378 107.590795678058 147.505035818628 171.87016173144 71.096641565052 104.840166131843 103.182324199437 210.678680887518 0 0 115.891629359648 0 0 104.538665771484 133.929449351094
70.4945902093895 126.574465761037 122.836138742709 12.6182598847111 101.612831962684 37.4017484654768 30.9098808543374 63.2863817791229 54.1595043023255 15.4848109996856 125.062429873343 11.9246349544775 194.356155395508 78.5142499052316 44.3566148921822 99.9207541801881 146.733291625977 159.194274902344 0 0 110.490794411587 81.225955342743 110.413978418355 27.9741893704042 0 149.637643434646 123.934509012486 29.3393170854971 87.7209035370386 93.8242139764193 0 127.398830666207 70.1965558585543 91.8679274443199 131.088762476877 81.7157805026308 121.330778663588 95.4854264646586 96.4326555509886 57.7036165503601 92.3103403449035 0 85.1932424073198 0 214.364410400391 0 102.399787924583 0 0 0 0 151.985081363991 38.8822007984555 0 154.763127854386 133.338206853915 150.895324707031 86.8987984708989 145.179010939864 0 19.4364623301215 0 163.959089281351 114.995615412066 0 0 0 0 117.398018169957 0 113.013249242347 151.969085693359 115.387725505916 0 175.022048950195 0 136.77554238447 207.135706878849 151.644255586392 0 0 0 0 0
84.3088927736908 87.7128999878172 62.2333215253972 101.297565462635 152.080626239193 110.42494098399 73.873576424606 103.601676325733 80.379293640271 103.505251329987 95.8720992647068 125.833386915762 124.395956523424 97.0616020224051 116.329849862557 18.5337739055963 56.9497836403129 103.643609027938 77.7674535771795 110.490794411587 0 56.5025200839748 37.4938013456589 37.2825497214941 112.663793025916 87.4937759156634 73.8795286007492 33.4550882501202 84.5588359613222 36.3741434326387 144.447706070263 137.394651890034 75.7341715311059 38.4579169268782 128.871620044255 65.6156038550657 60.0110280728498 55.1973209934768 64.7867275453872 76.4760620772274 80.7902884614992 85.7430182493741 121.630037262313 118.79564795697 128.17078622563 161.529364692321 122.588810492403 160.977721504067 117.289810180664 140.146213820445 93.9805492783936 130.464791417844 168.733598213026 0 159.458995689924 138.690778486805 169.956614079208 122.446405312625 153.257172136105 0 153.312635659755 155.575347900391 160.81022175545 0 111.606554381033 138.603215546495 0 148.925517276117 158.488908575664 118.149049864634 80.5149216992376 124.823549426128 115.479822713108 118.557875986091 161.0566858186 122.858628853061 123.752631213804 151.436280892332 129.28679984146 218.220658288345 0 131.975581580669 122.619123580029 139.126222172121
81.9934831475333 28.4645030654525 50.8379867423516 89.6382734334037 0 102.183258099653 76.6881460728266 97.0310534750628 25.32127880798 101.66216986231 97.1315693431103 65.2933845515164 76.5544140718977 95.2483524111274 62.5089211464794 32.7194815891672 72.4638509940582 106.1070246505 92.7229143348697 81.225955342743 56.5025200839748 0 51.6949609545809 32.9642620460654 60.1177556778994 75.7653376096663 28.3835448127465 57.8741261467534 78.064499424313 63.4923397448951 99.2939757626978 133.817535400391 64.4605660145541 53.59866630177 121.627585032489 60.5917397539444 46.840812017499 58.0145713064606 59.1517424976005 54.4510813508578 85.1815040336869 84.4337423464 85.2464551515186 82.7964064366182 86.7325602088442 90.9826953782306 116.483556890466 0 0 102.121020796197 56.2466557535388 76.9624928598182 97.5436302124928 0 149.266136828642 112.721042433283 135.612318632376 57.4499752100459 121.176028319487 100.343568858175 115.082420349121 116.667235638661 139.539387876597 95.3174887699858 67.8772909081553 100.192357793205 130.860625749924 113.120216572797 131.55062428807 82.7402358242852 21.6726539333393 76.4174968946562 77.9792080477381 65.9631997279414 119.760803082408 61.8738935366634 101.731754984322 107.830184648246 98.8637536314419 0 0 87.7046429183281 87.216295792439 140.79422037834
92.2496659384926 66.8381423386418 33.3415354931714 110.140761962573 135.77521253957 119.928510681311 84.9277895822761 111.479968298194 91.8416891645808 109.928926075592 83.1040274658131 119.983506297496 102.506032030883 105.272120306126 131.154763153166 19.357278116019 30.8316861012335 89.0079809283658 60.6612652071883 110.413978418355 37.4938013456589 51.6949609545809 0 64.0143040243573 96.060273262194 61.6320368791761 42.6049556148886 59.8974379140434 95.2237733818134 56.1071337030848 114.42491415665 155.649302911064 84.1991126212614 43.209167447514 128.581805445389 65.1717848319915 48.4694908050778 52.0898713072245 62.1295904016435 74.1367668677973 81.308755673917 87.9583871265178 125.870102883161 104.187590972423 114.884737339632 125.351231161457 133.356807012333 155.840469993448 126.206747953934 143.305012706324 82.8873913603168 105.484784715713 178.151358799243 0 185.713806382317 149.300394254903 170.806238118707 116.014454288955 172.186215177008 151.156242047316 166.925827026367 152.616568319042 166.870157648548 139.683547973633 102.977723403263 132.594903802541 158.663472269674 134.896067548187 0 123.927033948381 71.8827562549771 108.420351308431 127.076487759611 134.209520644903 137.812828576764 99.7332671573967 139.777579161729 151.964529752644 138.061335207777 153.174087524414 0 128.940069974479 122.003250393084 145.928768568258
80.79233040616 78.8230236566295 91.0182111625299 31.8420042665244 103.318599797048 73.1372861283724 52.7334578333187 82.6639930247987 24.9355237543737 60.8823090729603 148.776501892378 51.6016378150465 122.897420179056 87.7929562152188 44.7351943387315 33.9713983713898 120.353455750633 146.994964499789 139.801843745184 27.9741893704042 37.2825497214941 32.9642620460654 64.0143040243573 0 108.481014676691 118.828977351598 76.380994131056 22.2415672511745 84.0711993537151 66.5078730403671 156.441648186714 134.43240055049 71.348136570784 72.4737368045294 138.594905354389 75.1685111452696 83.4545049959486 85.4345290131883 81.9942479611092 43.2038513990178 91.2214089986252 118.820014488139 112.762446614595 129.894290010493 124.488599654272 127.439045634293 88.675951565561 161.999420988158 0 130.548227856438 106.04618652848 135.572003552776 60.550595529486 136.42825215259 129.613655830382 113.417027133699 142.924513052017 61.0643968520896 125.206337624327 0 108.294793275934 165.477987550474 145.689559840121 92.1735870116815 107.990114063602 153.316946562065 0 165.100680550555 113.68334763587 116.484676892652 72.7449986405831 129.010856206482 81.8628585828271 130.72309491606 159.567998118785 120.789080034971 109.539746351812 141.104589768803 121.554994713236 0 0 122.561619545805 119.429354639772 170.325652711014
139.483474731445 21.0762257198487 71.3654962306905 0 0 203.165344238281 142.616587010229 163.444066633932 96.8163086298117 0 29.4117504429435 122.776779369294 15.6351005129531 126.379331149979 121.3521374401 91.7664548595309 69.8801682903043 44.780046354412 49.4206275052994 0 112.663793025916 60.1177556778994 96.060273262194 108.481014676691 0 38.6520189535393 27.8706974022271 130.866909203246 119.101425107606 123.84637405546 43.8458597016741 0 149.388336181641 40.4007991538669 108.942436218262 89.7749197747037 15.6325117907696 45.5452678627838 66.4839106025623 115.768126188881 125.50341796875 11.9989954502569 106.825539279917 32.8213358732263 73.2251936192731 100.852829157865 116.305290222168 0 36.4091270946225 0 28.3130784646302 102.100713158958 0 0 0 158.15686468675 103.393310546875 123.336200367825 0 57.2367270295371 0 40.2540927879079 0 0 106.991630554199 84.4670043858429 65.6439720359655 78.0533469085745 0 0 75.2629735210293 120.798418529992 0 19.8795223789894 63.624711110452 63.3389971748856 140.169952392578 0 200.198715209961 67.1769896687462 0 0 68.221608794772 167.978088378906
122.761092097059 40.9006714562306 28.3795033227134 232.302374149458 72.9070358276367 144.413518531763 118.528954744557 137.479049538496 114.402772551726 139.86219293564 31.0504762400583 156.717089380766 22.9506865583554 130.268224662456 158.508996392269 97.0185898559218 33.170519527124 28.0426213605803 29.3063358480038 149.637643434646 87.4937759156634 75.7653376096663 61.6320368791761 118.828977351598 38.6520189535393 0 26.1770609018029 115.365436658076 120.273309992154 97.976437547092 22.4704331982511 109.103472929609 115.958581152105 50.9737793792307 148.185436637173 77.3640910917705 48.151074397775 53.2472808066801 61.8370077322446 101.065494794485 111.247121006171 57.1954681906528 117.56817541987 98.6518886669589 105.369319125601 115.759606012947 140.710902248519 0 82.4246870250748 179.422317504883 58.0703584494458 99.6754889778511 0 0 0 171.609949765636 245.730422973633 162.363955609783 208.599906805006 101.253150731325 156.306793212891 83.4690822690947 186.770477574725 0 150.032878981414 104.50519659499 106.596279694082 105.874054747378 0 146.989220801318 106.539869088041 126.718762019356 174.607079486167 61.6671540895789 92.4441547770754 87.3647779776602 166.910359770135 205.699630737305 152.465351376747 109.597189992083 0 0 114.134335855149 147.459890974582
122.63403149545 26.927358165758 37.5049972970408 117.229875206886 132.38362121582 141.159093574026 110.380814807877 138.477265782942 85.711561047941 132.701955968351 51.0546440763364 124.119354032503 23.5201130943357 134.725540451555 124.11040551039 32.9814216962581 62.8972209212089 55.1006227929668 61.1827394544022 123.934509012486 73.8795286007492 28.3835448127465 42.6049556148886 76.380994131056 27.8706974022271 26.1770609018029 0 82.9046542698253 125.559045531214 97.9883276154476 14.3675984720887 159.23763989847 112.768616586817 61.6356428599756 135.314966604817 73.7260938088067 53.2263407179717 60.8686846577638 66.2023005378448 86.5378756055754 89.4808618187731 65.9227192010279 114.128251189098 88.6775621017856 95.3453024354048 107.84597566006 143.570367381299 86.7501964309077 99.4017913370261 149.88673353764 50.5521548340357 86.3840747357875 144.477044618102 0 155.361847031896 146.728116442144 177.731807834167 111.170013910015 178.709388459936 93.6815678290231 0 81.4153311784688 163.808768262086 0 98.9249769697271 100.01346781388 95.9643903873486 103.774908826893 160.995101928711 121.10004100865 63.394652434876 99.7495198347563 129.006450696103 55.8363799003825 91.3975207118984 82.9548088349602 138.960640392617 152.166892752739 132.650215541313 102.76177796013 0 117.940606731326 106.880078496644 143.829789080021
77.3513770415077 98.4362356024335 84.4366084419025 18.6676252034868 132.079724536534 67.2908896537278 39.9097587322826 84.5833281928381 52.8384352435232 39.354335312801 136.481393718447 47.1773120195581 132.13454656675 86.562861291761 80.4035861862287 34.5508989954617 105.77897095848 139.068150557414 123.864819776697 29.3393170854971 33.4550882501202 57.8741261467534 59.8974379140434 22.2415672511745 130.866909203246 115.365436658076 82.9046542698253 0 82.3497405807569 40.0830809832802 179.669646269378 133.262483011155 69.8682572619689 64.1665050832724 136.89702237815 74.9267889191359 76.2000042308845 80.3004683758399 79.3955113216129 76.4538289463562 89.0137879237118 106.53751563369 121.575467346799 156.5763879019 138.141405133057 136.789585361282 115.365402804819 159.644984519986 0 143.483720467515 112.278012794239 140.721965779844 93.2266462480739 150.364879237035 145.233610956853 126.95540468795 156.693982030407 81.122138512409 114.170999597549 0 113.332530820679 181.572610266426 158.223595069586 124.544140571801 114.622781714835 173.987398508758 0 194.452880859375 102.915456307501 123.214161841942 91.2294763379578 136.349121514895 105.043975106744 157.852982968983 182.065044334065 133.114064956634 119.253799083167 154.803372574716 133.182116485489 0 181.193359375 139.988641801281 126.422740302066 165.573733433067
16.3142324398633 123.667490073491 112.143253179122 100.986937214653 30.6797105477266 36.0176652224241 55.4302581394215 41.5486218741074 83.6102301922307 96.5847064052109 76.3714419967611 96.1429472202605 71.7883293441455 27.8329062914117 46.7292091865307 92.0236557252203 102.387294517344 119.17449158555 120.306010110331 87.7209035370386 84.5588359613222 78.064499424313 95.2237733818134 84.0711993537151 119.101425107606 120.273309992154 125.559045531214 82.3497405807569 0 38.2432217125926 0 18.7535152957256 16.5996173799325 33.1983578190815 111.85034848137 62.9626976477783 81.5007797080462 46.3982126603555 58.3690879999505 41.4518951628085 34.6173939992968 53.2161386061749 159.30086532023 151.203891206927 158.996941412833 103.948325965528 138.119328583497 198.042404174805 0 180.249698793032 151.486581081745 173.528027161548 148.782089962675 0 172.13682593317 153.761565743478 199.308489880669 104.968135362195 176.752493291932 0 164.510076044047 0 177.946713586512 164.540302231826 134.10755260455 174.481863794051 0 0 159.212058395388 163.013668722485 116.712147978537 158.002759205719 135.428809123554 0 169.571807695323 156.989696748251 143.972605438055 180.30317409904 149.831668957667 0 0 132.260450864982 171.925185868456 119.110043872473
34.7389431047339 104.780521750016 78.5843996325229 90.7617553043243 117.873751822979 88.7971369135802 32.4187721768837 74.0265918722969 62.7744290769715 83.227528344527 106.506246261087 119.469699629748 139.412405992551 60.90387956755 91.1835959687552 73.9754448481477 75.1908370969817 115.512387641576 96.3348748021834 93.8242139764193 36.3741434326387 63.4923397448951 56.1071337030848 66.5078730403671 123.84637405546 97.976437547092 97.9883276154476 40.0830809832802 38.2432217125926 0 124.18898210395 109.010042383403 50.3012761759657 35.4336326066262 121.913414145895 64.6898214881349 69.7441798017048 57.6879186257174 64.3971222275442 71.8128036655017 73.4367371581052 103.07145690918 142.396642320646 138.35678836273 145.155229429628 138.751392791466 160.320411752132 194.579196164536 0 137.821296284591 110.607233158824 138.973351429868 150.048426901986 0 173.228945717123 143.337065569683 161.538902183312 89.4854856044801 175.559146374784 0 183.197021529738 155.416198730469 175.337051052998 0 117.854209925942 169.013547209433 180.879318237305 0 0 132.518339224208 87.6333981509017 148.900766064005 118.901565493029 146.207603657639 161.176559430325 138.006463369068 127.382786498737 160.588045038846 135.598323114791 0 0 138.880505412605 130.908458034942 147.037668968475
166.536281649436 64.6866635069655 81.4441489419796 0 0 0 162.432682587793 170.985580444336 133.720183345255 158.68896484375 21.4995350937193 0 11.7956173510769 171.823842797137 0 124.260354381486 85.8634014189003 49.1451038808615 61.1686163442997 0 144.447706070263 99.2939757626978 114.42491415665 156.441648186714 43.8458597016741 22.4704331982511 14.3675984720887 179.669646269378 0 124.18898210395 0 0 133.5380859375 66.1919766065875 158.010231563569 100.812830637167 54.695994447494 62.1137565974404 78.5804064888245 0 99.3399505615234 53.621852355618 0 71.7051467409694 0 0 0 0 69.5271682739258 0 78.3047966564951 165.382522583008 0 0 0 0 0 0 0 99.7668594051552 0 84.5230116360864 0 0 0 0 110.747078119769 110.108914625597 0 0 0 163.05243866845 0 64.620879284688 104.383251029298 100.622939905941 0 0 0 112.411660741928 0 0 110.871363243532 0
82.4089692013634 0 0 128.408458843584 13.5070268546116 17.158968504526 109.315172683109 25.1507779752115 112.573007267147 119.560162411434 60.0020451273649 98.142862917147 54.0525513633425 25.7873307462549 37.6662905348588 0 128.266529416863 88.7716036842191 79.5776127319292 127.398830666207 137.394651890034 133.817535400391 155.649302911064 134.43240055049 0 109.103472929609 159.23763989847 133.262483011155 18.7535152957256 109.010042383403 0 0 69.9254109869339 26.6505898036509 138.77160616366 78.0605915286206 82.6331440123028 39.8764018791222 75.3752859865419 39.9550094291427 19.4664983713332 79.2711563110352 75.9043045043945 0 0 0 162.67919921875 0 0 0 0 0 0 0 0 186.987518124589 0 0 0 0 0 0 0 0 177.674819946289 0 0 0 0 0 0 0 185.631954853005 0 126.198249816895 0 200.474862689926 0 219.461791992188 0 0 0 0 150.485214233398
33.4555757382063 115.993845905533 98.1816678357741 99.3653383391867 73.1324182989776 84.8684596895517 61.6331157403051 80.9530718421037 67.1339134293429 91.1729827816003 118.86984602774 100.811250699518 168.976401233091 52.2965361315218 87.02734375 77.4060258679064 96.9432683370362 150.759155273438 164.831531594373 70.1965558585543 75.7341715311059 64.4605660145541 84.1991126212614 71.348136570784 149.388336181641 115.958581152105 112.768616586817 69.8682572619689 16.5996173799325 50.3012761759657 133.5380859375 69.9254109869339 0 19.3484168986082 99.9506222822289 45.6173899158606 73.0669341062922 40.9136661183591 38.4321411721114 39.9398026263032 47.3226756568936 0 0 0 155.977212867203 132.23876943196 170.678253173828 96.5433502197266 0 0 0 0 157.615584815392 0 160.972503662109 149.040985956279 209.125965299097 83.7273572876727 157.780799001154 0 128.515060424805 0 0 0 123.670523583552 192.452713984957 0 0 164.346235067419 137.88359908867 91.174658959654 160.302921828106 114.216752428626 0 0 136.718155764276 134.062487797246 0 142.306339574838 0 0 0 134.598833850175 150.851218495369
