0 18.2151572108269 229.618856817484 67.937808483839 0.44468355178833 125.916386842728 3445.53073003888 708.084926277399 268.020079791546 320.865522682667 29.8767468035221 21.2686256468296 13.6896208822727 11774.022077173 5.6607274711132 26.7818133831024 237.77168315649 8.16606569290161 57.0813502967358 44.9047987163067 325.880812376738 71.7849519252777 470.575794130564 352.534616053104 3.37794202566147 141.684240788221 143.322970539331 887.454440116882 11194.4915012419 4094.04516208172 1.78660696744919 23.9977986514568 506.604207515717 678.484273731709 30.0954052507877 627.950739920139 35.4845116138458 339.817108094692 79.4119152724743 154.338384747505 62.7625163495541 6.18166530132294 26.2517096698284 0 12.815366178751 3.61432814598083 4.83272802829742 1.99244254827499 0 3.36552733182907 1.41674506664276 13.0485389232635 3.91709843277931 0.50411194562912 3.43364596366882 47.1310566663742 10.937683403492 16.5348275005817 10.556435495615 0 1.61141711473465 0.512437343597412 16.3287269175053 0 8.81249910593033 0.849774301052094 0 0 1.08747863769531 23.1255851984024 2.48730581998825 16.971926599741 98.3144929409027 0.83374297618866 8.38076263666153 23.2746997475624 131.131223469973 18.4449051618576 15.9306509792805 0 0 0.805435359477997 8.84629261493683 3.68956342339516
18.2151572108269 0 1621.39223617315 1.64823460578918 0 10.9704374670982 59.9175729751587 39.8484174013138 1008.59712031484 5.84924772381783 332.058333039284 2.62642252445221 679.252506226301 87.1902401447296 30.9903690218925 79.4755814671516 1122.33514752984 92.7226340472698 520.207608193159 1.23113131523132 76.4087466597557 2960.37972569466 426.116070896387 750.735628932714 3526.90939486027 2684.10914427042 9725.38419121504 123.998161137104 52.4854373931885 84.030741840601 68.054873585701 10.6476729810238 10.8842113018036 436.792963087559 9.52677121758461 838.860774546862 626.966877758503 962.866749435663 280.11774212122 91.4906120598316 2.61943644285202 173.211273550987 59.845056116581 48.3446074128151 90.1616364121437 31.0776926279068 4.50138628482819 1.48326170444489 0.700178027153015 0 187.896146833897 260.305941522121 0 0 1.84305715560913 20.4717736244202 1.45978689193726 2.53752335906029 1.89910718798637 22.6202241182327 0.86298930644989 62.0947229266167 6.79907757043839 0 2.46404534578323 88.157051384449 10.936686694622 41.8420430421829 0 11.5498204529285 12.1368468403816 52.9319905340672 8.18691980838776 25.4252449572086 332.054651319981 586.239359796047 17.7620671987534 3.23891425132751 11.0574896931648 3.80428612232208 0 0 23.2492433190346 16.401077568531
229.618856817484 1621.39223617315 0 16.014240860939 0 279.608517229557 1885.38529846072 811.772492110729 172.764070153236 122.865144819021 127.491816788912 2.94330427050591 18.4436131119728 1070.51256850362 14.2893593609333 273.756114929914 5439.79621618986 70.4637489318848 541.469671845436 3.18951153755188 3048.22716212273 1076.33543068171 18843.6124480963 347.351761728525 43.1511167883873 11316.2951559424 15786.3150015473 1775.78387194872 272.495560616255 2124.25921753049 11.7977271676064 15.8047767579556 37.1722899079323 1111.68975266814 74.1396853327751 3116.4350451529 1361.61424323916 2796.39134651423 1037.32936197519 161.008564919233 29.2439514696598 4.58044326305389 411.190177410841 206.69137108326 487.345394164324 210.521863490343 21.0904264748096 10.8670807480812 0.448893249034882 13.2032721340656 265.941212058067 2115.4877461195 1.22049689292908 0.491462856531143 7.40925374627113 104.024873942137 20.1303527057171 23.5738454759121 4.72960013151169 14.3533417880535 1.21194565296173 11.5757066309452 30.833069562912 0 73.0908960402012 450.663728773594 7.61421355605125 78.3243243694305 0.471426159143448 67.8169623315334 211.546005994081 900.708187818527 50.7118776738644 35.5241440534592 583.713701188564 2857.84082454443 102.408627182245 16.1981289684772 86.1484189033508 3.33161944150925 0 3.0115082859993 153.361970692873 58.2272088825703
67.937808483839 1.64823460578918 16.014240860939 0 5.3407635986805 562.552076756954 769.566324472427 141.48850107193 941.901595443487 10272.7696024477 0.44782155752182 1921.61342617869 1.70627519488335 184.871213078499 147.594192028046 6.45383638143539 0.784556210041046 1.3490104675293 3.54481828212738 32747.8165027499 11.3005011379719 16.5954770445824 26.4270574450493 4063.55339181423 1.36843156814575 2.99476003646851 16.7100079059601 17746.9393098056 164.265731990337 34.8109165132046 0 2.67779782414436 13.324937492609 93.2627259492874 17.2712773382664 191.895321041346 0.907245993614197 63.7434004843235 22.1778304874897 240.77965387702 27.0757395029068 0.828587830066681 26.5471182465553 0 4.09045144915581 0.557110249996185 80.1027812957764 1.00725775957108 1.05182075500488 1.4318830370903 2.14841195940971 0.672646701335907 268.678795099258 1.81456983089447 56.681053340435 125.98399156332 17.0433426201344 91.3837248682976 223.742209464312 0 187.113695681095 0 23.9791131913662 19.0525833964348 2.25007796287537 0 0 0 142.613314688206 2.19800752401352 3.30896723270416 5.18649932742119 289.200598329306 0 0 8.57044407725334 294.168551117182 3.07828229665756 1.32175260782242 0 0 1.19419008493423 3.03929939866066 4.86420124769211
0.44468355178833 0 0 5.3407635986805 0 2180.17216658592 11.5220951139927 205.729923069477 119.821773469448 13.6155549883842 1.98727321624756 72.9655752778053 1.04051566123962 78.7411231398582 2715.45421975851 0 0 1.164027094841 0 3.5478543639183 0 4.46422052383423 2.75363039970398 46.5245895385742 0.457170188426971 3.57411074638367 2.77969908714294 13.8066118955612 106.049031436443 3.32334691286087 0 1384.53581160307 0 322.841704487801 1.30741280317307 17.6920429170132 0 12.8676360249519 2.87300837039948 2805.68723112345 722.252130359411 1.64366602897644 1.3330243229866 0 0 0 0 0 0 0 0 0 0 0 0 1.62419319152832 0 0.630789875984192 1.31656640768051 0 0 0.398689836263657 0 0 0 0 0 0 0 0 0 0.482125669717789 0 0 0 0.403695225715637 0.397689640522003 0 0 0 0 0 0 0
125.916386842728 10.9704374670982 279.608517229557 562.552076756954 2180.17216658592 0 6786.53767594695 13321.3250510693 659.14995226264 22684.2136125863 54.8979232013226 10686.2551901937 28.2527378797531 1859.44887688756 5343.61869129539 17.7874918282032 76.835807710886 4.18787217140198 20.2335623502731 1604.55761396885 149.772772371769 35.4972406029701 339.518401920795 746.161962598562 1.87376543879509 95.5218321084976 79.6082986593246 1474.69820600748 513.196995139122 359.59407684207 1.6105540394783 2181.3440952003 27.7373974025249 429.980453640223 622.177946448326 413.159307807684 21.1388581991196 215.382028460503 91.5112954080105 8512.82227069139 1575.47802785039 10.3451026082039 26.5292455554008 0.840923666954041 8.2972699701786 5.35758835077286 31.1121306121349 0.334141731262207 0 5.15001708269119 1.85075575113297 6.05744051933289 60.2750931382179 0.970104575157166 41.0830048322678 167.959594830871 27.6687181293964 63.4008148610592 171.426327764988 0.518548250198364 64.7164460718632 0.445675015449524 33.446867659688 9.26187065243721 4.84605547785759 0 0 0.453893899917603 60.111195743084 3.30218347907066 3.36765468120575 14.4591445028782 258.08020195365 1.31793302297592 4.69182953238487 15.706124484539 276.329608753324 10.767333984375 7.09145867824554 0.382087737321854 0 0.988179862499237 7.47051709890366 3.39034804701805
3445.53073003888 59.9175729751587 1885.38529846072 769.566324472427 11.5220951139927 6786.53767594695 0 6145.81938397884 2033.35798120499 23287.1782673299 60.1742078661919 866.46268209815 49.5605805814266 13697.1865074933 152.129400551319 226.144798159599 342.331850141287 16.7834214866161 71.6707467138767 519.934925466776 1480.69169601798 286.47380849719 3404.41535758972 4242.24343255162 3.71793940663338 405.764400273561 687.386097580194 25842.5150108635 3937.77897270024 12731.507709831 1.5522508919239 53.145208388567 407.197637885809 1866.92909133434 167.447258502245 3317.77199727297 120.583884596825 1391.93797561526 465.338516801596 934.364278316498 312.103786736727 10.8151802718639 115.488037317991 10.9196301698685 89.3938554227352 42.612256526947 74.1192003786564 13.9787523448467 0 35.5212879776955 6.66370925307274 47.7270381748676 140.474011033773 1.54869484901428 102.29338747263 494.995665460825 109.269764453173 233.294933468103 326.621341049671 1.26726546883583 105.069537073374 0.808990180492401 109.630596190691 10.2778971493244 41.6759174466133 10.3053128123283 0 2.91675201058388 115.995273798704 47.4529198110104 33.2629711031914 136.933368474245 936.891779154539 2.22397792339325 26.8329534828663 129.284947395325 972.687224775553 88.1905727684498 55.7337034344673 0 0.562688946723938 10.6569989919662 78.2396523058414 38.013375133276
708.084926277399 39.8484174013138 811.772492110729 141.48850107193 205.729923069477 13321.3250510693 6145.81938397884 0 477.198062837124 4968.19958260655 404.250795811415 1230.37413913012 178.495760634542 17798.5873778462 976.516346722841 36.7028408944607 377.424390494823 28.8121681809425 102.15697619319 597.639652282 561.425318986177 105.300184845924 1028.12023180723 573.82243347168 9.00273734331131 406.465467572212 342.667849898338 1239.62005752325 1255.83530199528 1688.92652073503 4.90279805660248 1382.47426220775 43.6856968700886 1773.46409368515 53.8315614759922 990.036875545979 85.0383955836296 853.983770191669 302.411498218775 4996.87160551548 1895.69993013144 76.5355145633221 33.2926839292049 1.51640796661377 34.2061677277088 12.2536496222019 12.1769988685846 3.18722200393677 0 8.98046930134296 4.48039400577545 24.5786268115044 14.7269751131535 0 15.2727074027061 120.273563221097 22.8904110193253 35.9698604643345 32.4501136243343 0.319609403610229 12.543091148138 1.01419699192047 29.8221802413464 2.90771836042404 12.1123955845833 2.73378467559814 0 1.2766675055027 16.0515253841877 13.6142955124378 6.67283177375793 39.6872436404228 195.675320059061 0 7.68346786499023 61.5330729186535 250.203552737832 20.8429071456194 17.7510460615158 0 0 4.86303281784058 23.542848855257 11.8324926197529
268.020079791546 1008.59712031484 172.764070153236 941.901595443487 119.821773469448 659.14995226264 2033.35798120499 477.198062837124 0 1446.45690867305 66.9451901614666 1223.55959972739 120.92902097106 539.45016938448 1860.37498572469 166.682699501514 95.7349209785461 15.8220027387142 32.2961576879025 623.549843549728 246.4286236763 5160.97837567329 359.41196295619 16452.6255372167 453.108917236328 250.247586727142 1621.08632972836 4898.55515953898 608.91342356801 1038.05228543282 16.6608206927776 18.1145884394646 105.893526732922 276.988912582397 37.8680183589458 923.471333295107 108.662124067545 303.326465457678 106.243629366159 2393.39734721184 59.8735487759113 41.5077732205391 86.1441992521286 8.50293955206871 57.6844496428967 20.6789878606796 126.650275409222 5.64357802271843 0.597886502742767 23.9915699958801 7.0160336792469 26.0483844280243 185.017598688602 3.20028984546661 68.2447150945663 365.285913825035 50.1948647499084 282.809650421143 315.53911793232 3.81395533680916 130.375071048737 7.8408539891243 61.5457051694393 31.7092866897583 31.3264824450016 6.53636062145233 1.29593828320503 2.23270547389984 129.507175058126 45.0206152498722 28.9405964910984 74.4760858714581 802.800318419933 4.12083837389946 13.7449770867825 53.2679053246975 763.42125082016 58.9592677652836 79.6240393519402 1.39665067195892 0 7.65372040867805 33.8670473396778 13.4052902460098
320.865522682667 5.84924772381783 122.865144819021 10272.7696024477 13.6155549883842 22684.2136125863 23287.1782673299 4968.19958260655 1446.45690867305 0 54.3181087970734 23996.4417865276 28.1470907330513 3201.28885145485 346.502697139978 18.7287374436855 24.2145065665245 1.87234169244766 12.8072356879711 24320.3784587383 70.982784986496 27.0428159534931 180.494431555271 1825.75774636865 0.739404946565628 55.0931008756161 68.0333044528961 10643.4127933085 1132.65894421935 193.890708446503 0.378106892108917 49.041434019804 63.9849420487881 722.352810204029 464.078758656979 1335.83878901601 21.5458727777004 556.296238869429 118.131478190422 1210.24743631482 233.101428866386 13.9689143002033 62.8529975116253 2.29856127500534 22.1494499146938 8.50806069374084 152.000065624714 4.45381253957748 0 6.35230851173401 1.21558737754822 3.23615051805973 265.194497704506 3.89269351959229 137.859119176865 324.633172273636 60.0735485851765 234.299523562193 515.558754503727 0 237.024366110563 0.827290654182434 45.5299092531204 35.0792446732521 5.56516873836517 0.424414873123169 0 0.853947579860687 218.748367667198 4.79946434497833 10.7187164723873 13.9603283405304 761.921456366777 1.31490150094032 0 15.6274965107441 682.098885595798 19.306960016489 11.2223984003067 0 0.817005038261414 4.73938411474228 13.6395847797394 14.5685768127441
29.8767468035221 332.058333039284 127.491816788912 0.44782155752182 1.98727321624756 54.8979232013226 60.1742078661919 404.250795811415 66.9451901614666 54.3181087970734 0 27.8462382555008 12639.2881323993 748.232321411371 3.9894625544548 5.71332567930222 610.693876683712 7002.29691243172 3740.20329940319 18.126091003418 68.4740092158318 110.413432389498 175.461410462856 27.3841245770454 2529.80756226182 8370.71876093745 1958.77413457632 45.0818131268024 467.211601346731 83.4604533016682 1417.27231365442 159.761551111937 27.3750499784946 7759.64386153221 9.26996749639511 450.918784469366 4316.90251100063 8467.66541928053 563.999532997608 136.477284222841 25.9687113761902 3856.34435334802 9.37356305122375 53.140508890152 28.3028068840504 5.92094856500626 0 0 15.4227063059807 0 21.8869052529335 12.3696452379227 0 0 0 5.08265712857246 0 7.18290588259697 0 291.261406958103 0 970.782779663801 2.65419086813927 0 1.05813038349152 6.31324166059494 115.301237672567 36.5110114514828 0 0.576251804828644 6.83138990402222 11.8791924118996 6.18465879559517 258.680467277765 441.427246034145 361.608607470989 3.32919046282768 1.23768103122711 2.11330386996269 87.3953148126602 0 0.446681708097458 9.47497767210007 2.71909373998642
21.2686256468296 2.62642252445221 2.94330427050591 1921.61342617869 72.9655752778053 10686.2551901937 866.46268209815 1230.37413913012 1223.55959972739 23996.4417865276 27.8462382555008 0 4.27685296535492 575.525405287743 5696.37614309788 2.81018894910812 3.37282747030258 1.06773328781128 4.40886169672012 31109.6840627491 4.78883764147758 26.1768299043179 12.8041703402996 612.28307595849 2.08749485015869 9.77965721487999 25.4922799766064 1030.22609296441 195.081442832947 18.2861612439156 0 29.6472456753254 2.17178937792778 186.691713541746 689.887904673815 355.220692068338 0 131.474794328213 20.9627905488014 2296.61043804884 86.2454659044743 1.14216566085815 25.4436488747597 1.02034068107605 5.37829968333244 0 81.8381624519825 0 0 0.392796963453293 1.70590764284134 1.12754827737808 116.71029740572 7.47382053732872 55.8364059329033 72.2509251534939 17.0020847320557 77.6487344801426 286.978948771954 0 602.487157583237 0 10.4603939652443 20.1792203187943 2.30233055353165 0 0 0 131.652914345264 0 2.00608378648758 0.600203096866608 201.865239709616 0.506830334663391 2.30586874485016 6.62382614612579 162.153009682894 2.81261014938354 0.935806155204773 0 0 0 3.11983340978622 0
13.6896208822727 679.252506226301 18.4436131119728 1.70627519488335 1.04051566123962 28.2527378797531 49.5605805814266 178.495760634542 120.92902097106 28.1470907330513 12639.2881323993 4.27685296535492 0 170.427844256163 0.742976784706116 5.7290523648262 39.7757330238819 634.793532580137 205.595961332321 7.40716966986656 13.3133774995804 217.998912036419 37.3918236196041 73.192536085844 6648.0163692832 1990.46987083554 4058.45103561878 27.3511075079441 79.8732098042965 8.48467972874641 2393.83561187983 29.9950959384441 3.26011455059052 1155.41169416904 89.5083869695663 1007.86434528232 2686.87633410096 3527.43190681934 1559.70626121759 122.528623342514 649.201100349426 5878.53340375423 53.7825472950935 83.1618187427521 99.4736523628235 37.6840936243534 5.18619078397751 22.9521679282188 58.0481254160404 0 32.7840700149536 12.2124680280685 0.96525502204895 0 0 2.84002673625946 1.29180705547333 4.3194762468338 0 732.100252687931 0.600538909435272 2010.1255761981 5.00496369600296 0 0 8.73640561103821 225.401837050915 51.8470414876938 0.502229869365692 0 7.60237437486649 6.79370391368866 6.65425837039948 540.914148896933 776.552817702293 601.600819885731 7.07797825336456 2.5316698551178 0.736999571323395 184.389247387648 0 0 19.5354123711586 42.6280195713043
11774.022077173 87.1902401447296 1070.51256850362 184.871213078499 78.7411231398582 1859.44887688756 13697.1865074933 17798.5873778462 539.45016938448 3201.28885145485 748.232321411371 575.525405287743 170.427844256163 0 79.7105880379677 77.4313051104546 750.381714850664 76.3174971044064 200.152261257172 378.448020368814 737.969090610743 183.278182417154 1531.45053082705 689.968798100948 35.146672219038 658.013748317957 598.788777500391 1936.36055496335 8555.84889413416 4055.55307093263 12.5840140581131 1565.44901323318 195.971881359816 3576.67188608646 76.7030002176762 1923.78579312563 137.323714822531 1604.08445060253 376.382017463446 2085.89355191588 818.326775163412 73.2283790707588 48.1529446542263 9.5933358669281 35.8229623734951 18.2297962009907 18.6862529218197 2.31644630432129 0 7.9554191827774 3.24847120046616 32.7140152454376 13.1953227519989 0 8.1721912920475 135.132668808103 20.3111345767975 50.2628926336765 26.810342758894 2.48832777142525 6.87110170722008 1.01850938796997 30.9386964142323 1.23997241258621 14.0891416072845 10.547676295042 3.05764925479889 4.67695784568787 5.59298884868622 28.0648658573627 11.9857779741287 45.7959288954735 241.026420414448 1.62661123275757 47.2149423360825 85.6230851709843 282.223662778735 32.0070831775665 25.0798309147358 2.37322276830673 0 5.55106475949287 30.6656604409218 21.7405049204826
5.6607274711132 30.9903690218925 14.2893593609333 147.594192028046 2715.45421975851 5343.61869129539 152.129400551319 976.516346722841 1860.37498572469 346.502697139978 3.9894625544548 5696.37614309788 0.742976784706116 79.7105880379677 0 1.35582360625267 3.93547680974007 1.14272785186768 3.71430447697639 282.543301224709 3.362180352211 96.4509569108486 11.5379212498665 1009.271073699 4.77572405338287 4.71293342113495 60.9713160395622 206.385960429907 36.2737341821194 11.6061830222607 0.470060557126999 375.482710182667 0.872548669576645 20.5677705705166 8.73825287818909 113.623408347368 0.367409884929657 13.0503853857517 7.32582235336304 12230.7853525877 64.7630785107613 0 9.43514281511307 0.515712678432465 0 0 24.835176050663 0 0 0 0.953158617019653 0 23.9957048892975 0 4.92735242843628 10.6061148643494 1.11711376905441 20.607348382473 35.8078698813915 0 25.9415478110313 0 1.43951314687729 0.532768726348877 0 0 0 0 21.6110686659813 2.28429692983627 2.64859867095947 0.8207947909832 39.9085111916065 0 0 1.06937479972839 26.9628156423569 1.83883154392242 0.877071231603622 0 0 0 1.8313972055912 0
26.7818133831024 79.4755814671516 273.756114929914 6.45383638143539 0 17.7874918282032 226.144798159599 36.7028408944607 166.682699501514 18.7287374436855 5.71332567930222 2.81018894910812 5.7290523648262 77.4313051104546 1.35582360625267 0 88.5419452488422 1.81398904323578 15.5578845739365 2.8340003490448 10598.2398404181 5903.36138957739 20503.9339749813 2652.32546028495 20.305124849081 83.2476629018784 7170.81837418675 5451.69613081217 115.341237455606 626.669060111046 2.43717330694199 2.70715582370758 60.140985250473 622.828495413065 67.5299710333347 2508.9186719358 421.327576458454 974.186514139175 673.315522998571 128.023932725191 28.5643903017044 1.40333476662636 256.911614656448 64.1192274093628 173.672427773476 134.317072510719 26.0470708012581 2.57671463489532 0 15.4033952951431 8.29167947173119 91.6801705956459 0.9062320291996 0 2.47981396317482 51.8524608314037 5.5963796377182 42.4227056801319 2.41735690832138 2.06203281879425 1.44227230548859 0 14.6475534141064 0 616.498695850372 32.6187914311886 1.02024483680725 2.36888909339905 1.54914319515228 214.626698583364 389.181068718433 1598.04925253987 148.620515733957 0 17.2523864209652 546.679124951363 214.632493853569 38.8117865920067 82.4961786866188 0 0 6.70879656076431 93.836561948061 35.2088144123554
237.77168315649 1122.33514752984 5439.79621618986 0.784556210041046 0 76.835807710886 342.331850141287 377.424390494823 95.7349209785461 24.2145065665245 610.693876683712 3.37282747030258 39.7757330238819 750.381714850664 3.93547680974007 88.5419452488422 0 390.419332623482 6522.7019199729 1.88191831111908 1778.74329546094 363.024131983519 6861.58901941776 86.6773253381252 71.0975920557976 6777.42619368434 6843.31249898672 317.011636078358 407.524457961321 1782.90967831016 10.2513060867786 11.8451164960861 96.8334453701973 2201.86048766971 13.6904793083668 686.956675350666 380.273244798183 1302.46356764436 302.973566800356 51.5774882435799 6.3873690366745 3.50961971282959 79.9947159290314 60.3346230685711 104.8763191998 40.9688365757465 1.65011605620384 0 3.02583742141724 0.60783976316452 97.130498111248 486.538424432278 0 0 0 24.7269002795219 3.55913066864014 3.54048216342926 0 8.94580388069153 0 12.5277879238129 10.0845796465874 0 17.4779030680656 138.190395265818 4.8928217291832 46.0682470798492 0 14.9827781915665 41.3560582697392 131.848006814718 11.4224627315998 28.0885891318321 345.827873080969 745.106726646423 12.7973780035973 3.49896568059921 9.92236948013306 1.29023194313049 0 0 45.8332962989807 9.15514361858368
8.16606569290161 92.7226340472698 70.4637489318848 1.3490104675293 1.164027094841 4.18787217140198 16.7834214866161 28.8121681809425 15.8220027387142 1.87234169244766 7002.29691243172 1.06773328781128 634.793532580137 76.3174971044064 1.14272785186768 1.81398904323578 390.419332623482 0 5384.00750097632 1.93575900793076 9.7641174197197 19.5418848395348 80.7865953743458 6.88077735900879 531.59400254488 4854.82211643457 882.669581741095 10.3534522354603 42.1154460310936 25.1032913327217 209.12724468112 7.50650069117546 2.75870442390442 551.230424284935 4.24226757884026 146.644871979952 421.230992734432 822.453005313873 122.173043042421 10.4485877752304 1.69502151012421 35.3654884696007 1.63888603448868 15.3729468584061 17.231409907341 3.37890553474426 0 1.62467217445374 0.756689727306366 0 4.64173257350922 7.94671922922134 0 0 1.14544594287872 1.84543895721436 0 0.952587783336639 0.659861028194427 71.6509863734245 0 212.364997059107 1.29704391956329 0 0 4.45670437812805 52.3186429440975 18.7097544074059 0 0.513167381286621 2.66335892677307 4.50469994544983 0.529901206493378 77.7184124588966 270.484757602215 252.488635212183 0.487674921751022 0 0 26.1287477612495 0 0 5.93794000148773 0.515362441539764
57.0813502967358 520.207608193159 541.469671845436 3.54481828212738 0 20.2335623502731 71.6707467138767 102.15697619319 32.2961576879025 12.8072356879711 3740.20329940319 4.40886169672012 205.595961332321 200.152261257172 3.71430447697639 15.5578845739365 6522.7019199729 5384.00750097632 0 2.02339386940002 188.415666490793 83.7544103860855 652.491219192743 30.0423190295696 573.846761077642 9386.06544479728 3095.56326493621 60.6494687795639 170.876634657383 259.173186004162 63.1992722451687 26.0047737061977 30.5409949421883 1665.8528778255 9.97404983639717 385.546278387308 360.803459227085 1401.27976638079 187.79141202569 33.6485602855682 1.36432191729546 11.8291239142418 22.2641021609306 28.471958220005 35.6708488464355 15.3191224932671 1.5304182767868 0 0.763499677181244 0.362504899501801 41.5821969509125 64.8037270903587 0 0 1.15407276153564 3.51257702708244 1.15120124816895 0.676575779914856 0 24.6332782804966 0 71.5068986415863 4.10010224580765 0 1.87217229604721 46.3675182461739 40.0004957020283 65.5473065078259 0 4.36903047561646 4.90681827068329 18.3038798868656 3.45333436131477 49.3098922967911 527.701141297817 513.533086389303 2.02155762910843 0.970405101776123 0.941065609455109 15.2374451756477 0 0 12.064462184906 1.11806356906891
44.9047987163067 1.23113131523132 3.18951153755188 32747.8165027499 3.5478543639183 1604.55761396885 519.934925466776 597.639652282 623.549843549728 24320.3784587383 18.126091003418 31109.6840627491 7.40716966986656 378.448020368814 282.543301224709 2.8340003490448 1.88191831111908 1.93575900793076 2.02339386940002 0 4.71046927571297 5.55925261974335 16.6071826815605 1463.13363835216 0 10.1910130977631 10.656091272831 5676.11038959026 193.916502773762 17.7086412012577 0 13.1424124538898 9.70307153463364 132.998762309551 96.4723661541939 266.308620393276 7.32851254940033 89.559784591198 20.3325525224209 461.196431070566 36.1866858899593 4.39635902643204 21.8268986940384 0.742806315422058 1.81818491220474 0.614074885845184 82.4059222042561 1.08931195735931 0 0 1.67916584014893 0.611739158630371 153.915349751711 0.727602005004883 64.6212012767792 101.066865175962 24.0809853672981 97.1748658120632 244.377417445183 0 176.866240859032 0 14.9916180074215 14.3593074083328 2.1575271487236 0.461716413497925 0 0 102.327989190817 1.56401669979095 1.56728306412697 2.91236156225204 284.702784538269 0 1.77011799812317 1.6551952958107 257.568555146456 4.76664143800735 0.757109403610229 0 0 1.94464910030365 2.82961064577103 3.26972079277039
325.880812376738 76.4087466597557 3048.22716212273 11.3005011379719 0 149.772772371769 1480.69169601798 561.425318986177 246.4286236763 70.982784986496 68.4740092158318 4.78883764147758 13.3133774995804 737.969090610743 3.362180352211 10598.2398404181 1778.74329546094 9.7641174197197 188.415666490793 4.71046927571297 0 1858.78292503953 31006.0852105618 1312.11580896378 5.81299656629562 491.873673021793 1716.99789994955 12455.1324119568 665.161981672049 17834.5185982585 1.23135051131248 5.05995711684227 237.031522840261 4373.2187550962 180.547242134809 5445.97049185634 351.771002978086 3087.49030470848 1467.23458921909 332.489743620157 78.5974167883396 7.29531437158585 214.203211665154 29.1896305680275 122.135676920414 64.7152599394321 21.1796123981476 3.90087589621544 0 18.4601020812988 8.4802188873291 105.871798992157 0.577616989612579 0 3.77979183197021 87.7996826469898 11.8822790980339 63.3916361927986 0.791148215532303 3.13687354326248 2.15238776803017 1.09599316120148 25.5763726532459 0 292.771802872419 22.1399250030518 0 3.64935350418091 2.773552775383 263.127494990826 179.850934296846 597.076885223389 290.258957833052 0.687073171138763 36.8127238452435 287.481225550175 358.684093654156 64.2736874222755 137.725275039673 0 0.383392214775085 9.97549498081207 78.0880797505379 69.863727837801
71.7849519252777 2960.37972569466 1076.33543068171 16.5954770445824 4.46422052383423 35.4972406029701 286.47380849719 105.300184845924 5160.97837567329 27.0428159534931 110.413432389498 26.1768299043179 217.998912036419 183.278182417154 96.4509569108486 5903.36138957739 363.024131983519 19.5418848395348 83.7544103860855 5.55925261974335 1858.78292503953 0 6033.122495085 8538.41031074524 813.706636667252 427.175890505314 9285.0455044508 2857.27670794725 247.605334758759 960.034619361162 20.4587074816227 0 79.2161441743374 756.820700317621 78.3329119980335 2911.55636683106 738.560737252235 1492.11805027723 750.763590663671 289.066211104393 28.8503655791283 44.5915586352348 212.626699537039 76.534377425909 173.261972486973 109.581720352173 21.1601822674274 2.90622335672379 0 12.0235923230648 44.2332327961922 218.864014923573 4.65287512540817 0 6.11804035305977 82.7957680523396 11.0320929288864 55.3398740887642 11.5775432884693 10.2649278044701 8.36515760421753 15.5398432612419 21.7552750408649 0.440746963024139 437.896704286337 36.6116996109486 1.33102518320084 9.99485284090042 6.72734490036964 116.661167770624 388.122582942247 984.066374063492 180.610513925552 11.4855470657349 67.7489333152771 702.174621999264 186.445475101471 15.4316499531269 55.5629639029503 1.1118483543396 0 5.31207656860352 86.0181173086166 33.0227953493595
470.575794130564 426.116070896387 18843.6124480963 26.4270574450493 2.75363039970398 339.518401920795 3404.41535758972 1028.12023180723 359.41196295619 180.494431555271 175.461410462856 12.8041703402996 37.3918236196041 1531.45053082705 11.5379212498665 20503.9339749813 6861.58901941776 80.7865953743458 652.491219192743 16.6071826815605 31006.0852105618 6033.122495085 0 1820.92020311952 28.9493727982044 2486.86354908347 15311.301732868 10174.6420800388 822.663718819618 9224.5857051909 3.04700767993927 6.87218633294106 225.922603160143 4883.32832407951 330.789192825556 11791.4324522018 3228.61016258597 6760.73548087478 3609.22806873918 688.11132350564 89.4369234144688 15.9783624708652 755.085606753826 272.127148807049 649.403199702501 424.975626289845 58.7372823357582 16.3369987905025 3.10376620292664 26.6926164031029 76.7078476548195 1162.56616690755 4.72442758083344 0 5.93439912796021 189.03183567524 32.3342914581299 53.4974878132343 11.5712461769581 13.0106020569801 3.28467783331871 4.06053045392036 57.4302025139332 0.494003444910049 1222.92005997896 181.040652513504 2.239670753479 25.1503167748451 1.06772470474243 333.445670932531 943.172832429409 4678.54024782777 280.154704302549 5.37438237667084 146.194455325603 3591.86114645004 331.02995762229 52.2447703480721 201.000308334827 0 0.520127832889557 10.5792082846165 247.104019314051 148.790415942669
352.534616053104 750.735628932714 347.351761728525 4063.55339181423 46.5245895385742 746.161962598562 4242.24343255162 573.82243347168 16452.6255372167 1825.75774636865 27.3841245770454 612.28307595849 73.192536085844 689.968798100948 1009.271073699 2652.32546028495 86.6773253381252 6.88077735900879 30.0423190295696 1463.13363835216 1312.11580896378 8538.41031074524 1820.92020311952 0 230.619136333466 228.912099808455 2977.51301461458 33056.3258750439 919.342073529959 1352.40980535746 6.39120379090309 7.29098308086395 221.584398776293 718.913110256195 50.7120971083641 1703.00426584482 142.145277023315 631.582599669695 293.251795083284 1119.86116933823 83.4105644226074 8.41513720154762 385.997083723545 20.4999276399612 289.358174145222 79.2593656182289 238.944910019636 27.5676790177822 0 111.193887859583 13.737028002739 48.391108751297 499.97189027071 6.51674431562424 257.096327543259 1249.51135963202 227.540280908346 647.283091127872 859.361362159252 10.8033999204636 311.696830689907 3.9788866341114 278.524350777268 33.321374297142 158.623125851154 15.93722397089 0 6.79500618577003 300.699122190475 189.087153434753 144.371298253536 315.12654992938 2642.45104521513 7.80942392349243 28.3780611753464 182.124005168676 2777.66615134478 254.377955377102 197.342897295952 0 3.40867531299591 43.3545959293842 227.296578466892 40.8176238238811
3.37794202566147 3526.90939486027 43.1511167883873 1.36843156814575 0.457170188426971 1.87376543879509 3.71793940663338 9.00273734331131 453.108917236328 0.739404946565628 2529.80756226182 2.08749485015869 6648.0163692832 35.146672219038 4.77572405338287 20.305124849081 71.0975920557976 531.59400254488 573.846761077642 0 5.81299656629562 813.706636667252 28.9493727982044 230.619136333466 0 3411.1109033823 5327.02753710747 31.9831546247005 19.2261252999306 10.0063745975494 409.631015479565 3.91652977466583 5.48701024055481 260.926776885986 3.0298085808754 183.968270599842 1556.30408298969 809.540328323841 127.112785041332 30.7796919941902 0 1483.38991457224 9.69123446941376 74.0965577363968 45.7665805220604 6.85645353794098 0 0 19.7099393010139 0 37.3518595099449 20.7929928302765 1.49725115299225 0 0 4.61075454950333 0 0.893306851387024 0.726584315299988 262.253481507301 0 931.230726152658 1.13392379879951 0 0 20.3217938244343 72.6133816838264 55.5911457538605 0 2.50081694126129 3.41947793960571 4.8652104139328 1.85231590270996 410.790171444416 523.812195986509 438.210244357586 2.90907311439514 0.908406913280487 0.570283234119415 75.5011404752731 0 0 14.9298374056816 3.35054796934128
141.684240788221 2684.10914427042 11316.2951559424 2.99476003646851 3.57411074638367 95.5218321084976 405.764400273561 406.465467572212 250.247586727142 55.0931008756161 8370.71876093745 9.77965721487999 1990.46987083554 658.013748317957 4.71293342113495 83.2476629018784 6777.42619368434 4854.82211643457 9386.06544479728 10.1910130977631 491.873673021793 427.175890505314 2486.86354908347 228.912099808455 3411.1109033823 0 22500.4701166749 324.06823271513 401.6023876369 591.933880150318 1834.17925032973 65.9963437914848 50.0741480886936 3115.5780595243 75.9543176293373 2810.04442834854 2574.39039635658 5228.50804209709 1214.5168441534 92.8152142763138 22.3279974162579 58.0402152240276 273.620054572821 287.916838079691 383.057884991169 112.954019993544 3.76433527469635 3.78650546073914 6.65160042047501 4.40332537889481 286.665028572083 684.263683289289 0 0 0.458889544010162 41.1012954711914 6.61972174048424 10.168771892786 0.589955985546112 316.807903677225 1.12533619999886 986.247258484364 15.0585259199142 0 15.4222942590714 418.575451552868 347.91705930233 692.165881305933 0 25.9639056324959 63.6359721720219 181.937759250402 15.1011862158775 566.650875091553 4651.92608720064 4685.54638469219 24.2921487092972 5.91457396745682 35.6319027245045 138.464157104492 0 0.456299155950546 169.47335588932 40.6341192126274
143.322970539331 9725.38419121504 15786.3150015473 16.7100079059601 2.77969908714294 79.6082986593246 687.386097580194 342.667849898338 1621.08632972836 68.0333044528961 1958.77413457632 25.4922799766064 4058.45103561878 598.788777500391 60.9713160395622 7170.81837418675 6843.31249898672 882.669581741095 3095.56326493621 10.656091272831 1716.99789994955 9285.0455044508 15311.301732868 2977.51301461458 5327.02753710747 22500.4701166749 0 2634.85399061441 365.840257227421 925.353828936815 1909.87688407302 58.8904969990253 82.1896540820599 3781.51918566227 191.371800601482 10042.5678319633 4451.23844337463 8721.96721351147 2851.13112953305 432.755924016237 64.1747840344906 44.5560725927353 863.24149698019 509.633990049362 988.300289034843 401.924876302481 44.0340983569622 14.1099431216717 3.17261445522308 19.213026881218 577.988378286362 2515.85920801759 11.6649071276188 0 11.0283758044243 185.119831800461 36.0408208370209 40.692774027586 11.8609879910946 176.581618189812 2.70688718557358 503.958420306444 53.8340370059013 1.19516623020172 370.969836056232 715.256225317717 183.430522948503 510.970982253551 2.80500796437263 177.634705543518 621.218775808811 2552.85095912218 108.984225690365 343.994225740433 3903.3026548326 6886.47889189422 153.056419581175 32.8850662708282 136.158224254847 93.2031554579735 0 11.9397348761559 408.137740373611 136.14309707284
887.454440116882 123.998161137104 1775.78387194872 17746.9393098056 13.8066118955612 1474.69820600748 25842.5150108635 1239.62005752325 4898.55515953898 10643.4127933085 45.0818131268024 1030.22609296441 27.3511075079441 1936.36055496335 206.385960429907 5451.69613081217 317.011636078358 10.3534522354603 60.6494687795639 5676.11038959026 12455.1324119568 2857.27670794725 10174.6420800388 33056.3258750439 31.9831546247005 324.06823271513 2634.85399061441 0 2422.88695120811 13176.9660859108 0.477215945720673 17.6113435924053 679.71827301383 2709.44393831491 216.701825320721 5540.86184462905 272.873438507318 1985.99926993251 997.601144373417 780.602073937654 259.21487224102 8.87281855940819 471.904059588909 22.6246001422405 276.676706433296 108.127814173698 200.349459528923 31.4508749246597 0 116.153790682554 8.73281136155128 76.1941107213497 346.870836824179 9.41801756620407 211.218365818262 1213.73689192533 206.884422004223 604.451019525528 797.827769607306 3.36882650852203 256.97819635272 2.46041983366013 268.22322922945 46.509864449501 255.307287305593 20.42033675313 2.55694359540939 6.67398869991302 226.022275656462 354.908034294844 150.951950490475 475.369179755449 2461.42205920815 2.84361135959625 28.6803492307663 259.857923418283 2788.18983033299 254.619148910046 279.113464802504 0 0.454260528087616 39.3672336041927 230.722817718983 71.1822431087494
11194.4915012419 52.4854373931885 272.495560616255 164.265731990337 106.049031436443 513.196995139122 3937.77897270024 1255.83530199528 608.91342356801 1132.65894421935 467.211601346731 195.081442832947 79.8732098042965 8555.84889413416 36.2737341821194 115.341237455606 407.524457961321 42.1154460310936 170.876634657383 193.916502773762 665.161981672049 247.605334758759 822.663718819618 919.342073529959 19.2261252999306 401.6023876369 365.840257227421 2422.88695120811 0 7913.75892730057 2.94735789299011 2407.24819129705 13480.1474389732 5558.45424607396 102.747991502285 2375.13896685839 107.15204551816 1782.71227276325 303.46346911788 867.019255638123 1157.48630017042 30.6813311874866 48.4178292155266 8.90209692716599 39.7865235507488 9.29606640338898 15.4370861947536 4.82706606388092 0 16.5413269996643 1.65537810325623 18.4648099541664 11.8250932395458 0 6.77576425671577 137.20037291944 15.7706173658371 60.6273666918278 23.2813713848591 0 12.0178925395012 0 28.5590751767159 0.489225089550018 30.1515846252441 2.83999556303024 1.19184935092926 3.96124863624573 6.31951847672462 44.5876661539078 16.8060344159603 55.9778816103935 261.071911394596 0.795980155467987 9.88363835215569 47.1787550151348 332.256512925029 32.7847875058651 31.588397026062 1.32863461971283 0 6.54943045973778 25.3731591105461 42.4145300090313
4094.04516208172 84.030741840601 2124.25921753049 34.8109165132046 3.32334691286087 359.59407684207 12731.507709831 1688.92652073503 1038.05228543282 193.890708446503 83.4604533016682 18.2861612439156 8.48467972874641 4055.55307093263 11.6061830222607 626.669060111046 1782.90967831016 25.1032913327217 259.173186004162 17.7086412012577 17834.5185982585 960.034619361162 9224.5857051909 1352.40980535746 10.0063745975494 591.933880150318 925.353828936815 13176.9660859108 7913.75892730057 0 0.43056321144104 18.8264505267143 752.496630221605 4212.65738403797 88.4429370760918 2476.0130212903 179.047009795904 1730.02161028981 689.621975302696 232.207686990499 86.9279135763645 3.1672979593277 172.912710636854 14.1742151677608 97.5882489085197 48.4519713521004 27.0175450444221 9.75379422307014 1.18084228038788 29.7715221345425 6.34281650185585 80.383065789938 9.54415702819824 0 5.73182684183121 177.325990200043 31.4437712579966 101.969027012587 23.3859560787678 1.20606687664986 7.60079380869865 0.435670554637909 40.3158893883228 0 103.0990639925 12.9458676278591 0.720288157463074 4.55903732776642 7.32655572891235 134.783546179533 60.3228116333485 249.566194415092 432.852102011442 1.52958470582962 22.4149340093136 161.851839393377 571.992180466652 74.031547665596 106.934653103352 0 0.680373162031174 8.61468097567558 72.3586348295212 35.5007899999619
1.78660696744919 68.054873585701 11.7977271676064 0 0 1.6105540394783 1.5522508919239 4.90279805660248 16.6608206927776 0.378106892108917 1417.27231365442 0 2393.83561187983 12.5840140581131 0.470060557126999 2.43717330694199 10.2513060867786 209.12724468112 63.1992722451687 0 1.23135051131248 20.4587074816227 3.04700767993927 6.39120379090309 409.631015479565 1834.17925032973 1909.87688407302 0.477215945720673 2.94735789299011 0.43056321144104 0 2.39562010765076 0 47.7376874387264 1.14296531677246 28.560275375843 147.872983306646 148.18064469099 21.658401966095 2.24701508879662 1.47353631258011 10.3896567523479 6.11248803138733 8.67786467075348 8.40645360946655 0.727066993713379 0 0 3.15300732851028 0 6.00448209047318 2.47676420211792 0 0 0 0.698228597640991 0 0.319970488548279 0 68.3754483163357 0 193.35830283165 0 0 0 1.12938976287842 38.3288467228413 16.5764256715775 0 1.13796478509903 0 1.08201003074646 0.467647135257721 49.7374852895737 137.80717754364 122.138711631298 0.504559755325317 0 0 27.6719999909401 0 0 2.92912840843201 0
