0 110.667254649299 90.7980246739476 78.4381335508614 70.9207077026367 80.5625627922069 40.5163598455651 49.544666318636 66.9103406501355 80.2176316878602 100.817612435232 100.033737909009 92.3123587694325 21.2758091692381 98.0574992059154 91.8550324146313 93.0703851578369 127.937242129347 113.24739026597 83.1018724564865 73.1531117399544 77.6981584693573 86.4059451812834 76.1397881916054 142.623491231555 114.623887442038 117.918924013438 76.4843906814128 20.9513587278872 30.3487019072789 181.79048331564 81.9072025564354 28.0854819357021 51.5901023605372 110.037353459433 60.727334446786 89.164086838436 67.0982746645955 82.7394316424637 51.4588933252897 62.1531599713153 77.4486866250518 147.649179960843 0 158.579911266611 150.684063991306 150.14789052948 153.444288303735 0 184.815502538109 122.906326293945 151.875849083023 133.436464455423 201.101348876953 179.591333551065 142.252313506993 168.111248516766 84.3766979590259 153.319411599454 0 130.976059992795 77.8052978515625 171.191685108362 0 141.182002521893 163.18733215332 0 0 185.297470092773 139.604766097915 115.479279262873 150.073813272462 119.900716023222 140.312042236328 175.188475314656 152.856771641237 133.14747014468 151.954565652357 138.161192297775 0 0 136.262359619141 149.61896925876 149.842931321702
110.667254649299 0 42.4037851891684 99.3344268798828 0 128.032642539023 123.503609395416 137.231461387271 71.7217821091243 163.024871475526 56.6384081546804 95.994872684383 43.4160322456617 116.433351974006 112.283413773385 63.3330346015019 53.788965700584 62.4586795929408 55.986204577051 131.455978393555 95.3208150701433 29.6935555032649 67.9875633686638 82.8186147032606 24.877070071219 42.3508165145075 30.957753834514 104.429629565492 108.782755181728 106.353346198712 60.6293290478305 123.077484540068 110.306376593584 58.8761649408071 136.211758141571 72.0475134837216 44.8100010987738 52.6016158124462 61.360014905865 96.4388889670229 95.8924821021532 45.180006769184 99.206310351541 66.9684484205742 80.573652070766 90.1179008331151 143.678986354163 69.548469543457 63.9183235168457 0 17.8407939285372 65.8431760088285 0 0 157.410354614258 151.72821607901 141.764236450195 92.8760463869617 162.698342359841 81.8138272866358 143.043243408203 69.7194718757165 157.013714366643 0 122.361708235041 67.2238637938481 96.88167302533 71.1654048409969 0 110.253666832866 95.001421589839 96.2244244513447 135.807044294113 53.5680700209133 68.3650197604092 61.8178601696052 155.811805227606 133.108148999988 134.939321567958 87.0128823126366 0 0 84.4320420679341 147.621909246228
90.7980246739476 42.4037851891684 0 115.948340743332 0 116.008615339647 93.1852624214138 109.793203460959 97.9912954248351 119.883083419337 80.588086326569 137.923440348839 94.8161050190314 105.55921689038 131.256561584296 86.5864505841576 44.3489916553056 79.2410816792383 66.5452117417066 140.144395252764 65.0117818606465 51.1023431260094 36.013428908404 100.868439726936 80.921429444421 31.0481333091471 38.2029112019769 81.6032697013311 105.960465837145 75.0287160696639 100.090983229598 107.211261244327 103.065130696827 58.195493139026 124.498396976287 70.5020700359012 45.0299507277675 52.5153007132482 62.3924462845001 96.5321422070095 104.375793459083 94.0702051527582 116.206051417805 93.1908316137068 99.7027812452847 106.040479988291 148.701268474338 136.664242119237 159.724731445312 144.921846114993 55.7602267555367 90.228217329237 185.624092660857 165.268676757812 191.01434718374 150.980008918754 178.269569468581 119.073937658113 170.70989432052 131.961622048376 158.703569150616 120.753458662699 173.419781284396 0 115.831887663116 103.262897419771 144.092262776725 118.274694040943 203.13671875 134.182085767276 72.3924117103145 107.044171921239 146.28416193514 88.2956331457489 98.9609360685396 89.4837535544758 153.017872846053 160.734171604406 136.543248767831 137.863110817155 0 158.678718960848 103.626063544195 139.32954026139
78.4381335508614 99.3344268798828 115.948340743332 0 98.28699120024 62.8156854712025 52.3218675846533 95.6606084926666 56.4132635917791 26.4978867572466 167.712707519531 44.8424728022998 154.654467282428 104.75067485596 65.2180737055708 139.918106432398 124.535362243652 185.565828026135 187.801886440865 13.5064163584491 105.05061547773 89.5897399031681 109.631059940221 25.8049464667145 160.040649414062 138.062357985071 125.480964317092 18.9689667550435 99.6390160605438 83.8983442878131 0 129.56387727451 89.3026413003606 100.239594328496 73.8510035672463 96.1151921988772 160.881160004141 105.711612698488 107.912072391879 72.4289655925587 110.768138344288 163.384216308594 90.5959804079703 0 181.751355891589 156.312789916992 102.520287513098 186.40992839418 218.709899902344 162.701029981089 171.013317915176 155.998657226562 70.3316556475687 149.266703250261 139.847656706825 136.615351118464 156.909788787269 81.9907964570699 145.240132126404 0 70.7221649462243 0 146.100432239721 119.603555233603 164.469174382172 0 0 0 86.9490058956932 149.186503445467 142.530521035817 163.760208035733 113.434379715867 0 0 182.337996277376 137.486019367433 179.043223599871 191.960345481369 0 0 167.535923966949 172.327251691609 159.979478265762
70.9207077026367 0 0 98.28699120024 0 12.7614171726226 110.773832234193 31.5923432379561 49.715071573974 103.397848242368 56.1690826825319 52.5039625636796 81.5701522827148 40.3371158803479 15.0497767983277 0 0 98.0502090454102 0 95.7298844968861 0 114.392880991912 160.12105085038 66.1361348756283 174.433181762695 100.005079150477 126.138002458029 99.8496164402798 26.8873312708764 115.961886082908 0 14.3279607560934 0 14.9962260102556 101.36387973907 63.7648246251941 0 58.072791914928 56.6518530917078 12.7759767402545 9.94011129164938 174.162933349609 74.4894636086844 0 0 0 0 0 0 0 0 0 0 0 0 142.834879276052 0 75.2633590698242 142.735091126969 0 0 230.521072387695 0 0 0 0 0 0 0 0 0 193.734466552734 0 0 0 165.677627563477 147.665298461914 0 0 0 0 0 0 0
80.5625627922069 128.032642539023 116.008615339647 62.8156854712025 12.7614171726226 0 52.6026942219694 26.7154465377043 61.6334201184356 36.3857357563385 94.2913412017884 31.9770434875423 65.8026766015476 53.3323470601844 20.3815169364205 121.164395103463 122.29325265087 125.36982619759 135.47660975264 50.7396197970137 105.30382181653 108.34833853552 111.197352328915 71.3160538359359 142.801882936447 137.006759078378 133.739128752241 75.0919528286197 66.400790298725 81.7876404871188 143.074941161748 16.101291788199 95.7359268727507 62.6553869750927 20.4030443382206 90.2997542608945 116.003801940217 82.7552981492301 81.5773211849804 19.9134484248063 20.4992840939312 57.7868166444944 141.679246711355 167.872299194336 179.498903024362 180.7838433678 123.031054151837 184.636276245117 0 167.055665115858 148.386613071011 178.044799544701 158.54236722554 169.813044892866 162.357302386093 144.964132330538 164.839385402225 93.9253809623329 157.603015350893 161.369934082031 130.367171775674 187.672073364258 173.296033181977 116.115272578484 184.085764922024 0 0 206.342376708984 140.992381362409 169.746361263222 146.945772022667 181.697394232645 125.644813001302 233.17028757403 216.0561154573 182.348814849467 148.301539691563 183.695262598735 172.934486727166 246.153045654297 0 164.097564697266 188.509924055056 204.663298859722
40.5163598455651 123.503609395416 93.1852624214138 52.3218675846533 110.773832234193 52.6026942219694 0 60.5098956928183 58.1721403657707 27.0888539948955 113.805427018508 51.6346377019417 112.162755614733 42.7541523807302 75.7046239064091 94.9044963758012 107.441567554879 117.654518029531 105.281396579018 50.6012688788659 75.3764970937423 85.5677468468482 84.5655923290487 54.1242914219724 141.263161680705 118.114441388912 109.198533273085 40.0940634925747 70.0194146115823 31.3239897094521 160.208392003191 122.961617646604 70.6142257505289 77.1989876603813 110.00735875756 83.1293845516808 97.4489184335058 86.50899810262 90.3514030047597 77.4503551493757 86.3182560296355 112.930664251452 145.770741318441 149.139114193901 154.630486604022 153.73971273942 130.308103439175 148.556699928058 0 137.598761114552 138.236150253206 157.006808338371 133.082293947696 129.575424194336 140.871996354499 130.977002355847 145.551702728865 82.7524980863461 143.428188825147 212.074211802247 118.654050435559 191.908432006836 155.409764274943 143.564666633792 141.850271046964 171.305313031931 0 184.626849598892 129.295436538366 144.768541050099 122.41917558693 154.169218909428 110.084493509458 180.814365378171 169.553246474491 158.927406399198 127.386377038672 154.075898435369 146.070177950425 0 189.568878173828 146.166051514365 149.127456464345 162.182017580042
49.544666318636 137.231461387271 109.793203460959 95.6606084926666 31.5923432379561 26.7154465377043 60.5098956928183 0 81.6349862163356 54.8259356148308 71.8296414948084 76.3654369239421 56.1697685000334 25.751526309005 34.783212931884 129.770795519532 113.68785772726 106.671261026856 121.191525826452 82.517761640376 97.6583219268586 105.042636952055 106.867712360859 90.4151914401641 113.610441695313 124.426096236091 131.838823464805 93.3598110637442 53.690059148139 72.7614572237971 116.015226795031 28.059467089991 87.124777456322 51.3807859041524 112.238644549305 85.4077829119741 93.9961437029639 66.5160626238075 66.6997657976458 29.9897211037754 27.719145423795 62.2356325934183 162.476671271067 109.768722628323 172.716450145316 166.601565679269 156.310420055975 179.360666514443 0 160.532533212807 147.074796996871 182.063246757349 161.944002391096 0 167.235714381427 155.020512501285 165.580563298642 109.481495607991 169.486255568796 218.305786132812 152.900676138927 125.480934143066 175.232824216771 171.471764485405 149.899911977839 186.666491604298 0 194.906433092676 155.936808450226 149.705586064968 161.047274755425 180.261292884612 136.784848263241 0 178.838572985121 166.775415463387 149.32878589108 177.866489912702 178.297204238812 0 0 160.610255762078 171.890215010956 148.484677900885
66.9103406501355 71.7217821091243 97.9912954248351 56.4132635917791 49.715071573974 61.6334201184356 58.1721403657707 81.6349862163356 0 72.0867310012897 129.726863978916 30.1090140855427 113.401492327146 86.560323220805 24.4862476740308 60.0734069907637 120.619993521061 136.37387851832 127.223459571006 57.6026262047656 69.9806572921791 28.5878921548867 92.3611063233324 24.8816154075067 101.03069278737 114.823480638583 92.6138747817882 54.9239297976157 80.2032330278348 63.3846650403113 133.701319233072 87.5359468148476 68.4212288362361 82.2442010485121 121.83188726453 74.4902242941698 104.248732633074 94.1879298399873 87.8490030683239 24.4546331920473 84.3694906774356 118.702145226377 80.7546459239644 135.144189345749 113.635153013983 102.341681236561 58.9035189425252 116.806356835472 202.717468261719 83.2896432325892 107.240852118085 129.971255669546 87.1242652971798 81.2675639038365 94.6858771101504 82.8243848781864 104.710699404751 28.3118442201783 93.2544899137079 146.279578981816 65.6883796781984 140.69132072775 105.021770732916 59.9564483686637 83.2617664454493 155.464752859872 164.119760022282 145.02931064873 77.9050582169556 79.435735298658 63.5977143083946 112.967620278025 60.4186419153296 128.577564047544 147.799324228993 137.055701500725 79.5749550511898 98.1845671026325 81.3188028887574 165.699371337891 0 83.9568818630178 99.7078462495843 149.50042663241
80.2176316878602 163.024871475526 119.883083419337 26.4978867572466 103.397848242368 36.3857357563385 27.0888539948955 54.8259356148308 72.0867310012897 0 136.484444753385 22.636215890059 137.325363382771 69.0740755311391 70.7694160184967 121.388069769738 140.074161755015 178.081949740472 155.009293405943 19.2353930876148 101.852704714024 118.119872223798 110.220054822494 57.9584832356687 156.603908943569 155.597809271372 143.04031631955 36.01675427604 99.3352646088228 85.5071571845893 184.736862182617 119.627413010218 95.1962758566696 97.6029863679204 44.7756111051822 97.8086757152049 121.008561031135 99.9206689964061 106.465103811475 77.5452985806239 99.8644125426656 116.960493041284 117.167607173238 144.074853797799 175.909897118694 167.936240696422 124.988811863807 195.041353310357 0 162.162190372104 165.629016455416 181.972780535037 143.383129002972 152.020071709458 158.175686337226 147.275662282251 164.525503748532 95.3032750033359 156.550232816959 0 128.770931829094 210.945007324219 171.680499823823 133.362254839557 165.411181938165 209.114349365234 0 215.231414794922 143.318663504964 170.388864009302 156.944155264659 176.484335327726 122.492024344466 194.928865944413 0 183.559592663959 148.369355862172 181.944918808888 169.294864546097 0 175.377990722656 181.227388866018 181.713435557145 190.209389574201
100.817612435232 56.6384081546804 80.588086326569 167.712707519531 56.1690826825319 94.2913412017884 113.805427018508 71.8296414948084 129.726863978916 136.484444753385 0 127.441226233363 18.1240700221992 72.9003387317823 134.83234763863 119.726943212067 49.452952483814 24.9809165751173 25.8101300032459 139.333606063333 103.004747288042 93.9362330622739 82.5761000857378 145.840541426508 30.9802348536712 29.8574983574282 54.1935914550121 135.693744698689 70.4026850182568 102.463504252259 29.1349192186597 62.7013061279399 87.5125010644514 23.9987132284225 125.66570591022 74.5847363001 23.2002594071414 25.9855484495084 43.3862678067992 65.0498222219667 53.5243728281988 14.0870757846348 161.717017780868 69.8471531393236 108.516641200917 132.404307483893 0 0 56.8814427663577 0 82.3873981615941 124.594100555838 0 0 0 198.606968216532 0 160.38246448459 0 74.0097013225159 0 64.7690534059665 171.004372868376 0 136.403411865234 115.13188984604 92.2578040927429 100.301377916748 0 181.27961730957 111.025795914924 152.90513949675 172.925706922438 54.0549624712604 91.5839762806082 96.1086417192928 186.933327917441 155.486812250422 177.369029739002 88.4082629933079 0 202.606857299805 132.601208412083 135.078274227417
100.033737909009 95.994872684383 137.923440348839 44.8424728022998 52.5039625636796 31.9770434875423 51.6346377019417 76.3654369239421 30.1090140855427 22.636215890059 127.441226233363 0 130.470369667697 99.6428335589086 19.7347888830736 166.886612678193 195.697985790582 169.74739074707 187.986041048958 15.5237214757361 137.525118813249 73.8079785769536 140.116785337993 41.8913047250745 130.605672218959 163.313832772591 132.818405906715 57.3520946026785 108.215552032164 128.441260970276 0 118.86762965493 121.340197353252 101.387149340084 18.7558018699354 73.9858117653448 0 104.980315927444 108.560901298181 40.9086868815073 101.960509885319 98.9541244506836 77.6591779205347 177.462203979492 152.92171411422 0 93.8282960762822 0 0 189.165084838867 139.948646816054 170.890647231828 123.757820454195 109.312959084338 107.741753577692 127.731781692707 130.364430948217 68.9482926745574 94.6284528071964 0 27.9701747245749 0 141.420040918692 95.0307474604837 183.074370415101 0 0 0 81.5064517122494 0 118.775033532985 236.002822875977 101.430050698023 148.605255126953 207.784438563543 176.020131007343 128.011818768125 175.827889447913 159.719547340433 0 0 0 145.562463123109 0
92.3123587694325 43.4160322456617 94.8161050190314 154.654467282428 81.5701522827148 65.8026766015476 112.162755614733 56.1697685000334 113.401492327146 137.325363382771 18.1240700221992 130.470369667697 0 68.5743750207157 114.091239929199 107.530292004695 89.319972339115 39.5605414601622 50.8726021460943 112.959658844435 105.208793859563 83.3285401581765 118.211362814914 124.104976127262 20.1961035104339 31.2216869301643 27.2778907009925 120.837883106519 71.686026582253 99.9391935357972 15.7861573039518 57.8822630991247 68.3647466478734 24.4477298981136 70.967629902836 31.5501009144519 21.8608327246992 21.9417701588425 15.9600602991335 45.1183398977042 16.7309939535942 10.6447602927547 58.079518471993 55.539869187937 66.0113157413375 37.3115190046209 61.8026002714034 36.5700645930644 44.6061848109397 0 87.9668921720379 120.610755423256 216.663009643555 0 0 160.833974373252 172.779754638672 127.493529485722 0 64.031232570227 179.237197875977 56.9500491495511 126.593424178127 0 0 123.828316930763 80.9370348287987 88.5312978106082 176.157745361328 0 113.849330196554 131.236415766144 163.094587700562 45.9693450077184 78.243386232341 83.8512935551208 157.937690546224 107.866206998375 149.143218994141 79.4264456444675 0 0 96.1185522073659 73.064350833537
21.2758091692381 116.433351974006 105.55921689038 104.75067485596 40.3371158803479 53.3323470601844 42.7541523807302 25.751526309005 86.560323220805 69.0740755311391 72.9003387317823 99.6428335589086 68.5743750207157 0 60.8862965717518 119.597392048126 109.246877344019 112.596898986165 109.46797784966 99.626875367063 92.4740544386818 103.349172247145 102.51157369724 97.7688999010088 110.073570003006 116.696536506404 126.850957574845 94.6054051280184 31.5091416557099 63.6072267455816 113.681708559542 27.9343654475921 56.4063500112643 49.4275054461139 108.797659613362 76.6633694229538 89.6976734522345 62.5936592855782 79.2599338537334 40.2232882352378 41.2244874891942 64.4516225451144 160.340436178292 159.956567225028 173.247104980587 161.638383334351 177.614993081823 182.392823645977 0 162.694313339675 126.533038380533 175.703975020413 180.095290722332 0 179.160152738407 164.08767251786 180.66127373117 110.244404898829 183.822983863965 155.740037513729 148.71610003503 65.5215835571289 188.401527559255 180.753397925523 156.448233280369 184.811792251014 155.598346978573 186.526058038423 152.447273334955 155.674905557864 129.682394885298 170.371321068121 142.484177796761 116.485981567929 159.255740932162 161.271915918972 153.711724678544 174.869975664822 164.705123185053 177.201852920135 0 169.339054634335 164.415814199766 142.395632432091
98.0574992059154 112.283413773385 131.256561584296 65.2180737055708 15.0497767983277 20.3815169364205 75.7046239064091 34.783212931884 24.4862476740308 70.7694160184967 134.83234763863 19.7347888830736 114.091239929199 60.8862965717518 0 116.857149007011 138.996637359426 167.097087100066 168.151386598306 58.3687533297129 115.271173216444 78.0609197017558 118.996947400573 43.1369147620172 150.692401704115 154.455645349461 126.993242901467 79.6745119453198 72.2393633222867 94.0833980212545 166.148498535156 35.1815861127158 108.176344259531 73.6830871809367 37.2843575838494 48.2701888581863 159.633255004883 112.477702710731 102.088933894982 14.5651360947867 24.1188130241129 0 103.122474138071 180.416412353516 0 0 85.9246849349497 0 0 0 122.587493195964 0 125.217976287701 0 118.315921026478 134.503361973086 172.394530792044 63.6837496773327 130.130805135765 0 99.1886939014498 0 165.9385645465 117.59984588623 0 0 0 0 105.624697305078 162.044339651953 123.828097870784 121.464831572668 100.750619357259 0 0 171.833919927476 132.08599420638 165.706866691118 156.084442154496 0 0 0 134.32858454201 0
91.8550324146313 63.3330346015019 86.5864505841576 139.918106432398 0 121.164395103463 94.9044963758012 129.770795519532 60.0734069907637 121.388069769738 119.726943212067 166.886612678193 107.530292004695 119.597392048126 116.857149007011 0 104.695690641145 131.254481603268 112.181042996912 150.138560206091 22.5845797002974 35.4517910094929 21.8763401099136 40.2547177984458 114.760044779944 109.659538260448 35.1735152703884 37.8790833332322 95.3220846106242 77.1009546143729 135.857642721999 139.574537278461 84.277859873333 70.6971111727967 127.699771821013 74.1248498626145 58.5992465406836 73.9973080347236 75.292825519397 84.7147973224707 87.8073291014144 148.388839290871 115.955584646737 91.4064511343636 112.613797499127 115.622261324529 119.150179099164 142.610621121167 0 128.345379733417 104.625831793573 118.416799325307 130.36112366119 0 178.920490389808 137.110928788339 172.352455974846 78.0178133599956 174.910503444387 189.888724475683 170.323216931652 0 149.359285986401 0 102.607272428019 142.685637835665 158.102554321289 162.967147904367 173.799282611648 113.006735532232 62.2465614672402 105.194849914655 113.617974804808 0 160.521748706865 106.772257831988 123.726782909809 136.197490937169 122.351816756155 0 0 114.626362626036 116.780568022307 158.678282298353
93.0703851578369 53.788965700584 44.3489916553056 124.535362243652 0 122.29325265087 107.441567554879 113.68785772726 120.619993521061 140.074161755015 49.452952483814 195.697985790582 89.319972339115 109.246877344019 138.996637359426 104.695690641145 0 46.5864102153009 21.0588048386731 195.491159100098 53.2014922159075 81.3006989389447 34.2243622055816 128.093739337969 71.6645788961721 43.4219583879179 64.1644791997375 106.685671350434 93.9403684429781 72.1219352718684 84.0536772908663 98.2957594518248 80.4771187348629 38.4550528848547 128.298795022222 77.7745568697656 53.0462581486493 50.0643089893379 64.9879744026086 108.377462737148 93.7725121566519 79.4440991218042 138.45043349835 101.178933797209 121.757358651366 123.000222985794 183.119868854609 0 132.94543321193 161.888946533203 69.0935460718363 105.157327357375 0 0 0 185.993031950789 195.495503869749 138.541415001526 0 118.475862250124 0 118.340074467736 195.093400269633 0 143.272396013923 115.147470157435 123.827843836676 120.752529239918 0 155.299079114628 102.599929893274 134.042860670496 161.070087045848 100.589472863225 104.896306612193 105.804277861448 167.35148580816 188.059170678697 145.323991295164 118.395111083984 0 0 129.343955518337 131.676434471341
127.937242129347 62.4586795929408 79.2410816792383 185.565828026135 98.0502090454102 125.36982619759 117.654518029531 106.671261026856 136.37387851832 178.081949740472 24.9809165751173 169.74739074707 39.5605414601622 112.596898986165 167.097087100066 131.254481603268 46.5864102153009 0 16.9189873395136 158.132170165595 120.351084666329 96.7468875128253 102.213627511211 145.892485987454 43.1170885539675 25.3324787711089 56.6882472867238 142.658581882386 100.336309282505 118.812883669095 46.1373534448056 86.9002537295235 101.532729257523 53.210430663279 146.715281174375 86.1907189923756 45.1190429345208 50.5902562920863 64.7519997872687 87.1353342668592 116.495805326855 50.1820810882358 156.056464425778 99.3921851674178 108.657865369045 145.059099763395 0 137.105712890625 58.8865242004395 0 117.562274775286 129.945271053441 0 0 222.816635131836 221.86321626855 0 157.767196655273 241.611770629883 88.3902273791677 0 78.0911175491644 166.664849419843 0 0 130.297383934128 98.625258470487 102.386017119164 0 143.702041625977 138.42676904133 167.087296745936 224.134246826172 66.694846364775 95.6993810309497 97.8609870481735 160.221542358398 0 0 93.3903260184328 0 0 124.045901494036 149.51496887207
113.24739026597 55.986204577051 66.5452117417066 187.801886440865 0 135.47660975264 105.281396579018 121.191525826452 127.223459571006 155.009293405943 25.8101300032459 187.986041048958 50.8726021460943 109.46797784966 168.151386598306 112.181042996912 21.0588048386731 16.9189873395136 0 166.067520500084 82.2473997507317 95.4945911169589 72.1792323449451 135.553039190314 45.9418158902299 32.7040441871618 62.2583944472293 128.788447384306 103.324586512275 94.4616558840469 61.1717508017593 84.6971067197771 97.0950401474595 43.535082358211 151.444225433736 85.2806919171128 50.8421789390689 50.0925226312008 64.2547025256967 111.208307382222 163.443416525992 56.6953403158972 141.021037894809 112.771417250411 114.7436714512 126.798551023594 173.223358154297 0 89.4800643920898 213.210708618164 69.9420676049567 116.57288835179 0 0 200.241790771484 197.164781146921 214.631444198597 200.382720947266 0 101.556726609036 0 86.0118133791252 201.036422244547 0 167.161384402818 115.117430019936 102.60477757754 104.796070533386 0 169.637712761785 109.397516801011 151.632361820197 203.599676755637 74.9637249312016 96.914923028748 100.446961458916 179.964460002078 134.965286254883 168.863898062812 102.956617931488 0 0 127.578707183926 141.302190589235
83.1018724564865 131.455978393555 140.144395252764 13.5064163584491 95.7298844968861 50.7396197970137 50.6012688788659 82.517761640376 57.6026262047656 19.2353930876148 139.333606063333 15.5237214757361 112.959658844435 99.626875367063 58.3687533297129 150.138560206091 195.491159100098 158.132170165595 166.067520500084 0 135.629095590675 93.5456715490245 135.788841453058 29.041014167098 0 180.023542089442 178.310746792323 29.2428081102296 101.431962118745 101.695531240944 0 127.653817711294 101.117535675911 99.8604483207078 39.8889350295421 92.5095469594678 113.475925305971 103.011356143542 104.177886091464 73.5194818424211 100.027974491448 109.058096296774 105.227268394297 190.483428955078 187.452083551472 161.638595581055 107.946045809769 185.129348754883 0 0 165.764663696289 167.368881225586 120.039493813163 153.867767333984 144.572971194728 139.373303759121 149.48334084163 82.6065478839843 144.763625717853 0 68.3535075714048 0 156.810162485768 120.228570008749 175.527711474832 186.538070678711 0 0 128.660964090278 199.428848266602 159.65396937816 180.517698144239 108.217106231478 0 199.319037680648 173.129439314322 140.098975727087 185.382719627798 160.82470703125 0 0 163.655223554065 164.050696949201 171.810801587656
73.1531117399544 95.3208150701433 65.0117818606465 105.05061547773 0 105.30382181653 75.3764970937423 97.6583219268586 69.9806572921791 101.852704714024 103.004747288042 137.525118813249 105.208793859563 92.4740544386818 115.271173216444 22.5845797002974 53.2014922159075 120.351084666329 82.2473997507317 135.629095590675 0 57.9665707137024 37.3999403858265 39.4276733128642 134.895331436151 93.3516361129462 78.6640511748306 32.6301215048357 80.4319388694764 32.9296300106128 177.809661460102 122.927321193035 66.3441514039697 42.0894803513378 121.302091030527 67.487588657263 61.7971114319802 59.9106840870215 66.2967898839829 81.2199241904983 84.2678663519599 94.1547335660429 132.089329340514 114.931886246938 133.601142422821 131.059214474622 135.275369052709 175.581219649342 0 139.583404481723 117.215807949453 136.037063095914 188.789184570312 0 169.228575016002 138.299634420677 169.915881146996 86.3272643158904 151.210475610948 176.282589792276 203.869174996816 148.135620117188 162.41024530135 0 113.027877403724 155.010135918918 0 165.741772912846 167.018429088636 119.783995775979 77.3075734945901 121.199768748144 114.462927897558 74.6481628417969 163.379294539559 128.791466661726 124.668575414983 142.084179974575 128.956750218319 0 195.554336547852 138.669984826284 131.702135929735 145.745641919138
77.6981584693573 29.6935555032649 51.1023431260094 89.5897399031681 114.392880991912 108.34833853552 85.5677468468482 105.042636952055 28.5878921548867 118.119872223798 93.9362330622739 73.8079785769536 83.3285401581765 103.349172247145 78.0609197017558 35.4517910094929 81.3006989389447 96.7468875128253 95.4945911169589 93.5456715490245 57.9665707137024 0 51.4956012065 37.1581450599379 65.3479697091973 81.0501139020294 41.979857432754 57.3295155626833 82.0397721958761 65.4870939924188 100.26064151517 0 68.2657045411052 59.4230646690564 117.309423796657 61.1889805479758 45.9785756481379 57.7631903367757 60.3043634623376 70.3338237888108 81.1935748265417 83.2770529434396 87.8240346475378 72.8393754403546 83.7347698055805 89.162428789209 106.577394296051 87.39370045839 0 112.665154346749 34.6351335806089 78.2687239258629 125.039900909185 0 132.881903383987 114.796669562473 145.514670320101 68.7897433006689 155.783997520016 129.503612166919 118.413623732932 117.645717986888 139.914814112579 170.037521362305 63.5458177571545 95.7742615752667 161.474256492019 118.920497894117 128.845972832782 80.2548449732653 22.8486878419737 71.9906803051149 77.0973173086565 93.2230894364061 115.389434118104 65.6205935719448 97.8419368636393 131.387223920621 88.2021004545313 118.382286071777 0 89.9406014358977 90.8426791488687 130.663709672804
86.4059451812834 67.9875633686638 36.013428908404 109.631059940221 160.12105085038 111.197352328915 84.5655923290487 106.867712360859 92.3611063233324 110.220054822494 82.5761000857378 140.116785337993 118.211362814914 102.51157369724 118.996947400573 21.8763401099136 34.2243622055816 102.213627511211 72.1792323449451 135.788841453058 37.3999403858265 51.4956012065 0 68.6116265520108 104.40600700219 71.0782158614556 48.0462699912912 56.0929230334932 91.6144689947429 56.6320590943239 106.070617046288 123.67061195572 78.7896699497578 49.0413977432347 122.855119242004 67.1062364975955 47.1310242006108 58.1094082933588 64.2209707358095 80.226043046691 91.7876406630399 100.777416322291 123.18716439094 101.684904645166 112.959583945163 117.546713626132 129.024546273189 130.233687801163 128.682399479236 150.155885325609 94.1569451105631 106.671121393467 168.211267620833 0 181.974148183841 154.342079295751 187.336166901042 113.30079181603 177.665666828512 151.078151433425 141.571510581785 185.605459040118 175.149720768396 174.433166503906 104.341452450646 127.055962812214 194.076421536528 160.993936970666 165.543589621514 124.294861996228 66.6457404937333 108.397853606563 126.34867426683 119.927407358644 138.328103942724 101.558786565051 138.685664671 149.710469099436 134.323602381404 0 233.889099121094 139.541583860936 116.924575923471 144.408532559942
76.1397881916054 82.8186147032606 100.868439726936 25.8049464667145 66.1361348756283 71.3160538359359 54.1242914219724 90.4151914401641 24.8816154075067 57.9584832356687 145.840541426508 41.8913047250745 124.104976127262 97.7688999010088 43.1369147620172 40.2547177984458 128.093739337969 145.892485987454 135.553039190314 29.041014167098 39.4276733128642 37.1581450599379 68.6116265520108 0 115.810668910294 126.226950061288 85.478974800268 23.5181937835495 89.4470664704563 73.8900959941457 150.032705496665 128.6808945014 77.7725882618575 82.9164751779427 134.517288182858 84.3024937941596 97.5256050002902 91.0529899949863 88.0652787249848 49.602179082486 94.8126408855874 126.814817025555 121.849174571612 126.33532966511 131.758299348677 134.208208190663 104.41978017976 146.461089742638 0 118.912565045687 146.061882550133 147.278107245401 82.5349418095827 114.584368610992 124.834376590983 112.541361458816 132.047853953874 60.333517085402 121.919900829793 180.151997377085 96.1276461112245 188.208266451824 137.822492655801 109.781889229388 107.325134161245 167.654624057766 0 174.774050255785 107.781977914441 114.149030062901 77.3702774995445 127.216542173587 84.3588282688321 143.250184165501 173.789262084602 129.721394424101 108.60043372971 137.035961595985 118.49352208178 0 181.851760978594 130.2393926703 130.84998983762 164.038565521249
142.623491231555 24.877070071219 80.921429444421 160.040649414062 174.433181762695 142.801882936447 141.263161680705 113.610441695313 101.03069278737 156.603908943569 30.9802348536712 130.605672218959 20.1961035104339 110.073570003006 150.692401704115 114.760044779944 71.6645788961721 43.1170885539675 45.9418158902299 0 134.895331436151 65.3479697091973 104.40600700219 115.810668910294 0 37.1753714861155 31.8631833387705 127.826360736458 110.173959352716 131.549766011434 42.8875798164899 94.0103418138017 122.237287268225 54.6854524992357 114.720135388441 81.8236712420795 19.3912223259162 47.184056867314 57.3385471796305 130.101000914178 0 16.1004436624775 120.963685204389 46.4963533840198 83.0070230290713 64.3032943644559 0 0 26.8904136140943 0 54.0476949715771 110.275973448778 203.124618530273 0 0 175.635141049541 0 170.646301269531 228.029663085938 50.3684252171094 0 33.8069868948625 168.874354878051 0 0 94.154498641519 72.0600858324467 81.1207501819513 0 141.603448981467 119.756777556538 147.755283721736 188.638555978126 25.3109053216452 67.8405221826019 69.5638138623965 194.998900404621 209.559631347656 110.31941986084 66.077404083435 0 0 95.8039123654966 126.058146401027
114.623887442038 42.3508165145075 31.0481333091471 138.062357985071 100.005079150477 137.006759078378 118.114441388912 124.426096236091 114.823480638583 155.597809271372 29.8574983574282 163.313832772591 31.2216869301643 116.696536506404 154.455645349461 109.659538260448 43.4219583879179 25.3324787711089 32.7040441871618 180.023542089442 93.3516361129462 81.0501139020294 71.0782158614556 126.226950061288 37.1753714861155 0 34.8669954833844 115.648367713466 104.111602176675 100.458940154577 22.4917400241213 93.5176452506226 100.586790908937 54.9497390518854 131.903569995054 79.6628222785373 48.0789330882217 53.4276794947015 63.3964780882287 103.657419927068 96.311035053152 56.1365448197167 127.480964241992 91.7649651021559 105.07884435621 115.675656596883 170.933425335748 128.169636408046 74.7248921734447 171.000486099591 58.1994094350526 95.1142637498143 0 0 226.60969543457 175.486195415772 192.899934780001 164.296198707033 235.875350952148 89.6098834079501 167.964994075755 78.9305139929825 179.442752420724 0 155.041173443181 103.609035916035 94.1351534235025 96.2848670007921 0 156.262231482993 108.772715861016 133.842278216584 183.06625275212 62.6861673558198 86.4153050746891 88.5819065559466 181.760022212895 183.229256991305 150.118844422504 95.5464547586061 0 177.548599243164 106.776766984435 134.847810876018
117.918924013438 30.957753834514 38.2029112019769 125.480964317092 126.138002458029 133.739128752241 109.198533273085 131.838823464805 92.6138747817882 143.04031631955 54.1935914550121 132.818405906715 27.2778907009925 126.850957574845 126.993242901467 35.1735152703884 64.1644791997375 56.6882472867238 62.2583944472293 178.310746792323 78.6640511748306 41.979857432754 48.0462699912912 85.478974800268 31.8631833387705 34.8669954833844 0 81.7014989492015 113.208659818466 101.468078293485 22.2628244411191 107.726722275488 101.979619089299 65.1033410819 127.902870732256 75.6192519932134 52.3298944753804 60.4928095298563 66.9269949521408 95.5602516957134 92.8602951766816 78.3329988702419 116.524104388354 91.6228071973921 101.736337374705 108.638967456665 132.612892681305 129.916716708752 90.6733414330227 153.084962389535 54.5712916168948 90.61282700729 186.674019605209 0 189.97780896687 153.84124896024 179.15632246353 133.920887477602 199.422886233228 96.5783782384922 169.834473825616 87.4309635241609 177.562215089631 177.25554783365 101.596167704437 102.313198569243 101.98381364253 100.830567253164 191.75584130985 129.541218505345 64.3260561547601 104.279855602522 144.900042506254 64.7245531346517 89.5848376621006 89.6162049076885 149.849826751986 160.955248857858 137.982217312865 102.450823243587 0 156.876339152656 104.769796101187 145.412256559937
76.4843906814128 104.429629565492 81.6032697013311 18.9689667550435 99.8496164402798 75.0919528286197 40.0940634925747 93.3598110637442 54.9239297976157 36.01675427604 135.693744698689 57.3520946026785 120.837883106519 94.6054051280184 79.6745119453198 37.8790833332322 106.685671350434 142.658581882386 128.788447384306 29.2428081102296 32.6301215048357 57.3295155626833 56.0929230334932 23.5181937835495 127.826360736458 115.648367713466 81.7014989492015 0 86.6377318992491 47.2044891777192 187.476089477539 130.963438868064 70.639366559826 71.1916828523446 126.017165735869 77.4612233107164 82.6746294001096 80.3857664628493 80.4512067704681 83.3002368623268 94.0001961634799 113.194576066171 131.43843496677 128.963622702693 141.138784437233 138.533750345345 122.98369708656 150.287896332159 0 128.233491941077 150.192793549438 148.958485728084 115.948491964799 161.369896363993 144.469304705485 126.588319461635 148.596897661436 81.1860078009265 142.734139463532 183.046010505863 120.095256709108 199.007728786161 149.846706969743 132.283470306358 118.132402681052 173.430656554428 222.97535903391 204.133989957017 132.135033822827 119.984489647269 93.6930446359638 133.874988102906 107.210695366797 181.912445023126 176.342927369257 143.72351969809 120.347902760978 145.130882688687 129.473462234637 0 178.293609619141 135.89938963103 138.666284108182 161.085108766121
20.9513587278872 108.782755181728 105.960465837145 99.6390160605438 26.8873312708764 66.400790298725 70.0194146115823 53.690059148139 80.2032330278348 99.3352646088228 70.4026850182568 108.215552032164 71.686026582253 31.5091416557099 72.2393633222867 95.3220846106242 93.9403684429781 100.336309282505 103.324586512275 101.431962118745 80.4319388694764 82.0397721958761 91.6144689947429 89.4470664704563 110.173959352716 104.111602176675 113.208659818466 86.6377318992491 0 33.2369723453761 118.591787833984 16.0867000701538 17.5954948362224 35.1556557443828 104.768873426745 63.11963170636 76.9750670947857 52.6971013616594 61.7235580456655 45.9729254093469 30.5033157013308 65.64935254887 148.722005946499 134.706272445081 156.948756520325 154.756163270255 140.204700063596 192.930476823807 0 155.64490905791 76.4378356933594 171.890914670989 158.96060578641 0 169.953462021782 152.822510076801 174.940841322596 97.6040536830373 177.246554128548 0 156.549945289375 0 180.05943525092 160.847702026367 141.415455816548 168.449865819558 143.605758666992 160.975240990457 185.372701271196 143.990123374156 120.058543099521 148.196401744587 135.209285498688 101.904182434082 160.043042165254 153.558741070406 144.839010586018 167.887119844519 151.910974611948 172.083129882812 0 166.901293138198 153.972347922172 130.118169993971
30.3487019072789 106.353346198712 75.0287160696639 83.8983442878131 115.961886082908 81.7876404871188 31.3239897094521 72.7614572237971 63.3846650403113 85.5071571845893 102.463504252259 128.441260970276 99.9391935357972 63.6072267455816 94.0833980212545 77.1009546143729 72.1219352718684 118.812883669095 94.4616558840469 101.695531240944 32.9296300106128 65.4870939924188 56.6320590943239 73.8900959941457 131.549766011434 100.458940154577 101.468078293485 47.2044891777192 33.2369723453761 0 167.316955566406 111.86092924119 47.3122722163858 42.0037775754962 119.375387638902 68.267208893191 74.1252403184576 62.7599789957944 67.2629689163569 80.3804680427568 84.7855394514309 100.920564642088 137.571385219622 129.337656811999 143.351715340841 140.875530592846 146.973225895674 160.553814741211 155.048492431641 136.262943936623 120.445934334282 140.164355255252 168.809931948407 0 180.552956667771 138.164956684741 158.400473230822 82.2014668282191 162.160798218316 211.734236867699 145.308840030224 202.184188842773 157.321663056859 0 120.215666041281 163.908594844227 219.918182373047 189.279987387246 179.941905100145 124.564244795741 82.9990178830762 128.727186567162 116.993533631277 129.797972882723 164.96016843247 143.861732547887 125.538703797718 147.224847642288 132.552687866934 0 186.348266105862 141.920044863059 141.775461408075 152.36393012206
181.79048331564 60.6293290478305 100.090983229598 0 0 143.074941161748 160.208392003191 116.015226795031 133.701319233072 184.736862182617 29.1349192186597 0 15.7861573039518 113.681708559542 166.148498535156 135.857642721999 84.0536772908663 46.1373534448056 61.1717508017593 0 177.809661460102 100.26064151517 106.070617046288 150.032705496665 42.8875798164899 22.4917400241213 22.2628244411191 187.476089477539 118.591787833984 167.316955566406 0 103.72396805568 0 71.5917642493763 147.773941040039 95.2872283582958 55.0477686800468 66.2495303359563 71.577273343261 113.474527838696 84.1378081184016 56.9299541994338 137.555579538856 90.3656258193294 112.924735296521 172.747894287109 0 0 92.8097868117713 0 113.128053290563 159.87013525128 0 0 0 241.363250732422 0 146.091781616211 0 89.6757439940697 0 81.1147212233047 0 0 0 131.476379394531 99.0912440518096 102.992980857725 0 157.83228401086 0 141.507385253906 165.188247680664 66.4696387163203 97.5096851282183 101.184909375084 225.854431152344 0 0 102.114626177363 0 0 127.182840681586 0
