0 15.2374393641949 33.8188686668873 42.8168868720531 19.2726345658302 61.9843900799751 3999.88988628983 645.6661028862 159.308066904545 441.720901668072 62.4300316572189 22.963567763567 16.8600190877914 12808.4273552895 2.76764142513275 37.9034751951694 75.3213358223438 1.97171777486801 33.3035351932049 17.1613346338272 298.959897488356 59.486437112093 386.532115012407 298.947034269571 5.03437334299088 43.1517995595932 114.613729387522 659.873131841421 11471.0669836998 3407.48269054294 0 17.9896238446236 481.580088376999 820.263600111008 36.537182033062 370.028062820435 29.6824151277542 593.798015266657 79.5729584693909 80.2436323165894 50.2593883574009 9.01478692889214 14.7878152728081 2.38757085800171 11.8770020604134 1.58016180992126 2.2942368388176 1.01723396778107 0 7.81527414917946 1.05690395832062 11.123214840889 3.05393028259277 0 1.35950684547424 43.6491227149963 1.31364756822586 9.52817922830582 9.17706739902496 0 1.830890417099 1.0483370423317 13.743223130703 0 21.0802082717419 1.24396216869354 0 1.48191890120506 0 37.8434017300606 6.97182124853134 19.9442890286446 84.7603244483471 0 2.19830220937729 14.0188324451447 97.0968991816044 13.6422062814236 22.73405367136 0 0 0.632931351661682 9.56937152147293 3.76938435435295
15.2374393641949 0 320.324500799179 0 0.967195719480515 2.62332677841187 16.6898523271084 4.27889692783356 554.409178048372 7.76355975866318 306.587642163038 7.92279639840126 577.730957448483 17.4187566936016 47.7423921227455 192.258672118187 435.9436866045 75.5324982106686 374.735269486904 0 62.8178563117981 2201.4956920445 272.512161254883 489.936370044947 2150.2761978209 1383.11759781837 8236.25545024872 91.9156388342381 31.5699894726276 44.2001553177834 37.8740320801735 0 3.98178815841675 166.490657001734 10.2445207238197 271.68832552433 152.718977838755 388.756516724825 102.415414243937 25.87770190835 2.20307326316833 125.992137849331 25.1265280246735 15.879317343235 60.0228276252747 21.0505472421646 1.06556355953217 0 2.03059554100037 0 79.8576965034008 138.455826967955 1.38988780975342 0 1.85225230455399 3.59686726331711 1.53407454490662 6.03030097484589 1.51148420572281 17.139018535614 2.30926024913788 18.5177592635155 1.68958288431168 0 11.4975120425224 50.2266812324524 9.73698115348816 56.8596454560757 1.00011587142944 2.50751754641533 127.977771282196 34.7390341460705 5.18081140518188 18.5470297336578 200.648208260536 457.107680916786 6.75149130821228 0 1.7069907784462 0.536861479282379 0 0 14.9153254628181 1.4360123872757
33.8188686668873 320.324500799179 0 5.040003657341 0 10.6054401099682 444.778689295053 51.2315117716789 73.618404507637 68.1270154118538 144.255946308374 3.25269913673401 35.5829356610775 66.0535132288933 6.05165591835976 72.9448712468147 3992.44129028916 46.693255007267 593.5494607687 0.683402836322784 939.865692615509 183.604699283838 19993.038282901 202.865375012159 11.8560395538807 10753.8927844763 14305.7786224782 761.527773737907 84.4892682731152 475.458870440722 14.0365018248558 1.20999777317047 11.9361143112183 606.230122804642 42.4914675951004 1280.36537611485 282.7263058424 1583.63091674447 562.684294909239 75.2587652504444 13.1628248989582 1.87439632415771 199.100440710783 81.6450288295746 314.810676157475 109.81176379323 3.88077735900879 0 1.64489978551865 5.04502654075623 202.632586747408 1212.8423627317 0 0 1.2700289785862 32.2090321183205 2.42894291877747 15.2680268287659 4.272824883461 16.6798430681229 0 8.63208565115929 9.52433902025223 0 70.7103109359741 411.101568877697 8.69620299339294 112.499740749598 0 25.5056602954865 147.141927748919 401.59927341342 26.8404470980167 7.94386407732964 346.358026504517 2720.01293957233 35.383237361908 8.89669239521027 19.0981837809086 2.66656875610352 1.48273801803589 2.86977583169937 82.207313388586 21.9232423007488
42.8168868720531 0 5.040003657341 0 10.0585561990738 144.409019291401 250.306511193514 98.3976757228374 686.041320115328 7757.8903042078 3.1274271607399 2754.77719521523 2.75990998744965 100.946921944618 91.1911554038525 1.66026628017426 1.87854331731796 0 0 15716.3287844956 11.9684202671051 9.63072589039803 18.0959233641624 2273.36513036489 0 2.60194325447083 15.5390912592411 12712.5364618599 90.5011340379715 22.3268639445305 0 0.628698945045471 1.80616787075996 33.5468630492687 3.72230917215347 64.3974128365517 1.48143374919891 55.4800442457199 17.0909739136696 100.102587610483 2.5612553358078 0 3.35655438899994 0 0.561783969402313 1.39486181735992 49.7832060158253 0.428599536418915 0 0.671286582946777 1.65400794148445 0.790072202682495 218.650693804026 0 31.6225459873676 90.360074788332 12.6148580312729 93.5973838567734 262.356861203909 0 339.126391559839 0 5.1147173345089 10.4488551020622 0.764351487159729 0 1.15961766242981 0 143.128445804119 0 4.47967129945755 0 146.300707399845 0.742722988128662 0 3.46475157141685 243.524526566267 2.65209540724754 0.50417286157608 0 0 0 0 0
19.2726345658302 0.967195719480515 0 10.0585561990738 0 2946.76321649551 8.14348655939102 1003.06512522697 87.5235615372658 29.3295805454254 21.5192132592201 73.0663539171219 19.5435672998428 258.518829613924 3032.89795267582 0 0.495228499174118 1.73619341850281 0.852669894695282 3.76279506087303 0 4.60898488759995 1.14075314998627 25.1617801189423 0.916917890310287 4.04352775216103 6.80874121189117 6.38393807411194 513.703716874123 7.94987595081329 0 3083.25276976824 1.75209748744965 2375.44353061914 5.41851460933685 78.4700396060944 2.82212209701538 146.574896931648 20.5704786777496 5675.50836229324 4765.67318308353 11.8069570064545 0 0 0 0 1.02378439903259 0 0 0 0 0 1.11323893070221 0 0 0 0 1.07435286045074 0 0 2.37904620170593 0 0 0 0 0 0 0 0 0 0 0 0.679735720157623 0 0 0 0 0 0 0 0 0 0 0
61.9843900799751 2.62332677841187 10.6054401099682 144.409019291401 2946.76321649551 0 1116.30960056186 18864.6382927001 331.337461054325 17159.680095911 108.335366845131 6125.37005674839 90.731768399477 1923.20518913865 2604.17735975981 2.30064326524734 10.9708813726902 2.79910147190094 11.4418162703514 347.004921406507 22.5389200747013 10.7054432630539 41.997827142477 197.760786056519 4.90348678827286 18.6222628951073 27.3990770280361 336.204916924238 1107.87823826075 105.801296979189 0 1853.93253085017 3.17297029495239 952.264653205872 34.562146872282 356.611773908138 14.6355096697807 398.003985494375 70.7956300377846 4708.74106654525 2427.50947079062 31.3277871310711 0 0 3.72396916151047 0.806001961231232 14.740876942873 0 0 3.56772857904434 0 2.10472339391708 29.1588635444641 0 13.1920241713524 67.5196542441845 3.7293184697628 20.556198745966 82.2600289881229 0 38.7422699928284 0 6.99133944511414 1.21542945504189 0.537141799926758 0 1.39699387550354 2.39495497941971 11.7136116623878 2.24244913458824 2.87553751468658 0.813223987817764 91.5084670782089 0 0 6.48035672307014 150.891539603472 5.16565832495689 0.850421339273453 0 0 0.62689208984375 0.488238483667374 3.27613592147827
3999.88988628983 16.6898523271084 444.778689295053 250.306511193514 8.14348655939102 1116.30960056186 0 3091.64968463778 1058.88484656811 10884.0694565177 51.9538578987122 92.0065774619579 20.1728353798389 7374.57836622 43.9259414970875 88.4247861802578 161.893202066422 5.56902471184731 31.854862421751 66.789536178112 942.066658437252 111.155521303415 1644.28974682093 2826.20506283641 8.05917918682098 166.963962137699 302.301964521408 13214.1104002595 2155.72902977467 10530.8867983222 0 21.5183621644974 119.633632928133 630.863067805767 73.6071465015411 1228.03924790025 43.1041003167629 1109.74230146408 221.906726330519 287.064480215311 95.0013729035854 5.4908075928688 38.5630450844765 5.45791172981262 36.2592595517635 7.04314750432968 22.6121261417866 2.18011075258255 0 20.0091527402401 7.31376266479492 21.2330105900764 94.0266179442406 0 44.5830337405205 440.666312158108 54.8089178800583 137.30257755518 296.010609507561 0 76.0545410811901 0.40878626704216 41.8943919837475 8.44517874717712 36.6252222061157 1.95977169275284 0 0.881235122680664 36.4670444130898 33.8565157949924 20.6261720061302 47.082457691431 587.277395427227 0 5.92208153009415 40.8815375268459 709.925710856915 44.060432612896 20.295791298151 0 0 4.33177122473717 21.2381300032139 9.97178715467453
645.6661028862 4.27889692783356 51.2315117716789 98.3976757228374 1003.06512522697 18864.6382927001 3091.64968463778 0 241.387685269117 5133.44789972901 250.237807482481 1203.72468397021 173.025800734758 13736.5444159508 478.046586841345 18.3343520462513 42.4550751745701 16.110768198967 32.449801415205 115.276635855436 134.511843562126 33.1948142945766 253.114816874266 383.67273324728 17.8673437833786 77.063759803772 78.5959646701813 487.930428802967 2574.688257128 909.788369327784 1.27301752567291 1068.41125234962 22.7255374789238 1556.82554078102 30.334625095129 659.389254420996 58.1542467772961 812.099372804165 137.691773831844 1349.80381023884 1550.25026404858 67.7950212955475 14.5117248892784 0 10.4487056732178 7.00848731398582 6.6381778717041 1.83727598190308 0 5.9742314517498 1.64617127180099 5.59432703256607 15.1877237260342 0.679977178573608 8.40754744410515 107.994452357292 9.92412862181664 32.3748898208141 58.620459228754 3.54978430271149 15.7384406924248 0 12.5802564322948 2.22647362947464 11.4299728870392 0 0 0.924534201622009 6.08051872253418 11.0601463019848 6.3724362552166 8.09488365054131 143.422785520554 1.34626221656799 1.9883040189743 12.2433659434319 156.067319393158 10.2240735888481 1.34808754920959 0 0 2.83581757545471 9.0934365093708 2.54501289129257
159.308066904545 554.409178048372 73.618404507637 686.041320115328 87.5235615372658 331.337461054325 1058.88484656811 241.387685269117 0 1784.78160175681 76.3981472551823 1677.4769397676 118.387976408005 285.995729357004 1995.4450071454 148.928833693266 46.1958568990231 9.82190170884132 34.0568971633911 420.331072866917 282.823526620865 2770.64216944575 193.229552865028 11651.866876632 368.940197527409 149.121874988079 625.484902143478 2777.34182479978 535.841640681028 735.676631718874 8.00761705636978 10.9128004312515 112.659721374512 144.505844950676 38.985396116972 439.757281303406 40.8489102721214 313.074176669121 78.670361161232 1454.19285008311 21.0765957832336 18.2425383925438 34.6391132175922 2.2495179772377 11.8177936375141 8.61321473121643 71.8881409168243 2.99205237627029 0.312096297740936 13.4748731255531 7.74032235145569 13.4780589342117 113.433260083199 0.702429890632629 41.3320241570473 278.413971871138 19.663546204567 329.492056459188 295.811344414949 0 112.167407035828 1.38994064927101 30.436247497797 21.5481353998184 22.3921511173248 3.62499624490738 0.682513654232025 0.973051697015762 61.2559578418732 18.5578925013542 57.0816702842712 36.9794399142265 529.626079946756 2.19507771730423 6.18546158075333 45.2716590464115 553.893700152636 32.6933582127094 11.9114517569542 0 0.830760598182678 1.16248667240143 10.8673849105835 4.10845762491226
441.720901668072 7.76355975866318 68.1270154118538 7757.8903042078 29.3295805454254 17159.680095911 10884.0694565177 5133.44789972901 1784.78160175681 0 81.2865220606327 16000.6505561173 30.1074450612068 1790.83870729804 233.528023183346 26.7702158391476 23.0024373233318 4.1426914036274 12.2474762499332 10187.9963305295 86.6950700879097 33.0155191123486 215.937147676945 1760.67529284954 3.88708797097206 50.2438767850399 96.2384675741196 8135.76784852147 1093.91863012314 359.210403561592 0.98444926738739 43.9898635447025 41.423448652029 465.953934669495 46.3042787313461 863.986912429333 30.3328455388546 765.261098146439 97.2218082845211 499.58939743042 144.52958509326 11.5887062251568 9.06189399957657 0 14.2415822148323 7.08499181270599 166.664773315191 2.05628973245621 0 3.25677770376205 2.32908448576927 1.95395454764366 290.297919750214 3.68044763803482 125.687328100204 607.894544899464 59.5567488968372 302.757244557142 946.378639101982 0.851011633872986 523.080873966217 0.355436265468597 37.8917836248875 34.6996582746506 6.24803221225739 1.53124117851257 0 2.55634334683418 138.459297060966 5.74328246712685 25.3769612908363 13.3858392238617 919.78371989727 0.427899897098541 5.39632150530815 10.1605035066605 1227.91087028384 21.5736749470234 2.85472881793976 0 0 0 13.8841724693775 4.86195030808449
62.4300316572189 306.587642163038 144.255946308374 3.1274271607399 21.5192132592201 108.335366845131 51.9538578987122 250.237807482481 76.3981472551823 81.2865220606327 0 36.493163049221 17221.1464702487 714.751593500376 8.62001174688339 5.42876732349396 727.903489559889 8034.21435600519 5915.38902768493 10.2235448360443 36.1982669234276 117.440980792046 168.615337878466 35.4424890875816 4297.85337412357 11251.572550118 3527.76155504584 43.2348400056362 487.165546864271 49.1038905382156 1649.51473587751 38.1251215338707 6.95899096131325 9856.19775730371 4.33928510546684 215.964623689651 2653.69744828343 6081.80217128992 163.469980657101 46.509142935276 28.0107016563416 2887.03639140725 12.3999043703079 42.1362316608429 31.6887630820274 6.25103002786636 0 0 14.1013336479664 0 44.1613982915878 13.4629808962345 0 1.16558969020844 0 3.96825391054153 2.84417510032654 0.382137775421143 3.72584754228592 97.8611077964306 1.98799216747284 208.680865615606 2.92215275764465 0 1.24755224585533 9.68031975626945 88.3196125626564 69.9126677513123 0 0.724488794803619 10.2000613510609 3.8561899960041 3.26737150549889 167.25622177124 329.857094824314 266.458410471678 2.7478249669075 0 0.699281096458435 21.6214352250099 0 0 22.9821315407753 0
22.963567763567 7.92279639840126 3.25269913673401 2754.77719521523 73.0663539171219 6125.37005674839 92.0065774619579 1203.72468397021 1677.4769397676 16000.6505561173 36.493163049221 0 24.4872538745403 467.517479509115 3461.50857886672 3.18351078033447 1.49652576446533 2.00762844085693 3.92568945884705 19148.7551292479 3.73059844970703 29.5368773341179 12.5393457114697 676.912564337254 2.92517331242561 6.94053256511688 17.1002366542816 1143.64837670326 202.427371323109 13.1682124435902 0.783485412597656 32.9164342880249 0 171.295780807734 74.1333440542221 141.513778120279 8.35211288928986 193.017871230841 9.92585861682892 2667.819783777 47.5737102627754 4.24246209859848 1.24451822042465 0.537045359611511 0 0 67.0391564667225 0 0 0 1.19097220897675 0 60.8290677368641 3.09755748510361 25.1920422911644 39.5123021900654 9.28045064210892 63.6913037896156 109.376757979393 2.20534855127335 570.20320057869 0 1.74800986051559 24.5225051641464 2.09677428007126 0 0 0 94.9965291023254 0.41935870051384 1.1023508310318 0 98.6505835354328 0.967979252338409 0.616962015628815 2.36835098266602 122.046594113111 1.57046297192574 0 0 0 0 2.19002330303192 0.923299551010132
16.8600190877914 577.730957448483 35.5829356610775 2.75990998744965 19.5435672998428 90.731768399477 20.1728353798389 173.025800734758 118.387976408005 30.1074450612068 17221.1464702487 24.4872538745403 0 241.725304663181 12.8855174481869 9.96558812260628 38.6594451963902 332.661351174116 121.277318537235 2.06727492809296 10.1911131441593 258.699525624514 44.8082490265369 59.6443593502045 11893.9381127954 2227.96386539936 5668.3337186873 29.3157840073109 166.399457037449 17.6679977476597 2167.90651831031 25.9966740608215 4.29473069310188 1699.40025866032 86.5172512233257 895.117011129856 2111.74605289102 3176.80465236306 741.677166074514 106.036730378866 1474.15482702851 9511.03145766258 18.3445439934731 40.3385310769081 39.1128576993942 28.8021295964718 0 0.90567934513092 40.3959327936172 0 44.7726512551308 6.07659786939621 1.0133775472641 0 0 0.892605781555176 0 1.29264408349991 1.33110955357552 164.535199850798 0 324.078913450241 1.58034092187881 0.630480587482452 1.18235951662064 7.6708944439888 105.312636971474 58.9922492802143 0 2.24250346422195 16.7665286958218 6.92293733358383 4.21383789181709 200.045988917351 331.172318488359 215.577729165554 4.09090137481689 0.478107541799545 0.532473206520081 30.9993306994438 0 0 30.3597035109997 43.142644405365
12808.4273552895 17.4187566936016 66.0535132288933 100.946921944618 258.518829613924 1923.20518913865 7374.57836622 13736.5444159508 285.995729357004 1790.83870729804 714.751593500376 467.517479509115 241.725304663181 0 115.337099313736 37.26647824049 108.241057276726 36.3017444908619 122.944033801556 83.6439388394356 341.531628072262 83.4440334737301 546.726826101542 473.464038133621 43.2369690835476 209.266561806202 188.597922742367 855.783393263817 10859.3623918593 2568.03378733993 4.57940670847893 1652.76973840594 145.344215035439 3503.25002044439 54.279079079628 1274.6484028399 140.954465031624 2177.78039434552 191.030677050352 711.775845080614 573.640369325876 86.353752553463 20.6625570058823 3.12099123001099 16.4820475578308 8.58179965615273 4.25418561697006 0.574220895767212 1.18690669536591 10.9458542764187 3.50115203857422 11.0059335231781 5.42245829105377 0 3.70308884978294 88.7885939776897 6.74074172973633 36.5878297686577 20.7546078562737 2.03210574388504 4.03937840461731 5.03268510103226 16.056038826704 0.988157331943512 20.549044251442 1.01722693443298 0 2.67692565917969 0 30.7335808873177 8.17018547654152 22.8382031619549 148.991579830647 0.681434810161591 9.54603981971741 28.2643051147461 138.640434443951 17.5571550726891 12.8903782963753 1.77172356843948 0 2.48892176151276 18.7943069040775 12.215794980526
2.76764142513275 47.7423921227455 6.05165591835976 91.1911554038525 3032.89795267582 2604.17735975981 43.9259414970875 478.046586841345 1995.4450071454 233.528023183346 8.62001174688339 3461.50857886672 12.8855174481869 115.337099313736 0 1.07518482208252 5.80820506811142 1.8916243314743 0.749240159988403 137.508493155241 0.524299204349518 90.0665746629238 8.58270460367203 594.248242348433 29.3897679746151 5.98541155457497 42.6044240891933 141.977141588926 73.2256204485893 7.80299156904221 0 148.487042397261 0 63.6369950771332 24.0026921629906 66.304540604353 3.33439800143242 44.6941841840744 8.84963738918304 11626.6979888082 174.310960173607 0.904291540384293 0 0 1.42067742347717 0.789145588874817 12.8904464840889 0 0 0 2.44038844108582 0 5.61938846111298 0 3.34390103816986 3.72156396508217 2.09073519706726 9.16971564292908 15.701426923275 0 6.28390872478485 0 0.909676849842072 2.77726805210114 1.81613299250603 0 0 0 2.23589593172073 0 3.41555643081665 1.57318246364594 7.13116860389709 0 0.808952987194061 0.478352218866348 14.9078187644482 0 0 0 0 0 0 7.04408019781113
37.9034751951694 192.258672118187 72.9448712468147 1.66026628017426 0 2.30064326524734 88.4247861802578 18.3343520462513 148.928833693266 26.7702158391476 5.42876732349396 3.18351078033447 9.96558812260628 37.26647824049 1.07518482208252 0 60.9535300135612 2.57613947987556 10.9210458099842 2.51799029111862 8536.27425256371 2613.13376203179 16475.885270685 3277.83006373048 35.4865854084492 53.2626512646675 9094.10074138641 3050.34345722198 114.865681231022 303.631899684668 1.11349827051163 0.374824821949005 40.8437860012054 307.337805718184 56.8563919663429 1432.83479207754 100.927586048841 707.928031921387 386.018945366144 98.9702776372433 5.13610565662384 0 132.619000732899 21.6309567093849 124.591910392046 73.427493929863 10.6131360530853 0 0 13.8193484544754 2.32161405682564 99.821066737175 0 0 0.67159378528595 41.9283018112183 0.571884989738464 14.8257430493832 2.51113760471344 1.69379606842995 0 0 4.26593387126923 0 476.39543607831 17.7077425420284 0 2.90945160388947 0 179.574631303549 354.209936976433 1267.25542926788 118.010289043188 0 11.967686444521 553.535167574883 136.38364803791 20.2229619920254 73.7768401503563 0 0 6.14098554849625 39.3346045911312 14.61800801754
75.3213358223438 435.9436866045 3992.44129028916 1.87854331731796 0.495228499174118 10.9708813726902 161.893202066422 42.4550751745701 46.1958568990231 23.0024373233318 727.903489559889 1.49652576446533 38.6594451963902 108.241057276726 5.80820506811142 60.9535300135612 0 325.049341231585 8619.94664606452 0.783236503601074 894.227666407824 142.813216567039 11907.6413616538 75.4237181246281 56.306953817606 5960.27064138651 3668.61826613545 189.192707449198 156.524765759706 750.417583346367 11.806610763073 5.86058151721954 30.6653151512146 2415.53311389685 7.15570482611656 380.954885065556 124.525413662195 1685.40952193737 246.786034137011 25.9776241481304 4.82303503155708 2.68961840867996 76.398606300354 19.2450765371323 86.2987350523472 17.9965535700321 0.408255994319916 0 0.646642744541168 1.1321225464344 73.6859960854053 260.12065795064 0 0 0 7.99432593584061 0.797891616821289 5.19502201676369 0.663058519363403 9.47655463218689 0 10.6974484920502 3.94960898160934 0 8.96902003884315 117.473902910948 12.7997978925705 94.4388279914856 0 5.85875618457794 24.7338071167469 57.2167288959026 8.01797312498093 11.1541743576527 339.073744624853 700.039629906416 9.1846299469471 1.60769146680832 5.70495539903641 3.88492667675018 0 0 31.8427568674088 5.97986018657684
1.97171777486801 75.5324982106686 46.693255007267 0 1.73619341850281 2.79910147190094 5.56902471184731 16.110768198967 9.82190170884132 4.1426914036274 8034.21435600519 2.00762844085693 332.661351174116 36.3017444908619 1.8916243314743 2.57613947987556 325.049341231585 0 5930.35046315193 1.47518944740295 8.05827638506889 19.4817609190941 44.8624425828457 9.02109077572823 493.318633168936 5487.66485774517 948.136167883873 5.37570494413376 26.5363308787346 10.3783685266972 101.394336074591 7.0196088552475 0.517862796783447 448.980229884386 0.456309199333191 41.2267857789993 207.385790109634 618.426256895065 28.8100214004517 2.03404551744461 0 16.955914914608 7.42343592643738 11.1780496835709 19.7872547507286 3.26411080360413 0 0 4.85529851913452 0 15.1106406152248 4.0598851442337 0 0 0 0 2.63913059234619 0 0 50.1693786382675 0 73.0223917365074 0 0 0 1.18898385763168 51.5806331932545 25.796676158905 0 0 2.15055230259895 0.739052891731262 0 94.86175557971 153.46823567152 117.895226806402 1.03965285420418 0 0 8.70833843946457 0.74589204788208 0 7.07156938314438 1.54586255550385
33.3035351932049 374.735269486904 593.5494607687 0 0.852669894695282 11.4418162703514 31.854862421751 32.449801415205 34.0568971633911 12.2474762499332 5915.38902768493 3.92568945884705 121.277318537235 122.944033801556 0.749240159988403 10.9210458099842 8619.94664606452 5930.35046315193 0 0.95241105556488 111.974896639585 58.6367282867432 700.498970925808 31.6356762349606 380.65716329217 10258.7731532753 2764.92379432917 28.5582253932953 108.561485022306 123.282100051641 34.0649664998055 2.49486541748047 12.1569521427155 1749.74726223946 7.58969774842262 204.110418379307 154.626764953136 1160.60057169199 135.924790740013 9.81877109408379 2.45179116725922 7.81955337524414 31.6425939500332 22.262470126152 52.6781557798386 15.399461299181 0 0 2.98043441772461 1.92462593317032 82.9962210655212 47.011235922575 0 0 0 2.32886576652527 0 1.92408376932144 0 56.4347842633724 0 43.9624288678169 0 0 3.9376163482666 28.9379286468029 44.2302069962025 186.053193241358 0 1.33679467439651 8.22612854838371 17.3027293086052 2.14311909675598 86.2150076031685 476.597385138273 443.565737724304 5.0416596531868 2.91947370767593 2.15087485313416 4.86545825004578 0 0 32.5172955989838 0.96586549282074
17.1613346338272 0 0.683402836322784 15716.3287844956 3.76279506087303 347.004921406507 66.789536178112 115.276635855436 420.331072866917 10187.9963305295 10.2235448360443 19148.7551292479 2.06727492809296 83.6439388394356 137.508493155241 2.51799029111862 0.783236503601074 1.47518944740295 0.95241105556488 0 4.4729917049408 6.32388716936111 6.48613500595093 1385.11435908079 0 2.0446161031723 2.03722614049911 3178.67801043391 67.6016817986965 4.84553599357605 0 2.9587621986866 1.11696827411652 37.9266943633556 5.63078361749649 43.0487679839134 0.956773936748505 52.5220518410206 1.29598724842072 146.683903902769 11.1476223468781 0.524562001228333 1.64519587159157 0 0 0 29.6295399963856 0 0 0 0 0 56.227823227644 0 11.642392963171 28.6972947120667 3.19302535057068 41.9381329417229 79.7662510573864 0 277.655624419451 0 2.82078528404236 4.51506912708282 0 0 0 0 21.6238777041435 0.982626616954803 2.47083339095116 1.65515601634979 56.0688610970974 0 0 1.0206803381443 124.702777832747 0.760215699672699 0 0 0 1.39946162700653 0.965916574001312 0
298.959897488356 62.8178563117981 939.865692615509 11.9684202671051 0 22.5389200747013 942.066658437252 134.511843562126 282.823526620865 86.6950700879097 36.1982669234276 3.73059844970703 10.1911131441593 341.531628072262 0.524299204349518 8536.27425256371 894.227666407824 8.05827638506889 111.974896639585 4.4729917049408 0 780.444255322218 26114.2337214351 1457.78487896919 18.7170577645302 283.911982685328 1567.81962421536 10210.1750662923 1003.48181805015 19427.7918539941 1.48610618710518 2.032027810812 286.163182914257 4539.60685840249 186.77665796876 4011.27115768194 148.298454463482 3719.89681738615 1312.26005014777 383.167296171188 22.9068560898304 0.935604631900787 159.98896124959 6.55499136447906 104.44485655427 49.789013415575 13.6754429936409 6.18192023038864 0.50870156288147 40.6217623054981 12.3167994320393 75.9957272410393 0 0 1.67139619588852 127.681079119444 7.46718138456345 54.2706385552883 5.29282462596893 1.05931842327118 1.32662272453308 0 33.6926826238632 0 400.807776749134 11.7264721393585 0.460010856389999 3.06619670987129 0 423.094592958689 129.166345030069 575.902356684208 356.42992657423 0.549529850482941 17.6847217082977 222.200530737638 407.18295776844 94.3387700915337 184.169894129038 0 0 23.0003751516342 50.1022453606129 42.9233166277409
59.486437112093 2201.4956920445 183.604699283838 9.63072589039803 4.60898488759995 10.7054432630539 111.155521303415 33.1948142945766 2770.64216944575 33.0155191123486 117.440980792046 29.5368773341179 258.699525624514 83.4440334737301 90.0665746629238 2613.13376203179 142.813216567039 19.4817609190941 58.6367282867432 6.32388716936111 780.444255322218 0 1568.50963908434 6591.13411980867 584.83214622736 257.970556139946 2944.87040492892 831.048900276423 220.286774098873 643.380069971085 9.32186779379845 3.91295742988586 68.0324196219444 206.865396827459 27.0533102154732 848.977022886276 139.703086227179 507.116700291634 223.043464899063 160.513081401587 10.810162961483 28.9109694063663 64.0265002846718 4.56672102212906 37.1855089664459 16.0487047433853 3.51081681251526 0 0.60553777217865 12.0464110374451 13.3398846387863 35.5873755216599 6.2934198975563 0 1.47654551267624 36.0978592336178 5.13757368922234 34.1338188946247 7.80710929632187 1.48838829994202 9.32620573043823 1.221121519804 8.21409153938293 0.402150481939316 125.201719909906 11.320056438446 0 9.93646901845932 0 67.6083029806614 259.880766928196 180.597349077463 114.994850069284 2.21883788704872 11.5933057665825 180.2426173985 96.6869527995586 9.99252796173096 46.8471675515175 0 0 5.15730106830597 14.7566837668419 8.63079392910004
386.532115012407 272.512161254883 19993.038282901 18.0959233641624 1.14075314998627 41.997827142477 1644.28974682093 253.114816874266 193.229552865028 215.937147676945 168.615337878466 12.5393457114697 44.8082490265369 546.726826101542 8.58270460367203 16475.885270685 11907.6413616538 44.8624425828457 700.498970925808 6.48613500595093 26114.2337214351 1568.50963908434 0 1511.9558672905 30.4368188977242 2006.03999888897 17568.874484092 6307.45365896821 1036.88806292415 7571.93012520671 3.02049380540848 2.64695423841476 295.821119338274 4609.00313657522 424.420006096363 8556.73663064837 629.112945795059 7770.50177699327 3181.4319626987 783.187769591808 38.1884515285492 15.3200504481792 479.420901238918 88.1840437054634 377.922114044428 222.660788536072 8.0770101249218 3.39136099815369 0 17.8259718418121 97.6955241858959 879.0573823452 1.73554670810699 0 1.03114706277847 98.6097534000874 8.33796447515488 34.1582425832748 13.8253961205482 5.7013948559761 1.1005702316761 4.32533353567123 17.6336113512516 0.551345109939575 1393.77533721924 139.897514730692 4.81422501802444 44.9245465397835 1.4112851023674 315.26756978035 702.811309307814 2919.21991702914 263.727631360292 6.36855697631836 99.8314159810543 2931.66313812137 258.590378135443 36.2607426941395 89.8987137377262 0.563839077949524 0.409152388572693 4.12083140015602 116.206691265106 125.349187612534
298.947034269571 489.936370044947 202.865375012159 2273.36513036489 25.1617801189423 197.760786056519 2826.20506283641 383.67273324728 11651.866876632 1760.67529284954 35.4424890875816 676.912564337254 59.6443593502045 473.464038133621 594.248242348433 3277.83006373048 75.4237181246281 9.02109077572823 31.6356762349606 1385.11435908079 1457.78487896919 6591.13411980867 1511.9558672905 0 184.732564002275 142.770649939775 2032.14129909873 25610.3306451142 777.579673528671 1286.06947207451 2.68130856752396 3.23514759540558 184.764827936888 363.249701738358 78.9461171925068 1021.87128135562 73.0422360002995 732.606234014034 247.921302378178 576.929107099771 34.6578842401505 5.05017107725143 179.126194298267 12.5816946029663 168.081619590521 61.2615231573582 78.2979693412781 13.508469671011 0.727809607982635 81.125694334507 13.1234468221664 49.1659594774246 161.665779739618 0.684420466423035 92.4179390966892 971.036357611418 103.895442306995 504.222700089216 588.589703202248 8.57802963256836 141.009454280138 1.09261029958725 161.317315489054 22.2764579355717 139.026114791632 8.04433840513229 0.340821325778961 4.20258241891861 91.9961375594139 197.220695793629 149.249113112688 236.315708994865 1672.27241450548 1.0142303109169 11.3505876064301 172.668898820877 2015.72151550651 190.61709061265 118.046987861395 0 0.364894568920135 31.8450457453728 102.062588691711 16.3816020488739
5.03437334299088 2150.2761978209 11.8560395538807 0 0.916917890310287 4.90348678827286 8.05917918682098 17.8673437833786 368.940197527409 3.88708797097206 4297.85337412357 2.92517331242561 11893.9381127954 43.2369690835476 29.3897679746151 35.4865854084492 56.306953817606 493.318633168936 380.65716329217 0 18.7170577645302 584.83214622736 30.4368188977242 184.732564002275 0 1938.44005960226 4144.54853284359 23.343102812767 31.8884301185608 9.88897821307182 187.334687590599 2.12299889326096 3.17139503359795 459.561480224133 0.96225306391716 54.7234118282795 938.584346413612 681.055034190416 25.901425242424 27.8995341658592 4.50944221019745 2070.91136002541 10.423769056797 42.7115731835365 74.0737492442131 2.34929478168488 2.50101339817047 2.00709915161133 27.3079454302788 0 143.095756173134 26.0495595932007 0 0 0 3.91332119703293 0 3.04162240028381 2.12870675325394 167.742134511471 0.401747733354568 266.839973509312 0.835128545761108 0 2.29799711704254 12.4717009663582 125.421750068665 164.850575745106 0 2.49300593137741 48.5603425502777 15.5663820803165 2.44500648975372 376.828343510628 482.310200631618 431.457363545895 4.77465534210205 0.53095805644989 0 22.5190441608429 0 0 24.2001261115074 0.692906498908997
43.1517995595932 1383.11759781837 10753.8927844763 2.60194325447083 4.04352775216103 18.6222628951073 166.963962137699 77.063759803772 149.121874988079 50.2438767850399 11251.572550118 6.94053256511688 2227.96386539936 209.266561806202 5.98541155457497 53.2626512646675 5960.27064138651 5487.66485774517 10258.7731532753 2.0446161031723 283.911982685328 257.970556139946 2006.03999888897 142.770649939775 1938.44005960226 0 27301.0558412671 246.63778758049 206.295118182898 247.560217231512 1585.96948412061 9.08856469392776 17.4407153129578 2019.00766116381 25.8025282025337 901.838874727488 896.33809247613 2750.68252426386 465.336988866329 29.6947146952152 9.89532992243767 33.1919300556183 145.202126026154 142.024677962065 290.608061164618 70.4482596218586 2.34780240058899 1.56354880332947 25.6672506332397 2.14959478378296 365.506164312363 359.436357975006 0 0 0 12.7467520236969 1.05459308624268 11.599984228611 0.942250072956085 253.121890157461 3.18563044071198 398.269500404596 8.15289431810379 1.6770344376564 14.1888123750687 219.709755718708 273.181732267141 768.351240813732 0 6.50359714031219 46.843284279108 75.2843910455704 11.0477545261383 416.850461900234 2346.49284350872 2321.57144403458 13.1528468430042 3.93597337603569 9.13068038225174 40.8821203410625 0 0 159.516123175621 8.65227699279785
114.613729387522 8236.25545024872 14305.7786224782 15.5390912592411 6.80874121189117 27.3990770280361 302.301964521408 78.5959646701813 625.484902143478 96.2384675741196 3527.76155504584 17.1002366542816 5668.3337186873 188.597922742367 42.6044240891933 9094.10074138641 3668.61826613545 948.136167883873 2764.92379432917 2.03722614049911 1567.81962421536 2944.87040492892 17568.874484092 2032.14129909873 4144.54853284359 27301.0558412671 0 1894.77392464876 311.468363583088 622.309479445219 1496.99392896891 8.00342354178429 67.6696322858334 2749.60154148936 250.163391381502 6182.24733480811 1642.58535277843 6665.72877824306 2308.25092980266 381.058495849371 30.8604828119278 70.5419002473354 663.581181794405 251.559272289276 786.911282777786 284.969832330942 16.5078342556953 3.03008764982224 17.1201866865158 13.2414528131485 571.088937014341 1850.06923720241 0 0 1.48110446333885 83.7852056026459 10.2168189883232 35.1578094661236 4.34983932971954 224.361460208893 1.75649482011795 255.722468733788 27.1309505403042 4.83381220698357 455.588928222656 543.268297344446 210.401429712772 751.564887166023 1.01909935474396 113.750295728445 683.082125216722 1542.57360240817 110.652772217989 286.526690453291 2380.20283332467 6877.74798682332 127.277891814709 16.3185293674469 60.150623768568 37.9411095678806 0.664971828460693 6.84143748879433 286.399131178856 86.9228094816208
659.873131841421 91.9156388342381 761.527773737907 12712.5364618599 6.38393807411194 336.204916924238 13214.1104002595 487.930428802967 2777.34182479978 8135.76784852147 43.2348400056362 1143.64837670326 29.3157840073109 855.783393263817 141.977141588926 3050.34345722198 189.192707449198 5.37570494413376 28.5582253932953 3178.67801043391 10210.1750662923 831.048900276423 6307.45365896821 25610.3306451142 23.343102812767 246.63778758049 1894.77392464876 0 1680.27916583419 10775.4016011357 4.03075379133224 4.93650448322296 481.411935806274 1081.1612790525 159.606781542301 2464.54448896646 90.0610798001289 1778.84607619047 565.978376120329 428.149947822094 88.2191064059734 5.65457725524902 168.54684767127 4.00281926989555 140.87480956316 51.4539462327957 82.027379989624 10.6303471028805 2.16015669703484 90.1477420926094 10.1719908714294 56.9862752854824 199.443646043539 0.692324995994568 77.6028153002262 903.940500974655 82.2341016829014 344.832620918751 501.668019503355 6.35230132937431 184.144747972488 1.87177461385727 154.128641754389 17.5662198960781 190.206004083157 10.7248153984547 0.602649927139282 3.35424497723579 71.9580944180489 237.237726777792 112.164060205221 264.849726498127 1576.99877426028 0 16.4686980843544 199.542448490858 1909.96842440963 186.335288971663 165.050391018391 0 0.969235599040985 17.0865896940231 103.455125391483 39.8429830372334
11471.0669836998 31.5699894726276 84.4892682731152 90.5011340379715 513.703716874123 1107.87823826075 2155.72902977467 2574.688257128 535.841640681028 1093.91863012314 487.165546864271 202.427371323109 166.399457037449 10859.3623918593 73.2256204485893 114.865681231022 156.524765759706 26.5363308787346 108.561485022306 67.6016817986965 1003.48181805015 220.286774098873 1036.88806292415 777.579673528671 31.8884301185608 206.295118182898 311.468363583088 1680.27916583419 0 8521.00273096561 4.14979016780853 2065.7616147995 12394.2951113284 6604.0941093266 92.2532056570053 1765.12771561742 138.676960498095 3954.10309463739 312.687328100204 630.569912880659 1178.48185288906 36.0628362298012 57.3412137925625 1.38756090402603 36.5853170156479 16.7481821775436 5.19466310739517 1.82793229818344 0 24.6016628742218 6.39772230386734 13.1348360776901 0.45517110824585 0 3.76350104808807 112.160218179226 10.8854616582394 53.8477638959885 13.0138111710548 2.12560778856277 1.8612907230854 1.8032773733139 35.6148140728474 0 68.7025828957558 2.34217089414597 2.34375035762787 0.621681988239288 1.46489202976227 110.938217788935 26.3549107015133 66.3724873065948 220.751631647348 0.575343728065491 15.9387283325195 39.2702353894711 289.955551415682 40.216410368681 46.2195722162724 0 0 7.92567583918571 30.4128134250641 11.9844323992729
3407.48269054294 44.2001553177834 475.458870440722 22.3268639445305 7.94987595081329 105.801296979189 10530.8867983222 909.788369327784 735.676631718874 359.210403561592 49.1038905382156 13.1682124435902 17.6679977476597 2568.03378733993 7.80299156904221 303.631899684668 750.417583346367 10.3783685266972 123.282100051641 4.84553599357605 19427.7918539941 643.380069971085 7571.93012520671 1286.06947207451 9.88897821307182 247.560217231512 622.309479445219 10775.4016011357 8521.00273096561 0 1.34026235342026 7.95456144213676 678.520876735449 4353.34750583768 121.291613668203 2234.72244542837 68.8106353580952 2473.26302197576 698.074011981487 244.368115097284 55.4070919156075 6.68852606415749 126.105904698372 10.8372398018837 106.624801725149 42.3626485466957 7.23304605484009 2.26396590471268 0.764178872108459 52.2250140607357 9.46543145179749 32.9454584717751 3.4174622297287 0 3.93753144145012 182.952703505754 17.671764343977 98.047566473484 15.5024691522121 4.42805349826813 3.12328228354454 0 53.6776477694511 0 171.306576192379 13.0349072515965 1.51680171489716 3.02839285135269 0.651703298091888 292.238188505173 83.901101320982 248.264479249716 483.98250451684 0.645130932331085 13.3265378773212 135.571343690157 556.870517581701 100.394944280386 126.478255778551 0 0.804722845554352 17.1959273219109 56.5791573524475 30.4489961862564
0 37.8740320801735 14.0365018248558 0 0 0 0 1.27301752567291 8.00761705636978 0.98444926738739 1649.51473587751 0.783485412597656 2167.90651831031 4.57940670847893 0 1.11349827051163 11.806610763073 101.394336074591 34.0649664998055 0 1.48610618710518 9.32186779379845 3.02049380540848 2.68130856752396 187.334687590599 1585.96948412061 1496.99392896891 4.03075379133224 4.14979016780853 1.34026235342026 0 0 0 54.196972489357 0 1.48740261793137 52.2084671854973 121.307264566422 0 0.420437544584274 0 8.81468352675438 0 0.759665906429291 7.4385449886322 0.977698743343353 0.544810056686401 0 2.72581285238266 0 4.95871940255165 1.81275629997253 0 0 0 0 0 0 0 10.0838133096695 0 32.0662000179291 0 0 1.06353080272675 1.34689974784851 8.57086473703384 7.19884848594666 0 0 0 0 0.426644861698151 24.5629117488861 38.1812762916088 29.8166575431824 0 0 0 1.19920927286148 0 0 1.21274590492249 0
17.9896238446236 0 1.20999777317047 0.628698945045471 3083.25276976824 1853.93253085017 21.5183621644974 1068.41125234962 10.9128004312515 43.9898635447025 38.1251215338707 32.9164342880249 25.9966740608215 1652.76973840594 148.487042397261 0.374824821949005 5.86058151721954 7.0196088552475 2.49486541748047 2.9587621986866 2.032027810812 3.91295742988586 2.64695423841476 3.23514759540558 2.12299889326096 9.08856469392776 8.00342354178429 4.93650448322296 2065.7616147995 7.95456144213676 0 0 0 1820.62043222785 3.95824754238129 106.741241276264 14.3923386931419 254.479685157537 26.249785721302 479.918131560087 3070.58425655961 11.2359494566917 0.602024257183075 0 0 1.81879258155823 0 0 0 0 0 0 0 0 0 0 1.23449122905731 0.651345551013947 0 0 0.374314516782761 0 0 0 0 0 0 0 0 0 0 0 0 0 0.97239875793457 0 1.85731542110443 0.3827183842659 0 0 0 0 0 0
