0 128.209239808128 114.543884302218 85.2942265930437 75.4441087808261 76.3059598049405 30.9593600472159 48.6424097492708 74.9666043950971 76.952125303777 99.9944938823896 105.454164754155 87.0723250542721 20.4064550670536 63.3625395013929 100.851195578387 106.094692993069 114.957273254082 119.445319501918 98.0968783661831 84.7893142753099 77.8944749985264 97.356023203332 80.1153330235312 115.817965459295 129.163418264488 124.356787663745 79.9152160068054 19.8892581022122 41.5846544223922 0 84.2239030598102 30.8428306150222 53.4425865990851 123.67975179762 67.3127134682308 89.0261808241111 62.3930880952662 76.052074188692 60.4445214591713 62.2762727613426 89.8542945217754 149.771264717844 176.22956410621 158.859413559294 150.457291809362 145.561167895516 194.567001342773 0 152.309215753124 142.806228637695 168.740581053741 143.946457058352 0 175.717971790983 148.214396519001 143.258452783993 117.619638761611 165.141690782894 0 172.507110595703 176.013701081143 172.401170172466 0 140.774991699776 148.012069702148 0 189.761731323886 0 137.143607218725 109.119111147715 151.308422457825 128.604752303707 0 182.592810984797 169.03190746202 137.203344175284 146.784109646177 154.77796933549 0 0 145.079071044922 144.320025859377 180.462754683936
128.209239808128 0 52.6347028150859 0 147.188701085018 115.977581290644 118.394672754789 131.131181619269 79.1677721866976 143.294996873339 61.5359832311749 111.000802841451 49.4447144839511 135.176354764016 114.263808577793 63.8104113390855 59.3884108810004 73.4930583361064 53.9552496533735 0 99.6340057422221 33.7835855160959 74.570857005571 84.4350166659533 24.422822135083 48.9791107284625 28.1802074750738 103.479368330859 122.605262015477 113.613937472817 68.1782296305821 0 117.259498277902 65.9733020519433 178.969639845524 79.7862731875979 48.6185612080015 62.5078229751892 72.0605218257122 110.679265957956 123.571980742551 43.7018841188471 112.415444263355 67.0415707625736 90.1783163923971 97.3641671392643 183.595327530832 0 43.9801023462551 0 34.3118685706631 78.6465069427356 199.919662475586 0 183.351005380497 127.351778422842 160.467269897461 118.230839233852 176.095627917224 87.2855859208456 185.37896397912 73.0553657065422 185.042394021211 0 108.371087694494 88.4357187289457 90.5672870771779 82.2463605919355 152.399215698242 141.062459248056 28.9710346123035 107.144541171778 142.035095355171 52.7515387861667 69.8834191629514 69.1554813412435 165.546248547156 0 125.913622543389 66.0449523925781 0 0 75.2416708627225 192.421665807516
114.543884302218 52.6347028150859 0 128.105818251418 0 138.798937521585 103.271312149528 132.349111671656 107.495540150727 127.228526257076 85.2711711559986 132.84830553144 90.8309869102553 123.708490753399 131.986778163577 91.5068076114787 41.8832493340674 87.2643727077162 63.5054533820392 149.044723510742 75.8594223575982 65.2722376201495 35.1218950168031 105.155805871137 93.6273627370807 35.8558485790472 31.9587434925249 89.9202875723544 122.162699761763 85.0498801998126 92.0792300232178 195.448569652919 109.149166743128 64.2129923641814 141.574896452511 75.821660626094 56.6969278920512 60.7746670072929 67.0028851343262 89.2457708637134 86.6645160807706 99.767889201754 121.55629724831 98.544947610392 110.659313680885 121.090805994617 118.15077735584 0 110.194279123838 175.690339904557 65.708811831619 96.7540444607943 0 0 205.804661129791 174.403505164923 176.046085698044 138.089358760648 199.469884532926 146.9353579931 0 122.584973129389 172.343091373518 0 108.112943616464 109.20190901375 156.031223155132 128.989748673211 0 138.800053606412 77.9494990950004 117.522467667113 160.909718705527 115.125925125227 112.254599644078 94.8062156300566 158.007803316763 180.115034761756 140.872959223472 145.379843694006 163.696426391602 161.465835099699 118.926248434602 159.863846499992
85.2942265930437 0 128.105818251418 0 101.707715544159 67.089027863249 46.3061402776783 96.2717763555111 63.149523347871 19.322309790748 169.462261329165 39.5904025178953 140.82757357441 105.814341816715 77.0089236781283 134.823900245582 151.319128900925 0 0 14.0381250711723 104.502796171014 87.5666344245153 112.159028122604 29.9160570948673 0 188.060336161667 130.610712424728 16.7198062952544 105.712718107702 98.9795470757662 0 147.094436645508 119.886167151698 118.895748256252 117.49391459831 108.25030336462 143.890508468348 108.258764391845 113.831646506915 76.9092969630989 105.746606903872 0 168.166997836936 0 199.677276611328 176.312606811523 102.326322683547 223.983108520508 0 160.448852539062 173.966844927714 176.83203125 52.8321732309013 0 145.903601658041 141.92784810873 161.307657787215 92.2129296588767 107.182305531662 0 40.7057268872363 0 154.527026084797 117.618873420156 159.838272094727 0 215.549545288086 0 39.6532500765387 0 142.313865368522 0 111.176369618041 195.111587524414 0 179.120972124039 133.245242587557 201.44167982689 172.142150878906 0 0 0 0 0
75.4441087808261 147.188701085018 0 101.707715544159 0 15.2209356433562 111.247887528644 20.8682968357467 57.6479707552585 116.786802267684 61.4380161171672 63.4301463557123 50.1957597102587 41.6506516901047 16.221906359932 0 169.749481201172 77.4426378982731 68.3922424316406 104.117788977416 0 108.336560710384 124.24787902832 74.2832160113588 104.421402233263 99.5884214066239 134.38579739138 114.327853878824 23.2419415580291 124.746097731829 0 13.476489574638 66.0120514754675 12.306670385022 127.590079479912 69.0691806723564 66.0218506806562 39.1656654427261 40.9763575662824 13.7124063620578 8.68926664959275 50.9558813309916 0 0 0 0 101.141067504883 0 0 0 0 0 156.528991699219 0 0 0 0 74.2229537963867 0 0 111.770937819651 0 0 0 0 0 0 0 0 0 0 0 141.646148681641 0 0 0 0 0 0 0 0 0 0 0
76.3059598049405 115.977581290644 138.798937521585 67.089027863249 15.2209356433562 0 49.8044524241845 23.2796364654208 61.8028996486333 29.3004617849385 86.46731003244 34.9939980797823 58.0006659444789 47.1705067472938 23.6181363930851 122.009541198918 134.488635294816 123.439252440212 113.121185891752 51.1416371772039 121.666597312086 106.253948670552 126.132977609438 75.8988225481077 100.924492848442 125.012786463327 146.465954916398 72.0609366344021 38.3484024221441 88.8909248407409 0 20.0516275018533 110.058658426183 38.6474857435437 77.0386493765433 80.9745104069232 97.9239622838612 61.6335320686849 59.2028089055004 17.786633144483 17.2298850628012 67.5333141427333 0 0 190.05957616279 112.570434570312 97.0716955253458 0 0 154.070989384222 0 178.06949722985 148.41617754305 0 159.580218815351 141.626941403789 159.595694008121 94.1770772058499 146.093331097657 0 105.828527885303 0 166.514374222383 101.595224529792 211.064636230469 0 138.965270996094 219.31162150654 137.5419214209 206.768578713294 122.72865538395 173.479330841515 118.999701619638 0 0 184.204421361668 139.941638212231 172.539702025631 168.992879875012 0 0 153.212326049805 180.093185424805 171.531590309083
30.9593600472159 118.394672754789 103.271312149528 46.3061402776783 111.247887528644 49.8044524241845 0 52.3524701706747 56.2559008756256 22.7241645872237 133.183467781216 66.2482602511058 114.122591495508 40.0968594128636 83.6956876212208 93.2074004198207 114.636280961738 156.306105263091 138.696988664332 52.6714412406735 77.275273504634 85.7600611028439 92.2182539968966 51.9641127865467 147.42153203571 133.426169342575 115.013758768951 36.1188364240871 62.2704643474101 26.1285492989788 0 117.566674792454 70.8446686419612 81.9808434595679 143.903073709007 85.3375214234632 101.588394353135 82.2178083885955 92.8779538254341 79.9464106748434 83.858651512685 107.965034685313 155.414382888242 175.846309415066 151.005521795804 153.485254285768 100.957640445594 176.123899935059 0 143.789309702434 159.135567996912 159.617573087733 137.127269413825 0 144.550216087514 125.89642990649 145.901489169191 77.2206470917917 133.827545925824 0 117.378763655798 247.699356079102 151.696746807459 100.433150368746 140.558646932114 160.185139455903 0 203.910430908203 130.10142126283 141.579134869159 129.571123699633 155.365317171158 105.700514327439 0 207.585101450013 165.051638920959 124.642631534361 154.47102194682 151.590970526765 0 0 148.344509295467 157.1523885979 171.457614941057
48.6424097492708 131.131181619269 132.349111671656 96.2717763555111 20.8682968357467 23.2796364654208 52.3524701706747 0 81.7374083186751 41.1430294390035 78.1054444098657 68.2489701965206 55.7337329639134 23.5667232474258 46.0013920551212 124.415286830958 126.697936279941 104.909053855942 100.328699774145 84.8122145834009 110.084304058692 111.288217064426 121.313782883263 88.0836017652151 99.5309593958743 129.0394613028 135.580278602384 87.8427382472945 37.9130588284837 76.7734868076461 132.3160870646 26.0311496101659 78.0966808999178 39.2794564526054 142.181389040907 77.9620124009385 75.3479622708664 58.5152331618625 62.8778969629475 36.3037347246555 24.2924554711992 64.5119749666995 167.982778296469 0 167.652663433426 143.830560235175 124.503117978114 169.502380371094 0 166.674580068627 136.697027615445 189.958422983893 151.934236616192 218.337890625 172.127035097709 146.34449174878 175.279660761143 100.115076098166 150.197879331745 163.891492451024 121.64312852582 0 164.299259477775 170.166195694034 165.243244788226 0 0 197.490005493164 158.114043534232 163.620637802733 148.176781039923 178.891872671201 134.481664237142 141.603851318359 200.549960994175 183.35344065832 145.948226532286 177.055019291199 165.635155058317 0 0 158.247290993415 182.080770097039 148.018637044177
74.9666043950971 79.1677721866976 107.495540150727 63.149523347871 57.6479707552585 61.8028996486333 56.2559008756256 81.7374083186751 0 67.2053875618842 143.072943117572 30.3313521056285 125.904973294687 91.0889350251241 24.7179922026894 57.9987580998387 127.586183731436 152.198557349924 131.365215482816 52.4535312741206 66.427297330446 29.3868512410756 100.004098916721 26.0020125458049 105.41337487422 132.209550186942 105.609309122848 54.3415314791415 82.6869004923546 62.4843817549291 148.470967198023 123.04452013379 74.7839471120848 92.9532821897404 138.967440962916 84.5993615926861 93.8286090899459 94.4363779564712 86.3393455504633 26.5768002822389 84.2060784465192 122.426954529161 107.985752632878 147.276508508793 146.005717353289 127.135829759303 46.8898228638242 149.721420588318 151.970001220703 83.7576744650839 97.0905297698462 118.977109899618 92.208285970876 80.7715301513672 86.354774884086 80.4785325459246 111.594853533152 19.9267150955688 87.8216530238164 0 59.2355929252875 196.109194462498 108.451864858769 48.4185706211188 108.90126616715 134.298834736989 163.452514648438 172.072697076181 84.3568319132317 88.0459960968459 65.1401629115444 126.515415731083 59.4575040405676 158.278069831681 175.452474203715 109.012262826483 80.328664537501 106.218432346442 90.3363033372104 0 132.066299438477 86.0141443816256 113.117655358743 179.051606040338
76.952125303777 143.294996873339 127.228526257076 19.322309790748 116.786802267684 29.3004617849385 22.7241645872237 41.1430294390035 67.2053875618842 0 143.068074126588 25.0149807271972 135.416099688739 79.6097999671158 78.0419913274156 127.719375334714 134.819108269449 166.207999596385 161.106814691167 13.4944398952481 108.633490302454 113.030231296443 113.883832552914 61.0557724686355 162.99784771775 154.384079147353 145.058486998586 28.0677188825413 99.7380010222596 75.1633624148221 190.995681762695 133.865248524884 96.2589593900864 108.127110470344 148.265974512734 105.836434809845 127.974981704232 99.5469975795538 106.191188675643 80.3110339665988 103.876117921654 131.544114229064 168.365738344124 0 189.322687080873 191.29370325378 106.906234021383 193.784001686869 0 209.221656378715 169.525013362638 196.184758763988 147.20770858803 181.29278602673 153.15481302328 138.931514912976 158.681235241471 88.8965078501524 147.578436056429 215.686721801758 73.9637647926208 244.052780151367 166.70746101798 113.638373516985 158.341006793864 219.78467648927 0 234.266043509075 145.409757678769 157.228597354731 135.896718944679 185.895765368184 115.164229969003 204.955307006836 198.113792651146 180.963339122208 138.101364853932 177.451672832998 170.507606529344 0 0 0 178.138519949235 207.275533852971
99.9944938823896 61.5359832311749 85.2711711559986 169.462261329165 61.4380161171672 86.46731003244 133.183467781216 78.1054444098657 143.072943117572 143.068074126588 0 128.544547090582 17.6489710638698 79.5145824156898 99.4107135301164 139.221375324707 53.6671483712659 23.0328298550324 23.2151893045329 148.761059899511 124.449808770255 103.827042387018 92.5657787251611 153.538154443098 30.4004087914876 30.7062076749746 52.4659969767678 136.390933575746 68.268274194802 122.268735117083 24.1909826376835 71.9688303457963 108.995797981 24.8639798102247 159.161674244426 86.5268535497029 23.7129566320268 31.5152663156611 51.3564599302181 75.0237100196676 59.0974593212566 17.1316617386937 163.867657726105 77.1827840445284 114.736129395332 135.894962049556 0 0 70.2958472858029 0 78.6103108860684 147.470757446507 0 137.758605957031 0 190.793277777205 163.677026546925 181.655578613281 214.195577694944 93.8489292938128 188.154323919594 79.6438744991598 163.312032668151 0 122.784367681176 153.097760281391 105.525735051806 116.231651239083 0 184.183096008071 115.202360217125 165.28574924895 206.217554091445 64.7470455282211 102.953612379651 106.272158479161 200.30021195699 0 210.015228271484 106.675435905828 0 0 125.333216856667 0
105.454164754155 111.000802841451 132.84830553144 39.5904025178953 63.4301463557123 34.9939980797823 66.2482602511058 68.2489701965206 30.3313521056285 25.0149807271972 128.544547090582 0 101.396046558885 87.4463134222095 19.1764680009181 100.05812378557 158.510671709515 188.757445203337 152.695935220507 13.6430194673681 150.173609853794 73.6673398992344 148.454700931785 32.3573434261239 145.047675215969 181.699112848904 146.607242185273 47.3339478413639 103.914491828193 116.875469272867 194.6669921875 108.989060299862 0 103.505878344278 39.2085459466663 105.997774885209 143.686089381232 101.327966767834 126.470763733144 22.0251552542742 93.1579639516281 110.108028291352 104.657461734273 235.201431274414 0 0 81.1894191043704 0 0 0 211.720565795898 0 123.153714125034 115.880816026771 120.667929696483 127.010570581561 148.747103474395 70.1848663490324 128.070846481423 179.238769854393 26.2932299566602 0 170.277523789469 88.8079757707485 205.227836527614 0 0 0 41.5507615052523 213.604766845703 112.644432067871 0 102.788386875433 184.19465637207 236.087646484375 204.264282774704 128.674851837038 137.114248359265 0 0 0 0 180.681433165512 165.219787597656
87.0723250542721 49.4447144839511 90.8309869102553 140.82757357441 50.1957597102587 58.0006659444789 114.122591495508 55.7337329639134 125.904973294687 135.416099688739 17.6489710638698 101.396046558885 0 70.8996620918155 78.7224678038487 120.520237566303 83.9384821331029 50.1829038790313 65.2344814456634 136.006735334999 127.160063491065 92.1643293281544 124.875390891916 137.247867861509 18.9163900196703 29.8846775472907 30.4434259817558 131.998686642753 63.4732872208049 129.130469657473 11.921608630805 53.2496985087953 83.7092448014645 25.4081481425088 88.7822634656159 31.4915730795614 22.3512003338251 22.4287367080028 19.5224598784876 37.5738765007541 12.0125018603256 10.6406538664103 82.1379147282817 62.5943015275176 92.1091240509482 46.3613356469455 0 54.1972198486328 50.501994358438 0 68.4997095225525 147.256022512449 220.627881348016 0 0 195.071927058905 0 160.053834059293 202.226462862739 77.963695384726 0 66.7148592621643 109.009025862567 55.698657989502 159.745841745388 122.117048606142 92.3246140409684 104.957515968008 0 170.176799520049 89.8093952387283 159.957152715194 170.805218899074 53.7551441198036 87.5044037288168 98.7103849862122 175.834132498091 234.686737060547 154.221771240234 92.8635653695374 0 0 92.4121755445968 98.7955638734802
20.4064550670536 135.176354764016 123.708490753399 105.814341816715 41.6506516901047 47.1705067472938 40.0968594128636 23.5667232474258 91.0889350251241 79.6097999671158 79.5145824156898 87.4463134222095 70.8996620918155 0 57.7693581708237 114.981122000146 126.671041120737 104.2619207347 104.92932550803 100.214945121422 101.393017375029 103.434001671066 113.21884707015 97.5369696660706 99.3780616568838 115.184562373635 131.026986160374 96.4347974857496 35.4088351697161 68.6772837146188 109.144284726716 21.3059290166739 57.4097396996577 48.7300677201505 127.952582015461 77.1824487257337 75.8340321861445 57.8727639643986 76.3837592972019 50.4357176446276 44.9967826301198 72.6569664261609 168.099999637172 168.454006165965 173.186882727441 147.079019381712 140.694181432934 114.910438537598 91.8358840942383 160.640986838467 149.699346394554 168.832198081182 173.996773071535 0 164.611130922863 154.985957607929 177.037597526115 115.184803279355 168.257900037252 159.905747749305 162.210371646665 150.211901138272 184.816523285373 108.694709777832 152.415112336712 191.832061767578 0 194.064507727798 0 160.414775164307 147.278935769989 171.164380993263 143.236703062405 148.826248168945 163.387630138105 177.558915909963 158.065134867287 184.040933009447 164.949275198257 161.051483485322 0 176.007295666211 169.85618552615 147.628531229701
63.3625395013929 114.263808577793 131.986778163577 77.0089236781283 16.221906359932 23.6181363930851 83.6956876212208 46.0013920551212 24.7179922026894 78.0419913274156 99.4107135301164 19.1764680009181 78.7224678038487 57.7693581708237 0 81.3688354492188 154.037153911615 188.013738329209 163.246124267578 54.9582894065146 121.480285644531 73.4939474367997 132.032604631278 44.1707863456577 136.683598162864 154.593710793359 132.866530940775 75.9162573564304 51.9309272672959 110.322830848035 0 41.9246264773695 0 61.9641535002314 44.4040200284102 65.3808651288514 108.31582558769 80.3692926594747 81.5951438746018 12.2301161449172 26.1715932727124 78.7823342700038 0 0 179.701522827148 193.397583007812 67.0620691760864 0 0 0 92.528098305224 0 126.734109057644 0 105.285898897163 128.052714669071 140.251367285987 60.3789387749905 119.66802493814 0 87.6842853344111 0 126.045936584473 85.7294743671694 146.332722598064 0 0 0 116.262504142121 0 85.3833687284486 142.940246582031 92.9347058844221 0 213.102325439453 136.945449829102 113.164171295505 0 0 0 0 0 0 88.2298796654814
100.851195578387 63.8104113390855 91.5068076114787 134.823900245582 0 122.009541198918 93.2074004198207 124.415286830958 57.9987580998387 127.719375334714 139.221375324707 100.05812378557 120.520237566303 114.981122000146 81.3688354492188 0 107.425014568478 151.926633540956 113.393355587632 98.8634185513415 20.3899985601243 36.1561414527632 19.9788253048752 42.0217079877634 103.971231493152 109.347192526286 27.3576766434473 39.2116727214036 97.2926750177877 76.6232354022387 148.382235747781 200.274429321289 81.5732949245532 73.5033967054428 153.038752437022 76.8244726687513 62.4830208494613 78.7310500693696 80.1243525697277 85.4954547026703 110.260660653193 0 112.101524773276 93.5357585905786 113.115008424469 112.155106685144 119.573954370733 0 0 126.682683633662 77.8424689858159 106.773724925462 0 0 158.285293579102 142.117365306903 199.793563842773 88.1990726072422 179.937501184131 181.565042715015 0 0 169.719870267611 0 100.10752232623 128.925960620795 0 143.933345823156 0 114.899786380266 55.7748928774804 105.712132568121 115.847576709911 0 153.605242297716 101.31703570398 126.027517702814 139.802409661395 113.462620132302 0 0 129.061360925043 116.609733723761 170.955700248806
106.094692993069 59.3884108810004 41.8832493340674 151.319128900925 169.749481201172 134.488635294816 114.636280961738 126.697936279941 127.586183731436 134.819108269449 53.6671483712659 158.510671709515 83.9384821331029 126.671041120737 154.037153911615 107.425014568478 0 51.3243149638162 21.3923757312914 159.258209228516 64.2608932845094 83.3816660913156 27.0967830692201 129.431040621266 71.4394611748515 40.6588347732906 67.6688937091972 116.671801864541 103.957914465702 78.9881615963621 102.907067238559 124.722858929528 89.389219465209 34.9479965515107 125.866933483835 83.7053361101421 54.7680972036884 49.408946313518 64.9633649905289 97.9561453661734 89.4919502604564 63.0760014070371 141.199024970069 118.588433709176 125.202395914144 139.890003475324 146.756103515625 0 133.936065673828 180.846529944849 78.9296399470922 112.339019955925 0 0 0 185.64674541816 230.283142089844 157.602383952127 197.44873046875 142.862579717886 0 127.81269486808 198.727136441482 0 118.941495554563 123.401794212467 132.448380939755 126.179545700922 0 169.71545764836 94.8897436045049 141.917176654785 169.296548316595 112.555863806623 113.033135398893 109.857601464955 191.182250453195 189.822946903847 184.714933300294 135.513525957709 0 0 127.071429625862 178.3923439595
114.957273254082 73.4930583361064 87.2643727077162 0 77.4426378982731 123.439252440212 156.306105263091 104.909053855942 152.198557349924 166.207999596385 23.0328298550324 188.757445203337 50.1829038790313 104.2619207347 188.013738329209 151.926633540956 51.3243149638162 0 17.2821387658755 172.926975858868 149.636216180521 112.746210446551 106.823337885997 162.543614119646 48.1696185873844 30.2876926426194 65.5718163209754 103.191490896354 89.9281764693452 152.262437611226 56.2785489455009 91.8232290917182 156.823501586914 53.5839796396748 185.055419921875 96.7285097351463 40.26523967239 49.3053382645816 73.866102825313 97.7564795663264 0 56.0467528008649 144.025628736464 105.809759387385 122.126717538139 151.221146988916 0 0 79.8450112260153 0 86.5477642692289 160.550607016276 0 0 0 0 146.649467282363 0 0 103.094139543818 0 90.9738362602918 0 0 0 195.889678382346 107.715536844113 117.683812345901 0 0 123.251021993551 188.769546508789 0 77.0658477719439 106.691808720346 116.714269414554 233.742111974268 0 0 112.165102820713 183.088470458984 0 126.018381163422 196.784774780273
119.445319501918 53.9552496533735 63.5054533820392 0 68.3922424316406 113.121185891752 138.696988664332 100.328699774145 131.365215482816 161.106814691167 23.2151893045329 152.695935220507 65.2344814456634 104.92932550803 163.246124267578 113.393355587632 21.3923757312914 17.2821387658755 0 162.347290039062 95.5334008813059 95.9255374116781 64.8593019452979 143.75553870734 48.5590891577477 31.8598395693815 62.0038803163111 146.345416314855 90.201983443965 105.418743472871 68.3770023070933 133.0156157878 106.169030329407 39.9121892343856 153.924624498401 86.4385108385847 48.6683673608368 46.51538503074 63.6334573492807 138.833664900086 106.347641666874 61.2054171093145 146.745625216433 106.105574287547 125.222140476464 136.395667440765 0 0 82.6496819142298 219.631108206923 73.4139448058913 124.121924021825 0 0 0 195.349607931109 0 181.266599982341 0 110.443693923148 0 97.3030771496599 0 0 177.563160454382 130.027517200624 118.979380498573 110.266542811564 0 135.40990226294 107.963833587803 173.388001255291 176.765887519363 81.4990012671083 104.013249125739 108.721160450866 203.392903749614 170.972610754867 173.058773085566 123.995266031886 0 0 116.860576943966 170.461411653391
98.0968783661831 0 149.044723510742 14.0381250711723 104.117788977416 51.1416371772039 52.6714412406735 84.8122145834009 52.4535312741206 13.4944398952481 148.761059899511 13.6430194673681 136.006735334999 100.214945121422 54.9582894065146 98.8634185513415 159.258209228516 172.926975858868 162.347290039062 0 146.696603980632 112.911934192638 126.454343977094 20.6107338739182 0 154.258373948765 177.300810814991 26.8858939583137 108.201245578929 112.667722396263 0 125.964333352518 105.928901672363 109.942083314703 113.468637337867 110.668546821728 161.920837402344 108.116231042033 75.6873626708984 56.6041160314425 105.439603971437 157.164245605469 219.785848487132 0 0 0 94.9649387228993 0 0 0 0 0 88.7582499320078 0 138.399601678078 135.774682255684 167.086681144949 76.5233433935837 142.980756790482 0 28.9718446452792 0 162.830412797183 99.0967214414341 0 0 0 0 132.810480162157 181.203231811523 122.799773754373 152.746106781193 106.692547218044 0 0 191.872899099919 137.296219298598 171.526733398438 0 0 0 157.10237121582 221.283660888672 0
84.7893142753099 99.6340057422221 75.8594223575982 104.502796171014 0 121.666597312086 77.275273504634 110.084304058692 66.427297330446 108.633490302454 124.449808770255 150.173609853794 127.160063491065 101.393017375029 121.480285644531 20.3899985601243 64.2608932845094 149.636216180521 95.5334008813059 146.696603980632 0 59.5226140379309 37.7802567910917 38.2526939338247 130.966095116998 106.540403641105 74.3557978844329 30.5154042047421 84.6389534962546 28.6549889416594 149.428965174001 165.558822982345 75.996154432328 42.8702425268976 142.235831602 74.2886258978218 71.1128483918977 67.6520421347853 74.9672279272312 83.1741992185458 92.7718757666722 133.457288750297 129.177504727501 134.010645381859 138.584488623452 136.994336183506 143.223969414395 143.515836251544 153.550628662109 130.05019276557 121.804207323546 143.046832406541 0 0 187.663118274003 135.994839434405 164.953329888291 92.7321147080461 187.145252076632 224.080738545554 182.639602661133 0 161.225529376191 0 115.552042893022 165.264834924483 203.680801391602 184.549337108126 0 123.90246292732 80.9857505735143 125.562081897394 119.29746105586 226.93180847168 169.377148466384 133.112521593995 127.782048891086 139.364244446142 128.117139545288 0 0 138.005030396823 136.312479533945 168.314971937499
77.8944749985264 33.7835855160959 65.2722376201495 87.5666344245153 108.336560710384 106.253948670552 85.7600611028439 111.288217064426 29.3868512410756 113.030231296443 103.827042387018 73.6673398992344 92.1643293281544 103.434001671066 73.4939474367997 36.1561414527632 83.3816660913156 112.746210446551 95.9255374116781 112.911934192638 59.5226140379309 0 58.852260336286 33.4839872900514 69.5548707493424 92.3057225667298 47.5743821428117 62.5452153038255 82.0198140459947 63.007159466616 109.370680700337 153.748763971632 73.5320213410264 71.8264931870128 147.746675872747 71.0535495658035 60.1473876399674 69.9269618003856 70.2760492321913 74.1299381813133 91.1665808446572 94.5626188426542 88.1855693970292 99.4344148646182 92.4144839434761 101.563437956077 112.319901240386 0 201.618942260742 81.8839436371433 89.0451131159056 102.507906076634 142.184800353417 0 158.941677374994 104.218244041222 135.444520562402 58.9172376992502 154.936569268178 94.2256774902344 113.344086452803 108.70875111875 125.63732363271 138.713668823242 62.3077399943764 109.954613521151 0 150.374753618821 0 75.0055926342796 18.749884652796 82.8626392479301 82.0678830005567 120.07435351796 124.497253990056 84.5739030990082 103.807473519571 91.1784972193417 74.6298789483183 0 0 80.9530678250279 92.8195669579756 149.574236664026
97.356023203332 74.570857005571 35.1218950168031 112.159028122604 124.24787902832 126.132977609438 92.2182539968966 121.313782883263 100.004098916721 113.883832552914 92.5657787251611 148.454700931785 124.875390891916 113.21884707015 132.032604631278 19.9788253048752 27.0967830692201 106.823337885997 64.8593019452979 126.454343977094 37.7802567910917 58.852260336286 0 75.8304930913801 117.232950172119 74.4091790640511 45.9521747245987 60.2798643510966 94.9881700543639 56.9342957821598 114.038024461191 173.714977385601 83.6838491524169 50.1331656142063 143.826711333063 73.8075529753726 60.3135592276268 63.1457234913236 71.8016506628588 83.0495330511671 93.4400372943141 112.03170009908 129.97116573623 107.732772593725 124.236747803111 126.391811468873 151.733513402821 154.715428337709 0 149.271395551849 81.4848637587003 111.337851147356 215.713707853777 0 202.314143067769 160.958692100672 200.158145181848 112.397103724775 192.406120547822 169.692402720943 164.920666366028 151.070428199617 188.918228253214 126.575485229492 106.192953508317 132.153742748969 173.903208704981 158.545420368404 229.531980769021 127.124668637495 73.1071770736138 117.806423678538 133.299573918834 144.929456779157 140.59418470963 108.753618631004 142.622784338748 143.856390675567 134.678749540533 147.604187011719 203.657699584961 131.973819031038 125.451456903429 167.009669197461
80.1153330235312 84.4350166659533 105.155805871137 29.9160570948673 74.2832160113588 75.8988225481077 51.9641127865467 88.0836017652151 26.0020125458049 61.0557724686355 153.538154443098 32.3573434261239 137.247867861509 97.5369696660706 44.1707863456577 42.0217079877634 129.431040621266 162.543614119646 143.75553870734 20.6107338739182 38.2526939338247 33.4839872900514 75.8304930913801 0 113.441434172847 137.522853367577 80.3220164397125 21.4393073023569 91.6941765430912 69.7091765619198 170.287312750062 154.837764970472 81.3593674199785 89.6581896338872 148.107212707765 90.1032931678898 99.6394411185334 93.3939205895268 95.9616460749936 52.9163019751959 100.790606034165 138.20994284286 131.005859872738 137.214745964377 135.047024938972 136.692139397185 84.2579051196334 148.259096308545 201.944427490234 118.844511173584 118.045962799141 151.024267458174 119.557043674125 114.015335083008 125.355282102998 111.06981044415 135.26878327577 53.4827351158558 116.621593372797 198.519037130037 94.0571090065394 183.097856540552 145.132664778285 86.2278409889123 112.423044705176 178.685929772346 206.694869995117 177.068811465311 109.329473653977 119.080181328322 84.4894407802017 127.819301630729 91.6618776303196 174.24755110227 180.842045433737 139.477488600188 109.247147248571 136.846693733423 124.854874136985 0 197.301574707031 120.616274725277 140.934000874281 174.550417878141
115.817965459295 24.422822135083 93.6273627370807 0 104.421402233263 100.924492848442 147.42153203571 99.5309593958743 105.41337487422 162.99784771775 30.4004087914876 145.047675215969 18.9163900196703 99.3780616568838 136.683598162864 103.971231493152 71.4394611748515 48.1696185873844 48.5590891577477 0 130.966095116998 69.5548707493424 117.232950172119 113.441434172847 0 42.703640836049 33.2489262008296 126.298856884376 92.054858967454 135.843024107388 46.8527229486786 80.7360019657254 129.977594946241 44.7950384473491 177.724199493748 98.0680627619838 21.0666668610812 43.3129882755429 76.3871537086205 130.424996823214 78.0889525843513 18.1031387031713 93.5911554693528 52.0769400380446 81.3032477835509 72.9518642677288 135.897812013025 126.173477172852 39.873582332082 0 33.2900203858511 97.8196697421582 0 0 0 179.069977342205 0 138.942088676204 199.074318699253 65.56330973983 212.70915222168 48.1627815375835 144.72087097168 0 116.673755085484 91.5916379508824 72.1686393081906 78.4280537287198 0 123.779471029096 69.5819723863309 127.747420967551 171.990558166988 30.8981622574028 69.5291346631846 73.6554577589207 204.370928310365 122.040367126465 0 75.6147925163468 0 0 81.9535671352711 98.3185119628906
129.163418264488 48.9791107284625 35.8558485790472 188.060336161667 99.5884214066239 125.012786463327 133.426169342575 129.0394613028 132.209550186942 154.384079147353 30.7062076749746 181.699112848904 29.8846775472907 115.184562373635 154.593710793359 109.347192526286 40.6588347732906 30.2876926426194 31.8598395693815 154.258373948765 106.540403641105 92.3057225667298 74.4091790640511 137.522853367577 42.703640836049 0 33.6020976092958 113.462968081739 113.743994018945 115.613423011178 23.5526425027171 95.7312027718922 123.426485361777 58.5653406135474 158.892811385509 88.7351889273527 47.9310988587842 57.9010937258853 70.0659277324493 118.373688424008 98.0746276208532 60.5632499845129 139.300812497731 101.234214189253 114.289223161984 123.766129013991 156.994121248081 148.261810302734 74.941032115443 200.214910722738 71.4364411156081 108.957271075728 0 0 0 179.856649371666 196.714754009875 161.823491057192 220.830871582031 104.425437096501 190.680710588712 86.3844525596094 162.120169922466 178.726269050125 148.792231619344 114.374302594185 108.929217346021 107.50389543314 0 159.834653153717 119.967073839073 141.644618125913 170.73826942029 73.9158962648891 98.9899492605764 100.682812233304 194.117632195953 210.609009235819 156.95889007695 112.017411610472 0 0 116.69598321371 182.14199823402
124.356787663745 28.1802074750738 31.9587434925249 130.610712424728 134.38579739138 146.465954916398 115.013758768951 135.580278602384 105.609309122848 145.058486998586 52.4659969767678 146.607242185273 30.4434259817558 131.026986160374 132.866530940775 27.3576766434473 67.6688937091972 65.5718163209754 62.0038803163111 177.300810814991 74.3557978844329 47.5743821428117 45.9521747245987 80.3220164397125 33.2489262008296 33.6020976092958 0 75.6812862989898 114.543852836052 103.9233031998 27.6940267384649 118.415029281617 102.928523828756 69.186462509778 148.271832471392 79.0339503365955 57.7768761910392 65.9310990438423 72.2248197087594 89.5405901350685 85.8566039753119 63.0559655140343 120.858559841656 97.8654897937666 108.250408827774 117.390725595464 142.499818190467 151.25953682594 97.9240164420874 149.456546364185 65.3606428330163 96.4322206739837 0 0 196.642975352877 167.090328531434 184.746117489483 138.065965616062 192.93681828628 112.258985849149 168.76344352397 93.8326976953905 183.459282613375 149.906820239716 103.029524889295 109.488153965265 113.807055477113 110.077471515987 240.203659057617 129.32291715535 61.5871122182681 111.463394456567 139.647181103967 77.5543948704468 100.155905239539 93.4836997538298 153.824261368827 159.631845419994 134.710519408132 114.222068660736 159.353240966797 155.686060946927 110.827099773433 165.413066250485
79.9152160068054 103.479368330859 89.9202875723544 16.7198062952544 114.327853878824 72.0609366344021 36.1188364240871 87.8427382472945 54.3415314791415 28.0677188825413 136.390933575746 47.3339478413639 131.998686642753 96.4347974857496 75.9162573564304 39.2116727214036 116.671801864541 103.191490896354 146.345416314855 26.8858939583137 30.5154042047421 62.5452153038255 60.2798643510966 21.4393073023569 126.298856884376 113.462968081739 75.6812862989898 0 88.1549107174533 45.2558282031153 81.0451797200082 164.842967987909 77.6108546524033 76.2455142395517 147.332827175663 84.9038948489883 92.500926733177 86.3781053547659 89.1803198078528 84.7335186541644 96.9743469197666 138.52677871606 141.949475738401 144.339390514454 143.994922401499 143.2032269054 107.287914881137 159.334865228672 152.682815664145 127.669227646582 148.529291425764 150.86742031774 131.455177407385 130.659210205078 144.395366452784 124.618245442799 148.412064300231 75.9831439484813 137.0922368851 177.056519132813 104.244448081241 88.0230896321574 150.314357181937 112.202836255627 121.258259805681 181.424558062299 200.536727905273 216.128266554423 132.996561662416 124.365083153978 97.0304202267809 137.821850507123 108.979067483675 0 192.787104959887 148.391876974591 122.229213323882 144.2137975114 129.710579081677 0 196.245980859502 130.544694632558 145.445513038318 174.170424539988
19.8892581022122 122.605262015477 122.162699761763 105.712718107702 23.2419415580291 38.3484024221441 62.2704643474101 37.9130588284837 82.6869004923546 99.7380010222596 68.268274194802 103.914491828193 63.4732872208049 35.4088351697161 51.9309272672959 97.2926750177877 103.957914465702 89.9281764693452 90.201983443965 108.201245578929 84.6389534962546 82.0198140459947 94.9881700543639 91.6941765430912 92.054858967454 113.743994018945 114.543852836052 88.1549107174533 0 34.1618083948635 96.6177056416712 17.5077167522444 18.7810541211067 31.8755217556805 118.973675758946 65.5024442642322 67.6213110563248 43.3081977509799 65.1189541230231 48.0754218901223 26.0328538314285 61.1197047547679 151.886642572366 132.132432095281 158.020065729104 153.659262452236 145.616862487561 134.251151931834 0 149.448162226153 160.487434805819 168.69610541711 166.526824951172 0 176.035768174903 155.11597550912 169.098650895206 99.8874861173537 173.43769225413 199.278121490418 135.512773111286 162.982450113731 175.629299849144 0 141.880701029641 177.615451212922 149.203301690749 239.275848388672 220.925208871577 141.111232915852 114.753247829453 153.373421631292 135.810275407737 198.85595703125 163.339338401824 160.388838051836 148.367071095042 161.666357787206 152.871072760519 0 0 164.86413394525 153.160834237016 158.679321774523
41.5846544223922 113.613937472817 85.0498801998126 98.9795470757662 124.746097731829 88.8909248407409 26.1285492989788 76.7734868076461 62.4843817549291 75.1633624148221 122.268735117083 116.875469272867 129.130469657473 68.6772837146188 110.322830848035 76.6232354022387 78.9881615963621 152.262437611226 105.418743472871 112.667722396263 28.6549889416594 63.007159466616 56.9342957821598 69.7091765619198 135.843024107388 115.613423011178 103.9233031998 45.2558282031153 34.1618083948635 0 148.438578137695 123.895153364198 54.3615352014012 38.7721099773843 139.312344790201 72.1477983998686 79.3027859369138 66.6341960701455 71.5085111039341 78.6462720119848 88.6134863333665 125.73945866659 139.452024089958 142.738453834807 143.377074397535 142.94627274151 142.594391023961 153.113731594339 126.126968383789 132.990147730172 115.822658370937 141.761951046973 163.764697345176 0 175.909959231601 131.117235221654 167.008236888394 75.6030964332152 146.698388843765 194.734340156315 153.084827778528 0 154.975924590127 0 116.468584863452 177.638960973305 212.294921957016 167.597393723818 128.096633911133 124.512148189667 90.4517543125337 131.28311598162 116.424215075636 205.324096679688 170.163590894081 146.721981317136 124.942037001552 144.433440555937 127.385425185312 0 195.801834106445 127.884719708791 140.066424293646 166.391241662004
0 68.1782296305821 92.0792300232178 0 0 0 0 132.3160870646 148.470967198023 190.995681762695 24.1909826376835 194.6669921875 11.921608630805 109.144284726716 0 148.382235747781 102.907067238559 56.2785489455009 68.3770023070933 0 149.428965174001 109.370680700337 114.038024461191 170.287312750062 46.8527229486786 23.5526425027171 27.6940267384649 81.0451797200082 96.6177056416712 148.438578137695 0 0 0 69.6118778130604 0 118.868432503294 50.4845997021765 61.3787904891752 0 116.564109802246 0 60.5232330050004 0 115.090370178223 116.999334537132 113.343101501465 230.228225708008 0 80.994786626113 0 96.9551977710887 155.858756670491 0 0 0 0 0 0 0 99.2496259065384 0 92.1061125857336 0 0 175.836349487305 124.938850100192 109.380768386629 136.974696447093 0 0 0 0 195.250915527344 78.7192635601781 110.332823044386 113.975445505428 0 0 0 122.659726253051 0 0 133.103225708008 0
84.2239030598102 0 195.448569652919 147.094436645508 13.476489574638 20.0516275018533 117.566674792454 26.0311496101659 123.04452013379 133.865248524884 71.9688303457963 108.989060299862 53.2496985087953 21.3059290166739 41.9246264773695 200.274429321289 124.722858929528 91.8232290917182 133.0156157878 125.964333352518 165.558822982345 153.748763971632 173.714977385601 154.837764970472 80.7360019657254 95.7312027718922 118.415029281617 164.842967987909 17.5077167522444 123.895153364198 0 0 0 21.4538479219493 109.812617976549 81.8170188732943 68.0348895053652 43.1781076836675 51.7736732507803 33.0190461234783 17.8104599245166 65.9888995994487 199.757598876953 0 0 208.744979858398 0 0 0 0 0 0 0 0 0 0 210.686462402344 133.189544677734 0 0 177.110961914062 0 0 0 0 0 0 0 0 0 0 0 0 0 143.910827636719 0 188.575807237855 222.914123535156 0 0 0 0 0 0
