0 2.89699238538742 241.41918861866 8.79720783233643 11.0436388254166 170.228911280632 5611.10583654046 1502.2135592103 129.582520931959 252.015749692917 27.970281869173 18.0855648517609 3.6064441204071 14547.6159617305 4.86088800430298 21.4382881224155 170.438263982534 2.08937978744507 14.7744970321655 20.9192138910294 423.452351003885 35.2406087517738 614.342343211174 288.972175508738 0 128.768330603838 93.270589441061 675.473942071199 9858.27981412411 4077.17718595266 0 36.44976323843 314.493863284588 336.14296028018 10.83307492733 283.443034887314 9.84339633584023 338.922225862741 67.8377249240875 129.440166682005 34.1418246924877 0 3.55870586633682 0 1.79647785425186 0.713963449001312 2.60286164283752 0.600228607654572 0 0 0 2.83544600009918 4.13302797079086 0 1.89442166686058 7.13284090161324 0.432095229625702 8.90250301361084 3.83142405748367 0 0.924996793270111 0 4.05912646651268 0.473117113113403 6.82305240631104 0.975984752178192 1.19070899486542 0 0 3.08936953544617 0 9.5514674782753 16.0654484927654 0 2.05551409721375 13.8372970223427 17.758250772953 1.75561320781708 2.12486436963081 0 0.441697835922241 0 0.617317855358124 4.62170624732971
2.89699238538742 0 204.984429985285 0.750415354967117 1.38819980621338 0.467601388692856 18.9711423516273 3.91860297322273 780.933651268482 6.54035776853561 206.160008341074 13.086153447628 1026.77117958665 10.083247512579 22.0644996166229 159.195617794991 160.253701657057 92.2701890468597 393.762020230293 0 29.7195360660553 2812.99302017689 115.643850833178 536.034708976746 1890.03936547041 1423.56931072474 6006.26356077194 111.937310487032 9.23048049211502 27.2791845500469 56.3408136665821 0.4493468105793 2.40723413228989 144.001884073019 5.59201356768608 116.241230547428 92.4044558405876 293.725520431995 63.2567295432091 38.8874388635159 2.30651170015335 19.7219241857529 30.8716358542442 25.1832721233368 51.4869586229324 22.8173434138298 3.12267249822617 0 0.956019520759583 1.0661296248436 311.938180685043 113.875103235245 0 0 2.04849624633789 2.85252526402473 0 2.85573294758797 4.10045742988586 3.87326949834824 1.21425804495811 16.8360614776611 1.53670391440392 0.757546186447144 14.2714924514294 53.9942043125629 5.32099205255508 59.5200263559818 0 5.08759650588036 31.6025905013084 34.9118970036507 9.13654968142509 21.327999830246 320.879511415958 652.79080080986 1.26230496168137 1.41695407032967 8.78837642073631 2.95913231372833 0 0.931148290634155 23.6242933273315 5.08878746628761
241.41918861866 204.984429985285 0 7.93952289223671 2.46616756916046 120.58099719882 688.783771425486 509.214789479971 104.564309567213 80.9749936759472 54.8528370857239 3.97957018017769 9.66926234960556 581.755521446466 4.58081701397896 66.1843278408051 2993.23900383711 58.9937198460102 421.61793461442 2.22172069549561 1704.9771335721 540.016255348921 14320.1345860064 132.424770891666 8.32501065731049 18941.5041369498 11200.6485668719 853.529320031404 297.357233852148 1352.04286319017 7.65070527791977 4.89774566888809 43.0878195166588 339.838610708714 30.5357314646244 1125.11194500327 288.468885540962 1301.07364138961 585.540763407946 58.9406361877918 19.6482970714569 3.35786539316177 66.6315416693687 26.6132127344608 53.8355223238468 26.8535304069519 5.96767938137054 0 0 7.09940615296364 62.3000518083572 357.592076003551 0 0 2.11104720830917 21.5166300535202 2.3570077419281 9.38604110479355 3.31809523701668 3.4766606092453 0.950270235538483 2.54777973890305 8.53838747739792 0 86.2982875108719 47.4097281694412 1.85178869962692 15.3580549955368 0 25.731261998415 87.0124172568321 328.886679172516 32.1735924780369 7.65239959955215 73.291046589613 972.238976120949 32.9356470108032 5.96047538518906 20.9180631637573 0 0 1.39625895023346 23.4138971567154 33.9075137376785
8.79720783233643 0.750415354967117 7.93952289223671 0 4.17863672971725 111.566671580076 182.597523450851 86.2562117278576 504.761086702347 8051.17047777772 0.801623523235321 2729.36557865143 0.46638610959053 100.679148554802 102.090213418007 0 0 0 0 24300.3478059173 2.10556447505951 2.31727701425552 5.90757754445076 1925.43622031808 0 2.4705256819725 3.61803051829338 14157.6153539419 68.3973347842693 10.6996680796146 0 3.66686302423477 5.69500449299812 24.5013436973095 2.39981400966644 106.284203469753 0 70.8094728589058 13.4555488824844 271.173108488321 12.4560943245888 1.41836047172546 26.7348570525646 0 3.37582501769066 3.30750799179077 86.2388784885406 1.47993266582489 0 0 1.32082509994507 0 88.8814846873283 0.891981065273285 35.4639807343483 30.5960400402546 17.3456647694111 52.3047156333923 135.08627808094 0 101.239222824574 0.546100318431854 2.16526067256927 12.7678341269493 1.24710831046104 0 0 0 79.999109774828 1.26445934176445 5.45244905352592 3.14609259366989 165.613039970398 0.375876009464264 0 2.06698161363602 85.6459212303162 1.60694867372513 3.71470132470131 0 0 0.635476469993591 1.56003367900848 0
11.0436388254166 1.38819980621338 2.46616756916046 4.17863672971725 0 6521.72032344341 17.0021429657936 1037.98718860745 55.9897456765175 24.9993038773537 68.8713910579681 91.5698312520981 14.4324322044849 189.666121572256 2960.98245155811 0 0.530558466911316 2.88367986679077 5.06428837776184 6.50684115290642 1.71346163749695 3.32336151599884 4.67979782819748 36.4213129878044 1.64515376091003 8.83668184280396 6.28953346610069 19.0583694577217 149.174275040627 16.9468285143375 0.555860221385956 3150.33167761564 0.95114129781723 2026.17303609848 69.4358566403389 80.581348836422 1.75634729862213 167.374714553356 18.7630016207695 5594.61675804853 2631.49942186475 3.18995785713196 1.85930633544922 0 1.56281638145447 3.70578491687775 2.07465463876724 0 0 0 0 0 0 0.884918570518494 0.993179082870483 2.27790200710297 0 0 1.48197937011719 1.36837434768677 1.19837391376495 0 0.447231501340866 1.32074570655823 0 0.842325747013092 0 0 0 0 0 0.997554123401642 0.946700036525726 0 0 1.01404964923859 2.18508946895599 0 0 0 0 0 0 39.4139313399792
170.228911280632 0.467601388692856 120.58099719882 111.566671580076 6521.72032344341 0 2746.62554934621 27700.9940364361 248.08703070879 21117.9272657931 146.867492109537 6727.83582505584 35.7567600905895 2653.34886291623 3948.86734345555 12.5881376564503 31.0675197839737 7.72028303146362 3.83182948827744 470.41027879715 130.40135332942 19.382477581501 157.281416922808 439.227335482836 2.35203671455383 58.4077065587044 46.3154837787151 1409.97268009186 991.062332063913 293.434861540794 1.72247996926308 2735.58341477811 13.545166939497 1081.69976601005 8.55088621377945 371.621230959892 9.36871212720871 494.700824737549 85.905237108469 8098.7663744092 1333.0675240159 11.4612067341805 9.91747978329659 0 1.70382171869278 0 12.3503513038158 0.57758241891861 0 1.91428318619728 1.26616430282593 0.857150048017502 18.3646178245544 0 11.7006199061871 39.2188729047775 10.3054647743702 29.7337612509727 64.6918209195137 0 9.74306300282478 0 5.15882033109665 2.40267723798752 4.28865227103233 0 0 0 19.0182661414146 2.06486669182777 4.82550674676895 7.1432072520256 108.992725372314 0 1.10371029376984 8.4317330121994 73.8498661518097 4.30638346076012 4.37575566768646 0 0 0 2.19422861933708 5.84721168875694
5611.10583654046 18.9711423516273 688.783771425486 182.597523450851 17.0021429657936 2746.62554934621 0 5202.73775431514 1035.76356408 14663.7715454102 41.7752600908279 307.038621932268 20.4856238663197 10577.4860041142 120.194437503815 174.529858529568 103.055124402046 0.987103015184402 17.4408087134361 96.9549254477024 1297.52137416601 185.151806503534 1471.16724440455 3917.1639970839 3.55689883232117 173.809258878231 352.66827583313 19782.8605515361 3099.13186052442 12709.8758748174 0 54.4699082970619 249.898091584444 648.308182358742 73.0522013902664 1907.95042315125 45.2661027908325 1213.15760627389 289.612894207239 463.980001211166 114.645072668791 4.43310129642487 46.9843895733356 1.84792995452881 20.2561211884022 8.18054762482643 50.6948343217373 6.00598782300949 0 8.92721426486969 4.52038803696632 15.2716497778893 56.811144053936 0.658515751361847 51.7852419018745 118.315276622772 33.8386508226395 127.890733748674 275.968607127666 0.789304852485657 33.5179014801979 0 18.6410894989967 10.0660871863365 37.8106081783772 3.97750893235207 0 0 41.1012077927589 24.1189060509205 24.5943942070007 53.6314906477928 406.985961318016 0 5.15840390324593 48.8707348704338 297.411264777184 20.9664354026318 33.9234445393085 0 0 7.50026094913483 25.2740315198898 23.4124903678894
1502.2135592103 3.91860297322273 509.214789479971 86.2562117278576 1037.98718860745 27700.9940364361 5202.73775431514 0 255.416148811579 4971.03301492333 339.747300118208 1010.80030187964 90.8785383105278 24415.7743625641 680.654987514019 26.0455926060677 221.817442983389 17.2773112356663 39.6686408221722 202.812289178371 597.867024093866 59.0810680091381 784.481710582972 529.778625279665 11.1623955070972 219.098532408476 179.634749412537 1258.3381741941 3177.44288560748 1712.48216933012 3.77394905686378 2208.58273744583 39.9860107302666 1181.00230315328 21.1647766530514 711.543301224709 33.6156837046146 730.605764478445 156.304475039244 2869.63605698943 835.514792501926 22.5222823619843 7.37285697460175 1.44696035981178 4.16776722669601 1.48606646060944 4.95609498023987 0.584394514560699 0 2.64702472090721 0 11.9380507469177 19.4527392983437 0 11.1774855554104 34.7343691885471 7.54206511378288 20.2942937016487 30.6252203583717 0 7.57239472866058 0 5.74104386568069 3.41760420799255 7.94999215006828 2.56442847847939 0 0.513445734977722 6.98944610357285 7.12462809681892 2.70482864975929 19.7144831120968 108.606396734715 0 3.91462087631226 22.8424187600613 81.9962126612663 1.74027201533318 9.58695709705353 0.346903026103973 0.342608630657196 0 6.23572590947151 10.0198424756527
129.582520931959 780.933651268482 104.564309567213 504.761086702347 55.9897456765175 248.08703070879 1035.76356408 255.416148811579 0 818.829594522715 18.6948205828667 1038.98595163226 125.751457154751 353.243358492851 1257.03541877866 360.51122790575 25.5299601554871 8.59089934825897 32.1662504673004 251.778693437576 339.645959973335 4948.8851531446 286.059622585773 14071.2239308059 199.161274641752 111.815291792154 1314.37752485275 3192.34615063667 316.514185905457 742.124052166939 8.51711919903755 2.42995324730873 114.81495153904 178.491383969784 19.6172218620777 571.677604168653 26.4305025041103 267.607134968042 70.3287865817547 1850.04772242904 23.2091391980648 0.791625440120697 65.9242331385612 3.28944981098175 15.4781300425529 6.67792367935181 119.066771358252 1.11729657649994 0 9.28610467910767 13.4562665820122 24.7062382400036 86.7245205044746 0.794326305389404 45.5904545783997 137.160551637411 22.9928497076035 297.55238455534 206.340429127216 0 112.621396958828 3.90110331773758 17.90416431427 35.7281237840652 79.7630397677422 3.92398682236671 0 2.28203165531158 42.806348502636 33.4128181636333 78.6484497487545 74.236617743969 493.180442750454 0 12.902281165123 50.2337133586407 320.519246906042 20.747581154108 63.6154082417488 0 3.52423286437988 3.97844129800797 18.492645829916 8.11872285604477
252.015749692917 6.54035776853561 80.9749936759472 8051.17047777772 24.9993038773537 21117.9272657931 14663.7715454102 4971.03301492333 818.829594522715 0 43.566247344017 19464.868265599 9.0282144844532 2454.92711991072 175.854864269495 13.8883964419365 8.55563667416573 6.27335959672928 4.34205654263496 16680.3426086605 97.8226388692856 26.1469560265541 143.796808689833 1473.16279426217 0 21.0250931978226 45.9215923845768 13281.7726356387 705.058731347322 195.165337353945 1.15058267116547 47.2369075715542 39.3233397901058 402.309842586517 32.4617419540882 858.75638744235 7.47705855965614 798.023147910833 130.118491202593 846.320672810078 77.2575786411762 1.1909926533699 58.5017439126968 1.66395950317383 4.6419170498848 9.59098064899445 112.517003744841 0.778698205947876 0 1.45172184705734 2.33423691987991 2.10464280843735 103.62322255969 2.72099041938782 98.4967824220657 106.472840964794 40.7533284723759 127.974371820688 378.237046718597 0 111.72177028656 0 10.1010370254517 19.8760730624199 9.48046466708183 0.710641264915466 0.412838220596313 0 57.7317431271076 3.4533843100071 12.4921958446503 8.92626136541367 380.677734047174 0 0 10.0561459362507 337.124659091234 7.04509469866753 12.3165120184422 0 0 2.17665985226631 6.82488086819649 8.36177325248718
27.970281869173 206.160008341074 54.8528370857239 0.801623523235321 68.8713910579681 146.867492109537 41.7752600908279 339.747300118208 18.6948205828667 43.566247344017 0 14.5387150943279 13561.1834836006 432.348358631134 5.16689217090607 1.38852855563164 457.541576743126 7666.83847889304 5227.59861707687 5.71823400259018 12.693101644516 39.6756160259247 40.079623401165 19.6423509716988 1409.01497513056 11883.9210963547 3461.6088989079 21.1214640140533 264.61050850153 37.5644587278366 1679.12603852153 155.553662091494 7.11022025346756 9228.52784392238 11.8779596686363 350.279905229807 793.897046595812 7546.10035580397 230.438743680716 138.203626096249 33.1569263935089 1165.23914170265 5.77135562896729 44.0124310851097 42.2613176703453 7.25668400526047 0 0 1.25796318054199 0 30.4910621643066 8.04411247372627 0 0 0 1.29650235176086 1.28043466806412 0.830038875341415 0 133.928068816662 0 384.535123795271 0.956485509872437 0 1.79546248912811 5.89482831954956 100.396474421024 46.1682080030441 0 3.64334964752197 0.479062587022781 1.1020073890686 2.67961204051971 193.870486617088 326.731148689985 277.332112938166 1.43281653523445 0 0.883441805839539 41.6274107992649 0 0 16.6225321888924 8.29313343763351
18.0855648517609 13.086153447628 3.97957018017769 2729.36557865143 91.5698312520981 6727.83582505584 307.038621932268 1010.80030187964 1038.98595163226 19464.868265599 14.5387150943279 0 1.98280918598175 350.192420810461 3332.58048158884 1.90504890680313 0.924601912498474 0.427696615457535 0 19796.9034178853 7.17042745649815 40.8023846447468 7.10919940471649 1267.84719139338 1.38048732280731 3.79386022686958 23.459506124258 1501.10561326146 86.2419905364513 16.8076740801334 0.307245641946793 17.4730454683304 1.69858422875404 67.4756226539612 4.07271587848663 62.6520798206329 2.4379575252533 79.5785826742649 10.2688027024269 4184.54500669241 10.4869031906128 1.51442122459412 41.0450771450996 0 0 0 51.160088956356 0.642543852329254 0 0.405334740877151 1.54465347528458 0 36.5001518726349 4.48216581344604 31.449289470911 23.527985394001 7.42362377047539 44.2747378945351 129.699664503336 0 328.99935400486 0 3.58196449279785 12.0279988646507 0.498229712247849 0 0 0 61.2669408619404 0.68749338388443 2.05130535364151 0.710207045078278 90.0636487007141 0 0 1.29345369338989 59.6958922743797 1.50368756055832 0.759150356054306 0 0 0 0.503939926624298 3.65457335114479
3.6064441204071 1026.77117958665 9.66926234960556 0.46638610959053 14.4324322044849 35.7567600905895 20.4856238663197 90.8785383105278 125.751457154751 9.0282144844532 13561.1834836006 1.98280918598175 0 103.199452131987 2.80549132823944 11.6567849814892 21.9527881443501 530.648817807436 223.186638474464 1.76167026162148 15.2174912393093 256.034539550543 39.5772787034512 49.9282179176807 9164.11263906956 5215.34288278222 8525.45805591345 34.6059898436069 52.9311868846416 13.6743659079075 8705.2586119473 55.7599373161793 1.87739214301109 2603.61202892661 36.1705707609653 955.579085469246 1142.03197276592 4093.33453556895 656.813977628946 101.059341698885 671.631501019001 3037.26960080862 22.1607005000114 146.536203831434 66.0573870539665 16.9584137797356 1.07540881633759 0 12.9106737375259 0 43.116405248642 6.01689279079437 0 0 0 1.42278468608856 0.530155420303345 4.36981824040413 0 313.083708047867 0 727.697363078594 1.62995624542236 0 0 6.18697071075439 214.530955553055 81.3040296435356 0 1.14923822879791 1.86559930443764 8.22382640838623 0.399776101112366 447.722987443209 595.946006536484 370.129160940647 0.996133625507355 0.517937004566193 2.14279019832611 80.3026654720306 0 0 27.5603386759758 22.0587595999241
14547.6159617305 10.083247512579 581.755521446466 100.679148554802 189.666121572256 2653.34886291623 10577.4860041142 24415.7743625641 353.243358492851 2454.92711991072 432.348358631134 350.192420810461 103.199452131987 0 88.9492933452129 39.1628671586514 392.82155379653 18.236405313015 66.5704821050167 108.89871481061 923.871598035097 91.4603818655014 1304.75922721624 685.0310972929 10.1955015063286 344.184008181095 235.297907322645 1648.98043638468 12161.936078012 4193.77015414834 4.83116874098778 1511.86868950725 191.756110459566 1836.74735364318 37.9649257957935 1332.02397018671 35.4978036880493 1533.83542764187 247.556452959776 1663.04163822532 390.921340465546 26.0674329400063 6.32688528299332 1.00749987363815 2.47776338458061 3.2381227016449 6.14068150520325 0 0 2.67675369977951 1.94755923748016 9.4402232170105 3.92338663339615 0 7.47178566455841 33.3966700434685 4.98037222027779 26.6154976189137 28.9141717553139 3.38924163579941 4.39626401662827 1.99461615085602 9.90822550654411 2.59969145059586 4.65320086479187 3.59593719244003 0 0.990854203701019 0 7.56875592470169 3.95197653770447 21.3589888513088 88.3024356365204 2.84861707687378 0.641293466091156 29.279106259346 84.3269279897213 6.41921094059944 9.95395931601524 0 0 1.85961613059044 4.68818306922913 18.2497839331627
4.86088800430298 22.0644996166229 4.58081701397896 102.090213418007 2960.98245155811 3948.86734345555 120.194437503815 680.654987514019 1257.03541877866 175.854864269495 5.16689217090607 3332.58048158884 2.80549132823944 88.9492933452129 0 7.14812278747559 0.424011290073395 0.932284593582153 0 142.048655331135 6.03594064712524 89.1718951463699 8.75025135278702 835.87591573596 0 6.28684741258621 35.0191136598587 236.879243761301 25.9197701215744 35.1075668334961 0 100.859103441238 0 33.3157175481319 35.343208104372 18.2081344723701 0 20.462272465229 1.50268995761871 14066.0609415472 74.7101628780365 0 1.28233635425568 0 0 0 9.14178225398064 0 0 0 0 0.535711169242859 5.7098480463028 0 2.98090928792953 0 2.83407753705978 4.65080571174622 9.06580644845963 0 7.98529201745987 0 2.91799512505531 2.48035979270935 0 0 0 0 0.815336525440216 0 0.920320868492126 1.90791821479797 9.91832256317139 0 0 2.44939076900482 7.82008665800095 0 0 0 0 0 0 1.34653145074844
21.4382881224155 159.195617794991 66.1843278408051 0 0 12.5881376564503 174.529858529568 26.0455926060677 360.51122790575 13.8883964419365 1.38852855563164 1.90504890680313 11.6567849814892 39.1628671586514 7.14812278747559 0 41.0212539434433 0.338893979787827 7.3078685104847 0.72141820192337 6317.93915587664 4472.82578197122 10339.3019223511 3381.52048805356 10.2834184169769 31.9231857657433 7696.84780296683 4655.89429372549 89.4954989254475 305.631695568562 2.04177111387253 0.396812230348587 21.3633243441582 269.662289768457 37.5956875383854 1427.49202388525 96.7660267353058 509.306060731411 355.783291816711 78.521862924099 10.6094210743904 3.7805278301239 51.2422102987766 0 17.5767031311989 5.01988345384598 0 0.972655892372131 0 3.03597593307495 5.35912516713142 65.4834823012352 0 0 0.397121697664261 32.4359882175922 4.2828893661499 57.4767404794693 3.76789715886116 0.469102799892426 0.482394516468048 0.799906015396118 10.2076591253281 0 424.138909637928 6.43364298343658 0 1.45857039093971 1.41913217306137 127.727069556713 178.901282519102 508.161344707012 157.486181825399 0 9.63158950209618 223.953021585941 180.883549839258 14.5652964413166 52.8526252508163 0 0 4.61582198739052 15.6954305171967 12.2198978066444
170.438263982534 160.253701657057 2993.23900383711 0 0.530558466911316 31.0675197839737 103.055124402046 221.817442983389 25.5299601554871 8.55563667416573 457.541576743126 0.924601912498474 21.9527881443501 392.82155379653 0.424011290073395 41.0212539434433 0 314.195975720882 7731.34588739276 1.5785271525383 1772.73802435398 104.702689915895 8247.63213688135 44.0906111001968 29.7906694412231 7494.54802423716 2163.32297003269 159.346681535244 479.022000521421 1423.13592129946 9.92544764280319 4.2319895029068 94.3691938519478 1579.63658362627 11.3756945133209 280.785735249519 101.573863863945 732.402882367373 142.152067571878 19.1996167898178 8.40864986181259 4.1951579451561 5.19787752628326 9.29011881351471 9.27529984712601 1.1945823431015 0 0 0 0 43.9548079371452 48.8134604692459 0 0 0 1.62382829189301 0 4.09535050392151 0 3.34002661705017 0 4.0229080915451 0.654455006122589 0 11.9932043850422 8.78368479013443 1.99108332395554 19.5959649384022 0 1.83126419782639 11.6996646523476 39.0262554585934 5.01614391803741 4.91119992733002 96.8807243704796 171.554572224617 5.48543214797974 0 2.7163410782814 0 0 0.740075767040253 4.8139853477478 1.38492071628571
2.08937978744507 92.2701890468597 58.9937198460102 0 2.88367986679077 7.72028303146362 0.987103015184402 17.2773112356663 8.59089934825897 6.27335959672928 7666.83847889304 0.427696615457535 530.648817807436 18.236405313015 0.932284593582153 0.338893979787827 314.195975720882 0 5307.69809189439 1.74750304222107 8.99415382742882 17.1723446846008 28.9292611777782 5.08811411261559 467.023113280535 9148.77288016677 1819.43679374456 4.14493015408516 15.6441879272461 12.8575538396835 281.360590279102 5.24693018198013 0 393.15404933691 1.47701615095139 87.5696827471256 133.371912151575 605.901121258736 51.954885661602 4.85141095519066 2.19005692005157 15.0324764847755 3.43028992414474 9.73520851135254 24.1279429197311 1.40637016296387 0 0 0 0 11.3827216029167 2.18846195936203 0 0 0 2.57572185993195 1.27242529392242 0.797627091407776 0.681180477142334 35.7484133243561 0 157.934689044952 0.783502817153931 0 0 6.36279404163361 66.1165612637997 35.2576194405556 0 0 3.6029646396637 0 0 142.999859362841 314.374770134687 200.501091182232 1.03667595982552 0.655634045600891 1.01200664043427 21.7566821873188 0 0 16.0286466777325 0.449465870857239
14.7744970321655 393.762020230293 421.61793461442 0 5.06428837776184 3.83182948827744 17.4408087134361 39.6686408221722 32.1662504673004 4.34205654263496 5227.59861707687 0 223.186638474464 66.5704821050167 0 7.3078685104847 7731.34588739276 5307.69809189439 0 0 86.8388769328594 61.2243357598782 297.205981999636 15.2897335290909 303.784495770931 14324.680057615 4637.23526802659 30.3569887578487 48.7479369044304 93.9431885182858 112.826731801033 12.8251058161259 9.09084415435791 1663.18522742391 4.39842215180397 316.772777527571 245.203675627708 1524.55702573061 221.984869003296 17.9361799955368 0 0 10.5515015125275 13.0840237736702 36.2912356257439 8.79075759649277 1.46736514568329 0 0 0 112.26574999094 32.5218753516674 0 0 0 1.9546172618866 2.84040927886963 0 0 13.427638232708 0 45.6978334188461 0 0 4.11324352025986 18.9919332563877 22.2259078025818 53.3622364997864 0 2.32230365276337 4.3244776725769 6.18023145198822 3.6206396818161 84.2707425355911 332.094989210367 360.048793256283 0.921874076128006 2.31476402282715 2.20074769854546 5.97998332977295 0 0 22.9769488573074 3.47722467780113
20.9192138910294 0 2.22172069549561 24300.3478059173 6.50684115290642 470.41027879715 96.9549254477024 202.812289178371 251.778693437576 16680.3426086605 5.71823400259018 19796.9034178853 1.76167026162148 108.89871481061 142.048655331135 0.72141820192337 1.5785271525383 1.74750304222107 0 0 3.42109200358391 5.30773568153381 3.56245023012161 1953.38395410776 0.625586032867432 1.34859558939934 3.91518479585648 3863.79317691922 51.8603740930557 10.0140699446201 0 6.91129940748215 3.87594801187515 32.2477107942104 2.27310001850128 60.483644425869 0 47.4260850548744 12.0428460240364 347.946344614029 10.6550810933113 0 14.7641710639 0.335789442062378 0 0 23.5680625140667 0 0 0.40834367275238 2.92104050517082 0.536763250827789 22.7250955104828 0.456141024827957 18.0044748783112 13.7441940307617 7.17677116394043 28.800886631012 61.4751559197903 0 38.893319606781 0 0.520780265331268 4.22363352775574 0.883919775485992 0 0 0 9.85126161575317 0.416305840015411 3.56314063072205 0.999121248722076 63.0772098302841 0 0.613201320171356 1.33441367745399 39.1883774697781 1.65406024456024 0.546266257762909 0 0 0 0 0
423.452351003885 29.7195360660553 1704.9771335721 2.10556447505951 1.71346163749695 130.40135332942 1297.52137416601 597.867024093866 339.645959973335 97.8226388692856 12.693101644516 7.17042745649815 15.2174912393093 923.871598035097 6.03594064712524 6317.93915587664 1772.73802435398 8.99415382742882 86.8388769328594 3.42109200358391 0 757.032953977585 22615.0683141649 1298.72660428286 0 489.620098501444 1151.54290509224 12116.753875643 981.26996421814 17918.1753304303 1.83856743574142 6.12641975283623 236.738929957151 5044.89385408163 114.303135216236 4188.43026679754 212.063255488873 2915.30185717344 1253.35348951817 271.57721555233 56.9736305773258 5.19193485379219 40.9894268810749 2.62949478626251 18.3313038349152 10.9686487019062 4.36806157231331 0.712988555431366 0 10.5208331644535 3.14032638072968 34.5450223088264 0.990640103816986 0 5.01424556970596 33.7145292460918 1.83281311392784 51.2170082330704 5.99826151132584 0.90030163526535 2.23479562997818 0.268843531608582 5.90625140070915 0.86851555109024 137.126622855663 8.63043838739395 0 0.708459079265594 0 88.4519316256046 94.4821503162384 177.263914644718 154.001988708973 0.448827296495438 5.20316472649574 99.9945279061794 180.918072938919 21.8913034796715 71.1949452161789 0 0.38770192861557 7.7506355047226 18.933341562748 35.7632525265217
35.2406087517738 2812.99302017689 540.016255348921 2.31727701425552 3.32336151599884 19.382477581501 185.151806503534 59.0810680091381 4948.8851531446 26.1469560265541 39.6756160259247 40.8023846447468 256.034539550543 91.4603818655014 89.1718951463699 4472.82578197122 104.702689915895 17.1723446846008 61.2243357598782 5.30773568153381 757.032953977585 0 2371.26525038481 7815.08746758103 397.310218662024 243.912005007267 7045.35075899959 1550.94894596934 114.516617596149 299.801964193583 6.97234493494034 0 52.6614469587803 189.43271920085 28.2811288237572 1088.28734779358 195.451533913612 812.37938913703 479.703308850527 175.695923864841 14.3741170465946 4.56966921687126 42.4930264353752 13.9509400129318 26.5262976884842 10.6204206347466 1.99491769075394 0 0 1.60401210188866 34.4495756030083 114.49488851428 0.675082206726074 1.46707272529602 7.72789362072945 27.8763554394245 3.53051337599754 71.9566093981266 11.4392205178738 0.959183156490326 2.68422079086304 7.73649781942368 4.62680402398109 2.31604152917862 400.63354960084 15.0201123952866 0 9.5275950729847 0.889188349246979 88.6752896308899 249.830715417862 587.851593077183 111.497773230076 2.11956870555878 21.2724702954292 517.624098211527 103.997227996588 9.61939293146133 40.330807030201 0.508283913135529 0 1.00812324881554 17.2149156332016 18.4567756652832
614.342343211174 115.643850833178 14320.1345860064 5.90757754445076 4.67979782819748 157.281416922808 1471.16724440455 784.481710582972 286.059622585773 143.796808689833 40.079623401165 7.10919940471649 39.5772787034512 1304.75922721624 8.75025135278702 10339.3019223511 8247.63213688135 28.9292611777782 297.205981999636 3.56245023012161 22615.0683141649 2371.26525038481 0 1058.67714235187 12.1812338531017 2292.4461247921 11120.705668509 6842.96176850796 1127.81149640679 7148.95208474994 3.95732018351555 9.75630369782448 278.338124871254 4028.73923009634 208.667329579592 6631.73258820176 725.377368479967 4809.41171827912 2794.09715330601 492.918752104044 63.2646378576756 20.3016055226326 62.8999703228474 21.7325787842274 31.4362114071846 21.676313072443 3.48867976665497 1.89175111055374 0 5.77976715564728 26.7141545712948 248.955278098583 0 0.662973999977112 3.89997574687004 54.2227985262871 9.90757262706757 43.7231998443604 7.58640202879906 1.08556830883026 0 1.36388421058655 13.9436729252338 3.58856582641602 643.887765437365 26.4808085262775 2.2331395149231 4.86522060632706 0 122.060879617929 245.6473338902 1216.18077155948 162.294680655003 0.637073338031769 24.5320098996162 1031.70134752989 156.930037170649 16.1698539555073 79.7533138394356 0 0.35486364364624 3.02690425515175 25.3551843464375 124.211684286594
288.972175508738 536.034708976746 132.424770891666 1925.43622031808 36.4213129878044 439.227335482836 3917.1639970839 529.778625279665 14071.2239308059 1473.16279426217 19.6423509716988 1267.84719139338 49.9282179176807 685.0310972929 835.87591573596 3381.52048805356 44.0906111001968 5.08811411261559 15.2897335290909 1953.38395410776 1298.72660428286 7815.08746758103 1058.67714235187 0 71.8903341889381 81.4087195396423 1676.7260518074 33662.9632776678 877.926977455616 2121.77066901326 0 18.5658733844757 314.581058949232 593.239895910025 64.2323296666145 1869.16117987037 57.9871187806129 758.248256862164 246.624512881041 1165.38359692693 52.1426977515221 4.43742889165878 177.064188450575 8.04516366124153 59.2602023184299 15.4625769555569 116.815327972174 2.79464662075043 0 23.8887428343296 6.0792096555233 42.6841465234756 87.1017037630081 2.03136664628983 91.3924297988415 354.670799285173 62.8032859861851 357.607830345631 412.378065645695 3.08611881732941 114.768283486366 1.07117626070976 49.0142533779144 23.7535984814167 187.834455907345 6.72831201553345 1.04595893621445 2.35218018293381 65.7522208690643 116.384934574366 110.496905118227 248.764358043671 1062.5320084095 1.0328825712204 6.41396349668503 123.595847100019 843.321148902178 76.6342832148075 156.415747374296 0.518790900707245 1.10746330022812 21.5133327841759 71.5345532596111 20.2861007452011
0 1890.03936547041 8.32501065731049 0 1.64515376091003 2.35203671455383 3.55689883232117 11.1623955070972 199.161274641752 0 1409.01497513056 1.38048732280731 9164.11263906956 10.1955015063286 0 10.2834184169769 29.7906694412231 467.023113280535 303.784495770931 0.625586032867432 0 397.310218662024 12.1812338531017 71.8903341889381 0 1570.49729481339 3311.67904672027 11.0119333863258 14.3758422732353 5.11480087041855 245.01070740819 5.15582567453384 0 211.096346497536 0 33.5797034502029 453.510161727667 514.60558283329 17.4933788180351 9.89709511399269 0 271.432367324829 2.7856183052063 107.474386453629 59.5075450539589 1.86660182476044 3.4166072010994 0 0 0.792409181594849 93.5585524439812 7.34735602140427 0 0 0 0 0.917881786823273 0.568185269832611 0 169.95015245676 0 494.759239137173 2.27380776405334 0 2.62038147449493 11.0154918134212 116.224994152784 93.756544649601 0 1.57702589035034 0.892092168331146 6.60282891988754 0 476.658746063709 508.142627924681 509.515692830086 0 1.17289459705353 3.45752286911011 40.3049284815788 1.8384176492691 0 16.0347089767456 0
128.768330603838 1423.56931072474 18941.5041369498 2.4705256819725 8.83668184280396 58.4077065587044 173.809258878231 219.098532408476 111.815291792154 21.0250931978226 11883.9210963547 3.79386022686958 5215.34288278222 344.184008181095 6.28684741258621 31.9231857657433 7494.54802423716 9148.77288016677 14324.680057615 1.34859558939934 489.620098501444 243.912005007267 2292.4461247921 81.4087195396423 1570.49729481339 0 37889.9048355222 200.806674569845 187.976228684187 525.066202014685 3968.40055504441 19.686672359705 37.3437117636204 1812.21583923697 15.9317255020142 714.338828384876 664.278996050358 2808.04748150706 455.666549652815 36.503664702177 11.8809327185154 32.9216768443584 61.3661163449287 77.5977063775063 173.315616726875 50.166573703289 0.406530022621155 0 0.805812656879425 1.6584974527359 463.625192075968 169.490943014622 0 1.34186184406281 1.816266477108 5.61607593297958 6.32000464200974 4.44946819543839 0.869236528873444 129.431218087673 0 363.675640612841 7.72490140795708 0.416607171297073 16.910556614399 113.870525509119 209.510899752378 336.726590901613 1.48085385560989 20.5348617732525 13.6172684431076 32.8302204012871 5.73714911937714 484.670282185078 1659.06370890141 1864.03721010685 11.6114389300346 9.72493004798889 13.5420611202717 65.8753160238266 0 0.659060776233673 94.2959728837013 17.1403694152832
93.270589441061 6006.26356077194 11200.6485668719 3.61803051829338 6.28953346610069 46.3154837787151 352.66827583313 179.634749412537 1314.37752485275 45.9215923845768 3461.6088989079 23.459506124258 8525.45805591345 235.297907322645 35.0191136598587 7696.84780296683 2163.32297003269 1819.43679374456 4637.23526802659 3.91518479585648 1151.54290509224 7045.35075899959 11120.705668509 1676.7260518074 3311.67904672027 37889.9048355222 0 1788.90374952555 196.083445817232 568.734531253576 3676.39884069562 15.9638846814632 47.1218740940094 2276.72941493988 85.807347714901 3486.94688117504 1275.61071130633 4858.81444475055 1824.39296248555 184.922075867653 36.4627225399017 52.9500315189362 242.421809703112 167.998317033052 308.289981931448 123.937974661589 11.1329000592232 6.41095381975174 2.06539386510849 9.91029584407806 841.041368424892 1392.5461435765 0.871362328529358 0 1.62621283531189 82.3833022415638 18.3782608807087 30.8083395659924 6.03645697236061 126.435527414083 2.5350216627121 259.764765828848 25.2389450669289 2.25323790311813 530.770533949137 350.423540890217 149.148025900126 371.319774627686 0 105.879138082266 419.781504541636 1455.26229143143 152.258030354977 383.14957767725 1846.12035670877 5322.03417816758 115.319977998734 20.0127259790897 74.0557315647602 46.6213280856609 0.891326248645782 2.29701954126358 152.203254550695 81.883324354887
675.473942071199 111.937310487032 853.529320031404 14157.6153539419 19.0583694577217 1409.97268009186 19782.8605515361 1258.3381741941 3192.34615063667 13281.7726356387 21.1214640140533 1501.10561326146 34.6059898436069 1648.98043638468 236.879243761301 4655.89429372549 159.346681535244 4.14493015408516 30.3569887578487 3863.79317691922 12116.753875643 1550.94894596934 6842.96176850796 33662.9632776678 11.0119333863258 200.806674569845 1788.90374952555 0 1608.76939737797 12910.4107905626 0.454782277345657 22.7214036285877 482.996914446354 1912.71083703637 126.468398213387 4135.63032025099 155.416208088398 2088.31558847427 695.192847281694 721.252393782139 84.078340023756 9.85573574900627 177.914482563734 5.08554267883301 50.3806366920471 16.127622872591 136.976829379797 2.64083451032639 0 26.6230583488941 8.2392415702343 61.1948012709618 170.97381991148 0 124.84197691083 439.01232022047 69.5561775565147 348.107658773661 506.303577721119 0.496981978416443 144.427882015705 0.538738429546356 60.6026962995529 39.3869687020779 196.649194926023 3.50084707140923 0 5.33589720726013 88.9618156254292 164.326503813267 118.655345022678 222.956528306007 1240.59337183833 1.98941665887833 5.24740692973137 151.954503327608 1004.89981508255 82.852360188961 163.207401037216 0 1.56046217679977 21.7146010696888 49.9850190579891 50.4959770739079
9858.27981412411 9.23048049211502 297.357233852148 68.3973347842693 149.174275040627 991.062332063913 3099.13186052442 3177.44288560748 316.514185905457 705.058731347322 264.61050850153 86.2419905364513 52.9311868846416 12161.936078012 25.9197701215744 89.4954989254475 479.022000521421 15.6441879272461 48.7479369044304 51.8603740930557 981.26996421814 114.516617596149 1127.81149640679 877.926977455616 14.3758422732353 187.976228684187 196.083445817232 1608.76939737797 0 8536.53039005399 2.9782190322876 1494.74637132883 10380.7302643061 2876.04996326566 40.9671939909458 1384.54560515285 40.1203606426716 1824.8204729557 212.59157910943 729.121971726418 455.782628625631 16.2874643802643 10.8834085464478 0 3.85787472128868 1.85236120223999 1.57667374610901 0 0 0.421912163496017 0 7.52165901660919 1.76249241828918 0 6.58420145511627 26.2013640403748 3.45196232199669 17.2623287439346 14.845710515976 0.66128134727478 2.78614646196365 0.986474096775055 6.96653142571449 0 8.87105503678322 1.34896695613861 0 0 4.44983851909637 7.19403290748596 5.7763480246067 14.1253071427345 76.9692304134369 0 0.743809401988983 17.678571075201 75.133410513401 8.57214078307152 22.2423293292522 0 0 3.69879677891731 7.2204387485981 14.6198881268501
4077.17718595266 27.2791845500469 1352.04286319017 10.6996680796146 16.9468285143375 293.434861540794 12709.8758748174 1712.48216933012 742.124052166939 195.165337353945 37.5644587278366 16.8076740801334 13.6743659079075 4193.77015414834 35.1075668334961 305.631695568562 1423.13592129946 12.8575538396835 93.9431885182858 10.0140699446201 17918.1753304303 299.801964193583 7148.95208474994 2121.77066901326 5.11480087041855 525.066202014685 568.734531253576 12910.4107905626 8536.53039005399 0 1.04275631904602 24.3137262761593 861.118540495634 4687.81979629397 65.5255978703499 1665.84249985218 88.5315253734589 2009.52119317651 481.142135083675 166.826482325792 65.5827580392361 5.63380408287048 37.3686519861221 6.0615668296814 12.8032326102257 4.74587643146515 1.66077893972397 2.20287135243416 0 4.20449596643448 7.59441685676575 24.7425884604454 6.613430082798 0.382523536682129 4.40328204631805 57.0967074334621 9.32175633311272 55.2593441903591 15.7802628278732 0 2.59734672307968 0.922828197479248 14.1473194956779 0.735839068889618 49.7242580354214 7.56043094396591 1.18424665927887 1.51374608278275 1.91542220115662 25.263310700655 22.0089634954929 88.6971079409122 170.996195703745 0 6.9856875538826 74.5496464073658 168.722444593906 12.9405182600021 47.6405395269394 0 0 1.89385852217674 10.0024645030499 20.3135127723217
0 56.3408136665821 7.65070527791977 0 0.555860221385956 1.72247996926308 0 3.77394905686378 8.51711919903755 1.15058267116547 1679.12603852153 0.307245641946793 8705.2586119473 4.83116874098778 0 2.04177111387253 9.92544764280319 281.360590279102 112.826731801033 0 1.83856743574142 6.97234493494034 3.95732018351555 0 245.01070740819 3968.40055504441 3676.39884069562 0.454782277345657 2.9782190322876 1.04275631904602 0 0.473000109195709 0 61.1125838458538 0 13.0208666324615 50.7009010314941 161.252623528242 12.2029424905777 6.07145544886589 0 14.1996043324471 2.04517459869385 7.72522819042206 13.7185860276222 3.54909694194794 0 0 0 0 6.03262168169022 2.01556611061096 0 0 0 0 0 0 0 20.7570101320744 0 66.6525436043739 0 0 0 0 24.6032272577286 22.3364588320255 1.2493884563446 0 1.77667623758316 0 0 67.5201169848442 93.511917591095 82.7870664596558 0 0 0 6.4341835975647 0 0 6.06773287057877 0
36.44976323843 0.4493468105793 4.89774566888809 3.66686302423477 3150.33167761564 2735.58341477811 54.4699082970619 2208.58273744583 2.42995324730873 47.2369075715542 155.553662091494 17.4730454683304 55.7599373161793 1511.86868950725 100.859103441238 0.396812230348587 4.2319895029068 5.24693018198013 12.8251058161259 6.91129940748215 6.12641975283623 0 9.75630369782448 18.5658733844757 5.15582567453384 19.686672359705 15.9638846814632 22.7214036285877 1494.74637132883 24.3137262761593 0.473000109195709 0 4.97821423411369 1620.58682590723 3.93681412935257 150.877913802862 7.27607622742653 293.899989634752 39.393102824688 768.510891467333 1790.33855724335 15.7419499754906 0 0 0 0.862711429595947 0 0 0 0 0 0 0 0 0 0 0 0 0.435757011175156 0 0 0.517757952213287 0 0 0 0 0 1.33347511291504 0 0 0 0.48933008313179 2.91810616850853 0.715751647949219 0 1.82408276200294 0 0 0.867418229579926 0 0 0 0 0.565688729286194
314.493863284588 2.40723413228989 43.0878195166588 5.69500449299812 0.95114129781723 13.545166939497 249.898091584444 39.9860107302666 114.81495153904 39.3233397901058 7.11022025346756 1.69858422875404 1.87739214301109 191.756110459566 0 21.3633243441582 94.3691938519478 0 9.09084415435791 3.87594801187515 236.738929957151 52.6614469587803 278.338124871254 314.581058949232 0 37.3437117636204 47.1218740940094 482.996914446354 10380.7302643061 861.118540495634 0 4.97821423411369 0 1123.9643355608 10.1726601421833 280.503696471453 2.73738038539886 597.391950011253 58.1374787688255 23.9105730652809 10.0011699795723 0 2.32075226306915 0 1.60432869195938 1.21549153327942 0.632716655731201 0 0 0 0 0 0.881987035274506 0 0 4.27871724963188 0.597917199134827 2.47344952821732 2.03585627675056 0 2.9097375869751 0 0.512863874435425 0 3.89325624704361 0 0 0 0.544871747493744 2.21958535909653 3.00247347354889 6.0432160794735 29.1755389273167 0 0 2.83892065286636 18.6168766915798 0.773483157157898 3.48995199799538 0 0 0 2.00101190805435 1.97907996177673
