0 126.462338179631 91.1970346322201 89.4606362499587 79.4112014335664 65.5632766844793 32.9365403347233 43.1904953010085 68.2761964193945 68.229226764113 99.7579921604654 85.4915169916308 107.758645614576 18.8371035954019 75.7152111698772 96.4141475148019 97.9624221755254 158.74497749023 127.343380703293 87.6986941719103 75.852137090674 90.9024744662338 86.4275393286962 75.7181516432927 0 114.983597259549 115.826560444163 73.1672589102129 20.3672600709317 37.6852870276447 0 88.215180176362 38.6051484702532 56.3416733008359 114.23757880414 68.0318835153681 95.1180050398776 62.8478266074779 81.2474209231609 46.263783228631 65.4938087058204 0 186.422738886997 0 156.302477681963 146.474624633789 153.341195080154 151.250747680664 0 0 0 140.713429447287 123.733669272412 0 164.209834369306 126.545592676823 136.508987426758 81.1491014384917 161.784212262897 0 130.509201049805 0 150.160872878258 166.343276977539 140.460040615279 159.919006347656 225.819198608398 0 0 155.904179884966 0 166.799189026923 124.701896225692 0 179.838373021509 167.282280520203 146.073997971647 152.091814559095 140.35942722109 0 190.608764648438 0 127.04866027832 147.749330890081
126.462338179631 0 43.8288057051178 114.445402235035 135.155563354492 131.110137939453 115.598281725103 144.416114164589 70.0464064180603 137.230117775401 66.514377162746 97.7516463421803 44.9763371543164 134.385706117567 105.404635889983 59.2558619898282 55.4341537199295 70.3293139881694 53.9778276736567 0 90.6109604456829 26.8564669725457 73.9807267713218 79.6519301222538 25.3538675427356 43.4001578437071 33.9285273509052 100.28816550736 128.011874217529 111.744576603316 68.9336984537435 112.014266967773 98.9689130766309 58.1110331970887 158.508577186856 79.0798128753672 54.397261940213 62.7557006658549 65.2522965290575 95.6569945253538 89.7429165321098 57.1198503335187 88.2195093483226 61.3539336838823 70.5500730326824 74.9182562452529 114.600985301458 0 56.300407409668 154.871621204484 16.9721035610662 57.9512271507604 0 0 119.393218994141 127.982154727042 0 97.3368941332203 179.920662095182 99.7436520718125 134.404853235542 80.1179599501141 157.750835432408 105.200042724609 102.259827475282 74.726969034531 105.664949988061 74.8154561864285 0 118.217222414961 35.0237363047257 89.4412038056166 119.541422567743 61.8093895601794 61.7257582742925 55.8707978750689 103.637400450489 128.36637890531 116.995837592852 148.17091540347 0 131.360610961914 96.8153799666913 145.221642150454
91.1970346322201 43.8288057051178 0 121.870562481988 154.864433050161 116.170933103417 95.1829998263368 115.855417958972 87.7892083608442 110.768614726996 92.3318756238555 129.049417697449 102.794178006493 108.059509967256 116.333357125856 76.0128711266427 34.6798153585979 87.521375461881 61.6486984471397 136.120268586841 57.8414554546221 44.4311956548314 32.4969235877957 99.5765629543108 79.7248202487044 26.3571316750043 31.6061148095382 75.8951354052649 101.7474351168 73.0549671034639 114.0766996402 161.451517448571 93.6189272527084 66.1806634982509 123.410427419148 68.5705302915294 49.6971378932026 57.916234579318 60.4023169849702 90.7523385995897 96.4971087043157 153.710181693046 116.569780407337 103.082861537438 102.98260652626 109.65567665723 109.925229519614 0 0 146.972248192832 62.8071367897826 88.7180258929203 0 0 169.938625669409 139.594385594685 162.689927847177 120.797402649622 169.787640894232 168.623480509307 175.980139680656 124.487258871633 151.687075350358 0 93.3749542081602 109.144132138565 137.390009436115 127.3930325836 0 126.211136519902 60.2780341385037 100.646479585413 141.734658052659 100.162972617379 108.459352840154 87.1865069152167 148.933026234907 170.547949612124 123.706395949895 0 0 152.981921593371 107.030002287011 143.524110967972
89.4606362499587 114.445402235035 121.870562481988 0 103.53701292186 63.2332871518356 50.0660197806903 90.348660341211 58.9005497603235 19.410015290229 168.302642822266 37.9334049281774 164.882247924805 98.4459886334785 71.0703334621245 0 0 0 0 11.1777499511486 112.392840663104 80.0563571656771 114.891902576341 28.9694481360513 0 156.485069493864 153.859482958124 15.8990957509437 103.651903073394 109.050368384754 0 140.14216550046 104.170139514709 100.937656425758 154.051272111068 93.2108861292103 0 95.5537509446664 107.653218667025 66.0838269465595 106.972357686042 128.264068603516 89.1422947820776 0 181.992019243895 159.448112249288 105.726305690559 183.696136474609 0 0 163.365631103516 0 52.5752942105883 152.175704956055 138.520011023197 141.587007032575 150.408735012909 90.1642003412481 134.73490478562 0 69.420325696425 228.807754516602 189.578168739871 117.931451811216 141.429421544155 0 0 0 41.0866647572098 159.932087045835 138.519931588989 168.009974530574 116.232288743875 186.186904907227 0 160.331055933003 135.619985384365 175.32112825711 160.166186291046 0 0 175.215621948242 206.236282348633 0
79.4112014335664 135.155563354492 154.864433050161 103.53701292186 0 12.1215239868557 108.597007084528 24.9255140120442 59.9001667516895 112.233086450867 54.345469169216 55.8780900892811 64.7664721372404 41.3165470951519 17.3423832825091 0 157.545593261719 70.8454048412594 69.6960377034907 83.1674644934311 126.872939490525 98.7307306030985 126.707271455285 78.7998151004848 91.1272045535918 80.4904436853502 135.301863756686 103.910871482322 30.2049773231715 122.571867037738 84.1125793457031 13.6327950697093 146.1318359375 13.9637222513202 51.8317773801187 65.3972100343684 53.199291229248 35.7245579578036 45.634993119798 13.0951647681965 10.2195573071022 47.3152275990088 101.101553735876 0 147.942749023438 46.6027937704528 32.751949478175 0 0 0 0 0 0 29.8057918548584 114.31974029541 149.062885141291 0 0 146.531356811523 87.5836486816406 106.092292785645 0 227.415817260742 28.4554824829102 0 90.4198532104492 0 0 0 0 0 118.487998962402 104.613082885742 0 0 104.865447998047 127.09742518406 0 0 0 0 0 0 77.5807648263523
65.5632766844793 131.110137939453 116.170933103417 63.2332871518356 12.1215239868557 0 48.6222263060766 21.2259020110235 66.9871783149183 23.6362867202317 68.3648092610721 27.598730881703 76.5502004767252 43.1704592890203 18.5549198927568 124.857886067063 132.779557221702 87.014939866007 92.4435257278777 46.3011784783106 101.209864717572 109.697128327012 108.688707213028 73.9953547210653 71.6716883827362 124.963857871159 136.806334753513 58.4746996892985 42.6184600213357 84.7526919328621 144.337664272373 22.6765658148259 97.6626791434021 30.9054975860394 124.397441926359 84.56453411303 88.6361672345525 55.9485530357887 67.3180289579263 18.3206625201417 22.3173430843313 68.8347582829646 119.764524995948 0 149.791055892059 0 109.230529885673 191.091598510742 0 172.158486212855 143.665100097656 190.291523693634 141.603900739071 0 149.005617461023 141.863418367453 169.880882054501 90.768448784366 151.60149988166 0 140.498718615506 0 153.588224504102 142.481299874908 137.404818239288 0 0 0 143.092592724981 170.992097527903 137.561062664573 171.996312527029 118.596394157381 0 200.212799072266 166.408776987291 144.262015388687 168.854218585138 160.079614699008 0 0 0 149.962665784361 138.011981121372
32.9365403347233 115.598281725103 95.1829998263368 50.0660197806903 108.597007084528 48.6222263060766 0 59.0159750545019 55.2470658525126 21.6327180435799 136.419102849726 49.7805352314702 112.340278991809 43.799744088603 74.5822592551909 83.5102789452678 113.983164759926 134.032268079582 148.600485503451 56.7774199942414 70.7068932451679 82.3216384776713 81.7669495175855 52.7744412897686 137.577901782552 122.104774876654 104.852427936514 41.0525194232088 60.2217505543976 27.5722976842115 0 119.993676857449 72.7755986974388 78.9690188653702 133.023268199494 77.4845885450926 96.9060737910245 80.0724444723765 90.3218603962872 72.9335386435202 87.597179706188 117.714725358255 124.97002496599 143.287607275436 157.769876906365 136.506582254449 95.942569074921 160.561162886327 0 143.167096234646 134.392859972535 156.840625875957 130.140299361547 111.309844970703 138.984799349476 127.522545485537 145.569038407523 76.0449632704129 136.713992924019 194.809661865234 111.620576126173 0 155.082513022613 111.90005983548 139.552627974969 189.459014340279 0 0 126.181567415392 146.633024900534 105.884516379983 150.928457459461 111.027139364076 0 194.81016762345 156.672942086484 127.273361546343 154.890019727153 138.325640991302 0 0 139.623614704663 147.180124951842 181.164364833639
43.1904953010085 144.416114164589 115.855417958972 90.348660341211 24.9255140120442 21.2259020110235 59.0159750545019 0 78.1433479278778 48.0965800251018 70.4291053272943 57.4532073460844 77.3814661213825 23.2811561420843 38.0564922398446 114.170870475569 124.35664765205 107.014910164441 131.727005182256 76.6509160324089 97.3946453551798 109.840672804268 107.15744405547 88.7444330640164 87.1635975432434 128.6363171939 136.192273532253 88.6115924924588 37.6327243816671 76.6849285144564 104.630756597032 24.9277500951452 86.6458396040269 45.5148227832416 129.794593063656 82.2591651551122 96.4014926746768 60.6440440741664 80.5910137791915 34.6942510564037 31.9468869816399 65.8900870273368 167.22972741445 143.691298148985 161.820978594082 168.298889160156 122.051931143214 177.434646606445 0 177.064677372079 0 177.581054820666 145.014348096237 0 158.142942358691 145.884829081487 166.267814130355 100.145935179475 159.002857676763 0 125.649605096689 0 167.481042768503 140.754026779776 155.445641259266 196.40225222105 0 169.767852783203 147.257325942653 157.759644908363 132.166332547682 173.378184988893 135.010206406642 0 197.476199527052 172.232471905783 148.617329012853 159.65021291995 161.278280091195 228.100982666016 206.701248168945 0 171.669897877862 158.130015750194
68.2761964193945 70.0464064180603 87.7892083608442 58.9005497603235 59.9001667516895 66.9871783149183 55.2470658525126 78.1433479278778 0 70.1304222545062 143.501135760176 22.5002819373107 117.039584472489 76.6088087119768 25.3526368985463 54.1519153965569 113.821552374447 146.263485407271 130.459281986614 48.0609385963091 61.8425638849857 28.1875684556429 76.1810274226582 24.8100021503207 99.6862388028329 117.940250630608 90.4022841782075 51.948024212014 78.607421212435 59.3280764726091 137.484236123944 121.093994184536 66.5617045568352 72.6945555870973 132.38782739006 66.6000966125141 99.8877433915965 81.2864488731156 88.3437848528095 20.9599032940249 82.5458415779156 139.202850341797 56.1975814933109 124.396668279681 101.283338530218 122.646003168183 48.724985737624 82.1465301513672 0 83.5150565745951 105.777389683788 116.36767807539 79.9603693589709 120.921897888184 83.9289868258245 80.954909428187 101.748952250325 24.0050027712811 88.4177263076959 0 52.4090777065427 168.020277330228 104.350817925719 58.3409003182084 80.9551042271525 129.992816947012 0 163.188106351767 73.3566626942156 83.1035127905796 32.939361259236 100.169735422934 56.5466112276575 0 147.025153053898 119.045280373936 79.321087613839 102.791388330504 83.5928167237851 0 145.489732988841 75.8919930116805 83.4689283032803 157.369317697623
68.229226764113 137.230117775401 110.768614726996 19.410015290229 112.233086450867 23.6362867202317 21.6327180435799 48.0965800251018 70.1304222545062 0 133.328433958245 26.1953478811603 149.863855169518 56.7392289442034 72.4612618113029 104.857921538051 153.47577632387 167.350352226159 151.16099832971 14.3619631417598 97.9260491023067 97.799123451295 103.644988101262 58.6621072784055 0 134.365388038406 134.325145199147 32.2388159439347 97.4979347108218 82.0702406074752 176.270172119141 125.235054385984 94.4125907712807 94.3474438226273 143.837452958498 91.8637437035845 113.588118039161 90.9439803859797 100.0419882392 69.8878878632445 96.3413619528329 140.327300026765 106.745097950198 190.03828834798 186.663539960209 175.183194086845 115.224388816071 197.963562011719 0 131.948059735674 193.629340658673 173.644092419461 146.492728160037 145.256033667218 150.945453415674 145.407454724368 159.647729643562 97.6854559869789 154.541873157406 0 123.285346224864 0 161.37577003322 128.749844022444 150.833702283268 201.832901000977 240.564575195312 0 137.005215766112 165.342822019287 144.602876979341 169.778769983754 121.925778747597 0 0 176.262073381571 145.328050837301 171.584818816967 145.065979175819 0 0 150.497974080231 161.36009420745 167.240955632686
99.7579921604654 66.514377162746 92.3318756238555 168.302642822266 54.345469169216 68.3648092610721 136.419102849726 70.4291053272943 143.501135760176 133.328433958245 0 134.633687619349 21.4140137503042 73.2047938113145 99.6968694198597 146.124466964733 56.9417412304272 22.3663206570208 27.4764308466153 139.453705685212 126.231193982103 104.647070683382 112.517989805888 150.3323660169 35.8348443654738 29.2205263510708 56.3683406799798 156.246803987529 65.1665569273894 125.540335268297 35.0861427446365 66.741700661914 82.983908674999 24.8434868889082 125.473344115416 77.3877702201136 34.8676707087804 29.406820409068 53.7035656728295 65.0212237446238 50.5147673465389 18.3192756447505 130.773147593999 64.0129825828055 103.767652931983 114.648674217755 0 0 53.3358001708984 0 74.8213867156436 141.235616855827 0 0 0 171.771591186523 141.332814229719 176.775784221369 0 84.914691977191 0 75.2635573104479 188.460441815334 0 171.238132654992 122.099924916912 98.2220224103739 107.767808781817 0 183.079794889055 130.080474853516 157.284057617188 190.352690033682 60.3696258868607 95.8900931279924 101.929624300669 222.958072920399 0 222.532974243164 99.3961871845825 0 0 108.144068857236 105.778595369924
85.4915169916308 97.7516463421803 129.049417697449 37.9334049281774 55.8780900892811 27.598730881703 49.7805352314702 57.4532073460844 22.5002819373107 26.1953478811603 134.633687619349 0 131.582552418966 80.2964580616075 19.4959088694647 112.420199592324 120.650148997736 151.829895019531 0 13.8572782049152 120.886637299353 64.1817037521691 135.757703183099 30.3944117700546 113.127883911133 163.977981091551 117.399084162381 49.1041732347275 100.985256731099 90.8760730444514 171.526412963867 100.906918893156 121.041831050143 97.4332874949183 161.7970324152 103.087423410459 132.625722441107 94.612906648416 108.030978829729 22.2102729521051 84.7822133860602 126.503799438477 63.574413607757 0 0 0 72.5452628929115 127.548500061035 0 184.034515380859 120.178082821588 0 111.716050864606 102.560293228417 111.699715992628 111.311358982633 121.255484343584 66.7352535603376 103.506088352194 0 19.7306241876885 0 127.533729834337 80.6089916480952 103.486106872559 0 0 0 46.4499876748998 176.370941162109 95.3048650267606 159.982162475586 87.134748530347 0 0 106.308601379395 120.377309578384 153.209590333235 169.877710013416 0 0 0 162.935470581055 151.972423991047
107.758645614576 44.9763371543164 102.794178006493 164.882247924805 64.7664721372404 76.5502004767252 112.340278991809 77.3814661213825 117.039584472489 149.863855169518 21.4140137503042 131.582552418966 0 77.8221874704 100.697364785008 110.22832520972 96.8135122919609 47.2105462907717 66.7444127000749 159.563382418524 105.392744919608 81.0404819054253 106.161964644177 128.586120784544 17.9850026772196 21.940281396441 25.8995213337022 119.746041654791 67.1211544837997 119.160501629799 9.62396346921473 68.1106958362544 80.8988052914868 26.5487597159272 73.3028747689064 31.1672953191362 21.4819840934216 23.6613858816945 23.2979480424653 60.4676485018029 19.756665644418 11.1426528904555 94.6364330569545 47.0564389692891 90.001864251932 93.7853907348193 198.981536865234 0 15.6429020634127 0 63.0181150095931 134.133711437878 0 0 0 176.091567993164 194.939895629883 161.183415864217 0 71.7604783116983 0 67.9771513670267 178.737487792969 0 0 116.554213511814 88.6837969062112 96.0342618014304 0 132.856567382812 108.959431090883 140.036254667842 205.651016235352 46.0262186866523 82.9618640456661 86.0326846756444 193.590698242188 163.811935424805 189.622757547726 89.5567856921785 0 0 103.397656081567 80.8648154774559
18.8371035954019 134.385706117567 108.059509967256 98.4459886334785 41.3165470951519 43.1704592890203 43.799744088603 23.2811561420843 76.6088087119768 56.7392289442034 73.2047938113145 80.2964580616075 77.8221874704 0 51.0247249540069 111.078650583308 114.121445610682 107.403117611337 114.652174941716 86.5492573776407 91.4052014839035 102.565743532284 101.634435326957 85.5120669042008 90.7737682534739 124.324686407835 131.55958224332 85.4969434473762 31.3795745562413 64.9786018383615 112.803459827005 25.207940709144 54.4741297642903 48.0185959039578 120.257084959456 70.7764232063041 102.050110786567 56.7548800920702 76.5646453446017 38.1914307878089 43.8067906354991 75.0668713667301 124.902764693907 117.924899274403 161.788498850945 153.659763404764 125.972906801069 0 0 145.176141192408 156.781899027819 181.863335082461 138.947613475518 0 161.452682953048 148.73739008945 151.932916154741 100.728297679086 161.474340891785 153.816143553027 158.622438089385 170.614679094649 175.263298990398 128.018843888459 150.483744161426 193.623088914938 0 146.554183959961 0 170.599227336977 135.14228277464 179.734630953795 134.54119964109 101.418284247828 157.865112304688 163.541676025825 146.112259273407 176.881909393328 160.178842027813 0 0 140.939158374783 164.897190853515 148.596609924624
75.7152111698772 105.404635889983 116.333357125856 71.0703334621245 17.3423832825091 18.5549198927568 74.5822592551909 38.0564922398446 25.3526368985463 72.4612618113029 99.6968694198597 19.4959088694647 100.697364785008 51.0247249540069 0 87.2373277866795 146.604385375977 126.926132202148 0 55.2425852276409 122.757571866496 73.9837338479363 114.351589543304 44.7498024452094 0 149.114533511238 128.623213744635 72.2519839049562 84.7376182010759 90.191034056882 0 41.0007349743038 0 54.5292619567797 44.6930406269864 95.5253418654171 0 87.2652167726361 131.627212524414 11.5227426136314 28.0599629230002 0 46.4030342102051 0 0 0 71.0034506507384 0 0 0 0 174.8037109375 109.600063848194 0 112.479566418346 0 116.724503949179 78.0084503877262 130.803276138959 0 89.7499493395604 0 142.689942655245 82.981970141433 0 0 0 0 131.995193481445 0 117.799896240234 131.649059037659 87.7472096612643 0 0 144.933285021064 126.608243392293 0 0 0 0 0 0 67.4394807021353
96.4141475148019 59.2558619898282 76.0128711266427 0 0 124.857886067063 83.5102789452678 114.170870475569 54.1519153965569 104.857921538051 146.124466964733 112.420199592324 110.22832520972 111.078650583308 87.2373277866795 0 98.6749995659613 124.475074768066 127.916967649798 100.604646190072 16.9655735333077 30.0809352437381 15.1926663228536 35.1923358956657 100.054509875186 113.616935879663 25.3630722272814 35.1263895367102 96.7653220543276 74.5594980368324 126.204143402073 138.371856689453 77.6887392264755 66.850501303846 130.629240514819 69.3844018475039 57.9066142071628 71.1743808403877 72.6158988818285 78.933753495413 99.0062657302242 103.518954314697 125.741615521319 0 124.847230591257 144.861001961009 0 157.276450222711 0 126.311148969302 102.08016926146 115.066606468995 0 0 162.342391967773 136.502131485927 170.744370190774 73.4936775979076 165.775103237234 203.736404418945 101.894454956055 226.968627929688 153.965722274754 0 91.2413263602263 158.64049082107 0 143.911499580167 132.54368267852 106.783331093257 55.3376424092639 98.313053344154 111.784455993892 0 160.465168720688 102.204764176459 118.061319316823 144.960389624657 122.542383273092 0 0 118.865676200915 127.886277487888 164.390499067826
97.9624221755254 55.4341537199295 34.6798153585979 0 157.545593261719 132.779557221702 113.983164759926 124.35664765205 113.821552374447 153.47577632387 56.9417412304272 120.650148997736 96.8135122919609 114.121445610682 146.604385375977 98.6749995659613 0 63.3832440706041 25.3129035323253 147.722810445676 54.2754700863788 66.9943798868636 27.5825962752594 127.044994792979 70.4701760479417 29.0379672607378 67.4472179896387 95.5234395320704 100.839236860128 69.2275736487278 91.1399507145139 126.78572854628 89.7665500459314 40.7547713145712 142.013662335616 84.7647784195219 56.6662539235413 59.4911177076501 69.7203492651787 99.0828125895795 124.665829397333 126.375833449184 139.578614593934 137.169936396545 121.728493400609 103.594062805176 0 0 0 0 70.2813540895985 106.369553361783 0 0 0 161.960677914217 0 125.663812900558 0 131.523846061759 0 128.704622214184 170.356552124023 0 114.275248573498 116.622845726724 143.908906337615 121.714273047022 0 153.475583109464 101.412685597834 128.888351527253 155.118354910572 87.9321762321047 110.010998590733 104.673017428197 182.351198182334 0 162.121082817725 0 0 188.691299438477 144.786539192998 145.358470271137
158.74497749023 70.3293139881694 87.521375461881 0 70.8454048412594 87.014939866007 134.032268079582 107.014910164441 146.263485407271 167.350352226159 22.3663206570208 151.829895019531 47.2105462907717 107.403117611337 126.926132202148 124.475074768066 63.3832440706041 0 21.3361260708594 146.391331765761 111.73092667989 105.577161320577 109.06683548926 150.973794673593 45.3613447019217 27.4041745234705 61.4531323483136 168.942057862747 106.006772055557 143.523438893593 52.3654603225542 86.8227335158424 0 54.1867025886436 140.755961198379 91.4230306405047 51.2579543255891 55.5061354707662 67.3546725078059 111.560248500448 71.6566794052042 60.1795999085387 179.303913024042 95.6329980468048 112.804856578745 115.476547241211 0 0 0 0 83.8971758474574 144.849192617165 0 0 0 172.518838104646 217.183990478516 174.166519165039 222.030624389648 99.2745825766974 0 85.1601324806757 220.507431030273 0 0 136.354730929077 102.830390807402 111.90613812139 0 0 119.000522997048 0 0 62.9880911043483 98.7990809058893 100.471601405544 221.530117744754 180.135299682617 206.319976806641 105.227004340521 0 0 131.059741449066 172.270172119141
127.343380703293 53.9778276736567 61.6486984471397 0 69.6960377034907 92.4435257278777 148.600485503451 131.727005182256 130.459281986614 151.16099832971 27.4764308466153 0 66.7444127000749 114.652174941716 0 127.916967649798 25.3129035323253 21.3361260708594 0 0 88.1123528587221 94.250284541582 71.7779896642041 140.845178355667 47.6493208971994 31.6461486415869 63.3777985803568 132.76703492074 111.60288959955 93.453549924302 68.8540261021106 90.6071999417881 115.698361357297 42.4061710560496 145.271502684257 83.4862220837713 52.7018774185858 50.0802246104567 59.6684164652889 96.3007469430067 0 0 127.84676073823 116.23900394013 115.659017343531 142.40584034698 137.062713623047 0 0 0 64.7589682837178 125.458166724576 0 0 0 177.625427487284 194.995175416123 0 0 102.713242710158 0 97.4555159755865 0 0 174.016066389985 124.135596174829 109.47586943289 113.184821163978 0 146.999905004963 119.837523898721 160.93994127746 185.068044973046 68.930554852373 102.241766960447 103.967807326507 192.548107149337 170.230464811929 171.633178058785 117.687824317001 0 0 119.887587950491 161.41342760505
87.6986941719103 0 136.120268586841 11.1777499511486 83.1674644934311 46.3011784783106 56.7774199942414 76.6509160324089 48.0609385963091 14.3619631417598 139.453705685212 13.8572782049152 159.563382418524 86.5492573776407 55.2425852276409 100.604646190072 147.722810445676 146.391331765761 0 0 112.53895591269 97.8827360897062 116.107930350921 18.4196827947092 197.726348876953 158.189136201698 119.066330047124 27.9245567949567 100.044520621383 110.659857622043 0 121.90358349073 112.540784166637 99.1060067709873 157.55345448759 95.6397752488267 0 92.2981161150339 112.115247655849 48.5307625540281 91.5376484749199 0 84.2013484362831 165.742126464844 0 0 91.5077091513662 0 0 215.616577148438 155.240393771322 184.417694091797 133.403203854991 160.42041015625 138.960450586133 136.691993724113 136.22565190092 84.5688276343983 145.437733922925 0 112.475152965054 0 157.096801757812 102.259741985791 218.063949584961 0 0 0 127.536313709681 183.466293334961 126.809818264807 192.622042817299 112.160486626706 0 235.136627197266 158.446163374722 140.733383578004 158.295770472843 119.045768737793 0 0 0 0 0
75.852137090674 90.6109604456829 57.8414554546221 112.392840663104 126.872939490525 101.209864717572 70.7068932451679 97.3946453551798 61.8425638849857 97.9260491023067 126.231193982103 120.886637299353 105.392744919608 91.4052014839035 122.757571866496 16.9655735333077 54.2754700863788 111.73092667989 88.1123528587221 112.53895591269 0 57.4082006353059 33.6813969503912 42.5445997543799 0 82.9485663641557 68.8603497860771 29.8563006801853 81.6474919082477 30.5061880285608 159.368611821024 140.208672522476 71.596889317612 36.9143217236411 129.447671651225 65.9166036047575 66.2984583853036 59.9758356605991 69.4110139595883 79.2975948763963 87.1452484062451 98.4375849190285 131.663667648019 139.168471523576 145.755984550164 136.116652318164 136.620331743813 130.107452392578 0 139.161908523506 138.143255597368 137.918481090488 150.145908051359 0 167.768528411745 133.00926886442 168.482864893483 78.5882388570242 172.741649237231 143.049089130049 157.769249583909 244.647125244141 153.779684246847 98.2121429443359 109.703105634896 152.594184721021 0 153.948348999023 0 120.646386635297 72.0082990313501 124.933472717791 113.337626528456 127.653930664062 155.983551338358 128.070950624331 123.828542159173 138.658137794445 125.97115146345 0 191.310638427734 126.87277833764 131.966829576833 150.744435556233
90.9024744662338 26.8564669725457 44.4311956548314 80.0563571656771 98.7307306030985 109.697128327012 82.3216384776713 109.840672804268 28.1875684556429 97.799123451295 104.647070683382 64.1817037521691 81.0404819054253 102.565743532284 73.9837338479363 30.0809352437381 66.9943798868636 105.577161320577 94.250284541582 97.8827360897062 57.4082006353059 0 50.4612131847489 35.1805014335472 62.7694575913731 84.2675432649153 36.941004504217 59.7368139811704 91.4746479794236 71.9493993999071 101.339221591995 0 77.4697058076746 62.6682165876637 123.630930394575 61.1803065468817 44.6621938700795 57.6394537956667 57.9372579443886 68.8163482353948 73.2023639920369 89.9493861862962 110.376131002675 71.9859572070529 108.309749877748 89.7029627010766 75.8270765773446 0 0 114.12111224722 51.3780383304465 77.5658203994829 119.725875854492 87.7295303344727 126.783403330224 120.908511616998 131.788775511306 43.9254885912746 145.624704474863 218.361053466797 120.756557373591 113.748272349689 126.379821770926 71.1855374625629 58.9883450295854 104.81662694969 0 149.323333538681 95.9421539306641 76.9280228322667 23.2034751223536 72.2207490534597 86.7096221663601 98.9324480008788 121.943933473418 66.1485286640031 93.1972780699187 132.823238828103 89.673697995472 174.03889465332 0 108.941330189521 97.6264486055633 143.682001066664
86.4275393286962 73.9807267713218 32.4969235877957 114.891902576341 126.707271455285 108.688707213028 81.7669495175855 107.15744405547 76.1810274226582 103.644988101262 112.517989805888 135.757703183099 106.161964644177 101.634435326957 114.351589543304 15.1926663228536 27.5825962752594 109.06683548926 71.7779896642041 116.107930350921 33.6813969503912 50.4612131847489 0 62.7595591589534 101.300546512269 63.8125280803618 35.1274667646081 46.2661951779932 92.8886672018813 56.1598586533025 142.062956245113 140.174747902075 82.2179685559026 45.6495431652992 128.792333804222 64.9861585626196 49.6927897812042 58.7229015632713 64.6294941541883 76.1887665385792 85.3344210313936 96.9659825471697 127.479176164868 116.190920400871 137.600094395325 126.097437838564 143.617632886496 188.785794590999 0 132.46558777896 98.514814800703 106.445358810238 0 121.249984741211 188.566469244383 145.543746688059 168.348990846848 97.9264087382489 196.499303968795 205.474258422852 0 162.67253112793 164.930324089312 117.403547516365 95.8649483703936 130.340997094335 197.616002227133 172.71458922696 0 121.088189836603 65.9036344509331 106.481438868993 120.28219607467 134.793701171875 157.613913744804 99.3932042654987 130.547015716167 160.74957771262 126.967276134542 0 193.038131713867 159.260887406177 133.351776462172 141.976240801525
75.7181516432927 79.6519301222538 99.5765629543108 28.9694481360513 78.7998151004848 73.9953547210653 52.7744412897686 88.7444330640164 24.8100021503207 58.6621072784055 150.3323660169 30.3944117700546 128.586120784544 85.5120669042008 44.7498024452094 35.1923358956657 127.044994792979 150.973794673593 140.845178355667 18.4196827947092 42.5445997543799 35.1805014335472 62.7595591589534 0 117.008681276114 133.161329451157 79.8287213172927 22.5222084669044 86.5131121119652 65.2529971858245 0 135.135731654876 72.2505138612632 72.3115813383179 133.235861465364 72.0852084258755 88.1759409435133 81.8863074566723 87.7068540990399 42.8223604886589 92.1489606667835 123.040097464651 106.756425803957 147.16072376692 129.030025690503 136.171696669351 81.3078037205196 138.665056898939 0 125.95067524776 136.85844885899 134.353797569195 115.433415059571 140.330294062687 121.670680930745 112.576853880838 133.416027742197 61.0339330009022 123.903267643712 190.110017241336 92.3612513651887 186.673124954689 147.491024812349 93.5921828725842 105.791629249443 171.015846517186 213.070025764836 202.022026101452 104.067497372414 116.793392726614 79.7510414741465 122.684021444602 97.9725206752855 209.774510441301 192.436320596356 133.045799582911 111.652067516343 137.021070685787 118.297795297483 202.03694152832 148.488978987819 121.489143878008 127.526951358801 153.420204647404
0 25.3538675427356 79.7248202487044 0 91.1272045535918 71.6716883827362 137.577901782552 87.1635975432434 99.6862388028329 0 35.8348443654738 113.127883911133 17.9850026772196 90.7737682534739 0 100.054509875186 70.4701760479417 45.3613447019217 47.6493208971994 197.726348876953 0 62.7694575913731 101.300546512269 117.008681276114 0 37.4794858359511 30.2646759183835 124.000461512981 86.0249040980044 138.902421900046 44.4180336802274 79.9986539394368 0 48.5067099107163 0 95.8169887129734 18.9421393309432 39.7704374829011 63.633362059054 106.481721184657 0 19.1658197377116 101.673368752736 28.9325373597253 76.9879271490827 78.1441040039062 163.399446358193 0 0 137.510223388672 35.4328901544487 84.960465032161 0 0 0 0 144.972183227539 123.066635131836 0 55.1646192254026 0 45.4330651532257 132.508023398216 0 153.079445413324 101.652820777458 72.5203605859264 66.0232834638601 0 175.181242119455 120.767440795898 134.679130485735 0 22.904696263426 60.5289940478318 58.0135491977241 0 125.135612487793 125.179539970498 72.7117905840726 113.604607016804 0 77.614974733962 0
114.983597259549 43.4001578437071 26.3571316750043 156.485069493864 80.4904436853502 124.963857871159 122.104774876654 128.6363171939 117.940250630608 134.365388038406 29.2205263510708 163.977981091551 21.940281396441 124.324686407835 149.114533511238 113.616935879663 29.0379672607378 27.4041745234705 31.6461486415869 158.189136201698 82.9485663641557 84.2675432649153 63.8125280803618 133.161329451157 37.4794858359511 0 32.2022740290318 111.239703475398 110.077377446083 92.8809624877676 20.3619489585919 112.085214262032 112.4551279046 57.8171020208441 145.204027467511 87.1710185262518 53.3077919500431 57.4159965081967 64.0620959809149 106.576931307304 91.720072846929 63.5647505478752 125.317240348599 97.2219388937454 103.391049512212 109.301339813678 124.26342010498 0 149.077301025391 169.750268038026 55.28883295666 99.4394118397579 0 156.5908203125 168.480889149196 175.246679154443 182.748661945229 170.112455394444 195.996765136719 97.4879716380406 0 80.6682932472738 189.726793298869 159.650665283203 129.007488692286 110.025657543401 102.629946291021 103.492419250674 180.659322534221 155.113884015981 105.296896804726 136.623672207794 151.82185745802 58.3151078497595 90.8478503797606 91.0312896668868 172.401532280987 151.966592106877 156.137989818173 102.547776201461 0 140.581634521484 118.172821025987 139.250134129026
115.826560444163 33.9285273509052 31.6061148095382 153.859482958124 135.301863756686 136.806334753513 104.852427936514 136.192273532253 90.4022841782075 134.325145199147 56.3683406799798 117.399084162381 25.8995213337022 131.55958224332 128.623213744635 25.3630722272814 67.4472179896387 61.4531323483136 63.3777985803568 119.066330047124 68.8603497860771 36.941004504217 35.1274667646081 79.8287213172927 30.2646759183835 32.2022740290318 0 71.8787081815994 122.38239706999 95.6057568973885 23.0219209023109 115.635674944983 106.977608368084 67.7472268823257 137.667857066853 77.1343524340331 61.3111316046471 66.2753683288277 70.6751630082611 98.8872166400473 94.0214080299316 73.2184901578865 123.498129731974 96.596739325914 104.175794464017 110.321699764264 148.579620551762 128.838411585832 155.458966845314 149.861439062242 57.9816653029657 90.9339188625043 186.784245036696 0 177.838959396456 150.523449344383 167.091894894285 122.19771657454 184.714979560585 106.009253677507 125.581995035837 92.2691177160986 163.708717833953 127.40489963057 93.717910050954 106.430071553532 109.639406025639 110.77881215919 0 125.410583017271 62.3218309679437 98.8779113106056 132.871625346889 65.9428102841584 97.816115519356 88.118507256795 138.706878614996 160.846655683286 140.426244505835 113.552528977187 199.721923828125 146.379618996768 114.747126053983 152.619431708594
73.1672589102129 100.28816550736 75.8951354052649 15.8990957509437 103.910871482322 58.4746996892985 41.0525194232088 88.6115924924588 51.948024212014 32.2388159439347 156.246803987529 49.1041732347275 119.746041654791 85.4969434473762 72.2519839049562 35.1263895367102 95.5234395320704 168.942057862747 132.76703492074 27.9245567949567 29.8563006801853 59.7368139811704 46.2661951779932 22.5222084669044 124.000461512981 111.239703475398 71.8787081815994 0 86.0962115784827 42.7896473318329 151.695617675781 135.715130278192 72.3064718906949 62.4753502983979 136.666991535394 71.7814159926805 77.5546819992168 76.5923681602793 80.5702708238324 70.5411520335163 91.9715601343448 103.988486558862 117.509088258567 172.874319618219 140.963618737233 145.887607953671 106.1493815291 148.464190858771 0 137.076187465908 135.187121239499 144.25936278882 131.118788781407 0 139.57645487389 125.767107350481 147.909403228595 78.1337948048995 139.475405106559 142.992813110352 112.44653160441 193.273132324219 150.630563001688 119.299491985237 117.751904550196 147.818109335439 0 196.406993890205 125.086155494771 126.179635998956 87.3920213669672 132.221222045255 108.495154323403 186.856516721772 188.908060254563 141.834259623368 123.750517948836 148.786773993366 127.046420352243 0 185.39954466096 130.094592178715 138.173576315947 169.901108368194
20.3672600709317 128.011874217529 101.7474351168 103.651903073394 30.2049773231715 42.6184600213357 60.2217505543976 37.6327243816671 78.607421212435 97.4979347108218 65.1665569273894 100.985256731099 67.1211544837997 31.3795745562413 84.7376182010759 96.7653220543276 100.839236860128 106.006772055557 111.60288959955 100.044520621383 81.6474919082477 91.4746479794236 92.8886672018813 86.5131121119652 86.0249040980044 110.077377446083 122.38239706999 86.0962115784827 0 37.5510972731073 114.520746137365 21.2233218354405 22.0417703027603 37.4989900960875 116.276316390803 65.8096082602853 93.907450947659 48.7829284029312 71.5429427239698 45.3734281609753 35.185945561643 70.645235613664 147.290904669816 0 157.649420494374 183.790002913235 146.951113234028 0 0 143.347427368164 0 172.741176898892 149.953207484288 0 171.274851039623 153.36709225093 148.65445147497 89.0860140343699 169.991121672094 134.966430664062 167.74697961076 148.374160766602 178.327150903292 0 158.59140062359 207.436935424805 0 0 152.383626037308 157.563719638807 151.013891552403 155.638693531597 135.60829371739 0 123.036926269531 163.511552836848 144.367447164131 161.912456554225 147.620873615573 0 0 179.919327401195 157.710505227782 122.518452092312
37.6852870276447 111.744576603316 73.0549671034639 109.050368384754 122.571867037738 84.7526919328621 27.5722976842115 76.6849285144564 59.3280764726091 82.0702406074752 125.540335268297 90.8760730444514 119.160501629799 64.9786018383615 90.191034056882 74.5594980368324 69.2275736487278 143.523438893593 93.453549924302 110.659857622043 30.5061880285608 71.9493993999071 56.1598586533025 65.2529971858245 138.902421900046 92.8809624877676 95.6057568973885 42.7896473318329 37.5510972731073 0 177.353211880302 117.434549405165 49.7464165037878 32.9745092253964 123.61599856334 67.4544569302125 73.3730471529585 61.5761566478208 72.9490216356897 80.8984189334929 82.3787471747895 93.0938799075018 138.294294127474 163.105907958961 146.050925243729 140.849194395264 101.338033739928 134.389659156577 0 154.039060562228 125.131407841643 138.642341818843 135.604353496053 160.881942749023 149.131518574611 128.374893572523 144.114231351394 79.5322422114951 148.713208092461 0 122.343482183647 226.706527709961 153.06482516089 188.333511352539 121.074480586859 156.23835047248 179.50341796875 216.260487647053 128.000692562803 131.176531836171 100.97119570971 138.699922115761 114.36502779582 0 172.885130491655 134.851888952144 126.375588489363 144.288446659412 134.660728114652 0 0 129.059259342117 137.112039595393 145.065824103302
0 68.9336984537435 114.0766996402 0 84.1125793457031 144.337664272373 0 104.630756597032 137.484236123944 176.270172119141 35.0861427446365 171.526412963867 9.62396346921473 112.803459827005 0 126.204143402073 91.1399507145139 52.3654603225542 68.8540261021106 0 159.368611821024 101.339221591995 142.062956245113 0 44.4180336802274 20.3619489585919 23.0219209023109 151.695617675781 114.520746137365 177.353211880302 0 91.0691833496094 0 73.8013569435984 0 108.589983543454 62.7686299757079 67.9227026732293 82.6411445314196 145.559640716852 0 62.6111538338385 150.607986450195 98.8398274877127 114.299901007021 130.322473117791 0 0 0 0 91.4524056529208 155.078048036344 0 0 0 0 0 0 0 105.305167979309 0 89.2856405195584 0 0 0 0 105.990167455846 108.801609821507 233.525970458984 0 141.255092232456 0 0 67.5435729073415 100.896251721009 100.085630059855 0 0 0 109.624620134145 0 0 115.405337654082 0
88.215180176362 112.014266967773 161.451517448571 140.14216550046 13.6327950697093 22.6765658148259 119.993676857449 24.9277500951452 121.093994184536 125.235054385984 66.741700661914 100.906918893156 68.1106958362544 25.207940709144 41.0007349743038 138.371856689453 126.78572854628 86.8227335158424 90.6071999417881 121.90358349073 140.208672522476 0 140.174747902075 135.135731654876 79.9986539394368 112.085214262032 115.635674944983 135.715130278192 21.2233218354405 117.434549405165 91.0691833496094 0 71.0875832107501 24.2690078693763 107.614930659931 76.8654500515046 69.0616904278397 47.4349398893121 54.7581013183198 31.2275594159025 19.9725167028169 60.9766342883106 0 0 0 105.257537841797 0 0 0 0 0 0 0 0 0 0 0 0 200.999160766602 0 0 127.867416381836 0 0 0 0 0 185.907180786133 0 0 0 205.691223144531 175.079250573499 115.872673034668 0 164.497460494182 0 0 196.888366699219 0 0 0 0 134.038818359375
38.6051484702532 98.9689130766309 93.6189272527084 104.170139514709 146.1318359375 97.6626791434021 72.7755986974388 86.6458396040269 66.5617045568352 94.4125907712807 82.983908674999 121.041831050143 80.8988052914868 54.4741297642903 0 77.6887392264755 89.7665500459314 0 115.698361357297 112.540784166637 71.596889317612 77.4697058076746 82.2179685559026 72.2505138612632 0 112.4551279046 106.977608368084 72.3064718906949 22.0417703027603 49.7464165037878 0 71.0875832107501 0 23.464915812539 103.430625438898 50.5240575871653 78.3524991693113 37.7417979644675 50.6345977960202 53.1325640885698 42.8643887135462 0 115.632685251606 0 161.445957519119 99.5723495483398 77.0724029541016 0 0 0 0 0 235.52653503418 0 0 150.862695766939 177.911254882812 74.4492540403794 158.638940824016 0 124.013450622559 0 164.073745727539 0 141.612797110686 0 0 0 165.346450805664 137.039388131422 146.365357816807 153.77658561663 114.849850164973 0 0 144.539753140449 131.830481851215 156.463195800781 121.869517770763 0 0 0 167.754231360091 119.997655906625
