0 4.09080690145493 211.397106379271 62.5250953137875 29.8962010741234 488.631264567375 5262.17323565483 1253.19189918041 122.208498895168 716.528555303812 31.1934182345867 206.01454436779 6.22086805105209 12000.7293081582 52.1536520123482 10.0895254611969 152.104521036148 1.69022953510284 10.7782704234123 101.335227847099 353.017766237259 33.4046730399132 477.795791715384 318.56497451663 0 102.321683138609 74.6184667348862 607.618676066399 11160.6288944483 2745.80434420705 0.513071238994598 36.1814148426056 121.455861657858 329.305201500654 22.982778608799 454.327741086483 22.3364020586014 270.838995665312 51.2213163375854 352.888267457485 82.7407679855824 3.78919017314911 3.88823813199997 0 0 0.989960461854935 1.34667843580246 1.0668842792511 0 0 0 2.50450384616852 0 0 6.3596419095993 10.5983308851719 0.372080743312836 2.93008756637573 7.61068570613861 0 0.488132476806641 0 0.767432272434235 1.03934562206268 6.34328573942184 0 0 0 1.53174877166748 1.19515407085419 3.09625047445297 6.2675586938858 16.0390100479126 0 0 9.04881173372269 25.3407088816166 3.13286775350571 7.44344809651375 0 0 0.355117976665497 2.65048533678055 5.42548400163651
4.09080690145493 0 422.900756239891 0 0 3.21417105197906 17.1843715012074 6.56846952438354 813.218681156635 1.72503811120987 204.767044663429 6.68098598718643 601.203404426575 8.06013026833534 25.4436175227165 143.500596016645 194.689219206572 60.6336872577667 334.266706317663 1.65567773580551 36.3526054024696 3024.72630605102 122.465816766024 488.425705522299 1744.60962617397 1853.95657771826 6365.49782320857 62.0428271889687 12.0884377658367 40.2212157249451 22.1076634526253 0.566846489906311 4.25136679410934 207.895957499743 6.29680469632149 113.432597726583 133.513251245022 323.10545578599 79.5432856082916 47.493999004364 1.13450133800507 11.5835217237473 32.9007353782654 29.1030017733574 86.0842673182487 15.1419373750687 0.420960783958435 2.21911919116974 0 0 337.746296972036 222.863082110882 0 0 0 1.28157687187195 0 8.19747141003609 0.684421241283417 20.0554704666138 0 11.2707662880421 1.38555744290352 0 15.5094399154186 66.529559969902 13.1941244006157 46.591265887022 0 5.99195033311844 71.896775662899 25.6418529748917 5.66777867078781 30.466882109642 300.735317677259 843.108575493097 0 1.82482075691223 7.71218991279602 1.34948951005936 0 0 30.1560875475407 8.9819718003273
211.397106379271 422.900756239891 0 9.2718793451786 7.3159354031086 101.638727068901 586.800969660282 443.359965234995 180.338666826487 55.3804066181183 38.9590707421303 8.11572021245956 21.4700111448765 457.378475308418 8.22928676009178 72.8474365770817 2942.05745741725 37.9281392395496 402.787103652954 6.47089049220085 1466.20358642936 694.438736855984 11436.5976691842 251.89684048295 12.5009589195251 15452.5781281888 9356.12108632922 795.94087639451 291.256929278374 992.687092900276 3.77836427092552 3.68611815571785 63.3208896517754 450.235095471144 33.1518537998199 1076.1575936377 257.416840910912 1060.43566575646 472.158950388432 76.847909539938 17.3145029842854 1.53209400177002 56.9103397130966 32.4880337119102 70.4869337081909 35.1944916844368 3.35853147506714 0 0 6.19369506835938 82.2560713887215 329.321727186441 0 1.92471313476562 0.525358080863953 20.7189766466618 3.91405713558197 11.5265193879604 2.25519174337387 5.24651885032654 1.03170466423035 0.696245551109314 6.61935192346573 2.03532186150551 103.544877916574 49.067978978157 1.0540246963501 14.9838406443596 0 20.7776754796505 138.892445325851 319.819316923618 35.7011235356331 5.90913820266724 107.88201341033 1460.93872708082 42.0666826665401 5.39954286813736 24.0971067249775 0.587400138378143 0 0 22.7142670154572 22.0278797149658
62.5250953137875 0 9.2718793451786 0 5.40654355287552 262.053441613913 1276.47606933117 119.04859995842 561.581265956163 8677.23129826784 0.649470269680023 1783.30163881183 2.536780834198 144.281487852335 56.1907067000866 1.92464119195938 1.69822657108307 0 0 22860.0669495165 14.9568675756454 3.89847049117088 12.4573750197887 1820.89802980423 0 4.84134089946747 6.7559956908226 12085.0885123312 203.212608546019 39.525237351656 0 1.87124642729759 19.059427022934 44.8889849185944 8.03371867537498 134.274257987738 0.739618182182312 84.3133085370064 6.07355350255966 185.429831117392 16.3292432129383 0.492001295089722 34.4501391351223 0 3.0414534509182 0.612952411174774 84.4210447669029 0.470921754837036 0 0.877313196659088 4.06922590732574 2.04372668266296 188.917107105255 0 41.9446693658829 50.6529729962349 23.6375088989735 50.2043082118034 247.389447808266 0 217.432961374521 0 6.33303508162498 17.4853727817535 1.32667323946953 0 0 0 120.736877173185 0 3.4356869161129 2.80982875823975 115.392229735851 0 0.512153923511505 3.39862576127052 87.1314442157745 6.253901720047 6.23882681131363 0 0 0 4.64842081069946 2.44318825006485
29.8962010741234 0 7.3159354031086 5.40654355287552 0 5886.73886808753 21.5505981445312 1186.9949272871 32.914764046669 23.2401174604893 84.5928382873535 79.9458129405975 26.6038114130497 875.828282237053 3495.30540496111 0.527629256248474 1.14304041862488 4.75238829851151 4.6250923871994 14.2685667276382 4.17545464634895 6.15796172618866 10.9014492928982 36.4583592414856 0 4.91861647367477 4.43146580457687 14.2418414056301 1174.27690064907 11.5772008299828 0.55090993642807 4180.48448696733 1.63909161090851 2154.290589571 21.738183259964 47.7234273552895 12.237607806921 186.419371843338 15.6959533393383 7843.58523872495 4350.72758558393 3.2447555065155 0.498774796724319 1.13464426994324 0 3.88780188560486 4.62674331665039 0 0 0 0.975175142288208 1.43091893196106 0 3.48955988883972 0 1.02224951982498 0 0.743418514728546 0 0 1.97950273752213 0 0 0 0 0 0 0 0 0 0 0.904277831315994 0.948241472244263 0 0 0.938516676425934 0.614216268062592 0 0 0 0 0 0 46.1661354601383
488.631264567375 3.21417105197906 101.638727068901 262.053441613913 5886.73886808753 0 1838.48129934072 21592.0059780478 221.939953356981 16747.4255405962 62.9469546079636 5639.99139797688 27.5979900956154 10561.6867803335 2571.24405661225 10.5361308455467 56.3858578801155 1.25418877601624 6.15096199512482 548.183406561613 136.607391804457 18.7785763144493 199.206528365612 384.384280771017 0 57.0389461815357 56.6538062095642 1263.5656029582 1303.67748531699 383.194841086864 0 3227.09203776717 23.0428602397442 591.478874117136 34.8982348740101 212.223480254412 8.78478911519051 208.449335515499 36.6121983528137 5949.10989710689 2085.68748638034 8.19656682014465 2.55600434541702 0 1.50179523229599 0 12.8182771205902 0 0 0 0 0.900156855583191 14.9150156676769 0 12.6478054225445 27.103401184082 10.433598190546 18.0732021331787 34.2811315655708 0 23.8412457704544 0 4.14770257472992 1.43222594261169 5.79763334989548 1.21066480875015 0 0 3.17659169435501 0.587157428264618 1.57959818840027 6.29177960753441 91.5095415115356 0 1.24886304140091 6.05068755149841 47.7615692317486 7.16419994831085 8.12902015447617 0 0 0 2.09411329030991 3.2329369187355
5262.17323565483 17.1843715012074 586.800969660282 1276.47606933117 21.5505981445312 1838.48129934072 0 3817.88785472512 1224.56086811423 13627.4929027855 19.047405153513 354.129895508289 12.444539308548 6838.51306551695 75.5785118043423 150.907619476318 97.6488415896893 0.986917108297348 14.3565148115158 900.550903350115 1148.92257323861 174.88443121314 1279.76400244236 5619.77143800259 1.89130634069443 186.606145143509 346.572372496128 17441.9998601377 3593.7890945673 13104.3274895847 0 30.3814302682877 249.313696235418 523.288738369942 50.8741165101528 1034.03965604305 26.1463685631752 504.661639362574 101.66441988945 340.565035372972 89.9718723297119 2.5240692794323 26.7443410158157 0.427882134914398 11.309337168932 3.66874861717224 51.4503148496151 1.79589748382568 0 3.52562746405602 2.08688151836395 9.59527426958084 68.9389804303646 2.25659871101379 40.5626102685928 153.562587767839 30.4788478910923 73.6436063349247 192.230934262276 0 44.6126227080822 0 29.8303589522839 7.9050390124321 25.7604205012321 2.21575951576233 0 0 40.3069123625755 9.67389422655106 20.093985170126 35.324683457613 245.754274964333 0 3.73276284337044 36.6466958522797 199.84562677145 13.3711200356483 34.6178406774998 0 0 1.00864112377167 13.5511402487755 19.9718412160873
1253.19189918041 6.56846952438354 443.359965234995 119.04859995842 1186.9949272871 21592.0059780478 3817.88785472512 0 198.218625038862 4014.02905467153 148.223505496979 1280.17842307687 68.3961134254932 32857.8363056779 301.24053016305 22.6620580255985 251.69938531518 9.46676328778267 34.8832668066025 303.131255805492 657.118059456348 47.2579043209553 767.480597376823 495.657224059105 5.46143382787704 212.300494432449 172.669838726521 1099.90980368853 3850.31286245584 1644.47686329484 2.35969957709312 3003.86959010363 45.08720895648 1023.30231156945 19.9832637310028 392.601791471243 34.7325372099876 446.632369995117 95.3628576993942 1645.711822927 1213.10329642892 13.7711193561554 9.88687175512314 0.436228334903717 5.42484104633331 0.576764345169067 5.98495078086853 0 0 1.04579168558121 1.05500400066376 4.4964851140976 6.2911628484726 0 7.59464800357819 47.8518851995468 7.07842570543289 7.66125053167343 28.8848172426224 0 4.52804070711136 0 5.88303944468498 0 8.01269668340683 0.653474569320679 0 0.455321431159973 5.86590391397476 4.13326412439346 8.8377049267292 9.05777803063393 64.1610359847546 0 1.70647293329239 18.5543978512287 48.0208349823952 3.79059544205666 8.35536980628967 0 0 1.55633294582367 4.32549265027046 6.30075997114182
122.208498895168 813.218681156635 180.338666826487 561.581265956163 32.914764046669 221.939953356981 1224.56086811423 198.218625038862 0 646.570595920086 10.2744531333447 871.440831035376 68.3435072600842 217.451157733798 807.503555864096 423.601331681013 35.5597737133503 7.22452431917191 20.8295944333076 431.799960136414 704.979416847229 4443.6718865931 482.689377069473 12350.6347185671 115.604848325253 175.494892448187 1177.0213111341 3080.95722225308 504.02566832304 1440.8946980536 2.3137840628624 6.84682267904282 156.189998716116 246.259298563004 26.5349050760269 570.319973647594 27.2378666400909 257.424876362085 56.8392241895199 2504.65751606226 38.5363864302635 7.40819305181503 66.2233073711395 1.14220952987671 12.9209377169609 6.60295102000237 186.72147333622 4.78097879886627 0 7.84831589460373 7.01845240592957 20.4332231283188 87.1101213097572 6.76312077045441 76.1940761804581 180.594272166491 26.1966005861759 265.109122544527 210.269915014505 0.710954248905182 119.222234010696 3.33545035123825 25.7482936680317 32.250227689743 87.2969169914722 4.07676494121552 0 1.96768167614937 72.444028377533 59.5603950321674 64.8706938326359 65.3701940178871 552.8945774436 3.02047026157379 14.5452888607979 67.6111834347248 427.035313427448 23.6392543911934 118.501998901367 0 0.526771068572998 9.08026677370071 18.1487058997154 8.57182130217552
716.528555303812 1.72503811120987 55.3804066181183 8677.23129826784 23.2401174604893 16747.4255405962 13627.4929027855 4014.02905467153 646.570595920086 0 21.0710773468018 19108.3861277401 6.46053272485733 2784.27645120025 123.094248563051 16.9870044887066 14.0160754621029 0 2.21918469667435 19271.5381403565 100.399009287357 14.8556190133095 123.11095020175 1523.45179480314 0 28.123625844717 43.6904637813568 12391.6441118717 990.481970012188 265.244976311922 0 33.4656233787537 69.2209451496601 314.654687285423 85.40749335289 513.790549963713 5.0352441072464 344.13462767005 42.0960843265057 540.782891571522 97.3972828984261 1.53298312425613 35.5164604485035 0 6.23295438289642 2.00756758451462 80.7411512732506 0.458856552839279 0 2.69288718700409 0 2.98101809620857 57.5760883688927 5.99700504541397 59.4230897724628 95.5356016755104 27.4399952888489 62.9867742359638 194.021576851606 0 67.4410327076912 0 15.6615187823772 10.7023671865463 6.37883794307709 0 0 0 63.1880050897598 0.483636528253555 9.66793099045753 7.17560139298439 220.335258334875 1.11011409759521 1.08603477478027 3.65097808837891 187.176552832127 9.30315274000168 11.109950274229 0 0 1.08717596530914 3.65192124247551 8.27716737985611
31.1934182345867 204.767044663429 38.9590707421303 0.649470269680023 84.5928382873535 62.9469546079636 19.047405153513 148.223505496979 10.2744531333447 21.0710773468018 0 9.05032300949097 29709.5004211962 195.282223105431 1.35229206085205 2.16901248693466 335.036327689886 11776.4239407778 7180.90717229247 4.55383864045143 9.43850195407867 41.3633807003498 16.4968393445015 11.554619461298 2678.65293523669 12622.0956157446 3150.19028371572 13.5224866569042 311.943815857172 15.2991149127483 1052.12342181802 101.016715914011 3.13163691759109 11316.5450081825 8.39159166812897 223.996672064066 2568.41380688548 7706.98900049925 278.810121029615 120.058702141047 78.0266198515892 1828.13505709171 7.76987406611443 20.0633196234703 32.2225431799889 3.87847298383713 0.522201955318451 0 0 0 33.9528192281723 3.20533400774002 0 0 0 0 0 0 0 233.683241993189 0 550.088213413954 0 0 1.4122074842453 3.32080680131912 104.796456336975 34.157856464386 0 0 2.07089960575104 1.14849054813385 1.36868953704834 287.53037238121 405.476869523525 271.457865953445 2.51798009872437 0.958443522453308 0 60.8084494173527 1.72313761711121 0 13.1451079249382 5.91059619188309
206.01454436779 6.68098598718643 8.11572021245956 1783.30163881183 79.9458129405975 5639.99139797688 354.129895508289 1280.17842307687 871.440831035376 19108.3861277401 9.05032300949097 0 4.50899714231491 913.842134535313 3415.34390988946 2.88424181938171 2.12464037537575 0 1.1775279045105 17238.0617403686 8.89428398013115 18.3474785387516 12.4597561359406 780.221943557262 0.995620369911194 1.52579110860825 15.9783701300621 1171.58430796862 163.485292881727 36.336489379406 0.575011610984802 28.2222064435482 3.79365018010139 80.0341288745403 178.606595158577 61.6633015573025 2.99037024378777 59.0344897806644 17.0199946463108 3466.81548407674 34.552425801754 0 27.7352106273174 0 0 0 81.9960824251175 2.0663520693779 0 1.39261871576309 0.981073200702667 0 29.8648802638054 1.83034521341324 38.6697841286659 14.4321344792843 10.5676994025707 40.750590711832 219.505343675613 0 516.491833209991 0 4.98287707567215 9.1386826634407 0 0 0 0 32.3144198656082 0 0.490290850400925 0 61.8841275572777 0 0 1.52709877490997 33.568028986454 2.30482625961304 1.04031249880791 0 0 0 1.80486536026001 1.15247520804405
6.22086805105209 601.203404426575 21.4700111448765 2.536780834198 26.6038114130497 27.5979900956154 12.444539308548 68.3961134254932 68.3435072600842 6.46053272485733 29709.5004211962 4.50899714231491 0 73.8668330013752 1.56736186146736 2.89326161146164 59.3080269396305 1691.38527423143 831.809421777725 1.97562742233276 5.8497157394886 126.503815889359 12.723021030426 28.9526364505291 8571.48893490434 7813.15947002172 10647.0319190621 11.6085996329784 117.595029860735 8.83515992760658 5294.01580736041 25.751012802124 0.512715995311737 3143.24594447017 34.0561555624008 801.817572325468 3982.64663887024 5210.82654634118 1156.20074903965 93.2380328774452 894.018155753613 6405.80360007286 13.7807174026966 15.2009572386742 60.6293631196022 12.8975502550602 3.71538004279137 0 0 0 65.279050141573 5.08578091859818 0 2.52156442403793 0 1.79209494590759 0.667568445205688 1.24059674143791 0 453.283665031195 0 752.142691195011 1.62472987174988 0 0 2.04594814777374 176.593082904816 69.0005717277527 2.11826658248901 3.11971694231033 3.46638190746307 2.70694863796234 0 546.185840666294 683.810021013021 380.828842759132 0 1.26678109169006 0.982398211956024 109.737026661634 0 0 25.1310107707977 48.89916908741
12000.7293081582 8.06013026833534 457.378475308418 144.281487852335 875.828282237053 10561.6867803335 6838.51306551695 32857.8363056779 217.451157733798 2784.27645120025 195.282223105431 913.842134535313 73.8668330013752 0 478.083908259869 25.5324100255966 308.485146105289 12.344901651144 40.3742325007915 272.768398076296 713.563035726547 57.1551330089569 855.838750213385 645.083917289972 1.27318781614304 256.92788669467 181.017464101315 1217.8420111239 15268.1823098958 2982.43624901772 0 2862.21142217517 110.319726109505 1428.78054398298 24.7138109207153 635.175868958235 34.3978175520897 707.936874002218 117.66486620903 2311.02505961061 851.181724309921 22.8503509759903 11.7990902364254 0.614509880542755 5.74204304814339 3.31969538331032 4.6907679438591 0 0 2.87260055541992 0.398578494787216 2.70111712813377 3.5318292081356 1.66159343719482 9.46463620662689 23.9013614058495 3.89328330755234 8.25101032853127 27.3087795674801 0 3.36701273918152 2.33184325695038 4.1565962433815 0.91847550868988 7.81842955946922 1.52379271388054 0 0 1.69359302520752 4.5108186006546 3.48028409481049 11.8430827856064 38.981242120266 0 0.904734194278717 17.591871201992 51.0550130009651 4.14536452293396 3.29750603437424 0 0 0.414118021726608 5.07119846343994 9.75449749827385
52.1536520123482 25.4436175227165 8.22928676009178 56.1907067000866 3495.30540496111 2571.24405661225 75.5785118043423 301.24053016305 807.503555864096 123.094248563051 1.35229206085205 3415.34390988946 1.56736186146736 478.083908259869 0 2.31727549433708 5.01492807269096 0 1.58189433813095 95.1060306727886 8.89537128806114 71.7800824642181 12.0984010994434 590.230976521969 1.10149455070496 3.60374075174332 25.0777173340321 134.010556697845 56.4286716878414 34.6640898883343 0 86.807269513607 0.549004912376404 21.036061912775 3.96006488800049 12.2497809827328 0.557978987693787 10.9228716492653 1.11229395866394 15243.3085363209 49.2598486840725 0 2.40668094158173 0 0 0 14.0622106790543 0 0 0 0 0 3.02641189098358 0 1.53350698947906 4.37739241123199 0 1.52692228555679 4.91763955354691 0 7.14918088912964 0 1.22923493385315 0 0.719086468219757 0.641297459602356 0 0 2.36365377902985 0 0 0.72849029302597 11.1801122426987 0 0 0 1.23455011844635 0 0 0 0 1.10563158988953 0 0.587005078792572
10.0895254611969 143.500596016645 72.8474365770817 1.92464119195938 0.527629256248474 10.5361308455467 150.907619476318 22.6620580255985 423.601331681013 16.9870044887066 2.16901248693466 2.88424181938171 2.89326161146164 25.5324100255966 2.31727549433708 0 23.5672052502632 1.44826221466064 9.57838094234467 1.41078364849091 6360.35332354903 4222.57983919978 20960.3738870025 2528.22106739879 4.04388099908829 35.7008909285069 9013.06004452705 3546.34913733602 93.8748736083508 242.253054857254 0 1.73290672898293 35.9021053016186 299.414005279541 46.4950166046619 1309.10951301455 98.4206021428108 444.047352492809 269.696953654289 78.0301482081413 10.1229867339134 2.79426991939545 22.6841428875923 1.16269266605377 16.4005534648895 3.98145014047623 1.75733041763306 3.05527687072754 0 2.26321649551392 10.8417372107506 35.4108700752258 0 0 1.57899403572083 23.0676733255386 0 36.4189981520176 3.75806903839111 0 1.56769758462906 0 1.00025063753128 2.0121123790741 369.366142779589 6.92317882180214 0.493691891431808 0.387825727462769 0 94.8438342809677 187.386811882257 394.380280047655 86.0081343054771 0 12.4142564535141 212.362790226936 164.6026712358 2.4688118994236 62.8345981538296 0 0 3.13794404268265 5.14113229513168 17.1616414487362
152.104521036148 194.689219206572 2942.05745741725 1.69822657108307 1.14304041862488 56.3858578801155 97.6488415896893 251.69938531518 35.5597737133503 14.0160754621029 335.036327689886 2.12464037537575 59.3080269396305 308.485146105289 5.01492807269096 23.5672052502632 0 219.493002682924 7978.4967699945 3.27670443058014 1508.26410296559 104.379121601582 7523.05302065611 55.9308018386364 29.5304964184761 6112.70249921083 1792.88477918506 147.884219944477 463.94499963522 1159.9592603147 1.88305014371872 2.30106797814369 94.8507651984692 1234.14318162203 18.031786352396 413.156887382269 155.72505107522 816.27683237195 224.803698003292 29.8440182209015 9.37981656193733 4.89645150303841 8.90833747386932 5.37174332141876 9.41567730903625 1.59898111224174 0 0.736521482467651 0 0 36.3056818842888 32.2064460515976 1.30515432357788 0 0 0 0 0.891409456729889 0 1.99002462625504 0 5.86715579032898 0 0 10.3361600637436 12.8133934736252 0.613631367683411 7.51624071598053 0 2.0265144109726 6.35322970151901 22.6141687035561 1.59672895073891 10.0121372044086 62.3413692116737 122.365304231644 3.49450248479843 0.774122834205627 2.99190092086792 1.40738174319267 0 0 5.64628797769547 11.7148529887199
1.69022953510284 60.6336872577667 37.9281392395496 0 4.75238829851151 1.25418877601624 0.986917108297348 9.46676328778267 7.22452431917191 0 11776.4239407778 0 1691.38527423143 12.344901651144 0 1.44826221466064 219.493002682924 0 9104.45013937354 0 4.85399907827377 9.62204271554947 13.8003463149071 1.68981084227562 525.149304449558 10858.8269130886 1366.09370335937 0.614114284515381 14.2430576384068 9.88449445366859 130.722499579191 5.03563910722733 0 504.557274371386 1.84264039993286 48.2227365374565 189.976766616106 588.680523693562 72.2026839256287 4.53671950101852 1.46080845594406 31.3837062418461 3.11942040920258 3.39299538731575 27.8612818717957 0 0 0 0 0 24.4715800881386 2.69493061304092 0 1.05203676223755 0 0 0 1.78886395692825 0 72.7766882777214 0 154.149847507477 0.674462676048279 0 0 4.54852026700974 65.0205476880074 19.6809245347977 0 0 1.13029134273529 0 0 130.688694834709 267.426923424006 188.273039609194 0 1.28348314762115 0 41.6555690169334 1.47790765762329 0 4.19914871454239 0.947509378194809
10.7782704234123 334.266706317663 402.787103652954 0 4.6250923871994 6.15096199512482 14.3565148115158 34.8832668066025 20.8295944333076 2.21918469667435 7180.90717229247 1.1775279045105 831.809421777725 40.3742325007915 1.58189433813095 9.57838094234467 7978.4967699945 9104.45013937354 0 0 81.8202790021896 43.851762086153 280.198594272137 12.0248587429523 489.2387111485 15006.6265502274 3456.9329970479 16.7402080595493 62.6331784129143 71.8134384155273 70.3087129294872 3.88083109259605 7.00590199232101 1571.15597480536 5.1702127456665 231.096025586128 537.67930740118 1836.41065773368 308.953334510326 9.65039184689522 7.31561356782913 20.4241076111794 7.93448007106781 2.5621691942215 35.7229112386703 2.48160061240196 0.854972720146179 0 0 0 68.0873422920704 14.4628587961197 0 0 0 0.752465307712555 0 0 0 57.6208233833313 0 102.625536292791 0 0 1.55006894469261 8.90943628549576 33.688394099474 28.556171476841 0 1.43798720836639 3.4755432009697 3.95632344484329 0.688132047653198 114.515345275402 323.148317366838 296.499116003513 1.37505835294724 0.689609467983246 0 15.9573881626129 0 0 13.2567889690399 4.76946836709976
101.335227847099 1.65567773580551 6.47089049220085 22860.0669495165 14.2685667276382 548.183406561613 900.550903350115 303.131255805492 431.799960136414 19271.5381403565 4.55383864045143 17238.0617403686 1.97562742233276 272.768398076296 95.1060306727886 1.41078364849091 3.27670443058014 0 0 0 8.65294364094734 2.33797639608383 10.0609289705753 1290.51104298234 0 0.851147800683975 3.71021032333374 3041.19465121627 186.392782926559 20.0306034982204 0 8.39231014251709 11.353974789381 50.3179973959923 16.140440672636 89.8324866294861 0 55.2985000610352 6.42837589979172 273.877074331045 16.884120464325 0.505622386932373 18.3397708833218 0 2.79348456859589 0 55.1563893556595 0 0 2.13409286737442 1.09451299905777 0 86.2579707801342 0 29.0151666998863 29.9944272339344 4.66969552636147 41.4373085200787 102.922717481852 0 92.3940516114235 0 6.27445673942566 11.2648241519928 0.654304027557373 0 0 0 13.4232324957848 1.49839371442795 2.5935987830162 2.90492212772369 66.1035632789135 0 0 1.7140117585659 44.9353331029415 1.4031631052494 3.70949968695641 0 0 0 1.77777135372162 0.929106295108795
353.017766237259 36.3526054024696 1466.20358642936 14.9568675756454 4.17545464634895 136.607391804457 1148.92257323861 657.118059456348 704.979416847229 100.399009287357 9.43850195407867 8.89428398013115 5.8497157394886 713.563035726547 8.89537128806114 6360.35332354903 1508.26410296559 4.85399907827377 81.8202790021896 8.65294364094734 0 1140.63895773888 23299.8677842021 1838.76331105828 2.45640242099762 415.173911124468 1372.89354380965 11688.3929680884 1137.34556829929 14549.2159152031 0.471402615308762 8.99106675386429 352.803122222424 4955.22874930501 147.71862912178 5044.64607352018 314.894105881453 2705.16379892826 968.058363705873 279.711991727352 86.8051626980305 7.86637255549431 50.2766706049442 6.14545312523842 20.4350119829178 5.8812563419342 5.39002680778503 4.11033600568771 0 5.5371670126915 3.47548377513885 44.8104114532471 1.90668767690659 2.85249423980713 3.96123039722443 44.0895830690861 0.808496564626694 48.3333440721035 5.08015936613083 0 0.977578461170197 0 3.05652520060539 1.26466572284698 177.149517118931 12.7917446494102 0.568310081958771 4.49158829450607 0 127.534895062447 50.8658926784992 172.639628559351 171.46994253993 0.739102125167847 5.92736357450485 115.457570672035 256.095413386822 22.761954754591 131.529670834541 0.826504409313202 0.371311008930206 3.78141155838966 21.2961957156658 46.6799679100513
33.4046730399132 3024.72630605102 694.438736855984 3.89847049117088 6.15796172618866 18.7785763144493 174.88443121314 47.2579043209553 4443.6718865931 14.8556190133095 41.3633807003498 18.3474785387516 126.503815889359 57.1551330089569 71.7800824642181 4222.57983919978 104.379121601582 9.62204271554947 43.851762086153 2.33797639608383 1140.63895773888 0 2896.88625243306 6181.88321304321 239.584400653839 249.363875508308 6754.39949187636 985.162601202726 157.821234375238 463.662423074245 3.03318381309509 1.25222027301788 47.4228205680847 249.525401562452 17.5507551729679 936.737958520651 181.868764340878 686.272226423025 326.522930026054 204.34201836586 12.7014304995537 11.9677342176437 33.1310262084007 12.4392329454422 22.7803334593773 11.9143829345703 3.31128031015396 2.85990342497826 0 2.59787499904633 26.4289816319942 69.7132130265236 2.06906747817993 1.05137753486633 3.38291344046593 12.5335581302643 0.768219769001007 19.1380972862244 4.99749532341957 3.90995287895203 2.54223850369453 1.36432862281799 4.52030551433563 0 376.64191198349 15.9961162507534 1.14377492666245 1.10952234268188 2.17553550004959 109.345788121223 192.503130912781 364.529856055975 78.8146250247955 2.43687403202057 22.3650534451008 504.269518733025 100.144874691963 9.64478290081024 52.3203285932541 0.91315096616745 0 3.23165583610535 12.5751385092735 19.3862868249416
477.795791715384 122.465816766024 11436.5976691842 12.4573750197887 10.9014492928982 199.206528365612 1279.76400244236 767.480597376823 482.689377069473 123.11095020175 16.4968393445015 12.4597561359406 12.723021030426 855.838750213385 12.0984010994434 20960.3738870025 7523.05302065611 13.8003463149071 280.198594272137 10.0609289705753 23299.8677842021 2896.88625243306 0 1666.95656767488 2.64390105009079 1898.2501527667 14528.7025034726 6809.60123205185 1146.68622770905 5389.42998880148 0.441685706377029 9.51713627576828 323.796926945448 4188.95164012909 261.516551792622 7674.80321061611 1067.09820225835 4110.26830255985 2238.50136765838 457.864582508802 100.749661386013 10.3436356782913 105.18422755599 26.9893791675568 39.0573415160179 51.436288356781 6.82272866368294 6.67429068684578 0.417509824037552 2.13143476843834 39.9286020696163 209.947776943445 1.34752035140991 7.56735676527023 3.40886217355728 65.5517690777779 5.13684117794037 39.3771560788155 9.37942269444466 0.735322058200836 0.583683490753174 1.99724745750427 9.3080495595932 0.733234107494354 866.368989348412 32.099077641964 1.00832235813141 8.6999953687191 0.631596684455872 130.507872730494 304.164103895426 1129.67116168141 155.646338284016 2.74931317567825 40.1592378914356 1315.11281874776 265.155940145254 14.3593109250069 86.6363226473331 0.650638699531555 0 1.52172327041626 28.3861662745476 141.740031480789
318.56497451663 488.425705522299 251.89684048295 1820.89802980423 36.4583592414856 384.384280771017 5619.77143800259 495.657224059105 12350.6347185671 1523.45179480314 11.554619461298 780.221943557262 28.9526364505291 645.083917289972 590.230976521969 2528.22106739879 55.9308018386364 1.68981084227562 12.0248587429523 1290.51104298234 1838.76331105828 6181.88321304321 1666.95656767488 0 35.3197419345379 122.023906379938 1661.52872136235 39042.8082856238 1386.77705204487 3185.07991829515 0 11.0990999042988 431.608896046877 749.123983412981 63.3189427256584 1736.42591792345 62.324307590723 698.384187340736 179.844730168581 1400.12156295776 80.0885783433914 6.0260616838932 142.345141530037 5.51270711421967 33.4603155851364 8.71961757540703 234.473604649305 1.93736916780472 0 20.3996358811855 6.99621537327766 19.2879663109779 243.166878193617 4.16023933887482 126.000922143459 401.822165101767 70.3722700178623 293.61838516593 409.637769132853 0.367430806159973 182.723890036345 0 59.7474286258221 34.3231911659241 122.402273625135 5.9978119134903 0.869292199611664 1.99301189184189 136.126696407795 80.9476540088654 44.5494511425495 114.859196633101 855.126851886511 0 8.95998868346214 80.5021615624428 716.467704296112 59.6787713468075 156.236544162035 0 1.53867328166962 10.1724712848663 34.2783095240593 33.6426440179348
0 1744.60962617397 12.5009589195251 0 0 0 1.89130634069443 5.46143382787704 115.604848325253 0 2678.65293523669 0.995620369911194 8571.48893490434 1.27318781614304 1.10149455070496 4.04388099908829 29.5304964184761 525.149304449558 489.2387111485 0 2.45640242099762 239.584400653839 2.64390105009079 35.3197419345379 0 2153.39562422037 3170.04746076465 5.05922055244446 16.0304526388645 3.57906249165535 139.358073085546 1.96436357498169 0 258.526349127293 0 15.0533357858658 2787.48225039244 353.149997264147 29.9696125984192 5.6570235490799 2.13088911771774 1590.03398144245 10.9703070521355 62.6005364060402 81.9087810516357 5.52858150005341 1.01192781329155 0 5.16826128959656 0 219.420872032642 6.56753474473953 0 0.555432975292206 0 0 0.999132871627808 2.16049301624298 0 228.678611844778 0 411.723673731089 3.17964851856232 0 0 9.14707762002945 96.1816359162331 90.6215124428272 0 1.24809092283249 2.01678788661957 0 0.396789014339447 426.800473034382 675.648557066917 563.04998588562 0 0 2.41053861379623 65.5238250494003 0 0 25.7559350728989 0.602359354496002
102.321683138609 1853.95657771826 15452.5781281888 4.84134089946747 4.91861647367477 57.0389461815357 186.606145143509 212.300494432449 175.494892448187 28.123625844717 12622.0956157446 1.52579110860825 7813.15947002172 256.92788669467 3.60374075174332 35.7008909285069 6112.70249921083 10858.8269130886 15006.6265502274 0.851147800683975 415.173911124468 249.363875508308 1898.2501527667 122.023906379938 2153.39562422037 0 36806.5499930382 208.303723573685 196.878262847662 437.246228337288 2500.88253524899 11.0380892157555 23.8927155733109 1721.47756817937 12.8030216991901 495.687823206186 670.331489175558 1999.55104902387 385.946059495211 35.2346634268761 8.19986528158188 59.0462398529053 69.7736449241638 65.011840313673 216.416466027498 54.1022503972054 4.100865483284 2.06823897361755 1.86940562725067 0.90226423740387 496.57235082984 180.69557839632 0 0.995690822601318 1.56957441568375 4.1582892537117 2.80924835801125 8.88624116778374 1.01709008216858 255.306062281132 1.5144294500351 456.595109283924 1.45252919197083 0 13.4794136881828 113.581891894341 177.22331815958 262.071028500795 0 9.42941510677338 27.8424544632435 30.4669159352779 13.4152850210667 528.855860829353 1979.84722906351 1896.52514070272 5.42527723312378 2.46087270975113 16.8188480138779 96.8665776252747 1.60170394182205 0 67.9595821499825 6.06813332438469
74.6184667348862 6365.49782320857 9356.12108632922 6.7559956908226 4.43146580457687 56.6538062095642 346.572372496128 172.669838726521 1177.0213111341 43.6904637813568 3150.19028371572 15.9783701300621 10647.0319190621 181.017464101315 25.0777173340321 9013.06004452705 1792.88477918506 1366.09370335937 3456.9329970479 3.71021032333374 1372.89354380965 6754.39949187636 14528.7025034726 1661.52872136235 3170.04746076465 36806.5499930382 0 1648.58264663815 230.575418025255 470.925471633673 2680.70816978812 10.0392498075962 72.4595239162445 2421.35550376773 126.915719926357 4172.74051573873 1582.75249266624 4722.18234917521 1803.52004110813 272.390855193138 53.6321202814579 61.6384511291981 258.83215200901 162.865032017231 398.408690333366 129.772720843554 10.2299889028072 6.16742771863937 0.502531230449677 3.2103945016861 905.23046207428 1301.56115934253 3.06636157631874 2.08684432506561 5.05689823627472 63.1835099458694 8.19696685671806 36.1210564374924 9.62511205673218 160.35863301158 3.03840318322182 252.07533198595 17.1136444807053 2.25414234399796 701.644236326218 305.623251646757 139.841101795435 260.472655892372 2.02772414684296 101.512274652719 515.244589060545 1485.0758921504 151.296416819096 390.919470399618 1901.48391887546 5841.19089621305 158.451226055622 21.9562236070633 65.7198145091534 58.6238529384136 0.700907826423645 3.4240238070488 150.038169026375 81.6960373818874
607.618676066399 62.0428271889687 795.94087639451 12085.0885123312 14.2418414056301 1263.5656029582 17441.9998601377 1099.90980368853 3080.95722225308 12391.6441118717 13.5224866569042 1171.58430796862 11.6085996329784 1217.8420111239 134.010556697845 3546.34913733602 147.884219944477 0.614114284515381 16.7402080595493 3041.19465121627 11688.3929680884 985.162601202726 6809.60123205185 39042.8082856238 5.05922055244446 208.303723573685 1648.58264663815 0 1790.05920183659 10375.3496831954 0.570945739746094 13.0384078025818 515.016252607107 1579.84099501371 118.417455762625 2775.59575712681 98.0577597022057 1319.2255205214 334.539460062981 516.338257968426 101.861586391926 3.41157066822052 119.653976768255 6.96855700016022 29.0632270276546 6.95894354581833 150.892381697893 3.53081628680229 0 14.3580735623837 3.20894798636436 23.680638551712 130.379640758038 3.52214294672012 86.9006295800209 319.494464457035 44.5760140419006 199.751766651869 372.089210003614 0 113.882437765598 0.414162904024124 40.4118911325932 24.8826057910919 150.099962115288 6.75208818912506 0.356766164302826 3.98368546366692 82.1942771971226 94.8810865581036 54.8508876562119 138.009278506041 763.023866653442 1.7752713561058 7.53845536708832 99.5840786993504 638.011171519756 41.3239178061485 144.816170990467 0 0.921399652957916 9.93004506826401 30.8522033393383 48.0031642317772
11160.6288944483 12.0884377658367 291.256929278374 203.212608546019 1174.27690064907 1303.67748531699 3593.7890945673 3850.31286245584 504.02566832304 990.481970012188 311.943815857172 163.485292881727 117.595029860735 15268.1823098958 56.4286716878414 93.8748736083508 463.94499963522 14.2430576384068 62.6331784129143 186.392782926559 1137.34556829929 157.821234375238 1146.68622770905 1386.77705204487 16.0304526388645 196.878262847662 230.575418025255 1790.05920183659 0 8931.45931306481 0.560609519481659 3837.08642283082 9387.52865153551 4660.45637258887 117.378313690424 2427.2350666523 70.5498956441879 2017.78211420774 280.070067971945 1894.17723286152 1307.44337329268 27.9577204585075 14.3128835558891 0.69875967502594 10.3370671272278 8.22316274046898 10.8270917534828 0 0 4.93803071975708 1.39561975002289 6.67137563228607 6.83832937479019 0.612154364585876 9.73621886968613 43.7720899283886 2.01625525951385 28.6936918497086 17.9532512128353 0.694020867347717 2.40497606992722 0 4.30839389562607 0.527767479419708 14.055583268404 0.442560195922852 0 0 4.42662847042084 10.1380642652512 3.77430135011673 7.11877113580704 94.4634579122066 1.21095168590546 0.65864098072052 16.6481704711914 68.4434242844582 9.61690041422844 19.6761669814587 0 0.416277021169662 3.47932511568069 2.32219517230988 51.9614648222923
2745.80434420705 40.2212157249451 992.687092900276 39.525237351656 11.5772008299828 383.194841086864 13104.3274895847 1644.47686329484 1440.8946980536 265.244976311922 15.2991149127483 36.336489379406 8.83515992760658 2982.43624901772 34.6640898883343 242.253054857254 1159.9592603147 9.88449445366859 71.8134384155273 20.0306034982204 14549.2159152031 463.662423074245 5389.42998880148 3185.07991829515 3.57906249165535 437.246228337288 470.925471633673 10375.3496831954 8931.45931306481 0 1.08321535587311 22.7670661509037 1011.73338136077 4090.09286013246 84.3615041077137 2145.91283035278 94.3176902234554 1562.94704142213 379.497499674559 289.391399592161 114.893122524023 3.4791025519371 34.8954018056393 3.28726440668106 17.0153015553951 2.73953807353973 6.97410535812378 1.83952260017395 0 6.30556106567383 0 16.6321656107903 6.6981098651886 0.755645394325256 9.36209839582443 81.0109711587429 13.9980145990849 57.5006739497185 29.5483775734901 1.59154689311981 2.25743305683136 0 8.78798219561577 1.02318716049194 50.0968201756477 5.37862759828568 0 2.23085975646973 4.61013972759247 40.7270460426807 11.9025093317032 55.1775665581226 214.071249425411 0.707806348800659 1.50904333591461 56.105222851038 193.898166805506 14.4670677781105 88.7187225222588 0 0 5.56371158361435 18.4122348725796 36.6522570550442
0.513071238994598 22.1076634526253 3.77836427092552 0 0.55090993642807 0 0 2.35969957709312 2.3137840628624 0 1052.12342181802 0.575011610984802 5294.01580736041 0 0 0 1.88305014371872 130.722499579191 70.3087129294872 0 0.471402615308762 3.03318381309509 0.441685706377029 0 139.358073085546 2500.88253524899 2680.70816978812 0.570945739746094 0.560609519481659 1.08321535587311 0 0.485674679279327 0 46.2980237901211 0 1.98485159873962 28.2102753520012 53.6524693071842 4.32461231946945 0 0 7.56751871109009 0 0 7.8863120675087 0 0 0 0 0 5.798184633255 0 0 0 0 0 1.51709806919098 0 0 20.4262221753597 0 38.2311986684799 0 0 0 0 8.57346129417419 3.57784706354141 0 0 0 0 1.71965789794922 34.7230434417725 56.1437245309353 25.7616425156593 0 0 0 4.28940212726593 0 0 0.867250561714172 0
36.1814148426056 0.566846489906311 3.68611815571785 1.87124642729759 4180.48448696733 3227.09203776717 30.3814302682877 3003.86959010363 6.84682267904282 33.4656233787537 101.016715914011 28.2222064435482 25.751012802124 2862.21142217517 86.807269513607 1.73290672898293 2.30106797814369 5.03563910722733 3.88083109259605 8.39231014251709 8.99106675386429 1.25222027301788 9.51713627576828 11.0990999042988 1.96436357498169 11.0380892157555 10.0392498075962 13.0384078025818 3837.08642283082 22.7670661509037 0.485674679279327 0 7.5848117172718 1544.58716830611 4.18436726927757 104.416287004948 12.6509595215321 230.427169203758 30.2692967653275 493.293092817068 2495.491974473 9.24644201993942 0.432748675346375 0 0 0 0 0 0 0 0 0 0 0 0 0.337132155895233 0 0 1.43224895000458 1.01468253135681 0 0 0 0 0 0 0 0.823294937610626 0 0 0 0 3.10288494825363 0 0 0.472163498401642 0.543350458145142 0 0 0 0 0 0 0
121.455861657858 4.25136679410934 63.3208896517754 19.059427022934 1.63909161090851 23.0428602397442 249.313696235418 45.08720895648 156.189998716116 69.2209451496601 3.13163691759109 3.79365018010139 0.512715995311737 110.319726109505 0.549004912376404 35.9021053016186 94.8507651984692 0 7.00590199232101 11.353974789381 352.803122222424 47.4228205680847 323.796926945448 431.608896046877 0 23.8927155733109 72.4595239162445 515.016252607107 9387.52865153551 1011.73338136077 0 7.5848117172718 0 940.438920289278 43.7606453895569 1048.33639150858 19.2298853695393 535.876626610756 90.565606802702 62.658637881279 56.6958931684494 0.736241281032562 4.02293998003006 0 1.47510570287704 0.380220979452133 2.57800877094269 0 0 0 1.10617196559906 1.27151882648468 0 1.03046071529388 2.03846514225006 11.6894026398659 1.09221565723419 4.35862046480179 2.10953974723816 0 0 0.617103159427643 0 1.03433227539062 5.580008238554 0 0 0.975720465183258 2.5191285610199 2.62594076991081 3.44523143768311 4.72588300704956 23.1463520228863 0 0 3.44517433643341 16.2159168720245 0 5.43634527921677 0 0 0 0.792010605335236 14.8615370094776
