0 122.876717848572 96.0924375356193 75.4426875197321 72.9745103813066 45.7211706176221 31.7495576587425 43.0776326938158 70.0566817222622 62.1847844798067 99.7340359317978 53.9380472625168 97.4951264496202 17.1412934867162 41.322922550762 103.894067957462 100.117274463536 114.369804382324 126.101173434877 71.86998494937 77.9383008457032 91.9781848365215 89.5807910025252 68.1962748625595 0 117.699497116014 125.759298499134 70.3453787353042 18.7649665749649 41.5012711908774 128.653350830078 81.5075077593834 44.4298770830223 59.1985561756936 135.550307769784 62.1606630010141 93.3087389813092 58.5981642842154 81.0738137350693 31.9317799125552 59.6663153122715 103.380221475099 135.706943136802 0 0 113.470935656956 95.7845562715842 140.922744750977 0 0 0 151.656158349817 0 0 161.258435434768 148.232729133561 178.14485168457 105.258138342323 160.536717839147 0 97.1821212768555 0 189.962799072266 100.910736083984 159.368075519951 0 0 0 155.483139038086 146.073351494993 148.007974075742 164.749250566177 136.656975541867 0 0 173.605151835399 145.689930757441 173.149452401918 141.654445648423 0 0 163.472198486328 132.508294666229 117.155686504709
122.876717848572 0 40.7676718018379 0 0 140.254825376418 109.689051560883 135.210266979469 64.9460063850077 116.457951604472 65.0383294402327 97.302455740477 51.1220310579068 144.96958231849 104.146340126554 54.9310908062206 55.5677626646422 74.6542641977295 56.046083514887 111.435628174196 97.4021707914999 24.115279741626 72.5087721162867 75.6128972810985 23.5210847429132 43.1278565733804 33.2997160726134 98.2209714906159 119.375371260825 103.734330362172 74.3052752063721 171.356811523438 121.352926416763 55.5284218657462 144.590227598921 77.8478152708794 48.5527893989353 57.1371580446255 63.1775354227039 96.1960247665792 113.273539558736 59.402971638047 84.4563926879969 61.3878505334962 65.615200817742 67.6045521192377 105.509963989258 74.1297557630157 0 0 17.4458765159354 56.3291740758084 0 0 0 169.504959106445 0 104.515108884517 169.013168334961 94.6955962881596 0 88.7522309674016 158.580731365015 0 79.0747825529697 70.2477828489517 111.445582374008 77.4478676107303 0 105.593735379596 21.9556708941614 80.8443396711197 130.172318359395 60.3679204183395 63.1937092723187 55.2592858432933 0 164.616455265921 130.365439372545 86.9135400807301 0 0 77.8176617919334 140.781437414331
96.0924375356193 40.7676718018379 0 136.138871859119 152.012426369094 122.71116101328 94.6981227766619 113.685205909956 85.2281546939766 115.661959908228 93.6789122416546 136.529000678945 93.3657288205998 111.860304437461 116.574987763495 76.6329851199094 35.8223401265282 81.2288962575561 60.1753585441976 130.662035892573 59.8149929346056 43.9719799477975 32.8280889331798 97.2582688937762 79.1348235253141 25.4007336170768 35.1312289835995 78.0508251797301 105.623752453598 73.9723775873107 107.713739305696 175.536060649659 91.7857953349092 65.9900914804056 140.321942791217 73.3401254451336 46.9158494219593 61.6143937432195 62.9045273823885 95.8397283935629 106.808869544859 76.2848281860352 119.651165895092 97.3248066730044 106.296284655038 109.24940006305 138.626777676253 0 0 144.132131725561 72.4160634021042 89.4931997785859 0 114.536972045898 158.002777099609 154.412074257808 180.122370698114 122.723939951108 178.907883702291 149.712221840406 135.324150921093 136.874374389648 157.896878294507 181.852262774773 94.4810469650598 109.06948444307 148.487930297852 138.812899875868 0 125.200237261926 58.6387225029511 101.331841714341 137.631920857593 96.072895038606 108.40209547452 86.4193346741123 146.37885607226 159.67529641079 137.136845552367 155.516983032227 0 0 120.072744896823 145.219974330185
75.4426875197321 0 136.138871859119 0 118.918881577018 59.510842006136 40.5898344147981 85.10718905846 61.0870582233082 22.7979983860418 169.983551025391 40.2090813321343 134.769864134932 92.9216289573825 74.6334325930958 110.413744322756 153.51496887207 0 0 11.3047426514185 106.415179755494 98.9441016900105 126.285922275719 30.293414063438 0 140.475201480108 138.258086904227 18.8608817102301 95.9423150858538 91.2018845166349 0 142.29069779075 91.8317237452795 98.228240886702 130.690006844688 90.4230274535753 124.646530151367 95.3269412188097 105.25399929807 66.6621828404139 102.292170748221 117.619270324707 105.136087296916 0 154.036213150733 214.664916992188 100.38391800803 187.200942993164 0 152.034837229451 155.811104223418 195.580807079827 36.3426149972978 0 140.320417368759 134.415331120001 149.221648667822 82.2101189566933 88.8043554068773 0 32.4457220230315 0 179.949293472385 121.706457189163 161.691538894576 0 0 0 35.0632208336618 0 145.687533723627 184.534994278577 118.623490428418 0 215.091888427734 171.42656346686 138.015073003377 159.071220557254 155.237170660254 0 0 0 155.064660321286 165.11560386741
72.9745103813066 0 152.012426369094 118.918881577018 0 11.2107652589572 106.274150898918 23.4202334543859 61.1282820602843 112.956189948163 54.8002583814141 57.0287155157231 58.0849725391854 34.1382426909742 13.7787144972516 104.063873291016 146.287658691406 74.4232832616571 80.1440965355657 103.37651383174 140.651096331677 94.1041864020259 131.917706813234 90.5850203512707 0 95.5807984668507 100.06304937485 116.383226675249 26.998121816462 110.964281971659 135.734008789062 12.4902203460234 85.3778672029366 17.2004079078734 61.2077761060451 64.8279390446012 56.1121977829101 38.0969139498115 41.4794525388933 10.4749464417532 10.3413351430815 56.2134413773942 100.890556335449 80.0126495361328 0 49.2704913511592 37.6682941659845 0 0 0 104.578636169434 101.575653076172 0 28.3130482039881 0 126.196026426029 0 152.824722290039 0 0 150.62688134394 0 0 0 0 0 0 0 0 0 0 144.324119681621 166.960413804397 0 0 119.737548828125 122.93921661377 0 0 0 0 0 0 80.0654031182603
45.7211706176221 140.254825376418 122.71116101328 59.510842006136 11.2107652589572 0 53.8937639245091 21.3994753339558 70.9897329681087 23.7916973032941 70.0476620220489 26.6703230266326 68.9884358717097 27.420650114758 19.7060698308756 114.493332813406 126.49521020169 102.078917495842 142.407197831428 46.1777549031507 101.728112439977 110.318273251523 115.795817263764 71.6330766234036 0 134.968235461136 141.895602321281 61.6386983578906 46.7002785935525 80.1582100545441 0 19.5958599360403 87.3389480885983 42.9512112049024 62.408856107184 82.6347323035691 81.2095862313985 64.5238799892428 74.9039994754994 16.823250860562 18.5454484677611 65.615837448515 153.999166972187 0 125.364323321904 0 100.904849614376 0 0 0 0 200.930540396688 144.650606122533 0 166.07049494726 138.85648108095 152.460180022771 96.3758077847649 157.488805441766 0 86.4635031719731 0 155.426084066049 118.722682521982 161.012109755843 203.656157546411 0 0 142.454030585692 152.436447143555 171.956181436203 189.84453450907 129.470433023402 0 228.841013416322 185.100066508791 143.885029466279 170.738969583125 145.57297391932 0 0 0 135.915854474597 152.275594742532
31.7495576587425 109.689051560883 94.6981227766619 40.5898344147981 106.274150898918 53.8937639245091 0 56.5576032590195 52.0962753913717 21.7928247811452 137.531739365853 55.0821708129211 131.192601470305 45.1489008197823 74.7671339368867 78.3509504001991 109.962459302057 155.32115943882 139.499661698277 35.9361729563561 71.9216326560208 79.1288294294227 84.1617642441693 43.4371597798364 139.26760254417 118.259476103887 108.467374201909 37.9255574668444 56.3188533669431 27.1630928368381 0 121.645999718075 72.1621337166295 81.2666869141675 139.242227763578 79.7393183621969 110.103194380486 83.3502031037213 96.5471654515573 71.6330046788629 90.053529188335 118.603787532014 126.532568328727 142.081817626953 151.308016718416 164.41415401651 100.522472953375 188.285862487253 0 145.051403102206 156.329501665371 145.598196687949 128.370757934135 123.778894095642 131.345003891317 120.277272307144 142.801978022656 74.1788819780253 135.419949238492 0 106.702351952456 0 145.009758243069 110.880108679754 137.497315874318 173.27139719037 0 0 120.590513511932 150.269217430141 133.62235972626 150.383428837076 110.3347763917 0 182.089495365003 151.631375641303 124.281653049942 154.870435906912 133.849602314491 0 0 133.677062988281 162.764192696139 165.881648775657
43.0776326938158 135.210266979469 113.685205909956 85.10718905846 23.4202334543859 21.3994753339558 56.5576032590195 0 79.8404165795081 48.6373665745065 68.0509979518028 49.5792555494273 65.9906701983191 17.7810389663559 43.0602531806875 118.342020113575 119.680598359812 130.085362723611 133.129601183597 69.4011761052352 94.9385307083022 112.810464189824 107.898392745405 84.1334063635901 91.2581288111744 130.975278729211 133.32427808601 84.7132129764499 35.5688827105107 73.7889781574548 118.074534372174 21.7127887823787 93.3799401358251 45.0156020927136 124.424159864916 86.2356092601357 102.023976479379 60.1981599921332 80.7282506196656 36.2419654440791 29.3114475995033 83.3888524436921 169.476228272174 248.926879882812 159.20869673483 110.764549255371 116.409716733324 0 0 146.284522642776 116.707344055176 174.87687732431 153.92142773107 0 157.791000246947 145.94904152665 148.867596298225 106.54813769582 160.926495215112 0 81.72159511816 0 171.520119742697 0 170.845316647 214.765670776367 0 211.227691650391 148.531804257139 167.300329043437 130.458198789152 170.557233157936 136.431554067511 0 162.621949986858 167.792550747174 147.649765785945 160.127486744102 173.877580464346 0 0 161.660293579102 162.592325334158 152.451644488493
70.0566817222622 64.9460063850077 85.2281546939766 61.0870582233082 61.1282820602843 70.9897329681087 52.0962753913717 79.8404165795081 0 68.8871986405501 134.089870721007 21.2390090130386 120.212143714916 85.8966872202671 27.2272156978302 47.4776518954581 102.811677077656 136.616782399795 124.728903097453 50.2353325232492 57.7727376160351 26.7447039417741 72.7766101101466 24.7705924705765 98.1435212023649 112.781814713555 86.4146743996966 52.135352773108 77.1173063034133 57.1190536703333 143.788236909186 125.870541069173 62.11110228346 69.7273061073773 142.016205631159 67.3557652712502 88.6025929759396 80.9834181971824 91.3176775599148 16.9422078777619 79.8975136019528 115.139035686753 69.1169527831156 156.858322143555 111.239452774485 137.482359332528 48.1627212236216 100.202410504109 0 88.7512119305469 75.0519895559869 104.604716066258 78.6257443638815 85.2447817164157 84.3954294383957 79.6453888001786 99.0959463034232 25.772818072988 92.7469109142769 175.917633056641 56.8719488272738 155.140239558774 95.3136665996978 64.4376376271621 71.0669620914809 145.973703280214 0 151.679362622898 77.6345268049109 78.3941731075433 45.5507880151218 91.7749365067094 59.9999296918735 119.203947959273 132.506513495261 117.044297018358 74.5312978077764 99.1022428409672 76.5157434913855 0 221.092803955078 86.3787052701751 92.3699682943203 170.345986598934
62.1847844798067 116.457951604472 115.661959908228 22.7979983860418 112.956189948163 23.7916973032941 21.7928247811452 48.6373665745065 68.8871986405501 0 140.739476275568 26.8984028454643 141.015725751641 57.6720484009449 70.8078057901379 102.562137872791 132.231885700359 0 176.988785956998 16.4902506396396 100.137006984197 100.627217240288 109.727143417059 51.8562449155566 0 140.826126286028 135.993772650155 33.090690456371 95.4712315361294 82.3615649056565 0 128.247816903496 90.0264111298721 96.9679601561878 85.835181125997 92.0796553521339 129.079533203623 95.8415705865807 102.370072190763 71.5623093151278 101.834748567193 128.852852417458 110.953151876503 0 174.630810483262 161.911088672217 111.902007142564 190.655624389648 0 146.559064418189 0 171.692618414495 132.891116644394 149.688785370687 147.68188984403 144.591514958096 160.228638054973 98.7629338336744 155.712887352433 0 104.919912940964 0 161.574339414522 131.575911145524 149.949567759984 0 0 0 137.031037402035 124.60816192627 136.390903039491 177.831365023091 129.125232498676 197.416137695312 227.012245248901 166.468005737308 147.654100536456 162.890082605299 157.525466727486 0 0 154.234832763672 173.457357768252 183.505780366347
99.7340359317978 65.0383294402327 93.6789122416546 169.983551025391 54.8002583814141 70.0476620220489 137.531739365853 68.0509979518028 134.089870721007 140.739476275568 0 114.885538835386 17.9000195669892 70.6023919165287 108.399274102504 124.60769359706 57.3172479956793 19.2344243210041 24.7841771454724 140.817442493114 111.928216439076 100.672683841543 120.566428945128 136.127597051815 30.7287807136931 25.5435081662347 54.2535844905083 140.295139612147 64.5450716884769 119.784125809596 26.669479526573 62.6260322405195 92.4431224880725 23.9303866581108 121.791133729664 73.8759604592244 22.1247694241235 24.055995551145 51.9660116765985 64.1338130969553 41.2269266620316 16.7483694765369 128.873873429421 83.1240640494524 108.877622688272 112.557204226215 110.113059997559 0 0 0 69.34557676432 128.863275111625 0 0 0 0 0 0 0 75.7153309314254 0 49.8786991188172 0 0 186.148498535156 135.196401958598 96.8234468340063 111.67066510584 0 0 137.968641287865 185.182357788086 165.576889038086 50.9469958280326 92.2717293323771 97.026264865693 184.001745362991 151.392349243164 0 92.1134568132174 160.675537109375 0 115.697661746436 143.388373905481
53.9380472625168 97.302455740477 136.529000678945 40.2090813321343 57.0287155157231 26.6703230266326 55.0821708129211 49.5792555494273 21.2390090130386 26.8984028454643 114.885538835386 0 132.190957965543 65.9783580471842 18.6082831653808 96.2883798082684 145.680402563141 0 146.520889282227 14.0387764004957 131.874249180485 65.9359765788447 126.671050876729 27.0535217295893 132.455917358398 161.725143699184 118.925484937185 50.7636827580578 99.0331286260558 98.031817863489 159.16520690918 111.050769654078 106.740763279197 95.0299505147438 17.5030929772071 94.3644650987144 132.233101061138 100.37462549184 102.377684642163 23.1024685535405 91.4632826600032 0 50.8699795097383 0 0 0 68.7246750277736 122.528232982583 0 106.726350596092 141.734802246094 0 93.1162819588437 97.2401027559058 64.5826787101256 125.929324315861 110.691735803767 55.7441269158982 62.9931597069781 0 14.8538570863752 0 130.830937765484 85.4511666671906 0 0 0 0 66.0070261614141 0 86.4004592895508 0 97.9364710179813 0 0 173.816108854577 120.423424371978 165.355854308587 186.366424468179 0 0 0 123.468747600033 184.801915406376
97.4951264496202 51.1220310579068 93.3657288205998 134.769864134932 58.0849725391854 68.9884358717097 131.192601470305 65.9906701983191 120.212143714916 141.015725751641 17.9000195669892 132.190957965543 0 71.3347245215899 171.76426331193 128.006379352614 82.4116545722332 40.4787674800262 51.3782414107995 131.497757556377 110.864061128518 86.1370727681543 107.81906603478 121.977330546041 19.7281560619158 26.0448474171675 27.6505485471027 128.418430555929 64.6255109765901 114.006575907807 10.7610109405263 62.7464620676591 59.8948173522949 28.5283703578923 76.8895639543903 31.7433700210384 16.2352870142357 21.2985857728977 18.0237172554083 47.8394818985955 16.5715853088284 11.268502303351 84.7084632069115 84.7833083463477 98.3634632884771 86.3766839253823 101.893244447425 0 0 0 62.9388800322821 135.852990922258 0 71.9638089365376 0 151.570727552011 125.366775512695 168.778137470807 0 69.7747825326983 0 60.4549301079122 130.355606077231 0 0 131.899604741931 86.6071638910875 97.051934393528 184.301513671875 181.813764283295 132.68286525781 151.088050168686 0 44.5838974847568 84.3411488874192 88.3411241843906 0 155.559478759766 124.764656066895 86.5454915264287 0 0 105.085272598638 75.5106536680281
17.1412934867162 144.96958231849 111.860304437461 92.9216289573825 34.1382426909742 27.420650114758 45.1489008197823 17.7810389663559 85.8966872202671 57.6720484009449 70.6023919165287 65.9783580471842 71.3347245215899 0 38.9518461463529 120.010617796391 119.490652679075 106.816023644245 140.02529679167 78.8450366631747 94.7661007055885 108.24811168399 103.743878359685 81.6686802430516 75.6702782597913 130.283327620547 133.964609477449 87.259163096861 26.3791529022766 65.9795558910751 0 23.3697775449929 65.4517423547603 47.6325419641967 128.129936036764 76.1745114358273 91.758578871397 59.862748225068 83.2786012463528 32.7895408438055 38.4411322321443 85.8270493438255 146.70182114644 141.121002197266 166.63304254996 159.419586152684 144.543954428261 0 0 155.988576325215 199.233596801758 233.766873448921 170.347114546633 119.028560516297 154.912958340452 167.569567070505 163.606057211778 110.209095928163 172.427243159107 0 163.543534152796 112.36481944391 193.31789043432 111.350128173828 152.779843299945 171.974767415419 0 0 155.36116027832 164.152823158976 138.296330399687 177.003233243377 143.83670117072 0 184.281234741211 167.969275340858 155.19584951544 165.263080394176 156.314250520755 0 0 147.486221313477 171.292271159512 120.951209437509
41.322922550762 104.146340126554 116.574987763495 74.6334325930958 13.7787144972516 19.7060698308756 74.7671339368867 43.0602531806875 27.2272156978302 70.8078057901379 108.399274102504 18.6082831653808 171.76426331193 38.9518461463529 0 90.7550747252854 130.895415010553 0 114.519062552022 54.6768652514052 110.929565254991 72.5608718588249 117.230066761811 43.2042371168918 146.110366821289 141.985234504736 122.439004913819 72.9230958988512 63.0482645023534 91.2579961101611 0 44.5676417559961 114.50186920166 51.932923801068 33.1739455628139 110.05768575522 119.610122680664 85.9668592703644 100.13794708252 11.1796794017025 32.5305426018301 0 78.1615863047563 0 0 0 72.4388030511083 0 0 0 0 0 130.129827824353 0 224.483322143555 123.253354335246 0 100.594787177665 124.547733096888 0 98.6501439718874 0 99.2394332885742 0 163.226058959961 177.68586730957 0 0 87.5338070169283 0 0 187.535552978516 88.8432664320117 0 0 0 134.143478393555 0 0 0 0 137.695083618164 0 53.7472610473633
103.894067957462 54.9310908062206 76.6329851199094 110.413744322756 104.063873291016 114.493332813406 78.3509504001991 118.342020113575 47.4776518954581 102.562137872791 124.60769359706 96.2883798082684 128.006379352614 120.010617796391 90.7550747252854 0 97.9111871122483 156.795303344727 125.34815683104 114.267478275875 19.0817679848347 28.3638250632655 15.8359004039482 37.2300637150543 94.0614180396322 106.002813756966 25.4827999161744 30.9828188070816 96.7258867241321 74.663091830774 0 134.031864938798 84.9565883560993 65.5280770415157 141.710195314942 67.0600324107621 58.0720972973475 75.1566799552267 73.351976614546 78.5806117022727 94.8243470026176 107.149035932776 124.009180466594 124.243362426758 130.096049386999 129.137387586053 121.485357121859 156.286432971511 0 128.938903666545 99.2468470995744 115.638972048644 0 0 199.179977416992 126.670979293788 0 79.5666951601679 165.459544638227 0 127.696196790107 0 171.938529329646 125.198206603666 92.244809008033 140.04048462713 240.678070068359 195.824462890625 0 112.509150099666 58.3143293425642 101.550467730683 113.630618930486 0 134.079568494982 107.237822174917 118.249228728454 140.131856961424 114.344977228012 0 0 138.520805473604 141.000519276689 149.193745445823
100.117274463536 55.5677626646422 35.8223401265282 153.51496887207 146.287658691406 126.49521020169 109.962459302057 119.680598359812 102.811677077656 132.231885700359 57.3172479956793 145.680402563141 82.4116545722332 119.490652679075 130.895415010553 97.9111871122483 0 63.3555994487875 25.1743266139631 143.32268179712 54.9046095744686 69.7959055847777 26.254854397712 120.246234729679 73.2716897738691 30.532143983675 67.1715573403675 99.2293355017013 100.580902098206 71.5756983161662 90.1782858137578 160.869359434572 86.9931111278036 39.8948092799832 145.71893948189 80.4229539488089 48.0805954123372 56.2517198861099 66.2019184395071 103.864988900201 125.89302557532 88.1145592210772 155.573098162792 129.478975166484 127.760108133875 124.370226493157 0 114.404510498047 0 0 74.5890446603606 109.990676448623 164.386108398438 0 0 0 0 189.495986938477 0 137.021183708414 0 117.211533186028 0 0 125.690757029618 110.745747705092 132.398818969727 120.549478032147 0 173.461153992447 79.0074201514466 128.897087627956 157.239733123703 86.6692361236679 113.499843227251 109.519154427952 170.105164351999 198.061569213867 148.536796174732 156.046763911339 0 0 127.715770477953 153.161381863766
114.369804382324 74.6542641977295 81.2288962575561 0 74.4232832616571 102.078917495842 155.32115943882 130.085362723611 136.616782399795 0 19.2344243210041 0 40.4787674800262 106.816023644245 0 156.795303344727 63.3555994487875 0 16.2217790712267 0 126.190572617101 99.7972477935282 103.43588258493 159.479323715829 44.9047548940225 22.7019571991162 60.8144982410268 128.031784057617 102.854561694428 140.320705193283 52.4885018200636 98.205249845941 0 50.9078787989048 100.112419128418 87.2960586366516 48.4829131770676 50.5209011775075 67.5421583592792 90.1528428063853 56.7123477225143 53.5235376095641 155.32553271326 111.176446088135 112.803076192497 0 0 0 0 0 90.222718531351 155.805353311063 0 152.218414306641 0 0 0 186.020803381869 0 90.7104877609586 0 77.0732340257216 151.913208007812 0 0 137.30372809636 102.364226033587 106.396416936624 0 0 160.472454102965 0 0 60.8400366272508 96.1748660670739 97.1735907113517 0 151.49755859375 0 100.607699750751 171.882976827389 0 120.550519230086 179.703062737317
126.101173434877 56.046083514887 60.1753585441976 0 80.1440965355657 142.407197831428 139.499661698277 133.129601183597 124.728903097453 176.988785956998 24.7841771454724 146.520889282227 51.3782414107995 140.02529679167 114.519062552022 125.34815683104 25.1743266139631 16.2217790712267 0 0 88.2072454209714 93.0447658572675 70.6454984132711 140.361506794333 46.94582770737 29.2407607602303 61.78858355346 130.389038971851 115.180617046887 105.027931559125 64.7542987810431 107.684542664931 124.896915434035 41.83377131087 171.176490475955 81.2254435486769 42.6078777639897 44.6969834305819 58.5036538024658 94.4785120819502 92.9837825840199 66.2548563936656 140.632055638603 117.46418767808 119.159770171678 119.976452979096 188.930068969727 0 0 0 65.6681963065162 129.094039726769 0 0 0 190.209335327148 0 0 0 98.3374822818813 0 89.2180145405142 0 0 186.531888912057 125.167543878091 109.730235134527 112.714079004697 0 148.336591952195 134.85572194901 149.366025861578 186.865539550781 65.4647407189525 98.9281819018276 102.892228538115 186.942782316691 174.512969970703 0 109.428997571072 0 0 121.118717392474 145.922232949527
71.86998494937 111.435628174196 130.662035892573 11.3047426514185 103.37651383174 46.1777549031507 35.9361729563561 69.4011761052352 50.2353325232492 16.4902506396396 140.817442493114 14.0387764004957 131.497757556377 78.8450366631747 54.6768652514052 114.267478275875 143.32268179712 0 0 0 109.949499512017 88.4350880658345 131.629428877893 22.0450779723582 0 143.342667591516 160.361698846978 30.433717641362 95.3399327262408 86.4999971551894 0 127.659783387281 91.0424695209087 91.9461446174555 60.7097063140099 89.1871326809136 0 91.7734897266635 108.331640470952 52.0345049533411 99.1443844553033 148.826614379883 87.4165980132918 0 173.156248384069 0 87.3991193275346 0 0 171.212639515474 182.41115191249 0 43.6435700657862 0 128.134903278829 129.010557375646 131.84832253508 78.4137189019461 142.322722857867 0 65.5422118037031 0 171.899877888543 102.757218970902 128.136123657227 0 0 0 123.952893124866 168.980863553203 110.045761655859 174.153396952417 110.142026918937 0 0 164.171690663988 138.066620223933 190.331752174055 144.091565573118 0 0 0 160.036790387992 142.199890136719
77.9383008457032 97.4021707914999 59.8149929346056 106.415179755494 140.651096331677 101.728112439977 71.9216326560208 94.9385307083022 57.7727376160351 100.137006984197 111.928216439076 131.874249180485 110.864061128518 94.7661007055885 110.929565254991 19.0817679848347 54.9046095744686 126.190572617101 88.2072454209714 109.949499512017 0 54.1367736895 32.6146173408736 47.6785697607487 126.076861253121 83.4360888423986 68.3781825380581 31.3764525189597 81.9939227485918 31.3748443924498 137.580459594727 141.67767420826 71.5051697196796 41.8367100437266 135.754249223372 65.8850650908015 53.5577316806992 63.0946500434416 68.3797910238961 79.8514662313155 81.8599120363104 98.0866872538951 131.920773211079 148.666061564076 140.081362398396 146.414890125595 126.124186056019 130.748230419925 0 128.272157365997 141.45337703462 135.958453393834 150.734352139423 171.893990479909 161.101921825751 137.94507217618 162.508504788634 82.8983863666841 158.350845339422 0 111.120094299316 0 165.377895451101 169.454956054688 108.53431782757 160.13695374589 206.821411132812 176.320133797749 0 120.424114142674 80.0287652769465 125.33858867576 117.807127492523 158.03564453125 152.600310374937 128.97346828939 121.289042018313 144.401201615168 119.402800934572 200.879623413086 185.082611083984 123.214892933175 136.151271683766 146.324274451697
91.9781848365215 24.115279741626 43.9719799477975 98.9441016900105 94.1041864020259 110.318273251523 79.1288294294227 112.810464189824 26.7447039417741 100.627217240288 100.672683841543 65.9359765788447 86.1370727681543 108.24811168399 72.5608718588249 28.3638250632655 69.7959055847777 99.7972477935282 93.0447658572675 88.4350880658345 54.1367736895 0 50.1851914950984 32.5240152329367 61.6987541092152 78.3131635767539 37.6621020379588 59.8372388713014 87.9838132180238 65.0480339019478 110.714048630631 152.05224609375 72.1466685982663 60.2680599869697 135.665596366444 61.8525974709728 42.8965062585639 59.2579242067178 60.0429736005574 67.166005753418 83.7020991918548 89.737588793352 95.7023310528551 99.5497450043099 96.020634634419 110.471499285728 95.0511052142348 118.660964595304 0 113.715373333098 55.4883831565359 68.4680156197781 143.984673174133 102.731246948242 141.670562745553 112.293637959922 175.872131347656 54.7734127125977 141.796686544019 130.71854350991 105.27860145682 96.9690933227539 119.734319231826 0 59.4179787372965 94.7922006112394 157.422585774005 123.044990539551 146.259789300538 70.7890888795145 24.814970650937 71.2033890339057 92.0733749175398 94.7696443421437 111.5610463367 64.1374972421765 85.0238488761267 95.8715010911603 79.9977605676201 113.928771972656 0 72.1662004906224 94.2707882894842 131.938183103113
89.5807910025252 72.5087721162867 32.8280889331798 126.285922275719 131.917706813234 115.795817263764 84.1617642441693 107.898392745405 72.7766101101466 109.727143417059 120.566428945128 126.671050876729 107.81906603478 103.743878359685 117.230066761811 15.8359004039482 26.254854397712 103.43588258493 70.6454984132711 131.629428877893 32.6146173408736 50.1851914950984 0 65.9819551772982 152.11976362125 63.3033289607908 36.270812367398 51.6363760260533 93.4549474810016 58.7181882821651 151.734008789062 143.225896185199 81.2364880360113 47.4701381489426 136.161566720075 66.4380073160173 47.9253216608355 61.5666560912953 66.4930663785859 80.0392384081792 91.7285822809465 94.7952933296477 136.103064275534 121.914826342662 132.336957628252 127.258474282945 130.515046865562 148.299969974689 120.420875549316 172.28367381805 101.278223814518 107.61230732837 175.164428710938 107.020896582323 172.982923062872 147.125104489414 171.180623637893 105.999941840997 175.138879955847 234.86100769043 178.339019775391 130.391078440493 171.318154990408 132.549438476562 97.9442464942288 136.045885279141 158.309005737305 161.180224523256 165.717376708984 122.258697960575 69.6672617580777 106.104820165808 128.904572961194 164.096398679719 139.760535828484 100.98597595047 130.641297013525 165.839137656008 125.2265966678 194.497131347656 0 142.799015623613 141.186631879534 141.366171358166
68.1962748625595 75.6128972810985 97.2582688937762 30.293414063438 90.5850203512707 71.6330766234036 43.4371597798364 84.1334063635901 24.7705924705765 51.8562449155566 136.127597051815 27.0535217295893 121.977330546041 81.6686802430516 43.2042371168918 37.2300637150543 120.246234729679 159.479323715829 140.361506794333 22.0450779723582 47.6785697607487 32.5240152329367 65.9819551772982 0 114.221845181682 126.588099608244 78.0040039527203 20.4195730729551 80.7042277033937 63.1154413258722 0 131.134491569768 69.8938697859342 70.3696766440867 141.947546990101 71.063933355373 95.2691960436831 79.8170778812467 86.709551784759 40.0412339550055 83.8015502800133 110.940479300213 100.550633205657 139.158786209393 133.611115309341 143.331839594736 71.8402650088446 153.64936662132 0 124.652723948893 122.772965061735 138.301332249172 67.5956610633072 110.732460642182 116.321914619419 109.689505728991 125.335768624935 59.7194009892404 119.480419447555 215.474609375 80.7743562687823 0 130.416412621622 85.9124358855606 108.382496461954 159.601482589837 210.716201782227 177.66572628576 46.9191795304908 121.395102563517 95.3262241964122 127.173275815293 95.7008021564844 0 168.783514501245 142.03946357472 109.457349495476 135.428736226267 117.409593342993 0 215.669035687097 129.332452694638 115.681157465333 148.555464249659
0 23.5210847429132 79.1348235253141 0 0 0 139.26760254417 91.2581288111744 98.1435212023649 0 30.7287807136931 132.455917358398 19.7281560619158 75.6702782597913 146.110366821289 94.0614180396322 73.2716897738691 44.9047548940225 46.94582770737 0 126.076861253121 61.6987541092152 152.11976362125 114.221845181682 0 38.2489573492558 32.597686590075 125.004575377902 100.121006661443 132.354220515501 44.8179055259769 93.7473306879417 0 51.7162308284771 0 88.4638650030888 12.2019325319612 39.8635342596348 70.1773217773728 93.7525583591065 52.1403909848737 13.2759107255824 116.922290977673 40.0005669986937 73.1269398144964 83.5099092812026 164.06322408054 0 17.9337525315338 0 17.4235340152379 100.316601633837 0 97.2804718017578 0 0 133.797286987305 135.906111260236 0 58.3399381902288 0 46.3598924222016 143.350094315106 0 0 94.5778992207077 76.18309806287 68.0667613967323 0 152.205688368306 120.895220955101 0 143.693176269531 21.7192570072334 61.9565447367283 58.7776048523113 0 0 107.22198448543 74.7020865869651 0 0 65.9307962332559 238.483062744141
117.699497116014 43.1278565733804 25.4007336170768 140.475201480108 95.5807984668507 134.968235461136 118.259476103887 130.975278729211 112.781814713555 140.826126286028 25.5435081662347 161.725143699184 26.0448474171675 130.283327620547 141.985234504736 106.002813756966 30.532143983675 22.7019571991162 29.2407607602303 143.342667591516 83.4360888423986 78.3131635767539 63.3033289607908 126.588099608244 38.2489573492558 0 32.3692247708225 106.753447583057 117.429207742353 95.9390983483521 20.020078622382 116.123863300052 113.036411644613 57.4090487399835 141.793308067756 90.763259759484 51.663605494253 58.3870140775344 69.4986801160128 128.873803430132 113.870227984398 56.6377515369041 137.076660269054 103.230468105639 105.192164535033 116.37110559223 152.921233573808 127.58619743184 96.9657161969381 161.295547485352 56.2880967067603 100.023025689507 0 148.113540649414 191.207586637389 189.876694701971 193.691855836224 150.285633310012 191.772644042969 90.0440872217076 183.786991435992 77.6849117540558 161.777328491211 0 139.245972782369 104.894255029416 99.4552572702052 100.977860230038 0 143.970180839213 102.626738903898 142.675159614282 160.238504761826 56.3102037992988 90.9176268848968 90.6605217672731 174.194781167923 219.514265117709 154.525223809452 97.6245848119886 188.519656722365 0 105.008110545848 150.870626433965
125.759298499134 33.2997160726134 35.1312289835995 138.258086904227 100.06304937485 141.895602321281 108.467374201909 133.32427808601 86.4146743996966 135.993772650155 54.2535844905083 118.925484937185 27.6505485471027 133.964609477449 122.439004913819 25.4827999161744 67.1715573403675 60.8144982410268 61.78858355346 160.361698846978 68.3781825380581 37.6621020379588 36.270812367398 78.0040039527203 32.597686590075 32.3692247708225 0 73.7064117996523 123.100930267647 101.139347570122 19.5974315006807 134.524311671218 109.40334365938 65.9053651681233 141.763873601396 76.1824316418331 55.8521741443313 67.7436493909226 71.8496082632237 91.6484773126857 89.3959537131197 69.5634997982119 123.970052671992 97.2371152845586 105.400662098687 111.935555786698 143.192703283864 138.345189534568 167.065811157227 167.652296094354 57.9584829460766 89.9251939817779 155.355940117148 112.028991566973 184.560860508674 148.615398688641 176.052916440337 135.678120139323 169.860074768095 99.1414403202615 140.370343550678 87.5447510717902 166.13499419456 144.882998237316 95.4936412368604 106.127322068287 110.422671091138 109.711527054483 195.589887163133 132.605732147606 65.8392173823333 100.503182161417 131.963677842643 63.6505359964578 96.0042472687258 89.0428881924629 138.270895500123 163.771933768884 140.103962994914 108.602516271324 156.065795898438 156.657804162615 110.921797388448 145.175472562273
70.3453787353042 98.2209714906159 78.0508251797301 18.8608817102301 116.383226675249 61.6386983578906 37.9255574668444 84.7132129764499 52.135352773108 33.090690456371 140.295139612147 50.7636827580578 128.418430555929 87.259163096861 72.9230958988512 30.9828188070816 99.2293355017013 128.031784057617 130.389038971851 30.433717641362 31.3764525189597 59.8372388713014 51.6363760260533 20.4195730729551 125.004575377902 106.753447583057 73.7064117996523 0 85.8634997151468 44.066770136883 172.776138305664 136.636590332463 73.828322321102 66.7980547579473 139.847864426454 74.3980140414871 81.2728597635088 80.6457000606197 84.2314462920354 76.2228896431602 92.1174414477199 111.832076454471 117.880299866886 157.884315312372 148.591973937579 143.030831131273 100.8910710054 147.626524921679 0 127.758756024492 135.153460129721 149.506329295115 109.730547880226 138.853899956778 137.826798440533 122.995806577533 144.285363137925 80.8944120745187 140.991818331185 0 109.990983245651 238.608169555664 145.621142706902 114.183425766216 118.484843159899 179.854574400929 227.488998413086 201.150385269378 121.738580735278 129.049998952694 107.398336073763 137.160522589569 112.150167536249 188.312492071523 194.815661245715 136.324539492492 122.919358282153 143.927710835224 130.037628702442 0 198.21537606795 130.319970339271 139.602521657793 161.096512099913
18.7649665749649 119.375371260825 105.623752453598 95.9423150858538 26.998121816462 46.7002785935525 56.3188533669431 35.5688827105107 77.1173063034133 95.4712315361294 64.5450716884769 99.0331286260558 64.6255109765901 26.3791529022766 63.0482645023534 96.7258867241321 100.580902098206 102.854561694428 115.180617046887 95.3399327262408 81.9939227485918 87.9838132180238 93.4549474810016 80.7042277033937 100.121006661443 117.429207742353 123.100930267647 85.8634997151468 0 36.9810070617507 129.584030151367 21.6953364436014 17.8670056010003 34.5247604630367 111.49023851671 58.8842198804419 78.5696579778839 48.0300975759045 65.7417584102029 38.2384758255914 33.3806454748182 66.3047076514439 123.399449135438 131.983749389648 129.391131097065 119.723612711972 121.945838283244 0 0 134.571432374615 185.240173339844 169.800693703667 157.832961441967 206.878646850586 161.055173002015 150.67820959096 156.367872625221 101.652358859108 170.384584088952 138.988555908203 150.453033049755 0 172.667728806311 112.462043762207 145.723775154774 228.538482666016 0 0 121.416257394464 157.753784213216 133.058590243912 167.685056538526 135.152872689775 111.193801879883 179.384002685547 166.419298011299 142.789679517313 155.283677226839 146.104710420806 0 137.937469482422 153.214097650512 158.589306094158 128.075403801294
41.5012711908774 103.734330362172 73.9723775873107 91.2018845166349 110.964281971659 80.1582100545441 27.1630928368381 73.7889781574548 57.1190536703333 82.3615649056565 119.784125809596 98.031817863489 114.006575907807 65.9795558910751 91.2579961101611 74.663091830774 71.5756983161662 140.320705193283 105.027931559125 86.4999971551894 31.3748443924498 65.0480339019478 58.7181882821651 63.1154413258722 132.354220515501 95.9390983483521 101.139347570122 44.066770136883 36.9810070617507 0 168.738342285156 124.173204650326 43.4538541122926 36.4269304823433 125.643934203845 60.3820830156871 65.9489034520284 60.5639392058806 68.9541584063769 71.1710641608736 78.745388667195 129.901044615413 128.349214369769 143.784058071041 147.158814982632 155.719650632054 128.489183635975 186.529656884003 0 135.779031155897 0 137.811163731285 132.88479133928 143.000961303711 146.71203169058 127.995460540095 150.828557770622 87.3129206891073 143.227901688185 203.553737892995 151.275110251359 0 151.034560623763 209.020919799805 116.172966334788 177.81568224381 0 168.208682050797 138.348856125757 127.866151269304 95.8087052210097 138.906493485049 115.326063810284 169.226593017578 145.553939819336 143.364255332582 120.9714393743 142.815136607088 124.572444979235 0 0 136.323342967743 140.070055275335 133.29765568609
128.653350830078 74.3052752063721 107.713739305696 0 135.734008789062 0 0 118.074534372174 143.788236909186 0 26.669479526573 159.16520690918 10.7610109405263 0 0 0 90.1782858137578 52.4885018200636 64.7542987810431 0 137.580459594727 110.714048630631 151.734008789062 0 44.8179055259769 20.020078622382 19.5974315006807 172.776138305664 129.584030151367 168.738342285156 0 112.23860168457 0 73.9859572362474 0 105.714346767481 60.840766117624 66.922458831965 110.082103854106 0 0 59.4602610455601 0 0 123.742387695974 0 0 0 0 0 70.1717605508902 0 0 0 0 0 175.321105957031 0 0 88.9729037832806 0 84.7386402084615 0 0 0 0 110.605101510079 114.666428321728 0 0 0 0 201.44189453125 63.2887511330988 103.111872907624 104.37087121999 0 0 0 102.316055267089 0 0 131.689468383789 0
81.5075077593834 171.356811523438 175.536060649659 142.29069779075 12.4902203460234 19.5958599360403 121.645999718075 21.7127887823787 125.870541069173 128.247816903496 62.6260322405195 111.050769654078 62.7464620676591 23.3697775449929 44.5676417559961 134.031864938798 160.869359434572 98.205249845941 107.684542664931 127.659783387281 141.67767420826 152.05224609375 143.225896185199 131.134491569768 93.7473306879417 116.123863300052 134.524311671218 136.636590332463 21.6953364436014 124.173204650326 112.23860168457 0 78.7990802709483 27.6989634162609 134.915725536849 75.2164296695947 65.4715508877531 47.6254535476421 64.6332423707492 40.8150048975002 22.8242121673353 67.2006178320833 142.789810180664 0 0 0 0 0 0 0 0 0 0 0 0 179.275405883789 0 0 215.875183105469 126.35181427002 0 0 0 0 0 0 0 151.175155639648 0 0 0 0 187.014944204102 0 0 240.0849609375 209.135833740234 0 0 0 0 0 0 0
44.4298770830223 121.352926416763 91.7857953349092 91.8317237452795 85.3778672029366 87.3389480885983 72.1621337166295 93.3799401358251 62.11110228346 90.0264111298721 92.4431224880725 106.740763279197 59.8948173522949 65.4517423547603 114.50186920166 84.9565883560993 86.9931111278036 0 124.896915434035 91.0424695209087 71.5051697196796 72.1466685982663 81.2364880360113 69.8938697859342 0 113.036411644613 109.40334365938 73.828322321102 17.8670056010003 43.4538541122926 0 78.7990802709483 0 26.4993396475445 98.4422565721614 38.2677680759523 70.9284182859401 35.550096103383 54.6247943272812 47.9023137925994 48.7742565553416 113.35587310791 103.921471590663 0 107.160946226715 119.803665161133 111.53764046741 0 0 0 132.371887207031 127.647422790527 0 75.1361923217773 152.399586445948 141.088912770493 187.013275146484 91.3274048049615 174.373885433937 0 0 154.894683837891 0 189.575378417969 126.365367942177 0 0 187.791305541992 135.571654323088 140.308820380559 101.277344490037 154.635734243089 128.597154383662 0 0 162.388192979206 133.684580671013 0 139.698426269416 0 0 0 132.450790405273 95.251494026614
