0 13.3446783423424 200.340484321117 28.9730297923088 6.06805431842804 296.095904767513 6048.76913052797 1753.00746792555 214.222573280334 543.197804301977 66.9656143188477 52.7447828054428 18.1592282652855 15183.1728507578 15.9711019992828 16.4110911786556 155.573772788048 8.40202459692955 40.3941296041012 23.3060541152954 325.970640003681 58.9496727585793 603.689641922712 376.921092748642 1.49189200997353 114.27108168602 147.777246057987 712.499300062656 12422.685323745 6519.39328306913 2.04313468933105 24.7377039790154 290.545551717281 614.598509848118 27.2368029654026 770.897943109274 58.6297626495361 398.728525787592 95.8835797309875 268.999441385269 115.393934220076 1.19336569309235 22.8765022754669 1.0046010017395 8.48122987151146 6.33629482984543 0 2.01613068580627 0 9.09386271238327 0.715163767337799 0 0.621666491031647 0 1.48302161693573 63.8715081810951 3.88672912120819 33.3609726727009 7.76753631234169 0 0 1.25851726531982 7.08670052886009 0 4.43148452043533 0.658821225166321 0.489227026700974 0 0.468972206115723 9.1394259929657 15.6847329735756 8.69888532161713 82.583630502224 0 2.21832740306854 14.7887097001076 113.205684632063 24.2787631452084 24.3965749740601 0 0 0.826057612895966 7.58035445213318 9.87502813339233
13.3446783423424 0 1064.11595609784 1.85668915510178 1.7113524377346 6.13968838751316 59.4838331639767 16.812078088522 725.407423257828 9.76512870192528 280.638845056295 14.3799139559269 1581.27108170092 19.5404246747494 15.0853373110294 227.23150742054 513.367809534073 74.2104771733284 240.460802197456 1.73430120944977 84.0305212438107 2624.17194113135 633.529849410057 612.926516234875 2541.32011640072 1785.14956355095 12978.9036476612 154.852921664715 29.3752106428146 116.28423795104 100.231943577528 0 9.88515266776085 427.118152111769 5.90852057933807 517.961343258619 291.483291119337 740.752236932516 175.339935868979 60.5199999213219 5.95083463191986 199.988422334194 10.2508249878883 47.8770217299461 43.3107908964157 13.436103105545 2.2587081193924 0 1.16712403297424 1.70934402942657 97.5957514047623 114.658677190542 2.3000214099884 0 0.504640996456146 12.0534006357193 0 5.42976051568985 4.51818209886551 7.86532980203629 0 25.7613877654076 0 0 4.26469081640244 36.2586789727211 3.1732571721077 31.1327325105667 2.45188707113266 9.12140095233917 13.312703192234 93.6076998710632 12.7097997069359 11.968169271946 235.783912211657 518.219916433096 12.7513099312782 0 4.56362679600716 1.52157378196716 0 0 13.8252013325691 1.58371555805206
200.340484321117 1064.11595609784 0 8.07047656178474 0 35.4654604792595 1465.92998278141 240.789699465036 72.5791272372007 62.6930363178253 204.914539039135 3.56083595752716 42.2642869949341 271.819664105773 3.15128010511398 104.462964177132 3905.8278798759 115.501644402742 923.413823843002 3.74299243092537 1562.7476067543 240.754013001919 19263.4548981786 269.192830830812 32.3718072772026 19746.180947274 15630.9982536435 1366.52690556645 210.560960590839 2293.55796784163 17.6785231530666 1.6953829228878 20.4954855442047 1800.64365628362 62.2576830089092 3085.73728483915 1964.60964265466 3690.85707056522 1442.28853157163 91.6251569092274 26.8825507164001 9.08829280734062 72.0146191120148 212.040343642235 177.178603589535 47.9831855893135 4.05542969703674 1.32304215431213 0 2.18060559034348 263.635247647762 691.30121922493 0 0 0 29.1840169131756 2.48756083846092 13.155453056097 1.92553180456161 8.21772694587708 0.555616855621338 5.42119520902634 3.718909740448 0.597066819667816 48.5025693774223 181.968987345695 8.35763531923294 47.2223446369171 0.507652223110199 45.882132768631 126.284990042448 375.968339622021 38.5307112336159 13.435315489769 427.01205471158 2184.08781602979 54.1033484041691 1.39858376979828 36.0027917921543 0.449938297271729 0 0.869792997837067 46.9119703769684 11.6857354342937
28.9730297923088 1.85668915510178 8.07047656178474 0 0.910538971424103 230.921594291925 426.067394018173 160.321955651045 674.161328136921 7445.01376250386 3.18883347511292 3104.10476058722 1.77994593977928 103.765224188566 18.7533106803894 3.1371291577816 1.01749837398529 0 0 29666.9840636551 7.09169590473175 14.5048969686031 11.6570836007595 2136.80879351497 1.40084660053253 5.62724995613098 17.7370191514492 12760.5253933668 133.487853109837 19.2794922888279 0 2.16574013233185 7.49599543213844 55.177909463644 3.53991249203682 143.980733931065 2.95727378129959 38.5134524106979 11.7116457819939 146.330778181553 11.525416135788 0 13.5109206736088 0 5.51693099737167 1.92325466871262 26.0525450706482 0.608851730823517 0 2.19259935617447 0 0.609965264797211 308.730044960976 0 44.2013201117516 129.764773547649 10.9036742150784 39.4663648307323 142.020405501127 0 361.752246499062 0 5.7895684838295 3.31687140464783 1.64390474557877 0 0 0 94.4296931028366 0.355066329240799 2.45775681734085 0 139.81255120039 1.40579128265381 0 1.82747247815132 170.406404852867 5.53397852182388 3.32057264447212 0 0 0.52988213300705 6.36797964572906 0.302502751350403
6.06805431842804 1.7113524377346 0 0.910538971424103 0 5184.80284187198 7.76823189854622 773.616872280836 59.0206360816956 13.8071542084217 11.5914361476898 87.636581659317 6.13242250680923 254.506180077791 2745.59062209725 0 0 1.85657799243927 0 1.41194093227386 0.824116289615631 3.57074978947639 2.20568287372589 19.4860033690929 3.10138732194901 2.02982944250107 2.90749463438988 12.2896420955658 319.866064310074 12.1672854423523 1.22657883167267 3856.34798893332 0.949844837188721 1705.76433217525 22.0205284655094 69.4859346151352 0 66.7049037218094 20.3621774315834 8691.1852773428 5631.23063099384 4.54755032062531 0 0 0 1.72513771057129 0 0 0 0 0 0 0 0 0 0.482262164354324 0 0 0 0 1.14379990100861 0 0 0 0 0 0 0 0 0 0 0 1.52656769752502 0 0 0 0 0 0 0 0 0 0 11.1837149262428
296.095904767513 6.13968838751316 35.4654604792595 230.921594291925 5184.80284187198 0 2276.13134172559 19815.6590854824 161.639205724001 14837.9555166066 107.102852404118 4884.4843043983 34.9892105162144 3534.02225342393 6315.31599500775 4.32608282566071 10.1621761620045 6.77662280201912 9.46393471956253 432.964350193739 31.2344937026501 13.1281913518906 65.6101328730583 259.254746258259 4.90944463014603 22.3022646009922 26.3662099540234 703.660252451897 1091.3067895174 138.980425477028 0 7585.14383241534 14.7957856953144 1441.50392523408 13.4702780246735 362.910518795252 19.6698330044746 263.327804356813 150.552926361561 10923.5688714385 2601.94869357347 10.3382371068001 3.24184876680374 0 6.1719223856926 1.18489587306976 8.1852855682373 0 0 1.29830706119537 0 0.526831805706024 4.54388979077339 0 6.79265031218529 52.1982551217079 4.06733071804047 15.0165664255619 17.3880397379398 2.16203618049622 4.80528169870377 0 3.19817900657654 0 1.8225080370903 1.59750521183014 0 0.765946626663208 3.53858277201653 1.40849217772484 1.14161372184753 0 59.8938241302967 0 0.397799760103226 3.81125819683075 60.1320947408676 4.57970771193504 3.14081209897995 0 0 1.43377676606178 1.40077114105225 3.53083217144012
6048.76913052797 59.4838331639767 1465.92998278141 426.067394018173 7.76823189854622 2276.13134172559 0 6522.41678711772 1978.29473385215 10374.9487041235 81.3810206949711 503.788611322641 41.7879119217396 8444.66398739815 68.9262715578079 190.093349128962 206.001161843538 14.6317300200462 57.4998078346252 227.377736002207 1801.34498420358 347.651672124863 2771.27555409074 6126.64518105984 11.3753071129322 474.296577230096 872.027794450521 18470.9996990263 3482.88877153397 13711.3925538361 4.92660254240036 44.5303159356117 426.310701668262 1256.72275346518 65.4861413240433 2615.63520652056 169.174768596888 1058.77238987386 335.62465146184 675.051866173744 207.203725725412 8.804517775774 87.7424225211143 9.70013225078583 101.482598662376 31.654294282198 54.2265119850636 3.63452854752541 0 51.9342556595802 11.4508882761002 15.5026609003544 115.215924322605 0 51.1794880926609 778.665474236012 78.7990175485611 294.858988881111 161.381727218628 2.50308310985565 14.6506161987782 1.76009356975555 87.8875244259834 6.37300676107407 32.8735826909542 3.7614820599556 0.582917034626007 1.61333483457565 38.7189945578575 35.0730631649494 44.9406021535397 52.2565567195415 1244.65963101387 0.969137907028198 14.193658798933 41.0981898605824 1037.63574185967 111.261283874512 148.651288539171 0 0 15.8020950853825 56.6542239189148 27.6469244360924
1753.00746792555 16.812078088522 240.789699465036 160.321955651045 773.616872280836 19815.6590854824 6522.41678711772 0 264.380958080292 4650.75735473633 232.472826987505 1452.81051835418 57.5282448679209 13458.2582495809 488.377259790897 16.1332125067711 118.15880253911 9.05242505669594 41.4117197096348 238.608778685331 289.957440525293 53.9885856807232 580.897948205471 680.022684574127 5.4396066069603 145.849806770682 140.854594647884 1175.18426513672 2640.66222912073 1807.35634274781 1.78738123178482 2318.89257985353 49.6952569186687 1910.21288537979 27.9201115220785 803.680667638779 66.4362455010414 477.474060446024 223.846015751362 2913.69368353486 1454.39038071036 18.8769576847553 20.3147830367088 0 9.84492439031601 1.49216043949127 4.55344319343567 0 1.27022063732147 10.117338091135 4.00867700576782 2.69470697641373 5.9793418943882 0 10.7340591549873 101.565136492252 5.53004270792007 31.3586123883724 26.4192292690277 2.31980359554291 1.76871204376221 1.48977941274643 15.4482010602951 0 3.50428959727287 1.01989901065826 0 0.427858829498291 3.18334901332855 5.87794330716133 7.42139112949371 6.27184277772903 177.234816372395 0 3.75408273935318 12.5028705298901 168.963268816471 23.4489492475986 33.7098241150379 0 0 4.08130204677582 6.58309352397919 7.66946426033974
214.222573280334 725.407423257828 72.5791272372007 674.161328136921 59.0206360816956 161.639205724001 1978.29473385215 264.380958080292 0 1452.76168215275 53.410618275404 2046.28726407886 288.163858771324 277.52596950531 1080.68534237146 45.0223900079727 34.6570272445679 9.66556838154793 21.8187078982592 382.028782904148 74.8842684924603 3785.87479025126 131.93882098794 13324.6384466588 293.811614751816 205.010032594204 1027.08450782299 3183.93288329244 458.402974575758 749.439292132854 15.8023112416267 8.65076684951782 115.34897172451 199.449801295996 14.5395476222038 592.061911612749 58.2295183241367 160.401389673352 64.6958249807358 2415.73034718633 27.1722396016121 39.0680562108755 69.1180749535561 5.41952037811279 58.6320305168629 19.1521910429001 50.8860174715519 0.365221709012985 0 27.6146474182606 2.80856096744537 1.76413556933403 139.518744647503 0 38.2927614748478 515.787382096052 45.8823401927948 328.617818415165 187.854168623686 1.36951670050621 34.7238940596581 7.21980983018875 55.4958041012287 10.6737443804741 21.7166541218758 0 0 0 53.6500179767609 17.3589163720608 29.9356674551964 21.549133002758 891.847678273916 2.91410198807716 7.66846311092377 18.4675939381123 682.132122427225 67.23806899786 99.4073684811592 0.576403856277466 0.969741761684418 14.0290654599667 31.964309245348 4.70056688785553
543.197804301977 9.76512870192528 62.6930363178253 7445.01376250386 13.8071542084217 14837.9555166066 10374.9487041235 4650.75735473633 1452.76168215275 0 85.4744984209538 14285.9011548162 25.0249320268631 2997.45509824157 186.110180616379 16.9590056240559 6.27100594341755 5.58982747793198 6.05469256639481 17644.8429178298 77.6877585947514 50.3093726634979 136.689703881741 1584.99056619406 3.6145271062851 26.241603910923 73.514707505703 7762.00043591857 1318.02744954824 231.017233788967 0.726210057735443 53.5607144236565 49.9950091540813 557.372840374708 33.0700028538704 905.991156727076 41.7022463679314 346.078891038895 65.3467969894409 836.706727325916 218.435652375221 5.53116303682327 39.3536980450153 1.04622784256935 17.0882095396519 0.985464870929718 76.6456066966057 5.38877207040787 0 8.57534566521645 6.9134875535965 0.945602118968964 129.409654229879 0 54.1937967836857 397.994712382555 38.0985727608204 131.300592929125 162.800451785326 0 186.46564039588 0.714325606822968 22.2283889055252 7.14009118080139 1.99657052755356 0 0 0 62.9259319007397 5.95723557472229 5.26769733428955 3.35177648067474 476.048384726048 2.24388575553894 1.27631875872612 7.95463812351227 498.443649530411 19.5531826019287 4.97362408041954 0 0 0 8.94091132283211 6.08193728327751
66.9656143188477 280.638845056295 204.914539039135 3.18883347511292 11.5914361476898 107.102852404118 81.3810206949711 232.472826987505 53.410618275404 85.4744984209538 0 48.3698124587536 11283.692784369 678.798773467541 3.33513164520264 7.39478102326393 1038.46571186185 7915.15007996559 6363.95438352227 12.9413981437683 48.6409211754799 138.806684955955 265.223373174667 46.0581468343735 1924.2264610827 10050.0110005736 3208.76080572605 50.1346114426851 976.823458880186 97.3224133253098 2400.41880971193 107.402863562107 7.82337093353271 13826.6826276481 26.7343655824661 1224.07874730229 6277.39780750871 17355.9719794989 1204.98109859228 142.703574702144 110.565757125616 3874.07484927773 4.66325408220291 92.6781547665596 33.1995987296104 3.23355674743652 1.50919216871262 1.24145138263702 7.76027631759644 0 23.4662633240223 6.91802421212196 0 0 0 3.49575278162956 0 0.920535027980804 0 241.554578453302 0 724.344595193863 0 0 0 8.65493828058243 157.683509975672 42.1387860774994 0 0.804964601993561 3.98522478342056 5.83105057477951 6.39080846309662 185.130630761385 568.341959476471 354.17311501503 4.31697052717209 2.40162438154221 0.951309889554977 90.7035326957703 0 0 16.2269313335419 9.40485414862633
52.7447828054428 14.3799139559269 3.56083595752716 3104.10476058722 87.636581659317 4884.4843043983 503.788611322641 1452.81051835418 2046.28726407886 14285.9011548162 48.3698124587536 0 15.7620529532433 634.636704653502 3220.24662998319 0.899382531642914 0.385477483272552 4.10498362779617 1.29393875598907 22228.4827771187 4.61922833323479 69.8617909252644 7.37076565623283 2536.18050175905 5.86142399907112 9.24527376890182 32.1330796480179 2180.77538058162 233.718341946602 10.4881798923016 0 32.8670641481876 2.54432183504105 184.836316615343 2.6378022134304 230.831623315811 3.99412602186203 74.9644562602043 17.7545355260372 4387.49849489331 67.2841855585575 3.73859810829163 10.9330366253853 0 0.400507479906082 1.66969799995422 15.1538677215576 0 0 0.533580362796783 1.11582934856415 0 43.5812680125237 0 10.9179837107658 51.4673503637314 7.75150921940804 19.4601998031139 40.4597007036209 0 748.924684345722 0 5.99810615181923 4.61567616462708 0 0 0 0 114.601573586464 0 1.43129229545593 0.91556042432785 55.2070085406303 0.285829424858093 0 1.82199853658676 51.7711191773415 1.03413772583008 3.40263485908508 0 0 1.32133388519287 0.736620366573334 0
18.1592282652855 1581.27108170092 42.2642869949341 1.77994593977928 6.13242250680923 34.9892105162144 41.7879119217396 57.5282448679209 288.163858771324 25.0249320268631 11283.692784369 15.7620529532433 0 112.178501725197 6.09394863247871 32.5909344255924 53.9262796640396 269.136358618736 179.985637366772 0.840318650007248 19.4554772973061 664.210448801517 55.9550380408764 169.092965260148 7007.789496243 2124.94708320498 6571.6175223887 38.6237347871065 197.277811259031 34.2689797282219 5951.93604275584 32.2103784680367 3.91459292173386 1499.92212840915 92.0982413887978 1749.72615146637 3847.91820505261 4594.88827314973 1847.21870434284 154.403130590916 973.575101613998 5576.99712455273 27.3524230122566 172.211308091879 167.5148178339 26.2283785939217 7.75046938657761 7.22991240024567 47.197300195694 1.89705270528793 41.9671225249767 13.2529546618462 0 0 0 4.35908916592598 1.08784604072571 2.13410472869873 0 441.825788676739 2.18600821495056 1146.53874003887 0.979536592960358 0 0 11.3779493272305 176.630224794149 67.004660487175 0 2.57297676801682 1.65656369924545 6.79376003146172 6.79172810912132 232.218582898378 672.804877460003 397.028528034687 0.756989002227783 0.586836978793144 0 90.4835710823536 0 0.826689779758453 18.5021266341209 24.5991414189339
15183.1728507578 19.5404246747494 271.819664105773 103.765224188566 254.506180077791 3534.02225342393 8444.66398739815 13458.2582495809 277.52596950531 2997.45509824157 678.798773467541 634.636704653502 112.178501725197 0 102.690740078688 18.8967390954494 167.22469457984 39.9063362777233 63.6748958528042 153.193698853254 371.524320483208 71.4308971762657 706.960972130299 608.541775554419 8.59889376163483 200.75433960557 208.5988304317 1089.44707405567 11786.2530670762 2873.14636164904 5.52236467599869 1653.68390384316 138.715225726366 2812.91661566496 37.0531964600086 1328.15382117033 115.597194910049 928.379786670208 265.978546082973 1881.37173616886 730.042152345181 42.3652112782001 13.9162591397762 1.81078195571899 21.9909806847572 5.78445261716843 4.73881095647812 1.04288160800934 0 12.868668705225 3.46765404939651 3.00125199556351 14.2084636986256 0 2.43540352582932 83.1263140141964 9.91154390573502 44.1662177443504 22.4688787460327 0 2.35476076602936 1.02583563327789 9.92296800017357 0 9.8719667494297 0.757091879844666 1.41232204437256 0 0 6.34798014163971 13.7071687281132 10.3892851471901 169.138108462095 1.1759284734726 6.53020310401917 12.9777247607708 159.789282232523 19.3497159183025 37.3318703770638 0 0 10.6040848195553 18.0733819007874 19.0449925065041
15.9711019992828 15.0853373110294 3.15128010511398 18.7533106803894 2745.59062209725 6315.31599500775 68.9262715578079 488.377259790897 1080.68534237146 186.110180616379 3.33513164520264 3220.24662998319 6.09394863247871 102.690740078688 0 1.05825886130333 1.95428377389908 0 1.28571471571922 67.6015216112137 0.664989531040192 47.9257315993309 1.69161474704742 470.658105969429 7.292933344841 9.00267553329468 23.9857561290264 81.7485470175743 28.5022683739662 5.81058207154274 0 220.991238772869 0.941975593566895 41.4511381387711 128.55979898572 31.5440912842751 0.410877048969269 12.7398062646389 5.31620383262634 13833.8167173266 42.8557177782059 0 0 0 0 2.78003036975861 1.77523219585419 0 0 0 0 0 2.70157784223557 0 1.59309810400009 4.00967437028885 0.636230945587158 6.78836643695831 0 0 0.9990513920784 0 0 0 0 0 0 0 0 0 0 0.29867359995842 6.19531553983688 0 0 1.19086825847626 5.30384635925293 4.46544027328491 1.46981346607208 0 0 0 1.59415066242218 28.3974798321724
16.4110911786556 227.23150742054 104.462964177132 3.1371291577816 0 4.32608282566071 190.093349128962 16.1332125067711 45.0223900079727 16.9590056240559 7.39478102326393 0.899382531642914 32.5909344255924 18.8967390954494 1.05825886130333 0 27.7328488230705 2.48449748754501 13.7421606481075 4.45167315006256 11379.8770974278 3544.00340551138 22839.1311168969 2851.22215747833 29.5166787803173 83.4985814392567 11330.9417780638 3191.33285719156 63.2536264657974 465.505144238472 0.77578330039978 1.22331601381302 8.93372583389282 514.15468943119 40.8154114484787 1144.97457271814 363.078563511372 817.825649112463 459.522300958633 66.4644896686077 10.1002693772316 3.96934938430786 91.6512044370174 28.4801053404808 88.3175009489059 32.1748413145542 6.28173041343689 1.6598442196846 0 7.20504945516586 13.2405845522881 21.2795552015305 1.47791308164597 0.684413194656372 1.14554476737976 32.6211785674095 3.49953854084015 19.6289491355419 1.80001273751259 1.84994101524353 0 2.00510302186012 6.48077830672264 0 726.962437152863 3.12513715028763 0 1.46692097187042 0.93688440322876 189.210678637028 264.690572112799 861.592908382416 126.237260639668 0 8.77155354619026 343.029042959213 199.362756282091 13.4915328323841 130.574028223753 0 0 10.6295430660248 69.0505303144455 14.8454750776291
155.573772788048 513.367809534073 3905.8278798759 1.01749837398529 0 10.1621761620045 206.001161843538 118.15880253911 34.6570272445679 6.27100594341755 1038.46571186185 0.385477483272552 53.9262796640396 167.22469457984 1.95428377389908 27.7328488230705 0 638.499833881855 11554.0533553064 0 983.303317338228 83.8594455420971 10226.9304948449 51.6295536160469 93.2950139939785 8401.6457786262 4178.60749238729 88.5721499919891 263.6784273386 1248.60103961825 37.2567677497864 0.651132702827454 18.1245130002499 1596.5167901814 11.5601952970028 749.146453738213 589.080510646105 1373.140830338 322.792764246464 14.348856061697 8.46442759037018 1.77849411964417 8.86696738004684 37.7755474746227 27.4858667254448 7.1080493927002 1.95478111505508 0 0 1.14588224887848 76.1944172382355 78.3417689800262 0 0 0 7.86928820610046 0 1.96445196866989 0 2.53864926099777 0 10.2150598168373 1.21086609363556 0 2.28270769119263 28.8677514195442 5.10818642377853 26.7765572965145 0 8.21959507465363 7.9345925450325 32.1927146613598 5.25617745518684 26.2733331918716 190.072499364614 431.567328482866 5.45688450336456 1.0194745361805 2.02079778909683 2.32037168741226 0 1.74356478452682 15.6944733858109 4.4380706846714
8.40202459692955 74.2104771733284 115.501644402742 0 1.85657799243927 6.77662280201912 14.6317300200462 9.05242505669594 9.66556838154793 5.58982747793198 7915.15007996559 4.10498362779617 269.136358618736 39.9063362777233 0 2.48449748754501 638.499833881855 0 10034.7044895589 0 26.9951465129852 28.8735572397709 107.033016502857 8.16572786867619 437.270840167999 5609.34095713496 1207.9245043993 9.45574420690536 53.852686971426 37.086385935545 280.365833610296 2.67582702636719 1.60965597629547 830.96809720993 3.6579607129097 357.805620998144 473.836876869202 1018.43096739054 124.395342618227 7.46727427840233 2.21427309513092 7.12336868047714 1.63989144563675 28.589154958725 15.3864233195782 2.77416700124741 0 0 4.28629022836685 0 13.3914455473423 4.38391691446304 0 0 0 0 0 1.52855843305588 0 34.296030074358 0 89.3202924728394 0 0 1.03584730625153 4.43819749355316 68.7038987874985 27.098812609911 0 0 1.43784010410309 5.08431601524353 0.953144043684006 106.908956319094 282.668466001749 219.545671135187 0.507713735103607 0 1.88060683012009 10.9082025885582 0 0 9.75626370310783 0
40.3941296041012 240.460802197456 923.413823843002 0 0 9.46393471956253 57.4998078346252 41.4117197096348 21.8187078982592 6.05469256639481 6363.95438352227 1.29393875598907 179.985637366772 63.6748958528042 1.28571471571922 13.7421606481075 11554.0533553064 10034.7044895589 0 2.5285969376564 135.781930506229 52.7256728410721 791.472729355097 19.4218097627163 467.712650865316 11642.9833853841 2610.09538507462 27.4150467813015 116.656623989344 267.18867534399 140.868813723326 1.74918806552887 3.05947461724281 2156.67135092616 6.1121309697628 788.037482202053 754.620640456676 1784.93547379971 241.297381937504 28.6144403815269 6.28793114423752 17.7391430139542 5.81217741966248 43.943918377161 23.5858179330826 4.37021684646606 0 0.947221398353577 2.34413284063339 0.949883162975311 36.3317142426968 14.4799365401268 0 0 0 1.80711871385574 0 1.57050961256027 0.656267106533051 16.2139356732368 0 63.0956542491913 0.672085702419281 0 2.38002586364746 14.2300297319889 42.1407319009304 64.0828223228455 0 4.56056153774261 2.20512700080872 10.4228306412697 1.86271077394485 108.804759740829 373.870011746883 445.867145180702 3.79651322960854 0.45918071269989 3.04264536499977 12.8508986234665 0 0 11.4999194145203 1.69755297899246
23.3060541152954 1.73430120944977 3.74299243092537 29666.9840636551 1.41194093227386 432.964350193739 227.377736002207 238.608778685331 382.028782904148 17644.8429178298 12.9413981437683 22228.4827771187 0.840318650007248 153.193698853254 67.6015216112137 4.45167315006256 0 0 2.5285969376564 0 1.6728840470314 6.8641608953476 6.64260047674179 2449.03896123171 1.15116405487061 0 7.74210497736931 6255.73507222533 122.184070050716 11.1855717301369 0 5.06847068667412 6.93067517876625 55.9146248102188 1.88740426301956 107.573653191328 0 29.0892150700092 3.1257735490799 202.857399374247 13.0363796651363 0 9.58634465932846 0 6.22489488124847 0 11.152731359005 0.42691108584404 0 0 1.16511237621307 0 250.884243398905 0 9.53506389260292 64.9530889391899 6.63106086850166 23.7046321034431 39.6224787831306 0 127.25152349472 0 1.7993056178093 1.87532246112823 0 0 0 0 14.9046213328838 1.00521257519722 0 0.749014616012573 90.1062699556351 0 0.625856280326843 0 63.5717113614082 0.324679106473923 2.52997866272926 0 0 0 2.38238710165024 0
325.970640003681 84.0305212438107 1562.7476067543 7.09169590473175 0.824116289615631 31.2344937026501 1801.34498420358 289.957440525293 74.8842684924603 77.6877585947514 48.6409211754799 4.61922833323479 19.4554772973061 371.524320483208 0.664989531040192 11379.8770974278 983.303317338228 26.9951465129852 135.781930506229 1.6728840470314 0 799.678158044815 28057.4241977632 2119.74914199114 13.6161306202412 438.691451698542 1617.71284300089 14884.9498381317 655.053999125957 24774.3142686784 0 4.0817863047123 126.626860916615 5576.70666411519 132.222060263157 3736.12311589718 1013.18967166543 3437.71517729759 1302.58488801122 239.805628210306 46.9105561673641 8.21285739541054 120.293029695749 17.8612239956856 98.1503339409828 59.2388665676117 7.74623489379883 0.943423807621002 0 9.72438725829124 9.4936241209507 23.4072733819485 2.2376863360405 0 0 72.1261791884899 5.21233668923378 55.7295391261578 2.51454046368599 1.35605996847153 3.30254769325256 1.78785932064056 25.7149639129639 4.0113183259964 290.484684914351 8.05217859148979 1.0944581925869 1.87299299240112 0 222.424516141415 124.904211610556 264.837648332119 220.12043017149 0.68116569519043 16.5947209298611 128.879010915756 372.582022279501 53.6416567265987 258.67714843154 0 0.600846230983734 7.91255486011505 105.106164127588 32.5242000520229
58.9496727585793 2624.17194113135 240.754013001919 14.5048969686031 3.57074978947639 13.1281913518906 347.651672124863 53.9885856807232 3785.87479025126 50.3093726634979 138.806684955955 69.8617909252644 664.210448801517 71.4308971762657 47.9257315993309 3544.00340551138 83.8594455420971 28.8735572397709 52.7256728410721 6.8641608953476 799.678158044815 0 1635.10263192654 6284.93605580926 799.062262669206 392.012409985065 6011.16291210055 1317.71566027403 223.533913582563 746.353879779577 27.2739095389843 0.743998020887375 64.2121024429798 379.437107130885 18.7224047780037 576.670836299658 212.271882742643 488.161814957857 243.224426150322 200.380013644695 12.6184909641743 113.095663204789 28.4244468212128 11.769188195467 30.8691483139992 12.482796728611 5.90668275952339 1.14523470401764 0 12.0102333426476 9.66235238313675 29.6068691909313 3.53293180465698 0 2.56219750642776 38.9152316749096 5.65151882171631 31.3951652944088 2.43295407295227 9.28342738747597 0.760873913764954 11.067450106144 10.0752465724945 0.701454043388367 138.733988791704 7.43178462982178 0.98684361577034 2.7353817820549 3.52506536245346 41.3841680288315 76.8629363179207 207.819529294968 144.105455845594 5.13779884576797 24.5048499107361 150.497722566128 104.53410500288 8.46474626660347 62.3353634476662 2.11625999212265 0 2.49740397930145 17.9178167581558 6.3680419921875
603.689641922712 633.529849410057 19263.4548981786 11.6570836007595 2.20568287372589 65.6101328730583 2771.27555409074 580.897948205471 131.93882098794 136.689703881741 265.223373174667 7.37076565623283 55.9550380408764 706.960972130299 1.69161474704742 22839.1311168969 10226.9304948449 107.033016502857 791.472729355097 6.64260047674179 28057.4241977632 1635.10263192654 0 2297.06106752157 43.953920841217 2804.22205549479 21741.8197626173 10269.697368294 986.848040431738 10825.4453297555 13.1754342913628 7.79592373967171 134.385917544365 7636.32443335652 395.293240964413 10814.5567508042 5260.06711831689 10713.8649508953 5286.31244835258 672.690134555101 83.866375118494 42.3029194027185 220.074532270432 174.294275939465 261.514242142439 180.006920516491 14.0169934630394 8.03379964828491 0 8.1405563056469 92.9152380228043 333.071839481592 4.84949180483818 0 2.11868277192116 65.3631123006344 6.19391116499901 38.7418724298477 4.04290634393692 8.29554486274719 1.4675098657608 0 18.0160939395428 4.17702031135559 1193.12699890137 70.001784414053 5.56614428758621 22.9829228520393 0 281.9212692976 631.314998596907 2007.91402506828 245.404849469662 6.37984365224838 161.29708352685 2304.56845834851 350.73338213563 33.0791566073895 229.577091276646 2.39312797784805 0 12.2908058166504 110.159360170364 100.15095359087
376.921092748642 612.926516234875 269.192830830812 2136.80879351497 19.4860033690929 259.254746258259 6126.64518105984 680.022684574127 13324.6384466588 1584.99056619406 46.0581468343735 2536.18050175905 169.092965260148 608.541775554419 470.658105969429 2851.22215747833 51.6295536160469 8.16572786867619 19.4218097627163 2449.03896123171 2119.74914199114 6284.93605580926 2297.06106752157 0 196.605277463794 209.769517496228 2671.82583709061 32157.7685491145 1109.50538292527 1754.34955409169 13.4665594398975 12.6303826868534 248.150313019753 693.923082083464 29.3173232972622 1402.1890617013 137.779336929321 571.137403219938 214.861899644136 1234.83027213812 58.629146695137 12.9762669354677 309.085416615009 22.4850949645042 263.061541467905 73.6837735176086 111.959726035595 14.7664650380611 0 121.179090350866 15.1793921887875 10.1695497632027 270.250198632479 1.01129221916199 103.206056207418 1652.40070125461 167.217814207077 777.264653712511 334.8541238904 4.18789750337601 48.0043338835239 3.29560786485672 200.381560355425 11.0620511174202 165.306902557611 6.00075650215149 1.67967095971107 3.05922609567642 95.1116051673889 151.489974558353 174.862756103277 159.632607489824 2970.88731813431 1.66924101114273 4.83735510706902 90.5106992721558 2508.82765266299 253.301193892956 384.440834134817 0 0.500163555145264 59.0203375220299 187.94359588623 10.9682995080948
1.49189200997353 2541.32011640072 32.3718072772026 1.40084660053253 3.10138732194901 4.90944463014603 11.3753071129322 5.4396066069603 293.811614751816 3.6145271062851 1924.2264610827 5.86142399907112 7007.789496243 8.59889376163483 7.292933344841 29.5166787803173 93.2950139939785 437.270840167999 467.712650865316 1.15116405487061 13.6161306202412 799.062262669206 43.953920841217 196.605277463794 0 2014.98121410608 3331.00621548295 37.1617675423622 17.3034320175648 24.0143003761768 387.591053843498 3.68840610980988 3.25312599539757 298.760485321283 3.87652122974396 152.720172345638 823.159415662289 501.523188769817 59.6820503473282 21.2349910438061 2.32711160182953 904.392141103745 3.59471702575684 109.753576695919 45.7048605680466 2.46765464544296 0 0 8.53425180912018 0.906153798103333 37.6533672213554 25.2347642183304 0.50949889421463 0 0 3.63588365912437 0.949536561965942 1.21036803722382 0 197.905064493418 0 581.360692322254 0 0 0 11.4557920694351 127.933520883322 49.3754244744778 0 3.53061705827713 4.6959285736084 15.565806299448 5.37447851896286 194.780804216862 569.656199961901 427.718436181545 4.31897321343422 0 0.438574820756912 43.9169052243233 0 0 17.9318535327911 3.28423893451691
114.27108168602 1785.14956355095 19746.180947274 5.62724995613098 2.02982944250107 22.3022646009922 474.296577230096 145.849806770682 205.010032594204 26.241603910923 10050.0110005736 9.24527376890182 2124.94708320498 200.75433960557 9.00267553329468 83.4985814392567 8401.6457786262 5609.34095713496 11642.9833853841 0 438.691451698542 392.012409985065 2804.22205549479 209.769517496228 2014.98121410608 0 34655.2278015018 305.414552867413 281.475344628096 931.341436892748 2161.04300895333 14.0187116861343 19.241181820631 3813.77415686846 44.9521614313126 3366.07041472197 2940.42755922675 5369.28939813375 1120.83781063557 74.9513669610023 22.6637515127659 60.6151968240738 41.1108053326607 310.25999763608 249.390944212675 20.1408539414406 4.91686469316483 0.647918403148651 11.5726158022881 3.51667475700378 351.563907593489 258.547081083059 1.33712783455849 0 1.13388529419899 25.5279812812805 0.536714136600494 5.70741260051727 1.03451013565063 190.086665600538 0.99523252248764 530.579027712345 5.16213089227676 0 19.6240504682064 147.311734676361 293.02336487174 402.134752035141 1.39009892940521 17.4077382385731 35.6989386975765 110.823244571686 17.6949928402901 565.55694693327 2583.83027797937 3242.13926517963 16.215604275465 6.49388048052788 32.7596392631531 70.9402093887329 0 0 115.651699960232 11.886620670557
147.777246057987 12978.9036476612 15630.9982536435 17.7370191514492 2.90749463438988 26.3662099540234 872.027794450521 140.854594647884 1027.08450782299 73.514707505703 3208.76080572605 32.1330796480179 6571.6175223887 208.5988304317 23.9857561290264 11330.9417780638 4178.60749238729 1207.9245043993 2610.09538507462 7.74210497736931 1617.71284300089 6011.16291210055 21741.8197626173 2671.82583709061 3331.00621548295 34655.2278015018 0 2453.78777426481 347.392348825932 1335.51680503786 3927.83046102524 4.83621323108673 32.6376144587994 5378.28770372272 155.911532193422 8347.03471422195 4825.35581031442 9614.9074447155 3883.92103716731 307.339744836092 31.3081624209881 75.762952119112 233.846363991499 796.692803263664 727.633466303349 228.122835040092 10.0526694059372 18.282662153244 8.27457857131958 7.40044921636581 886.932799786329 1622.08071020246 5.48291400074959 0 3.905443161726 121.820591360331 4.68721362948418 30.1441045999527 3.14197516441345 140.663592636585 0 363.716832220554 14.1215643584728 2.60976094007492 642.179473251104 452.542881757021 274.144345670938 417.611287325621 0.929555952548981 180.973654121161 663.347983837128 2283.06387263536 105.02179735899 545.237176507711 2907.0450399518 8590.47953039408 194.777734518051 12.73727196455 106.01899382472 54.9430594444275 0 3.74391573667526 248.705093920231 48.1596939265728
712.499300062656 154.852921664715 1366.52690556645 12760.5253933668 12.2896420955658 703.660252451897 18470.9996990263 1175.18426513672 3183.93288329244 7762.00043591857 50.1346114426851 2180.77538058162 38.6237347871065 1089.44707405567 81.7485470175743 3191.33285719156 88.5721499919891 9.45574420690536 27.4150467813015 6255.73507222533 14884.9498381317 1317.71566027403 10269.697368294 32157.7685491145 37.1617675423622 305.414552867413 2453.78777426481 0 2035.64285174012 10293.4530060589 2.21289113163948 15.1320264935493 543.507037907839 1859.65823593736 84.0563153624535 2895.19324281812 345.844989955425 1471.61181849241 534.788315832615 560.081371992826 111.251908451319 7.08898368477821 223.821649312973 19.8028199374676 209.882571488619 39.0373447537422 91.1305873095989 6.35416489839554 0 102.512143135071 11.8317378163338 15.4035885632038 182.224863439798 0 69.630816668272 1125.28426942229 99.3497346043587 440.663259446621 205.045528531075 2.33219069242477 44.1879716515541 1.29079210758209 168.666169375181 5.27637547254562 176.193071424961 7.33757647871971 0 3.96097132563591 65.5952809154987 157.049455851316 147.723230570555 198.132074475288 1867.30305489898 2.58376291394234 8.87762314081192 105.243573844433 1739.92656213045 206.715997189283 359.966716051102 0 3.33445030450821 54.2285747826099 134.970314621925 22.9649594426155
12422.685323745 29.3752106428146 210.560960590839 133.487853109837 319.866064310074 1091.3067895174 3482.88877153397 2640.66222912073 458.402974575758 1318.02744954824 976.823458880186 233.718341946602 197.277811259031 11786.2530670762 28.5022683739662 63.2536264657974 263.6784273386 53.852686971426 116.656623989344 122.184070050716 655.053999125957 223.533913582563 986.848040431738 1109.50538292527 17.3034320175648 281.475344628096 347.392348825932 2035.64285174012 0 9870.79527324438 11.592162668705 6025.60239952803 9793.1489495635 6195.40184819698 141.690925508738 2982.99089872837 237.037436544895 2528.47323104739 480.813721060753 1545.22028589249 1060.37777075171 47.3367465436459 38.2178931832314 5.39435684680939 30.6658038794994 28.2656961679459 8.24886190891266 4.03625249862671 1.42156004905701 13.5681944787502 2.97340953350067 4.36829236149788 8.56116062402725 1.33141243457794 1.09357324242592 115.48168605566 12.8108566999435 58.43044257164 11.9440955519676 2.2026869058609 2.43656533956528 0 23.366297185421 0 24.2003385424614 6.09813904762268 0 1.39075398445129 4.19587570428848 30.2806904613972 29.0420193970203 22.985449552536 241.054227590561 2.01196211576462 7.94834020733833 20.2505540847778 268.24881580472 38.1661861240864 65.2606089711189 1.46140015125275 0 9.37035578489304 24.7397410869598 35.6787469089031
6519.39328306913 116.28423795104 2293.55796784163 19.2794922888279 12.1672854423523 138.980425477028 13711.3925538361 1807.35634274781 749.439292132854 231.017233788967 97.3224133253098 10.4881798923016 34.2689797282219 2873.14636164904 5.81058207154274 465.505144238472 1248.60103961825 37.086385935545 267.18867534399 11.1855717301369 24774.3142686784 746.353879779577 10825.4453297555 1754.34955409169 24.0143003761768 931.341436892748 1335.51680503786 10293.4530060589 9870.79527324438 0 4.21499967575073 13.4916068017483 782.527102351189 5555.382145226 111.960280448198 3641.44823497534 602.569571763277 2397.09451466799 805.473191618919 325.223253816366 101.780999153852 7.50397089123726 133.035526633263 20.4490940570831 127.48540827632 51.8707750439644 19.3998729586601 4.56236869096756 0.898408055305481 44.8402211070061 15.6584290862083 28.9960412681103 7.47267180681229 0 3.15784704685211 195.593078196049 24.192401856184 158.773209363222 9.47205203771591 3.17607021331787 1.1167801618576 1.51868325471878 55.0340492725372 2.33551716804504 140.310949921608 7.97922211885452 0 1.89084583520889 2.46996268630028 142.774472087622 109.940938442945 131.518424898386 475.996846020222 1.6997711956501 21.5138854682446 124.399902850389 557.949821561575 118.692623525858 235.315796017647 0 0.364863306283951 27.7805834114552 102.327204972506 17.8435623645782
2.04313468933105 100.231943577528 17.6785231530666 0 1.22657883167267 0 4.92660254240036 1.78738123178482 15.8023112416267 0.726210057735443 2400.41880971193 0 5951.93604275584 5.52236467599869 0 0.77578330039978 37.2567677497864 280.365833610296 140.868813723326 0 0 27.2739095389843 13.1754342913628 13.4665594398975 387.591053843498 2161.04300895333 3927.83046102524 2.21289113163948 11.592162668705 4.21499967575073 0 0.590129733085632 0 124.886137753725 0.86805659532547 80.5834502279758 224.652526080608 343.327689945698 34.1324089765549 2.04985243082047 0 13.4260046780109 1.25956726074219 22.8570060133934 8.89695888757706 1.40229558944702 0 0 0 0 7.07454842329025 2.42668735980988 0 0 0 0 0 0 0 53.8703649938107 0 137.635319918394 0 0 0 4.71875238418579 53.0359217226505 13.5390644073486 0 0 0.995214760303497 2.02120530605316 0 64.5206194519997 190.322148263454 109.295324712992 0 0 0 24.5437486767769 0 0 2.74649214744568 0
24.7377039790154 0 1.6953829228878 2.16574013233185 3856.34798893332 7585.14383241534 44.5303159356117 2318.89257985353 8.65076684951782 53.5607144236565 107.402863562107 32.8670641481876 32.2103784680367 1653.68390384316 220.991238772869 1.22331601381302 0.651132702827454 2.67582702636719 1.74918806552887 5.06847068667412 4.0817863047123 0.743998020887375 7.79592373967171 12.6303826868534 3.68840610980988 14.0187116861343 4.83621323108673 15.1320264935493 6025.60239952803 13.4916068017483 0.590129733085632 0 4.95841550827026 4196.58900132775 7.90698051452637 236.956933021545 6.99017000198364 204.062700122595 101.196815192699 889.463098347187 6462.74712976813 12.442137658596 0 0 0 1.47377228736877 0 0 0 0 0 0 1.03665292263031 0 0.571347713470459 3.26502269506454 0 0 0 0 0.463383942842484 0 0 0 0 0 0 0 0 0 0 0 5.79514491558075 0 1.16596984863281 0 0.824959337711334 0 1.67217853665352 0 0 0 0 1.9765573143959
