0 109.290211760523 95.3277778108 82.2534981726828 69.8389847607209 41.0206722583068 28.1245605541803 32.1901258246502 66.6130115286825 52.9301768108899 93.4701514337336 65.3766846149183 86.3017052779542 15.6920747839079 50.6870234622478 91.5718249944514 96.9410296465187 128.315035074223 106.545790722578 76.7261173407624 73.9490283988321 73.5387232651884 85.5426039131581 73.2574202124957 118.584781519266 115.168792561776 115.958959780157 70.2446157685118 17.0362383470265 24.9620635836469 139.027522233592 79.4334542883856 35.6357465879222 54.3238175684853 98.6140425443862 64.1454730767103 82.3109582224784 59.437076883772 66.3223380168926 47.8720274471678 55.467247728116 75.333366394043 125.183101765476 161.367584228516 149.662853875004 119.117377523134 0 148.230447864711 0 130.046586267079 116.900085449219 0 167.38069152832 0 129.882255410206 131.831315668401 136.686939748473 76.054543614996 129.915426203738 0 0 153.666244506836 145.048303886569 0 119.830691053032 172.779190063477 187.703735351562 0 170.719390869141 119.539182407613 111.230223058663 147.805651834637 113.571967614316 0 180.949791006639 158.230251887426 123.194445803857 139.843070678465 127.92850195978 0 0 120.761238098145 127.572740341442 118.563081063758
109.290211760523 0 40.5890596274624 134.888393314915 145.068037735024 113.260830366306 106.823498299505 117.2357007554 66.6464621504541 125.696072533615 56.8115617027864 101.589617933919 41.3326837663785 128.627224439698 97.987619980274 57.3916619175002 50.4482193388986 65.5922355608854 49.1903817517351 149.442536915223 84.786989181521 29.0655827298452 58.4265208969712 74.767788455249 25.1391933306501 41.2949812769482 30.091549869175 91.7281641494045 109.05587489928 96.6306547704231 58.9196377968015 0 101.765879544357 55.3599880818449 120.410327685559 71.2076848526776 49.0021893029403 52.1544602096888 63.0516956646071 90.0062528155468 98.417965496968 42.5882537785443 88.0918354210789 59.5744915988407 70.3850830931774 74.8783194210196 104.448164411469 0 52.5759582519531 135.064717348412 23.8211036189364 62.6573045820069 153.95362909895 0 155.114822387695 130.86155607342 0 112.131731712459 139.51108538235 81.9609685153092 0 74.0267933536883 0 0 84.8089181232954 64.7098591167434 103.486018950158 72.4847708157682 147.99308130469 105.14245805163 64.7319068315648 85.5778564584213 125.963195808994 48.574339680914 63.8975204366679 60.6029447001536 132.364453045213 0 124.29792204761 84.7855564962084 0 0 69.7055174753926 109.021179199219
95.3277778108 40.5890596274624 0 130.413733168305 0 117.569718260758 90.6106912804849 106.851162992494 96.1318385278523 117.211479276333 72.0548072508035 130.088877394271 82.3241977485628 108.868170061485 130.508440698822 69.7854324162168 36.5847982680641 69.2347692514925 42.9669503823754 118.201399860883 61.9735990040499 60.6670402726163 32.4198682213875 91.252503090589 75.6325093138004 20.2004324135314 29.4533272148092 76.5363080382726 100.154732568886 76.8365357866751 89.7916266802303 158.749485707214 99.0070428329793 49.537691100436 116.43068521519 67.4509119662218 43.686230239039 49.0701526383845 56.6639753849452 80.1476040315149 87.782600336626 88.2695248836151 112.272935255108 84.4623158681792 95.5264100303619 106.058312294681 142.706098544207 103.35132598877 0 148.431188370049 59.3220012751974 86.8909801509186 0 0 0 149.924751892852 183.426525822774 124.449342070978 178.461359550605 132.452880319779 173.996887207031 101.434949967864 176.02668643752 129.089920043945 117.089830659372 97.4960922891397 137.255592897529 102.760412596204 184.657424926758 125.027858623521 80.451526376396 102.048127954645 133.857460964309 83.3910240083761 91.4598382697333 86.0442701560299 149.670961822345 183.604995784651 136.500781425897 147.113784790039 0 203.147308349609 104.953002144522 134.702458337364
82.2534981726828 134.888393314915 130.413733168305 0 95.1264343261719 58.0204424006889 45.5440180041777 78.8064783897493 61.3173724829614 22.6594583131326 146.945549236499 35.3124660703379 167.868580572546 94.768291810433 70.0843067463823 88.0540168718416 159.188461303711 0 0 10.6897602268198 96.3517097385662 94.2892897696111 113.154100628601 26.7403781256417 172.257781982422 154.409107070881 127.880078734269 18.9243364313417 96.3726134816489 91.2442367599597 0 127.471835314395 88.4509286421153 96.0354892741791 153.428747910645 91.1918827175929 92.1438766293621 96.0609612882589 109.566913153038 69.1087686986656 101.51576827828 0 95.6834784710403 0 157.838109364859 164.005666652651 93.4954352294479 176.416046142578 0 144.179650113828 0 199.74072265625 32.6979008359803 0 96.1878330807443 130.837654655843 129.794405430966 86.8330590736538 78.0869828374551 0 17.4349894782298 0 133.678636861816 95.7509094950257 177.240703764406 0 0 0 36.0330373326934 137.076431274414 119.357938695525 0 110.056839931732 153.140228271484 0 186.188736896479 122.337125039911 171.113631032114 150.921797984585 0 0 81.2416381835938 137.173469834658 151.865310668945
69.8389847607209 145.068037735024 0 95.1264343261719 0 9.70879687286435 106.539981345339 23.4161368141808 48.9835425050548 105.96626265113 56.6731324320472 48.5767033612388 53.295085403578 37.2126321838041 16.9293776117235 0 0 89.8884791518194 0 109.293760486615 103.845161437988 90.4823670974507 126.560349666723 76.1908210757113 120.263472204636 89.8147970404607 134.826867318141 108.853757734856 25.3354774130397 101.412280535584 97.0020217895508 10.2723992378879 82.4206161499023 15.1412426120678 53.0110919290529 69.7616515753182 0 39.0849362417946 44.5555432179475 9.83073840609892 7.6437927923081 48.9604860806363 0 0 0 85.4682006835938 0 0 0 0 0 0 0 0 0 174.457626342773 0 0 0 0 119.998466491699 0 0 0 0 0 0 0 0 0 0 0 110.340696260319 0 0 0 0 0 0 0 0 0 0 63.5558990984926
41.0206722583068 113.260830366306 117.569718260758 58.0204424006889 9.70879687286435 0 45.8171813981636 19.8545254249845 66.826122012689 27.7994924408961 74.1308647503683 28.8670543013367 65.0615694214398 34.5350917978115 16.3317232777357 117.266046357127 119.314960418951 102.712445495832 104.466033606809 48.2276466318624 94.4663769409974 88.4593847070699 103.590623482253 67.8086847676746 84.190167197894 118.230019006265 125.39237870494 60.8553874717818 39.0055250321567 69.6595071056737 0 13.2006377671499 89.0259787826534 29.5370073060111 105.860037934899 71.8187331003985 87.2058732635044 51.9242937734425 44.2286403010528 14.0712289688281 16.9890280309319 53.0336042212116 142.723998768854 0 169.072863224097 158.969818115234 95.4486658542096 0 0 128.723419189453 0 172.891265869141 145.741725598739 0 150.688634529617 130.511586861356 154.46656291617 96.7686856147315 148.535281207429 126.501532091312 45.3963614199754 0 156.197025653251 0 175.214444796328 145.115600585938 0 205.200424194336 138.939968438869 164.194440671592 131.824203491211 0 118.253550633253 0 218.299865722656 176.4086590525 138.283918868236 168.772806359553 129.123407717286 0 0 150.247566090265 179.416656494141 97.8524495223703
28.1245605541803 106.823498299505 90.6106912804849 45.5440180041777 106.539981345339 45.8171813981636 0 47.5035430853995 54.612424680927 24.2692421079019 122.992807747215 51.1332120942904 125.847763678311 38.5000179900018 69.8378947420011 82.2545752821606 103.237197507811 150.020234743779 116.955130375324 48.4349288191334 68.8206285673617 72.2343131284781 79.8010123471692 45.8230568514652 135.409317946281 113.523859758769 102.681013793742 34.9315591630398 64.8668846460587 25.9261186384044 155.447847369414 108.483474164186 63.3970298523932 73.5243466735861 123.00431511723 77.1136730614479 87.5689557314472 78.6551128237734 83.827713737833 70.904399848179 81.8271447948912 110.136124976911 126.083994762213 132.014939495948 141.874335696996 132.334936652407 105.849560582347 156.639767071082 0 127.676296854434 138.838854519676 160.36254004218 134.058627141667 0 135.562682730623 116.4846959026 138.735376047788 74.595655485635 129.581509067248 213.814982442242 103.26021784115 182.684880084591 138.463689858028 94.9125134700351 123.351065017937 177.246109324292 203.532806396484 168.480211699794 124.0844666411 126.602025221906 100.071895671914 142.429270836562 99.2743149609315 216.618716938149 167.144330495218 156.496083151716 116.750529262666 137.707629652528 124.588144909001 0 0 120.426054850701 139.277411563991 146.423726866548
32.1901258246502 117.2357007554 106.851162992494 78.8064783897493 23.4161368141808 19.8545254249845 47.5035430853995 0 74.2465354576887 47.6773109717565 78.9837079466174 51.4508305044326 65.8541143114653 23.5619898158734 37.8108025708495 103.464752739267 111.302826533933 129.002790621381 116.75577752373 67.7694130377678 87.935142136034 88.5026514065193 98.5123106169937 74.4178233350013 147.057631251958 124.929008818687 127.602154924232 75.1910176297878 37.7444445166949 54.3277853918254 134.197458238109 19.153097018333 72.2873025118423 40.2616732941615 111.996439457386 76.4285776708396 84.7884883005434 59.9331597863248 58.5316050533625 30.8328669808594 27.8229719195283 73.537613478133 138.319843629519 0 161.345403452509 133.304450245083 138.31153377376 0 76.4058380126953 138.606493136258 147.473251636128 170.357596278971 145.213486548696 0 137.459797795141 133.096945755647 156.098575350164 90.7610542924843 147.930247597574 207.51828541824 120.037161238233 147.809800258853 154.547707564444 0 132.443277645743 197.598364044039 0 204.96598815918 142.228778957849 138.425794169565 117.009286083563 165.346298171647 116.199899463406 0 176.646664998306 172.382770014733 130.100865717907 155.736942555931 143.520888292837 0 0 135.598142072838 156.585743727323 138.053728588056
66.6130115286825 66.6464621504541 96.1318385278523 61.3173724829614 48.9835425050548 66.826122012689 54.612424680927 74.2465354576887 0 65.4960009110412 120.042294491624 19.5190335158469 108.234293816333 77.6077394704726 21.9107021644368 64.788555812743 116.445321029106 135.295985654663 118.458030617492 52.0449734111796 73.9851424232131 26.845202994014 95.6997479869375 25.4515585600263 94.7643274996249 106.075049619734 92.5728473856259 54.5111681122154 72.5048542677092 55.9672582937138 124.05344322965 106.012775709832 60.6550198945586 74.8962109551329 118.715912210497 54.4961824618029 94.5388416764501 87.7978602397922 74.1343369201023 20.3081685870774 85.6253812551803 106.325480605464 77.0225758909936 82.1249207274102 92.3631857904717 81.4044187919832 45.357340965529 139.881378173828 0 77.147572468479 129.317942903859 121.951384055821 82.2676099257439 0 83.1278834913314 75.0672766190653 96.6114984677002 22.1353004715268 82.3165831272218 132.222979779008 53.3795692563807 142.031602791233 96.8162290010658 46.7466632330032 66.7394541451772 0 0 0 77.2494545256887 82.1982945653235 60.0528430626479 114.413238079349 53.854100817494 130.0536412925 149.692715063175 119.364975530704 73.8018503436382 96.8390538871951 73.5651614545309 142.620864868164 147.826354980469 81.2227636413493 90.1605841446806 148.28240601207
52.9301768108899 125.696072533615 117.211479276333 22.6594583131326 105.96626265113 27.7994924408961 24.2692421079019 47.6773109717565 65.4960009110412 0 133.767918173874 28.5794211799339 126.731703720192 54.9017295474511 67.7032281006551 104.74895862151 133.688213087514 157.048444103878 159.559122260132 16.0628828500108 105.375571067594 90.2593576525765 110.615005212283 54.0881098111393 143.193373444173 150.471230646314 133.703859371741 32.8789897190982 89.9091766066747 76.1084401034346 166.666610717773 116.145339448302 87.2768060268056 94.2017050781317 139.815213421794 91.1973157879991 115.859198210426 89.9618482480656 95.2944181543229 72.1933270056646 94.1077961215628 113.815288992183 108.473217530813 194.305309689485 160.057869045983 151.640548706055 96.3516782378116 160.084293196631 0 157.023752567356 155.373975306503 210.968426430272 141.691973559028 0 140.546543826309 130.388295918459 148.605190805767 86.549423194136 143.636390260184 0 32.3634929142855 122.372543334961 151.215472005782 112.271857684712 135.780070189206 0 0 0 138.902325089635 152.598747697879 144.071185651824 168.644523765755 110.870191842457 167.192872367404 177.922538073138 183.028766818525 132.911113141305 162.430794054838 142.44657913391 0 0 0 161.134089452907 152.801129244403
93.4701514337336 56.8115617027864 72.0548072508035 146.945549236499 56.6731324320472 74.1308647503683 122.992807747215 78.9837079466174 120.042294491624 133.767918173874 0 116.78878626951 15.6641678289448 73.8194939692859 100.93781970295 121.507350082664 48.122759117679 17.7622093513208 21.4662832968436 127.269971364359 103.519449576584 89.4881986070259 72.3137828354731 133.489824133322 29.0574833100686 20.2055119784964 46.4977580561095 138.272546636643 56.5157145256571 105.997306241484 20.4372893228567 61.6726157074992 86.1382518718798 21.3431066500022 96.9822324682679 68.7822540400291 26.6901747500311 21.208963183033 32.5631196812759 63.4869628322146 33.7076322587307 12.7388598477752 135.595511872164 66.1607354932091 107.356743157624 106.641018998884 103.190971229387 63.7786293029785 66.7916655549951 0 80.1854996280901 125.889564615891 0 0 0 181.236264457839 0 203.629440307617 0 71.8488685684113 0 67.5498002732469 0 0 0 117.558864992725 81.3844021097277 87.5178613271129 0 225.788757324219 138.795187658819 143.956908575784 168.27769604748 53.3516154639307 83.0324241515711 90.0006645914086 186.067367641565 165.084225559027 178.224938053631 87.3508802067482 0 0 98.2683786224609 97.6749233222846
65.3766846149183 101.589617933919 130.088877394271 35.3124660703379 48.5767033612388 28.8670543013367 51.1332120942904 51.4508305044326 19.5190335158469 28.5794211799339 116.78878626951 0 124.331628298868 71.0561719331398 15.1960838023893 117.334370029136 217.406555175781 154.451178267036 124.265090942383 14.0735513988723 118.628936827185 58.8428412965171 118.656046572543 22.6038980740251 127.582636611358 140.76836339645 119.709519172984 44.5397215806041 85.0290633552497 95.2771467354239 0 98.8290012494074 89.3210564669972 88.9798154258341 158.772126934314 59.8683943658364 125.306004062542 99.7973991879998 91.1514070856468 18.2649974376455 83.100217771513 109.104837918842 71.070823607592 0 223.463607788086 134.910461425781 59.7694321205087 0 0 102.046257019043 174.410140991211 0 91.5817102219572 0 55.857886415613 109.784537171916 127.701344540363 62.2389403029658 96.6005063759747 0 11.3301230945315 0 121.21142961583 54.5132701478356 0 0 0 0 13.4957924099914 0 152.485809326172 207.477890014648 78.4228923666786 126.569534301758 0 149.352547157568 118.417720721418 100.426864624023 148.569099594321 0 0 157.75373840332 184.207992553711 0
86.3017052779542 41.3326837663785 82.3241977485628 167.868580572546 53.295085403578 65.0615694214398 125.847763678311 65.8541143114653 108.234293816333 126.731703720192 15.6641678289448 124.331628298868 0 74.5023716383243 135.172184000036 106.729215992249 76.2826778333234 45.9080256179337 50.1109952649097 188.18240727583 117.840992152707 76.9950750777565 97.5811273959004 120.145907256915 17.0458647689918 25.0682366314141 30.1859725543408 128.766703667403 61.549087880043 119.050000716604 10.780928541104 57.4099419019328 103.487904982082 25.3765898715704 63.4725373596521 29.585275081745 21.9116032421874 18.3385086533328 16.2348035238763 43.2658134598105 14.1285606401143 11.220666520253 52.9233059077982 54.7332867161643 50.3313057173808 46.068071650053 64.5418521758799 33.7663720028846 22.7444462416176 146.001925344149 57.7207932475538 104.528071122201 0 0 0 168.458674730648 55.2503395080566 123.610056485585 0 59.1495168672724 137.933410644531 57.799442434864 169.887237548828 0 0 102.04575584792 75.7367602879901 79.8231049279599 0 126.299564872259 78.2899894460252 133.777230380656 158.941806195053 46.2183377039361 75.468025221209 82.5305378459432 208.103520722179 202.209250744558 0 78.7603273356779 0 172.217407226562 89.6486122252054 82.030424284671
15.6920747839079 128.627224439698 108.868170061485 94.768291810433 37.2126321838041 34.5350917978115 38.5000179900018 23.5619898158734 77.6077394704726 54.9017295474511 73.8194939692859 71.0561719331398 74.5023716383243 0 46.235332451724 117.279267755922 111.108660984822 111.135743624762 110.81982529234 87.1487918115626 89.7833982324716 88.6884413116985 100.382442591117 83.7403165440631 102.749623203223 121.463575121672 126.002640768476 84.874472298683 26.0682554495535 55.1861832867106 109.19317546139 26.6085360177036 47.0837547110074 46.880378406418 111.985332453238 73.0128460642216 83.9115434016909 59.1062514118861 64.8588890733042 36.4998710743832 44.0445570498155 68.7594840136057 140.647529956509 152.591339111328 144.409956549351 130.18611942328 126.717924752828 184.086868286133 0 142.204667182878 163.169491288821 174.784476870548 161.309758401677 0 161.640537958202 138.023618063091 164.888872682549 95.0277225556324 140.454937923989 0 130.57326199424 130.167175292969 158.853944255901 0 131.307566087316 193.248382568359 165.980438232422 0 0 141.787925408521 115.685217008447 157.46499845067 120.127161842817 150.221588134766 180.444810384225 174.988494652548 134.936053552458 162.755091201901 148.259404354278 0 0 140.730257927308 146.815288277497 119.993598776468
50.6870234622478 97.987619980274 130.508440698822 70.0843067463823 16.9293776117235 16.3317232777357 69.8378947420011 37.8108025708495 21.9107021644368 67.7032281006551 100.93781970295 15.1960838023893 135.172184000036 46.235332451724 0 117.404399171411 116.832604116299 0 141.981784058008 55.7966790705855 192.033477783203 62.3192819962104 140.770915300796 39.8706518519935 125.454642131171 142.380960896677 127.005394275004 72.2866057411334 54.7050738852729 83.6754257868158 0 40.5094692058903 96.0860366821289 44.7579666831958 26.3168994584924 71.5403265427724 43.0961875915527 96.1689306000521 44.7287240353714 10.5922783108796 30.8790799538318 0 0 0 0 45.6929180833018 53.9055252075195 0 0 0 0 0 152.728459756311 0 105.262428145226 119.020733140921 190.027313232422 67.0223536283614 0 0 28.0183353424072 0 0 0 0 0 0 0 0 0 0 155.59814453125 89.4702620437193 0 0 154.390441894531 134.120844606932 141.385339200323 119.199996948242 0 0 0 145.178604125977 66.4561129375045
91.5718249944514 57.3916619175002 69.7854324162168 88.0540168718416 0 117.266046357127 82.2545752821606 103.464752739267 64.788555812743 104.74895862151 121.507350082664 117.334370029136 106.729215992249 117.279267755922 117.404399171411 0 99.7202218423507 109.793102183397 104.517646720785 119.344468771272 15.7276930309122 26.9745332229214 18.1064676826056 31.0793762557094 95.9544609206302 93.3888012042325 24.5193205207674 30.7884824672799 87.4410565876057 67.9974585937452 112.719749450684 133.149430910189 79.3314767650703 62.1337744172059 119.841830223239 68.8581397907364 50.7514898948269 65.4121410914291 64.9081377662767 76.0583964256133 88.4042845213491 112.590680897872 99.4156925103384 85.6279509986486 101.323920282237 108.520989282471 123.864382892428 116.856539106663 0 131.418179940661 89.4398316863412 102.921188913029 136.960655061803 120.27473449707 166.485082829394 117.690059145493 134.402983559141 78.1769057250284 194.530384686147 148.205587256879 0 168.017804103695 144.259028063666 0 76.6834361792187 105.526086472897 0 169.309478759766 210.171264648438 97.0909404445536 54.7088302544224 92.4679451756189 99.5898463270852 0 124.079405653645 96.1405126188663 106.018895165878 113.98074030026 101.591906355112 0 0 102.588201800279 92.7548086256095 132.428163707415
96.9410296465187 50.4482193388986 36.5847982680641 159.188461303711 0 119.314960418951 103.237197507811 111.302826533933 116.445321029106 133.688213087514 48.122759117679 217.406555175781 76.2826778333234 111.108660984822 116.832604116299 99.7202218423507 0 49.5657569521296 14.7179801286084 0 48.7881514792722 79.3827429647273 21.0564830097592 119.80416304473 55.2333034683131 32.287306851591 58.5885914779563 104.419825140775 92.3018110327056 73.3355806358922 72.4433511185392 160.492446899414 81.233127249153 38.4733612056276 122.917370985037 71.8196016903643 47.9733602667321 48.0509126103973 62.1957925541113 84.4342665289335 135.817797734788 61.5196190176936 152.202776707354 98.6250162460452 113.571194198636 116.340339542151 164.217995308547 0 0 144.241958618164 60.0868737630196 97.7076771841363 0 0 0 171.839263150136 0 125.700806966611 0 98.4258876208002 0 101.587643559992 186.228775024414 0 139.03647989772 107.627832733227 116.030398522103 101.823687426204 0 131.20507540121 109.183339986371 126.979229340554 159.26063801269 76.5184930202965 96.3954686536041 97.5548227607299 161.029284403684 175.620707828836 156.808001567118 115.641702476286 0 171.822225657426 107.117893822504 151.199708955502
128.315035074223 65.5922355608854 69.2347692514925 0 89.8884791518194 102.712445495832 150.020234743779 129.002790621381 135.295985654663 157.048444103878 17.7622093513208 154.451178267036 45.9080256179337 111.135743624762 0 109.793102183397 49.5657569521296 0 14.1135928392016 0 97.3254238680267 102.240735399431 79.8743540113372 142.912725129297 41.7323546931374 23.8557237045591 52.4301093653448 155.042907537366 93.4431306921896 113.402327040691 47.1652785669695 88.1920740886099 140.882313598629 51.2076334019693 139.649765114206 84.4368180638248 53.3346087629945 51.5080072656491 64.5377072709027 98.1203178349622 90.9474435765726 61.9261850237412 131.478911119874 96.3759733190625 112.941054380599 122.404302967115 0 0 90.1607430570943 0 84.191949133898 148.570565520493 0 0 0 0 0 172.777574865978 0 87.1003057209822 0 81.6382867232395 0 0 176.800323486328 119.831708348287 92.4602653785352 96.8087639169813 0 0 169.618408203125 145.57947650808 181.762517940234 61.4866525305321 91.3160650828548 95.6037692768068 181.25407409668 0 174.78920586862 98.2176285111716 0 0 114.516094909112 0
106.545790722578 49.1903817517351 42.9669503823754 0 0 104.466033606809 116.955130375324 116.75577752373 118.458030617492 159.559122260132 21.4662832968436 124.265090942383 50.1109952649097 110.81982529234 141.981784058008 104.517646720785 14.7179801286084 14.1135928392016 0 163.667969732554 77.9170505533504 89.0530201034151 56.3220148276311 130.944819121294 38.3825635097177 21.0795188426248 51.0412665978394 121.390450027386 89.7243445021905 93.944692832618 52.7392497966016 80.540901184082 103.31519690731 40.0714918119658 141.851633827956 75.9393430635988 49.8192486354877 45.518228013111 62.5673843586293 103.471182135671 83.7993426856339 50.9908997634974 136.674515756733 93.33163307706 108.745174965375 121.072588455422 0 120.737251281738 83.2420164205465 188.230972290039 66.698860932842 113.557801745671 0 0 0 142.951023821811 0 168.684827435229 193.490661621094 99.0040719682612 0 83.4686583078966 191.606140136719 0 134.696048223233 113.456112359755 93.1159855606378 92.5337662834684 0 136.231178274359 110.237510406356 128.853446189257 180.837055452396 59.9562024108363 86.595512341977 92.0208382937635 162.723415566312 186.098052978516 163.920929389729 103.244524401687 0 0 103.599577307566 140.683081692213
76.7261173407624 149.442536915223 118.201399860883 10.6897602268198 109.293760486615 48.2276466318624 48.4349288191334 67.7694130377678 52.0449734111796 16.0628828500108 127.269971364359 14.0735513988723 188.18240727583 87.1487918115626 55.7966790705855 119.344468771272 0 0 163.667969732554 0 86.5937145690323 78.2919401648189 111.725017007433 16.2846879805066 147.002395639695 0 113.620764710815 26.3494317927061 94.5464120599085 82.2182203022171 0 119.482784173655 85.0683289344424 95.0200557837764 138.916835229473 91.3291400000682 0 87.4401576207995 118.288860235109 56.1496311523792 95.8006837966215 0 122.273095730594 0 147.778316685084 0 118.491929087557 172.821197509766 0 0 132.309448242188 0 26.870122172974 0 125.775067387412 124.563468424209 155.520170485899 80.843973326282 131.439085310995 0 15.3436230684571 0 182.913972530516 121.601013183594 0 0 0 0 128.705747658233 132.513786410349 0 192.148788452148 103.255420923923 0 210.472412109375 0 129.279912504389 157.922668457031 148.828249642501 0 0 0 142.840510330557 0
73.9490283988321 84.786989181521 61.9735990040499 96.3517097385662 103.845161437988 94.4663769409974 68.8206285673617 87.935142136034 73.9851424232131 105.375571067594 103.519449576584 118.628936827185 117.840992152707 89.7833982324716 192.033477783203 15.7276930309122 48.7881514792722 97.3254238680267 77.9170505533504 86.5937145690323 0 50.0439620014647 30.0159336591826 30.8194844049251 107.299178900602 85.0203262968764 72.2170004779895 27.5943635660635 75.5190185914672 27.7469418554338 0 121.575221144873 68.0206042951248 36.6499372223381 114.591817605414 63.107806303375 47.7953668853523 54.8366558176401 59.4777578326707 70.3648353593134 81.7354720787443 101.906567274094 111.067444718005 110.94077967653 111.757857965918 114.084685983339 113.865908035343 148.273086547852 0 118.19954542401 104.830235786256 125.189933004321 166.848842107505 0 0 125.745289631562 145.356277216016 88.0197756191925 158.887597023436 127.235718852149 128.575935180945 212.377923758938 131.140291411694 112.152297845586 96.1009893463329 139.607085883992 166.531669023333 172.823393350245 0 107.813366122019 77.8630715441066 111.05421198932 105.958831406799 106.45198059082 129.965966558056 122.41179686075 112.31734810651 123.993626988162 110.063092252964 0 216.861846923828 116.969652718219 105.888500933532 129.209328713564
73.5387232651884 29.0655827298452 60.6670402726163 94.2892897696111 90.4823670974507 88.4593847070699 72.2343131284781 88.5026514065193 26.845202994014 90.2593576525765 89.4881986070259 58.8428412965171 76.9950750777565 88.6884413116985 62.3192819962104 26.9745332229214 79.3827429647273 102.240735399431 89.0530201034151 78.2919401648189 50.0439620014647 0 48.6114637452258 35.8223716804117 63.1476343566941 77.7148452816199 42.9710502183369 53.8107741359013 73.0007856861998 55.152158734974 98.3687221121747 142.135742768753 56.0641391947395 57.7021878789145 102.573789633746 65.0711783645182 55.0773127416657 59.2876622216389 58.0194082852475 60.8783502500749 92.1095437884419 74.9125134443215 81.9945149107457 101.010428503497 90.6013623477037 86.8221304153794 89.7001612019763 218.310165405273 0 98.2963544917782 70.5879464003354 88.3799020970146 109.068769316692 0 156.831762576919 112.05764909073 136.644401701535 60.5782155283555 121.53085606838 143.71019247442 157.982833862305 120.787026836602 107.367186755578 147.255569458008 66.5823336764275 117.916998281468 96.2054353845375 129.164990440642 130.061757373411 80.6930644086902 42.6694544894008 74.2563538717758 75.9817793103863 97.4669961573476 114.131252867481 82.3969588376885 99.8257404485196 83.8222827224642 73.1173388988961 137.07103429996 0 109.553445821213 91.8377257275719 131.406650224779
85.5426039131581 58.4265208969712 32.4198682213875 113.154100628601 126.560349666723 103.590623482253 79.8010123471692 98.5123106169937 95.6997479869375 110.615005212283 72.3137828354731 118.656046572543 97.5811273959004 100.382442591117 140.770915300796 18.1064676826056 21.0564830097592 79.8743540113372 56.3220148276311 111.725017007433 30.0159336591826 48.6114637452258 0 53.273933955476 91.1253428289142 61.7390853125157 40.7485051472631 44.7738616565209 86.30895553666 55.3539719979755 95.1186010493482 127.330902421425 73.0906719376241 46.2312220451062 114.580033464635 63.5145760143161 42.9791947612063 52.7480992713552 57.3038400188876 71.3078316228558 85.6002397533691 93.8196722878579 109.575331803345 93.3585404105574 108.138467467114 110.020991345948 116.944790183091 133.580462986196 0 134.699788094265 80.3873238455291 101.447022365731 168.710638322673 0 143.831056077522 140.896805905646 172.832661498418 99.9708839479681 158.589054869126 140.926458464711 132.164379907037 0 148.95002540728 118.388287894669 89.8754875092773 119.585936798816 164.404373175727 131.865863083036 0 110.814860957889 70.9457117793697 98.2060350582572 116.008229448818 106.151812053607 114.94020785606 95.0596622982408 122.388449772114 133.574476078874 115.750647805897 140.171373342948 0 119.134905822048 106.147435299461 131.998889817108
73.2574202124957 74.767788455249 91.252503090589 26.7403781256417 76.1908210757113 67.8086847676746 45.8230568514652 74.4178233350013 25.4515585600263 54.0881098111393 133.489824133322 22.6038980740251 120.145907256915 83.7403165440631 39.8706518519935 31.0793762557094 119.80416304473 142.912725129297 130.944819121294 16.2846879805066 30.8194844049251 35.8223716804117 53.273933955476 0 107.540568403638 113.787282541043 75.9859295193756 19.7037593952614 78.8271026603226 62.4289506582964 136.863217805187 119.851123664562 63.8549339601666 71.2070684437273 125.370466070185 75.1770876290857 77.6094440154764 80.3613906982769 81.5077103285556 39.8923853135078 90.8170602411748 121.605141891867 106.424965190681 117.21610993709 114.32926858443 113.158787773824 83.0642190855092 130.081990674431 0 109.802492620821 130.480685073632 143.569756556494 112.157432612588 88.0171737670898 111.816672753523 101.509453988869 122.118577898411 59.081772446288 113.361753236236 173.491098896673 89.0122405921563 142.265852438441 123.801678863761 76.9387971968374 98.7954040154252 134.609436137119 194.939887097895 153.693323410227 107.18211931109 103.311780448419 77.8255318887833 112.946086788395 78.1024051969389 149.069132928844 162.240188426822 136.348822905118 99.3736303050897 118.344788159407 104.744962195736 0 165.903076171875 108.363265787996 109.938114827546 161.481988604521
118.584781519266 25.1391933306501 75.6325093138004 172.257781982422 120.263472204636 84.190167197894 135.409317946281 147.057631251958 94.7643274996249 143.193373444173 29.0574833100686 127.582636611358 17.0458647689918 102.749623203223 125.454642131171 95.9544609206302 55.2333034683131 41.7323546931374 38.3825635097177 147.002395639695 107.299178900602 63.1476343566941 91.1253428289142 107.540568403638 0 35.3087954171423 30.8892472971001 128.436219710668 100.023763395218 121.521563651445 38.2604659943253 85.7323784331849 136.06225729332 48.1317086861129 107.911853801263 79.8243220855451 23.6707461078817 43.4409252536852 59.1876625636774 118.986452583045 89.1274285701499 14.6965011309645 105.921624043018 47.1376643059353 75.5153337503153 97.7901279947644 0 0 21.9403890916944 163.73974609375 43.5079922695029 76.7441239674705 173.889511108398 0 0 167.396161441111 240.425033569336 94.2128666591002 0 48.478642838185 0 43.2667991171612 0 0 0 83.8015395984738 58.0011732635897 65.671795417854 0 127.289553825586 84.7059001687146 98.9007454811217 134.757581616193 26.992448190238 60.4173003247791 64.2741653257877 154.144717991126 0 116.430709838867 65.491688076001 0 0 77.4348786629136 167.314085320247
115.168792561776 41.2949812769482 20.2004324135314 154.409107070881 89.8147970404607 118.230019006265 113.523859758769 124.929008818687 106.075049619734 150.471230646314 20.2055119784964 140.76836339645 25.0682366314141 121.463575121672 142.380960896677 93.3888012042325 32.287306851591 23.8557237045591 21.0795188426248 0 85.0203262968764 77.7148452816199 61.7390853125157 113.787282541043 35.3087954171423 0 24.4446229388303 105.785869332871 103.496497664619 97.9716698228813 19.2301495018304 93.32238880016 103.351044606112 51.7923392132682 132.240963644418 76.591102224696 52.5717276481141 52.1616095645467 63.4267633203861 94.2557750340584 92.1010699198441 56.8719252862959 123.828755715985 91.1716372011786 98.0400632401582 113.578772073551 150.390216476083 118.151947021484 94.2285145291842 173.541661011008 58.2333375517708 94.3195473025901 200.663426301053 0 160.84377254986 166.332967739256 184.082077026367 147.233483645891 212.306121826172 86.1935031189637 194.067749023438 78.8302647972828 171.981873342501 0 122.701138614544 97.6839508131484 88.9782462510934 90.5653683516611 166.585723876953 144.473220588234 104.379192786496 116.871902349127 158.081274210109 56.6643757938088 84.005410186186 86.8495782767027 169.062025849178 183.022641603795 149.25298934256 97.7158142455054 0 0 98.2278730296891 149.317541939726
115.958959780157 30.091549869175 29.4533272148092 127.880078734269 134.826867318141 125.39237870494 102.681013793742 127.602154924232 92.5728473856259 133.703859371741 46.4977580561095 119.709519172984 30.1859725543408 126.002640768476 127.005394275004 24.5193205207674 58.5885914779563 52.4301093653448 51.0412665978394 113.620764710815 72.2170004779895 42.9710502183369 40.7485051472631 75.9859295193756 30.8892472971001 24.4446229388303 0 74.457263411993 110.340037077124 93.1177445479553 21.8219905269906 143.483849136035 108.882550262813 58.2278112980625 124.679390208732 74.3954060909195 52.9360271928923 57.2369227888674 64.1286960539964 87.5481395518161 93.0042404439728 66.7812907772943 111.382059498172 85.5309870167965 98.3949292819945 104.83979477421 132.525767402722 117.160484575398 83.6532671545783 149.772652627186 55.9725639448881 87.6452504471364 172.227055803963 0 175.566715239975 149.454669034625 168.489136481007 134.293153145797 187.674621767962 91.3831290763389 0 84.8762735983004 163.220619403626 148.119007954621 76.4339441371575 99.5625021013096 91.7848607145794 95.6834027262233 168.63069152832 115.90069482299 65.0094567844993 90.1224177863315 124.585478448362 55.7215890177953 86.9016581892532 85.8132954235239 129.727649574315 162.908634108065 133.781261507561 102.342720489505 0 130.050830510589 95.9074770378797 143.571938694758
70.2446157685118 91.7281641494045 76.5363080382726 18.9243364313417 108.853757734856 60.8553874717818 34.9315591630398 75.1910176297878 54.5111681122154 32.8789897190982 138.272546636643 44.5397215806041 128.766703667403 84.874472298683 72.2866057411334 30.7884824672799 104.419825140775 155.042907537366 121.390450027386 26.3494317927061 27.5943635660635 53.8107741359013 44.7738616565209 19.7037593952614 128.436219710668 105.785869332871 74.457263411993 0 79.0177763566818 41.9849671617782 152.010386113347 118.299614169518 65.1161966592543 62.3666464276012 127.041408620188 75.333190677828 70.0993034185141 74.203540477244 76.1536315077154 75.7946310736505 93.8861761084857 134.585528643001 116.505743914557 126.896263846656 121.70925474718 117.229844719089 105.697880987739 139.329505290277 0 121.05637824547 149.403231652379 142.938001251481 126.881368217031 0 133.981385789922 117.601243659689 139.28879025011 76.3471966720041 136.558503610667 198.785613809473 74.8762240342996 212.606964111328 133.365603693862 109.769412699926 102.963484144052 166.796171070119 0 178.181839509275 133.777571122827 109.306755847325 87.4293220750139 121.492589411929 98.5253994007683 143.086793445121 171.655097091181 134.516554000878 112.178169114153 126.867439435283 111.552602382957 0 188.892933687243 108.608153162812 117.891994953976 143.828155654168
17.0362383470265 109.05587489928 100.154732568886 96.3726134816489 25.3354774130397 39.0055250321567 64.8668846460587 37.7444445166949 72.5048542677092 89.9091766066747 56.5157145256571 85.0290633552497 61.549087880043 26.0682554495535 54.7050738852729 87.4410565876057 92.3018110327056 93.4431306921896 89.7243445021905 94.5464120599085 75.5190185914672 73.0007856861998 86.30895553666 78.8271026603226 100.023763395218 103.496497664619 110.340037077124 79.0177763566818 0 27.9022737734217 127.260717711948 15.3204290285989 16.9039292987747 30.7039255499655 93.8291846200651 59.9464331256555 66.5668359719715 37.9518631908821 48.1732054848417 37.6745599479984 33.9557563079852 58.2741601553555 135.495180565451 146.633966369704 136.584407373601 118.13388399645 127.40803311022 136.894554660262 176.88591003418 132.473551482586 147.409053308891 144.611219130474 165.614938581904 81.2666244506836 163.639213716978 138.398228164662 159.267340816478 91.3863764689527 175.555134519621 143.173167403625 153.731099931518 0 149.975524996173 0 114.976771850298 154.270480129949 0 182.577133178711 165.591560794612 130.952436290376 109.107961742643 134.615555896155 116.138408689556 88.4800799835661 152.797178742261 142.07834435337 131.626316401954 149.226171257753 130.531884901997 150.567657470703 0 131.659433845072 125.289752705787 105.024129229945
24.9620635836469 96.6306547704231 76.8365357866751 91.2442367599597 101.412280535584 69.6595071056737 25.9261186384044 54.3277853918254 55.9672582937138 76.1084401034346 105.997306241484 95.2771467354239 119.050000716604 55.1861832867106 83.6754257868158 67.9974585937452 73.3355806358922 113.402327040691 93.944692832618 82.2182203022171 27.7469418554338 55.152158734974 55.3539719979755 62.4289506582964 121.521563651445 97.9716698228813 93.1177445479553 41.9849671617782 27.9022737734217 0 145.564474532041 100.179211857715 41.9782092346404 34.1512170527591 111.991844397282 60.5407412155778 56.4054081999835 57.1513435986777 60.7502793066726 66.1523490506735 72.9587796746612 105.789037068295 110.134546178251 126.76034290451 119.853900462772 114.453713862408 112.051442819891 139.703602986923 124.291748046875 119.631559459553 117.132472171075 140.098429894337 133.775822726261 0 152.790116015884 120.437895988612 141.231615013404 74.2209397289752 139.461185156404 114.797593930637 143.754470825195 131.832457190692 132.03362340505 97.3015975952148 99.5298590031303 157.056559892335 0 172.663271920046 147.129578296424 108.758145839843 81.6866533622883 121.170632394486 100.773315447422 133.863184811263 154.782041076377 138.530495601437 111.168924405722 126.584018621401 109.371484070358 0 163.68440246582 107.159597537356 111.448842931576 126.58357026449
139.027522233592 58.9196377968015 89.7916266802303 0 97.0020217895508 0 155.447847369414 134.197458238109 124.05344322965 166.666610717773 20.4372893228567 0 10.780928541104 109.19317546139 0 112.719749450684 72.4433511185392 47.1652785669695 52.7392497966016 0 0 98.3687221121747 95.1186010493482 136.863217805187 38.2604659943253 19.2301495018304 21.8219905269906 152.010386113347 127.260717711948 145.564474532041 0 132.986663818359 0 67.485135913986 124.286293029785 96.1407050205423 59.4777034896012 61.0242498772363 71.7716365935379 163.653486122078 0 51.8120928537471 124.229888916016 91.5012449507032 116.023464232823 127.349321858457 0 0 0 0 88.2591855370921 136.543122743529 0 0 0 0 0 0 0 85.4730376388415 0 79.7583907311184 0 0 0 134.274318235529 89.0111525791055 93.5780941616365 0 0 133.668685913086 174.428366083125 0 60.2958907180369 90.5764507727442 95.3191977464504 0 0 0 98.3962671134314 0 0 91.0273282597984 0
79.4334542883856 0 158.749485707214 127.471835314395 10.2723992378879 13.2006377671499 108.483474164186 19.153097018333 106.012775709832 116.145339448302 61.6726157074992 98.8290012494074 57.4099419019328 26.6085360177036 40.5094692058903 133.149430910189 160.492446899414 88.1920740886099 80.540901184082 119.482784173655 121.575221144873 142.135742768753 127.330902421425 119.851123664562 85.7323784331849 93.32238880016 143.483849136035 118.299614169518 15.3204290285989 100.179211857715 132.986663818359 0 68.0517864664976 18.9254342784702 100.130735154317 75.5075931626622 69.8991851167512 41.8987163395964 47.1651348799207 33.0567800738812 12.3530278485122 65.7649178787224 0 0 0 164.432609137964 0 0 0 0 0 0 174.641220092773 0 203.818328857422 176.094640318724 0 0 0 0 112.922058105469 0 0 0 0 0 0 0 0 0 0 0 154.352068755377 0 136.392639160156 0 175.4951171875 0 165.98179935774 0 0 0 0 113.241468040155
