0 133.13374835255 98.0973339222617 86.8378550443822 89.0747356314869 71.3658974204408 34.2142540414254 42.2857998439768 71.4490378985669 74.3258658962869 109.30305531887 84.3968878599603 129.455079973581 25.0016893913282 100.129344699897 97.960896486009 106.928851411494 142.714588278399 124.630708675947 65.297408087495 83.166182156301 86.5813045670337 94.2526892613634 78.5067369461238 123.050349083631 120.687496097703 128.990115106716 76.8001172763947 23.2418740297023 37.650317263585 153.757899773988 86.6199541674228 40.6964985582838 68.1364227199822 133.230146744473 70.5198568684688 105.198148975745 67.286489413963 95.6451391608646 61.0523958784266 66.0023830298512 100.899954245585 140.787588604942 151.799569687267 162.013729005572 161.886230693793 147.335548462782 173.995488410677 0 148.766647194404 0 172.73225211802 162.21886565305 0 159.427356688837 140.948954010908 151.975384092256 87.2066750096119 137.397905332661 194.448257446289 169.683194346637 207.407570674922 170.170217471825 0 144.937857924484 181.377899169922 207.204071044922 191.211146306219 177.838061771567 163.202011744982 99.9581451964126 169.60495707202 126.511760914653 196.24943789242 184.075070881281 165.006559804054 138.449116904576 169.756396286552 143.376241829725 0 192.219055175781 162.800839706884 163.335368640132 144.423868973157
133.13374835255 0 49.8666269148396 135.833559972995 140.585174560547 138.279565978769 124.143964767468 131.717209315631 73.6636842701102 149.815140827111 57.9455510260201 114.57556564167 46.2973034693217 139.763063503458 103.667208146016 58.8713933271301 57.6869620026185 67.369697020934 58.3354066804971 128.496881909966 98.1915430907648 27.7824826795031 80.6341477501708 82.738980169972 23.4819187596505 51.1116299965083 34.2490666577173 102.869179678239 127.207937224517 116.381718646305 64.690139819945 85.3161589307394 108.698298112776 60.1168094367213 127.562286529214 77.2627762508402 44.0687924706941 60.1077084812296 64.9901249746858 98.4734272867099 84.1468733114149 45.3792431737502 98.0097404658413 70.6678043754312 79.8685335288582 83.326581480086 110.253749371395 122.443740338253 64.1021449920402 158.431854248047 21.4354788660995 67.6847331599923 167.840492250241 0 189.105728149414 149.427771122814 158.614816302188 105.647024084906 157.160941068181 89.5933804850268 167.297574881202 75.5848239904751 147.21614274331 0 88.9673359509563 76.9880655739317 98.6106232292449 79.2232678678426 161.911337176407 120.96309830014 32.2415055871637 98.5095149280685 128.038344492924 47.8232393202294 73.1113053874129 62.1373731173698 153.260881945852 132.144873050459 130.776494649321 107.345034220856 0 117.692161560059 77.5076994616879 161.045815997115
98.0973339222617 49.8666269148396 0 152.205184936523 196.17936706543 118.752606209318 94.7819950164782 118.645296700367 104.736393369813 114.137970902248 89.1453260755967 135.854128453691 101.445430076821 112.334451676935 128.830575198395 84.4547106915958 47.6678767317491 88.987399572014 66.9162734710108 110.022964477539 62.1880111522533 56.6938398305374 35.0353063496518 105.563351223054 89.2471688775697 36.4786951264822 34.8518205034162 83.4089098940278 103.564394978578 78.993051239583 100.689348855736 132.890266256989 100.223183642381 62.1574818450348 136.051202834178 72.9045535349116 46.1266946622777 61.1798778877144 61.9448231060897 84.929914751121 87.7152895222724 91.6086747714466 125.056786735327 99.8858221614496 110.783917130841 124.692665468078 146.896856059788 133.615017530937 0 160.070947704028 62.2910537518683 99.4400101347596 0 0 188.020456108311 170.743097016018 189.725584796916 97.3586758126653 163.124023635408 138.173227064027 0 146.894429894712 179.492837018452 243.734710693359 121.695369012063 109.496907303123 145.006993048876 120.468368461879 188.523178100586 147.075086603664 85.1385025635935 118.763771604536 148.365198078107 111.607626288531 110.616089439359 99.3135952645733 152.871230481874 160.829200478718 148.687991090433 179.516980690456 0 153.328148530283 108.028714668367 145.772581173019
86.8378550443822 135.833559972995 152.205184936523 0 124.597051528481 69.4516562696121 55.6563839951426 98.1735345836518 70.5550676906008 18.8659268275882 153.007523453636 44.690286236854 149.802825927734 107.460697184598 80.9123864869633 108.646136093944 0 152.609771728516 138.160491943359 14.0148294989582 126.779528719608 95.2256039376127 114.142352696478 29.6647167117538 0 180.015236500731 155.231251234506 23.5975065005434 105.406596262738 108.83413837461 0 146.678949474561 100.612344871884 111.167618359686 119.976498233894 103.119738208239 120.689807507536 98.9872884623834 107.464132355461 84.3825210326567 106.834969928847 0 132.887722875876 204.960296630859 173.168319585443 172.522674560547 114.562219923137 129.885940551758 0 148.808792114258 160.942352294922 169.597767530918 27.1612728687839 0 128.699310943484 142.18035720716 168.692575111975 94.064561892624 72.6362151472861 0 89.8127953638925 0 169.260185233335 114.213145055873 140.740848801343 221.825042724609 0 0 52.8872993801636 0 101.464413080779 209.974844326074 126.037464110307 0 0 158.789624555977 99.0914055800331 168.044417868102 143.103136852734 0 0 135.932189941406 189.435564069569 179.771286010742
89.0747356314869 140.585174560547 196.17936706543 124.597051528481 0 12.5080483101553 112.104843011618 22.7481248368067 55.8761550502544 109.548447107956 67.4490892032274 73.8781754279706 51.6669869804602 40.7808108090896 19.33223990153 0 133.723007538425 86.132980580835 0 112.16705069646 142.183323911386 114.754699176206 96.7549229578668 83.9148095076158 241.333099365234 113.238611594207 142.727336935237 128.078356382656 27.7403339177018 120.20821136363 0 11.1776576808071 0 13.9115983797824 55.5396993572329 69.177156885955 90.4195784455144 45.7537632289392 50.4577777174897 11.3731947897139 8.35163790288725 53.273102349903 71.472696815787 86.8131220362688 58.672824461239 50.4451935211637 33.7680922870868 0 0 0 0 0 0 28.8102120710448 134.73747253418 127.83502099402 0 107.682266470552 217.615341186523 0 0 0 225.704360961914 29.0868572842879 133.535400390625 135.042556762695 0 110.839553833008 0 0 193.615844726562 151.814137947223 186.078724271174 0 158.87971496582 125.166625971203 195.286073114513 0 0 0 0 0 0 72.1556995801971
71.3658974204408 138.279565978769 118.752606209318 69.4516562696121 12.5080483101553 0 49.1262930943177 21.3515734707558 58.3513057137857 32.3148749358441 92.7031806886098 29.4608748629095 73.8334971537262 40.9089518133386 18.3617866844447 119.01200590163 131.236126535592 151.999331118958 131.084154235308 47.6065606547932 103.320301665219 119.579949166606 115.084166386379 75.700721058168 175.803946123098 141.319134707283 139.676378958643 69.9024214141542 55.6224341972211 89.8509056806516 132.968616697181 16.8198833973347 97.3889946872572 40.7937487241468 87.0226773015093 84.8769234040428 102.586764908409 66.8926344234389 94.9957782201292 18.1817146126224 21.2276001681418 71.0752735100636 157.146213591709 186.883833728728 172.321273970884 178.500625610352 108.967000684623 247.067840576172 0 161.803035366244 0 176.537418517595 148.213945921815 221.748001098633 161.149603824784 147.034074119458 183.803362039229 89.9039851832793 152.038783177101 0 102.69315228715 160.017578125 177.912446466543 112.628416734224 198.722500865196 243.864624023438 0 217.129302978516 141.799185624905 170.826390937869 138.977217154805 189.080119262127 133.698137297699 0 199.814211343182 184.071416950115 149.297726179655 172.938292183533 154.779998549365 0 0 0 174.925769495823 212.456278456635
34.2142540414254 124.143964767468 94.7819950164782 55.6563839951426 112.104843011618 49.1262930943177 0 58.2926125602306 61.7280422903036 29.309671433739 132.439582528231 53.4602590559024 130.52578958703 51.78444357515 79.5204084328188 82.3847091162192 113.345550318783 161.154586128029 142.846190322799 52.2732739271364 72.6483099507188 83.4583711536848 85.6914492903402 56.2693967111153 142.722919995418 129.118602424645 111.424517541889 37.8063392762917 75.8012128220162 28.5075920367874 150.695856416993 120.058875203995 75.2110625464889 88.0922601665141 138.756116644276 83.1117822637552 102.5684668447 82.9411138448897 98.1889322205796 78.1955510237863 87.3092627648571 130.153496647541 147.395840084927 189.155224076378 152.515389595227 157.281607583023 123.604993561948 149.343823699264 0 140.200460382483 139.300678997725 160.820957785883 137.885005229286 222.520156860352 148.739092078142 130.546880330154 154.941775623425 85.8734473365903 147.250242996317 198.13753482548 126.82785245444 188.289705199156 155.8872943449 108.376739790523 133.541141021146 175.924594191963 0 210.789548727918 135.655348490544 140.294907322265 112.755828605009 156.572637735822 117.365001895774 187.636352926968 200.907779338106 171.609890434276 132.375722700376 156.34189818919 141.609694843818 247.809921264648 191.876431115486 134.615564157405 147.226614948907 179.407264164025
42.2857998439768 131.717209315631 118.645296700367 98.1735345836518 22.7481248368067 21.3515734707558 58.2926125602306 0 84.5495961336151 51.2810727387079 83.7931152097327 73.28597586743 71.3862333645636 23.0223214806757 45.0515986540573 129.820982598433 127.281976973365 117.191098509564 137.196704825723 80.8210775125501 102.844145524089 113.929737814804 113.014912889045 94.570868483689 119.676730435853 136.30987526894 138.695006207012 95.2192391084341 57.4921363196436 76.6439554141261 122.653304693136 13.7718619548543 113.406890290696 41.9057027597584 143.945190458611 84.1286836103951 115.092657772382 66.5853973414539 109.033999229733 32.3786029303374 23.8866590630958 63.4665111709261 174.537762881494 161.337507530422 183.587526336884 184.038790452255 154.821046082175 176.011059274245 85.6275849437132 163.741291114797 143.148144092384 177.273151642656 157.179800554004 0 179.740771912879 157.197215006009 190.066249818105 111.905697549524 158.100273537358 207.854454896885 129.365528884284 143.090519254549 187.179719208014 175.009872436523 179.835925973447 184.965340495511 194.103088021524 202.929285297526 155.078139247944 170.755039009782 122.130623666292 188.029021325398 142.212588455885 173.965637840949 194.587884901227 186.821265785452 156.551128737868 179.345004001348 165.309731088518 0 0 175.334450228513 183.914166333761 177.693976917018
71.4490378985669 73.6636842701102 104.736393369813 70.5550676906008 55.8761550502544 58.3513057137857 61.7280422903036 84.5495961336151 0 79.2887544954082 133.678527141086 23.2294425698616 122.762729205664 87.551548745631 22.9992914329223 64.1522725814391 114.187870499286 140.504535907425 123.967941715154 58.8506020413256 73.6900844229921 28.6602725326443 92.12491511151 25.8212582123625 106.88735739048 121.277337930888 101.357337828516 57.1145158353996 79.4247667571595 61.0170105794674 138.55943874527 114.786535102239 68.9522620019971 86.5159689795373 122.198885824672 72.8028370434026 101.248558887631 90.1957641247728 106.063553416487 24.6915039243421 81.5502842189097 121.937401412324 97.9208207701138 148.149924171507 112.030760552981 104.594897631138 53.7676236034389 105.535364925344 0 92.8383868289414 122.48220754001 129.444266471215 88.8236884354306 100.539715374086 91.5233085385245 87.3057719480793 109.369928649294 29.4948286318376 97.4160872602825 154.701777876437 79.5825854837786 173.820169695397 119.101083076702 53.6943396073934 71.9560946401378 160.550572702865 181.183433408787 179.128770556629 84.4088674572611 93.3851768104154 31.3746792013059 116.495733104136 64.8841122638323 119.655949458978 153.676510893163 145.95358717294 86.3423048430217 110.385370060372 88.6289335303849 159.399230957031 0 81.2556585245688 114.457341792582 122.863909412343
74.3258658962869 149.815140827111 114.137970902248 18.8659268275882 109.548447107956 32.3148749358441 29.309671433739 51.2810727387079 79.2887544954082 0 144.526821298947 31.7399796328895 151.873981315008 83.0806720595829 70.5674608716634 123.806573065914 146.278770298301 161.215758544844 155.744183409863 18.7707763489667 110.406027872071 121.608828460345 111.875715593955 55.3313690290946 156.981102712195 163.160452631981 150.725450118512 32.959903534068 103.25267282824 98.261808221795 175.460198786274 127.769260346207 95.8776234752261 104.884818572923 122.249467417874 102.500607247425 129.55040006253 97.1744391905983 111.11627489407 77.8683449882006 100.833678764539 142.537026821828 159.201775548982 0 180.069161555309 196.861315443863 121.798036331878 191.884276630159 0 156.350230350773 171.628959585718 190.336631067473 119.56908537514 148.657928466797 166.274856680636 148.930604860669 167.687810074357 98.4863416823387 109.515307473403 216.591431463422 124.761463371065 0 178.92804043912 127.577559179642 157.226551502947 232.000904054271 237.953964233398 0 131.542855523529 0 132.209829934557 174.846435723732 130.886474316042 0 239.285840155428 183.165488615858 150.973072509453 182.510773314391 164.85400158283 0 0 177.834346786732 163.308916257695 213.493708738381
109.30305531887 57.9455510260201 89.1453260755967 153.007523453636 67.4490892032274 92.7031806886098 132.439582528231 83.7931152097327 133.678527141086 144.526821298947 0 137.850593500346 22.1216225186324 82.3301980354902 118.480860871044 131.020124522168 60.1047582256165 26.8771442347723 30.5643729324587 137.619425486607 110.243511606062 95.5193012745678 101.378714340627 148.06371646189 32.2752955682186 40.1348491826793 60.1393802486396 150.570606227721 85.1804901667637 120.072637964397 40.3634514477025 70.2154603125457 103.420621579219 27.5626809347883 157.016789309156 82.9730735908317 33.611140380299 34.0058868085825 55.2553519920367 80.6058751959826 72.1556124414337 22.2635144101433 154.79338878958 62.6138437585415 111.161087049327 166.39536323003 130.377136488118 0 49.9667268891545 184.922958374023 99.6414293199948 145.736989445762 216.305561759397 0 0 204.498468102215 151.759327485104 171.081059955206 141.383438110352 75.2152741772421 0 70.8435584029464 187.377069911951 0 153.960566986821 141.164583615974 101.255443551496 118.098688237661 208.59928894043 191.400986412314 133.473873743683 174.152301006491 197.228972953159 63.7419534833668 108.099655945931 112.958715238272 192.049021971724 233.381713684703 203.459208500821 97.8202454596328 0 209.85823059082 128.537662136201 148.495864910068
84.3968878599603 114.57556564167 135.854128453691 44.690286236854 73.8781754279706 29.4608748629095 53.4602590559024 73.28597586743 23.2294425698616 31.7399796328895 137.850593500346 0 150.933537958748 93.7806516856569 24.1685847899835 122.800213760936 178.600951243392 165.429838138481 162.217909606713 16.2962805882766 127.092327974486 83.9581090745274 130.35341020473 34.2110350638788 182.792776184722 167.213383474702 139.454102087617 57.5419658123577 106.397173533433 132.213685636597 191.066421508789 118.752679963282 109.269880184044 101.845673334157 22.0176048097856 76.5388955712741 120.0309134826 96.8929661566844 111.260137467431 29.086189012037 92.4519649114968 136.302498642446 79.6542276782158 0 127.764176090894 181.877197265625 70.2137550967277 132.13313293457 0 172.339342349259 145.756973266602 194.963570027373 27.9949375186011 95.3365783691406 60.0108919033747 129.35137451036 122.05824830469 63.2064774828331 22.4019338630964 0 14.7295796805094 0 153.388992931984 68.3635927338147 209.559616391971 0 0 0 19.1388796664 0 152.81867980957 179.731338500977 99.1355286997942 0 182.200894188502 183.494844820754 88.8550918006126 141.04946015419 156.368041992188 0 0 0 154.270416259766 0
129.455079973581 46.2973034693217 101.445430076821 149.802825927734 51.6669869804602 73.8334971537262 130.52578958703 71.3862333645636 122.762729205664 151.873981315008 22.1216225186324 150.933537958748 0 80.8284014837267 153.07214219208 117.857129971423 92.9215797867758 49.8682384814999 68.611776739075 142.223341975673 116.422687866244 82.012896721783 130.855763345405 133.293133086167 19.6795084850059 44.5768256459171 29.692361544634 148.96213644839 86.3368301356144 131.653989290328 16.5122095122916 67.4296652240896 86.7182882711483 29.0863469843594 78.5857222471069 39.6220508550875 27.2173854008505 30.3993442865619 27.9719801078494 39.9935975817637 13.5332954934053 15.7109964239648 75.8151600871237 55.0096315148337 87.3390089382262 67.2310843104593 150.214797973633 34.5144281297411 41.8271463580804 218.889237096446 93.847591769633 137.570837164436 0 83.4382781982422 0 196.422735669977 95.1109466552734 173.784698854598 0 64.4795302939678 0 55.936993223879 146.951286724586 0 143.976282189512 132.685648514968 96.5647156970424 108.943139643655 0 203.893947857226 133.785259593349 128.457220371668 203.479350354799 56.510585893367 100.939221137113 104.014845970648 210.078610306844 139.707305336951 195.104380557392 91.2724870573405 188.053146362305 0 92.5347248071273 90.0405984026219
25.0016893913282 139.763063503458 112.334451676935 107.460697184598 40.7808108090896 40.9089518133386 51.78444357515 23.0223214806757 87.551548745631 83.0806720595829 82.3301980354902 93.7806516856569 80.8284014837267 0 55.0950007422227 115.84524732136 122.377233246669 119.81544984466 125.778515460882 90.4847403152266 99.1515532427484 104.078957390062 106.956619899405 94.9493321312975 107.728741384468 129.846840277537 134.047703708669 95.338129237241 35.4514545122193 68.5296730891241 117.81563154271 20.4080800431523 79.3086330820066 43.8497701305769 120.435242070627 77.0221721673352 106.885501587365 62.6357521120609 105.093165292126 44.6594584644426 33.843124770058 69.6824974628868 165.809571917672 162.305338615003 165.076276824308 200.798929821796 152.865224271517 193.92371884637 97.1743850708008 161.580967523282 146.60935530022 175.576169798435 162.522862017457 0 156.606591159846 155.604891768759 173.924461778363 113.92006710664 158.223920121032 193.71279850299 148.043060841957 152.817629710723 179.67479536868 104.145362854004 153.658583988748 0 216.470703125 208.05390974771 156.8598530482 166.81533177941 121.981073139697 171.27236118312 142.045419432836 159.991184670303 185.981323605325 179.78168249334 154.111518515631 179.356614669477 159.309202092202 182.635181521095 0 171.196403173899 180.965336254238 157.231642404595
100.129344699897 103.667208146016 128.830575198395 80.9123864869633 19.33223990153 18.3617866844447 79.5204084328188 45.0515986540573 22.9992914329223 70.5674608716634 118.480860871044 24.1685847899835 153.07214219208 55.0950007422227 0 110.524223327637 148.31635200628 0 143.956927801965 62.5820196478911 107.965736089512 77.1521484985556 125.825865731027 42.7101532613833 139.337406198507 160.215747204016 127.463802706849 84.8861652952428 68.9649556660729 100.447309269399 165.757890796352 41.4690440873348 70.6875654885928 63.7449905239677 44.7882811665468 54.9725855467394 120.06615681835 74.3203224569518 58.3162608547815 11.0705098572869 30.5669131729213 113.95277176709 49.1543071579403 0 113.059250680967 60.3009007319203 58.7165808700786 46.505087551063 0 146.844097344944 0 157.941024780273 114.909962184125 0 133.177215576172 135.367506153523 118.220153808594 63.8353080940291 123.916066809062 0 100.222470672215 0 158.753823944829 126.574432373047 0 0 0 0 113.558674089938 0 0 144.727571202916 97.1161899796697 0 0 153.788637301639 123.506139986805 146.391352454154 151.615295410156 0 0 0 175.356582641602 77.2841534613674
97.960896486009 58.8713933271301 84.4547106915958 108.646136093944 0 119.01200590163 82.3847091162192 129.820982598433 64.1522725814391 123.806573065914 131.020124522168 122.800213760936 117.857129971423 115.84524732136 110.524223327637 0 96.0955455869938 132.743286693472 120.055250871526 95.1061213892945 22.9419899443692 35.5115202768384 20.819685670239 33.8454810935435 101.948260767856 111.59408231236 28.2728578297109 38.4025668477034 90.3209775871346 76.0629418599892 133.850516473871 123.031578063965 75.4188611706895 69.4890018513221 134.555704339136 70.6499167373513 51.9756184422689 70.3223873156917 73.8710196377047 83.3150631453045 87.4863426089676 95.9763946533203 112.960423514797 100.495124276536 114.813612661712 111.444276448731 129.248141957188 127.994368878234 0 115.31474119843 103.832058006167 106.984029550414 162.075469304298 0 164.023674027864 141.926466186395 161.579850739098 93.5119616441281 133.128615761992 175.541475167667 0 200.191818237305 150.021678588524 0 93.3699585107172 142.840727066402 0 150.881786571203 0 113.044080691328 62.0148413028073 102.131641739414 110.870478611232 135.301801908981 139.945360816014 102.44361477264 121.342066103057 136.988158032299 114.998292062913 0 0 106.189519075686 109.055135753702 163.030706300628
106.928851411494 57.6869620026185 47.6678767317491 0 133.723007538425 131.236126535592 113.345550318783 127.281976973365 114.187870499286 146.278770298301 60.1047582256165 178.600951243392 92.9215797867758 122.377233246669 148.31635200628 96.0955455869938 0 58.3156646452 21.9991770445604 133.593571454103 55.1183159163897 73.2873364183087 36.5174218078598 119.885397921794 79.7600451912502 36.5428514428214 70.3540163286177 108.888608258995 102.690592590255 70.3015373315966 97.014594194962 139.505411991578 93.8485900950026 44.462902075735 140.219172191934 77.3993307584491 48.8459817925179 55.4192596660355 61.4473669038538 94.2798792599378 79.7668636266877 83.54837053794 141.108557278088 109.979174500641 130.071134168605 137.199855414221 128.901168823242 153.264543597786 132.540767096132 198.249787209111 77.9761276141978 113.967951853919 221.995712280273 0 190.280875003617 189.440437120563 208.277319927757 151.910455453977 193.03483581543 136.429105459501 214.35563659668 118.620166777882 185.359333296129 0 138.590576220063 121.082298003675 135.600069934887 127.31854770137 204.210296630859 157.408916929662 103.674911699972 143.322388614207 170.574739268135 102.474203180653 115.006981815987 111.250918213243 174.539956899387 190.83283012365 177.413759025575 140.609443279036 0 153.841522216797 127.969607260929 151.411319555985
142.714588278399 67.369697020934 88.987399572014 152.609771728516 86.132980580835 151.999331118958 161.154586128029 117.191098509564 140.504535907425 161.215758544844 26.8771442347723 165.429838138481 49.8682384814999 119.81544984466 0 132.743286693472 58.3156646452 0 17.4260796816348 155.22876935452 115.035609121032 103.136234139897 101.915893179797 153.083653467574 46.3164744136348 23.6626667114025 63.3240870055149 161.318618749772 120.702173690399 121.675242208038 51.4522078769925 108.936095637846 140.73357728419 58.8743817504979 145.800239322924 90.023268343698 53.8803824735019 60.2180597901855 68.2590071264606 119.837213948763 82.7365035025889 56.7054742945557 152.497479367447 97.0993356128024 117.845059201851 145.553818010459 0 0 78.7039958777101 240.363067626953 99.8232232809889 156.54914146667 0 0 0 217.346191029179 0 175.200302124023 0 93.8573882130404 196.865768432617 84.1301997026531 216.945612165493 0 0 148.111756208128 105.689103243181 111.3082740223 0 0 117.183583113008 175.82645776215 222.355010986328 68.154677013165 107.312086124016 107.95347888678 205.598124773852 142.426345825195 181.099149430152 108.570593920825 0 0 118.23357969463 148.456732475744
124.630708675947 58.3354066804971 66.9162734710108 138.160491943359 0 131.084154235308 142.846190322799 137.196704825723 123.967941715154 155.744183409863 30.5643729324587 162.217909606713 68.611776739075 125.778515460882 143.956927801965 120.055250871526 21.9991770445604 17.4260796816348 0 162.176314012558 85.0776638769015 90.8101114593643 72.4346196705836 141.154624640522 51.6916733765087 34.4306458377937 65.6114688006285 143.901606765261 114.118956447401 94.7523971171813 70.0137461654271 92.8805943091555 109.737888014668 46.966895133216 132.041928293562 80.2904348858783 49.731291284957 53.3329873503813 61.8335257660992 95.8397245622022 79.295552685586 69.2831569237585 143.190437919745 108.829680663602 116.53116555839 139.749947761015 0 0 96.7381313033484 197.167770385742 85.7054448695529 130.673095828922 0 0 217.4583605291 189.449277945624 193.80940246582 155.152990416173 0 104.850117562382 0 93.141713390426 212.189446146021 0 153.295322345344 136.155441991613 109.776630199929 109.22821385159 0 186.77079403044 127.401145516776 155.495290457802 190.434081982289 69.6257977614665 108.916527176575 109.868755613418 189.677058886715 121.230682373047 177.791002598849 117.313853485121 0 196.877896606418 119.563328594039 137.334718179359
65.297408087495 128.496881909966 110.022964477539 14.0148294989582 112.16705069646 47.6065606547932 52.2732739271364 80.8210775125501 58.8506020413256 18.7707763489667 137.619425486607 16.2962805882766 142.223341975673 90.4847403152266 62.5820196478911 95.1061213892945 133.593571454103 155.22876935452 162.176314012558 0 138.852191139957 76.1722093216706 144.011986771033 26.109628691846 169.07160949707 167.63861878904 168.401792742524 33.4328077250189 97.564002153891 108.046583154515 0 124.273021164008 94.1272766715594 102.189122840815 61.4837774941348 92.3747092276817 115.585760814644 89.6926383112709 100.78963470459 63.8917699888651 87.8985537165241 120.67262560541 132.670034587805 0 0 0 114.671991372484 176.474277912637 0 180.991729736328 178.880065643799 0 60.0001043641318 0 172.488921730834 137.834070940032 177.540963201791 85.0014234863929 59.8162256729483 0 39.2273309033133 0 175.363632202148 100.253095938647 0 0 0 0 109.022380595921 0 154.073013305664 155.429000911027 113.334864064443 176.535263061523 0 163.019882202148 130.178718194485 150.265713833485 160.647973013914 0 0 135.377990722656 0 168.607086181641
83.166182156301 98.1915430907648 62.1880111522533 126.779528719608 142.183323911386 103.320301665219 72.6483099507188 102.844145524089 73.6900844229921 110.406027872071 110.243511606062 127.092327974486 116.422687866244 99.1515532427484 107.965736089512 22.9419899443692 55.1183159163897 115.035609121032 85.0776638769015 138.852191139957 0 58.0392281874449 32.8080369230686 41.873410580924 122.021985397046 90.2419673949763 74.524163390492 30.0830351857235 83.2588894803437 35.5822440632594 134.78616434631 151.82674861898 74.7517177585003 46.1780177929801 130.350184285457 69.7845862677044 59.6850687305945 63.8410280171726 71.4527754373289 83.0454281246267 90.4564485619686 110.29231035364 126.262841687384 120.018458415844 140.252650276839 150.539638613457 136.763075634259 142.600723392137 161.701114733464 129.325484244651 109.564836502832 136.426862752317 0 0 173.635670308701 144.42925593254 159.090715299791 93.0758317210302 177.252321635431 159.903869628906 141.614547729492 0 154.840549054544 122.935653686523 107.690196385825 153.069667995582 175.050418303208 163.428108791645 0 121.225495340054 79.7660344960787 122.098658925252 119.302785350646 161.840900769748 162.047854433117 134.309256195865 128.477165391433 138.814716742342 126.202050866242 183.597549438477 0 125.834734660478 122.199435943322 157.020563010487
86.5813045670337 27.7824826795031 56.6938398305374 95.2256039376127 114.754699176206 119.579949166606 83.4583711536848 113.929737814804 28.6602725326443 121.608828460345 95.5193012745678 83.9581090745274 82.012896721783 104.078957390062 77.1521484985556 35.5115202768384 73.2873364183087 103.136234139897 90.8101114593643 76.1722093216706 58.0392281874449 0 54.9354721109721 38.7726711400362 66.1238848434592 84.2887710256185 44.8610023191243 61.8979143065641 80.8933439596109 67.4788527716109 103.059914525788 132.478467745812 67.3827180168583 60.0680173155974 132.008000321169 62.6976812789368 50.7749968935737 64.2665625945501 64.4779502665631 74.1879612468124 89.2221441684397 83.6494603108516 87.8629612388824 74.2977349103845 93.090154800665 93.2000343919424 102.559055263146 116.112251281738 82.7218758263665 106.835620527475 55.5124760326596 79.6969570783008 159.338384531144 208.587127685547 134.658755714062 125.223985612094 155.385271924985 70.9931118856753 158.196458845703 135.349318540674 159.9614405169 109.418318470925 138.788357021175 113.574568056834 61.0550317107453 101.992965056562 142.250845092088 120.316597470022 140.375014290697 87.5913861291387 34.9178108717082 74.6763056103584 90.5813325895238 100.219836470773 109.787338831456 75.9242315079204 104.529209803904 114.298286017651 94.7185332758732 147.037891334224 0 94.3799185501308 98.0832683356678 153.740569327647
94.2526892613634 80.6341477501708 35.0353063496518 114.142352696478 96.7549229578668 115.084166386379 85.6914492903402 113.014912889045 92.12491511151 111.875715593955 101.378714340627 130.35341020473 130.855763345405 106.956619899405 125.825865731027 20.819685670239 36.5174218078598 101.915893179797 72.4346196705836 144.011986771033 32.8080369230686 54.9354721109721 0 73.376821785773 110.39086489507 68.410599023299 45.3583141233552 59.651559866596 93.0008352555533 55.5229202086589 133.591695082892 158.717911518692 80.4275582617022 53.8868018136649 131.538568283694 70.4105642193342 51.4535176317739 64.495020462954 68.6944096451841 80.42829211454 91.83526227999 110.286222061775 124.75571244027 110.049136479499 125.969350150252 124.925809292562 133.822935678739 142.530034858839 189.007686178477 157.988295821226 97.9379834462464 107.990001115336 196.699081420898 186.794860839844 169.921616325968 159.733619273039 167.497787673963 110.267944178396 188.3564195571 161.952839285565 178.182436728317 161.012085006602 177.815054749488 120.696460704377 103.007975617113 127.193523488541 163.561669553684 154.206979733343 160.764556884766 126.3149738806 74.4136473240502 112.094013309398 127.948232954923 125.147832600418 141.124586649328 106.639409744533 140.727714926575 147.73654365017 136.840533066553 203.225997924805 0 141.44883408703 125.525632806166 154.345716964977
78.5067369461238 82.738980169972 105.563351223054 29.6647167117538 83.9148095076158 75.700721058168 56.2693967111153 94.570868483689 25.8212582123625 55.3313690290946 148.06371646189 34.2110350638788 133.293133086167 94.9493321312975 42.7101532613833 33.8454810935435 119.885397921794 153.083653467574 141.154624640522 26.109628691846 41.873410580924 38.7726711400362 73.376821785773 0 115.431075389735 135.843890142475 92.3754673808427 27.1918953825791 86.2397725675513 68.397822670474 156.273813304173 130.462122176244 73.5562897017615 81.0612193197533 143.233818298098 78.3070873003134 92.4137155727923 87.3206451426382 93.7639520711182 54.7381603628 90.0404863102258 132.339688701889 122.393272019841 158.845650175548 132.856472768696 137.509311578611 96.4033547350596 140.790840510713 156.177273404872 121.271390042527 129.881637110774 148.342313722827 118.220100236298 176.960929571102 130.119805244488 114.616885283183 137.863236392762 61.0013562691297 123.934703564391 179.568013158329 106.38166674076 180.308415749397 143.055199554432 91.5331063795652 99.6157192093625 172.163891706384 209.018690228777 184.683928465732 109.491458509329 113.268824340732 66.2849282888051 124.59331797253 90.3584024476644 167.494616035324 173.508333877883 143.834812931438 111.808276195974 135.470339566638 118.058501768904 223.872769962978 174.172113446258 116.544092548581 128.888408519489 182.106930311777
123.050349083631 23.4819187596505 89.2471688775697 0 241.333099365234 175.803946123098 142.722919995418 119.676730435853 106.88735739048 156.981102712195 32.2752955682186 182.792776184722 19.6795084850059 107.728741384468 139.337406198507 101.948260767856 79.7600451912502 46.3164744136348 51.6916733765087 169.07160949707 122.021985397046 66.1238848434592 110.39086489507 115.431075389735 0 47.2314970362616 29.9384822323242 139.172856756576 123.906829618539 138.286828239365 46.2542660468821 67.2057877868657 0 49.3363765127676 132.867961426304 82.9280721115993 28.7694411925256 46.5938308558851 66.1435808035223 121.8787203654 81.9905611679961 20.0302106709525 114.289554845152 51.680216840869 83.9396281904389 101.526668976377 0 0 31.3011222656205 157.815048217773 56.2903530658195 113.414944056125 0 0 0 165.015740119873 168.58634577672 159.382442281259 0 58.5904391245241 0 49.3544229296874 143.663483105711 0 88.8063307811696 128.009350230861 76.32232785599 84.0429923370775 0 184.506237743887 76.443488473642 134.77325896463 137.185380967997 29.2947100674422 78.3583909890463 78.2155219597792 193.478399921556 0 143.539698925391 77.4853508966674 0 0 97.7695105903149 0
120.687496097703 51.1116299965083 36.4786951264822 180.015236500731 113.238611594207 141.319134707283 129.118602424645 136.30987526894 121.277337930888 163.160452631981 40.1348491826793 167.213383474702 44.5768256459171 129.846840277537 160.215747204016 111.59408231236 36.5428514428214 23.6626667114025 34.4306458377937 167.63861878904 90.2419673949763 84.2887710256185 68.410599023299 135.843890142475 47.2314970362616 0 39.1906421652546 123.16573322104 119.035343832094 97.3662154306547 24.4259305448441 145.824292529502 124.45043006681 62.7472964139927 144.080802790543 84.6338057413894 49.9549259989537 62.9252610888636 69.2692417406549 101.531967036955 87.3073586765533 63.0075690386975 135.848424998421 103.249583683397 114.056706394448 125.322526282674 142.33337531141 165.18766784668 75.2869594871309 169.759174356401 76.2801764770876 118.209352856774 224.837308451949 0 203.259523336897 193.266628556343 195.206205287809 147.528232860137 195.149646764111 91.7940747370302 0 83.9717938793253 182.135025474125 197.548324584961 145.622420374513 121.813012751064 105.644905049833 107.910878558722 190.142997826886 157.538823957822 118.648759456366 153.06423044927 189.289645848742 68.7111622493037 101.320044179994 102.278239352393 186.389662936375 182.100953741956 169.85211405011 107.520211379879 0 200.76139831543 115.118623213275 164.646717892654
128.990115106716 34.2490666577173 34.8518205034162 155.231251234506 142.727336935237 139.676378958643 111.424517541889 138.695006207012 101.357337828516 150.725450118512 60.1393802486396 139.454102087617 29.692361544634 134.047703708669 127.463802706849 28.2728578297109 70.3540163286177 63.3240870055149 65.6114688006285 168.401792742524 74.524163390492 44.8610023191243 45.3583141233552 92.3754673808427 29.9384822323242 39.1906421652546 0 88.2902280059361 123.042242981754 105.415668812376 19.2877340003634 118.395083113602 109.574624247562 65.9457267980926 140.533778441627 80.1342980293171 53.2657465215533 67.513552699712 71.2574916082632 89.2250780724015 88.2685902481472 76.1473182582044 128.705854350662 97.4412978706502 111.913250769834 114.704981768989 139.819147946084 124.000043105115 86.4637308458206 170.923126844621 67.3602823072515 99.3749178236883 183.584834772287 117.241508483887 183.803487942073 171.841591889168 181.695145713303 141.549295727934 204.95356086804 97.1253077361858 173.608585835218 86.8617011731069 178.983480643141 140.841106554862 102.73139981629 112.558362036897 104.451439788015 108.729770920865 190.206043956216 134.132735902157 72.4574416885511 108.849164265721 149.291745333287 68.7986495052775 100.995816695318 97.6523323670001 153.947651232224 186.774751544479 154.745979039212 107.326422534317 155.011505126953 153.34486888956 114.0279242728 157.370268552537
76.8001172763947 102.869179678239 83.4089098940278 23.5975065005434 128.078356382656 69.9024214141542 37.8063392762917 95.2192391084341 57.1145158353996 32.959903534068 150.570606227721 57.5419658123577 148.96213644839 95.338129237241 84.8861652952428 38.4025668477034 108.888608258995 161.318618749772 143.901606765261 33.4328077250189 30.0830351857235 61.8979143065641 59.651559866596 27.1918953825791 139.172856756576 123.16573322104 88.2902280059361 0 87.2138351230293 48.6319205495292 169.090458015946 140.693243897487 74.5264931549486 78.5550954029405 143.107848818041 80.2144385085169 82.8259452253538 86.9908328857721 92.8153739461205 88.7753544083566 94.900399100705 150.683215234652 139.212286904343 148.712846481876 148.771473438457 151.268459015583 121.527931435415 160.332299428022 178.124755052837 130.811570732569 149.983748449484 154.254090733637 134.217004310736 176.766038156767 145.909735318914 131.026624386023 153.574359535893 81.1252022884921 148.45364235452 178.994082954836 132.021543601729 212.784172732463 155.714190216966 131.629010897363 114.689273931733 183.778819999832 208.498371111715 186.618757428329 136.626459935041 127.533194257382 79.4695285378106 136.954278431395 114.86658306292 202.725715203023 180.294009906468 153.662277030382 128.55020191832 148.113646935781 131.530924989497 0 177.201513285085 136.395601932274 145.015345548049 175.950622402297
23.2418740297023 127.207937224517 103.564394978578 105.406596262738 27.7403339177018 55.6224341972211 75.8012128220162 57.4921363196436 79.4247667571595 103.25267282824 85.1804901667637 106.397173533433 86.3368301356144 35.4514545122193 68.9649556660729 90.3209775871346 102.690592590255 120.702173690399 114.118956447401 97.564002153891 83.2588894803437 80.8933439596109 93.0008352555533 86.2397725675513 123.906829618539 119.035343832094 123.042242981754 87.2138351230293 0 39.1605393766254 123.054131321256 15.7913954672815 22.5826541984989 37.7629993095019 110.186088793429 62.9036011211478 84.0495751420875 48.7625626668332 79.7424340468838 51.8689469186776 33.3650431252884 79.1937786918423 155.81486070021 152.292284423123 161.024925037626 171.152601521849 147.860596233972 153.640342221894 0 145.52107503544 202.661143309333 167.554185731232 171.366132854402 0 173.298095370104 152.619611105323 165.313085068218 98.9551646117996 189.222787598495 179.127199272432 160.495024829938 121.833580741139 170.533828366283 177.36116027832 127.134915515468 180.138940944943 202.147074916913 182.041434071913 145.502692047454 144.26814659992 87.4142978013606 150.388883331544 135.080148842766 147.719587587985 188.243581515166 178.992260938868 147.413889532957 165.808729025666 144.648551758602 0 0 157.953669288756 158.132046789131 141.921919203648
37.650317263585 116.381718646305 78.993051239583 108.83413837461 120.20821136363 89.8509056806516 28.5075920367874 76.6439554141261 61.0170105794674 98.261808221795 120.072637964397 132.213685636597 131.653989290328 68.5296730891241 100.447309269399 76.0629418599892 70.3015373315966 121.675242208038 94.7523971171813 108.046583154515 35.5822440632594 67.4788527716109 55.5229202086589 68.397822670474 138.286828239365 97.3662154306547 105.415668812376 48.6319205495292 39.1605393766254 0 165.767152335263 128.711006662701 59.0469959233999 44.1691388160195 125.710022322638 69.4799034906976 76.9346489197431 70.3796043537495 81.1579545946689 83.9210041769095 86.9006586144243 112.923776642353 136.867797263093 178.468103337804 148.631981938231 152.441799225401 134.106219439152 154.862891036944 0 131.160576559758 155.275580076821 142.744080732135 158.975283910029 0 163.873056700182 136.512226375117 160.356714729531 77.6948740389465 168.067662051985 173.715359012599 160.000208117569 193.782941419779 155.25309893466 180.845611720483 115.723468547127 165.561976235525 177.374457231538 182.236434268664 136.166795908563 125.453190744854 73.375041365689 134.658173087326 118.743746463343 138.394611413921 177.538933681858 154.483619114418 128.794899742362 144.393776191531 130.10370940745 0 187.199844360352 136.474927774886 134.746657010087 161.673431052725
