0 6.98155742883682 102.259151279926 20.1613943576813 21.224620193243 323.645858079195 6021.47031059861 2782.82446697354 65.7272215783596 165.324700683355 54.0615612566471 38.2196104824543 4.62508344650269 11941.3336806893 6.37599843740463 29.4158312678337 144.319873839617 6.62115260958672 29.786866158247 6.3555793762207 213.265530318022 42.1226943731308 295.862734794617 224.234985888004 1.84726029634476 99.0858886241913 90.1702370047569 735.979796856642 12420.1321868598 4030.28035444021 0 40.0942513942719 198.149206221104 608.606192320585 29.8717466890812 378.131462097168 27.9909090101719 343.567446380854 66.3561757802963 83.511423766613 91.542925208807 5.75019153952599 2.24796569347382 2.07940638065338 2.22712683677673 0 1.15032839775085 0.542706668376923 0 2.48361131548882 0 0 0 0 0 7.06111803650856 1.60352623462677 1.86853978037834 0 0.927291691303253 0 1.52858757972717 1.58803248405457 0 10.1398656964302 0 0 0 1.58671975135803 6.3368769288063 1.20227479934692 10.7786862254143 31.6833939254284 0 0 5.15592205524445 34.4787665605545 6.99162289500237 4.45964729785919 0 0 2.00169587135315 1.4318208694458 4.65044489502907
6.98155742883682 0 914.244148164988 2.24914139509201 0.374343007802963 2.00700178742409 37.3270242512226 8.30594280362129 475.011093318462 3.13158702850342 282.452636659145 10.7162568867207 912.803035497665 13.5205535888672 16.157574236393 147.402245074511 666.342117249966 108.987946003675 332.616634994745 1.48218861222267 62.6798154115677 3118.8559229672 278.136738985777 439.943809956312 2843.34636226296 2430.89109644294 8302.68771192431 117.468981355429 25.7965120971203 61.2917164266109 48.2668881416321 0 5.55279016494751 380.049548327923 17.3537713289261 548.27918317914 448.472750455141 888.821853935719 184.631445020437 46.3354616463184 13.1100106239319 285.447314202785 22.705536365509 17.5127295851707 39.8009115457535 16.7729623913765 1.36247855424881 0 1.10422551631927 1.07485496997833 107.190928697586 90.3270161747932 0 0 0 0.529880464076996 0 5.79641678929329 0.946408152580261 9.18038368225098 0 18.6697033643723 0 1.21181440353394 9.81381782889366 29.9114143848419 8.68660160899162 18.3263332843781 0 7.69149878621101 26.1172785460949 42.924126714468 7.04526999592781 29.9222413897514 132.582891523838 524.602872729301 0.358619183301926 0 6.2837655544281 1.90296483039856 0 0 38.3694063723087 11.8874261975288
102.259151279926 914.244148164988 0 2.89932817220688 0.964719295501709 42.8183704912663 764.52137580514 109.669911980629 42.191237449646 18.9843599498272 253.706192076206 7.1954587996006 42.6765203177929 160.686306297779 3.24485000967979 76.7380921840668 4779.40684184432 151.095710605383 655.735368818045 0.941980838775635 1845.11910066009 608.174089461565 15668.3767973185 109.861086666584 41.0415227711201 14642.8265173733 10929.0053755045 1233.62348753214 163.625135213137 815.863638997078 7.63913574814796 5.26323962211609 20.8033509552479 1292.53410860896 122.877644777298 2653.99179792404 878.789374649525 2930.62753549218 904.157625615597 120.318361759186 101.807443022728 7.85537570714951 89.6751678586006 68.9621272087097 112.936232864857 43.6547570228577 2.50421506166458 3.25108337402344 0 0 157.989310950041 355.258281081915 0 0.777412950992584 0 5.77763962745667 0.710738062858582 12.8041187822819 1.33840942382812 5.67020201683044 0.844873487949371 6.15496850013733 0 0 55.0894965529442 57.2095182538033 2.3159205019474 24.4434195160866 0 38.0783472657204 78.7012068629265 255.095326393843 15.6728066802025 15.8244839012623 215.20130854845 1604.42178994417 26.6603611409664 0 12.105694770813 0 0 0 83.2335062921047 59.2558564245701
20.1613943576813 2.24914139509201 2.89932817220688 0 2.13152438402176 260.559714466333 773.580766350031 56.8147372603416 147.64068800211 11748.6719323099 2.01444208621979 3126.05452567339 0 34.3372717797756 33.5517891645432 5.65128394961357 0 0 0 22515.0880396068 4.77717363834381 4.66747730970383 9.67026695609093 2268.15072637796 0.58569210767746 0 7.90344685316086 17314.8653671741 39.5250995457172 12.1232463717461 0 1.43678307533264 2.57744678854942 14.7703047990799 20.901122123003 56.9773028790951 2.21663415431976 18.8358668684959 4.25550895929337 49.2927704453468 8.26579886674881 0 0 0 0 0 13.6682188510895 0 0 0.808102905750275 0 0 69.9586943387985 0 13.6086298525333 30.3586619794369 3.72949993610382 33.5699054598808 84.1567721962929 0 16.0538431406021 0 3.1729519367218 5.82971584796906 2.33868157863617 0 0 0 26.9326665401459 1.4113484621048 0 0.544633746147156 94.0599533319473 0 0.784723937511444 1.29905331134796 111.029267549515 0 1.43082964420319 0 0 0 1.53020724654198 0
21.224620193243 0.374343007802963 0.964719295501709 2.13152438402176 0 2199.13233190775 29.7373606860638 986.728762686253 86.1879858374596 20.6244724690914 67.0396848320961 84.5460323691368 11.8466418385506 418.011325389147 3382.37896004319 0 0 0 1.01821398735046 4.45612508058548 5.50250840187073 7.29046699404716 4.33481046557426 32.6117939651012 2.8173970580101 5.39549350738525 9.74252074956894 20.6930548250675 647.00151643157 13.6032809317112 0 2654.65624552965 3.1882312297821 1728.82680344582 106.918466597795 96.5737832188606 8.09699064493179 195.963897705078 13.8695690631866 6508.30412462354 2918.31221881509 9.59981119632721 0 0 0 4.9571350812912 1.08668208122253 0 0 0 0.442303478717804 0 1.66389107704163 0 1.46947300434113 3.53695607185364 0 0.82301914691925 1.79901495575905 0 1.66443568468094 0 0 0 0.453434884548187 0 0 0 0 0 0 1.31217795610428 3.9669543504715 0 0 0 2.65676563978195 0 0 0 0 0 1.0213303565979 33.8441008925438
323.645858079195 2.00700178742409 42.8183704912663 260.559714466333 2199.13233190775 0 4683.775898844 15304.3708415329 200.094766438007 10560.9364500344 137.78217163682 5478.97492045164 38.43438616395 3538.92865592241 2674.57146936655 17.0644909441471 26.8034167289734 7.0014343559742 9.78682723641396 325.869034200907 43.9429662525654 21.9353839755058 93.071301728487 387.723249197006 6.84091639518738 37.9250226914883 54.2929612398148 1523.04585558176 1090.52956184745 167.812940895557 0 2134.96601095796 9.47388359904289 723.89064013958 602.781912446022 210.90312153101 26.1694277226925 367.13996052742 44.3748439252377 4590.14187562466 714.586414933205 21.4013968706131 2.97877240180969 0 0.525316298007965 1.18302142620087 13.489446669817 0 0 0 0.762786269187927 0 6.74906921386719 0 3.58913919329643 16.2229661941528 3.065424233675 11.9591723680496 16.0184130966663 0 6.34313160181046 0 2.52571964263916 2.09108400344849 1.71015292406082 0 0 0 0.819222331047058 1.75238293409348 5.71966683864594 3.47357365489006 38.0706286430359 0 0 7.17020440101624 44.961944937706 1.15426754951477 1.74234992265701 0 0 0.655875086784363 0.962728023529053 2.58073163032532
6021.47031059861 37.3270242512226 764.52137580514 773.580766350031 29.7373606860638 4683.775898844 0 5256.50801411271 410.67034432292 17287.4560836852 62.3540836274624 1037.55009934306 9.84997424483299 7305.67959618568 88.0315339267254 161.431270569563 309.25526496768 20.4920434653759 76.0822730958462 248.310661196709 947.211518883705 168.511655509472 1952.18846914172 2769.77958333492 7.4987987279892 434.715773135424 589.874463826418 21980.1093140244 2343.17670074105 14089.7066680193 1.89609205722809 38.0822786092758 252.585320681334 983.020197033882 179.476128309965 1572.43915534019 87.3991184234619 740.787864983082 140.608959436417 285.931818634272 194.360821932554 7.30832719802856 13.9607669711113 2.13225537538528 7.97681534290314 6.26431226730347 16.0585613846779 4.34009790420532 0 5.61014324426651 2.31109073758125 11.7438285648823 17.312959164381 0 11.2604833543301 67.3539463281631 4.8179078400135 29.1331259906292 40.984104603529 0 9.10531780123711 0 8.91583850979805 5.91910469532013 48.7246940135956 1.79763907194138 0 0 6.24666267633438 23.7009184658527 27.8761042952538 71.1371128857136 198.455299168825 0 4.3818464577198 62.9529152214527 170.091461598873 11.1830633878708 28.5634030401707 0 0 2.67316544055939 21.4944821000099 15.9185370206833
2782.82446697354 8.30594280362129 109.669911980629 56.8147372603416 986.728762686253 15304.3708415329 5256.50801411271 0 99.6196427941322 2821.65806528926 388.039455503225 864.284499466419 75.2684776484966 24715.3494401872 463.414819926023 24.3735978603363 105.783630222082 13.5660617947578 35.7530482709408 74.2342582046986 142.58517074585 35.8215798139572 285.097700208426 299.600254744291 20.5549404025078 129.372618317604 101.138454437256 1069.88739416003 2696.34936487675 986.744203716516 2.3125541806221 1814.16242682934 30.7227613329887 1411.28629341722 55.3546831011772 561.430362612009 60.8109209835529 754.515456438065 119.067660033703 1755.69675776362 703.708366721869 60.8586546778679 5.74081292748451 0 0.677355647087097 2.16053551435471 6.50580677390099 0.904036402702332 0 1.429079413414 0 0 1.55735462903976 0 0.865494728088379 13.8510742783546 0.483579725027084 6.09590345621109 5.50736770033836 1.17127692699432 2.48672926425934 2.16221785545349 1.47004690766335 0.650866746902466 12.3536243140697 0 0 0 2.13659769296646 7.50570771098137 2.43576845526695 12.1644314229488 48.9752461910248 0 3.73459601402283 12.6356957554817 30.9772345721722 4.08007001876831 1.22592851519585 0 0 0 0 4.76275396347046
65.7272215783596 475.011093318462 42.191237449646 147.64068800211 86.1879858374596 200.094766438007 410.67034432292 99.6196427941322 0 214.988751262426 19.2553790509701 1507.83612215519 63.2361684441566 118.152465283871 1098.7843054831 102.707084804773 30.8899682760239 8.57441809773445 21.9958510100842 129.861202776432 105.278630435467 3487.89784634113 121.114773988724 10779.6975651979 188.545812219381 120.152161732316 457.930913120508 1665.12928929925 247.825100362301 397.539354979992 3.69513931870461 3.76701167225838 66.29403424263 129.0699672997 29.6274537444115 370.071640700102 30.8141384124756 117.854513168335 25.5333707630634 1372.30009362102 24.7345569729805 6.11615839600563 10.7515871524811 0 4.70970243215561 0 33.9100776314735 1.27046203613281 0 1.27645725011826 0 3.24688231945038 13.4872246384621 0 9.88423302769661 46.6181983947754 1.98755580186844 119.6853916049 53.3169548511505 1.14928910136223 34.0108858942986 3.37922418117523 10.480475962162 17.5661103725433 49.8271892666817 0 0 0 10.7808498442173 35.4036635160446 34.8001312315464 36.7122541964054 211.323931097984 0.858399748802185 3.74448251724243 25.9861907958984 180.17500564456 16.2764487862587 24.9614580571651 0.787037134170532 0 6.0849244594574 11.0446265935898 6.12514686584473
165.324700683355 3.13158702850342 18.9843599498272 11748.6719323099 20.6244724690914 10560.9364500344 17287.4560836852 2821.65806528926 214.988751262426 0 17.9653882086277 17384.4716699719 1.81348100304604 1531.44138804078 120.809349834919 10.7955609560013 6.55877855420113 0 3.47966319322586 22551.8906004727 13.841478407383 19.8599314391613 52.4857548773289 1213.69909471273 0.630988955497742 15.0943828225136 31.12853500247 11042.3028459549 286.503355383873 60.9443082213402 0.479483067989349 22.4843394160271 15.1105538606644 206.156624227762 758.474435895681 327.87743589282 3.89534747600555 145.969850957394 29.7289321124554 245.709644436836 56.5668123364449 0.737526506185532 3.81469392776489 0 1.38690334558487 1.20626997947693 25.8469793796539 1.12130427360535 0 0 0.532535970211029 0.373386144638062 79.5060659050941 1.02156889438629 10.9354334771633 56.9560166597366 6.33162167668343 48.6964398920536 54.6406202316284 0 253.568831115961 0.459914803504944 5.67428848147392 10.1458397507668 6.09426987171173 0 0 0 9.79881113767624 3.99771937727928 4.39239329099655 7.90612590312958 107.42866781354 0 0 3.40670591592789 135.554414242506 3.49144017696381 3.31712958216667 0 0 1.11147427558899 1.51381546258926 0.737269759178162
54.0615612566471 282.452636659145 253.706192076206 2.01444208621979 67.0396848320961 137.78217163682 62.3540836274624 388.039455503225 19.2553790509701 17.9653882086277 0 9.67207935452461 10542.6643345058 492.632211625576 3.78631246089935 9.87973660230637 1029.62896424532 7753.5493298769 4503.32256120443 0.941098272800446 140.352017402649 96.696654856205 326.794718146324 23.9852950870991 1746.80978238583 18712.8807088733 2664.36159065366 66.3042713403702 488.58680588007 160.488586962223 1792.64631929994 119.203420639038 9.23230186104774 8614.30063679814 9.77235788106918 441.326439410448 5690.74054503441 10021.4170271158 423.973828017712 55.052394926548 33.2902086377144 4575.09444406629 5.28091073036194 85.8435414433479 18.5706244409084 0 0 0 8.85476070642471 0 26.0840891599655 2.83357137441635 0 0 0 0 0 2.14224338531494 0 47.4226129055023 0 260.287581264973 0.799300909042358 0 3.13770598173141 3.17094683647156 45.6840637326241 19.9520657658577 0 0.881977677345276 6.085673391819 9.05677109956741 1.1605566740036 188.031890630722 175.072341620922 217.645262390375 2.0612086057663 0 0.721377611160278 19.5616091787815 0 0 7.49769303202629 11.0862802565098
38.2196104824543 10.7162568867207 7.1954587996006 3126.05452567339 84.5460323691368 5478.97492045164 1037.55009934306 864.284499466419 1507.83612215519 17384.4716699719 9.67207935452461 0 4.29685506224632 264.740475803614 2298.58992755413 7.26766982674599 3.15414443612099 0.701916843652725 0.405897170305252 21088.2900193632 4.48913723230362 81.5094991028309 7.36120489239693 1354.67662873864 6.67255684733391 7.30016058683395 19.9599124491215 1890.77318707108 86.1072633862495 13.1471018195152 0.465155929327011 12.1731409728527 0 58.2073894143105 747.816291570663 51.1123159229755 2.37506559491158 55.6791686117649 8.61400949954987 1778.42849862576 19.0697568058968 0 0 0 0 0 49.2181322574615 0 0 0 1.2256792485714 0 118.932826042175 2.51963609457016 11.2465318143368 24.5900240540504 4.13969671726227 74.7200565934181 55.2737833559513 0 163.542048335075 1.4728824198246 0 22.6234552264214 1.29923903942108 0 0 0 23.3186962604523 1.48716124892235 1.56846916675568 2.27355396747589 80.438870459795 0 0 2.89528232812881 66.6534233689308 1.31927388906479 1.10150760412216 0 0 0 2.80575722455978 0
4.62508344650269 912.803035497665 42.6765203177929 0 11.8466418385506 38.43438616395 9.84997424483299 75.2684776484966 63.2361684441566 1.81348100304604 10542.6643345058 4.29685506224632 0 57.1173108816147 3.6117180287838 8.79814502596855 41.394091963768 514.437020003796 159.210849374533 0 9.88550314307213 304.945134162903 35.3698073327541 56.3112322092056 8514.50862053037 6172.57970973849 5832.1589923203 17.3507530987263 64.9310908019543 11.8969075381756 4044.0894382298 21.1630479097366 0.381680518388748 836.458076328039 22.7509639263153 513.311100244522 3603.92110496759 2563.53959074616 479.169375509024 43.7200894355774 455.546800911427 8243.28398284316 12.0571697950363 220.318686366081 57.964844763279 34.3345081806183 6.75801825523376 7.76615023612976 70.734194278717 0 28.8574410676956 5.49707767367363 0 1.03241980075836 0.559447884559631 0 0.9976806640625 2.24815836548805 0 149.01080724597 0 559.101259291172 1.29489767551422 0 0 1.93207955360413 82.5456183254719 20.6319558620453 0 0 5.64539033174515 4.50677752494812 1.31364440917969 429.852851212025 316.800918221474 322.140536785126 1.21901142597198 0.714977443218231 0.670146465301514 37.3842111825943 0 0 9.11971992254257 10.2029412984848
11941.3336806893 13.5205535888672 160.686306297779 34.3372717797756 418.011325389147 3538.92865592241 7305.67959618568 24715.3494401872 118.152465283871 1531.44138804078 492.632211625576 264.740475803614 57.1173108816147 0 76.7440364956856 41.3424572050571 165.769591480494 25.5209831595421 43.5984737575054 30.3957464396954 215.439204841852 62.5967284142971 363.6885381639 352.593539625406 14.8570019304752 209.369247198105 161.853494316339 1135.42632374167 9260.9714872539 2161.55645120144 1.87929785251617 1332.38146755099 90.5941998362541 2005.91772115231 45.9746883809566 775.921465098858 75.1343595385551 1038.79062211514 146.238805502653 693.637157857418 501.329623162746 50.385423719883 9.34686380624771 2.23946624994278 0 0 0.491771370172501 0.437930464744568 2.14497309923172 1.69516676664352 0.58201277256012 5.28699415922165 1.7945185303688 0 0 17.6063378751278 1.98052632808685 4.58487623929977 4.30502334237099 2.83116507530212 1.27166432142258 1.15580999851227 3.55206876993179 1.03969275951385 12.6461307108402 0 0 0.528219759464264 5.43610647320747 14.9449446499348 6.23154830932617 12.3291188776493 61.7064692676067 0 2.0844064950943 19.4909145236015 44.1578887999058 4.71439564228058 3.75618261098862 0 0 0 4.35253834724426 3.54344189167023
6.37599843740463 16.157574236393 3.24485000967979 33.5517891645432 3382.37896004319 2674.57146936655 88.0315339267254 463.414819926023 1098.7843054831 120.809349834919 3.78631246089935 2298.58992755413 3.6117180287838 76.7440364956856 0 3.25223743915558 2.94734042882919 0 0.420246124267578 61.6474665403366 1.97932869195938 68.6132380962372 5.44303277134895 536.198095321655 4.20898422598839 9.25892972946167 29.9061508178711 118.082841098309 40.7391482889652 6.02654612064362 0.265056818723679 110.290933907032 1.79611200094223 57.7947916686535 53.1811456680298 6.50063127279282 3.24864715337753 22.1897978484631 7.0799258351326 10771.6815006733 73.8093745112419 0.423451691865921 2.60040497779846 3.55842971801758 1.70278680324554 3.38734596967697 21.0816756486893 0.905395269393921 0 0 0 0 3.46378427743912 2.00793820619583 2.25073629617691 8.97027283906937 0.703061521053314 32.3715273141861 17.5208389163017 1.0479884147644 15.2456378340721 0 0 4.17961227893829 1.15304490923882 0 0 0 3.7580578327179 0.880464732646942 2.52019757032394 0.858912706375122 25.9398156702518 0 0 2.52858179807663 22.9993002712727 0 0 0 0 0 0.589684247970581 40.2638356983662
29.4158312678337 147.402245074511 76.7380921840668 5.65128394961357 0 17.0644909441471 161.431270569563 24.3735978603363 102.707084804773 10.7955609560013 9.87973660230637 7.26766982674599 8.79814502596855 41.3424572050571 3.25223743915558 0 67.9959715306759 3.19060695171356 12.3784695565701 1.63065952062607 11694.4233608544 3219.96680030227 21274.6123794913 2672.603212744 26.5165281295776 64.656770914793 8811.30873286724 4537.50432300568 155.197780579329 469.503502398729 0 0 67.6082874834538 444.208556056023 79.3064155876637 1256.44948419929 165.561810523272 471.455004394054 185.799822300673 79.0312316715717 44.4277532994747 0 24.2745077013969 18.0897032618523 18.6954528689384 12.6126826405525 3.18412601947784 1.36508893966675 0 0.346238821744919 3.48709100484848 38.3508043885231 0 0 1.39012637734413 14.5002056658268 3.20729929208755 8.12462866306305 7.15149417519569 0 0.937328308820724 0 4.5613961815834 0.549641609191895 525.922150194645 9.50320339202881 0 2.49213999509811 1.55190062522888 131.414087504148 163.677781254053 810.56589859724 65.5514062047005 0.915899097919464 8.2460612654686 355.001719713211 100.289179354906 7.59003889560699 39.0667886137962 0 1.35116195678711 2.56553471088409 172.045114547014 15.551101565361
144.319873839617 666.342117249966 4779.40684184432 0 0 26.8034167289734 309.25526496768 105.783630222082 30.8899682760239 6.55877855420113 1029.62896424532 3.15414443612099 41.394091963768 165.769591480494 2.94734042882919 67.9959715306759 0 578.720517605543 7902.94375514984 0 1811.56040719151 206.984028607607 10179.6887136996 57.7811954021454 45.7840766608715 6373.31253573298 4120.51465192437 343.213690012693 234.54620179534 1454.4727448225 7.1745793223381 3.67853569984436 37.9429225027561 1972.97577896714 19.2188946306705 391.972641557455 244.885698497295 1600.0091791749 258.086275428534 26.0837253332138 23.4697141349316 2.44467222690582 13.6864506304264 10.1759819984436 12.8070052862167 10.8986036777496 0.955746352672577 0 1.09566950798035 0 60.2572708725929 64.0242075622082 0 0 0 1.28683400154114 0 0.416102290153503 0 4.5672926902771 0 4.58646211028099 0.488178282976151 0 9.55095362663269 9.47117894887924 4.98758625984192 13.6903002858162 0 5.90166300535202 9.22610235214233 26.6721342802048 4.73750728368759 15.5845736265182 96.4239969849586 375.559981018305 4.39334309101105 0 2.23305368423462 0 0 0 18.4946430921555 11.7996447086334
6.62115260958672 108.987946003675 151.095710605383 0 0 7.0014343559742 20.4920434653759 13.5660617947578 8.57441809773445 0 7753.5493298769 0.701916843652725 514.437020003796 25.5209831595421 0 3.19060695171356 578.720517605543 0 5601.83195239305 0 36.0868705511093 33.4152790606022 157.218582630157 6.3107216656208 432.548938035965 6559.92455264926 1009.27724078298 16.4355861544609 22.9032479524612 61.2285913527012 114.103736579418 5.94946646690369 1.56216192245483 312.521712511778 0.678215980529785 102.819323122501 249.380999952555 531.320740163326 92.7197207212448 6.48944389820099 1.35722631216049 24.1756981909275 2.08020240068436 7.73927366733551 5.0340970158577 1.47244477272034 0 0 0.894911348819733 0 5.26873427629471 2.57312339544296 0 0 0 0 0 0 0 14.5674598515034 0 58.0177971720695 0 0 1.28902244567871 3.56000971794128 21.2722629010677 11.2453681826591 0 0.966462373733521 0.917632222175598 1.61475664377213 0 107.529501408339 127.325690478086 143.182783067226 0.41707706451416 0 0 7.30635803937912 0 0 7.23411339521408 1.9422954916954
29.786866158247 332.616634994745 655.735368818045 0 1.01821398735046 9.78682723641396 76.0822730958462 35.7530482709408 21.9958510100842 3.47966319322586 4503.32256120443 0.405897170305252 159.210849374533 43.5984737575054 0.420246124267578 12.3784695565701 7902.94375514984 5601.83195239305 0 0 227.487664043903 81.0127057731152 719.067357748747 25.7890028953552 377.524394452572 8601.07568645477 2169.62346917391 67.505066037178 61.7002823650837 248.331074923277 34.2029415667057 5.06690540909767 16.1280082762241 892.755933463573 3.36294376850128 198.680776298046 212.411799043417 822.259387940168 97.5725079774857 9.38833358883858 8.35484445095062 18.2460740506649 11.9033774733543 9.72476625442505 8.98950785398483 1.39458918571472 1.66616547107697 0 0 0 17.6660403311253 7.49227249622345 0 0 0 0 0 1.44759833812714 0 10.5282996594906 0 22.6677442789078 0 0 1.21632707118988 8.38745886087418 10.2592989206314 13.5487297177315 0 0.865350902080536 6.94446355104446 8.49040269851685 2.89619874954224 69.9721691012383 142.992772936821 198.791901826859 0 0 0.442593455314636 0.793812572956085 0 0 7.74985811114311 4.07466113567352
6.3555793762207 1.48218861222267 0.941980838775635 22515.0880396068 4.45612508058548 325.869034200907 248.310661196709 74.2342582046986 129.861202776432 22551.8906004727 0.941098272800446 21088.2900193632 0 30.3957464396954 61.6474665403366 1.63065952062607 0 0 0 0 1.4381699860096 3.4951476752758 1.32643550634384 639.090664595366 0 0.72454559803009 2.83347052335739 5068.11435937881 28.5041408240795 1.96385103464127 0 0.361851185560226 2.34174558520317 13.6069436073303 53.1380892395973 27.0103819072247 0 17.9499908089638 1.71776241064072 75.3185399472713 9.0533150434494 0 0 0 0 0 5.05807143449783 0 0 0 0.627263844013214 0 33.6177723407745 0 2.77459913492203 10.4484944939613 1.60650312900543 7.01538252830505 15.1804227828979 0 31.7633188962936 0 0.818271458148956 2.53439277410507 1.0555320084095 0 0 0 1.13802874088287 0 0 0 23.4471833109856 0 0 0 17.0478761196136 1.24215421080589 0 0 0 0 0 0
213.265530318022 62.6798154115677 1845.11910066009 4.77717363834381 5.50250840187073 43.9429662525654 947.211518883705 142.58517074585 105.278630435467 13.841478407383 140.352017402649 4.48913723230362 9.88550314307213 215.439204841852 1.97932869195938 11694.4233608544 1811.56040719151 36.0868705511093 227.487664043903 1.4381699860096 0 695.970981955528 25628.0644899905 1294.26889547706 12.5153995156288 654.760412842035 1753.86187204719 10993.2997286618 630.277477562428 18100.0199405253 3.31974133849144 1.8250470161438 202.74764534831 4012.92634782195 230.308184474707 3040.69501507282 169.256405085325 2587.24642673135 669.08867251873 226.160334438086 143.52858582139 7.86670032143593 24.4372124373913 5.66869741678238 14.3084145188332 8.97924956679344 1.0381198823452 1.08942878246307 0 2.76864713430405 3.39223599433899 11.8215840160847 0 0 1.15810304880142 19.0730168819427 0.925024390220642 17.028889387846 1.67802023887634 0 1.0534086227417 0 1.30640518665314 0.980566561222076 225.174491852522 4.03273224830627 1.33299124240875 0 0 126.784881085157 84.7758892774582 255.483925461769 80.7311813831329 1.14436310529709 7.70525026321411 116.818376421928 94.2860558331013 8.89036178588867 28.5189101994038 0.353729337453842 0 10.0107027292252 32.5302359759808 28.9397619962692
42.1226943731308 3118.8559229672 608.174089461565 4.66747730970383 7.29046699404716 21.9353839755058 168.511655509472 35.8215798139572 3487.89784634113 19.8599314391613 96.696654856205 81.5094991028309 304.945134162903 62.5967284142971 68.6132380962372 3219.96680030227 206.984028607607 33.4152790606022 81.0127057731152 3.4951476752758 695.970981955528 0 2241.80335968733 5592.37782597542 784.073375701904 451.029657930136 6806.96681058407 1102.63302654028 153.85222312808 519.288999706507 8.51599782705307 1.76721367239952 54.5302230715752 470.104452610016 56.9288185536861 1162.40729781985 339.063850164413 855.420199930668 278.792201042175 172.979481548071 40.3495060801506 60.4209600389004 56.5252312421799 19.7312063872814 26.9919286370277 14.3102948963642 1.56104773283005 1.07714366912842 1.55501008033752 0.347498059272766 18.7901357412338 81.7017895579338 4.3935860991478 0 2.8732922077179 15.2520236074924 1.3175528049469 9.55915030837059 9.19648784399033 3.80862414836884 3.52880781888962 3.00238621234894 4.06616368889809 0 343.52275377512 13.0392285585403 0.459999620914459 1.93086528778076 2.07170993089676 94.8595075905323 195.515194535255 616.532102495432 73.1864805519581 5.15913152694702 22.5161465406418 538.621603906155 103.7428573668 9.82566326856613 31.575681656599 0 0 2.08792006969452 149.514122843742 17.1965423822403
295.862734794617 278.136738985777 15668.3767973185 9.67026695609093 4.33481046557426 93.071301728487 1952.18846914172 285.097700208426 121.114773988724 52.4857548773289 326.794718146324 7.36120489239693 35.3698073327541 363.6885381639 5.44303277134895 21274.6123794913 10179.6887136996 157.218582630157 719.067357748747 1.32643550634384 25628.0644899905 2241.80335968733 0 1356.75867292285 43.9950105547905 2663.9336579442 14969.6209571362 8856.08919322491 670.433227181435 6707.79752480984 1.69732338190079 5.58308652043343 239.113198488951 5364.44629001617 628.50191912055 8465.04594790936 1139.99920922518 6381.70848894119 2126.77411878109 629.209830611944 327.69886893034 17.7262342572212 107.234953343868 77.9988913238049 70.3275105655193 41.0022928118706 7.87345391511917 2.06357276439667 0.586693584918976 1.52423202991486 36.7666095495224 136.170689254999 2.25012505054474 0.947410464286804 1.91387563943863 29.2266415059566 1.06027284264565 17.2646382749081 4.37969413399696 0.578781545162201 0.452941000461578 2.02856600284576 2.40108668804169 0 759.618000894785 28.4638923108578 0.482484072446823 2.48046725988388 0 165.291964322329 305.470208108425 1566.23800253868 112.913308680058 5.63539782166481 48.4959642291069 1327.29015889764 122.722483068705 11.4092442691326 63.0399903059006 0.695207476615906 0 9.73885601758957 404.59576767683 141.310875982046
224.234985888004 439.943809956312 109.861086666584 2268.15072637796 32.6117939651012 387.723249197006 2769.77958333492 299.600254744291 10779.6975651979 1213.69909471273 23.9852950870991 1354.67662873864 56.3112322092056 352.593539625406 536.198095321655 2672.603212744 57.7811954021454 6.3107216656208 25.7890028953552 639.090664595366 1294.26889547706 5592.37782597542 1356.75867292285 0 121.097586408257 146.908497333527 1784.46351748705 33738.2790436745 748.344968229532 1384.71161150932 4.84819442033768 6.83689361810684 244.565010011196 468.044103145599 81.5192974209785 1053.47495639324 70.0192869305611 355.154312759638 95.6518849134445 532.950782209635 67.545684158802 6.05917856097221 107.018781423569 2.19666975736618 24.0656383931637 7.21477457880974 72.9164980053902 16.9852379858494 1.2061713039875 24.8042233586311 3.5249784886837 26.4554543495178 136.328853100538 5.09912890195847 97.0818382203579 510.823325902224 47.1025212407112 401.481585264206 330.176964074373 0.55045086145401 85.8006564080715 2.60798114538193 64.9890688955784 41.9740737974644 208.009738445282 4.21563696861267 0.387907713651657 1.48999938368797 49.6326085925102 223.763257980347 121.904993385077 259.59535998106 1408.64245483279 1.5445265173912 8.66789793968201 119.656369894743 1483.23008048534 138.175913065672 145.419354349375 0 1.75523343682289 27.4417537748814 78.3148881793022 16.695995926857
1.84726029634476 2843.34636226296 41.0415227711201 0.58569210767746 2.8173970580101 6.84091639518738 7.4987987279892 20.5549404025078 188.545812219381 0.630988955497742 1746.80978238583 6.67255684733391 8514.50862053037 14.8570019304752 4.20898422598839 26.5165281295776 45.7840766608715 432.548938035965 377.524394452572 0 12.5153995156288 784.073375701904 43.9950105547905 121.097586408257 0 2682.33316737413 5073.39880073071 30.0139067173004 22.2463478446007 17.4671470224857 235.570043712854 3.12867152690887 0 178.917733669281 0 117.230677872896 1024.10430291295 700.66202428937 197.096805095673 19.804334461689 46.132906973362 2021.30839216709 8.64334410429001 95.3769964277744 55.2440017461777 15.0371055006981 1.0661768913269 5.62115460634232 13.6348540782928 0 35.287081360817 13.6830341815948 0 0 0 0.305390357971191 1.13487136363983 2.02022224664688 0 126.760996073484 0 350.572425633669 0 0 0 5.41009247303009 90.6976401209831 44.8913636803627 0 3.30055332183838 11.1521471738815 6.24939373135567 0 439.679969400167 438.229755192995 484.718155264854 0.895626902580261 0 1.66346991062164 37.5680937170982 0 0 17.0040300488472 1.9408044219017
99.0858886241913 2430.89109644294 14642.8265173733 0 5.39549350738525 37.9250226914883 434.715773135424 129.372618317604 120.152161732316 15.0943828225136 18712.8807088733 7.30016058683395 6172.57970973849 209.369247198105 9.25892972946167 64.656770914793 6373.31253573298 6559.92455264926 8601.07568645477 0.72454559803009 654.760412842035 451.029657930136 2663.9336579442 146.908497333527 2682.33316737413 0 36984.6097611189 434.025408267975 226.005518019199 618.833110064268 2927.06757581234 19.5370974838734 14.5832824707031 2361.2024230063 45.6186602115631 1550.21797409654 1667.09899356961 4741.88468626142 857.524842560291 41.5724728405476 35.0904992520809 75.8648964166641 70.1480418741703 106.294255942106 174.943849802017 38.7915303707123 2.26125460863113 1.84875696897507 9.16503348946571 0 175.895170986652 167.98128259182 0 0 0 2.72282055020332 0 4.47901374101639 0.361799448728561 101.607420057058 0 356.387925237417 0 0 11.5664917826653 50.2184571623802 137.618212610483 136.231130450964 0 8.96829783916473 20.9445374310017 44.0034736692905 6.50378885865211 664.963808089495 1302.56059974432 2106.00263631344 7.75854557752609 1.39939332008362 1.69853001832962 26.1479376554489 0 0 72.0436999797821 48.6652988493443
90.1702370047569 8302.68771192431 10929.0053755045 7.90344685316086 9.74252074956894 54.2929612398148 589.874463826418 101.138454437256 457.930913120508 31.12853500247 2664.36159065366 19.9599124491215 5832.1589923203 161.853494316339 29.9061508178711 8811.30873286724 4120.51465192437 1009.27724078298 2169.62346917391 2.83347052335739 1753.86187204719 6806.96681058407 14969.6209571362 1784.46351748705 5073.39880073071 36984.6097611189 0 2683.35807952285 229.182544231415 779.325850993395 2218.53600811958 15.4732429087162 55.6080402731895 2888.34183320403 260.214799255133 5925.91358202696 2825.38967728615 7050.3691187799 1984.76534461975 321.76225951314 162.456703484058 86.5558889508247 286.102349281311 231.988478034735 360.174888193607 110.845045626163 16.6732949912548 7.16496014595032 1.36473906040192 0 314.360113292933 706.148396402597 0 0 1.39003539085388 15.2130910158157 1.27111774682999 30.7600134313107 3.9775222837925 85.6449336707592 0.509097218513489 172.731223195791 2.63961616158485 0 344.161504864693 141.255474090576 71.4149519503117 106.502916157246 0 120.065294712782 309.564422130585 1412.10981467366 70.3451737463474 464.90514177084 1211.03984647989 5016.23444461823 74.218403249979 2.9510982632637 78.6765930354595 23.9321405887604 1.22314238548279 2.29786682128906 395.82746425271 135.858021825552
735.979796856642 117.468981355429 1233.62348753214 17314.8653671741 20.6930548250675 1523.04585558176 21980.1093140244 1069.88739416003 1665.12928929925 11042.3028459549 66.3042713403702 1890.77318707108 17.3507530987263 1135.42632374167 118.082841098309 4537.50432300568 343.213690012693 16.4355861544609 67.505066037178 5068.11435937881 10993.2997286618 1102.63302654028 8856.08919322491 33738.2790436745 30.0139067173004 434.025408267975 2683.35807952285 0 1886.48791950941 12505.6706742048 1.68110764026642 12.6825679242611 651.323353290558 2084.51226958632 335.90665730834 3605.16460508108 212.406272232533 1333.99928659201 342.320678532124 347.824725568295 199.396024942398 4.46210792660713 84.8902140855789 6.56498998403549 37.8487619459629 13.0018302202225 45.5402233302593 2.70610284805298 0 20.3842997848988 7.36440587043762 28.5272019505501 82.2173566222191 0.71904581785202 59.069845944643 337.08692702651 31.3333621323109 246.343459963799 214.443254321814 8.26145678758621 49.3539685308933 0 46.949500054121 21.9151022732258 356.57978284359 5.85527637600899 0 1.10980063676834 34.7738996446133 262.446989476681 153.982755303383 320.67405924201 1186.15045541525 1.44686555862427 10.852779507637 173.337257236242 1121.87927344441 108.748929083347 160.1908223629 0 0 24.2617324590683 60.1917904317379 48.1808833181858
12420.1321868598 25.7965120971203 163.625135213137 39.5250995457172 647.00151643157 1090.52956184745 2343.17670074105 2696.34936487675 247.825100362301 286.503355383873 488.58680588007 86.1072633862495 64.9310908019543 9260.9714872539 40.7391482889652 155.197780579329 234.54620179534 22.9032479524612 61.7002823650837 28.5041408240795 630.277477562428 153.85222312808 670.433227181435 748.344968229532 22.2463478446007 226.005518019199 229.182544231415 1886.48791950941 0 10387.7728253305 2.62271589040756 2208.75352117419 9188.38843810558 3839.17072188854 114.029696643353 1785.94936287403 100.769522249699 1592.05405795574 231.087945282459 569.611465334892 875.772412359715 47.384879887104 18.1432608366013 2.19744592905045 5.01621752977371 0.447953641414642 1.61474627256393 2.10087305307388 0 0 1.13469743728638 2.23341056704521 0.523977279663086 0 1.90993911027908 26.7131985425949 1.65342220664024 14.7277335226536 7.55364713072777 0 0 0 7.74362164735794 0 40.3832997977734 0 0 0 0 38.0408433973789 18.6852469444275 63.2220901548862 115.331689298153 1.8025067448616 7.65493229031563 15.772948294878 107.91103464365 9.13065215945244 17.8739893734455 0 0 1.57244974374771 11.6043843626976 11.4216403663158
4030.28035444021 61.2917164266109 815.863638997078 12.1232463717461 13.6032809317112 167.812940895557 14089.7066680193 986.744203716516 397.539354979992 60.9443082213402 160.488586962223 13.1471018195152 11.8969075381756 2161.55645120144 6.02654612064362 469.503502398729 1454.4727448225 61.2285913527012 248.331074923277 1.96385103464127 18100.0199405253 519.288999706507 6707.79752480984 1384.71161150932 17.4671470224857 618.833110064268 779.325850993395 12505.6706742048 10387.7728253305 0 2.580138027668 20.5842331945896 582.92068079114 5233.62874084711 144.685142487288 1827.14131271839 101.519089311361 2032.57653209567 444.704389333725 186.338599920273 141.097574055195 7.4902275800705 22.9989308714867 2.13155078887939 11.6789773702621 3.1101116836071 1.85654070973396 0 0.348389446735382 2.27508649230003 0.606123507022858 12.3427857160568 1.91317820549011 0 2.8685474395752 27.5662596821785 2.2842889726162 29.1319046318531 7.22998589277267 0 0 0 5.99677368998528 1.48781949281693 115.726717531681 2.54306519031525 0 1.49108815193176 1.85134261846542 92.9525548815727 53.0434734225273 115.170599490404 158.530758261681 0.5506232380867 3.57318821549416 53.4262499809265 157.347531974316 22.7431527078152 41.4237277209759 0.301193386316299 0 8.85426193475723 22.7087641954422 23.5266822874546
0 48.2668881416321 7.63913574814796 0 0 0 1.89609205722809 2.3125541806221 3.69513931870461 0.479483067989349 1792.64631929994 0.465155929327011 4044.0894382298 1.87929785251617 0.265056818723679 0 7.1745793223381 114.103736579418 34.2029415667057 0 3.31974133849144 8.51599782705307 1.69732338190079 4.84819442033768 235.570043712854 2927.06757581234 2218.53600811958 1.68110764026642 2.62271589040756 2.580138027668 0 0.703723669052124 0.424698948860168 32.7955143451691 0 7.88360625505447 77.2793729007244 101.043120115995 11.8097006082535 1.18161988258362 0 6.86665767431259 0.748905301094055 2.44756507873535 4.38089209794998 0.50962907075882 0 0 1.80196952819824 0 1.27453714609146 0 0 0 0 0 0 0 0 9.38657689094543 0 29.9848701357841 0 0 0 1.75330531597137 9.72611716389656 1.84553003311157 0 0 1.04553329944611 0 0 36.4761300384998 38.3450263440609 27.9223580062389 0 0 0 1.76454097032547 0 0 1.33801627159119 0
40.0942513942719 0 5.26323962211609 1.43678307533264 2654.65624552965 2134.96601095796 38.0822786092758 1814.16242682934 3.76701167225838 22.4843394160271 119.203420639038 12.1731409728527 21.1630479097366 1332.38146755099 110.290933907032 0 3.67853569984436 5.94946646690369 5.06690540909767 0.361851185560226 1.8250470161438 1.76721367239952 5.58308652043343 6.83689361810684 3.12867152690887 19.5370974838734 15.4732429087162 12.6825679242611 2208.75352117419 20.5842331945896 0.703723669052124 0 2.28552797436714 1917.33670505881 10.4859530031681 137.468024611473 18.2911002039909 303.411547511816 25.8953338265419 502.291312664747 1734.94415029883 21.0197350382805 1.60406577587128 0 0.390990376472473 0 1.84221220016479 0 0 0 0 0 0 0 0.596699237823486 1.67027300596237 0 0.426067888736725 0 0.82255744934082 0 0 0 0 1.47880387306213 0 0 0 0 0 0 0 1.82684606313705 0 0.687807023525238 1.00452959537506 1.44539779424667 0 0.444935500621796 0 0 0 0 0.677554130554199
198.149206221104 5.55279016494751 20.8033509552479 2.57744678854942 3.1882312297821 9.47388359904289 252.585320681334 30.7227613329887 66.29403424263 15.1105538606644 9.23230186104774 0 0.381680518388748 90.5941998362541 1.79611200094223 67.6082874834538 37.9429225027561 1.56216192245483 16.1280082762241 2.34174558520317 202.74764534831 54.5302230715752 239.113198488951 244.565010011196 0 14.5832824707031 55.6080402731895 651.323353290558 9188.38843810558 582.92068079114 0.424698948860168 2.28552797436714 0 866.201501011848 16.7944703698158 160.761621564627 12.8671250641346 188.289801537991 19.6209019124508 14.0956075489521 18.1673381924629 0 3.80058532953262 0 3.0781238079071 0.486068993806839 1.21768260002136 0 0 0.476996272802353 0 0 0 0 2.11269903182983 8.70302298665047 1.66750794649124 5.03768128156662 1.11531329154968 0 0 0 0.410362780094147 0 9.91006088256836 0 0 0 0 15.7074874043465 5.71592164039612 13.1470513343811 31.2780972421169 0 0 4.07401126623154 16.583403468132 2.88398849964142 5.2514440715313 0 0 2.50580883026123 1.56080865859985 2.22923278808594
