0 9.20542258024216 154.196201354265 22.2873885631561 14.4017953276634 279.458477348089 5216.54989942908 2147.99623903632 72.1196669638157 267.963562905788 71.0477937757969 24.4708055853844 7.37360537052155 9282.96142888069 6.57958340644836 21.2887350618839 140.486117720604 7.62012434005737 40.4413944482803 15.0963588654995 213.298904180527 37.7046224474907 314.193786799908 234.03039342165 2.43894118070602 107.633300632238 74.046713322401 711.641488939524 12250.7983750999 3647.89651787281 0 35.0989229083061 279.735180646181 494.010647714138 19.7498022317886 345.630733251572 27.7891289293766 272.46657794714 56.7057485580444 57.7575817704201 62.1264398992062 9.82186812162399 8.12963020801544 0.531405448913574 1.83243399858475 1.60098987817764 0 0 0 0 0 0 0 0 0 6.48273974657059 0 2.63785874843597 0 0.91245448589325 0 0 0.384805560112 0 10.8300122022629 0 0 0 0 4.80553162097931 2.97891396284103 4.51762932538986 20.5198225080967 0 0 11.2199400365353 25.5124241411686 2.30546438694 3.64795422554016 0 0 1.65157413482666 2.69987082481384 2.17331981658936
9.20542258024216 0 387.835926771164 0.510136067867279 1.77353078126907 2.01691204309464 14.7517141699791 7.01296716928482 683.592442899942 1.23605960607529 253.88423666358 12.1881633400917 1231.01315256953 18.811296492815 18.2564963102341 106.619702666998 573.365547388792 116.693773239851 278.23311856389 0 46.5536644756794 2550.32258582115 157.467676371336 456.242145478725 2528.22420215607 1588.53369572759 7298.26520290971 51.0277116000652 16.7320947051048 30.4232561290264 30.5115393400192 3.37518298625946 0.666750848293304 363.975415289402 11.4492119252682 513.348397493362 534.005794554949 978.876441806555 243.890459299088 54.2084676325321 13.2487695217133 344.921389639378 35.3639779686928 16.3851562142372 50.9961948096752 16.6317986249924 0 0.840287327766418 0.690195560455322 0 116.157383859158 23.3025408983231 2.35145723819733 0 0.314653158187866 2.64914000034332 1.38263440132141 7.87026333808899 3.92140769958496 7.73131042718887 0.472074031829834 10.28911241889 0.968595892190933 0 4.02848207950592 3.55711793899536 3.4746265411377 16.9101978540421 1.17726767063141 2.83685106039047 18.0669215917587 16.3220465779305 6.54476481676102 24.854397714138 140.652610659599 385.840669631958 7.63334161043167 2.05754673480988 0 2.65416234731674 0 0 10.1016707420349 9.32509762048721
154.196201354265 387.835926771164 0 3.19491004943848 3.76477575302124 51.4304891228676 869.882342338562 122.767308801413 54.1675583720207 23.8754395842552 170.461530655622 3.96522560715675 45.3542563021183 212.181491374969 4.0895548760891 47.4752112329006 4206.77506837249 126.660530954599 511.717647612095 2.62088170647621 1598.89825236797 489.958336055279 12923.3802958727 196.255243122578 29.6977053582668 11995.1187388897 9385.48109173775 1304.27501809597 161.023168623447 697.525839537382 7.37077715992928 4.24889987707138 24.7472953498363 849.861535340548 118.168398350477 2661.75027167797 860.394207835197 2610.08295056224 751.043133288622 139.677777081728 113.659831821918 9.09476608037949 111.31546279788 45.2472556233406 104.73389685154 45.5496401190758 1.8410786986351 6.78439319133759 0 0 80.0328041315079 86.2989156246185 0 1.59104460477829 0 4.98224401473999 0.985421240329742 3.15037924051285 1.60107827186584 5.02908807992935 0 6.38645109534264 4.5141693353653 1.35362410545349 60.0095326900482 8.08366790413857 0 1.92991960048676 0.581136167049408 11.1786149144173 90.3675928711891 150.930178999901 17.3266569972038 4.40592759847641 65.3499376177788 888.917462140322 21.0277628004551 0.585481405258179 3.72034752368927 0 0 0 9.22149562835693 50.6321145296097
22.2873885631561 0.510136067867279 3.19491004943848 0 2.12869226932526 184.031446039677 529.273250520229 37.8387778699398 159.708895921707 11071.0718812048 0.807791590690613 3387.67314118147 0 33.7630013525486 70.9512704312801 4.13150945305824 0.569612920284271 0 1.39119803905487 22582.2378150523 3.50022345781326 7.08335161209106 8.24827972054482 1722.79850569367 0 2.05441302061081 3.81395107507706 12329.2265331149 36.3341753184795 4.75378605723381 0 1.75524759292603 3.94264090061188 22.438968539238 6.47868156433105 36.9295374751091 0 12.7758090496063 1.59324193000793 36.8725808560848 3.16914534568787 0.952068090438843 1.50974678993225 0 0 0 9.51698234677315 0 0 0 0 0 173.721850156784 2.67973208427429 6.1636363863945 30.6240473389626 3.20353275537491 30.5895721912384 32.416494011879 0 20.3792125582695 0 0.976361989974976 9.64268511533737 0.949637532234192 0 0 0 8.06737068295479 0.730567276477814 2.83180665969849 0.464457452297211 79.9071369171143 1.58298397064209 0 1.04493343830109 71.2148602604866 0.414476484060287 0 0 0 0 1.15755999088287 0
14.4017953276634 1.77353078126907 3.76477575302124 2.12869226932526 0 2067.57871323824 19.4747315645218 608.740437299013 90.8192031383514 15.2225082218647 37.795190513134 66.7827883064747 10.4818304479122 169.715142697096 3235.99009677768 1.06197261810303 0.457054048776627 0.617846965789795 0 1.56464749574661 4.88961508870125 11.2852107286453 5.59998759627342 65.8068658411503 0 4.4098387658596 4.44020721316338 21.5162675976753 251.375532716513 8.27964603900909 0 898.188951164484 0 1144.04590019584 21.6177580654621 57.3905928134918 5.84897303581238 128.120045661926 13.7093694806099 6367.57089298964 2242.21651825309 8.36367905139923 4.16159278154373 1.15161263942719 0.799488186836243 8.601686835289 0.743408977985382 0 0 0 0 0.517882585525513 0 0 0 1.55593156814575 0 0.829851746559143 1.20252799987793 0 3.00544917583466 0 0 0 0 0 0 0 0 0 0.44910854101181 0 2.21746504306793 0 0 2.09520888328552 0 0.387000769376755 0 0 0 0 1.16740918159485 52.9120339155197
279.458477348089 2.01691204309464 51.4304891228676 184.031446039677 2067.57871323824 0 4376.45407050848 19149.4985950589 131.445590734482 11833.767808944 112.006437689066 5810.9236048758 33.6928932666779 3011.73061650991 3715.19893452525 9.87520667910576 26.9383434057236 9.3282133936882 4.9787917137146 207.077137410641 48.5044644474983 15.324860483408 98.9226281344891 281.42815759778 2.30738365650177 32.8816995024681 37.8142373561859 1477.68390011787 909.087929785252 215.977535054088 0.387554973363876 2362.90990352631 8.50758701562881 791.823421150446 598.857530832291 262.482912749052 22.5293495953083 279.817518413067 46.6771913766861 4194.89544185996 1163.50297215581 31.5998890995979 4.84748741984367 1.60446190834045 2.43841457366943 0.602334439754486 2.66159725189209 0 0 0 0 0 4.82142224907875 0 2.81173676252365 6.31875574588776 0 7.29044556617737 8.21019124984741 0 11.9014174342155 0.808075308799744 0 1.22855794429779 1.38885354995728 0 0 0 1.27076160907745 1.37636667490005 2.80650323629379 1.47773069143295 15.7453256845474 0 1.5632358789444 4.28354927897453 15.1486304402351 0.363456696271896 0.491508007049561 0 0 0 4.17059743404388 0.980175077915192
5216.54989942908 14.7517141699791 869.882342338562 529.273250520229 19.4747315645218 4376.45407050848 0 4216.96415224671 376.81837067008 18411.6379379928 59.9548406004906 972.285385221243 13.475935459137 6513.97498030961 149.59674808383 113.989082545042 236.003900945187 12.8636362850666 45.1615487337112 151.070611745119 994.394081324339 98.720360994339 1781.02071142197 2171.88041192293 1.72457757592201 303.748889535666 409.99297145009 19354.7221671343 1944.35993468761 12085.5492916703 0.621559083461761 28.5680977106094 195.353611588478 610.229381024837 105.489463299513 1103.82564741373 67.0989352166653 503.77019071579 117.859724760056 195.445945709944 87.6085902452469 7.0907706618309 12.6281556487083 0 14.2312813699245 5.55720496177673 4.69551980495453 1.15108859539032 0 3.17164427042007 2.66795808076859 0 7.70165663957596 0 5.13324922323227 47.7853210866451 7.66864892840385 26.4550642669201 16.2022159099579 0 8.0057784318924 0 6.02718704938889 3.2131599187851 34.3624143600464 0 0 0 4.24553453922272 16.2841510474682 9.08499145507812 38.5126445293427 129.099316954613 0 2.8544015288353 19.8754684329033 136.803958207369 9.16961374878883 10.6003671884537 0 0 0 5.7405594587326 11.0289452075958
2147.99623903632 7.01296716928482 122.767308801413 37.8387778699398 608.740437299013 19149.4985950589 4216.96415224671 0 67.9218687415123 3870.70444133878 395.451302498579 714.263565719128 73.6919767856598 21218.9147707075 578.49719285965 24.1963910162449 96.270742982626 12.8673792779446 29.1036533713341 42.2490113079548 146.694840848446 22.7382940948009 240.413243919611 235.96525990963 6.57786822319031 100.392847836018 79.4982157945633 862.859354645014 3087.7582578063 1013.08334818482 0.752009868621826 2144.95440515876 25.4483332931995 1379.72980242968 52.5470468997955 493.97396710515 63.0196509361267 668.09745401144 100.670345544815 1618.73203769326 715.615557253361 54.6598692536354 5.52642488479614 1.15625786781311 5.63940313458443 5.59690046310425 0.511062264442444 1.37131035327911 1.71342873573303 1.31985360383987 2.4976831972599 1.24143862724304 0 0 0 2.15367922186852 0.764967679977417 11.1383474469185 2.8247777223587 0 0 0 2.99877911806107 0 7.69738125801086 0 0 0 0 5.96608051657677 3.01461172103882 7.02905106544495 24.5496894717216 0 2.35862201452255 13.1611040532589 27.8159843683243 3.81676876544952 3.61666715145111 0 0 0 2.07314968109131 5.234260648489
72.1196669638157 683.592442899942 54.1675583720207 159.708895921707 90.8192031383514 131.445590734482 376.81837067008 67.9218687415123 0 197.231576323509 26.9094793498516 1502.96415519714 143.968005150557 77.7576110959053 1446.42200911045 123.305768817663 45.5336511731148 15.4476381540298 24.7160637378693 56.1875566244125 93.2741510570049 3692.37703233957 124.761202186346 11357.8935432732 250.64614790678 151.072102725506 712.499348968267 1516.43411079049 221.211246460676 281.064166396856 2.92750436067581 4.99457949399948 59.0994385182858 101.902213275433 20.9237470328808 373.506450235844 44.4481634795666 131.42967531085 38.5170437395573 1456.60620576143 30.97753444314 22.3411364555359 16.3791975080967 0.686755329370499 9.9619380235672 0.605492353439331 29.1336531043053 0 0 1.7183213531971 7.02598816156387 1.55593812465668 25.1094928383827 0 13.7585891187191 45.8406588435173 2.27788287401199 117.415761619806 49.2981419861317 0.547394990921021 37.9481825232506 1.75619387626648 10.0774939060211 16.4720040559769 31.6462723910809 0 0.663446307182312 0.543734788894653 14.403477191925 32.3349274992943 15.7191062271595 15.031968921423 243.841017782688 0 8.59133511781693 23.1845421493053 163.612780153751 6.99715721607208 15.86910328269 0 0.595206201076508 0.791784524917603 4.65228128433228 3.50969707965851
267.963562905788 1.23605960607529 23.8754395842552 11071.0718812048 15.2225082218647 11833.767808944 18411.6379379928 3870.70444133878 197.231576323509 0 14.8264680802822 15050.2010242343 8.61141258478165 1478.94029647112 190.435733050108 10.2100624144077 6.76875981688499 0.862671673297882 2.44433122873306 21801.2012683451 27.9006314873695 8.98698636889458 81.4977546036243 1062.95481407642 5.74003899097443 13.1738611459732 19.4233784973621 9823.73810651898 304.81248664856 59.783770263195 0 9.31446328759193 23.2145438492298 203.242557555437 189.403140872717 342.151151120663 8.9196489751339 132.006288975477 30.6065339446068 146.42066770792 108.519742339849 9.62257981300354 1.59303772449493 0 0 2.93147826194763 12.1278456151485 0 0 0.556931495666504 1.43819788098335 0 36.5036075115204 0.68631637096405 7.28077924251556 40.2483208477497 3.68394619226456 36.6833837330341 49.7809337377548 0 55.2638355493546 0 3.97115862369537 4.47235512733459 7.49856102466583 0 0 0 4.21805161237717 1.45544740557671 4.60173019766808 3.20198458433151 90.6706451773643 0.296211719512939 0 3.62557244300842 107.623572200537 0.485357195138931 1.14080822467804 0 0 0 1.52275133132935 3.85990136861801
71.0477937757969 253.88423666358 170.461530655622 0.807791590690613 37.795190513134 112.006437689066 59.9548406004906 395.451302498579 26.9094793498516 14.8264680802822 0 10.4785197377205 8638.39230394363 621.635968536139 5.67839035391808 7.51978161931038 978.776232123375 7771.75523212552 4360.66419824958 3.37943089008331 107.434384405613 67.8709682822227 227.656009197235 31.1888180375099 1127.15168303251 14243.091607362 2012.65503773093 24.2710598409176 513.681974679232 106.571199923754 724.880942344666 122.113375455141 9.81562203168869 8901.94229826331 3.39857959747314 399.771494060755 5130.94788065553 9120.71535214782 351.913873106241 49.3142966032028 32.8548156917095 3597.0416944921 5.97004470229149 63.5309873819351 25.690101981163 4.79302155971527 1.7172115445137 0.879768073558807 5.56835004687309 0 21.4522616565228 5.18677765130997 0 0 0 0 0 1.20914506912231 0.704092085361481 54.6015702784061 0.431421458721161 186.716237723827 0 0 0.661170065402985 0 39.9193798005581 16.785880446434 0 0.771686375141144 1.84567767381668 2.81233543157578 1.13068830966949 97.8709793686867 167.176764726639 205.49766933918 0 0 0 23.2153913676739 0 0 4.91446340084076 1.44398367404938
24.4708055853844 12.1881633400917 3.96522560715675 3387.67314118147 66.7827883064747 5810.9236048758 972.285385221243 714.263565719128 1502.96415519714 15050.2010242343 10.4785197377205 0 2.45180815458298 213.763733506203 4898.78777101636 3.46047148108482 4.75018012523651 1.07979786396027 2.20544838905334 23181.2411609888 4.32345247268677 32.0098668336868 11.6815992593765 1656.66002807021 1.17348182201385 5.43686917424202 19.9273894429207 1681.57059961557 72.2911398410797 10.9121872484684 0 10.1202079057693 2.95154097676277 45.9350187182426 452.198450237513 36.1668490767479 0 29.9981445670128 3.75905865430832 943.834128379822 18.5892311632633 1.49799108505249 2.75135290622711 0 0.851269781589508 0 51.8139954805374 0 0 0 0.919497013092041 0 79.1252384185791 0 10.9183467328548 24.9856548905373 0.629786133766174 72.2926053404808 35.8793486654758 0 143.24295771122 0 1.97857064008713 15.0894103646278 1.64796441793442 0 0 0 40.6302490830421 0.769893765449524 6.06677359342575 1.59109929203987 101.66062271595 1.49781686067581 0 1.96279203891754 69.5518086850643 0 0.620050549507141 0 0 1.11941397190094 0 1.0874046087265
7.37360537052155 1231.01315256953 45.3542563021183 0 10.4818304479122 33.6928932666779 13.475935459137 73.6919767856598 143.968005150557 8.61141258478165 8638.39230394363 2.45180815458298 0 65.8465113341808 9.64441841840744 10.4517955482006 46.7229854166508 381.866631478071 152.493963897228 1.62161940336227 12.4058848023415 318.320294380188 24.9698697626591 51.7784937918186 7223.88048714399 7201.22646993399 5498.7439519465 10.9328536093235 56.8578251898289 11.3844661414623 4182.51862859726 19.5772163271904 0 611.212022781372 20.1760147809982 722.584487050772 2585.59878119826 1769.27379891276 357.224854230881 32.5966579318047 451.885417073965 6175.58440613747 9.03164172172546 243.703590810299 59.8976691663265 23.2545287013054 3.08693134784698 11.2092221975327 35.9542796313763 0 28.9168351888657 1.5529211461544 0 0.806215882301331 0.762014508247375 0 0 5.83020806312561 0 237.917024731636 0 668.000772386789 0 0 2.09221839904785 4.91236928105354 94.0558018386364 36.4329115152359 0 0.719212293624878 8.82337713241577 0.994479298591614 1.91759914159775 344.278050303459 399.502776145935 420.352700054646 2.39081028103828 3.75912249088287 0 50.6199720799923 0 0 30.7726819515228 19.7909969091415
9282.96142888069 18.811296492815 212.181491374969 33.7630013525486 169.715142697096 3011.73061650991 6513.97498030961 21218.9147707075 77.7576110959053 1478.94029647112 621.635968536139 213.763733506203 65.8465113341808 0 118.206280827522 35.7490209341049 194.644240766764 40.6375489532948 65.7214450240135 29.4965628385544 293.709061890841 63.011625379324 418.924971103668 288.577327609062 11.7514813542366 228.829576969147 162.060885608196 1068.86917483807 9853.62370511889 2460.15882700682 3.08642482757568 1846.80197969079 74.4675951600075 1980.25332850218 40.1650353372097 838.111178398132 114.408460855484 1079.12284505367 121.229240238667 543.367816001177 443.041116654873 45.4885513186455 7.22530299425125 0.773898839950562 2.86535117030144 1.01596102118492 0.982683628797531 0.662161827087402 0 0 0 4.30803361535072 0.961033403873444 0 1.62824562191963 8.53685814142227 2.47529882192612 4.08550316095352 2.14424523711205 0 0.686826229095459 0.697335362434387 1.26218128204346 0 17.207317918539 0 0 0 0 3.71759527921677 6.38758438825607 6.73892742395401 49.1188019514084 1.50033390522003 3.27636957168579 8.70275500416756 35.8243116140366 2.59077590703964 1.12621593475342 0 0 0 3.37943887710571 4.68987292051315
6.57958340644836 18.2564963102341 4.0895548760891 70.9512704312801 3235.99009677768 3715.19893452525 149.59674808383 578.49719285965 1446.42200911045 190.435733050108 5.67839035391808 4898.78777101636 9.64441841840744 118.206280827522 0 2.95729452371597 2.06741389632225 1.53576165437698 0 54.8862102627754 4.72132241725922 99.9523938000202 8.3542819917202 817.622430115938 2.43876987695694 3.61955839395523 36.3003597855568 158.504371404648 39.7485512793064 14.023674249649 0 98.9004890322685 1.47374951839447 48.866642832756 176.402205020189 13.1071419119835 6.17857658863068 13.7629329264164 2.14419341087341 10415.9471338689 92.397859454155 1.87130999565125 0 0 0 1.19702398777008 22.1344944834709 0 0 0 0 0 12.6401656866074 0 4.77411568164825 6.5622161924839 0.759808838367462 27.1662934422493 14.1557464897633 0 11.4934269189835 0 0.946022570133209 6.45990651845932 1.33719837665558 0 0 0 4.22769677639008 0 1.03949618339539 2.30867213010788 25.6671321392059 0 0 1.91218906641006 17.2202731370926 0.830005586147308 0.62074863910675 0 0 0 0 5.89803445339203
21.2887350618839 106.619702666998 47.4752112329006 4.13150945305824 1.06197261810303 9.87520667910576 113.989082545042 24.1963910162449 123.305768817663 10.2100624144077 7.51978161931038 3.46047148108482 10.4517955482006 35.7490209341049 2.95729452371597 0 42.1857898831367 3.82487958669662 6.46380078792572 1.12691736221313 10979.7058596313 2491.37870544195 18785.3144779503 2524.97243872285 7.29302686452866 37.5220853686333 7500.95163011551 3123.24423801899 94.6545607149601 291.875312000513 0 0 35.5242621302605 322.642265111208 74.1847237348557 1716.92676413059 220.453167229891 473.791231960058 138.838551998138 96.9544885456562 45.4349505901337 5.47425591945648 44.2260158360004 27.4602497220039 25.5752204060555 11.8421044945717 0.496823400259018 1.8535977602005 0 0 1.20545423030853 16.4273905158043 2.56373351812363 0 0 13.596110701561 0.295174926519394 26.1058145165443 4.13314864039421 0.663371860980988 0 1.62786102294922 1.06500852108002 0 536.947473675013 0.837404370307922 0 0 0 89.9331460893154 214.497263967991 796.794555991888 81.4569033384323 1.41180181503296 4.79046931862831 265.786401003599 97.23705971241 3.18686693906784 8.12425354123116 0 0 0.503514885902405 4.03668913245201 14.0773099660873
140.486117720604 573.365547388792 4206.77506837249 0.569612920284271 0.457054048776627 26.9383434057236 236.003900945187 96.270742982626 45.5336511731148 6.76875981688499 978.776232123375 4.75018012523651 46.7229854166508 194.644240766764 2.06741389632225 42.1857898831367 0 492.649042636156 7404.98994490504 0 1656.00843968987 234.601968675852 8982.42047792673 69.8432119488716 55.8087881207466 5580.94765612483 3110.59141865373 258.832019776106 267.163789510727 1239.42823511362 5.85753414034843 2.38368293642998 32.3020312190056 1772.68273472786 23.357467263937 337.253983944654 128.497315347195 1288.69112020731 138.372501194477 38.8656599223614 18.7049618065357 4.03598266839981 25.2899827361107 12.3558049798012 31.1507148742676 13.6803136467934 0 1.26401305198669 0 0 34.4609369039536 28.6023744940758 0 0 0.487256050109863 0.392181605100632 0 0 0 1.29301929473877 0 6.04046338796616 0 0 9.05050182342529 0 4.02143716812134 0 0 0.808026939630508 9.16470545530319 22.1672512888908 3.73272961378098 7.84008952975273 79.0527321696281 258.60880163312 0.936833709478378 0.995468556880951 0.390063464641571 1.1747140288353 0 0 10.8659850358963 2.26872903108597
7.62012434005737 116.693773239851 126.660530954599 0 0.617846965789795 9.3282133936882 12.8636362850666 12.8673792779446 15.4476381540298 0.862671673297882 7771.75523212552 1.07979786396027 381.866631478071 40.6375489532948 1.53576165437698 3.82487958669662 492.649042636156 0 5859.57494047284 0 30.803868085146 31.1980340480804 97.473505705595 10.5193223059177 394.785469681025 6808.09481221437 931.255617976189 5.26692697405815 25.262270450592 37.0484128892422 97.5507705509663 4.80121314525604 0.438295215368271 423.293621093035 4.95412069559097 92.3694223463535 168.46739590168 510.379759371281 76.4491061270237 3.89361149072647 0.850081622600555 13.6146941483021 3.27644282579422 2.12842464447021 17.997901558876 2.39620864391327 0 0 0.721956789493561 0 3.15876823663712 2.99891912937164 0 0 0 0 0 1.00267970561981 0 19.2098352611065 0 67.0705310404301 0 0 0.497332662343979 1.67823469638824 41.5854658186436 17.030829012394 0 0.829123020172119 2.09154969453812 1.85866349935532 0 89.0559997558594 140.334602952003 179.335235148668 0 0 0 3.45941573381424 0 0 1.869857609272 3.65188521146774
40.4413944482803 278.23311856389 511.717647612095 1.39119803905487 0 4.9787917137146 45.1615487337112 29.1036533713341 24.7160637378693 2.44433122873306 4360.66419824958 2.20544838905334 152.493963897228 65.7214450240135 0 6.46380078792572 7404.98994490504 5859.57494047284 0 0 173.869154304266 62.1459291279316 608.377992451191 22.0007608830929 271.187702387571 7855.3809311986 1761.40524414182 36.5685782432556 68.8995931744576 184.246507316828 27.7484195828438 2.2190762758255 13.931292206049 800.159572899342 4.48159903287888 147.388001769781 149.68548232317 700.868023008108 90.4257988035679 8.26276433467865 6.74857306480408 5.15793371200562 9.7998081445694 14.6761484146118 10.4786266684532 4.50356817245483 0 0 0 0 15.9556452035904 6.32257205247879 0 0 0 0 0 0 0 2.59605759382248 0 16.6620754301548 0 0 4.85404604673386 5.89804327487946 12.8086088895798 20.0331103801727 0 0 4.04979526996613 5.24112915992737 0 34.7091073989868 91.2272826433182 189.921001434326 0 0 0 1.25649037957191 0 0 10.4709231853485 3.29966980218887
15.0963588654995 0 2.62088170647621 22582.2378150523 1.56464749574661 207.077137410641 151.070611745119 42.2490113079548 56.1875566244125 21801.2012683451 3.37943089008331 23181.2411609888 1.62161940336227 29.4965628385544 54.8862102627754 1.12691736221313 0 0 0 0 0.566988587379456 2.42461562156677 4.26266485452652 738.934277802706 0 0 3.37927377223969 4422.87779763341 19.1936206817627 4.29297551512718 0 0.78116512298584 0 13.1745088100433 12.9456417560577 13.0444430112839 0.840539872646332 8.25390431284904 2.86513704061508 34.4490882754326 3.72201654314995 0.443198949098587 1.38561308383942 0 0 0 4.09349566698074 0 0 0 0 0 83.2242100834846 0 3.20094740390778 12.4259122014046 0 15.6475024819374 13.6528971195221 0 27.7595602869987 0 0.79272186756134 2.3749343752861 0.72590035200119 0 0 0 5.8049544095993 0 0.403040260076523 0 10.143564581871 0 0 2.06517386436462 27.4491926431656 0 0 0 0 0 0 0
213.298904180527 46.5536644756794 1598.89825236797 3.50022345781326 4.88961508870125 48.5044644474983 994.394081324339 146.694840848446 93.2741510570049 27.9006314873695 107.434384405613 4.32345247268677 12.4058848023415 293.709061890841 4.72132241725922 10979.7058596313 1656.00843968987 30.803868085146 173.869154304266 0.566988587379456 0 476.937032938004 23146.9524308741 1752.26688674092 9.09236234426498 450.211860179901 1213.48220357299 9800.40223065019 622.85549429059 15632.3123219311 0 2.99119451642036 226.744510442019 3800.50763040781 154.585354536772 3338.938916713 229.434723556042 2404.69454967976 443.896334141493 306.154678016901 159.022786736488 3.99147498607635 18.9794862568378 5.9207820892334 9.6504074037075 2.88158804178238 0 2.22771084308624 0 0.885802894830704 2.78895902633667 3.10614866018295 0.371148020029068 0 0.882367730140686 9.43430197238922 0.540192008018494 14.3447865247726 2.49205085635185 1.04795622825623 0 0 1.67289459705353 0 171.583793222904 2.6870881319046 0 2.07003659009933 0.515167057514191 70.9810233712196 56.5575027167797 174.150647103786 70.9568637609482 0 4.1382040977478 88.5347672104836 84.6966398358345 4.60720485448837 5.76998656988144 0.567528128623962 0 0 1.94472128152847 27.5729855597019
37.7046224474907 2550.32258582115 489.958336055279 7.08335161209106 11.2852107286453 15.324860483408 98.720360994339 22.7382940948009 3692.37703233957 8.98698636889458 67.8709682822227 32.0098668336868 318.320294380188 63.011625379324 99.9523938000202 2491.37870544195 234.601968675852 31.1980340480804 62.1459291279316 2.42461562156677 476.937032938004 0 1431.74590852857 5282.29702651501 561.916919380426 354.988482654095 5293.03731757402 648.500774413347 123.689731866121 290.641914576292 4.01853764057159 1.49805951118469 60.4617976248264 293.874156713486 44.7042754888535 1193.74440354109 354.552384346724 737.294696778059 197.918024331331 182.351753026247 37.5960268676281 68.6712095439434 55.9154727756977 29.3071677088737 54.2214326262474 18.6233588457108 1.29527872800827 0.539217829704285 1.42466351389885 1.04953402280807 13.6794947385788 35.4880583882332 2.41423571109772 0 1.39986655116081 20.3154937624931 2.83337789773941 18.9945193827152 6.61205247044563 0 3.85334259271622 0 1.81898185610771 0.521004319190979 251.377721935511 1.2715625166893 0 0 2.17906218767166 47.217968583107 333.708441078663 403.772184461355 65.9045512378216 2.05713868141174 28.6278156042099 473.39080965519 82.2945525050163 5.874047935009 10.6969498991966 0.81034916639328 0 0 8.41177576780319 18.9534631073475
314.193786799908 157.467676371336 12923.3802958727 8.24827972054482 5.59998759627342 98.9226281344891 1781.02071142197 240.413243919611 124.761202186346 81.4977546036243 227.656009197235 11.6815992593765 24.9698697626591 418.924971103668 8.3542819917202 18785.3144779503 8982.42047792673 97.473505705595 608.377992451191 4.26266485452652 23146.9524308741 1431.74590852857 0 1416.74611696601 16.4648254215717 1888.59875687957 11904.2438128591 7382.9540785253 711.686615228653 5063.47346255183 1.71191620826721 8.5359078347683 220.232356488705 4283.87388005853 493.108294934034 9802.09051156044 1390.85612085462 5676.97681030631 1372.98419359326 935.286536812782 285.430914849043 18.013213455677 136.220846265554 65.8402689099312 88.5092468857765 49.6986058652401 13.2402175962925 2.09001183509827 0 2.90327054262161 11.323198735714 70.2562448382378 2.46576368808746 0 1.37896981835365 16.1968566477299 2.90548330545425 29.0314533412457 8.14866730570793 0.508022606372833 0 0.632809221744537 5.70595610141754 0 663.997609913349 7.12407511472702 1.41270124912262 1.48681336641312 1.4971107840538 92.073331028223 333.986107230186 1253.00725668669 124.831435263157 2.05643433332443 21.1288387477398 954.305127054453 95.4392030239105 6.33081787824631 12.1026238203049 1.0530446767807 0 0 28.2771306037903 131.694908827543
234.03039342165 456.242145478725 196.255243122578 1722.79850569367 65.8068658411503 281.42815759778 2171.88041192293 235.96525990963 11357.8935432732 1062.95481407642 31.1888180375099 1656.66002807021 51.7784937918186 288.577327609062 817.622430115938 2524.97243872285 69.8432119488716 10.5193223059177 22.0007608830929 738.934277802706 1752.26688674092 5282.29702651501 1416.74611696601 0 117.740729779005 144.037957161665 2121.88356876373 22987.3476791978 701.798729330301 897.110161393881 2.84952610731125 8.00733211636543 209.829393267632 384.645673960447 64.5811770558357 1191.46763822436 73.2247570455074 342.52384737134 73.7451504766941 721.171085745096 66.2644820511341 8.08668139576912 124.034571826458 2.7188486456871 62.0153129398823 36.0805204212666 63.2063612043858 9.40070649981499 0 13.7604285478592 13.6923966109753 10.2461433410645 156.75103572011 1.94612407684326 62.4598648548126 423.517980933189 40.2302741408348 307.342071771622 303.485793173313 1.3567880988121 93.4364081323147 0 52.2607951462269 24.1926556527615 311.750539124012 0 0.838415503501892 1.13349938392639 92.946819961071 187.370976299047 118.319670081139 165.184216529131 1542.64658355713 3.02977776527405 14.2420717477798 104.612210601568 1296.83413892984 103.884596973658 115.911338210106 0 0.673809945583344 12.4966476857662 41.5383835732937 24.7713379263878
2.43894118070602 2528.22420215607 29.6977053582668 0 0 2.30738365650177 1.72457757592201 6.57786822319031 250.64614790678 5.74003899097443 1127.15168303251 1.17348182201385 7223.88048714399 11.7514813542366 2.43876987695694 7.29302686452866 55.8087881207466 394.785469681025 271.187702387571 0 9.09236234426498 561.916919380426 16.4648254215717 117.740729779005 0 2188.25533565879 4311.61560687423 17.9099107086658 8.10141232609749 8.1433664560318 107.672972083092 3.84347069263458 1.09690320491791 207.723086029291 6.93660524487495 199.624479442835 669.841953128576 625.642086744308 208.491780102253 13.1793991923332 47.113706111908 1555.87740159035 13.2684658765793 83.3105779290199 61.3055953383446 12.4759709835052 0 0 5.78781491518021 0 31.2537099123001 2.39921566843987 0 0 0 0 0 0.432320147752762 5.24421858787537 81.4911373257637 1.43373882770538 247.505299210548 0 0 0.958706378936768 0.750036776065826 86.5685885846615 28.8935091495514 0.505068421363831 0 0 3.59181761741638 0.483107149600983 217.371956408024 409.934152841568 464.871451556683 2.12611794471741 0 0 35.9054039120674 0 0 3.46098113059998 4.07147252559662
107.633300632238 1588.53369572759 11995.1187388897 2.05441302061081 4.4098387658596 32.8816995024681 303.748889535666 100.392847836018 151.072102725506 13.1738611459732 14243.091607362 5.43686917424202 7201.22646993399 228.829576969147 3.61955839395523 37.5220853686333 5580.94765612483 6808.09481221437 7855.3809311986 0 450.211860179901 354.988482654095 1888.59875687957 144.037957161665 2188.25533565879 0 34195.0495444536 268.206971406937 171.274492561817 411.417849332094 3399.5048083961 20.5541420280933 23.7833644747734 1855.71967306733 32.2290466427803 1268.78940716386 1334.07981353998 3601.11794027686 686.975009679794 41.6669377982616 34.6061407327652 58.1424391269684 65.3468127250671 68.0348314642906 182.242210716009 49.559417873621 1.96469879150391 0 8.82482922077179 0 124.22799539566 77.0267508029938 0 0 0 0.446343153715134 0.524531662464142 4.7893103659153 0.519566714763641 122.44044777751 0 252.398082524538 1.23274874687195 0 7.41951838135719 23.4848412275314 119.094900012016 127.245744138956 0 2.44056013226509 18.9981344342232 24.5298392474651 2.82926869392395 386.618319422007 1294.67208555341 1749.51854658127 5.35368683934212 3.68820238113403 0 41.5003177821636 1.3092645406723 1.02658402919769 55.1270963549614 19.5520984530449
74.046713322401 7298.26520290971 9385.48109173775 3.81395107507706 4.44020721316338 37.8142373561859 409.99297145009 79.4982157945633 712.499348968267 19.4233784973621 2012.65503773093 19.9273894429207 5498.7439519465 162.060885608196 36.3003597855568 7500.95163011551 3110.59141865373 931.255617976189 1761.40524414182 3.37927377223969 1213.48220357299 5293.03731757402 11904.2438128591 2121.88356876373 4311.61560687423 34195.0495444536 0 1911.14679083228 219.893687725067 508.646602600813 1778.68398407102 14.91344165802 55.7698875069618 2328.19419080019 249.355723291636 6128.06877967715 2615.44601669908 6038.81704667211 1616.58651712537 389.611129403114 160.224580943584 62.0219620466232 355.818698823452 212.842952489853 444.864516794682 151.327735841274 21.381455540657 15.2541819810867 6.54790765047073 0 303.752263307571 227.069695740938 0.879254937171936 0 2.77719563245773 18.5452115833759 0.890892922878265 26.7755961120129 10.2383288443089 95.9381050467491 0 158.152302205563 2.30705994367599 3.85840207338333 385.421617567539 37.3278053700924 99.5402728915215 124.766077011824 1.3392196893692 47.7271203398705 356.039675056934 950.069762140512 71.3108813464642 298.817053109407 1215.44213625789 3788.03050252795 68.9057976007462 14.0794836878777 7.61164021492004 28.7876577675343 0 0.948627054691315 110.159930318594 88.4666327536106
711.641488939524 51.0277116000652 1304.27501809597 12329.2265331149 21.5162675976753 1477.68390011787 19354.7221671343 862.859354645014 1516.43411079049 9823.73810651898 24.2710598409176 1681.57059961557 10.9328536093235 1068.86917483807 158.504371404648 3123.24423801899 258.832019776106 5.26692697405815 36.5685782432556 4422.87779763341 9800.40223065019 648.500774413347 7382.9540785253 22987.3476791978 17.9099107086658 268.206971406937 1911.14679083228 0 1511.12940788269 10472.8946948349 0 12.1409363746643 533.250000327826 1634.57402381301 200.855929374695 3248.53574535251 156.18626704812 1065.68770456314 229.905614167452 353.357437849045 175.922534942627 9.17435675859451 92.6149770021439 6.84818896651268 38.4396413862705 18.4184445440769 34.6051631867886 5.7527032494545 0 13.9480916559696 7.30441844463348 10.5602516829967 111.66281363368 0 50.2104322016239 322.99658960104 22.4402918219566 205.230759352446 198.989646911621 0 42.5905748903751 0 33.725774794817 14.1814908385277 287.711583554745 1.01161885261536 0 0 46.6326402425766 139.201869577169 68.9741622507572 169.048398971558 900.012404024601 2.44225168228149 2.0404816865921 115.26067262888 875.272040754557 85.5292816460133 78.6725831329823 0 0 5.97614395618439 27.1959865987301 36.6008532345295
12250.7983750999 16.7320947051048 161.023168623447 36.3341753184795 251.375532716513 909.087929785252 1944.35993468761 3087.7582578063 221.211246460676 304.81248664856 513.681974679232 72.2911398410797 56.8578251898289 9853.62370511889 39.7485512793064 94.6545607149601 267.163789510727 25.262270450592 68.8995931744576 19.1936206817627 622.85549429059 123.689731866121 711.686615228653 701.798729330301 8.10141232609749 171.274492561817 219.893687725067 1511.12940788269 0 8164.67176944017 2.96507239341736 3491.24260601401 9800.12434318662 3742.5507850647 109.597944110632 1439.54210731387 117.417361706495 1501.565851897 186.934590548277 395.268556833267 708.698309153318 48.2067511379719 27.7786083817482 0.788767158985138 7.32105025649071 4.1496002972126 2.34689843654633 0.775139927864075 0.555635273456573 0.598956882953644 0.555585980415344 0 0.963092446327209 0 3.2024684548378 28.5206218957901 4.27613487839699 19.3725816607475 0.692874193191528 0 0.584619224071503 3.52293717861176 6.98283079266548 0 37.5395964682102 0 0 0 0.417360901832581 37.6633770763874 6.83737969398499 25.8906120359898 114.499942213297 3.28044295310974 4.55073136091232 19.3375804424286 80.3765318095684 10.0764130949974 12.0214231014252 0 0 0 3.09888690710068 20.1270427405834
3647.89651787281 30.4232561290264 697.525839537382 4.75378605723381 8.27964603900909 215.977535054088 12085.5492916703 1013.08334818482 281.064166396856 59.783770263195 106.571199923754 10.9121872484684 11.3844661414623 2460.15882700682 14.023674249649 291.875312000513 1239.42823511362 37.0484128892422 184.246507316828 4.29297551512718 15632.3123219311 290.641914576292 5063.47346255183 897.110161393881 8.1433664560318 411.417849332094 508.646602600813 10472.8946948349 8164.67176944017 0 0.299006849527359 17.2720795869827 561.713054955006 3940.53406170011 120.063323289156 1822.79650440812 102.492449849844 1535.58267870545 269.634282201529 184.198732495308 132.662669688463 3.63571736216545 12.6937564611435 1.18182599544525 12.2987548112869 11.5733039677143 0 0 0 1.26245528459549 0.663663327693939 6.58483409881592 0 0 1.74368178844452 29.6293667554855 0.789182484149933 13.7166097462177 4.92184382677078 0 0 0 4.53795981407166 0 53.6613090634346 0 0 0 0 42.6953540146351 20.7504095733166 49.9319280385971 107.362303167582 0 5.00120213627815 47.7396985590458 125.690843909979 11.2780075371265 10.7836547493935 0 0 2.90616309642792 9.98483350872993 25.1737955212593
0 30.5115393400192 7.37077715992928 0 0 0.387554973363876 0.621559083461761 0.752009868621826 2.92750436067581 0 724.880942344666 0 4182.51862859726 3.08642482757568 0 0 5.85753414034843 97.5507705509663 27.7484195828438 0 0 4.01853764057159 1.71191620826721 2.84952610731125 107.672972083092 3399.5048083961 1778.68398407102 0 2.96507239341736 0.299006849527359 0 0 0 27.6049161851406 0 9.87322044372559 68.9158508181572 75.2109419703484 8.11068254709244 0.519459545612335 0 8.570063829422 1.04003012180328 1.24088525772095 1.66864120960236 0 0 0 0.83060622215271 0 1.03563976287842 0.501617610454559 0 0 0 0 0 0.532555222511292 0 5.58489301800728 0 31.1354900598526 0 0 0 0.505517065525055 7.33942914009094 4.19221606850624 0 0 0 0 0 21.9493463039398 27.443883985281 50.408107727766 0 0 0 4.04017794132233 0 0 0 1.7568336725235
35.0989229083061 3.37518298625946 4.24889987707138 1.75524759292603 898.188951164484 2362.90990352631 28.5680977106094 2144.95440515876 4.99457949399948 9.31446328759193 122.113375455141 10.1202079057693 19.5772163271904 1846.80197969079 98.9004890322685 0 2.38368293642998 4.80121314525604 2.2190762758255 0.78116512298584 2.99119451642036 1.49805951118469 8.5359078347683 8.00733211636543 3.84347069263458 20.5541420280933 14.91344165802 12.1409363746643 3491.24260601401 17.2720795869827 0 0 3.18542504310608 1821.08706331253 10.2721863090992 115.876649349928 17.1063953638077 263.719544202089 32.7841858565807 433.233055055141 1853.90252688527 18.013526558876 0.84178626537323 0 0 0 0 0 0 0 0 0 0 0 0 0 0 0.861405074596405 0 0 0 0 0 0 0 0 0 0 0 0.476487100124359 0 0.796984851360321 0 0 0 1.49897527694702 0.435639262199402 0 0 0 0 0 0.88431978225708 0
279.735180646181 0.666750848293304 24.7472953498363 3.94264090061188 0 8.50758701562881 195.353611588478 25.4483332931995 59.0994385182858 23.2145438492298 9.81562203168869 2.95154097676277 0 74.4675951600075 1.47374951839447 35.5242621302605 32.3020312190056 0.438295215368271 13.931292206049 0 226.744510442019 60.4617976248264 220.232356488705 209.829393267632 1.09690320491791 23.7833644747734 55.7698875069618 533.250000327826 9800.12434318662 561.713054955006 0 3.18542504310608 0 589.195840537548 22.6862152218819 254.600079327822 12.0555118024349 164.684865951538 21.4406204819679 20.0267582833767 26.6319518089294 0.876872718334198 2.15565729141235 0 1.67794275283813 0 0 1.14761388301849 0 0 0 0 0 0 2.0820147395134 3.12689265608788 0 6.54252117872238 0.966713935136795 0 0 0 5.38073804974556 0 8.56164401769638 0 0 0 0 10.876147210598 4.74259912967682 6.29871901869774 17.623753786087 0 0 8.51656204462051 29.6083568632603 1.08665287494659 5.12593650817871 0 0 0 1.28493905067444 6.43396556377411
494.010647714138 363.975415289402 849.861535340548 22.438968539238 1144.04590019584 791.823421150446 610.229381024837 1379.72980242968 101.902213275433 203.242557555437 8901.94229826331 45.9350187182426 611.212022781372 1980.25332850218 48.866642832756 322.642265111208 1772.68273472786 423.293621093035 800.159572899342 13.1745088100433 3800.50763040781 293.874156713486 4283.87388005853 384.645673960447 207.723086029291 1855.71967306733 2328.19419080019 1634.57402381301 3742.5507850647 3940.53406170011 27.6049161851406 1821.08706331253 589.195840537548 0 109.165317088366 842.672837436199 810.074084788561 10744.6851804554 373.702254951 205.36496052146 1340.37577095628 313.741875737906 20.6518359780312 14.3848587274551 31.8149645924568 15.2206264734268 3.66513210535049 2.34885340929031 1.08826625347137 1.10394185781479 15.4138011932373 7.34307041764259 0.985120117664337 0 0 10.3660813570023 0 9.85504603385925 4.15776968002319 5.89065355062485 1.48955261707306 7.54977998137474 1.84162795543671 0 78.7359011471272 0 4.73743331432343 11.9688953757286 0 23.3462435305119 17.4579477310181 62.3142308592796 68.0105848312378 26.5573590993881 64.0495695471764 210.723719149828 48.8720505535603 7.63257223367691 4.33030050992966 0 0 1.27325695753098 11.4685840010643 29.0398255884647
