0 136.33248011087 105.028383790461 91.4486418500863 71.8240492696267 61.3760062357236 29.9590149740181 41.3672884493337 80.9064906921726 55.5816080231732 101.787266433478 70.9014091537709 110.984113712249 25.4192139993237 67.4712839933946 110.099156044679 107.99769998744 141.843938271744 123.039058783172 74.1354023874382 84.9525131076198 89.2596862427941 96.4009927485697 82.6329424044688 144.397951278841 127.652718474718 127.886897400787 78.2433790860016 21.7078365168447 36.8144304612536 0 88.3177628766227 39.6298733324548 64.6441629179471 121.846101661702 79.0563955397731 99.1280686964293 84.010964876248 92.5069973879004 62.6582932602652 68.7611725975539 95.2667038336331 181.848384691736 180.708145141602 173.381940137696 157.753355328508 0 0 0 0 0 0 0 0 0 162.171709603891 0 128.017436885054 0 225.701156616211 0 0 191.089492797852 0 137.957183664226 0 0 0 0 138.935518251011 130.298968584567 147.913859329382 138.596018578469 0 0 168.563368386944 151.549103147739 190.818986570721 150.70979093343 0 0 145.383529663086 132.711139659563 171.115110990631
136.33248011087 0 44.8130669144544 169.883773803711 107.693866352832 119.610884186989 133.444791704069 146.387435622394 72.1282050151062 128.343773449746 66.2245172199227 99.1762830141686 44.577262854608 121.22146473166 109.444812380718 64.2636397762866 58.5631145647099 69.2468507158313 61.3684610229924 0 102.926534137378 27.8323744287597 73.6136222974205 80.697924548422 26.613542084499 48.2929795041355 27.5410224784918 99.0106630668413 131.668490606582 106.503406384556 64.9807238821825 109.714386064982 118.660507202148 62.3662712257778 143.283793467971 73.6705473703627 45.8664880804106 53.3362827395589 60.8937892432666 91.926826297949 77.6538973680208 42.7278232759657 96.8049488006245 73.666817388761 65.8287148180857 75.82461105126 0 72.9049835205078 134.491668701172 0 16.0069736343498 69.9412371646411 182.682185545718 0 205.162063598633 171.870397757455 103.702659606934 107.512625871415 169.269697560553 76.8335475661262 156.422760009766 83.4997057401085 210.781923849432 0 87.8990507232956 91.3775635213894 113.765843588788 75.4728131116215 144.76301574707 122.42556927917 47.9951258469303 96.5664107318662 122.62443955914 56.1313703735121 64.1875638254274 58.4023138245062 140.255702022754 197.545766790047 0 78.5785422659293 0 0 75.0242744460652 166.6562920054
105.028383790461 44.8130669144544 0 122.26169413167 164.227991564506 128.860176015949 89.1609760557739 128.249403851575 95.1519498535998 122.952879764353 81.9573973862522 145.149364159537 92.9267910744843 119.226382121026 135.977478188266 78.0412615835087 43.3981230575373 83.2371973735825 67.2419132856451 124.036866721887 65.4003263945589 46.5780229502815 33.0933977139714 89.2709504600575 79.9708157881199 30.332256715515 31.8716152822893 77.6889214214738 113.789733518343 83.6735248563794 109.872853398891 130.432687609541 100.969284166775 61.1999113220123 136.502672537515 71.3549849565975 48.3401247186469 57.1684792348241 62.3000027314787 80.6338489860362 76.7321034501727 116.044298901115 120.035306820973 96.0391865524761 102.952946165138 114.069157277551 129.73469527988 113.382270480776 0 0 54.133960845901 94.8797172569014 0 120.761676199442 0 172.692240659906 195.486236572266 117.224649796841 185.730665549483 121.169179545133 0 124.904140707431 190.124346798446 140.65153503418 105.766465740776 119.128766753669 0 113.268962480651 177.178833007812 127.071847379223 71.1630517881202 104.733456679704 148.880720495813 99.0866303840919 109.366622390859 90.7187756145293 155.844749771614 180.865005493164 122.508179347542 0 0 0 111.585997519034 148.573099381966
91.4486418500863 169.883773803711 122.26169413167 0 99.9581993789535 63.9542901535731 45.5104636643942 92.7375700111095 62.0039687008263 19.0226868877511 158.221527099609 35.081486017938 0 97.5262570243744 63.9191313887084 110.521517935426 164.19889831543 0 185.395034790039 14.0729553065788 137.115342311821 98.1054855109235 112.496551516473 23.9260752606609 0 131.897593006218 139.045310137754 17.5488308043611 98.7942935096065 144.981338605901 0 144.442218154758 80.0750916242347 101.703838040103 92.5403238889779 100.000431735218 0 106.457915836998 129.178310085069 74.6256141297941 113.215119732643 127.807220458984 160.883819580078 0 0 0 101.224112994904 0 0 0 0 0 17.3431017392761 123.928007687197 141.16541928473 135.615171347782 152.055767234878 84.1284090156872 152.451563324395 0 101.549891945261 0 171.448928833008 121.459198196232 162.730255126953 0 0 0 136.061083890341 156.078323364258 128.927918689808 157.427444458008 116.186440783397 185.862319946289 0 205.741455078125 133.910032478046 221.534652709961 0 0 0 0 231.034210205078 0
71.8240492696267 107.693866352832 164.227991564506 99.9581993789535 0 15.5379621057957 99.9953845733508 30.9418163648797 54.3565606043814 106.849541743412 51.4872532932274 54.0524091907676 74.68012703803 44.6495528522188 17.7604478320614 132.527893066406 168.411483764648 99.7883911132812 0 117.979525431627 114.221964975051 104.798263378864 124.32600614288 72.9925534382765 0 123.654460037444 133.182381791505 122.481771300801 30.6915328254511 104.794604887232 0 14.9226835695405 0 14.1564182812802 69.6670690282987 58.6750155354882 73.9108845398521 35.840009755744 38.9047847852216 13.21694020008 10.5487229511506 51.7986018436602 58.7746763731243 107.001510620117 59.2073593139648 56.955188356625 36.2729568481445 0 0 0 0 110.846183776855 0 0 0 190.078994750977 0 78.0978927612305 136.332946777344 0 90.0210043730322 0 0 0 0 0 0 0 0 0 149.125289916992 0 91.411055303378 0 0 117.848134991197 0 186.710906982422 0 0 0 0 147.370056152344 76.9639508382013
61.3760062357236 119.610884186989 128.860176015949 63.9542901535731 15.5379621057957 0 49.1053895567497 22.5978307162992 62.5986018279038 30.9697219178292 64.2925580805904 30.2017769994079 75.1323306185844 41.5987159243336 20.1288940323527 123.82205120944 141.239122670636 110.467283967778 149.147862821482 49.1574587639486 115.967803665021 115.712438338618 125.004181853227 75.9372394543586 86.3935391860834 139.191013908726 145.305219501434 68.7615853807071 40.0688553539728 87.762935972942 132.569595336914 16.7228347835574 105.549866024901 34.3128186748888 18.9625795160213 78.9975621449806 81.5970655308146 54.0196026751159 58.18774907666 17.5306169194706 20.9328674574893 64.5955260574021 118.744497769336 168.321563720703 141.638820946327 199.488021850586 93.1397913631382 0 0 0 0 0 158.121992807851 0 164.125046982575 162.233935665934 0 110.353582988604 158.274874753627 0 106.361136838956 57.0716857910156 0 90.3694152832031 148.243402360832 0 0 0 163.252243041992 160.609509824645 129.050481577793 178.684107129237 141.076730359404 0 160.791931152344 182.732603516282 157.191183472557 199.431854248047 170.819808959961 0 0 0 129.496015703252 141.393569433357
29.9590149740181 133.444791704069 89.1609760557739 45.5104636643942 99.9953845733508 49.1053895567497 0 52.3838686181971 65.4096712461387 22.9841253365442 121.221351561395 50.3286597146211 134.224565788268 43.5559569002595 67.2925808376636 88.6903707478223 106.869025752938 140.91357574724 128.000473399844 48.7712854812235 68.3414619167206 83.8722038897552 79.5656090830696 50.9022972210623 146.468865346278 113.036859371733 107.188086298424 39.202628342986 60.9292579796136 25.4113635583804 171.088302612305 109.016772853482 61.6116553389675 75.4675006674816 109.098621287987 83.7316824642038 98.3191517349264 87.5047535752837 93.3352830529384 78.0610697144815 86.4887462251494 109.558352325411 167.142009154824 0 158.707379200804 168.254895140219 126.036457620252 187.461654663086 0 148.415444291443 143.200081628438 0 140.69772303056 0 170.31313229427 133.620969444554 178.027022147677 83.6417022332431 159.163772450111 0 136.938104760415 0 185.102122648805 126.0759089597 133.218499506869 0 0 0 139.4594945441 140.030299327756 97.4700587496468 142.639513280231 119.556728566763 0 192.345485994668 152.83443488932 137.567505954626 156.663283655618 148.506800331237 0 0 0 170.660111078714 172.560320906922
41.3672884493337 146.387435622394 128.249403851575 92.7375700111095 30.9418163648797 22.5978307162992 52.3838686181971 0 95.208287175999 26.9916252676273 74.0717094272837 53.1647305189274 80.8828818961922 23.4048997196983 42.4709687577051 123.68321808055 132.16933963345 120.631382981463 129.717796864249 77.9814526673794 113.145077028434 116.669694796932 122.644173264422 100.78450121103 81.6335614507881 129.376578452614 139.205473028108 91.42490890418 39.5215974015536 77.360028725273 178.985855102539 21.1105346244682 84.581568991477 48.5867062776453 80.7636669290717 81.9269432685564 90.5016387591804 62.9146821598979 66.1635550754047 34.8334871246559 36.2998149569115 68.6862105630489 177.034443487828 123.280227661133 151.448988031768 118.727015189157 84.0169830322266 217.792739868164 101.583290100098 181.670886882446 160.890859379981 175.892868041992 0 0 0 174.462260866076 204.397552490234 117.651452425326 161.232231423876 0 0 0 211.13465548279 0 170.491071647085 0 0 0 0 170.556676307918 151.501251316835 181.469422757908 166.833662735568 0 158.079084702824 180.710669194484 176.005531378406 197.743448355269 188.564671431052 0 0 0 127.869283804345 150.71237257274
80.9064906921726 72.1282050151062 95.1519498535998 62.0039687008263 54.3565606043814 62.5986018279038 65.4096712461387 95.208287175999 0 73.1972972597145 136.882453638115 19.5992301627641 114.000299101315 96.4320944946319 22.7759156744185 56.8100057012387 115.809019660054 139.368533767103 131.863854953928 59.5659855089019 76.110555808313 29.1126228565081 91.2552861876591 25.5403709560725 99.6974016134503 123.545907579107 89.710322489287 56.571224945129 86.3048316046566 65.4692043633602 141.359691611693 113.487926522883 73.5636959412344 88.3299456861165 113.086854561139 79.492816031771 105.753690157625 101.022149852086 104.060375563436 20.3511414782136 82.4785308027841 115.675102228892 123.400496550119 158.135105728239 115.05061302341 153.408889770508 47.4100695159197 0 0 132.101331214679 102.037693071161 147.284378051758 87.7158064564066 0 88.6137903685872 87.8254744659616 160.150478905365 33.6976495596841 94.1231345421914 170.598159790039 55.1092603097828 156.746842707589 120.908739301927 61.0025458101196 78.0243805178599 0 171.067977905273 149.141159057617 95.2728952756452 81.1843860665899 64.6583758862975 115.600073087527 63.605792909866 0 144.393794774934 137.147278863257 86.8336358761662 109.702226403048 105.677366090337 0 213.146667480469 153.819152832031 105.313870031531 135.397494369066
55.5816080231732 128.343773449746 122.952879764353 19.0226868877511 106.849541743412 30.9697219178292 22.9841253365442 26.9916252676273 73.1972972597145 0 127.248380223484 25.632255438327 54.8750427882926 44.1525516550137 62.2459588760128 117.298167439267 149.022972206288 202.758682250977 143.608896277239 13.0451257597304 114.910411048479 114.708304796256 124.441232776499 54.9216143640759 79.2495523151065 155.1848143442 132.169403277507 35.6132330394708 97.5490752811798 96.3234292694325 0 98.7461099939618 92.9515648524842 86.6947003357562 41.1399802034467 99.0308750259795 118.005109853405 98.3692881884339 104.834395192894 72.5549955256173 42.1210341521504 73.3653583645556 141.441741943359 0 0 173.726415506734 118.516625500214 0 0 182.853042602539 199.183333727616 0 89.8759487331323 133.859771728516 160.422635501651 143.664753538473 190.070851981522 100.799032576904 154.165165047528 0 46.3598823473855 0 167.660378557008 135.54023995125 158.929111805105 0 0 0 145.181219670639 170.538040232813 146.857098450448 171.396083995103 127.174078911802 202.923278808594 0 174.268856617015 143.659663068691 165.679885864258 148.056411743164 0 0 0 136.744512376927 213.092490527367
101.787266433478 66.2245172199227 81.9573973862522 158.221527099609 51.4872532932274 64.2925580805904 121.221351561395 74.0717094272837 136.882453638115 127.248380223484 0 114.634366987248 22.3581841171565 75.1593351670377 109.964301852588 138.17399533671 48.5068217364799 21.8874353523116 26.4735713451418 141.1215013734 85.6774086964961 96.0961309319325 84.1558552819778 145.341412302845 32.4917348689132 22.5603299600529 60.2231781408605 148.926968740981 70.6842665923632 100.154056702997 31.2488175739149 66.7252301139599 102.37970661594 25.908137215617 138.230491903231 75.900052728967 20.854435833576 24.7555058235351 47.5841155767226 69.3059271989136 51.7014648093089 12.8527678528073 151.787033156473 50.2464626126095 112.160865726042 128.336149777065 147.025481464287 126.128593444824 66.8184707824448 0 86.1517104533097 132.319781512886 0 0 0 0 0 170.050888061523 231.598602294922 77.8126574344037 170.229110717773 73.8905332233591 0 0 207.54866027832 0 99.9596999777274 106.384484717762 0 191.046035766602 143.709908842567 204.423313031513 178.138473510742 66.368340023959 99.1934952219306 104.203642061398 0 0 0 91.5388101842989 0 0 111.691384264592 139.880470132703
70.9014091537709 99.1762830141686 145.149364159537 35.081486017938 54.0524091907676 30.2017769994079 50.3286597146211 53.1647305189274 19.5992301627641 25.632255438327 114.634366987248 0 144.821062550563 68.7038471381677 15.0537779636195 114.63465395653 156.30649847592 143.448440551758 125.887895185016 12.5398455414608 125.824769434916 73.7868120034674 126.425252276378 30.0766770342198 136.016967773438 159.563485859382 117.992616018083 55.4446447785577 98.346932667415 110.628633043405 0 90.3196557020426 104.649669222909 83.6497271943058 15.4630780885178 107.017132943304 0 95.0262126093559 94.560835230869 25.5217146178911 92.8705809195608 100.08984375 220.732316700666 0 125.36156463623 0 65.3775324827464 0 0 0 121.834716796875 0 44.4719991886275 0 116.269755508749 111.800367016869 78.1250686645508 52.724405077634 115.9175881477 0 31.8722014509451 0 165.760655003357 79.084441861499 136.138328674263 0 0 0 42.2656418587736 193.863235473633 122.284286410014 209.54461645863 80.8109627918596 152.418769106424 0 136.877437556863 98.6342835153758 0 121.179817199707 0 0 119.257118225098 0 223.342381328825
110.984113712249 44.577262854608 92.9267910744843 0 74.68012703803 75.1323306185844 134.224565788268 80.8828818961922 114.000299101315 54.8750427882926 22.3581841171565 144.821062550563 0 84.3964008920909 140.402492451142 126.578937273461 82.5433475726086 49.4063315270866 62.8654699587019 148.190012111522 122.280388121584 79.5286783221154 117.853790577604 129.641121207119 19.7225943388436 22.8814767537517 27.5757102437588 129.86269835091 83.8055906502525 111.056358623695 9.86379728376245 79.1005226874741 0 36.7426015934843 74.204113043476 28.7211060363134 21.0001025182911 26.6589682105616 27.6109732397361 55.605735229851 17.7394794245712 11.4488504560356 87.8346565019957 42.5380815541063 58.8038829243681 54.7630709123869 124.166860840005 38.7800553390111 35.9661996904245 0 85.4244257492249 157.18100721096 0 56.0750007629395 93.4587783813477 0 0 150.262461232574 0 69.0712348165389 0 61.2241828441049 0 0 172.827796175904 109.189642229901 86.6088628820479 92.7106084193906 0 181.7626953125 116.287972473061 166.236572265625 190.73900452283 55.213997511682 83.303970542876 88.7119313477894 224.926973786886 171.024318615509 0 84.3732591362732 0 0 55.9108574254099 97.2970539766997
25.4192139993237 121.22146473166 119.226382121026 97.5262570243744 44.6495528522188 41.5987159243336 43.5559569002595 23.4048997196983 96.4320944946319 44.1525516550137 75.1593351670377 68.7038471381677 84.3964008920909 0 53.8574633849033 116.02231429226 124.55365992961 116.696911601196 119.603725880002 90.6665509456963 103.233441620907 110.923433997252 113.73375248787 97.4341270663196 110.100598663499 128.231398590635 133.175801300335 91.442966615371 33.0485482408993 65.2023715608115 129.367750598756 21.8732051344288 64.7348721727939 49.6567913764519 112.273586244264 77.9367278479145 86.680004048164 61.8669734097584 77.0808734988081 45.1794871414589 50.6799670796543 73.7468313282473 160.578034889659 92.4204025268555 139.44093321868 118.274660942266 194.078773406123 129.116729736328 0 0 0 178.042130914267 198.152938842773 0 174.519682177998 186.227634504883 216.90036335142 131.455201193839 196.242242804388 0 191.528518676758 134.510406494141 241.473790669601 0 150.920402557097 0 0 0 0 176.442549757137 152.313986186783 161.106550091224 153.349295783823 118.165023803711 154.964344505513 165.72343878945 166.01534973118 194.675682699821 144.169174194336 0 0 0 182.376975115179 160.448714451587
67.4712839933946 109.444812380718 135.977478188266 63.9191313887084 17.7604478320614 20.1288940323527 67.2925808376636 42.4709687577051 22.7759156744185 62.2459588760128 109.964301852588 15.0537779636195 140.402492451142 53.8574633849033 0 118.558648150176 149.469254986171 137.11220324283 0 54.1267230976105 113.687963264625 70.4211873344836 115.699549289994 41.5756234815697 128.265338035396 131.21854876503 117.668548632459 82.2613161599806 62.6494028219778 96.7088656602297 0 44.9952524413651 110.856500117364 50.0988842302138 13.019357391575 112.600020838714 117.529945153173 84.4822949133975 69.065683909351 12.293863847714 29.0537512969845 83.8382603518737 0 0 0 45.1772041320801 73.8545020347798 0 0 0 0 0 118.490452185236 0 110.168313014796 115.344519255611 97.2723541259766 61.023644056504 117.86095889307 0 78.6705993349028 0 149.563659667969 81.4138062351982 158.234283183561 0 0 0 119.209294441407 0 95.7963943481445 189.842506768541 90.748061355734 0 0 155.034509591656 118.267969909148 214.790451049805 171.097808837891 0 0 0 0 73.507250911134
110.099156044679 64.2636397762866 78.0412615835087 110.521517935426 132.527893066406 123.82205120944 88.6903707478223 123.68321808055 56.8100057012387 117.298167439267 138.17399533671 114.63465395653 126.578937273461 116.02231429226 118.558648150176 0 104.175129128292 150.947385524654 113.993839489031 123.299240112305 15.4957986057387 33.0554519723193 17.7108671834356 37.3465790061119 105.072542112176 101.63450607131 25.365205998823 34.3739146218109 106.099441537509 78.1698354122044 0 0 79.1391705513436 70.4430070520585 143.040757299261 74.1112785467561 55.7964437864877 77.6086454172301 79.3461747429013 80.7417217931574 87.5450416484934 112.300074444251 116.102755552157 91.321155507682 119.360408384187 137.194414767165 119.784400939941 125.673095703125 0 0 81.1847457885742 107.272981659606 157.822436187972 0 0 145.079026110447 198.725387573242 100.044021328349 171.222975066032 171.964126586914 0 124.870239257812 197.840249037151 0 82.2550102661584 140.080062866211 0 0 0 103.555263938874 53.8594784617625 95.8805092358207 114.87477580972 115.499626159668 168.211477805159 102.00241795566 120.189477873852 172.651906658325 147.977976828635 0 0 212.622314453125 133.949707411857 165.702685513734
107.99769998744 58.5631145647099 43.3981230575373 164.19889831543 168.411483764648 141.239122670636 106.869025752938 132.16933963345 115.809019660054 149.022972206288 48.5068217364799 156.30649847592 82.5433475726086 124.55365992961 149.469254986171 104.175129128292 0 49.6897538905078 17.7753037419263 0 51.5634936125154 73.3637895013472 25.7586222081725 122.203372650366 73.2240119862911 37.5082212987955 69.9144078763544 105.391971810476 107.524583409727 70.4444632054158 95.6130202743998 140.006716787355 94.7208261122816 40.7898134274424 163.84947024226 87.8555597122834 60.2430240619207 49.1361770652135 68.1516501452563 94.0480704459679 96.4443358475755 90.1927662672263 141.901497169944 114.919406425645 122.416838824103 130.987275357753 0 146.773727416992 0 0 68.3365278550774 121.034414465457 0 0 227.333801269531 228.432327270508 0 0 0 169.308898925781 0 139.284738659325 0 0 149.368403143701 0 164.798090242235 0 0 175.064995542265 114.690373620739 144.657637967464 183.230145602257 89.6172116466135 110.802277608815 111.624590514622 218.359064023944 240.082290649414 179.651748657227 164.365329676269 0 0 131.520039432935 159.473320840417
141.843938271744 69.2468507158313 83.2371973735825 0 99.7883911132812 110.467283967778 140.91357574724 120.631382981463 139.368533767103 202.758682250977 21.8874353523116 143.448440551758 49.4063315270866 116.696911601196 137.11220324283 150.947385524654 49.6897538905078 0 17.0806826028153 0 103.580113903019 102.837011189004 88.2089067506451 148.506788086317 50.6069561187399 28.2517559303943 68.5293618531034 142.441374926642 127.895544305194 114.826052028057 57.8172953928362 93.345954998884 135.061248779297 55.5554167799424 138.23095292286 85.6045321358847 50.309699164028 53.9304646117602 62.7529268974597 138.522806971438 154.812798193906 57.7463254227107 155.603438197021 69.5804703364635 117.279829717853 137.22672704459 0 0 131.661972045898 0 87.3656169359888 130.738031535706 0 0 0 0 0 211.346008300781 0 101.938836766104 0 88.374210391149 0 0 176.552795410156 146.459195774835 105.558941926605 111.60107613418 0 194.629898071289 152.730089246564 151.021199337442 0 73.7850240909488 103.407489152904 106.383332789788 0 0 0 96.7324059261312 0 0 132.681958307766 181.527186505784
123.039058783172 61.3684610229924 67.2419132856451 185.395034790039 0 149.147862821482 128.000473399844 129.717796864249 131.863854953928 143.608896277239 26.4735713451418 125.887895185016 62.8654699587019 119.603725880002 0 113.993839489031 17.7753037419263 17.0806826028153 0 0 79.352572168256 91.2671146103337 58.816331752308 142.429997955943 54.1294128927455 35.5066713438353 69.9633951585821 119.692728891877 114.81369400928 91.2164027844219 77.4375936810964 96.5027169831087 97.4836231743032 44.1270432905078 165.910131323819 87.1397805370621 49.9398249040891 47.3991887514296 62.9453442363552 128.206680330814 109.377265820229 56.1454284963631 150.137104176402 111.259002360589 121.15998160033 133.429841062892 0 0 0 0 76.3972988782656 119.122390766646 0 0 0 0 0 0 0 123.916101479101 0 100.071673131576 0 0 143.551477618548 127.583910706818 113.453220270041 120.030396382469 0 0 113.730865791633 156.130892068527 0 83.1082970939368 108.326176412856 108.121035170967 0 0 0 124.009783668412 0 0 113.032380164023 160.478064671343
74.1354023874382 0 124.036866721887 14.0729553065788 117.979525431627 49.1574587639486 48.7712854812235 77.9814526673794 59.5659855089019 13.0451257597304 141.1215013734 12.5398455414608 148.190012111522 90.6665509456963 54.1267230976105 123.299240112305 0 0 0 0 114.708488464355 105.901868000081 112.750129549717 28.4710924656884 0 0 124.605889590677 29.5736185564925 94.9710796697905 116.994802865051 0 138.141418457031 0 93.6179152445178 58.6618747834165 113.111003532199 147.665222167969 108.030182173577 104.261773585942 55.7895039368426 101.300246674186 135.701461791992 176.213073730469 0 0 0 91.2422508950302 0 0 0 0 0 23.1895369986834 0 164.509328150651 132.218617010679 0 86.7326388290538 147.107728712982 0 17.7173611594561 0 174.792236328125 105.75086445939 126.797218322754 0 0 0 134.314529820845 0 205.930068969727 0 118.930141417797 0 0 218.193914679209 138.476194982029 0 0 0 0 0 0 0
84.9525131076198 102.926534137378 65.4003263945589 137.115342311821 114.221964975051 115.967803665021 68.3414619167206 113.145077028434 76.110555808313 114.910411048479 85.6774086964961 125.824769434916 122.280388121584 103.233441620907 113.687963264625 15.4957986057387 51.5634936125154 103.580113903019 79.352572168256 114.708488464355 0 58.2163918384296 33.4741270273151 27.0354678927849 124.524639560294 89.6747703402962 75.6178427461165 26.1527440633205 84.7088556536446 28.1299085644615 0 134.781842412799 73.4355370176264 42.2481240087332 138.690491890651 70.890692069432 64.6704314569793 62.2718751781265 71.2410058661944 77.7916521458248 81.1851979974816 112.719301861598 147.981088299681 141.310555965826 157.825328066152 150.79477798402 0 171.780723642774 0 156.002693446749 127.109591197999 153.495811652024 155.43962097168 0 203.812501083391 147.963876953327 174.583358764648 102.424909122154 173.355381863337 180.974670410156 0 0 186.005869944799 0 107.840717720017 138.850370125154 0 184.84810257035 166.694107055664 117.823693427638 71.7480237341263 117.502861161328 122.518720063394 0 170.48942094058 133.424902790182 129.055562991017 157.72892432745 172.265712309213 179.81071472168 0 0 145.305530699248 164.149315836517
89.2596862427941 27.8323744287597 46.5780229502815 98.1054855109235 104.798263378864 115.712438338618 83.8722038897552 116.669694796932 29.1126228565081 114.708304796256 96.0961309319325 73.7868120034674 79.5286783221154 110.923433997252 70.4211873344836 33.0554519723193 73.3637895013472 102.837011189004 91.2671146103337 105.901868000081 58.2163918384296 0 53.9826060185594 37.6363886853934 63.4357164744803 83.6009332705824 36.4721126259425 60.6833589259479 91.7884756483631 67.2457816560798 98.3356651360244 153.474890388612 69.1145649466585 68.2948784344677 138.916551803986 66.752484643015 52.625622656586 64.7936155610437 70.0988437082519 69.0533922228853 75.1240831856984 78.0035169074873 88.5200759106977 61.4487791819905 80.2855199633209 83.1979389559589 109.843458640813 130.408050537109 122.066083490907 119.497239866841 47.454637874461 63.6305447233331 114.123455999109 0 128.032104931696 118.193552997847 155.228512803782 72.1180215794468 134.182974624685 0 106.14455493879 0 173.000418214628 104.47745513916 56.3764352684028 87.67495833213 0 0 124.722752383644 68.3168111003173 15.6890901149978 61.0536090072505 74.2887592361721 117.966514573397 106.915286733042 61.7356764383946 100.163373147961 128.746224792948 95.5600407316964 157.655853271484 0 0 113.492042461892 149.949879503702
96.4009927485697 73.6136222974205 33.0933977139714 112.496551516473 124.32600614288 125.004181853227 79.5656090830696 122.644173264422 91.2552861876591 124.441232776499 84.1558552819778 126.425252276378 117.853790577604 113.73375248787 115.699549289994 17.7108671834356 25.7586222081725 88.2089067506451 58.816331752308 112.750129549717 33.4741270273151 53.9826060185594 0 57.8127008241787 112.207588146291 65.45076716217 35.0698360226855 52.8039393292243 99.9566701648243 54.8719579554782 125.737548518202 140.15396259606 80.9960807715609 53.7487938323084 138.268678620137 71.8589139433557 53.9635624977741 63.74765307467 70.0376215915006 78.408797175816 83.5175030530891 119.197248766856 125.474691714208 102.109491348301 123.103459749396 127.950167503412 133.532469986532 133.852255378284 0 179.5972112292 81.5310880888819 110.498945503763 206.563728578488 0 184.510342682871 153.85030972692 206.67325991355 109.041079840592 188.519816834817 147.664642333984 0 145.852584838867 173.903548845238 0 99.7350418710058 153.03443704163 204.435516357422 172.403637364479 167.016709671374 120.997811538774 66.8066923304268 104.923533877245 133.112357611102 99.5653747954438 130.509773313957 104.293717486444 141.322667107879 143.175778838206 139.42436437861 181.604598999023 0 0 118.931323883761 157.537569008517
82.6329424044688 80.697924548422 89.2709504600575 23.9260752606609 72.9925534382765 75.9372394543586 50.9022972210623 100.78450121103 25.5403709560725 54.9216143640759 145.341412302845 30.0766770342198 129.641121207119 97.4341270663196 41.5756234815697 37.3465790061119 122.203372650366 148.506788086317 142.429997955943 28.4710924656884 27.0354678927849 37.6363886853934 57.8127008241787 0 112.114375417424 127.22203108001 76.1902741321888 22.8419935381945 89.2505283949475 68.7545840841573 144.396683269123 127.801447424128 72.5920685513489 77.8601417471158 133.020177459047 81.5946179498467 98.1482381726173 95.4943795109456 96.7987930720824 45.9056632700206 90.8401228967791 123.152724060601 136.94030082624 104.456114419066 140.009159592899 143.450471040642 89.7464742608406 143.991674544597 0 128.227009414947 139.820397767996 139.40226052227 116.918795656631 139.69035097602 131.202977954531 114.225769917369 154.949448632043 64.8129761789136 126.846660900605 171.310319694491 86.2439549585975 0 151.163774135654 91.9440544769517 101.348945369462 0 203.524017333984 173.668502807617 114.685704760379 110.083005988352 80.0893120458608 117.243840771171 84.3726087128849 163.940473647538 166.745914105231 137.47053323935 111.86144268289 143.898682511253 128.381710138507 0 206.803070068359 129.694372888212 136.777355813473 174.421027768801
144.397951278841 26.613542084499 79.9708157881199 0 0 86.3935391860834 146.468865346278 81.6335614507881 99.6974016134503 79.2495523151065 32.4917348689132 136.016967773438 19.7225943388436 110.100598663499 128.265338035396 105.072542112176 73.2240119862911 50.6069561187399 54.1294128927455 0 124.524639560294 63.4357164744803 112.207588146291 112.114375417424 0 42.9172937236555 30.2599278023108 134.187272242559 100.173392648987 142.271956804368 47.4676383057517 92.114383019981 143.235967148234 60.3050284411566 110.001389090182 53.4688828493712 29.6490111853758 45.2489555682538 38.5322457943088 96.0020680438634 36.942967397809 16.6827786933989 95.8138539214659 32.6298344023613 70.8414342546219 78.7822568821751 0 0 35.9792459799631 0 43.6486698900131 129.110949747676 0 0 0 0 0 177.377746582031 206.901120001791 60.5836786592582 147.254806518555 52.4409894892353 0 0 142.852111816406 89.9147491455078 71.5933663891257 76.474371626265 190.290344238281 0 0 112.89717119185 171.894226074219 36.8368521829987 64.6784806343256 64.6135400696945 177.264114379883 0 0 67.0075169196817 0 0 89.8556384524409 172.044757107886
127.652718474718 48.2929795041355 30.332256715515 131.897593006218 123.654460037444 139.191013908726 113.036859371733 129.376578452614 123.545907579107 155.1848143442 22.5603299600529 159.563485859382 22.8814767537517 128.231398590635 131.21854876503 101.63450607131 37.5082212987955 28.2517559303943 35.5066713438353 0 89.6747703402962 83.6009332705824 65.45076716217 127.22203108001 42.9172937236555 0 33.3467309918818 109.678013690864 120.889865612995 102.238493962888 18.956424595889 107.046580401619 115.415907918764 59.8236012761207 147.950012058343 82.4471980011615 50.2326595788985 53.8421251341763 63.9190317960282 113.746001930496 97.7980140978597 70.3718081730274 135.417706253026 93.2587148898952 103.971409366408 119.373944606824 146.331662352927 0 75.3499902087098 0 67.7630326029699 100.785376726338 0 0 0 238.074676513672 242.578430175781 170.529072977644 203.206893920898 102.914888778327 0 87.6074095088198 144.931625366211 0 162.9849216189 112.051637094994 101.684506155596 105.028061909493 0 122.147782263351 115.346159985127 142.451922080996 176.081046214732 70.1379127267361 94.1993402627681 93.8455343430929 194.247335912462 156.836460032872 0 105.572383889078 143.878387451172 220.725341796875 115.566838182136 149.396925223321
127.886897400787 27.5410224784918 31.8716152822893 139.045310137754 133.182381791505 145.305219501434 107.188086298424 139.205473028108 89.710322489287 132.169403277507 60.2231781408605 117.992616018083 27.5757102437588 133.175801300335 117.668548632459 25.365205998823 69.9144078763544 68.5293618531034 69.9633951585821 124.605889590677 75.6178427461165 36.4721126259425 35.0698360226855 76.1902741321888 30.2599278023108 33.3467309918818 0 75.4793041555039 124.809407889226 99.7531222441088 20.0785610971074 121.441960213376 106.559883382476 70.4406484311168 150.429720975292 79.9923486829047 56.513767364672 66.4674136982815 73.2460191442648 87.0797353104093 84.6270167806601 74.0184048977192 119.400649114225 91.8363825040418 102.625470530573 112.947904907971 131.518967979716 118.859252864887 121.388715614661 0 55.6236737228005 94.9795426468062 169.872683722188 0 178.640692988516 154.733265155452 175.786712646484 121.940425010517 197.592051779657 105.905349738069 0 87.2535365863134 193.559129896003 152.804466688956 95.1245781790015 111.80636023964 100.311266456763 103.813476705368 171.240247245356 127.273621703744 63.5768077727927 101.052905616024 135.644684679161 69.6502597774669 93.6801990346914 91.1269160514589 151.514946792556 181.080383510732 140.384002434486 104.286223314155 0 141.126586914062 111.703429502425 150.44594401219
78.2433790860016 99.0106630668413 77.6889214214738 17.5488308043611 122.481771300801 68.7615853807071 39.202628342986 91.42490890418 56.571224945129 35.6132330394708 148.926968740981 55.4446447785577 129.86269835091 91.442966615371 82.2613161599806 34.3739146218109 105.391971810476 142.441374926642 119.692728891877 29.5736185564925 26.1527440633205 60.6833589259479 52.8039393292243 22.8419935381945 134.187272242559 109.678013690864 75.4793041555039 0 87.8935422371674 42.9615805115381 0 130.110646406811 71.3214752642203 67.839022905924 133.182333470467 80.0023097549256 90.3118934449156 86.1140674425313 90.534322139373 84.8471816504902 91.4630328852711 132.426642047612 141.407037740266 141.809765637477 152.544972212988 154.917450626549 126.00744937629 163.919120261274 0 137.269146296749 111.385444754281 150.045854120679 105.48273794507 0 154.473363544015 132.059738250734 163.466313157934 86.3104641501967 148.676833496223 0 115.490648595606 0 168.589481818294 127.053598272961 109.172251286386 151.563629150391 0 0 140.738976434278 118.235102988869 89.5775041508174 126.756302911918 113.235144103108 206.485440884463 170.60977163286 142.440561553998 126.632401818986 156.324510203872 134.828683802177 0 0 156.957331661081 147.794588984739 175.140089364613
21.7078365168447 131.668490606582 113.789733518343 98.7942935096065 30.6915328254511 40.0688553539728 60.9292579796136 39.5215974015536 86.3048316046566 97.5490752811798 70.6842665923632 98.346932667415 83.8055906502525 33.0485482408993 62.6494028219778 106.099441537509 107.524583409727 127.895544305194 114.81369400928 94.9710796697905 84.7088556536446 91.7884756483631 99.9566701648243 89.2505283949475 100.173392648987 120.889865612995 124.809407889226 87.8935422371674 0 31.6840691792533 114.842625715828 15.6223916880289 21.1872710544491 38.7499361942018 115.123228055378 66.793239312953 80.5651063346124 55.3097726491 72.8161479752914 51.0220977399115 35.1120997917307 77.3210678568812 152.255437724604 179.322463989258 162.584558578076 142.669599279758 169.49438375479 158.083953857422 64.0777816772461 177.032012939453 197.505111694336 0 178.309818672478 0 211.742605199192 158.838085561211 181.094305241438 99.7108733886185 177.231811523438 0 221.287002563477 145.399168879944 195.428226175941 0 140.357109521044 0 0 0 227.661758422852 152.094395120698 114.651623102326 160.967351149238 143.06729077623 112.544773809425 167.019106428243 171.528298953991 154.502595665858 180.099232547289 171.000602485967 0 0 0 164.510068480858 157.064811779873
36.8144304612536 106.503406384556 83.6735248563794 144.981338605901 104.794604887232 87.762935972942 25.4113635583804 77.360028725273 65.4692043633602 96.3234292694325 100.154056702997 110.628633043405 111.056358623695 65.2023715608115 96.7088656602297 78.1698354122044 70.4444632054158 114.826052028057 91.2164027844219 116.994802865051 28.1299085644615 67.2457816560798 54.8719579554782 68.7545840841573 142.271956804368 102.238493962888 99.7531222441088 42.9615805115381 31.6840691792533 0 150.461029052734 120.06581218092 47.8143572895542 36.8271004400299 127.610929006492 69.5363874760607 81.432040066812 66.3947317395825 75.0223798357376 76.5470010503583 79.4720380827342 112.990582976655 147.904926637183 95.2664947509766 160.386437588071 157.764594387932 0 0 0 165.500250211903 103.583877563477 139.044735410075 0 0 166.742762649924 141.210063361209 182.268615722656 91.8528851793673 165.874245789233 0 0 0 177.347807857565 0 121.453324936377 0 0 0 0 123.533093032813 88.2895940036855 131.428461559261 127.014333087399 0 199.042967800847 143.691140832976 135.697494307508 159.485965346883 138.530541742409 0 0 120.477086566855 148.247342885888 157.54093985462
0 64.9807238821825 109.872853398891 0 0 132.569595336914 171.088302612305 178.985855102539 141.359691611693 0 31.2488175739149 0 9.86379728376245 129.367750598756 0 0 95.6130202743998 57.8172953928362 77.4375936810964 0 0 98.3356651360244 125.737548518202 144.396683269123 47.4676383057517 18.956424595889 20.0785610971074 0 114.842625715828 150.461029052734 0 0 0 79.5427404992086 0 96.9262772644222 54.4437589179607 65.7066354647289 81.8293833653152 156.44401550293 0 59.2589148694453 190.868545532227 72.3884994610598 133.476684570312 0 0 0 86.2920227050781 0 87.3661117553711 126.698020935059 0 0 0 0 0 185.435531616211 0 105.268729428249 0 86.0565558395534 0 0 0 152.80989074707 110.802258781992 121.280384611039 0 0 0 0 0 75.6619369214294 103.324678266374 107.875958128591 0 0 0 109.83465888802 0 0 0 165.244598388672
88.3177628766227 109.714386064982 130.432687609541 144.442218154758 14.9226835695405 16.7228347835574 109.016772853482 21.1105346244682 113.487926522883 98.7461099939618 66.7252301139599 90.3196557020426 79.1005226874741 21.8732051344288 44.9952524413651 0 140.006716787355 93.345954998884 96.5027169831087 138.141418457031 134.781842412799 153.474890388612 140.15396259606 127.801447424128 92.114383019981 107.046580401619 121.441960213376 130.110646406811 15.6223916880289 120.06581218092 0 0 111.927861766515 23.7555447454546 116.796674633786 74.1462382699525 69.2885926825646 47.4828271661958 58.5795676873924 34.6758050815435 20.8873269849544 64.0751781210082 104.807907104492 0 0 0 0 0 0 0 0 0 0 0 0 0 0 155.69694519043 0 0 0 0 0 0 0 0 0 0 0 191.043594360352 0 174.573226928711 0 0 0 197.176284790039 249.688034057617 0 0 0 0 0 60.9699020385742 0
39.6298733324548 118.660507202148 100.969284166775 80.0750916242347 0 105.549866024901 61.6116553389675 84.581568991477 73.5636959412344 92.9515648524842 102.37970661594 104.649669222909 0 64.7348721727939 110.856500117364 79.1391705513436 94.7208261122816 135.061248779297 97.4836231743032 0 73.4355370176264 69.1145649466585 80.9960807715609 72.5920685513489 143.235967148234 115.415907918764 106.559883382476 71.3214752642203 21.1872710544491 47.8143572895542 0 111.927861766515 0 24.9075408233234 104.468764775503 50.0234992470182 64.2906430020414 48.8979561375753 50.5119475928591 62.926666672659 57.4625183367061 69.2869873046875 165.175277709961 0 155.446746826172 0 0 182.374725341797 0 0 0 0 0 0 183.03668580289 152.388213861536 0 92.9967921693709 167.270857190839 0 0 0 181.217779699794 0 120.999938327582 0 0 0 0 131.856726704318 89.1701325391653 140.848863162412 134.879698631757 0 0 145.48652914633 136.378152057826 172.130249023438 159.07112426934 0 0 0 167.647109985352 150.288323550265
64.6441629179471 62.3662712257778 61.1999113220123 101.703838040103 14.1564182812802 34.3128186748888 75.4675006674816 48.5867062776453 88.3299456861165 86.6947003357562 25.908137215617 83.6497271943058 36.7426015934843 49.6567913764519 50.0988842302138 70.4430070520585 40.7898134274424 55.5554167799424 44.1270432905078 93.6179152445178 42.2481240087332 68.2948784344677 53.7487938323084 77.8601417471158 60.3050284411566 59.8236012761207 70.4406484311168 67.839022905924 38.7499361942018 36.8271004400299 79.5427404992086 23.7555447454546 24.9075408233234 0 97.0333103930302 55.6258093682979 33.2316413231796 17.9542617136029 34.4837478734039 36.9869578375217 11.6184548821149 24.5687238788697 135.252852734342 100.283816013765 112.922943034682 114.219466505203 120.54509466192 160.405151781405 41.9142913818359 176.999510489092 90.97170767042 106.560369869607 137.010620117188 0 0 165.365604051458 0 104.040262726864 179.327943752328 137.606693633215 124.057823181152 128.461837356325 178.916317919758 0 112.304525322004 0 126.999615039397 116.173142250824 0 122.809214777302 89.1020831816696 122.411068166186 127.834681127733 90.2789312585673 110.962378614301 111.596427423126 142.442933265738 175.112512169138 180.857009029462 0 0 189.239672726465 148.301309333654 116.583283404547
