0 111.618845866658 98.8246348978934 88.594768765467 71.5068196845485 47.4089334862174 31.0131984578876 40.5337040898092 65.7530752969691 79.6196883481836 112.673447373284 92.4857407925926 107.266496332602 17.1898630516552 78.370322929263 78.7450336137568 98.5876668352873 138.102085636525 122.383390960247 87.5923345259306 79.5910127631582 68.8666843272234 87.8617953002671 68.8294392981524 142.737100167808 122.897294700226 120.583300006774 71.7091264883921 18.9188282714594 35.2733424663573 174.698608207651 81.1190105930487 28.0890419790052 55.8421786995855 128.731377499764 65.5311141331945 90.713230045405 78.496195101172 83.2238336520504 49.0022169310472 65.5659313613508 93.1258538987837 125.220747832314 143.150017616159 133.068803770434 143.745795337789 134.818847003084 150.468412986193 0 146.187376288513 0 164.495123690552 144.384796142578 0 157.666673112578 139.351112956935 160.808212289307 92.5150835662285 155.406734018156 198.412103599286 151.591884053202 0 160.472104611999 0 129.263342579421 177.445054723417 215.090148925781 0 149.373684693841 148.755626557663 117.573800031137 149.317451759394 123.36170692042 168.099716186523 181.631802407153 169.972480802469 132.89525674503 161.953398729962 135.31379422029 0 234.948959350586 143.035808184797 149.340389188666 154.585516842957
111.618845866658 0 44.7053363268938 130.065591746951 0 119.859663395089 111.678343633101 141.775747712258 64.992906941261 127.830157934399 61.7245286054774 93.7496427806752 45.0710100824695 131.728585096855 83.2462901356273 66.1128991591224 49.2635686047088 69.2039487485481 51.5663395108937 151.481507693019 85.2132115068743 30.5178695918749 66.7894600755282 77.1184188932741 24.9240664939492 41.8982076799363 31.2977514969843 96.9903983398772 114.281906539461 95.1791372739633 64.4419871735376 208.71598815918 111.628092066531 54.4265910321517 145.167483100893 66.2748915991089 42.3728014184584 47.6099063078948 55.3656778901522 91.9901084220403 94.4591748986005 48.4764118004659 82.9472813006147 60.1901496861656 68.7479102747168 75.6413917676705 108.982562685461 0 0 0 27.248919617539 65.4191098865534 0 0 0 139.813123220003 0 126.323084643854 0 101.123561472772 0 74.1559384910249 196.191665649414 0 102.752939305647 71.2473810821419 89.0254991246737 79.3239699328721 133.877013390624 87.9889806452901 49.7278562376976 93.2982842806688 129.455804381055 63.6469162347964 58.9871284172099 61.5638017565224 156.614379423249 144.270470184734 107.512347654279 0 0 0 82.0825628221703 147.859051242703
98.8246348978934 44.7053363268938 0 118.873275977962 0 116.047306426234 91.5180594307566 119.937998507599 101.513240891396 121.351713271057 75.911582724121 0 88.7999551037974 115.338892119007 96.5773162841797 87.0020000871125 39.577720577294 83.7896732929896 64.2670609871683 0 65.9324723059673 54.916784146836 33.4337858921946 103.249264670543 76.0467624553718 30.1660684954164 37.6455595635791 78.4031488225012 103.58553990214 79.1533108268997 92.0266348375743 147.791351318359 97.6997033322522 54.1169113972076 134.926822060124 64.8274246847971 44.5383164111209 48.0629554845974 55.6355660731673 82.0741211411365 81.9035062913146 90.4913346223242 129.245183331482 96.8865743607338 110.181187676044 109.757841099393 153.9402276677 126.228989769173 0 175.713218945867 72.2033521272669 98.4911458306856 0 0 0 159.078957409913 193.022458638134 124.987044423351 190.09079978943 133.234012883042 223.804809570312 150.308899542172 160.588538595382 0 107.321034326856 115.656608282388 145.260269248132 130.281559874713 0 134.833617132456 78.3700728322978 107.430854926709 143.959806762791 96.6194360026813 112.479060700151 97.3752880789847 149.267850916069 174.078269472546 146.494018864382 0 0 153.422237458688 111.499667139363 156.905714360153
88.594768765467 130.065591746951 118.873275977962 0 86.3462219238281 61.4518001272932 46.4654854752964 94.4871044270201 70.3348652081516 24.4908576101651 162.531326293945 36.1136881034659 147.975234985352 98.1842055979876 68.1263744880764 106.535656753583 0 0 183.212631225586 12.1344886507627 132.761483490173 96.9114806999136 121.81066893326 28.3848850716321 0 172.658649901133 158.493917244148 17.5797664092865 102.305677556652 116.200178838169 0 132.057055718294 75.9151177083402 96.5945118672954 132.614639764758 103.459513142926 122.57674407959 116.817499542062 141.589637597897 84.2738505169595 103.107809839844 0 110.006097324906 0 0 175.853118896484 110.957212563199 0 0 0 0 229.038604736328 12.5588432807616 0 128.730073768833 128.226968353198 155.58901059915 88.5323511824105 49.4141950265714 127.102272033691 108.704705032578 0 160.622776321127 127.075552196905 57.1959648132324 0 0 0 35.412331286374 204.315674198237 0 148.795877930977 74.6938739622586 206.369735717773 0 162.878051757812 78.595479297074 140.881225713607 128.439920337934 0 149.66096496582 0 166.238909024216 204.810806274414
71.5068196845485 0 0 86.3462219238281 0 17.9911193673327 97.5252671927393 27.3790084060318 54.6709149136937 101.629034298178 0 48.2151563056304 78.0663299560547 48.8749289139278 18.1086332596207 0 0 0 0 98.8924789428711 148.150238037109 0 0 66.7828747599811 0 0 0 108.315735058466 21.3864157472196 114.965675354004 0 12.7686897898823 0 16.0339752699643 63.2534103393555 66.7135928627652 0 49.9291916523963 134.644500732422 10.6099119086507 10.6993255174899 0 0 0 0 0 119.55937157452 0 0 0 0 0 0 0 0 160.1959946505 0 0 0 0 0 0 0 0 0 0 0 0 0 0 0 0 106.319854736328 0 0 0 0 162.735336303711 0 0 0 0 0 0
47.4089334862174 119.859663395089 116.047306426234 61.4518001272932 17.9911193673327 0 41.2413045514408 24.8452932303498 68.2416186999125 26.6445725035773 84.657338147509 32.5938909068314 89.8504666157396 42.9413638710366 21.0312974727391 108.324802545652 128.642177430526 101.495337270857 104.568171449314 42.9473032200793 94.932107114059 92.7129671735536 104.261478415513 64.7577686660041 139.688810086098 127.206769892814 133.607134751458 59.1017633646043 52.5200866772191 79.337312743985 168.353286743164 16.8972896933763 89.5226806200293 34.6761035233693 119.344258220017 88.2998261242023 90.2625591962686 69.733932191234 93.9653977408359 18.8657784489019 20.780629365035 81.3976721143499 139.537727237259 0 171.321731567383 184.966333483213 111.550362037733 171.903697508983 0 150.885357221312 0 173.778985733989 132.254896694891 0 171.03668446744 142.624031983598 157.213500322022 101.385594079095 153.751471153757 0 113.859338060118 0 167.786973495192 149.504043579102 124.916697489882 209.193267822266 0 203.304473876953 135.783024503354 158.155772110127 137.436396439812 153.248730863439 124.492351811954 233.442855834961 199.086059570312 186.705883450771 144.030390448151 182.365274474541 162.831799786804 0 0 185.847015380859 188.401418562186 160.561666068431
31.0131984578876 111.678343633101 91.5180594307566 46.4654854752964 97.5252671927393 41.2413045514408 0 51.2712230017905 57.9957338096609 25.1472707929303 126.810498508049 57.627793661329 136.413133458519 39.1207550239095 73.8638853596987 70.8878668694161 96.2948049176646 141.21131964255 122.057027228408 49.5594825041794 67.3174207464024 68.9595040738932 77.0013235086013 50.5472026964083 135.206298961469 115.707070419839 105.367060214372 34.2357192052043 54.0493038421486 25.4356333988658 169.749227950919 106.982144870839 59.1427856775866 68.1201291873402 140.616368048456 78.1035662528024 104.427631436886 86.5867571540445 92.5416776967844 68.1432859720151 80.2895348918211 114.700240619293 134.776512155747 160.270855991814 158.344425145468 154.627469679363 111.431522409449 161.825464378266 128.866500854492 144.15281027766 139.287852495138 170.177625994355 144.57275061235 154.185668945312 154.138883501139 132.977654037878 160.684172045009 87.7754362612803 143.972100877373 0 112.683184295554 0 155.001918068625 106.657453419097 131.551747420656 173.391715370648 185.412994384766 187.087155204631 135.450908883273 145.666801090081 116.473005009318 154.117167482157 114.535318936413 211.438872204444 173.314289622934 158.272140991485 130.41909956305 161.548630759284 134.443357869014 0 214.191604614258 151.573820178726 150.345983270524 162.371461547439
40.5337040898092 141.775747712258 119.937998507599 94.4871044270201 27.3790084060318 24.8452932303498 51.2712230017905 0 79.1687641785229 38.6762208179024 75.4529251294527 67.9361237491728 70.9836357217657 21.3667153562009 35.1463442330504 109.528908650141 123.86518672985 103.385615780779 110.623648946596 82.9300516892317 99.9485262582397 96.0976939291647 107.658339280584 79.5234454320044 96.3784286714154 122.925346247098 135.897486143685 82.2965387780132 31.0575055013763 74.4198578786265 108.429086016941 21.1454696704372 68.1883577983695 42.0894479101574 137.152909750564 86.6836558466384 87.8346351986555 74.6737935081984 87.2088119409255 37.3669151447612 30.2263082596248 82.8946809986371 153.634496328519 0 132.249194452316 152.28968970363 131.507961858034 162.255239385222 221.861633300781 165.738876103451 141.531276266175 186.962316009056 156.21917911349 0 162.090333838319 152.91517293785 179.091982939508 109.698939483539 161.809387337553 0 138.285073066233 0 182.340232374436 176.352310180664 164.681255996707 215.506295742679 0 193.9167747209 149.603527688508 168.34656733076 147.348974627711 178.981639777218 132.696968895279 179.705673217773 214.427130008409 193.856900444631 151.1992486469 182.258704759346 153.798716896659 0 0 161.693244585202 169.549268785982 174.817076318974
65.7530752969691 64.992906941261 101.513240891396 70.3348652081516 54.6709149136937 68.2416186999125 57.9957338096609 79.1687641785229 0 69.5552729219937 125.369272174742 23.1218665577572 110.397584934459 79.8795597705621 24.4147740360616 63.4475928661953 114.162003530017 139.358999816214 130.517833443859 63.0702009755244 71.5783771075171 21.9132481901496 88.4645152025793 23.3089927598738 94.1258084501524 116.625375994684 88.5848078429644 52.8881359317085 78.6328101405207 65.6801496368329 127.415879449278 112.271838973957 71.2193010970306 84.9193893444387 150.364815369186 81.2656644258176 105.499690483293 94.9031381192379 97.1669260126854 19.6830333785908 92.4980786434485 115.203014280734 89.8004759875306 115.202115606805 121.871608585468 116.485095240149 52.1457070770843 109.908395421129 0 90.2007864885479 116.852392856206 138.860906403288 95.7613218381291 0 102.063509639242 89.4850140420474 113.128793702833 38.8117666893436 98.4735289106672 0 63.4996137757392 135.791229248047 111.274751441889 79.5040642877752 97.1875369188709 158.089165502928 0 163.308933912833 80.1054146638807 103.64524031593 65.4851597233262 107.781336662804 66.0812596788443 110.568455095981 141.042306263196 118.957535069692 86.1720030360983 117.331583948983 93.7688584087232 0 0 108.900986170698 108.991903344577 154.096213360682
79.6196883481836 127.830157934399 121.351713271057 24.4908576101651 101.629034298178 26.6445725035773 25.1472707929303 38.6762208179024 69.5552729219937 0 147.244617058528 26.3306395337632 132.66766129822 71.4107393965774 68.1826175648959 112.042091462328 130.889882587083 161.666782403824 150.42949802773 14.1910341561457 97.4224304655989 98.3172591951125 116.761615467599 58.5436202766586 166.770858764648 144.225026455288 138.767725266953 32.6334749077709 92.356614075426 90.5922932083805 0 115.874106098049 92.9127793704884 90.5996249126595 150.054782600271 96.9477183250967 139.133351913652 106.991694469773 114.084276180316 74.3028996926509 94.4186900770131 113.278288550349 141.985846416763 190.155896899124 195.904133542308 164.188493297169 117.028665816145 182.856678489115 0 144.250107252741 0 197.559596720845 59.3990217137454 0 157.253773579366 145.777394986461 162.415922157452 98.4242229261268 156.290639598113 0 43.741851492417 0 165.421188345629 119.696038544885 183.244855399941 219.259628295898 0 0 145.765785849305 179.202241039082 149.901141977511 176.146003757635 123.999231814807 198.804992675781 0 177.682883615321 144.817574136557 183.35017840992 156.471536615229 0 203.906158447266 140.748596191406 184.545624399185 180.667346209569
112.673447373284 61.7245286054774 75.911582724121 162.531326293945 0 84.657338147509 126.810498508049 75.4529251294527 125.369272174742 147.244617058528 0 138.755560839054 20.7916440279303 82.4510198997976 0 119.139324128442 54.8770484888137 22.1242317561349 27.9885505578818 144.017153868319 100.726624435332 95.12142293914 91.5224100229735 138.281688653128 26.1006259725913 34.7628481861362 53.3548221198418 135.448466599524 66.8887717548993 108.783992674061 34.630798530915 59.670711564443 96.8362868416207 24.9891585422363 144.258218751795 76.7732979788829 23.3851035054783 24.3296843003497 49.1835034785846 61.398954624103 55.4598755701501 13.6474764054555 138.80008441929 85.9121975958733 127.059801034277 152.437747576369 165.834213256836 146.166778564453 78.0178991038766 0 76.8682912401662 122.174229843105 0 0 0 198.364151000977 210.239025483334 0 0 85.9999685691478 0 66.4471232928278 0 0 171.842514038086 115.868166065456 94.6328288134487 99.2410971819347 0 0 148.789211663392 162.814629267864 172.788203620475 53.3216195386906 95.2059508185062 91.8865292434045 204.330493637549 0 188.590490050272 95.3743670148309 0 0 128.614106118108 166.450592458046
92.4857407925926 93.7496427806752 0 36.1136881034659 48.2151563056304 32.5938909068314 57.627793661329 67.9361237491728 23.1218665577572 26.3306395337632 138.755560839054 0 0 81.7446240004379 16.7491872826684 113.126762390137 107.405364990234 160.4345703125 0 11.5169020530392 135.309127956038 64.5994535993187 134.703020032534 29.9425509946937 146.210120992177 148.389123594879 128.262138681361 43.9180091809208 99.462656251139 118.354343293401 0 108.704569890591 129.193705269619 93.5689849954455 13.0691073491164 102.460333209835 151.198238531634 118.647942597993 121.808629986408 19.84618979824 101.652139465604 146.201385498047 53.778068098131 0 0 0 69.1283849973965 142.365850083929 0 135.646499658045 132.972076416016 0 19.9575144920103 99.2935791015625 116.495111034362 119.035038675751 182.800906799603 59.5358468801806 113.671629758181 0 37.6892508728778 0 154.651250399812 78.2478785689816 232.742889404297 0 0 0 52.4096695622265 132.7930341946 111.232973690432 169.23911890388 93.3422365605481 159.268096923828 0 218.048248291016 112.345821757897 165.387316506197 179.746839461028 0 0 159.747586857191 126.60571039018 152.669399811271
107.266496332602 45.0710100824695 88.7999551037974 147.975234985352 78.0663299560547 89.8504666157396 136.413133458519 70.9836357217657 110.397584934459 132.66766129822 20.7916440279303 0 0 82.4455352990941 117.75455278012 129.066603358124 79.8109966252435 46.029084173595 58.4051216880102 199.645233154297 128.595890175618 82.9543516596034 118.941707258514 121.397506293065 17.7124731357157 35.5705382616306 33.1670700331998 125.009777424826 70.8812592864246 123.703350560271 16.1287978450934 57.1541237497961 94.1979120406635 24.4391594713559 92.6765961354225 34.9405580556691 19.6614472198447 22.8914613284087 31.9747879571938 52.0421112142563 21.0961890668766 10.8137650026544 96.6752576700103 89.3302364688416 102.994985771077 104.100173164728 0 229.397827148438 95.9216566248244 0 71.9786275326312 114.827741785503 0 0 176.197280883789 194.907462912591 129.307281494141 119.191382426463 0 78.6150910277687 189.983474731445 61.9637688412539 170.392929077148 0 120.828338623047 112.354056052929 86.4919257613553 87.1801155046294 0 170.759078979492 94.6610768049368 152.691202584611 141.75537926489 47.1966914736615 80.5868731262297 81.2983457991934 165.079919747613 167.933151245117 163.170775398885 87.8988336149275 0 0 87.5490516569547 97.8568806179996
17.1898630516552 131.728585096855 115.338892119007 98.1842055979876 48.8749289139278 42.9413638710366 39.1207550239095 21.3667153562009 79.8795597705621 71.4107393965774 82.4510198997976 81.7446240004379 82.4455352990941 0 46.2191560857136 98.8316377271231 117.692763756187 120.807648237595 120.830477871852 86.7343705389885 94.5756160771508 84.0489413879767 102.602080392338 79.2348663030764 110.410279373932 128.078419655807 130.746494153786 83.2175994760535 30.4479480128397 66.0052599160119 175.854943317296 22.2570073322511 45.212816696565 47.8846031510873 140.633274974234 75.4222171172927 92.2327019562005 75.0315037521384 80.6823888595128 38.0111161767897 42.8181073882608 84.8377540799187 144.587534365932 176.208483155788 165.730385860811 168.495104256899 144.383835651398 195.9642897508 0 159.472037294717 196.269959723781 177.187226394827 153.073498004062 0 171.81609283863 153.512041713623 173.414481112337 112.471605470739 161.611417300513 151.67041015625 140.686803675618 108.853713989258 180.483023126418 0 150.41283834909 206.179675525839 243.134628295898 236.979958750754 156.907348874189 170.497174838098 145.097285617838 165.68685868051 132.935168553229 164.631561279297 195.564029525609 179.574101718138 146.421657514061 179.166505137455 153.437170463611 0 0 164.22872976691 162.652693177938 165.883057755472
78.370322929263 83.2462901356273 96.5773162841797 68.1263744880764 18.1086332596207 21.0312974727391 73.8638853596987 35.1463442330504 24.4147740360616 68.1826175648959 0 16.7491872826684 117.75455278012 46.2191560857136 0 100.892611521887 138.509294842963 0 0 57.1276023429936 0 65.1674845763494 113.424258780202 32.2646490174223 114.20932650729 0 124.306831598985 69.3334647204025 59.5052498001156 90.3296492816974 0 42.4191383380874 92.5616980860104 51.7115598496019 33.5497183181479 89.068160288036 0 115.569142341756 183.276115663573 11.8755322561522 37.8183105197818 0 153.698913574219 0 0 0 86.2722196272589 0 0 177.771423339844 0 0 127.334938049316 0 0 117.467904244962 0 72.8927233708473 119.345673468531 0 84.0404072622881 0 157.862477123075 0 130.07258605957 0 0 0 113.51184589495 0 0 148.596445692768 104.127491384814 0 0 154.51123046875 115.608370361619 0 137.371950452793 0 0 0 0 0
78.7450336137568 66.1128991591224 87.0020000871125 106.535656753583 0 108.324802545652 70.8878668694161 109.528908650141 63.4475928661953 112.042091462328 119.139324128442 113.126762390137 129.066603358124 98.8316377271231 100.892611521887 0 96.1006791374074 132.192230294754 111.869785380111 104.496429443359 19.4377241916199 34.5578661187333 16.7040008170999 37.7974296445652 106.294111280013 110.581273777019 28.5010611575665 37.2071945050226 79.0080910289259 64.0941689899639 142.49707991893 111.608932495117 70.2638892452222 61.6284133259907 130.596236139205 66.8744733766926 82.4085228228523 75.0165754215957 73.8061072944229 74.4415460450837 80.3630877109415 120.869277954102 101.884201235921 125.516882418245 105.208409747921 112.51130958646 117.99382847014 136.681289462901 0 128.435147933593 130.976641064603 117.084289931044 203.76467464086 149.110488891602 134.667856477282 139.290783882372 150.970706162424 81.2430838819421 161.231037965541 156.449554443359 122.683685302734 157.225921630859 137.922309704207 163.049865722656 90.7625100973979 131.319173535598 174.854396576157 151.437610651945 0 111.717068519071 56.2025992255484 96.56669242736 101.881893452066 245.801467895508 142.111654966538 105.731000707875 118.612866643759 140.848669207905 113.210709144337 0 0 147.734207817958 116.612788225091 167.004778992496
98.5876668352873 49.2635686047088 39.577720577294 0 0 128.642177430526 96.2948049176646 123.86518672985 114.162003530017 130.889882587083 54.8770484888137 107.405364990234 79.8109966252435 117.692763756187 138.509294842963 96.1006791374074 0 57.2278691313942 25.3635856962086 201.604339599609 56.5660157191977 76.7783157025094 36.1220970953372 120.599721044582 64.8979350602016 36.0829696082336 59.7002436627548 96.0411870379934 96.3276161171803 68.553289067268 88.5007740511025 117.485036151988 98.4719190944975 36.9324519723547 133.330930885644 76.1174099231779 45.9207850917006 42.7086179178593 59.0871413810304 101.575525372179 83.2798918898949 90.2667943932074 128.983146443048 104.730316850723 117.080326880992 123.054792988474 164.133035664252 116.116798400879 0 0 74.5292381292659 105.938919846442 0 0 0 185.934585808975 211.37517943934 130.03692000845 0 127.272272604814 0 130.309932000736 203.303333681404 0 123.931183825326 115.738782675001 140.124943002552 119.440026105832 0 147.463541584316 102.680092407701 132.394752035921 165.961057800015 90.9348560963243 108.743914262524 105.686742225984 167.728801052393 187.21957422637 170.43637307255 138.194189657731 0 0 111.351656756689 152.4264569966
138.102085636525 69.2039487485481 83.7896732929896 0 0 101.495337270857 141.21131964255 103.385615780779 139.358999816214 161.666782403824 22.1242317561349 160.4345703125 46.029084173595 120.807648237595 0 132.192230294754 57.2278691313942 0 18.2238877366394 179.299026489258 118.249460223157 109.002303074033 97.2123968532541 158.398088550222 44.5115202090045 29.2594654303224 58.143798203835 143.923918884082 115.07835121992 123.603321485286 49.3956585820142 88.3996089620424 160.077315215452 55.5263186426138 183.523790271453 92.3443675097975 46.6788189970242 50.0947112879243 67.7572991285777 90.5615261299703 128.069996039102 57.0564979815356 131.908583592786 98.8133380563556 149.301767693678 0 0 0 109.719497680664 0 86.4898388312617 145.27585881729 0 0 0 0 0 172.480880737305 0 90.4891450225488 0 80.7436778519308 0 0 0 122.283363097837 106.924499561054 108.740586368672 0 172.782071600171 122.257960077094 180.11564741134 242.664276123047 67.126971448481 101.103995720951 97.9620568230819 0 0 199.178588867188 102.031417540337 0 0 100.835570044589 172.435562133789
122.383390960247 51.5663395108937 64.2670609871683 183.212631225586 0 104.568171449314 122.057027228408 110.623648946596 130.517833443859 150.42949802773 27.9885505578818 0 58.4051216880102 120.830477871852 0 111.869785380111 25.3635856962086 18.2238877366394 0 0 88.070651777754 101.121703579778 74.9029869215463 137.739360206077 45.901821993443 29.1457199082949 58.5752359649068 122.080352759366 110.898043133835 97.1476899895052 61.3617855508971 81.6272739125414 136.504080666812 44.0010979503959 151.883833614748 77.3976490386773 45.2735999469816 46.3538514380747 60.5803177393961 88.2683733094931 109.354750992332 70.6453176887719 137.137868981826 94.4462928164704 136.448554550147 124.014024589481 0 140.266448974609 0 226.400299072266 71.0816201220004 115.660528442568 0 155.774139404297 0 199.320686797172 0 155.778703362899 0 103.273239871321 0 88.4705072677552 207.052673339844 0 160.581594943273 118.053272329866 112.308231674125 105.718217262778 0 155.261230847984 116.262981112666 155.625368277872 195.580594994223 71.6877459773041 98.4218057160135 100.428698093704 185.375472656635 0 155.494243010519 118.994870354859 0 0 101.142914851728 144.721135126683
87.5923345259306 151.481507693019 0 12.1344886507627 98.8924789428711 42.9473032200793 49.5594825041794 82.9300516892317 63.0702009755244 14.1910341561457 144.017153868319 11.5169020530392 199.645233154297 86.7343705389885 57.1276023429936 104.496429443359 201.604339599609 179.299026489258 0 0 163.328695531529 106.723726382895 146.913860464594 23.3913016903094 156.290451049805 0 152.342421855153 26.2068301110754 100.007123055979 138.999564268021 0 125.307932463899 93.769422798254 97.5005754747129 31.1060270748441 101.354100963391 137.690826416016 100.321049233802 117.268520430892 66.046456149786 100.094486121461 128.224716186523 107.587066650391 0 0 189.044097900391 108.597636472347 0 0 0 0 0 16.9528563436993 0 148.209028210458 156.296642050143 146.524596269627 97.2875992627888 155.560066815881 0 64.7151812024043 0 202.347686767578 0 156.454925537109 0 0 0 140.586183580936 153.261566162109 0 0 120.427308446643 0 0 222.098556518555 146.886792233433 194.442724856528 140.298379249738 0 0 0 188.541787471156 169.76053655258
79.5910127631582 85.2132115068743 65.9324723059673 132.761483490173 148.150238037109 94.932107114059 67.3174207464024 99.9485262582397 71.5783771075171 97.4224304655989 100.726624435332 135.309127956038 128.595890175618 94.5756160771508 0 19.4377241916199 56.5660157191977 118.249460223157 88.070651777754 163.328695531529 0 56.9330007776302 33.1062567062854 45.6576055334473 114.779356244374 91.1891800779769 73.3458681300831 28.741317052471 78.2306669016972 34.9622731019959 134.152707401049 122.650190569738 75.4955727454832 42.9520095636812 135.681601583474 68.2849565880674 71.1139482223417 66.1276954660074 77.0525254203005 77.9990093501605 80.7542050891886 100.029868075506 117.945983353928 138.453337655647 133.536277721605 141.672555154693 139.537593730034 144.738270941409 0 135.678557071091 142.27835292969 138.807237775549 182.13688659668 0 164.318132548792 139.092052508227 154.226700863676 100.622540351268 167.072158431031 171.214599609375 0 0 153.247388168743 0 106.298953396264 154.877879168138 0 0 0 126.398351034681 88.6042835084508 122.041690799238 118.712086571229 172.106719970703 155.963926361195 127.962452949673 132.972025233565 154.097541999221 125.468712830722 0 0 140.26416684853 130.839252748266 156.477183580883
68.8666843272234 30.5178695918749 54.916784146836 96.9114806999136 0 92.7129671735536 68.9595040738932 96.0976939291647 21.9132481901496 98.3172591951125 95.12142293914 64.5994535993187 82.9543516596034 84.0489413879767 65.1674845763494 34.5578661187333 76.7783157025094 109.002303074033 101.121703579778 106.723726382895 56.9330007776302 0 52.2453633752708 29.6370004680018 65.2863601159276 84.4766167397424 42.0164530862677 55.0246011462111 70.1866239783595 55.9139294711662 110.920288543496 134.147061536197 61.9106196763896 55.6720698771153 128.411121055931 65.2937688043591 61.0716134978657 58.9102551048452 59.2698014707386 58.7170717523119 73.962674770587 84.1484543546138 83.8610672308749 98.9931827703051 74.5052514347728 89.9981754114289 91.1572909382891 107.197627232935 0 101.658804180567 70.5421067118715 77.182266374033 133.420776367188 0 142.597773702311 102.983670638263 105.235239990896 50.9710567301609 128.921412584684 141.152589509933 79.7921679813909 132.425674438477 114.992154211269 72.6756744384766 60.7806904500398 104.504857252882 110.166778564453 104.142713716623 118.058024414897 85.5149369961956 31.1063420864543 69.6201611474571 74.5292046489641 112.965839720492 118.399834426108 67.610527453369 93.4262137314515 106.961880662359 85.2887903369691 0 152.306915283203 90.9318837009963 89.413848757146 152.498953430068
87.8617953002671 66.7894600755282 33.4337858921946 121.81066893326 0 104.261478415513 77.0013235086013 107.658339280584 88.4645152025793 116.761615467599 91.5224100229735 134.703020032534 118.941707258514 102.602080392338 113.424258780202 16.7040008170999 36.1220970953372 97.2123968532541 74.9029869215463 146.913860464594 33.1062567062854 52.2453633752708 0 65.8557294374321 105.249342093847 67.8832245302277 43.59853380196 50.8061549731061 91.3162916434273 54.0888857215293 125.603578515508 142.284805795436 80.8046931534848 48.5294649909833 135.225341768427 67.0659817334066 55.5179014283438 57.5261658459723 63.7448824077793 75.91724727192 78.3493629249898 102.216681017652 122.437208626937 113.13390397459 113.239412042212 120.774183879585 139.972479306122 136.134126315182 0 143.974059026395 111.977290740444 114.911388893876 231.986297607422 0 170.472882692794 155.574265593511 165.022803204627 100.422580480148 175.44847653451 160.698196442839 160.065984645177 154.315930389327 168.43937637474 0 99.322910622013 138.012857572647 166.789108563555 151.569796454421 0 124.339550637143 73.3308633140049 107.040898776259 124.789158454764 121.660236783842 140.740880679023 109.841847753549 141.358411501771 164.387534383182 134.082627340997 170.372343686296 0 137.621148363905 127.067248771072 155.935258996041
68.8294392981524 77.1184188932741 103.249264670543 28.3848850716321 66.7828747599811 64.7577686660041 50.5472026964083 79.5234454320044 23.3089927598738 58.5436202766586 138.281688653128 29.9425509946937 121.397506293065 79.2348663030764 32.2646490174223 37.7974296445652 120.599721044582 158.398088550222 137.739360206077 23.3913016903094 45.6576055334473 29.6370004680018 65.8557294374321 0 105.143484396389 124.004998922561 75.562969966791 18.1744720309771 78.3686286103591 62.0414435531115 148.487342665643 129.264516221148 69.0793458104142 74.1980370291918 142.317038884349 77.3771809875484 100.774577616006 95.4476162134788 95.0395764763295 37.3820933670105 86.8696087337433 105.726100770218 115.594107050323 139.561055188971 144.359077761661 137.446669347759 83.5330365509553 132.267636899963 0 119.72618970398 144.402451923687 152.382567967527 118.02330691591 108.860646226446 123.126394991626 111.533767188691 134.829931144044 65.9481308394842 122.884304036672 171.189189730607 92.1132741614545 195.445156184644 139.091069069556 92.8061890037956 106.912701962457 162.172605281003 209.936008846576 178.070476617139 110.078633949231 120.986867395944 82.6640902197431 127.194346945341 83.2921695246597 148.438773863992 171.888278723078 141.111581561149 106.187581692803 135.64131078318 111.935207270475 175.52458190918 190.501057094976 119.379184937241 131.949674724877 165.154418028197
142.737100167808 24.9240664939492 76.0467624553718 0 0 139.688810086098 135.206298961469 96.3784286714154 94.1258084501524 166.770858764648 26.1006259725913 146.210120992177 17.7124731357157 110.410279373932 114.20932650729 106.294111280013 64.8979350602016 44.5115202090045 45.901821993443 156.290451049805 114.779356244374 65.2863601159276 105.249342093847 105.143484396389 0 38.9612611822686 31.9540833269487 128.649590202546 105.991177552034 132.748670904455 44.5991369512799 71.6921132536207 118.959552052699 44.3529134977221 147.716491699219 85.0145792784843 18.7313339996654 37.4914250631434 64.6408711622162 114.321514430547 84.0230007830453 13.6605890072002 102.090642484707 49.0970511756388 83.1206962367147 81.6735261430729 150.287185668945 0 49.2728563144798 0 36.5794127042379 89.9613395735542 0 0 0 192.54415825917 0 115.155291345032 145.087005615234 57.2262442609332 0 44.6646586247025 190.118655598328 0 118.57939218991 82.1071608107013 70.6722447060853 68.2286525251295 0 105.895362854004 81.785667117473 107.885228213312 128.647411444175 26.2175666907178 60.9172912391812 57.507007724268 175.334182926336 0 119.243148803711 71.8027259346894 0 0 71.4147796080204 131.569305419922
122.897294700226 41.8982076799363 30.1660684954164 172.658649901133 0 127.206769892814 115.707070419839 122.925346247098 116.625375994684 144.225026455288 34.7628481861362 148.389123594879 35.5705382616306 128.078419655807 0 110.581273777019 36.0829696082336 29.2594654303224 29.1457199082949 0 91.1891800779769 84.4766167397424 67.8832245302277 124.004998922561 38.9612611822686 0 35.5445856825183 110.807519398811 111.192811379074 100.301824242161 25.3080936304826 91.5105963779835 113.875191576682 50.2321157988255 150.727426061671 74.9846764434449 43.7888723627815 48.6620268847961 60.853159504863 103.250290471717 102.464544627161 60.7148144037443 123.225993979327 92.2595208324414 105.302671385133 122.264380605357 146.02863717127 155.014541625977 81.7210779706354 170.673765339372 66.8629396707896 102.553178469918 0 0 0 177.245470402167 174.564855181586 138.155607227913 243.689468383789 93.6750933916287 0 77.632677796041 179.921075352964 0 133.004104263651 102.984229205361 107.378969416021 99.0923028103997 245.279403686523 146.677749941727 103.025723157087 133.638618639074 153.318015491838 63.1093202913012 91.4290923165824 90.8912444183903 178.530146666804 191.096171777237 149.651588353718 104.861491968607 0 149.332550048828 101.253938669954 151.697450272156
120.583300006774 31.2977514969843 37.6455595635791 158.493917244148 0 133.607134751458 105.367060214372 135.897486143685 88.5848078429644 138.767725266953 53.3548221198418 128.262138681361 33.1670700331998 130.746494153786 124.306831598985 28.5010611575665 59.7002436627548 58.143798203835 58.5752359649068 152.342421855153 73.3458681300831 42.0164530862677 43.59853380196 75.562969966791 31.9540833269487 35.5445856825183 0 73.6436935350072 113.446214762832 93.5795367043716 32.1235717477233 112.191245811198 100.28117826719 62.1346512105429 140.655918626869 72.4780098181219 50.2005174199179 56.5471268867405 63.4949974025972 88.4632288625212 85.8310232474788 62.3616353386242 115.762272617764 95.5318378070339 105.37811964989 110.437813921972 125.557124272071 121.128287314778 0 165.12033129309 62.3080720146347 95.3321403135642 187.562255859375 0 170.544461861599 155.066890791498 166.170086491547 133.586612600407 195.374444611042 96.690488990539 119.235702514648 83.9427523382085 180.468094502835 140.7666015625 83.2977339545175 107.009769840649 110.59460138004 102.208341995825 180.827464229253 131.933224523014 58.9078697434045 99.9856330461209 139.189155226104 65.7681884862555 94.4331587839863 92.3596204794114 141.320832281624 164.824777601934 137.843842423449 113.981546903911 163.864173890664 171.656364200499 107.980349112003 156.274356213659
71.7091264883921 96.9903983398772 78.4031488225012 17.5797664092865 108.315735058466 59.1017633646043 34.2357192052043 82.2965387780132 52.8881359317085 32.6334749077709 135.448466599524 43.9180091809208 125.009777424826 83.2175994760535 69.3334647204025 37.2071945050226 96.0411870379934 143.923918884082 122.080352759366 26.2068301110754 28.741317052471 55.0246011462111 50.8061549731061 18.1744720309771 128.649590202546 110.807519398811 73.6436935350072 0 80.6264381268203 40.9351227276594 140.651711426917 126.566357056446 69.4002094501982 64.9850467177711 137.775276724483 75.8129802114079 91.069247269612 83.4714816814154 88.3975417020099 73.6090646901627 86.0930499550535 118.488953315408 123.644134366896 141.848387165937 147.610161013959 141.569191118433 111.194642022407 164.136019746869 0 134.145018323327 150.050025978303 150.982366447568 36.6870673525582 155.711555442928 142.033686895908 128.900331247207 145.735361890199 84.7660178237653 139.815006351961 185.498119641465 112.764697129127 0 153.063790364737 111.342100786427 118.34703155841 162.317517190185 0 189.129671295609 132.803799786998 135.016299370578 96.9066095861064 132.738314991852 106.794961287343 188.268771923187 179.218365433672 145.360991144234 125.802545276669 151.786328090785 125.780016308779 0 194.504554355616 136.530781315683 143.769983880565 166.10297327357
18.9188282714594 114.281906539461 103.58553990214 102.305677556652 21.3864157472196 52.5200866772191 54.0493038421486 31.0575055013763 78.6328101405207 92.356614075426 66.8887717548993 99.462656251139 70.8812592864246 30.4479480128397 59.5052498001156 79.0080910289259 96.3276161171803 115.07835121992 110.898043133835 100.007123055979 78.2306669016972 70.1866239783595 91.3162916434273 78.3686286103591 105.991177552034 111.192811379074 113.446214762832 80.6264381268203 0 28.3284812606945 113.578179388973 12.6740330580006 18.1985919010027 35.0592481066494 126.399050699918 64.9812882395859 87.4633651083436 61.735367184406 74.4067339164668 46.6351483577122 31.740289542968 84.5382831353757 126.590150625378 135.34880065918 152.203226940047 159.505564620654 151.539544371563 165.684450932388 0 155.828181389507 179.890265539754 159.740740312971 133.226878628899 0 181.199625502099 150.118620350748 183.062514199817 107.870805289095 167.965511858922 182.71669043036 149.633381594768 103.69832611084 170.230821687425 131.511863486407 131.081238447974 200.54632363295 0 174.413208007812 183.21728515625 144.492413287992 113.254979379712 150.018089928465 131.632596397046 171.900797233758 176.269832145772 159.028065424614 144.350357331647 160.234018269675 139.905828182307 0 192.317184448242 163.958701445077 155.902652726814 145.958433870036
35.2733424663573 95.1791372739633 79.1533108268997 116.200178838169 114.965675354004 79.337312743985 25.4356333988658 74.4198578786265 65.6801496368329 90.5922932083805 108.783992674061 118.354343293401 123.703350560271 66.0052599160119 90.3296492816974 64.0941689899639 68.553289067268 123.603321485286 97.1476899895052 138.999564268021 34.9622731019959 55.9139294711662 54.0888857215293 62.0414435531115 132.748670904455 100.301824242161 93.5795367043716 40.9351227276594 28.3284812606945 0 141.42463258483 116.283184981755 49.5544731304113 37.6082115279135 135.271696807541 71.5194860544663 80.5599864152957 70.8857761126192 80.2240880865587 80.0323741624334 74.913553609669 82.4046420121104 127.987141072413 166.98004308262 134.651128445008 147.382009085632 136.200295771212 149.90826002273 162.766296881552 138.500276401657 132.131213346142 143.606996508765 139.911192891407 0 168.436903302533 141.252055014391 163.348002014872 94.253727688153 155.933918568218 153.148483276367 125.760195811549 0 159.336070056066 113.634910583496 115.752850902199 172.074437154787 200.616289202707 180.503697710762 147.144651009372 127.785285869037 91.7966382040707 131.669082591326 115.821140066496 124.918754577637 167.264654932633 140.630105152528 132.7599676224 148.228878858238 128.41566119555 182.129013061523 169.409973144531 129.200416475054 140.367074699775 160.560463229739
174.698608207651 64.4419871735376 92.0266348375743 0 0 168.353286743164 169.749227950919 108.429086016941 127.415879449278 0 34.630798530915 0 16.1287978450934 175.854943317296 0 142.49707991893 88.5007740511025 49.3956585820142 61.3617855508971 0 134.152707401049 110.920288543496 125.603578515508 148.487342665643 44.5991369512799 25.3080936304826 32.1235717477233 140.651711426917 113.578179388973 141.42463258483 0 101.998480919705 0 69.0635391780882 145.543014526367 102.951181467342 52.4756822534021 59.5274958196861 83.6194013415885 150.714989756614 139.310633012699 65.3068816429558 0 71.6524963378906 0 0 0 0 0 0 79.9646301269531 134.412223674223 0 0 0 220.49137878418 0 152.408096313477 0 96.8607744412958 0 82.6129995401627 0 0 0 155.893375697163 110.912725293561 104.639787150746 0 0 0 154.980133056641 0 73.1396238181326 102.509860924432 109.894499962741 0 0 0 108.005654990865 0 0 97.8562484353786 159.151916503906
81.1190105930487 208.71598815918 147.791351318359 132.057055718294 12.7686897898823 16.8972896933763 106.982144870839 21.1454696704372 112.271838973957 115.874106098049 59.670711564443 108.704569890591 57.1541237497961 22.2570073322511 42.4191383380874 111.608932495117 117.485036151988 88.3996089620424 81.6272739125414 125.307932463899 122.650190569738 134.147061536197 142.284805795436 129.264516221148 71.6921132536207 91.5105963779835 112.191245811198 126.566357056446 12.6740330580006 116.283184981755 101.998480919705 0 78.0713240063031 17.1750915152651 110.155948909877 77.2992584914048 70.5595831442266 47.5126849507006 65.8039537515336 36.0726253933297 14.4126790415984 64.8128961670151 0 0 0 0 0 0 105.736907958984 0 201.472885131836 223.815704345703 0 0 0 197.162551879883 0 176.087568763142 213.476821899414 0 0 0 0 0 0 0 0 0 0 0 0 0 161.803838242087 0 0 0 170.471466064453 0 214.86466795019 0 0 0 165.316513061523 161.2746952634
28.0890419790052 111.628092066531 97.6997033322522 75.9151177083402 0 89.5226806200293 59.1427856775866 68.1883577983695 71.2193010970306 92.9127793704884 96.8362868416207 129.193705269619 94.1979120406635 45.212816696565 92.5616980860104 70.2638892452222 98.4719190944975 160.077315215452 136.504080666812 93.769422798254 75.4955727454832 61.9106196763896 80.8046931534848 69.0793458104142 118.959552052699 113.875191576682 100.28117826719 69.4002094501982 18.1985919010027 49.5544731304113 0 78.0713240063031 0 24.8546039508671 119.486792125081 46.7218879804279 77.7614527997313 58.5761683039992 68.9639170784139 23.1646240775462 48.2710509385888 90.7087297581542 130.76554769159 132.436593238093 132.099824799998 173.177884332675 120.952964782715 172.196263887698 0 152.783529936236 0 163.953750545577 0 0 0 157.000366685651 182.884506225586 104.840121149103 160.123029118142 0 0 0 179.907335293936 0 113.597724526101 156.477188110352 0 0 0 135.424006714193 107.428064065297 132.318453317792 128.676377685713 0 189.478658397513 152.190310850002 133.252397480318 155.12854114371 134.544104981664 0 0 139.106196464927 149.184613017554 136.242021901508
