0 10.503642052412 117.396985143423 18.9422494471073 3.2938192486763 45.0724990963936 5750.95512738824 535.264127731323 137.793389797211 231.908310502768 44.3885988891125 18.4462662935257 8.13053044676781 14504.560765624 0.587445080280304 20.7677719891071 186.452328562737 5.20096614956856 46.8325127959251 11.8487034440041 265.853382736444 46.0896394848824 512.388581782579 156.905649960041 5.79858520627022 156.868819147348 89.633468657732 583.829637646675 11709.7032058835 2616.68319505453 1.21799302101135 13.3240357339382 222.642161220312 523.056266546249 13.5061413943768 381.653923302889 15.4780823588371 417.297384008765 66.4757280945778 70.8962559998035 41.0418974757195 1.00954860448837 9.62629699707031 0 2.00348740816116 3.64066082239151 2.75315827131271 0 0 3.355808198452 1.32373911142349 4.45957040786743 0.435433685779572 0 2.86753815412521 35.2581508457661 9.48932480812073 8.96957325935364 5.62916678190231 0 0 0 9.41330045461655 0.376188993453979 4.26525610685349 1.13387387990952 0 0 0 18.4054227173328 3.43132916092873 11.7356933355331 41.2811177968979 2.12354844808578 8.54165652394295 12.1872431635857 65.9609485268593 11.3360128700733 16.6112266778946 0 0 1.66337668895721 0.577318072319031 1.21979478001595
10.503642052412 0 1088.995318681 6.83190456032753 5.27554750442505 9.20481967926025 31.955046236515 43.4092596769333 878.170500338078 11.3325019776821 259.09478199482 14.6990361213684 385.642258375883 56.3289851844311 38.0029675662518 112.346315205097 1102.42798042297 43.1314817368984 294.592637985945 0 79.7777313292027 2018.02711078525 559.048309862614 589.285925388336 1753.53390336037 1542.27262225747 9367.59850406647 84.0833180546761 49.293462574482 53.0650019645691 23.468415915966 4.9531055688858 7.26606661081314 308.854960203171 25.5584493875504 674.865144729614 592.837141245604 914.267167419195 244.733962714672 95.0203428566456 10.1927527487278 88.759348988533 0.959913849830627 1.77025333046913 0 2.86267960071564 4.84918054938316 1.12489950656891 0.944377899169922 0.41557177901268 88.3417592048645 124.886098980904 1.13037252426147 0 1.44071924686432 4.00859636068344 0.693264007568359 4.163558781147 1.47521883249283 16.3001501858234 1.79234582185745 29.7113244235516 0 1.56808316707611 5.07346650958061 43.4028699994087 13.2379046082497 85.0541831851006 0.340758770704269 4.26085102558136 15.0996736288071 22.6057002842426 6.7358303964138 26.5432984232903 457.9822871387 657.664620041847 10.9077021181583 1.94150608778 0.700551569461823 1.35675585269928 0 0 9.58993902802467 7.53049463033676
117.396985143423 1088.995318681 0 17.4149042665958 6.51488474011421 352.111231714487 1681.77801376581 842.482440024614 118.698257535696 578.548578083515 216.796806246042 24.3573476672173 28.1689165830612 768.949718594551 10.7598249316216 158.203434795141 4040.87651112676 76.9698563814163 354.908464252949 14.0839428305626 2652.49604541063 814.718377679586 22146.7473030388 322.449869573116 21.8781953454018 12533.4640518129 15353.949059546 1323.87139925361 301.86628228426 493.220424890518 14.6937216222286 8.18788939714432 44.4571087956429 897.250500679016 90.9855793714523 2325.81168499589 1596.21296539903 2329.55419337749 761.614210098982 197.66158747673 35.7638530433178 8.17006969451904 18.611452370882 2.82945621013641 1.66521307826042 7.15091994404793 2.90930062532425 0 0 3.4361983537674 284.650262415409 1126.91952764988 2.60757577419281 0 5.30544778704643 48.4942748248577 4.19570305943489 5.99178722500801 3.91590493917465 7.74855664372444 0 5.72675746679306 10.2049720585346 1.10956901311874 52.0009889304638 89.0730602443218 7.10068371891975 43.646577835083 0 52.2654319703579 113.61001047492 312.34916394949 40.2919607758522 12.0605143606663 480.953295081854 2776.00198033452 70.9412318170071 14.5767560303211 21.7041068971157 0 0 7.04462015628815 5.17669904232025 33.1406294107437
18.9422494471073 6.83190456032753 17.4149042665958 0 10.2281991541386 421.422284722328 98.8197162747383 100.443086266518 485.209159463644 3970.70644915104 0.842207014560699 3407.73124402761 2.34355485439301 73.7276912927628 134.285542100668 15.1722767651081 2.05558803677559 0 0.503620684146881 27733.1935381591 5.26357147097588 17.3710189163685 26.7049129009247 3794.86239010096 0.639571309089661 4.52776563167572 44.4130481779575 13873.6649011672 95.0290170013905 7.92615815997124 0 4.00086924433708 6.29711097478867 45.6184312403202 31.3354724943638 156.518480807543 5.47015690803528 71.3757756948471 20.7224611341953 292.98245459795 13.5233574211597 0 49.4847463667393 0 1.14680814743042 1.2481837272644 49.3588700294495 0 0 0 0 0 338.988923847675 0.367918401956558 31.6272566318512 50.0713936090469 9.3809854388237 59.4659833312035 179.655713319778 0 200.258770406246 0 6.62385052442551 7.52294838428497 2.68478965759277 0 0 0 165.834864377975 2.9815368950367 1.13505029678345 2.88777783513069 122.053808182478 0.644871473312378 0 3.91524851322174 203.825503081083 3.38172388076782 1.36043909192085 0 0 0 4.54872319102287 0
3.2938192486763 5.27554750442505 6.51488474011421 10.2281991541386 0 3640.35585072637 43.4035713076591 2021.68449681997 64.871546536684 92.1978918910027 41.1591439843178 178.697393536568 154.881919324398 376.197793960571 2341.45585560799 1.69776856899261 1.64946746826172 5.88622704148293 9.23773521184921 31.9125519692898 4.08724716305733 10.7182714939117 13.5803079605103 73.3354873657227 2.03663551807404 21.958012342453 17.5323604345322 29.5856895148754 443.45881447196 8.72419223189354 0 2323.02358949184 0 1204.48905920982 192.413682043552 99.8111754357815 9.27657446265221 150.4861946702 53.2652817666531 5857.80749475956 3292.98022145033 2.28077530860901 0.429877817630768 0 0 0 1.54491496086121 0 0 1.14925289154053 0 0 0 0 0 3.50636035203934 0 0 1.40368390083313 0 0 0 0 0 0 0 0 0 1.50337862968445 0 0 0 1.93288499116898 0 0.965383350849152 3.27494794130325 5.66899263858795 0 0 0 0 0 0 20.9108209609985
45.0724990963936 9.20481967926025 352.111231714487 421.422284722328 3640.35585072637 0 4872.43903255463 19529.8633808792 275.336135268211 25688.9052936435 114.226588517427 5650.34182411432 149.148472696543 1565.38232502341 5345.29669213295 34.1761116087437 58.1728821694851 22.4641039073467 38.6492359936237 927.315043717623 259.963740617037 39.9385603666306 530.532155483961 551.443269640207 10.7213965654373 179.859283030033 224.696909189224 3868.76468849182 719.886011302471 171.00727519393 0 837.353998601437 14.3975592553616 695.352373808622 479.658424466848 553.121824681759 52.4823115766048 639.854272425175 159.571022331715 7724.67288923264 1070.05664283037 7.71658772230148 19.801459223032 0 2.09529906511307 3.9184478521347 13.8731415271759 1.0267471075058 0 0.683089375495911 0.724613517522812 2.27980351448059 18.7385872900486 0.785812139511108 13.210633546114 63.7384308278561 8.1354763507843 18.8563480377197 53.2675559222698 1.46307355165482 15.7641584873199 1.77018851041794 8.98744189739227 1.31342366337776 6.51458793878555 1.78500759601593 0 0.542574286460876 15.4065481722355 5.64916400611401 2.46811529994011 9.32956719398499 94.745618134737 0.464030772447586 9.44387900829315 22.7663694620132 165.797920048237 7.95415246486664 3.64942240715027 0 0 0.535502433776855 3.70624938607216 1.35645198822021
5750.95512738824 31.955046236515 1681.77801376581 98.8197162747383 43.4035713076591 4872.43903255463 0 5760.72768086195 1435.27662032843 17595.7526351213 86.9254568219185 478.024168163538 31.7346615195274 12995.5865830779 104.957577139139 262.60083720088 411.766741424799 25.4244137704372 113.088157385588 133.91459479928 1821.06384560466 222.646290570498 4227.43470582366 2417.25892648101 7.21763372421265 400.998184263706 1086.97799682617 25062.4493162334 5482.06362554431 8058.04855418205 4.09459388256073 47.289401859045 553.261035114527 1396.49148631096 175.675306111574 3284.35089719296 109.175079882145 2377.25636747479 712.649677783251 855.057741731405 227.551189154387 3.80858734250069 79.4773609340191 2.60957932472229 19.3420344591141 33.8819593787193 18.630637973547 0 0 30.2460907399654 3.79496195912361 15.2488817572594 37.1393410563469 0.329134076833725 80.0231314003468 466.678136587143 57.3785801827908 104.216532319784 153.293682962656 0.702078282833099 55.4519055187702 0.867776870727539 83.7318592965603 6.36393529176712 41.3582709431648 1.34406924247742 0.868288278579712 1.87952411174774 34.6523990035057 66.7914130091667 25.0335065424442 84.2322359383106 529.822718679905 1.42685115337372 14.9349666535854 99.3025739789009 955.806398570538 66.4820004105568 108.336929500103 0 0.999670386314392 14.5942062437534 20.257924169302 11.8376323282719
535.264127731323 43.4092596769333 842.482440024614 100.443086266518 2021.68449681997 19529.8633808792 5760.72768086195 0 263.992040395737 6574.83286973834 592.604438185692 1118.3511877954 318.757495909929 16830.1453999579 1462.04778334498 29.4686787128448 391.737721711397 97.4733937382698 215.730523437262 412.488957077265 761.955459594727 50.7977525293827 1469.97359675169 279.881338089705 40.5504822731018 733.907504022121 481.902799040079 1682.62926478684 2410.85237711668 1135.99115797877 9.54064518213272 1508.34721493721 21.4765174090862 2136.23775288463 115.780906498432 893.825057208538 127.739430516958 1346.5111143887 337.134653687477 5220.48510268331 1182.1700489223 46.4235560297966 13.1273135840893 1.69690155982971 1.82035845518112 3.64984831213951 3.04115390777588 0.749130100011826 0 1.82290995121002 6.65386426448822 13.0534679293633 4.0440588593483 0 5.40591496229172 60.7014838755131 7.57495231926441 6.83791318535805 14.3900258541107 3.03306996822357 4.77133572101593 2.15098339319229 12.0911414325237 1.42491322755814 13.7057755887508 2.01225444674492 2.29715812206268 5.07743546366692 4.15385925769806 13.0623806416988 2.88304188847542 17.0942595303059 77.4597075879574 10.9635919332504 46.1051656901836 39.6083053648472 149.373375862837 13.8328547775745 27.7175739407539 0.50856876373291 0 1.74990156292915 6.32001459598541 9.93628948926926
137.793389797211 878.170500338078 118.698257535696 485.209159463644 64.871546536684 275.336135268211 1435.27662032843 263.992040395737 0 1036.76289638877 50.7411594688892 1150.27799645066 136.622090786695 296.05119985342 1148.53903651237 99.3129315078259 77.8062804937363 9.84238624572754 32.6087928414345 299.519685089588 137.543763875961 3862.3955501914 283.23778617382 13259.7809552848 373.904328942299 173.592463076115 1339.47385704517 3877.37892726064 676.196057111025 732.163351804018 11.6731165349483 6.02392446994781 99.0569902956486 190.633470267057 33.6188869774342 682.197060376406 101.470031142235 366.068692833185 111.759640812874 1187.78377589583 29.4000361561775 21.3119156360626 38.1880187392235 1.88906919956207 5.71730068325996 17.0966869592667 36.9921190142632 0 0 18.467115521431 8.41676336526871 16.8330372273922 45.4847689270973 0 66.9909814596176 248.856213837862 25.0734501481056 297.866262108088 219.573477327824 0.387396186590195 63.7598665356636 6.27714195847511 33.5284247994423 8.33576965332031 15.6088450849056 2.09597361087799 1.0612279176712 3.88334006071091 57.868413746357 36.9220257103443 25.084492623806 24.0243187844753 534.047982275486 1.96426090598106 15.5987185835838 48.0318845510483 601.392822116613 41.057669043541 64.8507188856602 2.46717411279678 0.967507481575012 6.73561108112335 9.01534631848335 6.60757261514664
231.908310502768 11.3325019776821 578.548578083515 3970.70644915104 92.1978918910027 25688.9052936435 17595.7526351213 6574.83286973834 1036.76289638877 0 69.9069373905659 15137.3754307628 47.1721443533897 2911.07096010447 401.265139311552 75.7682493031025 59.0348426401615 17.2843547165394 44.7011225521564 17518.0311046839 358.688487112522 62.2127314209938 903.956976264715 2301.130623281 5.67977455258369 199.332902133465 429.288560479879 18222.1462437809 2027.88391560316 240.975030213594 1.58111262321472 69.8702890872955 47.3007026612759 927.161070525646 1072.94710052013 1991.4613161087 44.4136998057365 1522.80677208304 289.560735911131 1453.88713723421 224.210665941238 8.17582094669342 109.501505821943 0 6.60607093572617 14.1366138756275 112.6776278615 0 0 4.81838566064835 4.60106515884399 8.33384224772453 170.463720560074 0 140.14828363061 252.051100313663 40.6822408437729 173.665351778269 384.823829621077 0 125.695738971233 0.921822965145111 22.8988146185875 23.5221932530403 14.5981433391571 0.437396317720413 1.31545758247375 0 89.8140629529953 13.7737798690796 6.80388781428337 27.9959301948547 365.93001422286 0.856242477893829 8.84090796113014 42.1508854925632 691.267986774445 18.1266132593155 16.1353505849838 0 0 2.58056557178497 10.7747971713543 6.74693176150322
44.3885988891125 259.09478199482 216.796806246042 0.842207014560699 41.1591439843178 114.226588517427 86.9254568219185 592.604438185692 50.7411594688892 69.9069373905659 0 30.368423640728 14389.746312499 821.727457761765 9.97950673103333 29.6603552699089 962.075219243765 8420.88072183728 4912.09337484837 12.2016227245331 134.391453593969 131.928891837597 378.813786298037 46.9130824804306 2040.35400146246 12373.2121132016 3699.11109957099 84.9308020174503 604.415883332491 142.929850786924 1156.30343315005 106.408926188946 44.2368291914463 6817.79858309031 14.7356972098351 519.599152803421 5613.72894248366 7555.68508040905 303.34922426939 146.480269491673 15.9729141592979 3453.28255665302 1.5757200717926 9.50052171945572 2.86835032701492 0.650362908840179 0 0 1.17416763305664 0 23.3456056416035 9.83481398224831 0 0 0.715359687805176 0.874702453613281 0.312196284532547 8.61707180738449 1.28321826457977 139.263280957937 0 384.806884765625 0 0 2.82283028960228 6.47096115350723 69.1836817860603 65.495943069458 0 5.22009393572807 3.91233268380165 6.9650354385376 3.19316303730011 225.06739166379 376.452300339937 243.452632963657 4.38720709085464 0 0.74283504486084 17.5574466884136 0 0 14.2997563481331 3.12384879589081
18.4462662935257 14.6990361213684 24.3573476672173 3407.73124402761 178.697393536568 5650.34182411432 478.024168163538 1118.3511877954 1150.27799645066 15137.3754307628 30.368423640728 0 29.0891424119473 609.951183140278 3459.01660081744 5.72429001331329 11.5186429023743 0.977337837219238 14.4440315961838 23739.8010906577 13.1098428368568 33.9986210465431 46.7866127789021 1189.35770747066 9.64700990915298 60.3265834748745 68.1741732358932 2271.05025723577 313.384502589703 9.32756343483925 0.800102770328522 58.214221984148 2.51928728818893 243.620644956827 707.240845739841 492.728358328342 15.8689920902252 352.928540408611 57.8296692669392 3629.3901912272 81.3611334264278 6.66651606559753 35.1072966754436 0 3.32189691066742 1.24800884723663 53.3706513941288 0 0 2.94593352079391 0 1.27069532871246 55.6613301634789 1.39706802368164 42.4712874293327 53.676598161459 13.0316407978535 47.8082649707794 225.624337434769 0 612.156341046095 0.989915251731873 8.13622945547104 9.68342086672783 2.9052412211895 0 0 1.13883852958679 117.608146458864 0.41417583823204 6.38625878095627 3.71630251407623 99.4033700227737 1.6087481379509 3.15984845161438 4.09695333242416 233.575914382935 7.66346484422684 3.00636288523674 0 1.28195065259933 0.401506662368774 1.35162079334259 13.8141405582428
8.13053044676781 385.642258375883 28.1689165830612 2.34355485439301 154.881919324398 149.148472696543 31.7346615195274 318.757495909929 136.622090786695 47.1721443533897 14389.746312499 29.0891424119473 0 230.748708307743 13.7565163969994 2.98085471987724 33.475487023592 291.419266074896 120.995996803045 8.61520001292229 6.43238469958305 142.498699367046 23.7604578137398 81.0980395972729 4819.40856289864 3709.62171211839 9222.85384586453 17.7655131220818 215.13753041625 9.83065721392632 2840.66752514243 181.496115744114 0.302982270717621 3212.31487798691 23.7994089722633 1042.27395015955 4553.09399956465 2816.14695239067 1158.21136125922 155.632321357727 742.305245578289 5586.98600190878 5.98927223682404 16.7194939255714 6.28709387779236 68.6289576888084 0.791494190692902 0 17.0733171105385 0 27.4838772118092 1.62964308261871 0 0 0 1.03556105494499 0 12.5400306582451 0.80599582195282 177.266857147217 0 472.098586887121 0.7803013920784 1.98718291521072 0 3.95904648303986 42.1630038022995 27.2877066731453 0 0 0.885250955820084 2.64231652021408 7.40412881970406 239.879750162363 217.086333990097 143.076748728752 3.80597367882729 0 0 28.6450587511063 0 0 7.85722869634628 5.33373254537582
14504.560765624 56.3289851844311 768.949718594551 73.7276912927628 376.197793960571 1565.38232502341 12995.5865830779 16830.1453999579 296.05119985342 2911.07096010447 821.727457761765 609.951183140278 230.748708307743 0 150.865597188473 29.6615554094315 617.545725554228 134.975048452616 397.533280849457 247.500720649958 853.648153752089 75.9560521841049 1721.42953562737 376.381870299578 66.8775371313095 1219.07503694296 733.045433431864 1664.58968803287 8406.11996233463 2407.9949760139 9.60200002789497 1016.26624155045 60.7710582017899 2772.19649764895 76.4511221945286 1697.96721291542 179.67383697629 2005.72856670618 326.361342191696 1669.65895915031 522.449152112007 42.4355999231339 25.0389485061169 0 7.60008636116982 7.27393925189972 0.790476441383362 0.527630746364594 0 7.1783067882061 9.17216509580612 12.2792171537876 5.70661923289299 0 6.56583604216576 65.0722599029541 14.2379452884197 9.58459848165512 17.04212012887 8.30577719211578 3.50596648454666 10.2920289039612 16.0444637238979 1.85485193133354 10.8442279696465 2.48404633998871 7.49156427383423 18.1646506786346 1.46417167782784 26.5481495857239 12.0359374284744 18.0207209587097 90.7394013106823 8.64396089315414 67.0167532265186 73.5047466754913 161.400780290365 15.5637539625168 29.2230714559555 0 0 5.23549589514732 8.51115202903748 8.86482641100883
0.587445080280304 38.0029675662518 10.7598249316216 134.285542100668 2341.45585560799 5345.29669213295 104.957577139139 1462.04778334498 1148.53903651237 401.265139311552 9.97950673103333 3459.01660081744 13.7565163969994 150.865597188473 0 0.610097229480743 10.5744003355503 1.77807688713074 2.59182196855545 253.153543353081 8.69526654481888 68.5146890878677 21.256155282259 901.177065610886 15.2958357930183 17.7127168476582 67.4404842555523 300.410681009293 125.144641608 7.44069889187813 0 303.860349416733 0.867721349000931 63.9038002192974 46.0158454477787 177.830061018467 10.8127012550831 66.2179488539696 16.8504901528358 8590.78164467216 100.624626874924 2.32789608836174 11.3407548069954 0 0.992144763469696 1.52001261711121 7.50046524405479 0 0 0 0 1.91676890850067 2.52171868085861 0 6.00729903578758 5.14901873469353 2.44968536496162 2.58304309844971 17.3301252126694 0 15.7680686116219 0 1.3687669634819 4.7850456237793 1.57311779260635 0 0 0 12.4156071543694 0 1.25085234642029 0 23.1321766674519 0 0.317859500646591 2.76295512914658 24.7828008234501 2.19428893923759 0 0 0 0 1.1770486831665 0.605951607227325
20.7677719891071 112.346315205097 158.203434795141 15.1722767651081 1.69776856899261 34.1761116087437 262.60083720088 29.4686787128448 99.3129315078259 75.7682493031025 29.6603552699089 5.72429001331329 2.98085471987724 29.6615554094315 0.610097229480743 0 99.3590756654739 5.7957968711853 25.4297898411751 6.38019928336143 11823.5545338094 5681.8603888154 21742.4033195376 3026.29912465811 7.23766019940376 118.145301550627 15377.9056890607 4374.96150258183 175.061544507742 696.62829503417 2.99324533343315 1.708744764328 72.2840174138546 655.886725991964 139.917899638414 2972.83991256356 635.747172653675 1390.51256346703 767.060500234365 306.722675323486 16.0364377498627 4.28649073839188 130.190694004297 16.7110139131546 36.4095396697521 39.1050760447979 5.40062099695206 0.832589149475098 0 9.37344074249268 6.73517644405365 88.5122991204262 2.19463589787483 0 11.1611451506615 97.5226653814316 13.4009642750025 9.19556531310081 13.1693812608719 0.95290470123291 0 2.4424940943718 37.7053166031837 0.823199570178986 1172.799023211 14.6386367082596 0 1.28200364112854 1.70511820912361 669.384968131781 403.462869137526 2347.21804705262 218.325216293335 0 31.3001739382744 607.898572266102 352.83222413063 52.4186216294765 206.53779950738 1.30729484558105 0.565282225608826 15.9794636964798 52.8853437304497 21.1539514362812
186.452328562737 1102.42798042297 4040.87651112676 2.05558803677559 1.64946746826172 58.1728821694851 411.766741424799 391.737721711397 77.8062804937363 59.0348426401615 962.075219243765 11.5186429023743 33.475487023592 617.545725554228 10.5744003355503 99.3590756654739 0 394.92084595561 8622.00148817897 1.039097905159 1395.85359579325 279.959964185953 7871.54098984599 139.41207998991 134.352967858315 5308.03531941772 6779.67911294103 308.998450219631 579.420346558094 1311.89976814389 12.2269053757191 15.2652326524258 85.8780103325844 2050.05580443144 39.7890391945839 829.263882339001 475.924870103598 1687.99621337652 370.898079961538 70.6057341992855 19.4948706626892 9.1734102666378 6.20647177100182 1.48685264587402 3.13807278871536 0 1.1115665435791 0 0 0.409385740756989 141.149203002453 249.450406521559 0 0 0.54239809513092 15.8113359808922 1.90976160764694 4.6331393122673 1.41706657409668 16.0777293741703 0 20.5540755391121 1.19267636537552 0 24.8299113214016 63.5121721923351 16.6139261722565 134.446394681931 0 11.1090441942215 22.3611597418785 49.2732064723969 15.4165014922619 24.0466446280479 723.815178900957 1022.79896914959 15.1728388667107 2.62951707839966 3.49478000402451 3.2383074760437 0 0 12.1005547940731 2.01784813404083
5.20096614956856 43.1314817368984 76.9698563814163 0 5.88622704148293 22.4641039073467 25.4244137704372 97.4733937382698 9.84238624572754 17.2843547165394 8420.88072183728 0.977337837219238 291.419266074896 134.975048452616 1.77807688713074 5.7957968711853 394.92084595561 0 4270.14628434181 3.11480486392975 21.8341064453125 19.1198429465294 93.9956836700439 11.2735358178616 397.11947748065 4901.74850440025 1010.36219194531 15.1114231944084 94.0811511278152 41.9569543302059 110.970506519079 14.8089618384838 4.80459135770798 489.548357337713 9.00444474816322 169.499670416117 499.9110866189 943.03360798955 120.111150979996 17.0540525317192 4.77867177128792 45.109542787075 1.32732164859772 10.8839401602745 4.75508594512939 0 0 0 0 1.51641607284546 12.5245749950409 8.20756727457047 0 0 0 0 0 1.06886029243469 0 82.3722792267799 0 157.212241202593 0 0 0 0.727041184902191 53.8511312603951 33.925014436245 0.900776386260986 0.861529588699341 3.23931747674942 3.88320210576057 2.02493697404861 111.988124638796 259.217195272446 166.253838807344 0 0 1.20785024762154 16.3719849586487 0 0 6.31560486555099 1.62307387590408
46.8325127959251 294.592637985945 354.908464252949 0.503620684146881 9.23773521184921 38.6492359936237 113.088157385588 215.730523437262 32.6087928414345 44.7011225521564 4912.09337484837 14.4440315961838 120.995996803045 397.533280849457 2.59182196855545 25.4297898411751 8622.00148817897 4270.14628434181 0 4.40951704978943 180.563630610704 97.4295764565468 669.295864284039 37.9634080827236 601.201353549957 5421.22664925456 3198.0776797235 70.7765720188618 296.808692902327 238.232821345329 29.8373454511166 26.1810617148876 26.9551656246185 1501.59589904547 15.7467201650143 436.218886315823 398.982517063618 1748.61447414756 251.702473580837 56.7612154483795 8.3751026391983 33.3314318060875 3.24702477455139 6.14391866326332 2.85866552591324 1.18641266226768 0 0 2.7592134475708 0.792022526264191 35.1536841392517 25.4261234402657 0 0 0 2.70175796747208 0.355684518814087 0 0 68.4609076678753 0.406467825174332 111.306941986084 1.36584544181824 0 1.83335638046265 17.4808566868305 64.8352577388287 164.474084496498 0 6.34487414360046 5.93422716856003 10.3930006921291 2.00013735890388 98.569610863924 582.614221811295 479.173275649548 0.883333683013916 1.29656434059143 2.19300764799118 17.0366162657738 0 0 18.3616519570351 6.58501642942429
11.8487034440041 0 14.0839428305626 27733.1935381591 31.9125519692898 927.315043717623 133.91459479928 412.488957077265 299.519685089588 17518.0311046839 12.2016227245331 23739.8010906577 8.61520001292229 247.500720649958 253.153543353081 6.38019928336143 1.039097905159 3.11480486392975 4.40951704978943 0 4.56460466980934 7.43812412023544 15.0489781200886 1908.04401186109 3.30749449133873 22.4055345356464 34.7357006967068 6069.44595533609 199.612650543451 8.75429430603981 0 15.8382569551468 4.62076830863953 109.857101887465 121.524198353291 187.630335122347 3.78662598133087 128.389952808619 19.7584237158298 609.401486814022 31.8469498753548 0.609663367271423 25.7981737852097 0 0 4.74775940179825 31.6901655197144 0 0 0.743733823299408 1.67671692371368 0 175.290980100632 0 29.1476823985577 40.6868363916874 5.36982735991478 52.2901348471642 102.535088330507 0 80.069009244442 0.938235104084015 1.00332736968994 5.39721888303757 0.410543948411942 0 0 0 43.3964958786964 0.788119554519653 3.78640887141228 3.13957166671753 95.6845733523369 0 0.949431866407394 1.43627074360847 139.467143326998 1.71607398986816 1.87592199444771 0 0 0 0 2.35980749130249
265.853382736444 79.7777313292027 2652.49604541063 5.26357147097588 4.08724716305733 259.963740617037 1821.06384560466 761.955459594727 137.543763875961 358.688487112522 134.391453593969 13.1098428368568 6.43238469958305 853.648153752089 8.69526654481888 11823.5545338094 1395.85359579325 21.8341064453125 180.563630610704 4.56460466980934 0 1808.77759942412 32696.0039542913 982.560622930527 8.89116981625557 585.538516819477 1600.06222087145 12686.0044399202 1207.47779130936 18242.8618254066 1.671226978302 5.52198281884193 330.596610307693 5123.23464351892 314.561145991087 6412.1171310246 534.857195049524 5149.77617496252 1911.74667724967 837.760625839233 31.3413402736187 2.78279095888138 133.979080468416 8.21316757798195 19.1612573266029 41.0751330554485 2.92967653274536 1.03395450115204 0 20.8288293778896 6.77582561969757 47.2136212587357 1.72485733032227 0 4.46590688824654 95.8455769121647 14.022156059742 13.9222184419632 9.82587578892708 1.56207478046417 1.63273814320564 0 39.5424317419529 0.287758976221085 497.275633364916 5.78553393483162 0 3.83398771286011 0.430014669895172 676.38514995575 173.893607109785 620.820679485798 262.040432214737 0.401441752910614 16.0942404270172 168.530273020267 430.767158329487 81.5081767737865 248.630841612816 0 0.52784788608551 24.7510775327682 32.9867112636566 32.6833629012108
46.0896394848824 2018.02711078525 814.718377679586 17.3710189163685 10.7182714939117 39.9385603666306 222.646290570498 50.7977525293827 3862.3955501914 62.2127314209938 131.928891837597 33.9986210465431 142.498699367046 75.9560521841049 68.5146890878677 5681.8603888154 279.959964185953 19.1198429465294 97.4295764565468 7.43812412023544 1808.77759942412 0 5132.41655349731 7454.72419688106 522.973507970572 384.990916103125 8291.75201895833 1778.21316596866 328.736446589231 1051.99258688092 10.2049688994884 1.00695517659187 108.014576971531 473.181151717901 105.552994072437 1875.82201603055 910.174973487854 1449.95096331835 568.199334830046 349.622050762177 10.3441465198994 34.2656699419022 69.9572471082211 11.5464654564857 10.3320264816284 23.275207310915 1.44566130638123 0 0 4.94826343655586 27.3175004720688 157.017736315727 2.33394491672516 0 4.3829559981823 51.1388542056084 9.92698302865028 9.12176036834717 6.74904331564903 4.11422324180603 5.51889383792877 12.0036035776138 15.4440666437149 1.07623612880707 431.704271823168 2.86616653203964 1.72680309414864 4.32347470521927 0 341.937756359577 202.090897858143 653.208727687597 152.354654014111 8.01252946257591 70.9558410942554 624.875306278467 229.1233972013 30.8181537389755 110.532370120287 0.502464652061462 0.317458301782608 12.897371083498 22.3895625770092 13.1535943746567
512.388581782579 559.048309862614 22146.7473030388 26.7049129009247 13.5803079605103 530.532155483961 4227.43470582366 1469.97359675169 283.23778617382 903.956976264715 378.813786298037 46.7866127789021 23.7604578137398 1721.42953562737 21.256155282259 21742.4033195376 7871.54098984599 93.9956836700439 669.295864284039 15.0489781200886 32696.0039542913 5132.41655349731 0 1858.86190512776 17.9622417092323 2410.73689627647 26828.6285448372 11062.0353006124 1541.48374092579 7604.63803592324 4.74075952172279 13.2934564054012 295.198950648308 5113.60573065281 738.339327901602 12857.1469531059 4648.1669781208 9614.4445207417 4413.78519180417 1634.14956954122 72.5553430616856 21.6566962897778 173.169351160526 31.2973170876503 18.0450593233109 71.0871387124062 11.6148293018341 2.8327349126339 1.22197031974792 25.7919292747974 100.812854081392 865.540662556887 3.09894594550133 0 21.2507891952991 215.915032953024 35.6784390509129 17.7674155235291 27.0760764479637 3.36380672454834 3.19125732779503 6.24913194775581 55.9192008972168 0.334421694278717 1740.48346486688 58.0061874091625 0.875545263290405 21.4832839071751 3.47079703211784 553.96557277441 659.109033077955 3886.16822612286 275.070289224386 4.17101445794106 163.781301081181 3258.54673704505 418.235606729984 53.5020300447941 191.689435303211 1.04776239395142 1.74936383962631 9.65250667929649 58.2444161176682 121.826294690371
156.905649960041 589.285925388336 322.449869573116 3794.86239010096 73.3354873657227 551.443269640207 2417.25892648101 279.881338089705 13259.7809552848 2301.130623281 46.9130824804306 1189.35770747066 81.0980395972729 376.381870299578 901.177065610886 3026.29912465811 139.41207998991 11.2735358178616 37.9634080827236 1908.04401186109 982.560622930527 7454.72419688106 1858.86190512776 0 159.668441534042 231.408682227135 3911.97756251693 28006.5429996252 956.128901451826 779.342788845301 9.31995025277138 13.9712114334106 204.726206421852 418.575823307037 70.0782104730606 1430.2250674665 147.303420871496 826.936033189297 279.3286485672 1219.2727317214 70.9175518155098 16.4023217856884 320.767043709755 4.50704300403595 79.8901998400688 104.129908889532 140.651763856411 6.92415553331375 0 87.2122627198696 21.0264933407307 56.429319113493 137.75452747941 2.07986259460449 242.639722526073 1183.48097515106 158.500121176243 379.933063209057 540.077675551176 4.31299382448196 160.415623366833 3.81773722171783 210.635179072618 31.0626915693283 171.182395517826 12.3422037959099 0 8.79818516969681 119.260210186243 378.127797752619 101.806155920029 208.736715048552 1562.56449440122 9.70030876994133 35.2896969616413 174.309984654188 2720.46732184291 243.648479163647 449.808353930712 0 2.32920154929161 42.6108619570732 66.0090698003769 12.8913802504539
5.79858520627022 1753.53390336037 21.8781953454018 0.639571309089661 2.03663551807404 10.7213965654373 7.21763372421265 40.5504822731018 373.904328942299 5.67977455258369 2040.35400146246 9.64700990915298 4819.40856289864 66.8775371313095 15.2958357930183 7.23766019940376 134.352967858315 397.11947748065 601.201353549957 3.30749449133873 8.89116981625557 522.973507970572 17.9622417092323 159.668441534042 0 2535.4267527163 6413.27937167883 20.0280334055424 41.2726009786129 8.5630362033844 153.072400957346 12.4922046363354 0.690206408500671 223.15539419651 9.54048451781273 156.862422585487 1627.27763453126 594.073523372412 102.603682100773 39.891168564558 3.33119583129883 1179.75313359499 3.73089301586151 23.3738798499107 12.500085234642 4.43082237243652 1.1230126619339 0 10.4257642626762 0 74.1580281257629 6.14380884170532 0 0 0 0.414301723241806 0 8.1675922870636 2.34592843055725 335.215205550194 1.2332843542099 940.680864691734 0 1.23336327075958 1.03697681427002 9.11037290096283 132.47973972559 73.4294052124023 0 0 6.87022587656975 0.41102260351181 4.28154543042183 763.437267959118 542.62937989831 322.500488132238 4.18903735280037 0 0 68.0148279070854 0 0 24.2363595366478 0.668720185756683
156.868819147348 1542.27262225747 12533.4640518129 4.52776563167572 21.958012342453 179.859283030033 400.998184263706 733.907504022121 173.592463076115 199.332902133465 12373.2121132016 60.3265834748745 3709.62171211839 1219.07503694296 17.7127168476582 118.145301550627 5308.03531941772 4901.74850440025 5421.22664925456 22.4055345356464 585.538516819477 384.990916103125 2410.73689627647 231.408682227135 2535.4267527163 0 31476.6799124777 313.075312823057 724.970290929079 339.44682481885 1778.13667395711 71.8895111680031 39.2566354572773 2832.17096084356 79.8479045629501 2862.25007763505 3744.93277260661 6276.05512621999 1239.81875354052 201.701470941305 32.4862394630909 171.356473118067 11.8738865852356 45.1690475344658 29.4637314379215 4.02260613441467 3.58120977878571 0 6.05392611026764 0.466311007738113 276.665142923594 195.939754962921 0 0 0.615645468235016 12.938230663538 0.505202233791351 4.58706477284431 0 455.341271460056 1.36691123247147 727.759341269732 2.49846053123474 0 16.5863791406155 123.108574569225 341.240369945765 856.465278178453 0 12.330931186676 29.1659224927425 49.090141415596 19.0290352404118 627.682406425476 3431.95876327157 2934.34267559648 14.5634846389294 0.82291117310524 9.12899354100227 105.018178224564 0 0.43205401301384 141.006834506989 32.8046732246876
89.633468657732 9367.59850406647 15353.949059546 44.4130481779575 17.5323604345322 224.696909189224 1086.97799682617 481.902799040079 1339.47385704517 429.288560479879 3699.11109957099 68.1741732358932 9222.85384586453 733.045433431864 67.4404842555523 15377.9056890607 6779.67911294103 1010.36219194531 3198.0776797235 34.7357006967068 1600.06222087145 8291.75201895833 26828.6285448372 3911.97756251693 6413.27937167883 31476.6799124777 0 3853.7952786386 547.07911658287 498.27459692955 2800.30251652002 39.4575042426586 65.6277102828026 3627.16192904115 397.311601281166 10251.7103771269 6528.91253095865 11016.0129998326 3753.64847382903 857.246163219213 84.5825634598732 180.352776110172 69.1638466119766 45.583282917738 25.2436051368713 40.7779318988323 8.06179907917976 1.4197016954422 2.84474301338196 7.85038766264915 852.405378758907 2298.82766529918 6.36215478181839 0.343849092721939 20.8257330060005 180.133351325989 26.7873926758766 24.4987697899342 30.0364584624767 378.21270892024 4.98446756601334 739.636353939772 52.5418637990952 1.73453718423843 483.296590745449 283.106006234884 384.088407665491 983.229795753956 3.94648349285126 185.148976176977 552.473126679659 1977.09878969193 132.071517556906 653.373398602009 4555.65801692009 9002.63451424241 218.350156664848 17.6578015089035 68.7912905812263 93.9709227979183 0.342967689037323 2.40421801805496 160.36338981986 82.5331025719643
583.829637646675 84.0833180546761 1323.87139925361 13873.6649011672 29.5856895148754 3868.76468849182 25062.4493162334 1682.62926478684 3877.37892726064 18222.1462437809 84.9308020174503 2271.05025723577 17.7655131220818 1664.58968803287 300.410681009293 4374.96150258183 308.998450219631 15.1114231944084 70.7765720188618 6069.44595533609 12686.0044399202 1778.21316596866 11062.0353006124 28006.5429996252 20.0280334055424 313.075312823057 3853.7952786386 0 3321.89551869035 10138.0060003102 2.79394400119781 25.8190543353558 980.640046477318 2230.52322715521 283.301413327456 5051.15272560716 298.622433274984 2805.85344678164 1028.1453576684 1161.91738504171 174.27207583189 3.10705697536469 369.75504758954 7.53682544827461 71.4031213223934 108.344912499189 146.284801691771 3.01533019542694 0 117.001674175262 13.863970965147 49.1515954732895 219.462033301592 4.60472601652145 223.9310747087 1380.76262715459 164.729251593351 367.969149827957 557.680955201387 0 148.188442796469 1.36627426743507 271.887632846832 27.3626366853714 275.481853753328 7.60867774486542 2.61965194344521 5.24801030755043 153.011748880148 594.656930565834 125.689815014601 331.510461717844 1809.1031652391 1.39933848381042 15.5518794059753 198.439104408026 3058.46918049455 294.624555319548 608.458569049835 0 4.74228867888451 53.5894595682621 95.7678763866425 19.3494527935982
11709.7032058835 49.293462574482 301.86628228426 95.0290170013905 443.45881447196 719.886011302471 5482.06362554431 2410.85237711668 676.196057111025 2027.88391560316 604.415883332491 313.384502589703 215.13753041625 8406.11996233463 125.144641608 175.061544507742 579.420346558094 94.0811511278152 296.808692902327 199.612650543451 1207.47779130936 328.736446589231 1541.48374092579 956.128901451826 41.2726009786129 724.970290929079 547.07911658287 3321.89551869035 0 8697.48634207249 8.25174045562744 1753.29613482952 11511.4467996359 5367.01521217823 103.309336394072 2961.59131160378 144.080257028341 2774.54292866588 456.480037540197 1139.91204577684 992.201222449541 31.3832777738571 41.5724712610245 1.2045464515686 15.333461612463 20.1201250553131 3.04021570086479 6.52438724040985 0.603931367397308 13.9242636561394 4.43898743391037 16.3106218278408 8.63772451877594 0.43014395236969 18.7893244326115 186.253421604633 24.6028352677822 30.676608979702 17.5639991462231 1.3187663257122 3.20115739107132 7.93153494596481 43.6077979505062 0.363075286149979 51.02034547925 2.64948743581772 5.16816878318787 6.07614821195602 5.08733209967613 98.5399463176727 26.3546237945557 41.9221221208572 227.649542838335 4.74764209985733 33.6475187540054 57.6906871795654 422.671152889729 40.3396537899971 89.0976188182831 0 0 8.82196232676506 13.9968962073326 4.89566695690155
2616.68319505453 53.0650019645691 493.220424890518 7.92615815997124 8.72419223189354 171.00727519393 8058.04855418205 1135.99115797877 732.163351804018 240.975030213594 142.929850786924 9.32756343483925 9.83065721392632 2407.9949760139 7.44069889187813 696.62829503417 1311.89976814389 41.9569543302059 238.232821345329 8.75429430603981 18242.8618254066 1051.99258688092 7604.63803592324 779.342788845301 8.5630362033844 339.44682481885 498.27459692955 10138.0060003102 8697.48634207249 0 0.606039583683014 11.0566747486591 810.471511125565 5105.07569751143 97.6382045149803 1791.86702156067 149.587957501411 2061.38693517447 533.909361720085 271.609070926905 42.0290661752224 3.84480571746826 115.84141716361 6.87839511036873 27.977715164423 57.1371764838696 8.9755939245224 1.331587433815 0 39.9381998181343 6.18705919384956 26.1463438272476 3.65131834149361 0 13.3889088332653 218.490816563368 25.3164461255074 48.2976284623146 19.7548975944519 0.64781928062439 1.54339694976807 0.834394782781601 57.4904517829418 0 225.262643098831 8.14415711164474 0 4.86730316281319 3.55150485038757 459.652220159769 85.7918376624584 283.335693776608 340.339911431074 0 18.0828305780888 73.6354520320892 706.923656970263 110.074182361364 306.016896396875 0 1.56066444516182 21.3206187784672 35.4859707355499 18.5937500596046
1.21799302101135 23.468415915966 14.6937216222286 0 0 0 4.09459388256073 9.54064518213272 11.6731165349483 1.58111262321472 1156.30343315005 0.800102770328522 2840.66752514243 9.60200002789497 0 2.99324533343315 12.2269053757191 110.970506519079 29.8373454511166 0 1.671226978302 10.2049688994884 4.74075952172279 9.31995025277138 153.072400957346 1778.13667395711 2800.30251652002 2.79394400119781 8.25174045562744 0.606039583683014 0 1.04382288455963 0 53.6704325675964 0 22.3283820450306 125.621546089649 108.476017922163 16.9685233235359 0.77263069152832 0.969076097011566 23.5722907781601 0 0 0 0 0 0 0 0 1.86338090896606 0 0 0 0 0 0 0 0 18.0637468397617 0 68.1602201163769 0 0 0 1.99801027774811 10.8972780704498 9.30312380194664 0.335189461708069 0 0.725049793720245 0 1.52645194530487 41.7407842576504 45.241615653038 32.2629182934761 0 0 0 4.06944566965103 0 0 5.0695995092392 0.524738729000092
