0 120.770916954462 99.0167815457783 88.9914477972045 83.4490703542764 86.2550311913893 29.412772824082 44.7397827072295 62.9093198444418 77.0897650665243 105.445526033329 90.7170647407365 77.2474032688151 17.0668161658862 96.3612213134766 93.322625888088 99.5195450052457 119.388281144399 110.746320269594 95.8217146949181 77.1091439890339 71.718443327912 90.2171161159776 71.2065522579746 121.036554023505 114.621466547307 122.160410951213 74.8233156159575 20.7595134707251 32.5098223421314 147.823947444651 81.944225684342 29.3197053579042 50.3978625346698 116.48665267987 59.4339984260061 95.8021338172628 62.1028883069143 64.8187232952938 54.4897159747385 60.4982527547193 100.314828349021 124.457089593891 0 119.471115548122 142.714315873404 142.396308891669 0 0 121.063637775502 116.698081189062 151.330797574391 175.677032470703 0 162.659534864128 133.206134012911 148.922429107068 90.7144407501787 144.384347715491 0 0 0 147.503227493734 166.07780456543 138.166026001178 174.648927191633 0 0 0 127.729929920268 115.920898276591 140.45126118074 115.495901620344 117.725904345022 183.047844811455 165.555392778054 127.593719737083 135.606736291948 122.948162446366 0 0 129.462210434732 107.732353210449 146.075158645837
120.770916954462 0 44.1329381494522 126.784590111148 131.073600649031 125.951733788257 122.088975869698 122.339967476548 68.4032851945192 146.62428746547 62.1747440437712 100.028431970885 49.0295712795844 113.889932238844 102.14860315471 66.1829407053225 53.5422719774895 67.0826409254516 59.0426865247562 0 94.4748681946549 28.0858367525907 61.2757573813342 78.2217580601587 25.2988338809405 46.8716923849493 34.9068980844998 106.912400185189 104.05580272011 98.2375970398202 67.1785066607791 103.047191581043 105.153362408417 54.4949675950498 116.98242465052 68.7369900132949 43.3012362741174 52.3756283255319 57.0151214705282 85.3549085134575 79.5742861678178 49.9757707601782 164.735290527344 131.992849116146 0 140.101981271428 102.554102376458 147.790222167969 107.937492370605 162.488479614258 23.4377980531408 61.805163693913 148.639728448741 0 152.746117626893 164.148549884765 212.32731628418 118.478118830024 161.727028704301 78.9610609833628 153.858783556625 68.524047241847 0 109.449523925781 120.418788096167 66.0648271245588 99.374950827044 65.0885868983044 175.987518310547 131.724473378932 54.9563906099356 95.6997254045984 135.882414412741 49.179761748834 60.5672315158254 55.9064515596216 149.446170890263 141.413374481927 179.066101074219 112.954511111216 0 0 60.1895497228284 128.065773450248
99.0167815457783 44.1329381494522 0 126.8479709997 142.252703167814 115.938515024415 92.8275828188378 111.119691031724 96.8947791612343 108.007207672401 79.1635581232042 123.931472440701 89.2143219257904 109.087239443929 132.750049579632 82.3668452831182 46.7355771774212 80.5659900140217 67.1173274783358 132.711230281633 69.5479918994075 49.8196104422541 39.2365568181794 95.7262878487219 88.4764795947184 40.3555071938492 31.9353064636902 82.1919444739772 115.517664378759 78.6931710304342 87.6027400243504 134.21055152513 94.1266443867313 62.1404205923741 126.413743206108 73.5897548444763 43.5528626844593 57.9943426232901 65.5699015229475 91.6537642912919 89.9281667723276 82.0394995210422 144.84028457687 143.178814882487 150.825390401962 141.191092673028 142.454757916244 0 0 167.561469219465 58.7605661940799 92.9699852754796 186.077486691499 0 171.973164201642 159.890841326711 188.677695220682 115.829837077369 176.785103845198 137.886133547325 0 149.182213986505 172.044570599415 167.257224545726 118.917064909285 105.521724467364 138.059325727697 112.815058794026 0 146.381231397259 67.1848717121263 112.407671130046 140.433599822369 108.841208997257 100.908808319919 93.277160819582 159.1596466239 175.319330534683 154.08189006805 0 0 146.126211296616 134.149801843764 139.041925082503
88.9914477972045 126.784590111148 126.8479709997 0 106.491456545238 54.8189308729572 69.6860220567788 95.5720386755823 61.6048314682584 30.4938969525994 163.528701782227 41.3253656475171 110.946819021397 106.636894786109 69.3162076874865 78.4372966922069 149.45493981729 0 164.137619018555 12.5135357814419 101.632778696712 76.9637039679678 112.151960561594 26.2186896122097 144.386047363281 162.281264223538 122.798177955295 19.7180315393677 101.651647575035 107.156078263305 0 123.496894647439 87.1760682203591 102.606633355846 60.2683314147351 91.7364628625163 136.531452440432 101.869036525491 95.5366751445879 68.883563271055 107.326757329482 0 91.5076995232947 0 158.862609863281 169.990814208984 89.1481436989769 0 0 0 0 0 24.9984338125846 208.463119506836 144.132347735211 135.189275051963 158.037996285961 82.2878137945711 83.6011679516136 0 24.1283919398148 0 154.150413812205 105.154617819916 162.569936815988 0 0 0 31.0306278509411 147.132387390749 161.438552856445 155.655502860878 113.128358281735 202.16682434082 0 167.105455167624 134.011759258944 172.290960511211 156.3782934651 0 0 0 171.077052092449 0
83.4490703542764 131.073600649031 142.252703167814 106.491456545238 0 16.6179482046733 102.629154212995 20.0196986914562 54.3681289098363 95.5828959746842 51.739474372944 59.9659286517108 17.0182431530122 30.5621419755629 18.0682412825069 78.5615844726562 134.173942678445 91.6551059208318 82.073937588887 88.9916997077191 141.343492519342 96.4426870528138 152.725166892005 67.6780971269861 98.8688191086395 95.7002336100872 128.769168716794 113.607669338712 27.4958088396644 113.865612062381 0 11.0014673041353 0 12.3906908184115 44.5843293510279 62.0723813900009 74.8656576790194 34.1878331468814 37.7784935385716 14.9797773430448 8.47520737439865 70.0964674234857 109.207412719727 0 0 0 29.3712787628174 0 0 150.42399597168 0 0 0 0 0 146.522550114673 0 0 132.763610839844 0 0 0 0 0 0 0 0 0 137.502594681942 0 0 0 141.555171549939 0 121.785591125488 119.693127185137 176.576769133288 0 0 0 0 0 0 62.3461798079663
86.2550311913893 125.951733788257 115.938515024415 54.8189308729572 16.6179482046733 0 52.2173658391545 20.8968974711112 66.9437811984473 27.1945800316723 75.9194529537097 32.4667196279825 40.8713690473674 48.9502388327102 19.7765724481378 109.813673052149 128.844386686982 109.440760371998 116.194435049416 48.1248633392956 100.323626940965 105.238714566039 110.744250977047 70.4891172854568 113.784040698978 124.412582494637 130.012693638851 64.8349048127276 64.5175899664079 86.3606997106175 0 25.5566031155874 97.2218355727599 46.0986360231581 26.899860058766 83.5872550266442 91.7090063513438 66.4277784744445 71.4936058690423 21.1432474713163 19.3722100048172 74.1355687724008 113.408275341821 0 162.674573336611 176.187272333301 109.726616494575 207.732223510742 0 188.530838012695 209.910807179617 190.989615079989 132.744861361573 113.820610046387 151.467351519133 143.808755653623 159.773163796258 91.0101881475636 147.026270044483 193.532817576923 131.213061766683 168.287992234767 171.856326931108 108.485373800097 162.456309197619 177.146592191765 0 186.543762207031 144.838936581355 169.60766118992 125.415630513766 176.999703404236 132.485001378396 218.213302612305 160.159785032679 174.416323857482 143.135595981736 170.340353172969 152.670747339423 0 0 185.211761474609 168.188369726581 147.402206420898
29.412772824082 122.088975869698 92.8275828188378 69.6860220567788 102.629154212995 52.2173658391545 0 56.4811905039472 54.4797464365992 31.442152978182 120.471388890505 56.3784076067426 103.359716747539 43.2096052628942 76.2446067209774 86.2977560301419 101.225376422395 144.927540905046 119.919169682706 58.4569925129315 70.5123010937629 81.3110669407602 80.4783175037594 53.1615827930898 153.608688101737 121.430759170465 103.702850446631 40.1202551415932 63.3869940427551 30.5734294651012 155.70391704683 109.09599849591 59.6406527237671 71.1593534509541 122.66089576182 77.2220713455808 97.2163233920326 78.34684231749 81.7761641586993 77.9015682713944 84.9742102897388 142.659435156758 122.986109051731 100.928782732509 138.504618582703 138.737383394529 120.590143885142 0 0 130.349164629925 172.228512374009 166.996398770943 134.024838144327 192.896041870117 136.374127038706 122.028545857154 144.196014720588 79.1835784571502 137.948960858183 189.805801391602 125.73037785968 197.358291625977 145.985035818847 116.428392036223 140.419719680104 181.300262331973 183.245147705078 193.87084874228 134.584114737725 140.925967782482 105.64439319084 152.414499344366 111.221651201623 137.429672241211 177.676642670534 158.122574401895 122.303089939503 142.386036538125 126.261846494079 0 173.827621459961 133.229659753513 139.284989729766 171.375568675092
44.7397827072295 122.339967476548 111.119691031724 95.5720386755823 20.0196986914562 20.8968974711112 56.4811905039472 0 79.0847943905861 47.2449202955006 66.9100732176557 71.2076965137745 42.5120564234577 22.591171626685 32.6681362698411 114.277937264765 115.332673746821 97.272713791805 102.106296748324 78.8287288608985 94.0677403512573 108.010476378588 104.958556337596 89.1580880516409 91.4070030003955 110.412242641115 120.231702584845 85.1432155113773 38.3403982469951 77.2658166558628 118.916559043186 25.9011532142574 98.6091428620422 37.6215784893313 83.7748615023823 75.3195324616507 75.1663973103683 59.0581239515947 64.5695050838948 26.5798813265998 21.1164472949981 56.7519344620816 151.633885754425 122.434616088867 168.415415263492 173.751371820571 156.159173176621 202.332662785925 0 147.719217958973 129.934136349534 168.751318004963 136.60045209173 0 161.91752064658 147.127079066822 176.91835678899 100.003725458736 173.353683121901 126.358061218651 127.416333526521 154.381639690882 170.410780623036 167.922768090499 152.277630335131 145.356443829313 137.582674525828 156.270022547952 146.481436372604 156.837590970622 132.371725630907 170.833817017997 139.888331231774 111.688897999912 155.517177740804 167.823966392488 144.860848006237 173.268675590953 149.288790686944 161.588043212891 0 143.929300868711 178.262683254715 188.180398916204
62.9093198444418 68.4032851945192 96.8947791612343 61.6048314682584 54.3681289098363 66.9437811984473 54.4797464365992 79.0847943905861 0 70.5565710083462 122.9788626035 25.8070506996839 115.576596548226 82.5471389774638 23.7387167705071 63.8036246492877 116.834134951643 131.907224901275 132.970975897047 56.9220427931237 67.5409174764214 25.7273291806586 87.4515379301969 23.9892050421269 99.1369926485122 118.359202756971 99.651296095642 55.7517426547983 75.1829888914421 56.157616803828 134.50807594743 116.322963438361 62.0588850973954 81.3837146059324 136.183958834109 70.6694794200024 100.827280577872 86.0488558462464 88.1209732803767 24.3818418135697 79.9204893880604 123.479655096428 93.3532720010597 61.3715476989746 119.199619230595 94.4670984413508 48.4536475393338 0 0 85.0683366029079 78.0684125988762 139.923904182271 76.7129100887488 0 87.3322106149266 77.0730926914458 91.477428672098 14.5133633690488 81.9892149099418 191.314971923828 62.1795113051222 148.348012536458 97.097555591162 67.9005516769813 113.379872332708 205.547163780786 228.742263793945 177.267218378504 76.6458775744133 98.1092540544741 51.0392701733891 115.912695242237 52.6122855412661 111.405939759392 170.138666862228 141.751164595496 75.7429903449129 97.5592252606577 79.195253960433 164.229689825438 194.863006591797 99.5203144178411 102.701337377329 146.873238233991
77.0897650665243 146.62428746547 108.007207672401 30.4938969525994 95.5828959746842 27.1945800316723 31.442152978182 47.2449202955006 70.5565710083462 0 126.454432020261 22.2114613068629 105.355711306223 66.8589248519639 71.654945368341 105.272170850049 142.043482159923 158.856336077421 148.972386995727 15.4883927953742 89.4764622212377 99.3330648418043 102.45417416949 59.0785867117782 163.050832978271 139.582127098443 127.411897951138 42.1036723491953 88.3229008533194 79.8867746860102 160.950158824667 113.650972825901 84.7909889470206 86.5558725201817 21.4828471815271 90.2463331547023 124.097621041795 89.1442140629694 93.5884120529228 71.6585931785201 90.4597053739297 122.426295793881 107.898824063964 0 179.939975706452 168.541514344841 99.5462489025796 0 0 145.219964665336 168.373507309213 168.119995401891 124.080543356507 0 149.644804780407 141.940917943625 157.635686969035 88.3451493010312 150.587104761817 0 132.705634950484 204.765823364258 165.733670796111 126.017433865376 159.871891928493 198.139450073242 209.08430480957 0 139.612297497549 160.778296995895 164.37702920193 171.901386480593 124.138555599824 163.183822631836 204.289283307491 184.311324832916 140.952526143914 175.161158835664 162.290304489286 0 0 150.072732040078 167.332983777238 152.998458818505
105.445526033329 62.1747440437712 79.1635581232042 163.528701782227 51.739474372944 75.9194529537097 120.471388890505 66.9100732176557 122.9788626035 126.454432020261 0 126.790829688607 17.980673949233 70.2534505773678 87.8912338431897 118.855737580678 49.2160353877695 23.9966734862587 27.0561930098999 135.507281095057 99.6191976125124 89.3821871399722 84.2304364333166 136.888396808394 31.4456951712517 33.0925982317114 58.5785389361315 125.556393323436 71.732521700674 95.5922361251656 36.374539435622 59.3326746291695 90.8134088735086 22.2313838044501 140.382124368458 78.9476842178155 21.7328511839719 26.4531910073705 50.6955102487728 65.5023361834223 53.719781435722 17.0650318597666 187.65660227375 91.4340222510057 112.797061484483 224.889801025391 0 0 61.0721778869629 0 91.8360417954256 126.360759306508 0 0 205.006240844727 200.676987799156 239.275421142578 151.755821401724 195.64404296875 76.6233842230275 0 62.4926028862568 0 0 170.534080649195 131.179203444913 99.2777277476294 107.470003808274 0 178.647905158977 123.9763486307 167.16293001968 178.324282612881 53.9968113458292 98.2365081652479 100.792219725065 192.80218415143 0 168.803414878955 88.1688809361571 0 0 104.21768602717 150.459970693814
90.7170647407365 100.028431970885 123.931472440701 41.3253656475171 59.9659286517108 32.4667196279825 56.3784076067426 71.2076965137745 25.8070506996839 22.2114613068629 126.790829688607 0 102.866948279427 88.1778101576263 22.1754167659848 99.2632543934245 158.053075935105 148.450714111328 132.415487769083 16.4414182322094 103.395915166888 75.5553479996894 118.989834461183 38.6556590264705 135.667762212068 154.57495351954 135.049916948465 55.3160929033497 96.6170910555822 122.811179064876 190.909576416016 100.695810128649 91.5805686476641 93.0891068530246 17.3431725157373 69.2803326501135 121.644156230987 92.0892225381817 97.8366569562633 32.3240417094037 88.272280913987 127.267187260717 67.9714139134182 0 127.474235479192 79.3555908203125 70.5396325118143 0 0 103.252284203652 0 173.438919067383 82.008523105043 140.610397338867 102.81259940311 123.609134232629 124.581549396731 76.9932068296007 85.3666932254179 0 19.5172060358178 213.737030029297 146.203953800934 103.680370962233 170.828330895103 0 0 191.583618164062 58.5995945776536 225.54963684082 124.995462498529 166.380259452776 95.5926423212487 149.024216002256 172.150138527123 189.209195686215 120.14716315246 140.989883094364 193.872061648068 0 165.242698930968 197.212142944336 226.502365112305 7.95348566794401
77.2474032688151 49.0295712795844 89.2143219257904 110.946819021397 17.0182431530122 40.8713690473674 103.359716747539 42.5120564234577 115.576596548226 105.355711306223 17.980673949233 102.866948279427 0 57.7702888162431 88.0297411918849 117.682902760614 93.4053198210401 49.1215535009977 61.1062905634623 100.336934051043 106.495783625996 81.2519800013931 121.458691747478 124.775276657867 18.3090268891271 26.3803148595476 21.4092931769067 125.559776273985 37.0061524493825 113.044325135375 11.624577490189 24.1724447930691 130.967514038086 13.5695023861902 76.5084159421327 24.7477900069593 16.9222737026654 21.9596598321276 16.7336414661558 37.4935186104674 12.1618281022088 11.1948396542782 35.6969032464272 46.4780592000537 50.0896978211767 21.4787813877976 209.602462184428 0 20.5843471230679 0 72.1128739391229 122.758464413066 0 0 0 190.850502552549 0 138.663683147169 185.409744262695 63.190473716538 0 52.5150491162741 164.747543334961 205.985119381179 0 116.058950801179 92.674406755746 100.810879592235 0 0 109.949918398049 162.638350315077 173.176476891227 45.4934355486488 84.4494093360622 84.7142751871935 190.059436187102 0 0 85.1827215609725 0 0 90.3790369294747 84.1497665630283
17.0668161658862 113.889932238844 109.087239443929 106.636894786109 30.5621419755629 48.9502388327102 43.2096052628942 22.591171626685 82.5471389774638 66.8589248519639 70.2534505773678 88.1778101576263 57.7702888162431 0 47.5925511512003 112.057697882241 112.320522684079 96.2218048067266 96.515724894049 92.07416992948 92.4446379072809 98.5233484527087 102.146786470947 92.3901916805821 96.7007030957238 104.6413473323 115.006374016082 87.1750228991503 35.3172190970083 67.4813830119464 94.4046440413835 30.5536980671286 72.0598436820436 46.4681728563193 110.018799294518 68.3546484736067 77.0088200907557 56.1289096421909 69.7075211040394 38.9159816556018 37.2447023253195 69.1093912146234 155.3374210878 0 151.205944574985 157.091340516359 178.892791748047 172.489242553711 0 144.223558983122 127.428498192744 164.189542510275 169.101053641674 0 163.038549609015 150.459913208854 174.519074046867 92.1515442327644 176.966255151137 153.219708272459 171.850529913257 138.253066829028 173.416391179316 157.61609633715 153.7830872642 177.842561702806 150.450578696187 147.441937747406 135.483347303572 146.893781804707 124.502550305517 167.864310627371 140.361403956124 108.307345803632 151.233943511462 157.695818557465 148.902088580848 169.303623504961 146.533408331522 0 0 158.845101793744 162.443820355712 124.482288314396
96.3612213134766 102.14860315471 132.750049579632 69.3162076874865 18.0682412825069 19.7765724481378 76.2446067209774 32.6681362698411 23.7387167705071 71.654945368341 87.8912338431897 22.1754167659848 88.0297411918849 47.5925511512003 0 114.131446838379 146.69421801573 93.3194288888315 119.798510043064 56.2538278756937 115.753988870893 68.9635075400011 128.719319904435 39.4532267300258 126.222528270527 138.992813453366 133.370442550137 81.00464525012 54.4787177370073 110.419036881019 0 38.6540456908239 104.998188751873 47.2471670634371 48.8372335382948 46.7879865773728 96.8425734215445 64.0975725107689 63.3562813472852 13.2319289131743 28.7224858794416 148.330696410362 84.6990595398572 0 198.733825683594 190.309722900391 69.107273969526 0 0 0 0 155.811859130859 106.552024154149 0 131.522739291982 122.101975179521 103.849869289816 48.0534709661249 127.591344234853 0 91.7450820857559 0 172.298128368197 120.479721726718 162.662807727222 0 0 0 112.033614419775 0 178.785263061523 0 98.5723351070775 0 225.069580078125 153.688977858061 126.325819278378 188.671740101445 0 0 0 0 161.770022261006 54.0422630310059
93.322625888088 66.1829407053225 82.3668452831182 78.4372966922069 78.5615844726562 109.813673052149 86.2977560301419 114.277937264765 63.8036246492877 105.272170850049 118.855737580678 99.2632543934245 117.682902760614 112.057697882241 114.131446838379 0 104.759730800249 142.503349555479 116.644138736963 98.8367326043021 20.4207764042781 35.4096347900398 23.3560865396709 37.3155998816657 112.313225213508 105.136920693236 26.436898773323 38.6468110543843 87.3878625950892 72.3374317521204 119.269113866885 142.731325610761 72.2506096174223 66.0178075676005 132.436755193064 73.2605344232431 53.1963648903377 76.0506266432304 77.0461841315535 84.0006351564493 89.5056435059711 136.427041086128 111.751913953583 91.2606347061138 110.091536631175 116.622691400916 134.809545348903 155.456466674805 0 122.059298426579 76.3734308707434 113.609929763488 139.459313607347 0 170.132443745772 135.667285177395 157.470571741779 112.419765937529 163.609808264629 179.350481009017 0 162.194168788463 150.904530297426 179.256134033203 98.340841015872 131.428060396233 0 160.484053793605 117.432155066641 114.295983778715 59.1773834999859 103.119738629181 105.27453730803 0 138.772360626019 103.088315295299 114.391649523476 130.943989804082 117.523214205927 185.890075683594 224.417465209961 118.7515427439 108.19469753977 145.391328521161
99.5195450052457 53.5422719774895 46.7355771774212 149.45493981729 134.173942678445 128.844386686982 101.225376422395 115.332673746821 116.834134951643 142.043482159923 49.2160353877695 158.053075935105 93.4053198210401 112.320522684079 146.69421801573 104.759730800249 0 47.4364580572205 18.4732969708884 192.933898925781 62.2685500580351 76.1615461676742 32.1362105325139 125.211361177038 60.7295494059804 42.3888765274225 68.3081695957014 103.156740745536 99.3376332430577 70.2497083484529 88.9359264911063 92.0586121607092 84.7114116267266 38.0493595439329 133.080411504719 75.7105112916383 51.2097247743873 52.3489290862876 59.5060886736716 105.975112594663 91.4016043278563 62.4248268185983 125.612548112463 128.760528564453 118.980862049703 0 179.967300415039 0 0 158.199279785156 67.2897143298952 110.113368258573 0 0 222.529312133789 179.745848955309 194.021359274419 140.243191389369 191.394830925344 126.082012158852 0 109.816902426073 175.040288530317 0 144.07299124057 118.230781278742 118.684983949299 113.555041531847 0 171.323819747811 101.737251570967 144.745490372629 171.062343718114 89.9753373668744 104.930627233174 106.204677702014 170.353427107499 179.316448773585 166.626716773836 128.195568086762 0 0 116.241002592101 113.948412949888
119.388281144399 67.0826409254516 80.5659900140217 0 91.6551059208318 109.440760371998 144.927540905046 97.272713791805 131.907224901275 158.856336077421 23.9966734862587 148.450714111328 49.1215535009977 96.2218048067266 93.3194288888315 142.503349555479 47.4364580572205 0 17.1864242885648 161.788308516922 114.480615369649 111.48460822457 90.1408521509828 151.453518187786 44.944808468639 27.0169769393617 62.0335550515383 138.48320280567 95.8322170568124 110.254101836773 53.3205654002219 91.1498785295289 104.91171172254 51.8630448884044 132.481387457843 81.3321679422755 46.574007360582 51.8572191047731 58.0697024931549 94.4124250761692 102.352032962223 54.1346945006927 122.425796508789 90.5375845731496 105.6044868788 0 0 0 0 215.627059936523 94.6118216669326 147.149159450962 0 0 0 0 0 141.750350952148 0 91.644503034289 0 78.2498986423247 0 0 0 154.854827880859 98.6715111287784 109.680015833893 233.851348876953 191.999893188477 138.299612324399 157.19754787016 173.053747875653 61.2510264883718 95.8007688573445 97.8471474060762 0 0 182.030401682501 99.0798914676979 0 0 107.085901604259 140.569807243698
110.746320269594 59.0426865247562 67.1173274783358 164.137619018555 82.073937588887 116.194435049416 119.919169682706 102.106296748324 132.970975897047 148.972386995727 27.0561930098999 132.415487769083 61.1062905634623 96.515724894049 119.798510043064 116.644138736963 18.4732969708884 17.1864242885648 0 150.469232252351 95.0450511116861 90.8268207161474 66.8256254030853 143.920844299309 46.4787211720095 37.0916532188699 65.578200213165 121.508079441119 94.6139671786868 89.0062399127569 68.7120147248578 78.9450685920272 95.9256285070215 42.7498810816196 137.908483026232 79.4634325574855 49.2639533992719 47.3858364308179 61.405885966017 87.0715409450262 97.5813864196459 50.8179346155734 138.054820011226 116.327343332266 112.526709726787 130.300129449936 0 0 124.773321782355 177.443176269531 73.0963453176809 129.498297613854 0 0 0 203.926091842605 240.590362548828 0 0 99.8189952698905 221.484619140625 88.808779064405 209.033447265625 0 157.58961146145 119.491129576609 99.4207978607285 103.822567928777 0 178.259742288545 135.426517604493 151.741951802637 192.095915295734 67.2229402290858 98.9613727089058 99.4711424719836 198.078430175781 243.820098876953 173.099280558757 104.933853001915 0 0 108.327254170567 132.050604086659
95.8217146949181 0 132.711230281633 12.5135357814419 88.9916997077191 48.1248633392956 58.4569925129315 78.8287288608985 56.9220427931237 15.4883927953742 135.507281095057 16.4414182322094 100.336934051043 92.07416992948 56.2538278756937 98.8367326043021 192.933898925781 161.788308516922 150.469232252351 0 140.954783066326 104.158632356102 129.525308730286 23.7506999585483 173.28972670559 154.315369482566 140.647436868076 28.482654415053 96.3311102631122 128.446670723212 0 115.787963133329 116.707215693772 95.3570127995097 34.4080417995468 88.0547076839885 138.905769200977 97.8698044597927 101.601243721333 58.5568353207588 94.5218612209024 132.432983398438 73.4593696180158 0 0 153.05315323281 88.8840473941154 0 0 153.129379272461 131.488815307617 0 33.120807244805 0 136.378711178301 132.936577221452 135.992662318374 77.8538166226203 139.107886851513 0 51.375249636323 191.602508544922 200.165008544922 112.018867676055 123.940208435059 0 0 0 128.288857286039 176.201085803374 114.936058343038 172.019400297448 108.969290782552 0 195.225547456693 191.882831334385 127.584904712681 207.149033747727 162.619653174088 0 0 0 0 159.46620051484
77.1091439890339 94.4748681946549 69.5479918994075 101.632778696712 141.343492519342 100.323626940965 70.5123010937629 94.0677403512573 67.5409174764214 89.4764622212377 99.6191976125124 103.395915166888 106.495783625996 92.4446379072809 115.753988870893 20.4207764042781 62.2685500580351 114.480615369649 95.0450511116861 140.954783066326 0 59.3455837060976 39.0824572088503 31.917777091923 118.739107578784 100.521690633553 79.2263221184971 25.1559830844222 79.7050087738351 29.6649333933771 151.51007137104 148.478752725977 69.9460171238942 43.0029738952441 132.382829416004 71.7644320674526 61.61960864375 68.2108594209661 73.5727148227315 82.2422864788419 88.2430729193909 114.580956709825 126.707647227853 117.120419358268 121.602615934631 127.413188852231 146.898602745487 182.421295166016 0 131.403580361225 107.34803648954 132.640564748236 162.012139991054 0 158.707420104879 141.133198436242 160.031887217443 111.27732476754 160.96180371704 131.682922363281 154.501203263323 0 154.412960006579 203.25032043457 116.437635044319 155.709817183324 0 181.690663631098 132.529876708984 126.528842218479 76.3615378843331 122.551795654087 117.347515561398 121.576843261719 151.689450873513 135.682604095448 125.290916773151 138.103648195519 123.220604314193 0 219.092056274414 126.060256006876 126.998372191381 147.431274459034
71.718443327912 28.0858367525907 49.8196104422541 76.9637039679678 96.4426870528138 105.238714566039 81.3110669407602 108.010476378588 25.7273291806586 99.3330648418043 89.3821871399722 75.5553479996894 81.2519800013931 98.5233484527087 68.9635075400011 35.4096347900398 76.1615461676742 111.48460822457 90.8268207161474 104.158632356102 59.3455837060976 0 54.7393636245967 32.4019348692422 61.356087169976 82.6112106807246 41.0220120693756 55.318187387767 70.5622782176679 56.293657190213 100.9695934807 124.585625358335 55.1389320739389 57.4090972843186 119.227366496749 60.983086813943 41.2962290900761 58.1819466257667 59.5492871303649 63.988100798377 79.1837742207891 79.5810343108835 84.9707527532888 70.496429744125 96.8754051716089 99.1837684361567 85.3049018540027 0 0 88.7197285471257 65.7131910473483 67.6334085996292 138.64724036169 0 155.527469447235 111.952929943774 132.622321500393 67.5881383416022 160.994973850585 114.361372097066 129.415943241938 115.102285578391 104.208525596979 149.443649291992 61.7370423213638 102.831878298559 148.157494600665 154.189881200045 0 79.8094922184382 23.977312515702 69.1750390369266 71.2393211434731 87.6285088950267 111.795571620249 67.0164977117929 92.497158666473 100.627587178846 86.409026849009 150.308639526367 165.471267700195 67.2298536005758 77.5165325342013 130.58178392122
90.2171161159776 61.2757573813342 39.2365568181794 112.151960561594 152.725166892005 110.744250977047 80.4783175037594 104.958556337596 87.4515379301969 102.45417416949 84.2304364333166 118.989834461183 121.458691747478 102.146786470947 128.719319904435 23.3560865396709 32.1362105325139 90.1408521509828 66.8256254030853 129.525308730286 39.0824572088503 54.7393636245967 0 70.2045997356214 106.324830329808 71.6468801317894 43.6167001403519 54.7109855851005 94.9831498108035 53.5391806722167 120.255191090586 153.965171346458 78.8558104811768 47.407773278855 130.390181522865 71.4273286599459 47.5760202421051 64.681227900729 70.153431771143 81.4293185515355 92.8448046003308 94.9215237315422 128.999674453239 112.337403554337 136.762379737747 133.945999387896 151.836883413675 163.726625833749 93.4265747070312 145.075792000272 72.3960623293339 108.039600863798 179.497657419642 0 171.430069686039 149.221299257067 179.672275866798 112.093507792478 170.47160907885 176.092020812565 181.385647740047 168.443465665428 165.802235514416 198.296524047852 105.069624641455 131.027446003955 124.485846114916 148.943169487675 162.074368073362 127.430206140838 69.5182603489707 111.981245586346 127.103348339839 117.123795952923 127.866452966796 105.490679932254 138.471864056118 161.28816795024 133.212337647134 151.114776611328 214.017940964608 133.276444644277 124.659199074174 137.7870225704
71.2065522579746 78.2217580601587 95.7262878487219 26.2186896122097 67.6780971269861 70.4891172854568 53.1615827930898 89.1580880516409 23.9892050421269 59.0785867117782 136.888396808394 38.6556590264705 124.775276657867 92.3901916805821 39.4532267300258 37.3155998816657 125.211361177038 151.453518187786 143.920844299309 23.7506999585483 31.917777091923 32.4019348692422 70.2045997356214 0 108.220756430824 123.47784941491 82.724907680458 23.5224217981581 81.9994601165264 68.6228537671371 148.270188448895 121.488669014305 70.7083698731562 80.8382490437515 134.715789317817 79.750238248637 103.375659880744 87.9465561856459 89.1944975335095 45.9702046253191 90.1068927163168 127.023343516878 110.753434097706 132.294531666414 129.048900001273 126.692070645176 80.292567958035 143.574721325067 0 118.860465577852 100.782285327494 140.041715155524 117.784813973833 130.922687233625 120.306574822973 109.178309268734 128.972549773212 56.9924492959135 116.466327293729 184.157795650438 95.6528497556813 161.606344169687 132.898696328826 113.744424680078 112.306591138748 153.438634989939 0 172.976119130978 108.196874118926 115.736170775927 74.9460604161301 129.001252535623 84.603781295356 175.982969118068 164.536523621987 140.618578223933 108.32637636862 130.184607579294 111.241250367054 0 176.715522950314 114.225802075554 123.275738996825 176.607949646292
121.036554023505 25.2988338809405 88.4764795947184 144.386047363281 98.8688191086395 113.784040698978 153.608688101737 91.4070030003955 99.1369926485122 163.050832978271 31.4456951712517 135.667762212068 18.3090268891271 96.7007030957238 126.222528270527 112.313225213508 60.7295494059804 44.944808468639 46.4787211720095 173.28972670559 118.739107578784 61.356087169976 106.324830329808 108.220756430824 0 38.4595342569349 30.7521429516132 139.789451884259 91.9203908705569 115.465330989222 41.9211946681437 91.8456585862751 130.384902954102 52.9735596975011 130.168113111428 77.4280140266289 21.2323962966415 47.2911953383904 54.1664979470128 104.946196527773 74.9017215191878 18.4607228827788 131.601143591006 54.0003902934028 64.8856400028707 50.8823479247437 136.509414672852 0 33.2049049104242 0 53.4506136380783 107.921527406978 0 0 0 180.250106811523 0 123.743571395717 212.094948785786 48.8327978719323 194.687774658203 35.3417368872566 0 149.513427734375 140.686065673828 85.94422512472 64.6999335944203 63.0505511098227 0 0 78.9407603340983 135.790069580078 130.019151222694 21.6474606874158 58.8810468374552 57.9382102495176 157.777901058972 0 0 63.4311583751976 0 0 65.0132155512222 122.002990722656
114.621466547307 46.8716923849493 40.3555071938492 162.281264223538 95.7002336100872 124.412582494637 121.430759170465 110.412242641115 118.359202756971 139.582127098443 33.0925982317114 154.57495351954 26.3803148595476 104.6413473323 138.992813453366 105.136920693236 42.3888765274225 27.0169769393617 37.0916532188699 154.315369482566 100.521690633553 82.6112106807246 71.6468801317894 123.47784941491 38.4595342569349 0 35.0227693566591 120.893007461461 103.69239118045 100.330802330338 22.0525347103484 93.5035343939567 105.469427961603 55.2816530880054 130.793933309534 77.8444896436161 47.1544729843784 53.8216103171991 60.3290013568564 97.8359614291688 90.59710525405 59.7786501712975 147.121625863519 96.5806980650218 107.958076098705 115.450959706212 150.700339110099 0 98.7944882086205 220.114883422852 64.2831439872566 113.741410862136 0 0 215.500701904297 191.808258305457 207.400634765625 160.575111235927 0 91.7815601401687 205.481835949922 78.1676283112734 197.076428928983 0 150.820132267769 107.197567931251 95.5645794770736 95.4119794910448 0 172.089479236468 109.045783062498 143.543463131089 177.421397159884 60.5805952274448 90.5986474558699 90.9734497570738 190.254003909857 202.554224049664 184.234311101349 97.8608872704773 0 169.147186279297 95.9211513085609 130.569645803693
122.160410951213 34.9068980844998 31.9353064636902 122.798177955295 128.769168716794 130.012693638851 103.702850446631 120.231702584845 99.651296095642 127.411897951138 58.5785389361315 135.049916948465 21.4092931769067 115.006374016082 133.370442550137 26.436898773323 68.3081695957014 62.0335550515383 65.578200213165 140.647436868076 79.2263221184971 41.0220120693756 43.6167001403519 82.724907680458 30.7521429516132 35.0227693566591 0 80.0951780359423 114.016551004509 100.442340625201 18.1753124313273 104.06072538119 108.52071838611 67.0745553532805 135.135124928696 78.6912836720243 53.4807312098777 64.9820465276424 70.4376090543803 91.4654320227256 93.0008273354313 68.4148846094126 132.862062421566 99.6908046103587 125.37354363219 137.730904328908 134.164858167488 202.974631026664 107.895152937603 159.730774634359 57.359317630514 94.6837168903028 176.168362387725 214.433654785156 172.128124678581 155.308192331154 169.028986227002 142.467596946255 186.712182342184 93.5344227384042 180.577916165286 82.2633524902839 167.057446456735 200.28321165538 102.49095091543 106.721006261798 94.9034105387991 97.6805210555156 177.245135242686 133.237462109251 63.3172539116071 105.255374825429 137.758701399161 57.4707405776439 92.7787435428637 92.621009846754 148.626721527244 173.868988695224 146.830035257162 100.41974518326 205.338836669922 163.273969520008 102.573136806403 141.683282279494
74.8233156159575 106.912400185189 82.1919444739772 19.7180315393677 113.607669338712 64.8349048127276 40.1202551415932 85.1432155113773 55.7517426547983 42.1036723491953 125.556393323436 55.3160929033497 125.559776273985 87.1750228991503 81.00464525012 38.6468110543843 103.156740745536 138.48320280567 121.508079441119 28.482654415053 25.1559830844222 55.318187387767 54.7109855851005 23.5224217981581 139.789451884259 120.893007461461 80.0951780359423 0 84.2079229514909 39.7422535261699 157.348029354488 139.13857539886 66.8755031841749 65.2128740578835 122.136154103612 77.4680422855951 84.8976182778474 81.7313520645693 82.3192804821472 81.9528770520293 93.6584688259086 120.212937084074 119.848563368886 128.12026227973 137.253744123097 141.690321857358 111.08767655728 151.041066611518 0 126.236737557449 150.653050119655 150.435551411732 116.589508807379 134.552552674156 142.066755034922 125.353554946003 144.939809061235 81.6150925860496 140.328614924521 0 122.066965728182 192.507374916127 145.604228108682 125.805406162837 117.348385892276 168.493208054813 203.19208526026 189.410387510226 133.900388271437 123.652555247364 88.3739626229026 135.581802530215 111.169630588512 142.141952514648 187.130540003676 148.078905583129 124.095880253851 138.777196566606 120.391507673995 0 182.652513002734 122.845571966283 135.779292960313 164.696719227617
20.7595134707251 104.05580272011 115.517664378759 101.651647575035 27.4958088396644 64.5175899664079 63.3869940427551 38.3403982469951 75.1829888914421 88.3229008533194 71.732521700674 96.6170910555822 37.0061524493825 35.3172190970083 54.4787177370073 87.3878625950892 99.3376332430577 95.8322170568124 94.6139671786868 96.3311102631122 79.7050087738351 70.5622782176679 94.9831498108035 81.9994601165264 91.9203908705569 103.69239118045 114.016551004509 84.2079229514909 0 33.2264185437458 107.870473582966 16.324866406551 16.33519122436 33.9439690383548 106.331593470291 57.9902441542948 75.7987612055555 47.1013787053062 58.2242166946019 40.2247459300816 28.6445356443836 62.1736571767314 144.883891013498 157.769119262695 163.297645220389 155.349717454214 154.596273725299 166.633314128966 77.6739501953125 138.945903377129 125.960147539573 165.370622993377 160.246295950672 182.918304443359 159.865347291797 141.691982558789 168.731559042071 89.0868340419658 162.86298163436 151.168419477961 150.126319172281 144.352235741866 163.205355366469 162.660568237305 133.934653673263 170.41417177509 135.827202046125 151.20721956643 160.920480800178 135.961828548914 90.3199254994591 144.214849541454 129.947369781909 97.7539543312833 147.480712952136 156.116863428874 139.259837378931 155.917389189807 138.243155742484 0 0 147.677860440716 145.303070903078 112.804979114629
32.5098223421314 98.2375970398202 78.6931710304342 107.156078263305 113.865612062381 86.3606997106175 30.5734294651012 77.2658166558628 56.157616803828 79.8867746860102 95.5922361251656 122.811179064876 113.044325135375 67.4813830119464 110.419036881019 72.3374317521204 70.2497083484529 110.254101836773 89.0062399127569 128.446670723212 29.6649333933771 56.293657190213 53.5391806722167 68.6228537671371 115.465330989222 100.330802330338 100.442340625201 39.7422535261699 33.2264185437458 0 175.55012512207 118.597275548242 45.6767543723295 33.5245393368059 124.766012449518 64.8491619876734 66.4422423831534 60.6597821528739 66.8771906089171 75.905237156885 81.3804498241161 130.59649672292 128.250272041918 118.630968961216 133.095366683887 132.139426483118 137.505385932265 157.230834960938 0 121.739525658502 95.2706279584471 142.577899187366 139.955122636023 0 147.260974296485 121.739721622295 141.974247866821 78.9412528871324 149.934139393662 174.14811706543 154.845098007137 195.214460550122 145.05383429835 0 114.47309910355 149.965008752807 0 176.381322514292 160.732016202655 122.384831737214 71.0738034223444 124.204913398069 109.170131662601 0 156.701366854907 144.550914057184 120.941978153064 134.832518069072 118.971269962056 0 180.885007533509 128.181120119906 122.20287984797 140.210326505999
147.823947444651 67.1785066607791 87.6027400243504 0 0 0 155.70391704683 118.916559043186 134.50807594743 160.950158824667 36.374539435622 190.909576416016 11.624577490189 94.4046440413835 0 119.269113866885 88.9359264911063 53.3205654002219 68.7120147248578 0 151.51007137104 100.9695934807 120.255191090586 148.270188448895 41.9211946681437 22.0525347103484 18.1753124313273 157.348029354488 107.870473582966 175.55012512207 0 98.2623596191406 0 67.9194638295798 0 102.184076789829 53.2625849541234 63.6980024895887 72.9575481303534 100.246376037598 81.8070068359375 57.9336701566454 0 0 0 0 0 0 0 0 111.983607531965 0 0 0 0 0 0 0 0 85.8648910845356 0 76.5704116464538 0 0 0 122.030052185059 101.056140705636 107.853757081607 234.636947631836 0 145.775314331055 0 198.95252244206 61.1144371759152 100.213328632846 96.4954586850083 0 0 0 103.761488978227 0 0 113.656932193121 151.534072875977
