0 18.8356720507145 207.075624376535 65.1656415164471 1.78212553262711 112.570571780205 3660.04399567842 875.722820341587 235.038817673922 282.303443908691 58.3592567145824 32.5738907456398 22.341058164835 12995.9515522122 4.46959707140923 35.1747777462006 294.357987642288 19.0634734034538 85.8788886964321 32.2392916977406 340.693140268326 81.3930564522743 477.370205670595 390.222103774548 3.52829864621162 176.663028329611 146.966070324183 769.285763710737 8926.15545892715 4073.16263857484 0 9.9178971350193 317.950189769268 723.95150578022 21.1402431428432 424.027588635683 41.8079893290997 373.040812879801 98.3264237940311 149.212766677141 56.8526045084 5.37571153044701 19.3785682916641 1.09807336330414 15.3325206637383 4.78917726874352 10.9034170508385 6.81882581114769 0 3.32242518663406 1.00130343437195 8.65306639671326 8.17470663785934 0 5.6115357875824 53.7635751962662 14.2200012207031 19.5882642269135 6.98407444357872 0.604163229465485 3.25720173120499 0 10.0536219775677 0 11.7159512639046 2.86801314353943 0.571196734905243 0 1.28210425376892 12.2990291118622 11.4398766160011 11.2853301167488 85.1184401214123 1.06903970241547 7.96719640493393 22.0787753164768 121.517207056284 15.4392141103745 7.97850504517555 1.06700003147125 0 0.960367441177368 2.1666225194931 3.60578691959381
18.8356720507145 0 1108.55782574415 1.14312422275543 1.37489724159241 6.42204332351685 40.1346742808819 43.049508035183 1237.71785220504 6.38641771674156 223.10141941905 11.3530049026012 1011.42781600356 67.8864250481129 22.1313925981522 95.4540949463844 822.256043672562 125.196037262678 536.613171070814 2.79883998632431 91.1161338090897 3072.02708080411 358.166189789772 804.781428188086 1896.67506968975 2333.74330791831 9519.63702583313 168.86372178793 56.8001966178417 69.909597158432 68.5309232771397 5.320063829422 9.23514577746391 476.777393907309 9.46126592159271 790.798505753279 619.652922570705 881.328695595264 277.65683439374 108.411100327969 4.81141167879105 111.054731667042 65.1798194646835 28.7128393650055 55.7424235343933 48.0721036195755 5.22223654389381 2.21060293912888 1.30565917491913 3.19435146450996 156.327001750469 180.29602509737 7.55698165297508 0 1.50805652141571 8.96403124928474 3.62909340858459 4.05537644028664 1.87995660305023 14.7759435176849 0 40.3073213398457 6.69698369503021 0.525297999382019 11.767048150301 73.1775442957878 6.29163175821304 48.3933857381344 4.14089262485504 7.23022705316544 65.7163928449154 73.1836618483067 18.97691822052 42.3530781269073 297.467549681664 557.695529937744 18.0031844675541 8.08477732539177 8.94347661733627 7.26812189817429 1.0402215719223 0 21.5603549480438 6.0003804564476
207.075624376535 1108.55782574415 0 8.53955298662186 0.568689227104187 255.489588201046 2101.11049884558 844.568538159132 199.509580284357 100.36176097393 147.683821678162 7.96011647582054 34.6755373775959 878.517724454403 5.23671206831932 250.48496979475 5717.71304133534 82.8379348218441 663.858168751001 3.48662668466568 2865.55381858349 603.724203765392 17762.294591099 315.610805571079 30.6216470599174 11584.5094729364 17237.4161605537 1640.7951554656 270.129862517118 2219.52210599184 3.16098147630692 9.05500811338425 43.2794831097126 1206.37208905816 39.947793751955 2927.00499495864 1461.34512808919 2682.77529703081 976.835492998362 122.611645489931 30.404577255249 8.90193796157837 384.160806924105 143.333160668612 503.24248239398 218.472571074963 21.9265463650227 9.93677264451981 1.90195894241333 13.1593028008938 348.659933775663 1947.23286938667 6.33222278952599 0 2.96889042854309 93.522255718708 23.007632702589 17.1252512633801 2.51806670427322 22.2180888056755 0.775042414665222 18.8922763168812 31.1164749264717 0 75.694112598896 551.135011970997 9.70347839593887 99.5647239387035 1.69523012638092 75.164049834013 182.978650569916 807.761580079794 58.4892417490482 30.886509090662 733.19182986021 3029.86689883471 76.3608796000481 17.3498270511627 73.2602160871029 2.07304221391678 0 4.36363017559052 168.595696628094 18.6836816370487
65.1656415164471 1.14312422275543 8.53955298662186 0 6.73604649305344 467.893896102905 815.126474350691 154.94758066535 669.270877569914 10777.9219530821 3.82573628425598 2304.92028936744 10.0986662507057 140.195561885834 120.280483543873 5.34832191467285 2.13438758254051 0.819846332073212 1.94137066602707 30452.7736040354 6.18825137615204 12.2906481027603 19.513063877821 4095.60932224989 3.69577503204346 0.636208891868591 20.8374137282372 17618.9406518638 157.018981188536 33.2677787840366 0 2.78624615073204 8.39776527881622 94.3224247097969 15.3403134942055 183.658122062683 0.552542269229889 67.4301500916481 27.3338261544704 203.375795632601 22.4094898402691 1.14470219612122 24.6004860699177 0 5.42001259326935 0.930353343486786 35.5485683679581 0.384278774261475 0 2.1535410284996 0.347236603498459 1.11305999755859 152.911762356758 0 46.337960511446 82.759740114212 24.029886752367 50.4320239722729 380.740567117929 0 205.016055941582 0 13.3155475258827 13.2851758003235 0.463915020227432 1.03121447563171 0 0 128.660750091076 0.455837339162827 4.9938029050827 4.4142424762249 252.337264746428 0 0 3.16991207003593 204.379560053349 6.76382321119308 1.03209799528122 0 0 0 1.12401485443115 0
1.78212553262711 1.37489724159241 0.568689227104187 6.73604649305344 0 2500.42637357116 9.2867970764637 1007.43690603971 92.1973852515221 24.152024358511 16.4433709979057 111.412212073803 11.8613588809967 139.278675377369 2884.39690619707 0 3.86373353004456 1.95397537946701 6.44045627117157 8.69642889499664 0 8.10400247573853 2.29691872000694 57.0979121923447 0 5.46537119150162 5.38138380646706 9.54170200228691 241.673733174801 3.17201182246208 0 3494.93221920729 0 1509.38498219848 0 20.8323862552643 1.29969811439514 25.192455470562 14.0497567653656 3512.45050865412 1855.60140866041 3.23619914054871 0 0 0 1.25210094451904 0.641921639442444 0 0 0 0 0 0 0 0 0 0 0 0 0 0 1.31418895721436 0 0 0 0 0 0 0 0 0 0 1.22561323642731 0 0 1.29163765907288 0 0 0 0 0 0 0 0
112.570571780205 6.42204332351685 255.489588201046 467.893896102905 2500.42637357116 0 6593.02587896585 17078.0896424353 472.622405201197 20298.5163671076 48.6067834496498 10380.6820589304 45.1011767685413 1768.46753931046 4838.66798308492 14.9583567976952 52.3770861923695 3.67696589231491 23.761247754097 1373.31705865264 113.022774666548 25.3964464366436 322.860222816467 627.557888299227 0 99.5370135009289 94.7062576115131 1350.3902888298 397.18607160449 277.588497668505 0 1656.34699338675 19.6263670027256 639.704598337412 649.899652987719 353.602111965418 28.4383299946785 193.87166044116 86.6151094436646 8201.7169637084 821.479654341936 7.75973385572433 15.2864787876606 0 6.95533725619316 1.52766537666321 23.9638837277889 2.46572270989418 0.421970814466476 4.38393014669418 1.74592059850693 9.47636148333549 44.6183570027351 0.621130049228668 41.2027696073055 88.8460165262222 22.3449006974697 37.9729098975658 89.4501748681068 1.54703491926193 39.2015821933746 0 16.9256374835968 8.54697719216347 3.62042137980461 2.11216363310814 0 0 46.5515352487564 3.67458832263947 3.76985314488411 7.70210722088814 197.823743581772 0 3.90315023064613 11.5614342093468 178.976528525352 7.23536875844002 2.35848611593246 0 0 1.98275279998779 1.456264346838 1.72329550981522
3660.04399567842 40.1346742808819 2101.11049884558 815.126474350691 9.2867970764637 6593.02587896585 0 6589.99753454328 1470.0167466104 20947.7798471451 96.0562199354172 1090.94192561507 71.5253324508667 12643.6692849845 93.5603683590889 257.614584684372 322.438161760569 15.3805875182152 58.7919979989529 738.017963379622 1559.18689623475 295.437955886126 3437.30196139216 4033.47203302383 10.0799307823181 436.739220589399 925.419441223145 26294.3234072924 3722.38732668757 11281.6236421466 0 21.9652676582336 373.852065175772 1445.49997350574 156.535954803228 2729.93585279584 178.273225337267 1354.165150702 565.451756834984 880.811028897762 331.409181267023 17.915161639452 113.620618164539 8.8173109292984 63.7169946730137 30.8537758588791 57.1537540256977 21.8351294100285 0 42.968862593174 10.8107334673405 54.2037160694599 74.221749484539 0 60.0561860203743 368.383253663778 89.0284993052483 159.737192511559 184.979807525873 8.49299219250679 31.2944887280464 2.50235122442245 95.3128792643547 6.32791286706924 51.946857124567 12.1928125321865 0.986625552177429 3.32470977306366 106.717719316483 33.5381650328636 34.8785434067249 104.936846375465 748.17262840271 0.879581570625305 19.3232984244823 133.363361746073 767.63036775589 70.3081765174866 64.0113442540169 0 0.46069872379303 12.1281291246414 38.8738604485989 20.2579835355282
875.722820341587 43.049508035183 844.568538159132 154.94758066535 1007.43690603971 17078.0896424353 6589.99753454328 0 361.703613728285 4674.76906943321 431.421162813902 1338.62026622891 273.975690901279 18210.5672723055 926.628327578306 40.432853937149 411.068344175816 39.0005770623684 152.018173396587 511.10883769393 502.619173854589 84.290976703167 1070.85594573617 574.978492021561 18.3438206315041 439.06023427844 372.970099687576 1150.70400777459 1388.61800798774 1614.00103330612 3.32696479558945 1215.2768997848 40.5072229206562 2328.74179136753 54.2947725355625 812.546734273434 107.177934736013 707.904913723469 295.938206195831 5493.64765638113 2116.34368050098 59.4757783710957 24.3183009326458 7.22697818279266 24.4130325317383 12.3548488616943 12.626139998436 7.08946290612221 0 4.06117826700211 3.04943895339966 21.8325330615044 14.0299099385738 0 10.4582045674324 79.3767355382442 23.6198613941669 30.7555852234364 31.229752600193 6.08167761564255 8.33119648694992 2.02439683675766 20.4958246946335 2.70098382234573 9.34686103463173 5.74698957800865 1.6489006280899 5.66096517443657 12.3009946644306 9.82818618416786 7.72646424174309 34.9425619542599 162.022097080946 2.54949033260345 17.5682972967625 69.6532999873161 153.771649509668 16.1846223771572 17.0327776670456 0 0 0.986826777458191 11.3999061584473 4.48459768295288
235.038817673922 1237.71785220504 199.509580284357 669.270877569914 92.1973852515221 472.622405201197 1470.0167466104 361.703613728285 0 1087.0738876462 57.4003749787807 1483.77350884676 181.773783445358 364.714625567198 1447.49807348847 88.4684368669987 119.734339624643 19.2398408651352 33.1715362071991 428.084723770618 118.953681558371 4823.03973954916 270.451167702675 16889.2326655388 342.924826264381 235.845982670784 1540.48126506805 3703.1070369035 515.875069797039 706.253046989441 5.05257043242455 6.22311219573021 115.035636872053 278.872696638107 21.7464378774166 781.772790044546 89.1807599961758 309.56508243084 120.190356910229 2085.89010861516 46.3731169700623 27.7377043068409 82.6726855933666 5.01063430309296 34.3710044026375 9.98988622426987 71.7572510242462 5.73412954807281 0 24.1765660643578 18.8762281537056 16.0382446050644 184.821377426386 0 76.8225611150265 300.970541208982 62.3754187822342 177.205780535936 238.866142332554 8.14331275224686 91.2264313101768 7.86787483096123 55.0859870016575 15.9769270420074 22.6650548279285 3.22632947564125 1.83491435647011 4.0048303604126 190.111993908882 30.700423181057 19.8592783510685 38.2651030421257 764.419551491737 2.65269714593887 18.6964463293552 64.1941773295403 639.986080020666 50.8881123363972 27.4136910736561 0 0.88742384314537 9.28012526035309 17.6255319416523 2.73704636096954
282.303443908691 6.38641771674156 100.36176097393 10777.9219530821 24.152024358511 20298.5163671076 20947.7798471451 4674.76906943321 1087.0738876462 0 75.1273129284382 21001.5602524281 50.9334565997124 2746.47007963061 271.930549383163 18.3481396734715 18.4212661385536 3.10843035578728 12.3027656674385 21708.7779299021 55.1865305900574 24.8301319479942 161.789693295956 1901.24533200264 3.70535111427307 41.3460867106915 75.5162412524223 10378.6974734366 985.545652508736 172.350075006485 0 38.2227610945702 49.5751425325871 650.298256605864 412.345935732126 1086.59401232004 22.3609085679054 471.141679048538 155.761070966721 1266.3029577136 264.079497098923 13.4197002649307 63.6596911549568 2.96978133916855 9.2276713848114 0.652911245822906 83.5275082290173 4.75126165151596 0 5.19993859529495 3.6705162525177 3.47654154896736 166.716876268387 0 90.4418315291405 216.098417192698 35.4922393858433 148.278680294752 298.701586782932 0.958103477954865 145.486020505428 0 28.1378131508827 12.2198238372803 0.586603760719299 0.638117909431458 0 0.416837364435196 195.342062741518 5.92103120684624 4.19419625401497 11.4382364749908 518.947010815144 0 2.22229796648026 20.0314346551895 417.066234856844 19.9113131761551 1.31949406862259 0 0 0.934274077415466 3.47240874171257 11.8738387525082
58.3592567145824 223.10141941905 147.683821678162 3.82573628425598 16.4433709979057 48.6067834496498 96.0562199354172 431.421162813902 57.4003749787807 75.1273129284382 0 36.0742980539799 12169.0722502172 881.101345688105 2.62579268217087 10.9645027518272 659.520103186369 8356.94754174352 3007.61656063795 20.1051078736782 54.5105395317078 84.8848718106747 190.419541358948 45.3772818744183 2002.53689718246 8644.56786185503 1749.38695815206 51.2633147537708 564.037566155195 81.5941204726696 783.139323681593 83.6205681562424 35.5808148086071 9172.54482263327 11.4632309377193 538.257972955704 4421.8505474627 8726.02970153093 531.947843313217 182.899577528238 59.3877477347851 3923.73982965946 12.0533563494682 16.538225710392 24.8456628918648 2.17477652430534 0 0.727623045444489 10.5501726269722 1.49141198396683 11.6593241095543 16.8806941509247 0 0 0 3.19745808839798 0.497851610183716 2.81769609451294 0 276.957069158554 0 601.976605027914 3.95005774497986 0 0.41615903377533 6.38336944580078 55.3455184102058 27.2343111634254 0 0 7.80997517704964 1.97757837176323 5.79645299911499 128.262715578079 230.707307428122 203.918853551149 2.31622904539108 3.26914685964584 2.09664234519005 53.6632763147354 0 0 8.78283712267876 0.742172837257385
32.5738907456398 11.3530049026012 7.96011647582054 2304.92028936744 111.412212073803 10380.6820589304 1090.94192561507 1338.62026622891 1483.77350884676 21001.5602524281 36.0742980539799 0 28.7701909542084 711.310803741217 6373.98480203748 1.28835541009903 1.1261430978775 1.72732079029083 2.09170562028885 26505.3647927046 4.92542064189911 22.946041315794 23.7588577568531 781.833703517914 2.55065083503723 18.7348885834217 36.8793560266495 1122.27258491516 218.24703720212 15.0916616618633 0 27.058413028717 0.437795579433441 192.264781206846 348.906812548637 380.90623524785 9.68330109119415 143.609340965748 42.860622048378 3330.40505126119 83.3496472239494 6.41275715827942 17.5160308480263 0 2.96595945954323 0 39.7745758295059 0 0 1.11493837833405 2.35181438922882 0 56.7598233819008 0 31.6640956103802 44.6435081362724 10.3284990489483 39.5804388523102 103.226289063692 1.19306463003159 243.412368476391 0.753996968269348 4.03687590360641 15.6841586828232 1.33548945188522 0 0 1.882532954216 62.6542035937309 0 2.014449685812 0 138.290661454201 0 1.56923377513885 2.7252893447876 93.1298923194408 2.78421902656555 1.37795007228851 0 0 0 2.17562347650528 1.42969042062759
22.341058164835 1011.42781600356 34.6755373775959 10.0986662507057 11.8613588809967 45.1011767685413 71.5253324508667 273.975690901279 181.773783445358 50.9334565997124 12169.0722502172 28.7701909542084 0 377.32499229908 2.02178996801376 5.3220419883728 26.3393962085247 626.690965205431 203.312145918608 11.3182915747166 18.4260911047459 305.105792999268 37.5954810678959 91.5861495137215 7947.24518728256 2022.8473353982 4289.57098984718 56.065893560648 178.532779127359 23.2111622393131 2800.03228881955 72.4067152142525 6.75500690937042 1689.68529552221 91.6642163991928 1839.21730089188 4545.46403196454 4082.92840659618 1302.56018093228 316.972887575626 963.449185222387 7867.79054373503 38.3412052989006 38.0450110435486 69.6448162198067 38.9277568459511 11.62899979949 4.9691396355629 47.4261725246906 0 15.8844971656799 4.44639682769775 0 0 1.57517004013062 3.70612841844559 5.95829004049301 8.81467509269714 1.47237193584442 605.878237336874 0.628073811531067 1504.530633986 7.56497502326965 1.3862669467926 1.7899015545845 6.10013842582703 138.157547533512 46.511205136776 0 1.60741138458252 5.22198015451431 5.46388077735901 6.59494033455849 283.12480866909 460.714567184448 367.679389595985 3.53056788444519 9.08648437261581 0.897121727466583 132.43602013588 0.522621631622314 0 14.8656641244888 35.0077149271965
12995.9515522122 67.8864250481129 878.517724454403 140.195561885834 139.278675377369 1768.46753931046 12643.6692849845 18210.5672723055 364.714625567198 2746.47007963061 881.101345688105 711.310803741217 377.32499229908 0 119.557058125734 51.6480967998505 653.224395245314 96.5556588470936 257.007311612368 359.749146938324 709.767361789942 157.503645062447 1344.28850725293 617.2941005826 41.0249961614609 830.822117865086 673.086739063263 1487.94969585538 10945.3188877702 3395.43703004718 4.05596554279327 1641.8897075057 158.243129134178 4244.08945116401 74.0273367762566 1906.20243811607 220.007285833359 1595.78659939766 435.908558875322 2956.74321699142 982.164002716541 72.1173258125782 39.8347463607788 9.0300520658493 31.4316939413548 10.7003997564316 19.6998899877071 2.2305568754673 0 5.12065812945366 7.38134258985519 45.4872637987137 7.54599449038506 0 8.14019879698753 95.6291764974594 22.0050117075443 27.4488832950592 12.7916162312031 4.00672978162766 3.0564216375351 4.70680892467499 21.5295554101467 1.75444826483727 16.1424258351326 4.7497666478157 1.21044707298279 3.09881258010864 18.2855459451675 15.0697746574879 4.94374611973763 38.8206148147583 162.956312686205 3.61284691095352 37.5421405732632 73.4881855845451 180.670048177242 23.0003693699837 22.0589882731438 0 0 3.06471180915833 9.93252721428871 14.5752692818642
4.46959707140923 22.1313925981522 5.23671206831932 120.280483543873 2884.39690619707 4838.66798308492 93.5603683590889 926.628327578306 1447.49807348847 271.930549383163 2.62579268217087 6373.98480203748 2.02178996801376 119.557058125734 0 2.76545435190201 4.38758051395416 0 1.12964034080505 249.221101760864 6.54875561594963 58.4240610599518 4.59838959574699 828.498171180487 4.58839601278305 2.33474969863892 50.2157225608826 157.350550472736 21.9419622123241 7.45319390296936 0 113.770080387592 0.420891642570496 36.1174750328064 7.62305128574371 89.4892798960209 0.966626882553101 11.5255948901176 4.07192859053612 12766.8959342539 70.0857547521591 0 1.55575901269913 0 0.44826152920723 0.909475862979889 4.26743644475937 0 0 0 2.93781876564026 1.52475181221962 19.6789357662201 0 7.75002509355545 4.78318199515343 0.616817831993103 2.92395710945129 14.2198378443718 0 8.20834463834763 0.48090398311615 0.600334644317627 4.01456534862518 0 0 0 0 16.1739709973335 0 0 0.396659284830093 21.7255672812462 0 0.970080882310867 3.45198062062263 17.288172185421 0.808210134506226 0 0 0 0 0 0
35.1747777462006 95.4540949463844 250.48496979475 5.34832191467285 0 14.9583567976952 257.614584684372 40.432853937149 88.4684368669987 18.3481396734715 10.9645027518272 1.28835541009903 5.3220419883728 51.6480967998505 2.76545435190201 0 102.060975521803 0.821410834789276 22.8288085758686 1.50257164239883 11003.1337938905 5613.43403151631 20889.2891090214 2987.93016019464 8.1546650826931 89.8424299061298 8001.05574497581 6240.74535471201 147.49456101656 472.366931319237 0.621311664581299 2.6457631289959 73.1763768792152 505.923554062843 54.4603690207005 2192.93710440397 442.001265138388 1100.27450409532 708.694036990404 142.584380805492 21.8864720463753 2.76124769449234 304.598641395569 61.4144372940063 185.6784311831 145.678337454796 24.7507172822952 4.46783411502838 0 8.07874050736427 5.28853151202202 91.1128801703453 0.615989208221436 0 4.76828092336655 64.6815560460091 8.10106787085533 37.4283320605755 0.979547917842865 1.53793832659721 0 1.90399545431137 13.890388071537 0 1028.99947404861 17.0891326069832 0 4.1650407910347 0.758953273296356 199.032827675343 292.535294950008 1318.23572969437 265.850409150124 0 27.5333816409111 487.676634043455 233.793733000755 42.7503952980042 69.0328564941883 0 0 6.41379052400589 85.1464505195618 23.080365717411
294.357987642288 822.256043672562 5717.71304133534 2.13438758254051 3.86373353004456 52.3770861923695 322.438161760569 411.068344175816 119.734339624643 18.4212661385536 659.520103186369 1.1261430978775 26.3393962085247 653.224395245314 4.38758051395416 102.060975521803 0 350.880106180906 5714.65037986636 2.49405497312546 1672.44607338309 245.38657695055 6589.0181851387 101.453559160233 70.533542662859 6031.54053777456 5726.05999863148 355.548895925283 483.104472488165 1715.99737480283 9.24469336867332 8.96871107816696 92.3342622220516 2086.17915153503 14.1234291791916 799.862613141537 457.936129391193 1516.61638152599 373.812275260687 56.3529455661774 20.0412753224373 6.86853742599487 74.784495472908 31.6634792685509 96.4291774332523 45.9037828445435 1.05204594135284 1.01193070411682 0 2.88129487633705 97.0928441286087 323.552312940359 0.904330968856812 0 0.988168656826019 17.9566757678986 1.75314843654633 12.126892209053 0 7.0912908911705 1.14805281162262 14.1272400617599 6.44712084531784 0 13.4948784708977 124.357768177986 5.66422629356384 38.4341254234314 0 6.40688872337341 19.206721842289 103.068543195724 9.82414743304253 25.7424858808517 317.966156154871 598.766692399979 14.2861714065075 8.96378827095032 9.04752731323242 0.744019508361816 0 0 42.1844348907471 6.33682596683502
19.0634734034538 125.196037262678 82.8379348218441 0.819846332073212 1.95397537946701 3.67696589231491 15.3805875182152 39.0005770623684 19.2398408651352 3.10843035578728 8356.94754174352 1.72732079029083 626.690965205431 96.5556588470936 0 0.821410834789276 350.880106180906 0 6664.36071509123 1.76952087879181 19.5814167559147 26.425532668829 82.0760832726955 8.35251331329346 580.113961517811 5165.78711906075 963.166907399893 11.0127296447754 54.9004926979542 32.1428959071636 121.401223957539 10.4798703789711 4.41246083378792 708.403025627136 2.3136482834816 241.159837812185 433.169727623463 833.272331237793 149.315834999084 17.7119675278664 12.303230702877 51.7530180215836 5.6547709107399 8.49255922436714 16.844533264637 2.75502800941467 0 0 2.10288190841675 0 9.11842048168182 4.08985331654549 0 0 0 0.36656728386879 0 0.8871009349823 0 54.0392482876778 0 165.471550881863 2.76538443565369 0 3.04763126373291 3.7552410364151 42.363450974226 25.0401585400105 0 0.508014857769012 2.31527855992317 4.61466935276985 2.32483100891113 53.6587182581425 202.053693890572 156.17571502924 4.0812993645668 0.408079266548157 1.09042346477509 10.7299411296844 0.561534762382507 0 4.26351833343506 5.7258927822113
85.8788886964321 536.613171070814 663.858168751001 1.94137066602707 6.44045627117157 23.761247754097 58.7919979989529 152.018173396587 33.1715362071991 12.3027656674385 3007.61656063795 2.09170562028885 203.312145918608 257.007311612368 1.12964034080505 22.8288085758686 5714.65037986636 6664.36071509123 0 0.579883694648743 210.666705071926 81.3372168242931 659.74488851428 30.1549234092236 659.064344078302 8593.16906148195 3049.14476472139 54.4021309018135 199.612310230732 278.977270305157 51.6106607615948 13.936232984066 37.1228093206882 1594.85696172714 9.38769561052322 438.23021671176 392.620114028454 1076.81393140554 234.025408059359 25.3219757080078 3.7349601984024 12.1399254202843 26.6678175330162 15.0546969175339 33.524154573679 14.2241609096527 2.98054945468903 0 2.1999773979187 0 25.1435666680336 64.6933787763119 0 0 0 5.91865980625153 0 1.16191327571869 1.30152678489685 37.4367887377739 0 84.2495087385178 2.35146567225456 0 4.36812484264374 19.6742548942566 38.4187094569206 47.1845716834068 0 2.69600743055344 13.8771311342716 11.3790594041348 2.28849947452545 89.5521218180656 484.489271104336 462.081537157297 6.11234930157661 2.29628479480743 0 13.5769985318184 0 0 9.33173358440399 0
32.2392916977406 2.79883998632431 3.48662668466568 30452.7736040354 8.69642889499664 1373.31705865264 738.017963379622 511.10883769393 428.084723770618 21708.7779299021 20.1051078736782 26505.3647927046 11.3182915747166 359.749146938324 249.221101760864 1.50257164239883 2.49405497312546 1.76952087879181 0.579883694648743 0 6.43624618649483 2.33763161301613 7.52204322814941 1602.63908043504 0 10.7702114582062 12.6447066962719 4773.96064028144 179.835022747517 16.3848479688168 0 7.68097996711731 5.52754461765289 128.040197014809 34.1417399644852 196.735448539257 4.59970283508301 93.7898757755756 29.8730700016022 442.628410756588 59.1985531449318 4.10847103595734 16.1930275559425 0 1.7606266438961 0 24.620612680912 0.552526593208313 0 0 0 0 102.068313151598 0.787190079689026 38.3232866227627 82.2247046530247 19.6921651363373 41.6569078862667 123.058248132467 0 293.948438823223 0 6.20707067847252 10.0124170184135 0 0 0 0 88.0596107840538 0 1.8985310792923 1.43179500102997 235.151849925518 0 0 1.24507534503937 132.611776828766 0.75974178314209 1.11179459095001 0 0 0 2.79259234666824 1.25088834762573
340.693140268326 91.1161338090897 2865.55381858349 6.18825137615204 0 113.022774666548 1559.18689623475 502.619173854589 118.953681558371 55.1865305900574 54.5105395317078 4.92542064189911 18.4260911047459 709.767361789942 6.54875561594963 11003.1337938905 1672.44607338309 19.5814167559147 210.666705071926 6.43624618649483 0 1529.65393906832 30162.1755976677 1235.81321111321 13.2437406778336 451.154875665903 1952.26274758577 12343.3115654588 714.813991338015 18110.9966038764 0.843549907207489 5.7796688079834 269.013093650341 3483.07233896852 147.07088047266 5173.38016214967 598.241463035345 3431.91512274742 1732.97039654851 366.373405724764 75.4678532779217 7.03685450553894 211.054378509521 19.138874322176 96.3831127882004 61.4496050477028 27.6399709880352 2.93755608797073 0 18.8754787147045 12.4039998054504 85.4363313019276 2.37969619035721 0 3.92467385530472 78.1448464393616 14.5166110396385 53.4318116605282 3.82948976755142 1.72381898760796 0.51543140411377 1.53371608257294 26.7610266208649 0.769916117191315 380.318992644548 17.8363723158836 0 4.44415730237961 0 231.89976888895 100.860092967749 480.26975864172 344.53511762619 1.85827893018723 24.4148511588573 256.494033306837 337.189178556204 49.4536753296852 99.2656810283661 0 0 7.76393988728523 57.2735863626003 35.4095969796181
81.3930564522743 3072.02708080411 603.724203765392 12.2906481027603 8.10400247573853 25.3964464366436 295.437955886126 84.290976703167 4823.03973954916 24.8301319479942 84.8848718106747 22.946041315794 305.105792999268 157.503645062447 58.4240610599518 5613.43403151631 245.38657695055 26.425532668829 81.3372168242931 2.33763161301613 1529.65393906832 0 4344.87313705683 8037.88384988904 488.888519018888 417.417534768581 9675.53876549006 2913.67290490866 314.099281281233 784.171568840742 21.333948969841 2.33675587177277 134.606777250767 548.442224979401 53.5208983719349 2205.13569149375 574.241221785545 1220.11830249429 643.584980815649 284.028183549643 32.3835394382477 57.5474777519703 151.615627586842 33.7815704345703 129.240167975426 69.464580476284 25.9525924324989 7.57681491971016 0.971572756767273 15.1372214257717 22.8637554049492 95.9632322490215 6.11503019928932 0 6.84848800301552 83.0316091179848 13.1279892921448 52.9189575612545 9.19214272499084 2.76245319843292 1.95406937599182 11.660769790411 20.1932762563229 0.926428616046906 469.672612369061 26.3505649864674 3.88466104865074 7.69735914468765 4.48482173681259 116.15918648243 282.429831951857 824.834059804678 254.251562744379 7.17232239246368 42.2093221545219 444.387729227543 246.086417287588 29.1662448644638 79.4787366688251 2.88584625720978 0 2.94870167970657 35.364012658596 20.6100953221321
477.370205670595 358.166189789772 17762.294591099 19.513063877821 2.29691872000694 322.860222816467 3437.30196139216 1070.85594573617 270.451167702675 161.789693295956 190.419541358948 23.7588577568531 37.5954810678959 1344.28850725293 4.59838959574699 20889.2891090214 6589.0181851387 82.0760832726955 659.74488851428 7.52204322814941 30162.1755976677 4344.87313705683 0 1580.19175520539 21.2163094580173 2237.75316989422 16586.6633087397 9420.77029985189 887.885991692543 8014.8445443511 4.81484654545784 10.6431480646133 289.955780357122 4786.95993751287 244.839123010635 11041.863948673 3744.08762335777 7906.39226013422 3868.56080940366 578.697222113609 118.046268343925 8.76676869392395 814.048258990049 220.4566603899 771.706675857306 425.085784822702 70.4029598236084 13.9247335195541 0.662265717983246 17.7903756797314 123.73180860281 1006.89493829012 0.546635746955872 0 8.64550498127937 159.031338870525 33.3618796169758 51.3914466500282 9.11793482303619 8.34208419919014 0 3.59879523515701 57.6577686071396 0 1682.51783776283 176.081213265657 1.75580683350563 25.9121596813202 1.75265225768089 338.066742688417 922.011430889368 4405.43911239505 292.079827338457 7.64466273784637 157.893992632627 3690.39184376597 371.326131224632 66.3389915823936 156.418165564537 0 0 11.5771152377129 169.346962094307 86.325466811657
390.222103774548 804.781428188086 315.610805571079 4095.60932224989 57.0979121923447 627.557888299227 4033.47203302383 574.978492021561 16889.2326655388 1901.24533200264 45.3772818744183 781.833703517914 91.5861495137215 617.2941005826 828.498171180487 2987.93016019464 101.453559160233 8.35251331329346 30.1549234092236 1602.63908043504 1235.81321111321 8037.88384988904 1580.19175520539 0 129.364838659763 174.717434227467 2907.18720027804 32966.8470077217 932.764005184174 1311.02032276988 6.68058535456657 10.8898180425167 217.253193259239 653.921568334103 52.2870896160603 1599.42699813843 111.326178729534 641.940503299236 306.762451261282 1465.89871734381 87.7130112051964 10.7272732853889 348.354143083096 14.8568043410778 168.69575625658 59.7295189201832 163.780774474144 55.9657605588436 1.6650915145874 99.5297558307648 10.9317460358143 42.2192113399506 434.429889112711 0.751801311969757 185.2322653234 1163.00555866957 226.343030124903 532.305140048265 461.777762949467 8.43634980916977 141.730911046267 7.02844104170799 231.049137055874 27.9528373479843 168.782653957605 9.02527877688408 0 7.09393429756165 315.566207736731 168.355055630207 82.8918910324574 256.142139613628 2229.27631914616 1.35334825515747 21.4375843405724 175.583451807499 2457.54226258397 256.11786878109 166.215303629637 0.442283004522324 0.877151012420654 31.9984949827194 124.189556777477 20.1197566688061
3.52829864621162 1896.67506968975 30.6216470599174 3.69577503204346 0 0 10.0799307823181 18.3438206315041 342.924826264381 3.70535111427307 2002.53689718246 2.55065083503723 7947.24518728256 41.0249961614609 4.58839601278305 8.1546650826931 70.533542662859 580.113961517811 659.064344078302 0 13.2437406778336 488.888519018888 21.2163094580173 129.364838659763 0 2721.79503077269 4544.78430777788 26.0040252804756 28.9797946214676 8.88665705919266 368.575490027666 1.50302219390869 0.940327644348145 277.40795275569 4.55627435445786 212.936580985785 1143.49246412516 811.930480837822 189.195675969124 19.6905727088451 10.3082635402679 2071.1373386085 7.38144838809967 21.8556988239288 35.2961756587029 20.9684709906578 0 0 5.09968763589859 0 28.2835379242897 30.0898709595203 1.98642057180405 0 0.42849987745285 5.0648068189621 0.63351708650589 1.92561483383179 0.771182179450989 204.32190272212 0 519.888310551643 0.441903829574585 0 0.643776953220367 17.6672742366791 88.4149115085602 37.4398447275162 0 0.572038650512695 19.5143655538559 9.58061537146568 1.79364132881165 195.534926652908 456.224941372871 371.63793733716 3.46724301576614 0 2.47843742370605 68.180443584919 0 0 10.4806645512581 0.977643251419067
176.663028329611 2333.74330791831 11584.5094729364 0.636208891868591 5.46537119150162 99.5370135009289 436.739220589399 439.06023427844 235.845982670784 41.3460867106915 8644.56786185503 18.7348885834217 2022.8473353982 830.822117865086 2.33474969863892 89.8424299061298 6031.54053777456 5165.78711906075 8593.16906148195 10.7702114582062 451.154875665903 417.417534768581 2237.75316989422 174.717434227467 2721.79503077269 0 23995.1508621871 322.131494015455 414.193684488535 654.902653008699 1721.32681080699 57.1548462510109 44.0909080207348 3340.58856061101 45.9783765673637 2908.34121716022 2518.41289532185 4362.37174615264 1270.75247359276 118.766554057598 32.7017684578896 99.4284413456917 204.544288814068 162.233639091253 333.21324428916 123.647810339928 7.03675746917725 1.80861675739288 6.1624521613121 6.76203864812851 228.920208901167 504.835356295109 0.417076736688614 0 1.22248685359955 26.1259766817093 8.8537660241127 12.4492179751396 1.98913070559502 260.199953705072 1.26053094863892 682.854174226522 17.9155265390873 0 19.8522298634052 245.500350743532 262.485745459795 466.970040470362 0 20.961856752634 41.0850711762905 128.02088752389 25.6567116975784 525.564461708069 3471.70491081476 3570.14227536321 15.5562629401684 23.901332706213 19.6555944085121 113.241346597672 2.35991585254669 2.73265731334686 122.295756220818 27.2600368261337
146.966070324183 9519.63702583313 17237.4161605537 20.8374137282372 5.38138380646706 94.7062576115131 925.419441223145 372.970099687576 1540.48126506805 75.5162412524223 1749.38695815206 36.8793560266495 4289.57098984718 673.086739063263 50.2157225608826 8001.05574497581 5726.05999863148 963.166907399893 3049.14476472139 12.6447066962719 1952.26274758577 9675.53876549006 16586.6633087397 2907.18720027804 4544.78430777788 23995.1508621871 0 2917.26102611423 466.891203016043 879.586238056421 1696.9833483398 45.8509994447231 89.9237682819366 4054.93701893091 192.707879394293 10500.5641373694 5210.77365890145 8719.99491801858 3428.67108654976 511.994821995497 96.3949375450611 58.9617050886154 925.105023562908 347.467885404825 1128.20099756122 485.812074005604 46.4952110946178 9.13901847600937 14.6170886158943 19.2141407430172 654.628586709499 2214.08516451716 7.52983230352402 0 6.11746519804001 159.59299787879 36.6371497809887 36.9930398464203 12.3502608835697 167.075634509325 3.96293431520462 451.406126558781 61.1010259687901 2.35822549462318 557.094518005848 651.643767803907 189.443152010441 464.792327284813 6.51767951250076 184.282411634922 720.131497830153 2751.79833480716 118.749795794487 466.339916586876 3445.16581094265 7357.74594205618 162.200206965208 44.7237404584885 119.113884717226 59.6780593693256 0 3.21982955932617 305.081341713667 66.5441812574863
769.285763710737 168.86372178793 1640.7951554656 17618.9406518638 9.54170200228691 1350.3902888298 26294.3234072924 1150.70400777459 3703.1070369035 10378.6974734366 51.2633147537708 1122.27258491516 56.065893560648 1487.94969585538 157.350550472736 6240.74535471201 355.548895925283 11.0127296447754 54.4021309018135 4773.96064028144 12343.3115654588 2913.67290490866 9420.77029985189 32966.8470077217 26.0040252804756 322.131494015455 2917.26102611423 0 2145.39469787478 13028.7642294765 1.33218222856522 18.2981112003326 648.849269509315 2205.14569240808 161.49372407794 4644.13919466734 255.510354965925 2000.2112801671 1050.73014065623 732.898330509663 217.251502484083 9.16528931260109 426.327401429415 20.0146872699261 245.312058627605 97.8555051386356 163.27780559659 39.704880297184 0.645013332366943 105.176197737455 21.5605381429195 66.555633097887 275.08276411891 3.17745965719223 136.886291891336 1125.18906104565 206.16726398468 469.461407601833 453.834335833788 12.6359516382217 133.265633136034 1.323481798172 252.11546510458 26.4609019756317 314.601096481085 12.861531496048 1.1758788228035 7.92422613501549 254.947733074427 298.542721360922 128.733499348164 429.118550181389 2473.31174111366 3.19972488284111 23.2389061152935 221.337518692017 2681.90391284227 294.371351242065 234.122170448303 0 0.358957678079605 55.1792267858982 154.280106961727 30.7060757875443
8926.15545892715 56.8001966178417 270.129862517118 157.018981188536 241.673733174801 397.18607160449 3722.38732668757 1388.61800798774 515.875069797039 985.545652508736 564.037566155195 218.24703720212 178.532779127359 10945.3188877702 21.9419622123241 147.49456101656 483.104472488165 54.9004926979542 199.612310230732 179.835022747517 714.813991338015 314.099281281233 887.885991692543 932.764005184174 28.9797946214676 414.193684488535 466.891203016043 2145.39469787478 0 7705.54031091928 6.83476507663727 3478.71823012829 10625.2742718756 6542.39586001635 69.245091676712 1956.76217016578 192.685128569603 1914.7627542913 426.492346763611 834.455993652344 1117.99032366276 48.9753792285919 47.6232431232929 13.6973677575588 22.0430120825768 16.2978626787663 19.6842311620712 2.88876721262932 1.32441282272339 5.17020347714424 6.31756979227066 18.1546569466591 10.3136675953865 0 17.3932029604912 147.436924248934 23.7246524393559 40.6042627394199 14.0723756551743 2.84695267677307 0.362330079078674 0.370292484760284 31.0794120430946 0 34.1395890414715 2.62007015943527 3.77219343185425 0 4.61442312598228 32.9743667840958 13.7800303697586 44.2267759144306 281.169702857733 1.80929043889046 13.4305475652218 51.5651839673519 292.017777889967 30.8033121824265 31.8151034712791 0 1.34499219059944 1.51308187842369 16.9336087107658 9.67769828438759
4073.16263857484 69.909597158432 2219.52210599184 33.2677787840366 3.17201182246208 277.588497668505 11281.6236421466 1614.00103330612 706.253046989441 172.350075006485 81.5941204726696 15.0916616618633 23.2111622393131 3395.43703004718 7.45319390296936 472.366931319237 1715.99737480283 32.1428959071636 278.977270305157 16.3848479688168 18110.9966038764 784.171568840742 8014.8445443511 1311.02032276988 8.88665705919266 654.902653008699 879.586238056421 13028.7642294765 7705.54031091928 0 1.0934291779995 5.74450275301933 716.411048382521 3321.65503925085 75.1489899754524 2167.17482823133 211.154983699322 1792.75624477863 731.401884943247 254.590684890747 68.3599444627762 5.11378988623619 119.767879933119 13.0820921361446 63.5945380926132 37.8792229890823 19.8421363532543 6.14518424868584 0.796245574951172 28.2144216299057 9.54230737686157 67.6330596208572 9.70827704668045 0 9.07372081279755 192.006156265736 29.2960680425167 93.0086105465889 13.5587361454964 0 0.789523124694824 1.00156676769257 48.8863661587238 0 115.935921192169 12.1832764148712 2.03613752126694 3.41167744994164 5.69459575414658 95.3349457085133 42.0695311427116 159.848420530558 428.554621070623 0.681005954742432 19.4095869660378 157.467314213514 508.901280611753 50.5699035227299 55.0235896110535 0 1.12366414070129 12.9374707937241 51.5469076633453 19.2273698449135
0 68.5309232771397 3.16098147630692 0 0 0 0 3.32696479558945 5.05257043242455 0 783.139323681593 0 2800.03228881955 4.05596554279327 0 0.621311664581299 9.24469336867332 121.401223957539 51.6106607615948 0 0.843549907207489 21.333948969841 4.81484654545784 6.68058535456657 368.575490027666 1721.32681080699 1696.9833483398 1.33218222856522 6.83476507663727 1.0934291779995 0 0 0 41.6528896093369 1.82662260532379 20.1913581490517 114.525295078754 113.512984007597 12.7662736773491 0.532197296619415 0 12.9750719666481 0 0 5.84763360023499 0.91324919462204 0 0 1.04930198192596 0 9.85428327322006 0 0 0 0 0 0 0 0 31.962134540081 0 72.3689278662205 0 0 0 2.05653351545334 24.9940302968025 1.15962898731232 0 0 1.23214101791382 0 0 17.766338467598 69.3665196895599 56.0319917798042 0 0 0 17.7817697525024 0 0 2.61459469795227 0
