0 113.389590092921 93.5946767372598 75.6587973073866 74.0268421191603 73.6934434120716 36.6706009048795 44.4978315966124 65.3381924886526 80.7387842641166 97.2570520646729 96.6279609632931 70.908892297984 19.6193740277646 105.868151536521 95.9703390844253 91.4353212474805 118.424957012269 109.391677078027 85.6949990391136 73.5321099926247 71.012827805605 85.823378380526 75.391248162186 116.064105619753 113.120360248195 115.570327414647 77.3038019668076 21.906455828113 27.669087027706 0 82.4684366207837 29.8604061621452 51.1628127832235 102.306402438615 65.4958159275172 81.4723769515886 65.9638804846075 75.3815666326977 57.3577086790824 59.0221925453127 79.3096956607264 156.204430411055 169.512573242188 150.880394053549 126.413989170239 132.779220928764 154.127820440478 0 144.728147259715 100.407569885254 158.978496931316 147.286554855021 0 150.755209249309 134.99561483364 161.597275034451 89.877664590257 161.898669731314 98.8586883544922 128.114065971229 0 160.440701083357 0 131.322332270084 175.137350650788 225.690689086914 0 131.742797851562 140.093264885742 100.13934030862 161.208022458001 115.199541873883 141.877136230469 165.949894954354 167.171966886993 128.390205348301 152.688706140002 171.250777879651 234.718612670898 0 147.236175652861 159.308640509176 118.485338461909
113.389590092921 0 44.4743780254986 158.689102172852 139.244323730469 135.238565613394 121.324568220308 118.012658985139 71.5489636204421 152.939025809867 58.1934354481951 124.090271881279 40.1270879223139 111.635321008879 104.678804962353 73.1914255259542 53.7897534055882 63.2545825237138 53.912859656646 132.635578523267 98.69384027624 31.7208834213687 70.1798917258701 82.5293785813435 27.1613374684162 43.7482279186856 30.6343597648281 101.716706160071 109.466196547897 105.894258005395 62.2219637622933 86.922152931651 104.30583778572 60.3225278122752 122.830036829218 73.5849975627267 44.2455270519001 51.9234031505988 58.5376002835371 96.8623629320663 85.4993960599107 45.8509152441594 92.3043674825823 78.1745697685061 76.2564853730419 78.4660520132473 109.349209621981 89.0762440716228 76.8697509765625 151.553009130442 18.2578552604168 66.5942792186888 171.265414077821 0 146.456390380859 133.562553560142 136.132291761667 98.4911518508028 156.045007117184 92.8751157322649 0 67.6819794618756 141.190863050135 136.605194091797 112.271891368491 76.9030948356402 99.5860085166615 82.3587172613519 172.24188770025 130.615090878261 24.7796174377246 87.7140380727365 130.04620894998 39.7225940153938 69.1300784256743 63.4568515790386 148.75750136666 148.189990107782 95.7254858131528 98.9233892499869 136.324630737305 0 83.7479776789437 145.62691267097
93.5946767372598 44.4743780254986 0 116.981044801929 174.274551391602 113.919357061921 94.7439720405356 111.076509500587 100.695170771792 121.156003592646 77.5728234142213 147.578678086422 99.5007374897183 107.588550147557 134.770310641761 87.6542985400536 41.9571185187107 79.8179324302135 65.5105506742792 144.006843903987 65.0562245588653 58.6317247484172 37.2564247996192 101.915107020548 78.2074187041549 30.1080343950045 38.6792972175137 84.7584418649031 107.528602644542 75.8689129308257 109.999813405807 109.754715138347 102.232997365075 58.8238180777169 130.949372113501 70.49472338979 43.5556215076699 53.8153393363196 60.4536556226398 99.4954842416068 92.2602318064923 89.6104451105296 117.455268141053 95.0248915856955 103.069007477847 111.808696973164 149.203487132998 115.294368162751 91.9909610655656 162.76330363317 57.2455014073781 92.1552624320179 182.447017170138 0 184.759345184023 154.691571595579 164.888619474683 143.073029898602 171.7641359107 123.821786194394 161.750396728516 127.004071158058 174.819644140494 0 120.186726596484 104.556394435805 147.078562457924 119.795121470444 187.281188964844 138.323902337828 75.5069381447779 109.725889971613 144.761878969063 91.9800803477181 97.1055873972637 92.1011746848133 161.078630050089 170.87452799201 139.762440941581 152.048300963818 0 156.440871986959 104.757454087824 146.547270692549
75.6587973073866 158.689102172852 116.981044801929 0 96.0192033877141 61.7326106348068 52.490064652877 96.7660829560045 56.9513032929061 25.7696074927984 147.794517647752 44.7737957845878 121.668252584862 103.499694823719 69.8051465621794 92.3607228536773 160.217818704551 215.216598510742 170.237159988186 13.17007403985 119.619780451016 85.0864469648579 116.99517961496 27.3108132069382 171.675049633344 205.522585057351 124.213543915208 19.4003231957564 100.064237669405 99.1915766418534 0 135.796567426591 86.159797563103 100.368764675982 89.8678796532798 90.9355651858398 131.518218994141 102.858804436185 102.013043870915 73.0712680104721 104.359818493795 133.108978271484 109.66684894503 0 168.655082044085 220.458465576172 112.181608613768 188.491851806641 0 165.47617462829 197.111709594727 177.014547459161 75.1564793490491 0 140.850982215726 135.497632304607 156.42177895173 82.4162680194614 52.8771792752258 0 41.1953679286526 0 149.737731341036 122.622420106822 183.535690307617 204.626983642578 0 0 98.5480246754101 151.320068359375 136.39789343543 184.809798405854 113.511989138354 0 0 177.665011123262 138.331517735584 193.563449547866 125.11413221928 0 0 0 172.010406494141 0
74.0268421191603 139.244323730469 174.274551391602 96.0192033877141 0 13.0400588705802 114.996473490933 20.5555616138616 51.8238464565613 105.626469784258 53.0707130773795 51.9635296039867 45.4407249380133 31.7371265037332 15.5010154536243 0 142.112567653563 77.0074887975426 69.7573229976684 115.300478222729 0 107.45793862632 145.354336141185 70.9631330677242 0 95.7619577552011 107.598112392585 111.03483875942 23.7949363019092 109.41562232986 0 10.5986136896699 0 10.5245269264026 0 62.61369039038 51.7599678039551 42.032754357837 46.5785270163602 13.9844023754674 8.96332983843917 51.6654418072558 0 0 0 182.035308837891 89.8476333618164 0 0 0 0 0 0 0 0 0 0 0 0 0 0 63.0189361572266 0 0 0 0 0 0 0 0 0 0 112.846038784062 0 0 148.116195678711 0 0 0 0 0 0 0 0
73.6934434120716 135.238565613394 113.919357061921 61.7326106348068 13.0400588705802 0 52.9874219783604 21.3112692817165 65.2560641158963 35.2014177833 95.6593418690585 32.7484158446736 85.7810764550573 50.9709640728688 18.5856247031732 131.672764378964 129.254579209061 113.421489095755 137.462201130435 51.2708150709045 101.689912302497 113.516275801335 110.41084190801 74.9617521781501 0 129.703025843323 133.093391732352 78.1445998178547 76.0599973182877 81.7598315172253 0 14.7458992545113 100.654477911298 47.563674575352 16.7876506108126 85.6336223154857 105.162954986014 91.5760484923771 90.6168831991427 20.4365331915223 23.4202178825687 73.4482268349117 112.821094399306 0 174.33627537443 164.57505652203 138.663098612712 205.792821761601 171.746032714844 162.650338909021 142.683691173299 188.999951852614 146.781790867519 133.500015258789 155.601111949906 146.767329384027 159.904252688991 104.414608591247 159.398354930436 204.802598580723 113.633115393887 0 163.083517149425 132.043079447815 171.580855872963 189.860238490346 0 0 138.002464509134 174.134406137116 145.200807104622 167.058309142295 125.357351631806 0 197.324680805716 183.462473544944 147.060724859328 179.537854419082 152.444866740911 0 0 184.163219614092 156.305918169889 177.019378968151
36.6706009048795 121.324568220308 94.7439720405356 52.490064652877 114.996473490933 52.9874219783604 0 58.5518574028067 60.0884859851134 30.7184484614516 124.730943918602 51.7185389849634 109.107118506812 43.9740598825713 78.9753941001358 88.7091049182059 106.502138075716 141.099326175053 126.829310223712 42.0700483705639 75.7431073590277 81.3348598178238 84.4786848371413 55.8223218659951 150.870324392806 120.138893899678 107.275656034926 41.5793958806039 68.7048881701215 31.4274526433418 0 121.373228712256 70.4481950349191 81.4144951514722 102.283691957728 84.718592777334 102.816458937284 86.7423743618389 89.2631164911931 78.8454131344904 87.1389854355455 117.09640468076 142.403092071858 161.870505583473 150.921425381049 148.084965302179 133.424545313832 159.7801953733 0 143.337386050241 140.097527414833 157.844332244778 138.995612045435 0 139.758225249732 129.61065800326 146.347481032578 83.1005320670209 142.770872034619 177.823539292076 125.229213590162 183.926548747816 157.351290174717 120.823501338474 145.132912685878 169.959831627111 171.947738647461 199.389522340298 124.564824466685 150.402739286783 121.067485958519 155.880605019389 111.976884998205 193.142364501953 177.181450219019 159.756046324258 126.929777635576 151.259918813814 149.385538800452 0 211.905838012695 144.239709592733 158.230557602364 154.824078445203
44.4978315966124 118.012658985139 111.076509500587 96.7660829560045 20.5555616138616 21.3112692817165 58.5518574028067 0 79.4194383064868 54.6290331983577 70.8623637725797 74.0616944264359 56.4958711847635 24.4435249915617 36.0489168054946 120.686254926714 114.327713478875 101.820063331929 115.750669044805 81.770121442614 94.1286282491962 102.343678780636 104.722241558773 89.2024928535759 101.709722458322 120.21340861052 126.893046152637 91.843873184402 51.3554251317525 72.5188069771947 96.2572650536943 27.1505066106132 82.0671928008831 39.7162730521029 106.565771403174 83.4125707904702 88.771372254798 68.195359043618 73.5417559326842 28.1601396324776 22.6049691567615 61.7873642360679 154.763730828972 177.00839660257 173.699600481707 139.144749479809 158.946200861675 199.49065539763 0 151.002091632937 139.465602447621 168.263278959428 169.84051622865 0 174.740970938587 155.960228121867 172.177781105355 114.167537595723 166.74965922105 98.9807366336989 149.767638684376 95.8757311271866 181.937270478742 162.976226371909 159.091736080183 183.73867217526 151.087860107422 195.017489981099 139.474222573442 157.918781087539 152.693268241702 168.071191300925 134.956490929201 154.968238019659 175.679325927463 168.104496893427 148.296025418766 173.044989021683 175.938483554336 0 0 153.65869140625 170.223584340845 148.718692535048
65.3381924886526 71.5489636204421 100.695170771792 56.9513032929061 51.8238464565613 65.2560641158963 60.0884859851134 79.4194383064868 0 73.1988394446273 125.82628198255 25.0512093751291 106.835001577287 87.671232323456 27.2433280571847 69.7289524649597 116.873228785538 138.488270090778 129.344076677856 56.8991736668611 72.9102123263148 30.4478628115683 94.5754039358602 23.6322256627963 98.1933122322625 116.585407841885 92.1899842042619 53.9733690206057 81.4259531426031 63.9623080348293 126.874495479146 111.193100420848 67.0486387323165 86.1466598505529 110.46065576663 69.2779442752002 103.36679692021 89.2750401182507 88.8438024776863 27.3730260016721 88.5876274495257 116.533914879332 89.5372720820008 131.554684517804 120.001950961055 112.560447965646 69.2434143921884 119.806711800675 0 97.4557689757206 92.1287412417471 146.801691505371 80.685628538347 0 93.3791464667541 85.3092355179509 108.658239497645 29.5518662019471 94.1040710645797 158.000355988166 74.7040012034787 126.575058193114 113.579406963822 59.6925734144885 100.087669754016 139.580320291591 192.233574478241 154.992790877601 75.1671991605923 92.8943144268524 79.904584714354 132.331061802688 65.2737405436029 128.028354636006 152.823537694856 134.165078691606 85.4505919404044 119.375994347799 98.1535303277499 0 155.628714201077 90.6327248521391 115.11413414033 159.445012115783
80.7387842641166 152.939025809867 121.156003592646 25.7696074927984 105.626469784258 35.2014177833 30.7184484614516 54.6290331983577 73.1988394446273 0 134.521178269293 25.8397854564052 122.421732159508 72.5538652246704 75.3107009138207 107.822804918805 147.746073192059 163.641189626733 154.779608522619 20.1677508757295 107.944218376239 116.229588590299 110.122572749678 59.9526733996879 152.988613926624 156.455888024628 142.930979915153 35.9462391622982 100.528303055969 91.8204413873796 0 128.433945203827 98.307045472124 100.222173048367 40.5599302313335 98.9842158658178 122.48566703718 101.472156148846 105.048040459238 79.7811197426796 99.2454056207246 127.672920500893 106.493260819265 156.608575748148 173.259032093229 145.523635864258 128.135297559903 194.529315297037 0 165.72426625242 144.497307331639 205.235319295929 154.171031495877 0 157.776001372467 146.022662032354 163.493324268093 99.3639838299586 159.241790205515 235.288848876953 99.8928779338649 0 173.354166288438 121.600843265216 155.421661376953 237.682983398438 0 236.973724365234 140.805549081191 173.601720994601 137.980237602038 181.654253928824 124.355183012139 0 203.604366430838 187.42734017 149.188208248412 190.852532709142 143.005746182543 0 0 173.239057793973 190.927854066316 172.055746597567
97.2570520646729 58.1934354481951 77.5728234142213 147.794517647752 53.0707130773795 95.6593418690585 124.730943918602 70.8623637725797 125.82628198255 134.521178269293 0 135.604958223212 18.4279249883813 69.6300003477603 107.595345228607 124.270127653213 50.4526027485634 21.308081597605 24.5304237000449 137.322942365748 96.0349079152031 99.1426383965831 86.8945066979445 137.152270899722 31.9609495557463 29.27161326399 55.9758067280862 134.96643137189 71.0001679319392 104.292978490215 31.7812162054932 64.6730318228628 87.5703945034569 23.3436391448485 130.358120613636 71.7443119149956 24.4726657583077 25.0333385615593 44.0114140381636 63.8804808918931 48.7822864469338 16.6079247773056 164.104022813163 72.8362905818765 111.993460725916 164.682430147799 0 138.047886454012 50.2884411340597 181.442266380411 80.9957230050577 125.228831296089 0 0 0 201.319548129952 240.994567871094 169.048400319286 0 70.2637690705314 0 61.2304729243818 164.410872940674 0 147.289505004883 149.13597781892 93.1039449713851 102.196110556604 0 0 109.103013787178 185.918128490136 198.071801239979 52.708770545696 91.3541340352728 100.564570412194 199.75953413472 205.011345264431 178.222105733933 85.8288753239972 0 0 110.93469004023 205.004028320312
96.6279609632931 124.090271881279 147.578678086422 44.7737957845878 51.9635296039867 32.7484158446736 51.7185389849634 74.0616944264359 25.0512093751291 25.8397854564052 135.604958223212 0 113.742889176849 96.4927219894676 18.9609284918835 122.972389916521 175.873153686523 151.821583367257 193.822144491842 17.3175565321544 139.887175002925 81.6850443476657 152.735811509122 39.9314515120705 132.425196335823 165.822889773022 147.19558628859 58.0792176511448 104.55703630124 122.703834816063 0 110.4386661211 93.3820114135742 103.59394564831 16.3091178503749 77.3619533863715 141.014341257576 107.108430620329 111.029814363641 37.1004865585414 98.5323981963683 117.916943747011 68.5499681901595 0 173.4461545526 0 93.4546445934621 0 0 183.138641357422 170.570791394721 0 122.680401888064 0 139.539047831424 142.453891549897 160.873430884859 79.335755587932 137.924498634747 210.986363759114 29.0871441156133 187.584503173828 179.148853843905 105.822828579437 107.269889194911 0 0 201.948776245117 115.117307307246 0 148.225504370755 0 101.553525089856 0 208.206679450483 182.284797652938 127.617851546 192.753413154065 169.221354640505 0 0 0 200.87244634201 151.57091846318
70.908892297984 40.1270879223139 99.5007374897183 121.668252584862 45.4407249380133 85.7810764550573 109.107118506812 56.4958711847635 106.835001577287 122.421732159508 18.4279249883813 113.742889176849 0 62.7954906197568 165.055234031471 102.324502067928 82.1783583740746 40.1006437823009 54.7621601260442 134.388844770458 111.153433397377 77.2709407221563 101.846299423127 126.951738574501 17.6721697451329 32.7826348281592 28.0684685370254 122.11860426756 62.7925893424921 102.739433280075 13.6416888005316 56.5809237515512 82.5082523263263 22.2429418244797 68.5226367572033 28.3706484595829 19.0957968131138 21.1353754721834 18.7109537286874 42.0118136087915 15.0917378620423 10.6594528515166 75.0094528938881 57.852556403201 67.5428610791966 47.7057184003317 86.3357700718385 52.2557686097777 32.0154213172368 0 72.9583460827717 116.879813877279 0 0 108.010437011719 183.616457838871 65.2382581406854 142.709837855223 146.81103515625 58.9072454942036 114.635353088379 51.3466654642974 124.88010681762 196.852386474609 147.836525256219 115.152786044721 77.8174645691955 91.7812600508849 0 175.740814208984 117.288707002885 146.988247951051 166.831874268285 44.2579738363663 78.8986208222733 85.9439691860131 213.916070205484 100.226867505606 222.640838623047 76.0659599075077 123.241706848145 0 99.719575582248 77.7848595986634
19.6193740277646 111.635321008879 107.588550147557 103.499694823719 31.7371265037332 50.9709640728688 43.9740598825713 24.4435249915617 87.671232323456 72.5538652246704 69.6300003477603 96.4927219894676 62.7954906197568 0 60.0929302888444 122.889106883865 109.442264228694 106.808806972744 114.947588057396 97.4130718846464 91.9463672306638 99.9176824160419 102.879329359294 96.37232080907 107.394460888267 114.908347306798 120.953151040243 95.9452572851723 28.2235928194186 64.0352096090084 101.752414132743 23.3404832265016 60.1346202530731 44.7746676520104 111.250618456612 73.1319384019505 81.5951991866156 61.9065918597802 73.3114590717493 38.4735668485885 38.9247344713674 66.8292557695281 161.540771350136 159.625270285728 161.210170180985 152.630263070062 150.222481455728 177.235426243763 0 163.494681687625 119.804818444322 168.759722322104 169.949447758461 0 184.378982122266 159.822482447321 173.035967302599 114.008961310175 190.049384550966 162.66880100725 154.188828696607 148.375100630704 200.962073420582 173.762482618071 160.807079950574 182.66261068954 142.213958740234 205.358015673075 169.01689571953 150.192629898176 176.677628267698 172.540844008112 143.18771325205 136.865270479028 162.500426857025 168.104220512858 151.842703092517 173.027407246241 175.291888225912 0 0 155.646700975836 172.859733628318 153.115089858879
105.868151536521 104.678804962353 134.770310641761 69.8051465621794 15.5010154536243 18.5856247031732 78.9753941001358 36.0489168054946 27.2433280571847 75.3107009138207 107.595345228607 18.9609284918835 165.055234031471 60.0929302888444 0 135.781465506764 148.324235842525 0 126.51383972168 57.2080114226936 133.633984230578 77.5579101335899 121.295415874288 44.3563679681751 139.099555650203 152.496352813833 128.700579855411 81.2383596944676 77.8332303211638 100.006729477745 0 37.2393227524137 110.804183959961 62.7565609081987 28.1750998059368 46.1492405556345 129.320251464844 115.533230141193 126.580311490769 13.5507354025197 33.4953755209602 0 62.4876415304283 0 145.138778686523 152.745147705078 76.1320625353059 0 0 0 150.532002959235 237.112581484935 112.166955220288 0 126.729064951188 122.538345367525 167.492431640625 56.7378237471128 128.547470767572 0 86.417731788668 151.513641357422 175.900146484375 87.9339787184282 0 0 0 0 119.592179521024 0 0 239.719863891602 111.465388339345 0 197.7383732462 173.523363372437 128.153774034368 168.845123291016 0 0 0 0 0 0
95.9703390844253 73.1914255259542 87.6542985400536 92.3607228536773 0 131.672764378964 88.7091049182059 120.686254926714 69.7289524649597 107.822804918805 124.270127653213 122.972389916521 102.324502067928 122.889106883865 135.781465506764 0 106.380420128774 127.617942810059 115.217571468581 84.9032202018585 21.954316397561 34.9110861881232 21.405537940487 39.3647241215992 103.835553647946 112.34029981183 32.4098602960369 34.8653105528012 98.6232914163431 79.5811539492791 166.728652954102 144.520222562856 74.7815013953466 72.3341754952009 133.959171557725 74.6870242528085 54.8371699995814 73.7705371549987 76.7443987472279 87.4318878751444 88.0324632042031 109.909946275709 117.607225002506 95.5447067028765 112.007488688727 114.624249787193 130.591305656686 139.497007999179 0 134.915994061093 113.657278234735 123.152294914765 149.462432861328 0 166.924796266675 144.789391836044 155.314963248091 89.6904677274299 212.807884154515 174.084854173607 0 188.512519247233 158.720472674677 0 86.2244054952651 152.969946145149 0 162.576909185387 149.82112121582 115.673191961051 58.0746401493099 108.148613655185 106.471006676535 0 146.535026580176 108.90785215699 121.060717612542 140.696842779463 115.90929478297 0 0 126.502063464042 115.18745143569 163.703171362116
91.4353212474805 53.7897534055882 41.9571185187107 160.217818704551 142.112567653563 129.254579209061 106.502138075716 114.327713478875 116.873228785538 147.746073192059 50.4526027485634 175.873153686523 82.1783583740746 109.442264228694 148.324235842525 106.380420128774 0 49.9364343252012 22.2728268198396 164.528455701862 56.9366391750388 81.8993827744536 33.3316090398366 126.220296923425 72.2886801159816 43.3615663290936 64.8985899743835 104.002380481624 95.5407817331465 71.5544075098217 99.9913854568408 97.2073764649393 80.9757587339703 39.0660868596011 140.842144548672 77.1780547572307 49.2509074829069 46.5854904718941 67.9140314730716 106.915980053589 89.6767643849887 65.9061460842348 131.320653513262 109.07385237664 111.819448394712 121.142664835032 104.121315002441 118.025344848633 0 186.420024696453 69.5146239657584 104.719476363863 234.068954467773 0 215.260971069336 175.198338041932 211.10608155982 159.843805814279 0 118.820170437352 190.417068481445 118.488476336258 180.335893134188 0 140.000531394125 114.153755080598 128.237390196951 116.423327568275 0 147.772967059165 91.4211178256279 139.278901450693 154.635449538358 89.7470440249441 102.336708985757 104.526668526246 167.291492660809 159.968374813633 163.129934209241 161.213104248047 0 0 114.397541669375 167.811219059172
118.424957012269 63.2545825237138 79.8179324302135 215.216598510742 77.0074887975426 113.421489095755 141.099326175053 101.820063331929 138.488270090778 163.641189626733 21.308081597605 151.821583367257 40.1006437823009 106.808806972744 0 127.617942810059 49.9364343252012 0 16.1867286799384 166.694507196487 113.489279644432 101.505591128712 96.7468179186578 157.123819536571 42.0573289906943 25.823097921405 60.0469265010255 163.626559261549 102.20410565661 115.910845230409 47.669149797587 95.2197475410838 113.763558479927 54.3159361155623 157.87931308102 85.7099213644714 44.7128623089876 51.4270982229476 61.939847069832 98.0848473088417 73.2602400906526 49.5807181741728 131.519294237101 97.4928593761455 118.930329211373 131.714478697827 0 0 65.6831511916351 0 90.0234998674733 138.854687643226 0 0 0 193.364730834961 0 161.982275671811 0 87.183333592776 0 78.7280451264749 152.036396627635 0 186.931417990234 135.559988321181 95.4140618173878 106.523156708304 0 151.262329101562 111.44056463772 172.268703272295 219.101900989779 66.0088727953742 93.9038793283913 99.2502626369816 222.982295883073 212.179550170898 180.379318237305 92.7038994248564 167.921997070312 0 114.479845202092 134.975891268351
109.391677078027 53.912859656646 65.5105506742792 170.237159988186 69.7573229976684 137.462201130435 126.829310223712 115.750669044805 129.344076677856 154.779608522619 24.5304237000449 193.822144491842 54.7621601260442 114.947588057396 126.51383972168 115.217571468581 22.2728268198396 16.1867286799384 0 177.24690246582 86.2629501578676 100.990650499677 72.2739410502396 136.43838024056 45.2997559049184 36.2608734591359 63.4612419418406 129.588430437783 105.695035018313 97.3950626978346 60.659603065318 85.4108889395397 92.6617598639466 45.5038593020882 131.459217285383 85.1355776416842 51.6784072292755 53.5093029040885 66.1893058711669 118.419265588089 107.937981872932 60.6777514370994 147.636045957959 105.107089471909 122.16327693251 121.265233205585 140.369306471777 0 111.301475654261 0 77.0951573034208 123.897788317575 0 0 0 202.155884574315 0 161.777974300111 232.227981567383 99.6863147632995 0 84.7684225828194 169.704641838028 0 180.721167650602 124.431537438291 103.14104052634 111.443320156056 0 173.089856725171 113.303684504129 148.184585256027 189.598042599837 67.7886225475294 96.6024864583598 101.301125072435 198.909470902032 204.989400221154 0 100.564822347878 0 0 124.915136587966 0
85.6949990391136 132.635578523267 144.006843903987 13.17007403985 115.300478222729 51.2708150709045 42.0700483705639 81.770121442614 56.8991736668611 20.1677508757295 137.322942365748 17.3175565321544 134.388844770458 97.4130718846464 57.2080114226936 84.9032202018585 164.528455701862 166.694507196487 177.24690246582 0 138.06174293325 76.3764586633627 144.547395616151 27.9802220059892 0 172.442699110483 161.573924862254 30.2905718786675 105.013492640657 119.058906602267 0 125.271190392564 102.017258591339 104.44019905001 62.146637261858 98.6993134262913 102.775075992989 104.828146901366 104.044382495607 70.9682489248329 98.5656035188237 139.097145456852 95.1721364472786 0 143.715490623946 0 106.017190533794 169.76887512207 0 0 0 0 119.565792876337 122.648368835449 148.577951984963 132.715030351813 153.349380344521 84.3965387244021 144.499292413516 0 23.3898971239065 0 158.234493195811 114.970072647693 0 0 0 0 114.232405447372 0 138.079254150391 183.094060671464 113.532612403976 0 0 145.529663085938 132.177697818028 191.412872314453 149.198760986328 0 0 0 177.956508027931 208.048202520014
73.5321099926247 98.69384027624 65.0562245588653 119.619780451016 0 101.689912302497 75.7431073590277 94.1286282491962 72.9102123263148 107.944218376239 96.0349079152031 139.887175002925 111.153433397377 91.9463672306638 133.633984230578 21.954316397561 56.9366391750388 113.489279644432 86.2629501578676 138.06174293325 0 56.4585445387528 37.384043850296 39.2414660673681 131.380884170367 91.3599295106897 76.204351353657 30.7819418539061 77.1274332549518 32.4196623660233 141.065053210173 136.709593460813 68.1400545538894 46.354284969461 123.284402122233 67.3888282016162 55.1607218940004 60.556922061063 67.2549914256462 80.244259295975 81.6813803961826 104.764066576106 127.706540449341 115.341941251144 128.288919588899 132.505639080902 134.534661693503 167.025752553761 0 138.043920609675 95.1409636916192 131.967288978688 140.249516106008 0 182.275109010778 138.990007841823 155.408025269373 96.0537113330606 170.476143067132 154.380738607901 149.726211547852 175.292576699617 164.649338085613 240.746551513672 109.847011898692 152.956979833558 0 181.367929035037 0 120.008666083305 78.4000070299975 122.232803510126 112.52588054134 141.8628218794 152.977354644696 127.536200052888 126.165077062484 145.041408346056 127.468184099325 0 0 137.66588286819 127.040934698849 141.929042505445
71.012827805605 31.7208834213687 58.6317247484172 85.0864469648579 107.45793862632 113.516275801335 81.3348598178238 102.343678780636 30.4478628115683 116.229588590299 99.1426383965831 81.6850443476657 77.2709407221563 99.9176824160419 77.5579101335899 34.9110861881232 81.8993827744536 101.505591128712 100.990650499677 76.3764586633627 56.4585445387528 0 53.2422967010572 38.3934000633288 65.8645990374624 86.1386731703693 38.9495221772124 56.1347837248318 75.6836813358178 63.5877001375947 101.973814027384 126.066277012367 63.0272656650781 61.1255136039023 116.958894544345 61.5291603128207 45.2846464791558 59.3649558894548 61.5399042560048 68.6987542173514 75.7838007332733 80.1234912245547 95.4942809377609 74.2367026008075 92.3218140381171 95.3603368798394 105.312686695304 118.624004833289 89.7306976318359 122.346826641836 48.5898850322963 87.4637566171777 126.762371611608 0 140.412505156818 106.735225552852 140.089465643449 56.3765007162032 139.982597483194 134.928169650325 134.619813390914 104.392622906913 140.280312802486 130.938192615856 73.6241924300248 104.779597044433 150.797682971492 121.915278794764 109.36093434504 81.7761624389727 29.9022308101481 80.665676748082 74.9068205496232 117.195900873932 118.435051064881 79.2218498221755 93.1279244544623 107.189642942605 92.1907490130011 156.993684774887 0 115.221841060445 94.9902269719419 134.097820515097
85.823378380526 70.1798917258701 37.2564247996192 116.99517961496 145.354336141185 110.41084190801 84.4786848371413 104.722241558773 94.5754039358602 110.122572749678 86.8945066979445 152.735811509122 101.846299423127 102.879329359294 121.295415874288 21.405537940487 33.3316090398366 96.7468179186578 72.2739410502396 144.547395616151 37.384043850296 53.2422967010572 0 70.2609425409672 102.269513660484 70.6636998125665 46.1976412920193 55.7956781437928 91.8563547835093 57.5506298108493 117.926859341746 115.560788132914 75.5128734518914 48.7288358192974 125.715170645222 68.1469096903938 46.9308262433357 57.2925231651996 64.6546808189709 80.8738187469404 84.1275192709757 104.671110888709 121.382644923535 100.323907841858 111.816789749303 117.220046000612 131.542302414889 143.126325145798 172.766693115234 152.810068007325 84.9906656617928 108.455458059869 80.6580276489258 0 184.753793922254 158.351475384105 177.060147765162 115.542119859772 185.734001358233 153.447521144959 0 176.433017467294 176.442784049259 0 100.702072326553 127.750976451036 215.814541254992 155.920698942732 179.445400088759 124.099644058942 67.2039115299831 110.3146313993 123.984493429093 109.920819814584 136.0179104028 103.250790788416 137.303329657562 153.591423608382 135.373914279927 0 0 141.164224399758 114.082652045746 141.055497544436
75.391248162186 82.5293785813435 101.915107020548 27.3108132069382 70.9631330677242 74.9617521781501 55.8223218659951 89.2024928535759 23.6322256627963 59.9526733996879 137.152270899722 39.9314515120705 126.951738574501 96.37232080907 44.3563679681751 39.3647241215992 126.220296923425 157.123819536571 136.43838024056 27.9802220059892 39.2414660673681 38.3934000633288 70.2609425409672 0 115.518049805061 127.474955180601 84.7466034020441 24.2037447126368 87.7955087426899 72.9413551792578 149.253904759908 134.375434304278 73.9829837250644 82.6090157570306 126.481630755963 80.8670811641899 96.1639154038346 92.1111430788262 88.8553895234018 48.1129190679159 97.2835944247929 122.276923556632 115.564324212637 114.460271596075 133.883732596161 128.751358326511 109.613382661294 145.995997016092 163.833384259945 120.226876010616 143.61203775666 154.121913478929 69.0584970163263 154.58935546875 122.085142448853 112.964321803666 127.35271038208 64.1328013134473 123.679872574047 173.017494206704 97.5381233217137 160.176185694709 139.033600376515 98.3945068124152 113.61833564385 163.682984131979 0 179.652544688642 104.577114621096 119.57888836929 88.4397864698499 130.59387002307 93.0566123418669 209.35807800293 171.235217691101 140.417114575356 108.448179894088 137.10437064528 119.286903126678 218.081680297852 179.743011474609 124.610981790673 128.6807899524 168.687798317497
116.064105619753 27.1613374684162 78.2074187041549 171.675049633344 0 0 150.870324392806 101.709722458322 98.1933122322625 152.988613926624 31.9609495557463 132.425196335823 17.6721697451329 107.394460888267 139.099555650203 103.835553647946 72.2886801159816 42.0573289906943 45.2997559049184 0 131.380884170367 65.8645990374624 102.269513660484 115.518049805061 0 37.5404947226482 30.9525024350651 131.249284267953 96.221881789073 127.744985170186 44.2609600763786 85.1941909790039 141.487899780273 53.7903938696709 134.526210889379 73.783104835868 24.8849229418367 41.1863807719685 47.3657416546946 114.383921376533 44.507172796976 15.4971358144482 122.251418103158 55.0050560466769 87.2645819923857 92.5537960718772 0 0 32.8230394666059 0 45.2083586236183 82.1946229341441 202.445279839331 0 187.64421081543 174.114884183616 184.780609130859 124.954218092865 190.750213623047 50.6789663698239 0 38.2670569144057 111.885009765625 0 143.129776000977 94.2211528778191 67.0945767420257 91.1227966587867 0 119.304733276367 63.5611994221351 113.71015701923 212.188046562581 29.5642707250842 64.9630077766843 67.3850452011235 182.50883641086 0 149.175678624292 67.4658089349898 0 0 84.4826673658501 153.597625732422
113.120360248195 43.7482279186856 30.1080343950045 205.522585057351 95.7619577552011 129.703025843323 120.138893899678 120.21340861052 116.585407841885 156.455888024628 29.27161326399 165.822889773022 32.7826348281592 114.908347306798 152.496352813833 112.34029981183 43.3615663290936 25.823097921405 36.2608734591359 172.442699110483 91.3599295106897 86.1386731703693 70.6636998125665 127.474955180601 37.5404947226482 0 35.1374177003946 117.218060735362 105.736815152091 99.6483087110125 21.2484070514888 97.3268071653738 106.050088722284 55.8063851797857 125.499019589001 80.1762571360867 47.2550877240399 54.6153506904027 62.7935630898627 109.114664072714 96.6873148364131 57.0061676646751 126.325244206015 97.9212680940572 107.683066343679 115.544349174456 196.931906851897 155.645215119016 102.821594923451 160.863453297554 62.1849100849272 99.4627082629728 197.312652587891 0 196.962448120117 178.667351077018 186.865597254356 154.861547252254 200.744272246222 89.9951369283045 210.673751831055 77.6274364462445 170.717760747241 0 145.386707787138 109.388842092476 93.4344758113794 98.4947422604492 0 151.848566451173 100.864818550371 141.281708441874 178.700077797585 60.6158798008184 86.6648533863557 90.7638146504078 177.398607557581 171.079092221589 155.057503651637 95.1340506365484 143.048505381631 160.760899522413 104.010690201887 148.961696526206
115.570327414647 30.6343597648281 38.6792972175137 124.213543915208 107.598112392585 133.093391732352 107.275656034926 126.893046152637 92.1899842042619 142.930979915153 55.9758067280862 147.19558628859 28.0684685370254 120.953151040243 128.700579855411 32.4098602960369 64.8985899743835 60.0469265010255 63.4612419418406 161.573924862254 76.204351353657 38.9495221772124 46.1976412920193 84.7466034020441 30.9525024350651 35.1374177003946 0 81.8919688562568 114.240027665415 102.762863158482 26.5642268132968 107.318580284423 94.1228616366284 65.8354898083001 131.62664320392 75.9345282569441 50.2565939734652 60.8537083608427 67.6730665770016 95.7505360843182 88.2792704091751 76.5142602301677 116.703974638027 92.86744649699 101.246428985491 109.318453968271 139.10823122637 145.349641513229 109.935761454627 161.470888135132 54.9072639263891 91.4933066981247 169.804977144325 0 182.203873032763 157.784317679143 174.125691462731 139.432502824346 181.982687419578 102.702808568396 180.417948020321 85.772461424211 173.01354142783 181.313307031414 93.0071257752872 105.150777980757 99.1001384158232 103.426980519937 194.297796924851 126.901531972051 64.7522909073173 105.81738257559 137.611978605173 64.2979858470368 89.6917181065834 90.5278336633328 151.180028208503 154.310402422316 139.436624532241 104.322810508044 0 171.108787323254 105.588934835233 140.68805771202
77.3038019668076 101.716706160071 84.7584418649031 19.4003231957564 111.03483875942 78.1445998178547 41.5793958806039 91.843873184402 53.9733690206057 35.9462391622982 134.96643137189 58.0792176511448 122.11860426756 95.9452572851723 81.2383596944676 34.8653105528012 104.002380481624 163.626559261549 129.588430437783 30.2905718786675 30.7819418539061 56.1347837248318 55.7956781437928 24.2037447126368 131.249284267953 117.218060735362 81.8919688562568 0 89.5503886824335 47.7368441302139 138.393115812711 134.013652910169 72.6320187769036 73.1293170737357 125.475910012896 77.7569696391538 85.7010441303783 81.262390478454 81.4214887357581 83.538667536496 95.7781721227046 119.405266867341 128.76209446733 132.560621675529 138.564830445137 138.748605323402 129.544961713387 152.71698120119 147.522552490234 129.117945046419 131.739791157213 153.969225970722 130.55773912163 149.776604515651 145.362911737461 125.501051241603 145.353529141779 79.6606910096717 145.707876021057 182.834322868666 114.469735548443 219.591428978904 152.39347863735 131.962086804468 118.054962124379 176.189129934035 223.349873908229 191.569406433926 130.335134932149 124.031838371804 94.3347289658427 136.148957751249 107.721631998356 200.25199927078 179.386635234556 145.504645422475 120.746074412387 144.86508019408 127.740060340296 0 225.565856933594 135.196281423014 133.561982796245 157.335708130746
21.906455828113 109.466196547897 107.528602644542 100.064237669405 23.7949363019092 76.0599973182877 68.7048881701215 51.3554251317525 81.4259531426031 100.528303055969 71.0001679319392 104.55703630124 62.7925893424921 28.2235928194186 77.8332303211638 98.6232914163431 95.5407817331465 102.20410565661 105.695035018313 105.013492640657 77.1274332549518 75.6836813358178 91.8563547835093 87.7955087426899 96.221881789073 105.736815152091 114.240027665415 89.5503886824335 0 33.3001212649855 117.560912655772 15.471322234182 18.7028396621165 34.3237408604543 105.846659838296 63.8689468271271 72.5400407804016 52.0570630658935 62.0873293788191 47.2932394669501 33.2624668891745 66.6147075518659 157.039761590129 156.904949146003 150.298187901758 152.998895451027 152.010554236266 209.809945164333 176.527084350586 141.223734329321 121.083357026367 165.804855487434 177.092463059032 0 177.628006894547 152.290924081689 174.392473320343 99.1629107567618 174.867097272258 157.221201572432 130.017684936523 245.568176269531 167.206918507432 0 140.444892629879 153.918712768132 131.83436294297 0 149.219900581621 139.76381225758 123.280583506382 150.46228013025 132.347395346209 158.440464299285 150.778413632979 156.094820927822 143.038367567322 175.693548787923 161.099685079633 0 228.594008375177 165.434489768533 159.982359685297 126.393427707595
27.669087027706 105.894258005395 75.8689129308257 99.1915766418534 109.41562232986 81.7598315172253 31.4274526433418 72.5188069771947 63.9623080348293 91.8204413873796 104.292978490215 122.703834816063 102.739433280075 64.0352096090084 100.006729477745 79.5811539492791 71.5544075098217 115.910845230409 97.3950626978346 119.058906602267 32.4196623660233 63.5877001375947 57.5506298108493 72.9413551792578 127.744985170186 99.6483087110125 102.762863158482 47.7368441302139 33.3001212649855 0 151.326693732293 115.833539947079 48.0529432995126 44.0216806486461 117.673679914518 68.4031561093744 67.8177611823152 63.2332584919273 69.7802850738982 79.3730302604539 84.3353576279428 107.227999432678 139.745938502792 130.809571779306 149.477727601071 148.444292725063 148.014149064206 154.662535067401 181.778625488281 141.293350575761 123.018692073147 142.580554337499 161.216322575374 0 158.050300411745 137.52459390886 160.887251038509 85.9540591877858 159.387176456985 0 152.292572021484 188.93132019043 163.549085683184 0 118.858074742607 159.978226191584 225.205567808389 167.904697694973 143.928219647797 126.206786788277 105.248951001202 137.226590739633 112.971710348077 136.067672729492 166.461290232518 144.085323772385 127.38266818267 145.948459522465 134.192168475431 0 207.958011863775 142.903945960208 141.072745435563 160.930054251793
0 62.2219637622933 109.999813405807 0 0 0 0 96.2572650536943 126.874495479146 0 31.7812162054932 0 13.6416888005316 101.752414132743 0 166.728652954102 99.9913854568408 47.669149797587 60.659603065318 0 141.065053210173 101.973814027384 117.926859341746 149.253904759908 44.2609600763786 21.2484070514888 26.5642268132968 138.393115812711 117.560912655772 151.326693732293 0 0 0 72.378596517345 140.800811767578 110.641723727323 53.4257305246221 67.6695793291648 79.3814852488573 158.596420288086 0 61.4672602129354 0 0 122.735484405173 160.958755493164 0 0 107.946098327637 0 78.665041069649 0 0 0 0 0 0 0 0 87.7218978978911 0 82.1835064723815 0 0 0 130.251870042917 98.1478453566796 101.023246765137 0 0 87.9476025628243 0 0 67.379917351351 99.5469665239838 101.868486942946 0 0 0 104.288190631233 0 0 127.742381732527 0
