0 7.83496686816216 376.118454128504 46.5925461947918 12.7453817725182 285.081607878208 7170.65088766813 2944.21957248449 138.721753776073 589.904566526413 18.8971623182297 82.5498444437981 5.27968469262123 13570.3281458914 25.0547334849834 22.395559579134 367.069640487432 5.73980030417442 64.427987486124 88.366300880909 328.28273537755 60.6548281908035 592.904890030622 204.05050432682 0.423844069242477 88.9276997447014 75.5093966126442 630.16009503603 14227.3167645931 5347.56098300219 0.708650648593903 25.8375483155251 451.385186284781 462.672150552273 25.1219112873077 332.811135411263 15.0049397051334 260.96730029583 36.3163376152515 384.249316185713 34.1466973721981 5.85261166095734 12.8597316741943 0 4.78530490398407 1.2663371860981 3.41088777780533 0 0 2.604836165905 0 4.10799208283424 1.05586251616478 0 1.79678606987 19.5863029062748 11.8171448707581 13.1525920629501 6.59972462058067 0 2.7141939997673 0 4.01376539468765 0 1.13262945413589 0 0 0 0.950660109519958 9.41687932610512 2.86939430236816 4.63169327378273 44.4646816551685 0 1.68156552314758 3.95557373762131 42.7507674694061 11.4847033321857 11.1661901473999 0 0 1.12378525733948 6.36552241444588 4.28671750426292
7.83496686816216 0 851.686145395041 13.209817558527 6.51576256752014 9.30256333947182 42.9416926801205 21.8788147568703 765.304440736771 10.6344099938869 327.623975098133 11.2775896191597 1111.51514080167 23.4353029727936 20.2122500240803 110.759521126747 589.897158294916 68.7057306170464 311.268896341324 1.57099694013596 62.9795351922512 2315.36126053333 179.081546574831 726.165675908327 2716.60779798031 1575.64991211891 8252.57630172372 100.799887746572 22.3138180375099 64.659498244524 72.615376919508 2.23987680673599 2.22334361076355 272.210674405098 18.7100584506989 475.445964843035 351.98514688015 689.945612609386 158.269369602203 101.566995948553 0.625610828399658 225.793138682842 33.7062069475651 19.5504881739616 23.454803943634 7.54389530420303 1.64368423819542 0 3.14063012599945 0.427042841911316 318.269312739372 180.572735249996 2.84592986106873 0 0.321849077939987 5.54531991481781 2.78129893541336 5.27280050516129 0.433984339237213 9.53720057010651 0 41.9699399769306 2.62526309490204 0 10.6711357235909 38.2321586608887 7.69279700517654 27.6016310453415 0 6.65911480784416 37.6240006089211 40.5223857760429 13.658044219017 41.7170081138611 279.621818840504 767.208778619766 9.38592085242271 0.427046269178391 2.45250219106674 3.44116431474686 0 0 25.6881877779961 6.40211051702499
376.118454128504 851.686145395041 0 60.8587725758553 3.81551647186279 244.509830832481 1851.43086221814 627.564756780863 66.1930983960629 284.724468737841 179.76921865344 16.2536604106426 12.7375741899014 563.630204886198 8.35754436254501 156.952269136906 4999.29459410906 133.028328806162 880.872418522835 36.858935803175 1234.81146705151 577.435197412968 8740.16249388456 350.921364635229 15.6041823923588 8571.65921461582 10320.1865011156 1640.90674954653 253.67734837532 1047.55392667651 13.6049028635025 3.22262334823608 27.3640740811825 776.840018808842 81.0208672881126 2358.84003484249 1049.95068022609 2226.41919341683 832.482418656349 156.49882170558 20.3891095519066 2.82413068413734 34.5507665872574 14.9196825027466 30.1556212902069 8.65056133270264 3.58114099502563 0.552032709121704 0 0.272897034883499 189.43122023344 561.611272066832 0.732203960418701 0 0 23.957926183939 4.87926909327507 4.08530759811401 11.1560153663158 7.1081520318985 0.831480324268341 12.3675460517406 9.09800735116005 0 68.336726129055 59.990491181612 0.759181380271912 16.8494834303856 1.67164504528046 32.7654029428959 104.832177072763 265.210771709681 32.3900651037693 24.5378130078316 151.582709103823 1130.84172588587 32.7294943928719 5.98915809392929 32.3699976503849 0.693904995918274 0 1.06404358148575 22.0416660606861 35.368923842907
46.5925461947918 13.209817558527 60.8587725758553 0 10.7844500243664 484.521403223276 1211.90867328644 212.584280014038 679.344710320234 21301.7884486914 0.796529233455658 1789.33047708869 6.98121738433838 186.794484734535 95.2202673256397 23.1818549633026 8.90910744667053 0 0.870020925998688 30560.8066334128 23.1554571986198 98.4454296827316 38.8831892311573 5277.20301243663 1.29839849472046 7.01944231987 62.7620623409748 15976.6487702429 225.688818186522 70.0611816346645 0 1.36261156201363 17.6676386594772 95.6761566698551 67.2457777261734 253.515777379274 1.97745913267136 124.484284102917 23.4590458869934 261.220275998116 16.380977332592 0.61941659450531 29.2659707069397 0.8997483253479 8.52558755874634 1.97014367580414 49.0908065438271 0 0 3.82116734981537 1.4987758398056 3.02299407124519 535.921364486217 3.34404343366623 32.4353337287903 34.5181210041046 28.0825751423836 45.4239592254162 178.3803832829 0 325.696289211512 0 15.2532397508621 10.5127151608467 2.48019933700562 0.629988253116608 0 0 307.504172056913 4.56107419729233 10.7962003350258 1.9931223988533 269.625188410282 0 0 3.36938866972923 151.961979985237 16.6953002214432 12.5059298276901 0 0 3.22168302536011 5.2883268892765 3.69708454608917
12.7453817725182 6.51576256752014 3.81551647186279 10.7844500243664 0 6266.03147020936 48.3723395466805 1677.54086837173 116.842273086309 65.207963436842 20.0722675323486 225.852149307728 20.8198329508305 301.612032413483 4202.05618953705 0.394531041383743 5.58908420801163 0.650037944316864 4.95191329717636 22.8224341273308 1.90571224689484 13.8326637744904 8.76651802659035 85.0944499969482 3.43953573703766 11.880631685257 19.5504077076912 37.5623192191124 657.728090852499 16.1983405947685 0.710526704788208 2585.40341687202 4.4552458524704 2481.90202125907 7.68789878487587 53.175144135952 10.4725439548492 132.366165369749 11.7363921403885 7089.98958700895 1356.02269807458 9.80591017007828 0.565744817256927 0 0 0 5.97634276747704 0 0 0 0 0 4.487941801548 0 0 0 0.487079590559006 3.86365246772766 1.84604576230049 0 4.02866053581238 0 0 0 0 0 0 0 0 0 0 1.03300762176514 2.31552857160568 0 0 0 5.85245999693871 0.312582463026047 0.390606820583344 0 0 0 2.08999401330948 0.885844469070435
285.081607878208 9.30256333947182 244.509830832481 484.521403223276 6266.03147020936 0 3310.46456411481 22532.8335101604 324.709998995066 15509.0872555673 90.6442488431931 6816.53789153695 50.667906165123 3689.77442419529 9911.95528465509 17.2509905397892 75.3060921132565 10.7048659026623 29.6468863487244 1024.135430336 105.515499025583 53.6410508155823 240.351377606392 427.240589648485 5.43755599856377 71.4213457107544 77.5550139844418 1208.09912693501 1611.22016376257 224.849234253168 1.49967741966248 1877.8736512363 30.0651541352272 1580.94569739699 898.851133584976 461.252416878939 30.1099029779434 442.49355712533 38.0325092375278 8092.68528306484 953.47631752491 13.1973928809166 14.7652616500854 0 2.27601858973503 3.47948127985001 12.7396110296249 0.297077238559723 0 3.1934694647789 3.68025085330009 4.30049267411232 22.5541325807571 0 11.2722428739071 24.1981681585312 17.0604164451361 12.661416977644 43.9950874745846 0 23.6548048257828 0 11.5732704102993 3.17787373065948 0.897054135799408 0 0 0 14.8829212784767 3.89324828982353 4.76425552368164 1.72020980715752 124.285924494267 0 1.20196160674095 8.25361949205399 70.8966684043407 10.7027729004622 7.26906195282936 0 0 2.11624130606651 5.31065735220909 1.06271454691887
7170.65088766813 42.9416926801205 1851.43086221814 1211.90867328644 48.3723395466805 3310.46456411481 0 5701.53929841518 1290.37538525462 16696.2311628461 24.3769702315331 477.545662641525 12.492745667696 9951.10939708352 113.213053137064 194.522835373878 463.018707990646 12.0352018475533 74.9842217862606 1130.43123155832 1214.92699894309 368.259266465902 2466.09633338451 4910.9407851994 6.62262234091759 228.165446519852 439.223277032375 19442.5328785479 2621.23546871543 13804.2579998672 0.66950649023056 18.6692933440208 272.195174813271 717.947234034538 104.310468167067 1259.15278092027 79.0287427604198 771.766654253006 182.911208212376 626.568707436323 67.4194889068604 2.59861162304878 88.5495530366898 1.02916622161865 34.4658509790897 11.1867532730103 53.0360867977142 10.7142070531845 0 26.7075911164284 2.20796972513199 8.54471611976624 92.3876520097256 3.81827411055565 48.0173968374729 180.354429066181 78.0130650252104 85.7251135408878 159.056124269962 1.93832498788834 43.3110574185848 0.521354198455811 64.341036260128 9.5620082616806 22.2233666479588 1.5076849758625 0 0.445116400718689 61.3514596819878 22.6380916833878 18.0777378678322 25.9609079062939 573.027469873428 2.18875014781952 2.82716703414917 19.7735808193684 420.887625873089 65.384880065918 57.4640236198902 0 0 6.24808657169342 24.609521985054 27.5764307975769
2944.21957248449 21.8788147568703 627.564756780863 212.584280014038 1677.54086837173 22532.8335101604 5701.53929841518 0 173.697058528662 4011.06385526061 146.449143916368 1384.05941128731 52.7912753224373 32313.7410777509 933.093386650085 24.8108689188957 539.973599940538 17.5935525000095 112.929356455803 495.38198158145 396.627953112125 61.8704693615437 908.861464291811 328.029105097055 9.32591897249222 202.57459641993 145.029568016529 1024.3857691884 2988.89763686061 1501.04592585564 0.443189799785614 1208.56560879946 85.8172319829464 1525.9294834733 90.1161943972111 614.106723368168 49.6930290460587 667.174158215523 75.1962026357651 3458.98402032256 474.97965157032 31.7757873237133 7.76283124089241 0 7.80634313821793 2.04590532183647 8.85329541563988 1.76325544714928 0.703783094882965 1.48372173309326 0 6.14307931065559 19.2545915842056 1.12409579753876 8.56651940941811 18.9300099015236 14.4124725013971 9.11575278639793 14.1542049944401 0 7.07210233807564 0 14.2713683843613 2.33801099658012 1.50923240184784 1.55262088775635 0 3.81627161800861 5.38068172335625 5.79295036196709 3.26474899053574 8.09891030192375 80.8634060919285 1.40347650647163 3.48114269971848 12.5059221088886 67.0014436841011 9.22346712648869 13.1154592633247 0 0 0.555159032344818 1.71267482638359 6.92758986353874
138.721753776073 765.304440736771 66.1930983960629 679.344710320234 116.842273086309 324.709998995066 1290.37538525462 173.697058528662 0 546.348003268242 81.4644027352333 1391.75690039992 347.358677715063 172.315368890762 1379.93136456609 55.0641046464443 40.8562074303627 10.4461668729782 31.2714290618896 397.535394519567 138.973096400499 4060.89455255866 83.0792978703976 11540.6890446246 429.586847603321 196.198203653097 817.854315400124 2435.16313442588 420.428872227669 906.211290955544 30.7948308289051 4.86111897230148 139.82545787096 164.091395795345 22.8958639502525 355.190692096949 57.0880205929279 206.70674726367 31.6192579269409 2136.41212785244 26.5400082468987 37.089111238718 38.7072924375534 0.561229884624481 9.84121340513229 4.08978846669197 72.6417162716389 2.551433801651 0 9.63851216435432 9.04121652245522 5.59180057048798 93.1865666210651 6.06421864032745 35.662585824728 52.1358762383461 28.1915901899338 77.420980155468 92.7679286599159 0.619962513446808 91.8890644907951 7.78451102972031 9.67870250344276 20.2523103058338 7.28555354475975 1.47335612773895 0.513864099979401 0.779821813106537 56.6718044877052 16.2247199714184 22.387885928154 3.18809115886688 360.906587898731 2.20548224449158 5.53040039539337 30.592084556818 174.796808958054 20.7042730152607 25.9674694240093 1.54664897918701 0 2.32216361165047 11.8183862566948 8.72188892960548
589.904566526413 10.6344099938869 284.724468737841 21301.7884486914 65.207963436842 15509.0872555673 16696.2311628461 4011.06385526061 546.348003268242 0 16.3505552709103 22074.1819982231 13.5519750416279 3826.63919082284 264.334604859352 44.5177351236343 89.7960686385632 3.52569013834 14.3714879155159 27424.4885058701 153.788716733456 104.644244790077 320.554493516684 1837.48973715305 1.6404384970665 52.74297991395 110.730616599321 13787.5096721947 864.655364155769 321.074375659227 0 26.1479453742504 93.9036865830421 514.51908954978 1078.96565461159 750.321401804686 26.4990239441395 515.127786904573 46.3068733215332 856.057601600885 75.1306555867195 6.06670165061951 37.1618046164513 1.20391941070557 14.1409631371498 2.86602598428726 55.1196278631687 2.07706338167191 0.768038153648376 8.1702693104744 0.442509204149246 2.7054009437561 94.3059020340443 2.96347922086716 22.8288920819759 51.3516793400049 30.8234600424767 46.1959350705147 294.976242631674 0.807932674884796 460.306995898485 0 21.514706581831 11.6099591255188 3.58924096822739 0.51340264081955 0 0.730655610561371 100.973494946957 9.28712329268456 4.33278933167458 7.09644427895546 283.546553462744 0 0.576107144355774 5.68694108724594 160.626321732998 17.8450953066349 17.1330951750278 0 0 1.42860108613968 5.85909789800644 12.8926249742508
18.8971623182297 327.623975098133 179.76921865344 0.796529233455658 20.0722675323486 90.6442488431931 24.3769702315331 146.449143916368 81.4644027352333 16.3505552709103 0 9.57799756526947 22361.0885908008 205.675185590982 4.84510311484337 5.43369805812836 571.126138448715 9293.81300273538 4983.77050018311 2.80997961759567 23.74888625741 117.584160208702 54.8397208750248 93.0287688970566 2237.96008586884 6734.29064834118 2420.01400470734 24.1282523274422 136.306439131498 26.464155882597 1266.95638278127 34.4563547372818 5.43271797895432 8699.11436465383 8.1981018781662 644.054097533226 5128.44150087237 8897.85068744421 697.918732047081 87.5785661041737 8.93173468112946 3698.87455016375 6.51505732536316 21.1577867865562 16.9255285859108 2.60168397426605 0 0 7.76120144128799 0.347918599843979 23.4301877617836 19.8732103705406 0 0 0 3.3192572593689 0 0.907384663820267 0.370959848165512 45.2783938646317 0 196.110407650471 0.67284893989563 0 0 4.01343601942062 24.679765433073 25.4672240912914 0 1.10943433642387 1.86120116710663 7.31914967298508 3.9939783513546 81.6668801307678 293.347847938538 281.579343080521 0 0 0 38.298104763031 0 0 2.80640208721161 3.64815634489059
82.5498444437981 11.2775896191597 16.2536604106426 1789.33047708869 225.852149307728 6816.53789153695 477.545662641525 1384.05941128731 1391.75690039992 22074.1819982231 9.57799756526947 0 15.1419392228127 749.606021672487 4153.8949855566 4.09370657801628 8.20699182152748 2.08287733793259 3.89432576298714 22334.0411711931 15.197424441576 31.1045952439308 18.3462544083595 580.166412055492 4.73808622360229 15.1986112296581 18.9976286292076 628.822546094656 330.062817662954 31.8786774873734 0.289840072393417 20.4206290543079 9.15637645125389 269.136418700218 4578.05760502815 258.794207513332 3.60622158646584 251.276209056377 21.1540526151657 4682.80911007524 47.5470523238182 4.25884062051773 8.81741940975189 0 4.40949314832687 0 23.2933120727539 2.25869160890579 0 1.38111481070518 0 1.18589150905609 29.9232434332371 1.36267477273941 5.83013272285461 4.04109913110733 8.55006125569344 15.8497868180275 28.8157666027546 0 154.701568394899 1.20476901531219 3.31659039855003 6.47169452905655 0 0 0 0 14.1548247933388 0.979978770017624 0 0.458716660737991 60.9580038487911 0 0 0.538696467876434 49.4636966586113 3.05755820870399 1.71744838356972 0 0 0 2.31294673681259 4.63464057445526
5.27968469262123 1111.51514080167 12.7375741899014 6.98121738433838 20.8198329508305 50.667906165123 12.492745667696 52.7912753224373 347.358677715063 13.5519750416279 22361.0885908008 15.1419392228127 0 68.9411815404892 17.14754986763 8.29601365327835 18.5578805804253 595.824553638697 151.884166061878 4.20742529630661 11.70616081357 502.561621636152 17.6475588679314 259.415109336376 10539.9988815784 2948.15087363124 6710.6244918704 29.286444067955 52.0252851396799 12.2951777875423 6487.14029595256 24.3459097445011 2.43481162190437 1340.34618383646 101.264367341995 485.413697212934 3594.09499520063 2368.24679645896 504.990336328745 121.77453482151 567.398423910141 5462.20628291368 4.52706477046013 64.5259372293949 30.8472164273262 11.4456111490726 0 0 19.3155700266361 0 62.3831411600113 12.1043050289154 1.10738480091095 0 0 1.8130578994751 1.86299824714661 12.1533565819263 0 185.157911151648 0 605.584134161472 1.60793143510818 0 0 3.78636682033539 56.6525784730911 37.830827832222 0 1.09577119350433 14.4300169348717 0.778388947248459 6.26273545622826 195.761989921331 586.27895590663 598.353950023651 3.23942303657532 1.85862243175507 3.08613601326942 69.465930968523 0 0 12.1402505040169 42.6464869379997
13570.3281458914 23.4353029727936 563.630204886198 186.794484734535 301.612032413483 3689.77442419529 9951.10939708352 32313.7410777509 172.315368890762 3826.63919082284 205.675185590982 749.606021672487 68.9411815404892 0 253.975077569485 33.7956261336803 524.395203232765 24.4126577079296 123.907864928246 383.686531722546 378.097356408834 72.5733783841133 853.802275896072 321.439373135567 5.69698199629784 206.813808470964 161.365985900164 1073.15366828442 12388.3854661584 2202.55139046907 4.32552206516266 1175.70541501045 192.461307585239 2075.93062096834 66.9637157618999 807.627184033394 59.184946835041 942.522923767567 97.5728134512901 1838.9457385987 281.882586479187 24.0563700199127 16.7032730281353 1.90259289741516 3.96300366520882 2.49244904518127 2.08429339528084 0.352551639080048 0 6.17722764611244 1.57358413934708 4.68077939748764 7.3844076693058 0 5.75360882282257 28.5143300890923 10.0535933226347 12.7738646268845 12.3866899609566 0 4.13829910755157 0 5.24610245227814 0 3.859185308218 0.772765249013901 0 0.66671758890152 3.59405520558357 9.69712427258492 1.85905885696411 6.65831181406975 86.4204256236553 0 4.19723075628281 8.63857889175415 57.3520808368921 9.20365312695503 19.2206479012966 0 0 0.46939942240715 3.4714729487896 11.66628703475
25.0547334849834 20.2122500240803 8.35754436254501 95.2202673256397 4202.05618953705 9911.95528465509 113.213053137064 933.093386650085 1379.93136456609 264.334604859352 4.84510311484337 4153.8949855566 17.14754986763 253.975077569485 0 0.769943684339523 5.04086410999298 1.7154044508934 0.790281862020493 141.293458759785 4.56576406955719 76.160689920187 10.907462656498 589.657439619303 13.8921401500702 11.2145260572433 29.0463199317455 99.6520135104656 69.6985594332218 16.4907882511616 2.05743551254272 103.068453222513 2.61212289333344 101.028572618961 29.2749530673027 40.7377584278584 4.01549822092056 21.1943955123425 7.06314325332642 9540.0769508779 87.4267289340496 2.8074963092804 6.05610942840576 0 1.35705471038818 0.47205513715744 15.5982037782669 0 0 0.607175469398499 0 0 16.2714273333549 0 3.86067521572113 4.21311143040657 1.82660630345345 9.16362953186035 12.1275006830692 0 9.17801168560982 1.39356637001038 1.52570241689682 1.2629172205925 0 0 0 0 13.7281749844551 0.566408038139343 1.47611451148987 0 40.5197544395924 0 0 0 11.6676325798035 0.341842830181122 1.01189088821411 0 0 1.11686301231384 0 12.8818609118462
22.395559579134 110.759521126747 156.952269136906 23.1818549633026 0.394531041383743 17.2509905397892 194.522835373878 24.8108689188957 55.0641046464443 44.5177351236343 5.43369805812836 4.09370657801628 8.29601365327835 33.7956261336803 0.769943684339523 0 109.02951452136 4.11277484893799 20.7878059446812 7.63607555627823 7788.59789747 3138.45336320996 11847.5478838384 2647.49980318546 6.20572379231453 96.7478813529015 5747.21143704653 2543.62761271 84.9849914014339 523.637249022722 0 0 22.1421414315701 353.443272978067 87.5012703239918 1490.50126677752 107.513650298119 733.32896655798 389.789753675461 121.673254519701 20.503592312336 0.786407589912415 34.3456366360188 0.433628439903259 8.91818553209305 9.75025588274002 3.74372413754463 0 0 7.25964844226837 0.475066989660263 27.8502935171127 1.24368876218796 0 1.55980023741722 24.9452150166035 7.29582127928734 14.8427781164646 7.87735369801521 0.307697832584381 0.695274472236633 0 11.0433613657951 0 190.174366742373 5.31334155797958 0 1.7605507671833 1.06701898574829 146.562640398741 242.586733162403 202.711365878582 117.298156231642 0 9.13191464543343 54.7274426519871 96.5345447659492 26.6216569542885 106.863753199577 0 0 3.1003206372261 17.748086720705 14.8661473691463
367.069640487432 589.897158294916 4999.29459410906 8.90910744667053 5.58908420801163 75.3060921132565 463.018707990646 539.973599940538 40.8562074303627 89.7960686385632 571.126138448715 8.20699182152748 18.5578805804253 524.395203232765 5.04086410999298 109.02951452136 0 399.533376902342 9966.65779256821 9.90581855177879 2120.02590042353 257.195150882006 9800.18230435252 115.017053991556 20.188571959734 5853.84959453344 3598.47963067889 491.28264093399 505.279660239816 2106.28969672322 8.58279126882553 5.71924489736557 62.3064207434654 1763.21803990006 51.3243517577648 2002.23402711749 1025.73509088159 1868.02049008012 636.606709182262 120.457379817963 17.4323435425758 4.19281607866287 9.2717245221138 0 10.6052930951118 4.97255322337151 0 0 0 3.51860451698303 65.5631059408188 126.332497119904 0 0 0 2.89843705296516 1.21978190541267 1.67477577924728 2.78168678283691 1.8584321141243 0 2.60359400510788 1.74320152401924 0 7.90203678607941 8.63686621189117 2.13588756322861 5.06618335843086 0 11.7551119029522 33.7871220111847 51.9144066572189 19.3778044879436 6.57418125867844 48.1402977705002 295.304535865784 15.446213811636 3.61124098300934 9.50950643420219 0 0 0 7.98583015799522 16.6311341524124
5.73980030417442 68.7057306170464 133.028328806162 0 0.650037944316864 10.7048659026623 12.0352018475533 17.5935525000095 10.4461668729782 3.52569013834 9293.81300273538 2.08287733793259 595.824553638697 24.4126577079296 1.7154044508934 4.11277484893799 399.533376902342 0 6147.36587971449 0.467125028371811 22.7618440389633 23.3018146157265 51.4262857437134 12.0075802505016 302.472655713558 8450.20991000533 1223.12496677041 10.1871691644192 19.1208334863186 19.3969610631466 216.944618016481 7.38936406373978 1.15293896198273 356.566416501999 4.11102563142776 258.923798978329 478.566361516714 676.744226694107 112.277374982834 4.50494229793549 0.855283439159393 41.6584388315678 7.08928251266479 5.23821625113487 8.44285672903061 0 0 0 0 0.409580409526825 15.2366787493229 8.16983038187027 0 0 0 0.353281885385513 0.370190441608429 2.41059446334839 0 14.9681867063046 0 45.020841896534 0.540385186672211 0 0 4.12019038200378 11.851949095726 11.2615213990211 0 1.92945897579193 2.29356127977371 0.582402765750885 1.1849308013916 18.8595617413521 141.150185167789 151.152687102556 1.51079964637756 0 0 8.97789511084557 0 0 5.20807504653931 1.98304203152657
64.427987486124 311.268896341324 880.872418522835 0.870020925998688 4.95191329717636 29.6468863487244 74.9842217862606 112.929356455803 31.2714290618896 14.3714879155159 4983.77050018311 3.89432576298714 151.884166061878 123.907864928246 0.790281862020493 20.7878059446812 9966.65779256821 6147.36587971449 0 6.46270751953125 169.653560221195 72.3916679024696 584.925460577011 44.51319912076 248.94501888752 9461.92344757915 2362.83384847641 81.835912168026 116.49643099308 230.777366876602 74.9718308448792 4.69345700740814 13.1195647418499 981.3125243783 21.4531669020653 643.854859381914 525.676259219646 1460.10184854269 311.863189786673 30.4546248316765 7.62920379638672 14.2414038181305 14.1689694523811 3.37971341609955 14.8612759411335 3.21267282962799 0 0 0 0 61.5341179966927 31.9525300860405 0 0 0 0.378667920827866 0.318845063447952 1.34969961643219 0.981554090976715 4.28837251663208 0 8.55881887674332 0.475996553897858 0 2.35500049591064 13.4719325304031 6.77742564678192 8.84264999628067 0 3.75977972149849 5.69273573160172 12.1518523097038 1.84214386343956 15.7992194890976 176.297060072422 190.491368979216 2.8192677795887 0.895592868328094 1.20104855298996 8.5036638379097 0 0 0 8.21238058805466
88.366300880909 1.57099694013596 36.858935803175 30560.8066334128 22.8224341273308 1024.135430336 1130.43123155832 495.38198158145 397.535394519567 27424.4885058701 2.80997961759567 22334.0411711931 4.20742529630661 383.686531722546 141.293458759785 7.63607555627823 9.90581855177879 0.467125028371811 6.46270751953125 0 22.1703934669495 23.8208477497101 37.2923594415188 3298.93174448609 1.10576546192169 13.0473230183125 13.8808287084103 2633.53692984581 367.627972900867 40.2350165843964 0 4.86282625794411 28.9052720069885 165.456689804792 282.303025335073 329.122428119183 4.18512234091759 191.179939508438 25.3336660265923 432.277082234621 32.6243671774864 1.8672993183136 19.0970451235771 0 8.78844618797302 2.27092206478119 33.7717289328575 3.66681230068207 0 0.766750752925873 0 0 84.7060269117355 4.72085750102997 21.0811763107777 22.4571706354618 19.2242171466351 29.9318243265152 100.251513034105 0 201.40223222971 0 12.4096580445766 5.40477150678635 0.570888936519623 0 0 0 85.1465782523155 1.89324304461479 3.12782618403435 0.80166307091713 181.36116951704 0 0 2.21657019853592 102.856937468052 6.14922848343849 4.98909750580788 0 0 1.65346392989159 3.8674790263176 5.08039999008179
328.28273537755 62.9795351922512 1234.81146705151 23.1554571986198 1.90571224689484 105.515499025583 1214.92699894309 396.627953112125 138.973096400499 153.788716733456 23.74888625741 15.197424441576 11.70616081357 378.097356408834 4.56576406955719 7788.59789747 2120.02590042353 22.7618440389633 169.653560221195 22.1703934669495 0 1799.65081018209 28582.8275811672 1042.27330139279 5.73078146576881 206.820561617613 1371.69176876545 7948.09212139249 656.470311969519 16070.804320395 0.720342218875885 5.22683918476105 138.82149964571 3257.78591784835 274.541328847408 5447.7155162394 438.930634647608 2451.08077251911 1161.17827394605 390.107092618942 31.9513402283192 10.5529194772243 59.0504924058914 2.61007198691368 23.4366108775139 12.9932433664799 9.34961298108101 1.55237555503845 0 20.9116287231445 0.519981265068054 40.1768685281277 4.78890773653984 0.45673206448555 3.88814079761505 64.7702689766884 18.482075959444 29.5707067847252 18.900608509779 0 0 0.589241504669189 27.533596098423 1.43398559093475 169.265884041786 10.2548661828041 0 2.77964359521866 2.95912671089172 302.112482368946 128.836551755667 154.591433167458 303.164701253176 0 11.9617387056351 56.6697486639023 246.061669260263 71.6664272546768 211.315517753363 0 0.454706609249115 15.1942856907845 36.1422062516212 58.3536565601826
60.6548281908035 2315.36126053333 577.435197412968 98.4454296827316 13.8326637744904 53.6410508155823 368.259266465902 61.8704693615437 4060.89455255866 104.644244790077 117.584160208702 31.1045952439308 502.561621636152 72.5733783841133 76.160689920187 3138.45336320996 257.195150882006 23.3018146157265 72.3916679024696 23.8208477497101 1799.65081018209 0 2409.73162129521 7186.29021003842 751.761360228062 345.954392760992 4711.61390024424 2026.39985227585 197.075180783868 992.234432429075 41.0029808282852 0.558552980422974 71.4174534976482 229.846958220005 36.7240815758705 828.869257628918 231.155176013708 610.280723214149 212.715604126453 254.974516481161 12.2193505167961 60.1514312624931 22.8292625844479 2.33738347887993 15.1786236166954 6.73195672035217 7.75984215736389 1.84984812140465 0.5381760597229 15.2596320807934 12.9472699761391 55.45704677701 10.0418275892735 0 3.54863339662552 40.7282834947109 17.05738940835 30.2746335566044 9.96337381005287 1.40689969062805 2.73467820882797 6.72490864992142 19.0668157339096 1.30895322561264 152.524097055197 5.6861132979393 1.36843883991241 7.52519109845161 1.71043732762337 81.44634988904 137.89789173007 127.574984788895 240.433933466673 2.11994087696075 21.9152984917164 115.662508994341 102.104252368212 27.4552566409111 77.587068259716 1.45290148258209 0 3.57262882590294 11.0034249126911 9.16563364863396
592.904890030622 179.081546574831 8740.16249388456 38.8831892311573 8.76651802659035 240.351377606392 2466.09633338451 908.861464291811 83.0792978703976 320.554493516684 54.8397208750248 18.3462544083595 17.6475588679314 853.802275896072 10.907462656498 11847.5478838384 9800.18230435252 51.4262857437134 584.925460577011 37.2923594415188 28582.8275811672 2409.73162129521 0 849.836484849453 12.5990880429745 1145.69248485565 7419.67189201713 5466.96281120181 598.274928689003 7202.02432614565 0.432714819908142 3.75639054179192 104.856832802296 2862.41583418846 323.023128241301 6318.96040430665 1693.96079057455 3970.48062753677 1991.443605721 507.518846750259 43.0968643426895 10.0050131082535 31.3568927943707 2.48032069206238 27.8578686714172 13.44754332304 6.84417852759361 1.6866343319416 0 6.06569400429726 11.5744544863701 143.851351499557 2.68774247169495 0 2.29036515951157 41.3218867480755 11.5410466194153 10.7655750513077 9.48988339304924 1.96177017688751 1.77493321895599 1.15966522693634 13.0328474640846 0.320086449384689 535.136180996895 13.7845299839973 0 2.04267704486847 2.73192411661148 152.478033155203 411.058309674263 635.896486967802 105.084535449743 0.48290291428566 24.0874051451683 291.395752578974 92.5528840720654 18.8345305919647 70.8792455494404 1.33069181442261 0 3.35846635699272 24.089830160141 86.711302280426
204.05050432682 726.165675908327 350.921364635229 5277.20301243663 85.0944499969482 427.240589648485 4910.9407851994 328.029105097055 11540.6890446246 1837.48973715305 93.0287688970566 580.166412055492 259.415109336376 321.439373135567 589.657439619303 2647.49980318546 115.017053991556 12.0075802505016 44.51319912076 3298.93174448609 1042.27330139279 7186.29021003842 849.836484849453 0 228.807843476534 269.028154924512 2698.67254766822 21239.126734376 677.314052313566 1240.86830970645 14.1709684729576 6.91601893305779 172.402047306299 448.689324975014 73.2319741547108 1079.00301665068 63.4306418895721 508.011665433645 135.715198814869 1229.65262031555 36.7068603336811 14.1270402669907 201.738922268152 1.59494709968567 104.298715233803 36.5272499620914 214.186953648925 15.0731809139252 0 57.5050321221352 13.7705770432949 38.5505752563477 425.346216052771 2.73957347869873 163.062830388546 418.189068138599 228.171264976263 248.212884068489 451.404875159264 6.22833421826363 185.452002197504 2.03725636005402 148.2728972435 42.3748467862606 53.8632587492466 3.93190649151802 0 2.05331826210022 208.203947424889 119.797754883766 69.0293311178684 50.8654850125313 1771.54461285472 5.5325962305069 12.8637818098068 48.073721498251 1118.55616530776 172.236883729696 189.570106357336 0.78035169839859 0.838185578584671 15.084868311882 76.4564588963985 36.3702500760555
0.423844069242477 2716.60779798031 15.6041823923588 1.29839849472046 3.43953573703766 5.43755599856377 6.62262234091759 9.32591897249222 429.586847603321 1.6404384970665 2237.96008586884 4.73808622360229 10539.9988815784 5.69698199629784 13.8921401500702 6.20572379231453 20.188571959734 302.472655713558 248.94501888752 1.10576546192169 5.73078146576881 751.761360228062 12.5990880429745 228.807843476534 0 1263.17575284839 6420.14933469892 27.4742867350578 8.67226269841194 7.0553807914257 252.542698085308 2.37604200839996 0.457651525735855 149.080280274153 1.51776736974716 149.348593056202 1411.05822241306 637.596657305956 122.736967772245 41.2068030238152 6.50871515274048 2222.13897973299 16.0986717939377 43.9250181913376 46.3150621652603 9.96073305606842 0 0 17.9547047019005 0 143.510370403528 8.54175680875778 0 0 0 0.893573880195618 0.609192907810211 0.357498645782471 0.633952856063843 82.5582775473595 0 259.585949540138 0 0 1.29772567749023 4.22971040010452 46.6779091656208 62.6375332474709 0 0.965550780296326 13.0679593682289 2.41960000991821 1.75722897052765 148.004585087299 807.125804454088 814.068641453981 1.191650390625 0 1.18541094660759 36.8280275762081 0 0 16.616484105587 1.24126267433167
88.9276997447014 1575.64991211891 8571.65921461582 7.01944231987 11.880631685257 71.4213457107544 228.165446519852 202.57459641993 196.198203653097 52.74297991395 6734.29064834118 15.1986112296581 2948.15087363124 206.813808470964 11.2145260572433 96.7478813529015 5853.84959453344 8450.20991000533 9461.92344757915 13.0473230183125 206.820561617613 345.954392760992 1145.69248485565 269.028154924512 1263.17575284839 0 26821.6500155032 238.602254509926 152.975100547075 241.943170562387 3189.97528082132 14.6355203688145 13.604390501976 1664.74139162898 39.9443289637566 2145.86900016665 1796.97187978029 3582.95367473364 837.639879435301 97.3613562881947 10.8399530649185 56.3210424482822 99.8962112367153 51.3802636265755 139.925173461437 32.1990609169006 3.87912118434906 0 11.22337859869 2.68713569641113 634.189026266336 199.847022861242 2.32049006223679 0 0 8.70549732446671 5.70464688539505 4.01874604821205 1.90583887696266 117.473655462265 1.11009800434113 339.015666425228 2.54680156707764 0 14.2357802987099 117.915557861328 93.6337511837482 207.806750655174 0 11.5835819840431 33.6719075143337 49.5803723931313 15.1288630962372 250.986787319183 2147.04814907908 2733.95855379105 9.86910074949265 5.37341400980949 10.3488542437553 60.9528520405293 0.729280471801758 0 61.7802668809891 22.3084945678711
75.5093966126442 8252.57630172372 10320.1865011156 62.7620623409748 19.5504077076912 77.5550139844418 439.223277032375 145.029568016529 817.854315400124 110.730616599321 2420.01400470734 18.9976286292076 6710.6244918704 161.365985900164 29.0463199317455 5747.21143704653 3598.47963067889 1223.12496677041 2362.83384847641 13.8808287084103 1371.69176876545 4711.61390024424 7419.67189201713 2698.67254766822 6420.14933469892 26821.6500155032 0 1964.68801170588 180.729036569595 352.233867585659 4308.07003608346 5.5201398730278 35.1154537498951 2275.6642909348 159.624578118324 5174.77892392874 2473.70541867614 5733.6180267334 1798.62523004413 366.147090792656 19.4378528892994 89.8240141272545 132.761709690094 64.1797643303871 160.500953525305 35.6240924596786 9.07390746474266 0 7.19434440135956 4.12667846679688 881.331027776003 1049.84118750691 1.1170911192894 0.500043094158173 1.8586568236351 60.7467986941338 18.9352231621742 9.80085787177086 12.4189029335976 87.1669461131096 1.60262829065323 207.982207030058 14.4398428052664 0.465663969516754 309.21638906002 194.913455545902 75.5660336315632 169.613573253155 2.55027225613594 78.5709234178066 374.028872400522 782.856516778469 65.1396794617176 183.623194128275 1889.17087519169 4367.12954217196 61.1823618710041 12.0707755982876 48.1685794889927 48.2728960812092 0 0.492216795682907 77.2423037290573 62.8450597524643
630.16009503603 100.799887746572 1640.90674954653 15976.6487702429 37.5623192191124 1208.09912693501 19442.5328785479 1024.3857691884 2435.16313442588 13787.5096721947 24.1282523274422 628.822546094656 29.286444067955 1073.15366828442 99.6520135104656 2543.62761271 491.28264093399 10.1871691644192 81.835912168026 2633.53692984581 7948.09212139249 2026.39985227585 5466.96281120181 21239.126734376 27.4742867350578 238.602254509926 1964.68801170588 0 1704.70310601592 13814.0711262524 3.91529071331024 13.0124629735947 581.319327294827 2054.48658627272 231.387970626354 3419.35131895542 154.330634534359 1477.61485013366 513.376657158136 625.787781476974 99.3879974484444 6.47153690457344 219.957011431456 4.03908109664917 81.4905324280262 42.1468026936054 117.161167189479 14.2093935310841 0 61.528576284647 8.47395065426826 40.8820107877254 159.736849248409 4.84742841124535 87.7554892301559 410.068000376225 207.105408757925 169.979505777359 246.54222869873 1.71408304572105 72.9851742088795 1.36903375387192 156.832489043474 19.6687961220741 71.0563815832138 9.87829014658928 0 2.96611762046814 94.8623227477074 170.398223489523 78.6718039512634 84.4730952084064 1363.80571728945 0.472581326961517 11.8546061515808 48.9220923483372 1048.23052671552 225.208778768778 281.899383202195 0 2.99214568734169 23.7056727707386 80.5820028483868 43.0325357913971
14227.3167645931 22.3138180375099 253.67734837532 225.688818186522 657.728090852499 1611.22016376257 2621.23546871543 2988.89763686061 420.428872227669 864.655364155769 136.306439131498 330.062817662954 52.0252851396799 12388.3854661584 69.6985594332218 84.9849914014339 505.279660239816 19.1208334863186 116.49643099308 367.627972900867 656.470311969519 197.075180783868 598.274928689003 677.314052313566 8.67226269841194 152.975100547075 180.729036569595 1704.70310601592 0 8744.54929059744 1.57276701927185 2572.28752821684 10052.3763045073 4803.96030506492 122.706019192934 1952.71333926916 97.3074677288532 1749.19925308228 159.170497298241 1258.26248291135 746.779366910458 20.3889050483704 27.5187522172928 0.504111230373383 18.6233069896698 2.22288808226585 7.65103909373283 5.12898632884026 0.561879992485046 10.5730347037315 0.426495730876923 1.35063999891281 7.53061646223068 1.0114825963974 2.83446860313416 59.1867156922817 22.2439233362675 15.7508887946606 20.6906121075153 0 4.79623508453369 0.874624669551849 20.4911848157644 0 6.36878573894501 0.418877720832825 0.441408067941666 0 8.81249308586121 30.1987037062645 5.04690346121788 10.0785460472107 176.228382557631 0 4.10082942247391 7.82598650455475 140.286001741886 30.1199158728123 44.2675257921219 0 0 2.3041630089283 9.30389130115509 26.8631449341774
5347.56098300219 64.659498244524 1047.55392667651 70.0611816346645 16.1983405947685 224.849234253168 13804.2579998672 1501.04592585564 906.211290955544 321.074375659227 26.464155882597 31.8786774873734 12.2951777875423 2202.55139046907 16.4907882511616 523.637249022722 2106.28969672322 19.3969610631466 230.777366876602 40.2350165843964 16070.804320395 992.234432429075 7202.02432614565 1240.86830970645 7.0553807914257 241.943170562387 352.233867585659 13814.0711262524 8744.54929059744 0 1.04821890592575 9.65933719277382 526.330217123032 3146.36074456573 160.982377707958 2899.67479860783 162.377542734146 1567.04610443115 481.486553996801 316.62592831254 74.4911532998085 7.48976916074753 112.6835975945 0.786324203014374 67.6656437516212 20.4605536162853 49.2007369101048 7.42498272657394 0 46.5832780301571 2.05817288160324 22.6569226682186 15.9106468260288 1.53608632087708 9.18861851096153 219.223224937916 75.3074650168419 78.4546435475349 42.0576895177364 2.41989552974701 8.64510920643806 0 76.4223221093416 1.73522877693176 60.9596661925316 6.84467017650604 1.19872832298279 2.61409536004066 7.43328538537025 185.860747545958 38.7077117562294 65.9443980157375 561.503510266542 0 8.81788814067841 24.5811233222485 573.360901117325 150.010541066527 271.336959809065 0 3.20894142985344 19.1344066560268 46.3021253347397 53.032884567976
0.708650648593903 72.615376919508 13.6049028635025 0 0.710526704788208 1.49967741966248 0.66950649023056 0.443189799785614 30.7948308289051 0 1266.95638278127 0.289840072393417 6487.14029595256 4.32552206516266 2.05743551254272 0 8.58279126882553 216.944618016481 74.9718308448792 0 0.720342218875885 41.0029808282852 0.432714819908142 14.1709684729576 252.542698085308 3189.97528082132 4308.07003608346 3.91529071331024 1.57276701927185 1.04821890592575 0 1.98484945297241 0 30.9312453567982 0 29.7336250543594 113.528381884098 92.9121112823486 21.1433906853199 2.94161552190781 0 10.9365683197975 0.977697730064392 1.64657402038574 6.56794023513794 1.62715750932693 0 0 0.803893148899078 0 10.6431502401829 2.99616128206253 0 0 0 0.587778747081757 0 0 1.6008061170578 9.80781269073486 0 54.7642187178135 0 0 0 2.75109621882439 15.5976980030537 7.17593941092491 0 0 0 0 0.8812575340271 25.6923295259476 123.563091397285 142.441624432802 0 0 0 13.4894360005856 0 0 2.75014472007751 0.821218252182007
25.8375483155251 2.23987680673599 3.22262334823608 1.36261156201363 2585.40341687202 1877.8736512363 18.6692933440208 1208.56560879946 4.86111897230148 26.1479453742504 34.4563547372818 20.4206290543079 24.3459097445011 1175.70541501045 103.068453222513 0 5.71924489736557 7.38936406373978 4.69345700740814 4.86282625794411 5.22683918476105 0.558552980422974 3.75639054179192 6.91601893305779 2.37604200839996 14.6355203688145 5.5201398730278 13.0124629735947 2572.28752821684 9.65933719277382 1.98484945297241 0 4.49719604849815 2977.11527952552 4.30970916152 83.9762958288193 8.36388850212097 203.955090105534 15.2536192536354 332.609165966511 1543.68482965231 12.6964238286018 0.944791197776794 0.931057810783386 0 0 0 0 0 0 0 0 0 0 0 0.389646708965302 0 0 0 0 0 0 0 0 0 0 0 0 0 0.330920964479446 0 0 0 0 0 1.62050294876099 1.847212433815 0 0.946507155895233 0 0 0 0 0.70383495092392
