0 112.341528087662 102.747065705187 94.5532119912857 74.920042047797 57.1688861919624 32.6143381468434 33.4673718454836 76.0702908749136 55.4281655446928 111.900820691445 64.4587359510357 116.866467367063 21.3261942822928 53.4431143040529 95.2651863496002 103.007446767257 131.890442219002 122.206728649196 79.0831420483956 84.077847478731 86.1997649213519 93.47874330426 83.0438915426962 130.167205810547 128.740556061921 120.976640048619 81.2808169990767 18.6158262631315 27.7661740539262 201.790954589844 84.1167931806501 34.8497788914004 56.711388101544 113.511218631121 70.7337519124016 100.596551603662 71.3867964150423 91.4467892958031 39.4547781816101 67.1746702796939 99.9928906488517 153.380546809717 0 173.133075845693 186.414780302211 146.486170013196 0 0 155.317590534238 0 173.337400138136 161.678679646895 0 174.972763585943 154.061654301628 171.956042919365 93.7237183103209 190.124415918697 0 132.904220516731 0 189.83522904143 0 169.621304054783 0 0 0 178.163650512695 134.718455406045 152.527119692076 169.944762050209 133.911731070669 0 180.606964111328 191.685066575441 145.649108784671 169.109004661375 150.900246320832 0 0 176.919910185539 180.812071308724 188.529355898521
112.341528087662 0 44.9455100755974 115.666994891752 126.098831597095 128.205421728123 113.271915372286 132.366495117005 69.8921221403892 140.149149794152 62.0706850242702 108.883749861021 46.3142495447309 135.153306345239 100.008288788341 59.5917149004325 56.5118997589495 78.7807904410104 58.6838558897489 140.435149847394 88.1743683026513 30.0829005245424 62.9414601041407 78.9273416154906 23.4741884603345 51.7780727305819 30.2571159026369 103.813442331127 130.57111590369 100.188426879406 66.788615578713 88.7831918138722 116.870294225623 52.3708152271016 139.698857416398 70.083030415953 45.106898209922 52.7685689574966 59.3579347691392 82.8718316217301 56.6405410766602 45.6877919072701 104.707677430839 63.1963441160617 82.8322690730095 102.447455440565 119.346944144641 0 61.4900179070679 115.448417663574 20.5014167375446 61.8026749421819 142.930043905001 0 175.11181640625 136.527278300326 142.194943608849 76.6174575349057 209.557327270508 89.9451122858794 0 74.7673983157347 168.399630752941 0 87.6960962802016 72.9009925123255 92.666648122927 94.6851841700514 0 153.075868675564 36.4083970292166 77.8278383771759 119.248951497184 50.8318140730169 72.3959156644659 62.012323075541 139.05191463406 200.923233032227 106.797260729592 111.061246417465 0 0 73.2882343206725 152.455490060938
102.747065705187 44.9455100755974 0 118.550353561356 148.729520873333 126.410316163155 92.574967921861 119.302224810901 108.852050474621 120.293001974679 78.3780835695205 145.759097356423 105.168484209032 118.864668771122 138.317054230273 79.2920524232732 48.4958557629393 83.8907839691895 66.956905103408 115.21929787658 63.4188857837579 52.2553416548514 35.8314321331823 100.199773320909 88.4271611682362 36.7539197928938 33.4523172390267 86.0786069675942 118.541745848321 77.0625176642255 93.5871357167638 152.576205081269 106.007872611204 60.2206374671225 137.416214364455 70.0361138309604 44.91013219223 57.4059577818295 60.6040548424856 93.1583351239354 101.067707275941 104.983975275943 128.199665869533 104.687450678743 124.630479531346 132.038722293659 187.92454108225 227.21418762207 0 206.506683349609 64.8884896207925 100.574666430966 223.135973649369 0 0 160.527820908687 187.262454365444 120.126003993054 192.139700453152 144.581408829632 203.504898071289 130.389402322009 178.966241376517 0 107.429026018465 115.384534814314 159.144165039062 139.347738553028 187.092590332031 134.150527179052 66.3034070725826 109.597689652962 150.59344787054 99.2667520255334 117.548251946288 96.8621347544417 170.309443294436 171.698090757002 158.551821573457 150.876174926758 0 144.922882274835 121.227481197833 141.22984591849
94.5532119912857 115.666994891752 118.550353561356 0 115.746029066536 74.1231136414425 51.1756895301517 104.562028540748 60.0136291303197 23.0833455366196 136.488494873047 54.7273862010737 157.002457982593 112.018102750858 74.8437266834846 82.6560824741808 162.858286472782 0 169.561393529915 16.3185598209285 134.478887002543 72.0601576742398 120.320545760278 27.6433883554589 147.118144625095 173.701284114065 109.934189558338 19.6527030098659 108.990771746452 91.9122798282895 0 145.622352164772 83.7039415962668 99.6522021405486 89.2074892041296 99.2743937278168 162.603957950501 98.5957328628941 104.219583555823 73.6262172475386 108.683043122497 144.027954101562 115.125234474458 153.103713989258 162.105682233269 148.85950700507 110.899352360861 0 0 140.900550176142 151.853179931641 185.855878142238 32.8434422984214 146.842219487727 139.755774887443 147.723555684044 176.898833155638 93.4510927968172 89.4962175793433 0 30.2689561555499 0 163.591276092103 97.6221516680878 156.362283903492 198.683349609375 0 0 33.0666931965589 160.401977549 134.171215868479 182.728796838197 113.063875246467 0 0 173.211394816202 115.160847654285 174.371293995722 140.554322224594 0 0 147.709229066667 166.826506204661 199.255480010863
74.920042047797 126.098831597095 148.729520873333 115.746029066536 0 18.1547461553209 111.567394793975 30.5873005856295 54.1228309119647 103.875433078196 61.8253737156865 58.2170018811772 59.2585856276109 40.3058741185753 14.7477229007383 182.370376586914 118.501271240792 90.3444747924805 133.961007868679 96.2808208147317 124.495396105199 99.9662197969056 157.382510531162 72.5764800134651 116.531902693075 125.647838300442 150.198680394688 112.652408926665 26.1719569432181 111.5852774113 108.406791687012 15.0294840116723 128.337768795331 17.6550142127246 116.672459614755 71.7573953436882 95.2633300147426 43.267135006042 55.0840076565521 16.0907253663358 13.6669768614041 69.0794306832894 77.1399383544922 0 0 0 103.060020764354 0 0 0 0 0 156.773504188409 0 0 0 164.343963623047 101.979759275019 170.067025343255 0 111.914104995475 0 0 0 0 0 0 0 0 0 0 225.047164916992 137.406049417485 0 0 0 158.6077807143 213.833602905273 198.81120300293 0 0 0 185.204503468343 78.0146560668945
57.1688861919624 128.205421728123 126.410316163155 74.1231136414425 18.1547461553209 0 57.1688306600067 22.7279805188494 68.0695298599399 32.2001912282925 75.6449252681108 38.2492627279425 59.6313117625758 41.4221977305629 14.8379142442353 110.221868464473 136.985392615374 113.581358109305 120.373131363756 56.985340823829 114.149351564597 98.8785690167056 120.915559046905 78.892343476474 150.13978147277 137.869487737823 134.501784800068 72.5108580418478 44.7621381107016 95.8724083715912 112.204483032227 16.4173561654124 94.728204804093 36.1837815557966 25.8650014989266 85.1890546841523 107.979187284876 67.2014379738552 80.8378553344431 22.7713438017052 24.5182191571929 69.3493519630501 153.565074480262 0 186.878988536855 175.304180650989 149.403477287006 193.330825805664 0 169.098737303769 188.902599930093 200.508164748282 164.658304245304 0 178.944089923274 163.01081112164 186.573912616008 107.750032173521 176.817311223327 0 110.901364188978 0 195.550174368468 127.689428546598 224.042907714844 0 0 0 158.252556026892 163.606492312945 166.581834465289 204.484366055816 134.310279898696 0 223.829389195319 194.527785756554 162.994850988403 189.724189838978 167.968331713309 0 0 174.486466608573 176.044233979016 159.145786695751
32.6143381468434 113.271915372286 92.574967921861 51.1756895301517 111.567394793975 57.1688306600067 0 61.9137704723595 61.4659951987179 29.556931188168 134.58882433412 62.6767621634076 138.844260996154 43.2554750362191 84.6878227096373 85.0764732110871 107.391255055101 144.106353055017 128.316167954678 39.0155259349402 75.0940612920776 75.2254764933209 83.6384398837069 48.9429545826094 146.913538818029 127.03885785927 102.07902550623 36.4851434297246 65.2582383107559 26.9036983006537 185.890197753906 119.92624664997 74.6831224730693 84.359197337439 112.306431166064 90.4820945812766 97.9479605381645 93.8698130625635 101.590387196775 77.5218866402974 99.735322764161 131.163697538382 154.266149755209 212.779388427734 151.793960027456 158.247544426529 134.989095449477 160.464596835616 0 147.134541766703 151.415697869774 172.694051571993 144.156923330899 171.022582713791 153.328450711708 138.363970971684 159.962619479399 92.2541100359136 158.967548138654 192.909413348585 118.420155762743 191.009811401367 169.177814270676 123.099821515925 149.570576638503 196.979952289082 0 209.946517944336 141.253786431478 146.713670014942 132.86437448382 167.994528669959 116.602519614062 177.910315113891 226.581480367779 168.945830730384 134.418832375528 169.127279164382 144.159542163588 0 0 146.476993698043 156.367320464481 170.430034488528
33.4673718454836 132.366495117005 119.302224810901 104.562028540748 30.5873005856295 22.7279805188494 61.9137704723595 0 89.5692181763565 58.7676304557701 82.4837839551975 68.8680892944678 57.3453583015516 18.5340602965003 41.4766941717553 124.053803017692 121.055092007734 143.122413607128 137.999219773927 84.9070036368629 106.957205565024 113.007395861509 111.555074625981 96.0056067186314 134.283679848708 134.088230295825 132.227299249244 93.6994772316618 47.453250191408 75.8353589532571 199.533157348633 20.2331161284061 73.7436954602744 50.049893782087 90.2029578911268 85.1490354748111 102.108078589049 67.4060379967917 99.5685318099635 36.1570832078692 35.4820835383513 76.3804598860418 173.031857561639 0 182.076905440283 143.002783875702 162.665699043505 198.774412348632 139.493438720703 184.87756485978 0 190.687403810047 169.770888314618 166.805091988416 199.536705133206 173.522634316833 193.195839315725 128.41179105001 189.635358283225 0 128.454514627598 0 182.831549617647 155.491116796122 163.50097504324 143.028442382812 0 189.870001676339 164.27799883979 167.749931287141 153.618999856614 184.405680071661 144.473966268527 224.897932556867 197.898311109455 188.341567736512 166.271112390022 186.560584297702 181.937823470644 0 0 151.769073486328 165.920510926999 141.850217906564
76.0702908749136 69.8921221403892 108.852050474621 60.0136291303197 54.1228309119647 68.0695298599399 61.4659951987179 89.5692181763565 0 82.2305988995368 132.337740449377 19.5367506346329 120.665207529249 99.9662131251835 17.8678648949092 64.3516588732584 118.794818636158 143.185297593255 129.610956284985 56.0674954010131 82.6899137437337 30.4343108620107 103.715668535349 25.1162107163281 104.392377311763 126.715473835991 108.932098992756 59.4527042000238 85.6743414638232 63.7808955196848 138.507592307778 97.4304788010088 72.380971849381 85.639832508423 115.726586979806 75.0456902262878 116.358177254209 97.7128556778121 94.0549938335799 17.2053116611712 82.8910388494727 121.253512418659 83.299356169238 210.192855834961 125.993516441045 107.291290977699 66.9292623467268 138.064030704265 0 110.238306828161 102.837669617997 140.540129470621 97.3718866352632 92.6119598067764 92.7047324874544 95.4435576709114 128.096983556629 42.0115657831033 119.909894045828 216.465866088867 54.01758441821 158.662546546057 129.560171337469 75.7768645439066 96.1575499055445 137.06659767542 167.702514648438 175.441358577984 97.2354433298585 123.754452553542 53.7874279655117 115.125182206708 64.9902346735733 125.512901898941 192.325299030508 134.056521764741 96.6275402892185 141.333025377974 104.10793734116 197.556014579402 0 114.445415343744 132.464161368102 163.384015626576
55.4281655446928 140.149149794152 120.293001974679 23.0833455366196 103.875433078196 32.2001912282925 29.556931188168 58.7676304557701 82.2305988995368 0 149.234584603014 30.0839687549637 126.024144869831 47.2112598600163 79.377895521504 109.261967289949 149.027199426034 163.93870751681 161.037662324212 21.7806247857828 108.291281608466 89.3161049322623 114.2041743229 63.0252224269897 172.721863990149 159.627696179833 131.550217450551 28.8270534827634 111.81355468682 95.6130995077648 0 130.925763341104 99.1411872790916 106.670837782445 37.5537779852942 105.885138205537 127.169318480678 104.958617539664 110.991524868225 80.6566732341187 107.40605359181 162.057083308345 140.722958416608 191.636672973633 186.807757681411 177.20183194322 130.951765271237 180.816212524068 183.372482299805 192.081869880962 185.218597412109 188.237678216183 156.595118659194 147.810408664318 163.087202902299 157.114000055134 187.01563696558 113.607496339128 75.0269647790456 236.567138671875 22.4011690391572 0 189.525240608822 136.859839800434 158.547074413256 222.649795532227 0 222.358840942383 74.9329835983528 172.390664574294 138.433154035787 193.419425441912 135.940094095476 0 228.569763183594 214.619525978817 158.587160236927 183.802902792167 169.612308017049 0 0 163.199096174533 183.697249347105 180.604775338615
111.900820691445 62.0706850242702 78.3780835695205 136.488494873047 61.8253737156865 75.6449252681108 134.58882433412 82.4837839551975 132.337740449377 149.234584603014 0 134.208575044226 14.7131085367399 75.3699583599101 169.555689967279 112.560010707742 51.30016802068 25.535746117816 25.0538744059509 128.450904412772 118.656837000208 99.5089028568834 92.2399312997771 68.6336267312914 30.5017740861776 30.408355502424 57.8354839788171 153.034513781862 73.0239183906075 125.429391859338 26.1631782405046 63.9646046499871 97.4134982644253 17.2234937865279 143.279407973635 74.227087967757 24.6574032478924 23.2289344035608 39.9791429636417 79.1355649232213 69.3193933900636 13.3325819326424 145.553455437432 61.1087259763791 120.118772334666 116.267997330687 0 0 35.1576810632695 215.577972412109 93.5515731285988 124.469300108307 0 0 0 165.214232108228 0 145.787313669307 233.556076049805 92.5431006983251 0 77.2500309529243 166.353713989258 0 0 132.887367202722 106.441726391686 118.295062724416 0 179.322105229126 131.612945556641 150.697721228931 164.165493793791 73.1586249096427 106.237018279464 106.92567464628 0 0 0 104.368021533937 0 0 111.518120431093 146.849113079904
64.4587359510357 108.883749861021 145.759097356423 54.7273862010737 58.2170018811772 38.2492627279425 62.6767621634076 68.8680892944678 19.5367506346329 30.0839687549637 134.208575044226 0 124.077083074595 81.7733740081566 20.7746289585533 135.017488861063 164.590781657728 155.567569253098 167.923499282595 19.8012679360277 139.494676668056 82.9683515855216 135.823081908121 43.397779495534 132.735006538183 163.241315075065 130.603366857151 67.2305714133676 104.800509205464 117.956282516603 223.544494628906 107.405104231493 90.7258543237635 96.5626871272129 16.8689717449142 89.316761310235 124.424990598808 95.7825675239973 99.6780691848698 26.6773643236729 88.1924549221935 129.079156919651 86.6461908471663 0 179.25679186183 0 85.2048941951863 153.085341581603 0 176.952882453318 0 153.168067533668 127.197782171948 139.738311035578 148.904002767025 153.211918912376 158.727827133136 81.5919991247742 141.139114518408 0 20.532911966935 150.884948730469 187.559634009798 81.8712864020843 0 0 0 0 108.764706204877 186.088788990071 0 162.480255126953 104.668819060399 0 0 150.986770629883 139.203121472946 167.392604745056 177.236425268842 0 0 0 176.228702166922 181.167683298589
116.866467367063 46.3142495447309 105.168484209032 157.002457982593 59.2585856276109 59.6313117625758 138.844260996154 57.3453583015516 120.665207529249 126.024144869831 14.7131085367399 124.077083074595 0 68.7345066559873 141.799189280281 125.421178992855 92.8551579607787 49.9377969897912 60.5433626249553 125.756512947963 118.259081475223 85.9549260126832 118.677727259701 90.1713222019818 17.9163413630941 23.7970833801344 26.412747085218 144.77295548148 59.0243696564833 124.472081147875 9.05400036486908 53.4334941923192 94.1814722626801 20.4666526505536 85.998731366861 32.8274903091837 23.7688375521883 22.268161912301 20.3932155471992 53.2976081260909 11.2205080500037 11.9804574565752 74.5574331921985 60.3895530979134 111.590455180958 109.801572123349 0 0 56.6604843183082 0 72.6257140123545 135.709425117715 180.419021606445 0 0 185.281567193586 183.955388818602 153.030849342569 0 78.4215429874854 0 65.1811164431006 219.80440211996 0 0 129.68110301463 95.2205666631983 103.383033325548 0 161.979859542766 105.013981943206 153.474563105825 175.230722811667 53.191968663285 95.1457185591285 94.1874378283402 180.256147140244 115.607627868652 189.07168013124 94.8538028232704 0 0 107.289283267629 91.1833526787193
21.3261942822928 135.153306345239 118.864668771122 112.018102750858 40.3058741185753 41.4221977305629 43.2554750362191 18.5340602965003 99.9662131251835 47.2112598600163 75.3699583599101 81.7733740081566 68.7345066559873 0 54.2595169675719 129.780968543371 121.318212018005 124.007223375995 129.56024164592 94.0019194840985 107.401185848493 112.492404420075 111.650579410846 103.047048205446 123.577516687492 134.190508470664 132.170983318577 96.661233612948 29.1901804059069 73.7000052348046 136.767281070965 24.5075429576779 62.3158448930904 46.5048500433485 115.98178816213 81.6657188873621 93.1281742935676 61.0303696621082 84.0948463684427 42.0870057234417 38.6165187534547 69.5590566940945 155.79504024056 175.846008300781 176.083230979733 143.730792679774 204.066816282993 191.520172119141 0 181.168785156578 200.149084308622 180.773104265265 180.889471610561 0 198.733343085538 171.920063070653 213.7833604763 129.923452575656 199.222766180748 0 142.212541101767 0 210.441187341526 0 169.049549282626 211.875147422333 0 241.917526245117 206.271118082607 174.649398252433 111.593298834585 190.308908814887 159.36555693628 0 210.469817487703 189.234720557794 174.726965276214 195.069887406258 167.083634660267 0 0 210.412139892578 171.443889294564 133.373232655715
53.4431143040529 100.008288788341 138.317054230273 74.8437266834846 14.7477229007383 14.8379142442353 84.6878227096373 41.4766941717553 17.8678648949092 79.377895521504 169.555689967279 20.7746289585533 141.799189280281 54.2595169675719 0 137.45188628914 154.473405326601 175.424700521971 139.283172518839 65.20459454648 118.88723381665 69.9544478399771 137.365593858763 45.5639511528831 133.099951863001 155.984992736958 133.735921226587 87.2801563433203 64.2532555275065 97.5128903155054 172.598718855952 44.4286051363486 107.601959259011 50.3401008191779 66.4457816289822 67.1421463410654 156.697401462508 81.7611379455335 100.515188005747 12.6631858516652 28.5980814993255 73.3647010109561 80.2751538677485 0 137.011642456055 147.524749755859 83.9815978261095 0 0 113.386329650879 0 0 119.63498712522 0 148.809743156647 133.788465794988 184.518161727629 73.3408805412533 154.358300237155 0 98.3846210963376 243.003082275391 168.479635210478 90.8528625670041 0 0 0 0 113.537219638814 120.032653808594 64.6541061401367 0 99.2484672585477 0 0 0 120.142863494424 136.544967651367 162.294620587645 0 0 139.416046142578 0 74.0076007414527
95.2651863496002 59.5917149004325 79.2920524232732 82.6560824741808 182.370376586914 110.221868464473 85.0764732110871 124.053803017692 64.3516588732584 109.261967289949 112.560010707742 135.017488861063 125.421178992855 129.780968543371 137.45188628914 0 97.9177087686754 126.81928226416 116.074788065467 121.564741374641 21.9331250862884 37.969623225358 18.7584791965476 40.1506004799323 102.822290714749 103.276648594964 32.5356875538525 43.7880022758055 98.627653111086 71.3362478191468 0 0 75.5577857209769 67.7765678886085 133.506057307565 69.1743032046428 60.7527054382247 67.3737603057552 70.3435214720898 81.555635281706 86.4092186391708 147.673334972833 116.676989088217 147.209899902344 128.408092040709 129.464146074562 133.862629757495 0 0 122.714545994739 167.015182495117 131.732229357298 174.053555951946 0 181.574391676706 134.249346617628 156.043791638701 90.2722774756966 181.629148425606 169.920745849609 130.680389404297 0 151.454395378854 0 100.119768979289 143.582585013965 0 182.431917975472 119.075813293457 111.662326263799 54.3036120950839 109.290656481234 113.835803767773 0 162.005785502503 118.679106707826 125.66666603108 138.614672790228 117.882409722606 0 0 136.984075307581 132.194134658297 163.190297079826
103.007446767257 56.5118997589495 48.4958557629393 162.858286472782 118.501271240792 136.985392615374 107.391255055101 121.055092007734 118.794818636158 149.027199426034 51.30016802068 164.590781657728 92.8551579607787 121.318212018005 154.473405326601 97.9177087686754 0 58.4419526027988 22.1665146364996 154.315546679447 54.6459531965433 77.217441144039 31.6265532915883 125.019290538509 79.6774914941431 39.3910984869486 64.439118476774 104.51452204984 107.897099816609 65.9037397646448 87.5947144396456 120.105256332889 100.769126677482 40.7197065239528 134.252375706497 70.0175119901208 46.209929800834 52.6270394907528 60.1190696247457 97.4836038041263 96.7173139101463 111.11152028351 159.028207620476 0 137.166526087113 128.900905401618 0 0 0 179.983985577627 77.7732899761175 113.008657762963 0 0 0 194.672737239834 198.443792743862 128.759403444581 186.772878623723 187.841883586396 0 140.745256416163 181.641420695353 0 142.641791123397 135.581866672602 149.866588000853 159.081858283922 0 165.830222830894 97.5392356000564 134.357928816688 164.616361991836 101.370667209511 123.146309478316 108.178169660607 172.157436194583 190.912174558124 184.91553524049 0 0 0 129.468749867832 151.801882895285
131.890442219002 78.7807904410104 83.8907839691895 0 90.3444747924805 113.581358109305 144.106353055017 143.122413607128 143.185297593255 163.93870751681 25.535746117816 155.567569253098 49.9377969897912 124.007223375995 175.424700521971 126.81928226416 58.4419526027988 0 19.411786143609 161.209106445312 133.390028406661 116.273078987782 101.723773587419 149.034574227204 49.752689890869 29.462345812714 65.5698046064231 154.694583603388 112.834467081981 126.241271833007 53.7118877920979 96.4939028575519 154.060349614867 55.8367726146939 149.21419492387 88.6861557044473 51.0947579431368 56.7420886593373 66.2846807075321 104.219699606357 113.788551330566 57.1782713016394 146.535821850107 132.21235661589 140.880527250261 0 0 0 0 209.410507202148 96.4263684843207 156.985447559403 0 0 0 227.545227050781 210.073379516602 153.399703371033 0 107.661275600682 0 97.6242159048341 220.189727783203 0 0 146.027868676913 106.925584881839 122.483274321786 0 206.161580841146 87.1136217471967 229.989013671875 187.010040687616 75.6237868424103 112.3893440102 111.096357897652 216.751510620117 0 0 119.26893327494 0 0 134.781725290407 157.509336240353
122.206728649196 58.6838558897489 66.956905103408 169.561393529915 133.961007868679 120.373131363756 128.316167954678 137.999219773927 129.610956284985 161.037662324212 25.0538744059509 167.923499282595 60.5433626249553 129.56024164592 139.283172518839 116.074788065467 22.1665146364996 19.411786143609 0 159.521238529622 88.5953313328406 96.3630298177864 69.485047545317 139.41915240178 46.7109300283566 34.1506843183373 63.4737331161997 124.001617896251 115.281595224658 93.0692000627629 67.4770778081801 73.4695004543098 113.533834549002 42.404259351727 152.627736051064 79.3449512998612 52.0871759261854 49.2770023764821 60.6822153718968 113.337418597137 73.0702198892521 63.8908648145 134.83395711255 97.2956086011653 120.179306593948 133.64353787537 0 0 0 0 74.4818259912643 120.721018748061 0 0 0 198.174102783203 232.252487182617 131.151489257812 208.753356933594 120.674120149478 0 118.893266673067 209.898742675781 0 150.751451365434 130.064301069392 115.337225951719 120.63193661114 0 174.551253331143 90.4594744885026 137.719734106194 166.593760188071 88.2921854534216 108.143470780021 111.917041827309 172.042345394441 159.98161315918 178.760542832081 125.773614486618 0 0 0 157.700302688931
79.0831420483956 140.435149847394 115.21929787658 16.3185598209285 96.2808208147317 56.985340823829 39.0155259349402 84.9070036368629 56.0674954010131 21.7806247857828 128.450904412772 19.8012679360277 125.756512947963 94.0019194840985 65.20459454648 121.564741374641 154.315546679447 161.209106445312 159.521238529622 0 112.88588433193 92.4662169795061 115.986002573683 21.4427807144644 150.613128662109 166.784821693698 122.431046874089 35.6358169336029 99.5484448199253 113.458582873267 0 132.715272553984 87.8904568313564 89.4611189088211 38.7182430783196 88.3921391099079 139.904672886738 94.8930720502774 89.0012484615083 65.7229796121404 92.7555421220036 119.427284240723 103.920280085746 0 160.892210156494 141.248789762488 101.454435579952 150.547655302078 0 89.9024505615234 0 0 118.578183535284 138.036139804387 147.960039702421 133.447747461479 163.051919041031 96.960042784916 98.1596430499998 0 28.2485769781048 0 171.158166572647 118.692066248645 130.102188110352 0 0 0 67.1737614007384 162.090808205176 112.922906845133 171.743346884487 106.321374055505 0 0 220.157391908756 131.923079624189 178.561000808086 135.144041414902 0 0 154.265332275763 131.257944015846 163.187533469724
84.077847478731 88.1743683026513 63.4188857837579 134.478887002543 124.495396105199 114.149351564597 75.0940612920776 106.957205565024 82.6899137437337 108.291281608466 118.656837000208 139.494676668056 118.259081475223 107.401185848493 118.88723381665 21.9331250862884 54.6459531965433 133.390028406661 88.5953313328406 112.88588433193 0 55.8057007908749 30.0543262598358 44.6739987344987 146.228007182173 103.003128083606 65.3823419714348 36.5866932951663 89.9023272020295 35.0042281237321 143.749465942383 142.953162084467 73.6059038468618 43.292149091948 127.878231243151 64.7408265815343 51.8355559403037 61.7865783235076 65.9876575860902 78.313750967815 83.1396624941804 112.369408845012 141.907977346001 177.206432614969 134.397998704471 134.195497681122 134.867082184086 115.726303100586 0 139.000123394298 153.80029296875 140.423675021872 150.058866907313 198.145172119141 170.252624516736 139.102949431295 166.5719523335 104.97344217695 174.499177853306 0 0 239.289657592773 163.358997418379 158.278793666898 112.437507322852 160.268718492617 0 196.591522922613 183.59343617346 122.019224861942 73.8955735396553 128.06857816382 117.171075542256 0 176.946361808016 141.775115500804 129.080848340018 144.58169398886 125.171806266972 0 178.341735839844 132.481463623137 126.977198651721 154.072568554247
86.1997649213519 30.0829005245424 52.2553416548514 72.0601576742398 99.9662197969056 98.8785690167056 75.2254764933209 113.007395861509 30.4343108620107 89.3161049322623 99.5089028568834 82.9683515855216 85.9549260126832 112.492404420075 69.9544478399771 37.969623225358 77.217441144039 116.273078987782 96.3630298177864 92.4662169795061 55.8057007908749 0 53.5397611199987 39.1652256365396 68.336344361753 92.9275883668618 44.4417819134045 59.5731263643148 84.3179499960139 61.2174422368006 102.115597298793 197.351821899414 69.6675419268551 64.3740988027011 131.586421290862 66.795420868919 58.2060033904218 64.0429565697847 64.1745782399268 63.514064062051 91.7544398930506 90.2297790737943 94.2470758935233 158.933373506041 108.617762123929 89.0875445188749 102.822346534679 106.199369740481 187.064682006836 92.9248912997631 86.2669151075138 87.5456856921705 121.457885059658 0 164.202053960287 94.2711220981428 124.228481958111 54.5378815531578 152.769214469691 138.071166992188 148.396231705893 114.692033960764 116.89514784188 114.160974743876 53.7984311860574 119.066604826096 125.005210876465 146.636923713821 130.088947346646 79.2656261151473 17.393053638294 74.8694255151882 56.3606549040345 90.9143888929894 148.408419257319 88.8147426019769 87.938698265853 102.522184738025 82.502296564951 131.1943359375 0 67.5349604348809 87.785552053535 135.517451371233
93.47874330426 62.9414601041407 35.8314321331823 120.320545760278 157.382510531162 120.915559046905 83.6384398837069 111.555074625981 103.715668535349 114.2041743229 92.2399312997771 135.823081908121 118.677727259701 111.650579410846 137.365593858763 18.7584791965476 31.6265532915883 101.723773587419 69.485047545317 115.986002573683 30.0543262598358 53.5397611199987 0 69.6852158125742 116.640065688446 70.0739609515251 36.2693006987931 60.8521824305555 102.25761120912 50.4707316746512 147.215423583984 161.093142133939 86.0988923825751 45.1086283266855 134.448182819328 67.5724948304514 47.0254038073368 60.2952619091718 65.2512937257476 83.1047159415154 93.7697239027005 112.811007879582 131.582419833537 142.279621668234 136.415136609213 135.329784472209 153.54378906343 209.423286009447 0 159.390101191567 115.906148776319 109.664555735559 190.542351782136 0 201.975053109011 157.686479707195 186.563836348108 106.528695533421 195.621290902238 206.709866926796 187.607450972203 198.97742315589 183.441236675005 143.335372924805 100.973580747466 146.128444079485 0 158.600340850231 170.632531003507 127.66056044336 64.3274122377858 113.377169106925 130.974811481502 172.670623779297 147.073761971971 107.598108600369 143.943208841026 161.345601750644 138.011998546378 224.611831665039 0 125.470127314384 127.354329643902 144.199718099141
83.0438915426962 78.9273416154906 100.199773320909 27.6433883554589 72.5764800134651 78.892343476474 48.9429545826094 96.0056067186314 25.1162107163281 63.0252224269897 68.6336267312914 43.397779495534 90.1713222019818 103.047048205446 45.5639511528831 40.1506004799323 125.019290538509 149.034574227204 139.41915240178 21.4427807144644 44.6739987344987 39.1652256365396 69.6852158125742 0 111.989477043692 129.803018925229 82.9726578881607 26.1111425219345 94.5248085587532 73.3802320007335 147.466534629704 138.620647461877 77.9185232571077 81.6891427988448 141.499123081076 81.6224661548847 99.4543179636366 92.7969629101244 92.859661181024 42.8180436873009 93.8854003801773 131.422050515228 118.639310794968 155.035842895508 138.20676244089 140.20086120162 104.685744268163 147.23953663122 0 131.153140485566 127.241477158399 155.2040048866 101.42469759225 119.225175649365 134.47829599889 118.945871774033 144.68254669842 68.9811102379755 137.409077614705 180.71778218047 87.6033844872966 163.359346969386 154.105820548969 91.7727694615291 124.404824314186 167.300887135098 0 203.86528508476 105.91008742287 124.498814854441 97.6031805433377 149.280095727306 92.0943012133983 169.26965155112 188.572846448136 159.952226533894 114.926973033881 146.528317796082 126.248708933805 209.854934692383 225.462673362675 128.056384726294 133.822088994096 170.904722359928
130.167205810547 23.4741884603345 88.4271611682362 147.118144625095 116.531902693075 150.13978147277 146.913538818029 134.283679848708 104.392377311763 172.721863990149 30.5017740861776 132.735006538183 17.9163413630941 123.577516687492 133.099951863001 102.822290714749 79.6774914941431 49.752689890869 46.7109300283566 150.613128662109 146.228007182173 68.336344361753 116.640065688446 111.989477043692 0 42.4175649698628 23.8537477808809 135.042078141051 114.459490834621 137.376394000451 47.3068885215406 65.664487919561 169.436264038086 51.4039977463261 142.710122677567 47.7447521261364 23.1113045007637 43.38276202452 40.5573101352435 111.518725201355 20.5022202395428 18.555653375961 110.162022426827 57.1351016247547 81.6621754443849 90.9837816489739 0 0 42.2009072222538 0 32.5727794128756 99.0801254325408 0 0 0 195.149566650391 179.790054321289 145.947738647461 188.175674438477 73.4248898531847 0 62.1240601330792 0 0 138.3681640625 92.837723778182 76.8173921346856 81.2977452582651 0 185.668075561523 61.0128019547897 115.268744249629 148.285546245939 34.8488962570081 73.5839401503572 71.2980107943373 158.571566482568 0 145.000409590061 81.1002492313636 0 0 88.5746357675597 236.107955932617
128.740556061921 51.7780727305819 36.7539197928938 173.701284114065 125.647838300442 137.869487737823 127.03885785927 134.088230295825 126.715473835991 159.627696179833 30.408355502424 163.241315075065 23.7970833801344 134.190508470664 155.984992736958 103.276648594964 39.3910984869486 29.462345812714 34.1506843183373 166.784821693698 103.003128083606 92.9275883668618 70.0739609515251 129.803018925229 42.4175649698628 0 34.0100607034824 129.941946302174 124.794820466868 108.502553716112 22.0398401523274 99.3185716665222 128.817711226592 56.6111369446105 147.410836551825 81.8487320242649 53.2147771928327 57.9732934249671 66.5540969328569 117.847017684209 107.49537350589 67.5806072477062 129.839064112232 104.100646816723 113.419264369342 129.277116851191 138.034840235199 0 90.9284800328003 154.726412677737 68.8513932106669 116.024013650553 198.015359644794 0 0 190.633707609269 201.31917460605 163.016733098602 215.621777290951 111.418728627934 214.283676147461 97.5252566844411 200.333185850901 0 160.355837460792 114.476961609736 110.41760466284 113.191414972954 0 160.607227543084 110.220622031173 144.386096789276 167.153518258946 79.9282401548089 104.264141938191 102.066371458179 175.800183929329 202.417873879507 171.711567233964 116.434229157098 238.099746704102 0 115.05142165625 156.696736425653
120.976640048619 30.2571159026369 33.4523172390267 109.934189558338 150.198680394688 134.501784800068 102.07902550623 132.227299249244 108.932098992756 131.550217450551 57.8354839788171 130.603366857151 26.412747085218 132.170983318577 133.735921226587 32.5356875538525 64.439118476774 65.5698046064231 63.4737331161997 122.431046874089 65.3823419714348 44.4417819134045 36.2693006987931 82.9726578881607 23.8537477808809 34.0100607034824 0 82.0871649268141 123.792598441525 99.5582170843368 20.1248342124193 116.969400436075 108.50540694976 60.6244731342137 136.393042220047 74.0718947801116 51.7800967071397 60.3714708292455 65.5935334171689 93.2439201775139 89.7146627871482 69.6997884025067 128.906677654603 100.929831810566 113.426511176455 119.753879978268 141.065168239207 0 112.455335217403 157.445131946132 62.8084294528269 96.0146919586544 159.617852069977 156.9248046875 165.020984809988 160.627828064035 185.967834032856 133.479436406086 182.631761850926 121.716127922274 189.624395118903 101.504105854426 185.174584513291 142.751403808594 92.8467034332513 107.222791889652 117.648460878697 114.574592356469 215.745864757218 128.604152350237 56.5262500616252 104.542618577751 147.922704184077 83.1075567007182 104.405755181819 87.2620399859791 153.777811997513 160.168075769325 142.586584539098 116.652684284397 0 168.743087768555 105.069136709062 150.759026730254
81.2808169990767 103.813442331127 86.0786069675942 19.6527030098659 112.652408926665 72.5108580418478 36.4851434297246 93.6994772316618 59.4527042000238 28.8270534827634 153.034513781862 67.2305714133676 144.77295548148 96.661233612948 87.2801563433203 43.7880022758055 104.51452204984 154.694583603388 124.001617896251 35.6358169336029 36.5866932951663 59.5731263643148 60.8521824305555 26.1111425219345 135.042078141051 129.941946302174 82.0871649268141 0 95.4673418216335 44.5025801385557 163.103589511342 142.682208297694 76.4934309546253 68.2123484803218 136.034381437041 78.769705637791 90.2518255347765 85.0029199059716 84.8956490857377 81.5062259427782 95.4074810818184 122.886903864457 139.967951972376 137.118404913401 153.404819369153 146.481726627373 125.621020546159 161.871049701545 0 141.681071133825 169.293817637677 169.250759322784 149.055887777162 171.47714163278 157.850372243287 134.623490293812 160.522533067178 91.8629296301469 162.686722603175 204.374773771887 129.321255191078 190.588657224971 167.001314343887 112.819793017683 126.221617556352 173.725628784602 0 208.036074162247 142.405599340754 132.235252274501 107.907855872606 151.700128788026 116.129111744178 209.28401184082 191.982704287222 156.248581932242 131.344203987316 154.37677706179 134.468459750448 0 210.203223761384 143.990799803474 146.769126362878 169.751962980939
18.6158262631315 130.57111590369 118.541745848321 108.990771746452 26.1719569432181 44.7621381107016 65.2582383107559 47.453250191408 85.6743414638232 111.81355468682 73.0239183906075 104.800509205464 59.0243696564833 29.1901804059069 64.2532555275065 98.627653111086 107.897099816609 112.834467081981 115.281595224658 99.5484448199253 89.9023272020295 84.3179499960139 102.25761120912 94.5248085587532 114.459490834621 124.794820466868 123.792598441525 95.4673418216335 0 30.7533166218394 119.898367749674 18.6368699958274 22.8270353293015 35.5963155263247 112.47464118098 66.0505410233005 84.9994683992136 53.0516348459217 77.4662916142632 48.7800302901091 32.3688045578253 63.4641082111578 156.7828779702 123.550102233887 163.428576384306 148.009346920348 167.414183421136 166.866650403859 226.281036376953 157.072291010355 163.158233642578 168.743471193397 194.283762473222 211.281784057617 180.886201453561 154.192016741005 181.914745309875 93.7673002641537 183.568048589061 0 155.962888533202 232.428649902344 195.667637106865 0 155.629818320559 163.305770874023 201.416915893555 0 173.78552079998 155.6982952949 112.639193014624 181.812427193119 143.708557002085 0 163.205018815745 176.616102186476 151.516343105112 183.214636413145 157.265577992572 0 0 157.775346539638 158.088816572699 129.767858447071
27.7661740539262 100.188426879406 77.0625176642255 91.9122798282895 111.5852774113 95.8724083715912 26.9036983006537 75.8353589532571 63.7808955196848 95.6130995077648 125.429391859338 117.956282516603 124.472081147875 73.7000052348046 97.5128903155054 71.3362478191468 65.9037397646448 126.241271833007 93.0692000627629 113.458582873267 35.0042281237321 61.2174422368006 50.4707316746512 73.3802320007335 137.376394000451 108.502553716112 99.5582170843368 44.5025801385557 30.7533166218394 0 177.661243243663 113.809824032019 50.3409089525077 38.614083380766 122.568420565919 59.3733511148527 66.6731733336792 59.0647776769594 60.4087724229764 76.148888661347 71.3201119473096 108.551839196386 134.783834420349 133.641021728516 148.11285399216 145.983389012975 144.505654866906 144.000062343712 0 137.164085249849 151.143614088811 153.902955069651 169.744131077819 153.061630249023 162.714504201471 138.137291582631 163.746671547817 85.8548389027865 166.980187626396 192.741313605475 144.991510590497 0 162.265014328929 132.98051099692 117.277402114447 180.171678919299 190.863130282208 203.385324067544 146.241165929678 125.358194016017 87.6550864021777 142.335538986238 117.647564515247 0 186.035593172514 153.767478528084 129.471619451566 149.006694364331 128.727643267182 0 204.762239728396 142.380335560371 145.272972764702 143.871179592473
201.790954589844 66.788615578713 93.5871357167638 0 108.406791687012 112.204483032227 185.890197753906 199.533157348633 138.507592307778 0 26.1631782405046 223.544494628906 9.05400036486908 136.767281070965 172.598718855952 0 87.5947144396456 53.7118877920979 67.4770778081801 0 143.749465942383 102.115597298793 147.215423583984 147.466534629704 47.3068885215406 22.0398401523274 20.1248342124193 163.103589511342 119.898367749674 177.661243243663 0 112.414132655591 0 77.387205644771 0 104.239698771439 60.5698355109651 72.1202375472883 85.7511637856039 152.724568104342 0 62.7782660119211 195.544008572657 119.338702766766 135.666486826764 136.748969340262 0 0 91.5102157592773 0 98.2400467291636 174.678976168895 0 0 0 202.883728027344 0 0 241.945755004883 112.731534575615 0 100.590427203396 0 0 0 125.84098964905 114.500619457146 125.200325671162 0 0 0 0 167.998641967773 94.426189144847 115.205828682406 111.499949198338 0 0 0 116.604648247309 0 0 139.886742777896 218.336151123047
84.1167931806501 88.7831918138722 152.576205081269 145.622352164772 15.0294840116723 16.4173561654124 119.92624664997 20.2331161284061 97.4304788010088 130.925763341104 63.9646046499871 107.405104231493 53.4334941923192 24.5075429576779 44.4286051363486 0 120.105256332889 96.4939028575519 73.4695004543098 132.715272553984 142.953162084467 197.351821899414 161.093142133939 138.620647461877 65.664487919561 99.3185716665222 116.969400436075 142.682208297694 18.6368699958274 113.809824032019 112.414132655591 0 69.7138740980629 20.8483609314791 106.346949457905 75.7018442074802 69.1220288059207 45.1180239090205 53.2110559311138 39.0153463135958 20.7791936556896 60.4095882129628 106.703262329102 137.350402832031 0 0 0 0 0 0 0 0 0 0 0 195.968673706055 0 0 0 0 0 0 0 0 0 0 0 0 0 174.281234741211 0 0 0 0 0 168.585763546597 194.08444629149 0 194.988220214844 0 0 0 0 102.087882995605
