0 13.6632384061813 177.748410999775 45.9143213331699 8.8950452208519 1182.36869701743 6361.29309132695 5773.80394202471 195.227584838867 750.952289521694 53.683098167181 46.2138600349426 9.75309947133064 14900.9985158145 6.48899102210999 12.0129859149456 162.458782762289 3.88364374637604 36.1915088295937 31.6709453463554 230.61962005496 29.0515312850475 441.301262587309 328.829884797335 5.27114048600197 61.2566327750683 105.883951663971 340.669287472963 17220.8393521309 4297.0585860312 1.296710729599 49.7222699820995 199.316006273031 574.319019198418 28.3052355647087 500.926688849926 14.2321698665619 395.499356001616 139.736875236034 180.014220654964 165.504913747311 1.70473694801331 11.2859417796135 0.579178094863892 1.24596500396729 5.27611756324768 2.21054205298424 0 0.743239879608154 2.22613745927811 0 1.96851110458374 3.07846879959106 0 0.543814301490784 39.4609353840351 4.53349819779396 11.2399557828903 1.35194545984268 0.743040204048157 4.05707934498787 0 9.68857109546661 0 6.41031444072723 0.784331738948822 0 0.350341975688934 0.778267115354538 11.8414729237556 4.38379672169685 9.152906447649 51.2692097425461 0 1.77631449699402 9.5694999396801 50.5506762564182 4.29947081208229 10.6004874408245 0 0 0 4.17931079864502 3.34734511375427
13.6632384061813 0 947.800882965326 4.6206139922142 0 13.1611846387386 66.9638828337193 15.6322854757309 681.275389879942 14.5262464880943 280.220891416073 13.0009506642818 649.767037004232 24.0673765540123 6.1778079867363 121.373748570681 1201.40292087197 56.8330662548542 549.998510271311 0.714919447898865 67.5935047268867 2297.03761026263 361.842680990696 710.150041013956 2967.98033776879 2234.90268364549 8363.96127054095 107.124309301376 27.7167456448078 102.078782647848 79.3469739258289 0 8.74284139275551 525.554982095957 12.955867856741 707.039704114199 535.530888468027 1187.61769193411 467.963169127703 28.6590794324875 4.61607220768929 108.864289462566 37.1428266167641 18.8363206982613 54.5929182767868 9.44232723116875 0 0 0 0.543959736824036 90.6017169952393 126.98406547308 0.54202789068222 0 0 8.9402362704277 0 4.69656074047089 0 14.2472577095032 0 57.3876882195473 3.25985631346703 0 1.62317728996277 77.8717147111893 9.89895248413086 54.4371576309204 0 2.44306945800781 26.9909774065018 43.6954337954521 8.2036242634058 62.634137481451 247.754498749971 530.733086645603 7.65902426838875 0 7.62608903646469 9.28497296571732 0 2.35944700241089 27.721244931221 1.12672108411789
177.748410999775 947.800882965326 0 10.0058606266975 0.454594790935516 134.105025321245 1694.16416728497 226.956437885761 113.315771430731 131.316486507654 77.8374937772751 3.33690816164017 27.3154102563858 315.804629325867 1.23983800411224 122.459842741489 3992.78290042281 66.271761983633 559.38278350234 4.24539279937744 1961.75866690278 764.904648572206 12785.1435091496 367.485915899277 55.7540320456028 10917.658998251 12648.0312460065 1338.37589916587 175.010164618492 1194.68797945976 20.5439624786377 0.359760314226151 14.2256174087524 480.499149918556 18.5978969931602 1212.00173056126 607.784963488579 1592.77355727553 739.710825651884 27.9306371510029 8.58284491300583 5.19857749342918 120.050950407982 56.4349932670593 166.400709718466 52.1155787408352 0.739486277103424 0 0.905405163764954 2.12762010097504 96.604854285717 455.699670314789 0.541576087474823 0 2.50316327810287 52.574227809906 2.86491680145264 6.92846235632896 2.11479473114014 12.8989187777042 0 9.63292068243027 10.1536343693733 0.749731957912445 37.2719888687134 171.460326969624 7.44391515851021 54.248859167099 0.556029379367828 26.7644067406654 52.2346362471581 206.200647294521 24.4473676085472 17.6664718687534 304.817443758249 1081.48055866361 31.2119943201542 4.22466397285461 25.7930603027344 4.30252709984779 0 0 68.9467635750771 12.0203097164631
45.9143213331699 4.6206139922142 10.0058606266975 0 2.18601387739182 261.248404681683 654.066262990236 66.1111527383327 615.469488322735 10564.7907392383 0.402812629938126 396.645513921976 0 73.5189445316792 36.0008142590523 4.93039113283157 2.91766831278801 0 0 33443.2634402812 4.55754092335701 13.2849819660187 25.2939190268517 3078.52476513386 0 1.95708811283112 16.4902722239494 9332.35413005948 147.283841699362 48.4368912875652 0 2.17235353589058 19.5414200425148 43.7639505565166 6.58095881342888 166.403854846954 0.856612324714661 61.1415801942348 43.7884459793568 70.0142529308796 12.1742007136345 0 78.6402950882912 1.03742957115173 2.65559267997742 1.27374297380447 30.4278864264488 2.50269013643265 0 2.43758672475815 0 2.7010440826416 54.6492140889168 0 7.38769963383675 62.8239440023899 14.8792201578617 119.248442560434 70.1985052227974 0 19.2019720077515 0 14.0097634792328 4.48880743980408 2.15512663125992 0 0 0 22.9697370827198 0.306361615657806 0.920877039432526 0.760350584983826 132.474509000778 0 0 1.48464149236679 77.3166804015636 0.373024225234985 1.30861163139343 0 0 2.72096306085587 1.26918718218803 0
8.8950452208519 0 0.454594790935516 2.18601387739182 0 779.969260692596 7.6329520046711 445.437057465315 42.379660397768 14.940343350172 3.05310183763504 34.2358458340168 6.31389915943146 179.261279553175 3155.24701213837 0 0 0 0 3.38219386339188 0 3.5632209777832 0.433067739009857 14.4262350201607 0 0.35787245631218 0 2.73045909404755 402.585625052452 5.62946718931198 0 1133.65461164713 2.06804871559143 1218.99561667442 0 10.2148951888084 0 28.1627427041531 17.3095946311951 4170.43820649385 2693.83663731813 1.35409581661224 0.728439688682556 0 0 0 0.592204213142395 0 0 0 0 0 0.878337681293488 0 0 0 0 0.583248257637024 0 0 0 0 0 0 0 0 0 0 0 0 1.53828954696655 0 1.34076046943665 0 0 0 0 0 0.543243587017059 0 0 0 0 0
1182.36869701743 13.1611846387386 134.105025321245 261.248404681683 779.969260692596 0 3856.94799599051 29504.6501817703 297.776779204607 21053.9822578728 54.5207988023758 6259.55941042304 26.6377937197685 3817.33091837168 872.495976418257 5.4880419075489 69.2429710924625 1.56333842873573 8.89828312397003 524.308546096087 117.96610558033 13.9182384312153 248.233294278383 494.557768851519 2.72043272852898 43.2746292948723 74.4796762466431 921.534593552351 1769.151737988 390.979235768318 0.471216291189194 2586.62138652802 33.5943496525288 681.967119663954 114.018126577139 296.450003623962 15.0652016699314 324.911758601665 151.943709284067 1630.86910223961 1752.57890594006 9.00874388217926 28.0754878222942 0 2.20809730887413 1.06236678361893 7.07140681147575 1.4524941444397 0 2.86168920993805 1.07044512033463 5.44730195403099 19.2337925732136 0 7.42739921808243 58.2839043438435 14.6569931507111 35.0802467763424 35.29341802001 0 4.07775169610977 0.498742282390594 18.9910232126713 0 2.9710356593132 0.460177928209305 0 0 8.42439395189285 2.52318751811981 3.48932006955147 1.56735971570015 109.826992571354 0 1.67490082979202 6.71557107567787 74.1065109372139 3.86096465587616 9.6455785036087 0 0.48027503490448 0 3.12429904937744 0
6361.29309132695 66.9638828337193 1694.16416728497 654.066262990236 7.6329520046711 3856.94799599051 0 3670.60683208704 1780.08513918519 17552.079965502 82.6937320232391 294.854343026876 14.4995387196541 8010.6923096925 75.0181564688683 167.280690461397 401.268526375294 8.51748278737068 52.4834628105164 391.480246245861 1710.74634221196 244.39808177948 3591.11932939291 5142.53076854348 9.76609152555466 352.566747248173 1128.11654907465 19163.6332292855 5209.10408172011 22890.6044225395 3.60241401195526 33.0453538745642 687.058856606483 1013.24780514836 110.323815882206 2822.5234477818 83.3688956797123 1258.64865463972 773.040254920721 425.571796566248 304.783300250769 3.40610975027084 119.473309874535 10.877386122942 38.9328905045986 8.49083113670349 38.4268131554127 6.7249273955822 0 29.6562186181545 6.81742808222771 22.4614434540272 66.8226199150085 0 29.6072551310062 428.485717028379 63.0056636631489 202.530337035656 150.382246553898 3.58285242319107 24.7332911193371 1.17489433288574 126.121612638235 4.25870582461357 21.7532657980919 8.03551056981087 0 1.29877460002899 28.7732790708542 42.767732322216 43.3713440597057 46.4399564862251 650.590467244387 3.33027240633965 13.6021027863026 53.6729323863983 564.904819220304 53.8477767407894 97.5358305871487 0 0 5.38314601778984 47.246289908886 19.3369601070881
5773.80394202471 15.6322854757309 226.956437885761 66.1111527383327 445.437057465315 29504.6501817703 3670.60683208704 0 250.612790614367 3966.8994345665 125.159748673439 611.731809973717 39.9664843380451 21250.4423877299 115.859123975039 13.8836364150047 160.068772286177 9.2736314535141 51.0427087545395 126.005576103926 235.920475423336 26.8502617776394 466.92136529088 370.656149148941 5.45244914293289 62.249233931303 131.806276842952 388.00879624486 3889.41007632017 1522.46205446124 3.60747045278549 1828.22464782 57.8025099635124 1043.90875530243 35.9199700057507 480.28356423974 21.4099567532539 540.688200116158 207.351012289524 807.433181196451 1528.57063934207 17.4451400637627 9.36939543485641 0.915680587291718 9.08068001270294 2.77716249227524 5.36797046661377 0.40251025557518 0 3.88893210887909 1.1168424487114 4.75262728333473 11.5062704980373 0 4.29784271121025 56.6287013590336 5.55094254016876 28.6533136963844 19.7597440183163 0.585947453975677 1.48109030723572 0 16.4389939904213 0 2.54372528195381 0.361202836036682 0 1.2195885181427 2.41880393028259 5.42617979645729 10.9759353995323 13.6833532750607 86.6154560148716 2.92661869525909 5.04611697793007 13.0675619840622 59.9259382784367 5.00238654017448 19.1272792518139 0 0 4.25540989637375 4.12741044163704 3.08000087738037
195.227584838867 681.275389879942 113.315771430731 615.469488322735 42.379660397768 297.776779204607 1780.08513918519 250.612790614367 0 976.4676040411 33.3336765766144 2501.52316328883 76.857014387846 329.691388458014 1548.40870577097 163.56578913331 111.863131165504 4.403424680233 56.5277880728245 882.529059767723 254.795124262571 2960.06811356544 367.769606024027 14711.815302372 307.248121351004 243.381847083569 914.724219858646 2387.57417672873 456.071659594774 1222.00900477171 14.949097931385 2.13922792673111 100.736547619104 195.181344717741 25.0403971374035 650.372260004282 65.2433054745197 264.982591956854 126.55490681529 2012.34087523818 28.1568831503391 10.8915436565876 151.723820000887 9.05620557069778 40.3000847399235 10.6835625171661 33.038067817688 3.83991914987564 0 33.2086172997952 8.16636914014816 16.1705595850945 64.687902957201 1.77322512865067 17.7725783288479 357.158831059933 37.908790409565 333.675837874413 125.512485742569 1.0144202709198 28.9895229637623 2.77127268910408 108.023761838675 6.63854706287384 124.111880511045 9.71972367167473 3.35313782095909 2.46060752868652 35.2972964346409 208.826129287481 224.10881882906 86.0428411066532 604.320086151361 2.24762991070747 17.5358084738255 49.9309175014496 545.888185292482 63.7372440695763 157.234909564257 0 1.00603604316711 16.2348577976227 59.8170122802258 1.27945810556412
750.952289521694 14.5262464880943 131.316486507654 10564.7907392383 14.940343350172 21053.9822578728 17552.079965502 3966.8994345665 976.4676040411 0 24.604411393404 14532.6391347051 11.2187785208225 3360.08206039667 196.285635858774 10.7217426002026 39.7345472276211 5.24684828519821 9.98568832874298 18576.6010090113 111.947145700455 20.7641530632973 266.863908171654 1776.4211794436 2.24306666851044 47.4407544434071 99.7361898720264 10896.790502131 1361.19657427073 418.556634068489 0 49.1921735405922 126.093182325363 474.095815747976 245.316967368126 1158.63680028915 15.125344991684 574.057901978493 258.20455956459 914.223095208406 286.380534589291 5.2913863658905 103.021780371666 3.44110623002052 4.57743579149246 3.17655858397484 50.334448993206 1.69774258136749 0 2.69734290242195 0.854076087474823 2.60454151034355 70.0584984719753 0 12.749640494585 139.834785819054 33.8702873587608 154.26745942235 135.196751564741 0 49.1217632591724 1.45081508159637 40.3701553940773 3.40721452236176 4.68121671676636 2.38799899816513 0 0 32.8740096092224 3.94798946380615 7.97184407711029 3.70420360565186 256.99494689703 0 0.372977614402771 7.94924288988113 169.087749540806 11.5614183545113 14.4453590214252 0 2.68574178218842 3.07582744956017 9.41959264874458 6.3841755092144
53.683098167181 280.220891416073 77.8374937772751 0.402812629938126 3.05310183763504 54.5207988023758 82.6937320232391 125.159748673439 33.3336765766144 24.604411393404 0 10.6454042494297 18433.6988739073 309.516929686069 1.34787368774414 5.32528030872345 476.36827480793 6181.83759695292 4089.48987022042 1.54915511608124 26.0069234669209 87.9119216799736 89.7848756611347 29.6308965981007 3541.74945262074 7761.52194139361 2657.53933367133 17.4479104280472 350.614425182343 40.6856851279736 1896.40657934546 29.5019993185997 2.3538321852684 8531.18092569709 4.82305502891541 277.0124168396 4677.96498829126 8890.45250910521 366.339545816183 63.4266532659531 10.0125209093094 3301.5647905767 1.90549862384796 23.4287045001984 32.0803597569466 3.17312487959862 0 0 10.4372496008873 0 14.9190372824669 4.09491920471191 0 0 0 1.43747866153717 1.01101732254028 0 0 213.111255675554 0 378.101661294699 0 0 1.67378890514374 5.26867306232452 39.7397576570511 28.9267164766788 0 0.339771956205368 1.52406775951385 3.68957909941673 0 86.5591230988503 165.554737985134 110.58208194375 0.652966737747192 1.87565684318542 0 24.9874762296677 0 0 9.07013076543808 1.88531219959259
46.2138600349426 13.0009506642818 3.33690816164017 396.645513921976 34.2358458340168 6259.55941042304 294.854343026876 611.731809973717 2501.52316328883 14532.6391347051 10.6454042494297 0 3.53891134262085 300.65267381072 2902.64928990602 3.86195904016495 1.70628401637077 3.02008295059204 1.61920541524887 27040.3902949095 3.31043785810471 40.8723160922527 9.30217978358269 1581.1776702404 4.72710740566254 6.31191691756248 14.3672088980675 192.975742638111 171.849538564682 24.6274853348732 0.545991778373718 13.6355436146259 1.7118621468544 98.4341522753239 213.226271390915 214.239879012108 2.07795995473862 103.246025204659 34.6593003869057 3896.15547925234 57.5782240927219 2.52694618701935 86.9048274159431 0 0.418301075696945 0 38.764377117157 0 0 0.792465269565582 0.350125193595886 1.48853898048401 37.4918224215508 0 5.68933349847794 42.925980836153 8.5897750556469 66.2070600092411 87.5638492107391 0.480830043554306 187.588665544987 0 10.7633737921715 1.10843777656555 0.980658680200577 0 0 0 36.0743954479694 0.494011402130127 4.22440123558044 0 77.0705888569355 0 0 3.08282315731049 48.6747962832451 1.07772296667099 0 0 0 0.51452249288559 2.63167691230774 0.432005614042282
9.75309947133064 649.767037004232 27.3154102563858 0 6.31389915943146 26.6377937197685 14.4995387196541 39.9664843380451 76.857014387846 11.2187785208225 18433.6988739073 3.53891134262085 0 60.7832647264004 0.720376908779144 12.1382886469364 59.7996937930584 605.866016417742 350.095082938671 0.702218949794769 7.41887000203133 190.284799128771 17.2719156444073 36.5668413639069 11556.4410040081 3446.13635319471 5864.10607489944 10.8556675612926 62.0054238438606 16.03281468153 4302.69809666276 13.3096797466278 0.618259131908417 1942.67126408219 27.6413828134537 1104.28189015388 4183.1516957581 3591.65835404396 1014.6103310883 73.238179475069 559.742631912231 6584.60646796227 19.7608489394188 52.4764541983604 32.9041705131531 22.4048371315002 0.831910014152527 3.40720558166504 16.1451873779297 0 21.7883249819279 1.98898988962173 0 0 0 1.26105135679245 2.34987479448318 0.504087746143341 1.24725395441055 261.330258399248 0 524.945866256952 0 0 0 7.00211641192436 57.4602432549 49.7130327820778 0 1.84342837333679 2.18364673852921 0.961977154016495 1.43984043598175 83.3045725822449 180.844245016575 108.738055080175 0 1.88963302969933 0.932395160198212 31.2572028338909 0 0 13.8388893008232 8.03446897864342
14900.9985158145 24.0673765540123 315.804629325867 73.5189445316792 179.261279553175 3817.33091837168 8010.6923096925 21250.4423877299 329.691388458014 3360.08206039667 309.516929686069 300.65267381072 60.7832647264004 0 26.5816474854946 17.2007048130035 236.071150004864 11.8001243770123 65.4851639866829 111.574947923422 336.848572343588 39.9403582513332 777.257636785507 558.304286628962 11.4433344006538 138.897988080978 174.740692466497 516.484435677528 13909.2950673252 2526.18832746148 7.41788232326508 2028.61220538616 186.455372691154 1751.15116891265 47.8424186706543 1039.7528206706 30.7165795862675 1158.55046150088 321.404599130154 919.573705166578 1000.65218529105 17.8708010911942 21.8027604520321 1.38423645496368 10.7316780090332 2.36221218109131 2.10603001713753 1.54061412811279 0 3.64206454157829 1.05723905563354 4.27685824036598 9.81788524985313 0 1.53930833935738 90.921758800745 3.27202719449997 31.5118972063065 24.8480433225632 0 2.8896142244339 1.70015585422516 26.4222669005394 0 4.22265005111694 0.999358057975769 0 4.84325677156448 5.29425925016403 16.8473229408264 9.32030963897705 10.6205629110336 95.5935321450233 1.1016925573349 4.91464465856552 21.3585722446442 93.9049185216427 9.02807927131653 18.6069668829441 0.898243486881256 0 3.49835294485092 8.23218747973442 4.52292695641518
6.48899102210999 6.1778079867363 1.23983800411224 36.0008142590523 3155.24701213837 872.495976418257 75.0181564688683 115.859123975039 1548.40870577097 196.285635858774 1.34787368774414 2902.64928990602 0.720376908779144 26.5816474854946 0 0.580667674541473 0 0 0 125.171813488007 1.08582648634911 61.4168459177017 5.56169047951698 660.128809720278 9.95107197761536 1.83745989203453 26.5419324934483 77.56209602952 9.36213448643684 19.883641988039 0 5.99523583054543 1.36743938922882 9.63855293393135 3.13661050796509 17.971087127924 0.677801072597504 13.5984900593758 4.9739578962326 16266.8787415028 180.166136920452 0 13.9902067184448 0 0 0 2.60474574565887 0 0 1.37119093537331 0 0 5.00024998188019 0 0 5.94703596830368 0.865410417318344 17.6562861800194 12.7429393827915 0 5.13634395599365 0 2.77760481834412 0 3.07789582014084 0 0 0 2.41448372602463 1.11453318595886 0.718373954296112 0 13.6601975262165 0 1.14981853961945 0.409481078386307 11.3915650844574 0.961629301309586 2.56003814935684 0 0 0 0 0
12.0129859149456 121.373748570681 122.459842741489 4.93039113283157 0 5.4880419075489 167.280690461397 13.8836364150047 163.56578913331 10.7217426002026 5.32528030872345 3.86195904016495 12.1382886469364 17.2007048130035 0.580667674541473 0 89.8658210337162 1.63115549087524 14.3829114437103 2.0851978957653 3683.82976821065 2887.98269426823 7755.96453937888 4907.4021653235 8.2008812725544 107.244753926992 7659.39496284723 3226.06481978297 25.5651105046272 217.283147603273 0.812199831008911 0 13.0352312326431 115.18171235919 6.14200454950333 510.800104737282 57.0305787920952 194.43887796998 157.966292858124 19.7289298772812 0.477168470621109 1.24406909942627 101.692692160606 25.844147503376 98.877439558506 54.3694723248482 3.17789989709854 0 0 0 12.3899115920067 53.9355702400208 1.51665580272675 0 0 20.4848455190659 2.06158256530762 7.88053885102272 2.51527220010757 0 1.43000560998917 2.25668776035309 5.38649824261665 0 199.649914801121 13.5994855761528 0 5.38281464576721 0.53557687997818 51.7161819040775 111.69894772768 546.294666141272 37.0775438845158 0 12.5492471456528 263.01326534152 52.3249861299992 2.13396799564362 19.6267432570457 0 0 0.951328635215759 38.3807263374329 1.92732524871826
162.458782762289 1201.40292087197 3992.78290042281 2.91766831278801 0 69.2429710924625 401.268526375294 160.068772286177 111.863131165504 39.7345472276211 476.36827480793 1.70628401637077 59.7996937930584 236.071150004864 0 89.8658210337162 0 292.766846299171 8315.18029382825 0.975712656974792 1232.38619974256 400.387121379375 7609.04936024547 179.093315899372 108.724984019995 6099.44018784165 4999.96768671274 302.951495319605 341.804341733456 1335.28602018952 28.6630964577198 1.20051869750023 42.5215180516243 1362.70537212491 13.3745698928833 425.268627732992 279.490468114614 1269.62782868743 413.326389312744 15.1730633378029 7.90132790803909 6.31645846366882 33.4409807324409 20.5961102247238 82.6430334448814 26.2280926704407 5.36669790744781 0.471526682376862 0 2.05225175619125 73.4823401868343 159.948675364256 0 0 0 13.7995163798332 0 1.10660541057587 0.793280959129333 14.090215831995 0 36.6010195314884 5.11061918735504 0 14.9532192051411 92.0978603959084 12.0080679059029 71.4873380064964 0 7.00388699769974 11.8855208158493 64.5543042123318 9.3419648706913 21.7532875537872 371.719455003738 575.420392155647 14.0281618535519 1.83960443735123 8.04700464010239 5.18464621901512 0 0 52.2712981104851 0.936043083667755
3.88364374637604 56.8330662548542 66.271761983633 0 0 1.56333842873573 8.51748278737068 9.2736314535141 4.403424680233 5.24684828519821 6181.83759695292 3.02008295059204 605.866016417742 11.8001243770123 0 1.63115549087524 292.766846299171 0 7528.1300701797 0 8.51687815785408 20.5921632647514 29.3503086566925 8.24525675177574 497.738916784525 6180.5789462328 832.091079950333 4.12937512993813 27.6544624865055 13.1453357934952 209.442726969719 0 1.58754551410675 355.560064285994 1.19903135299683 105.841811984777 444.65685364604 799.949375450611 128.669112533331 6.41206508874893 1.68442350625992 46.6110519170761 0 5.87332808971405 17.7749817669392 1.07063031196594 0 0 4.40876460075378 0 3.18932515382767 2.79441002011299 0 0 0 0.39046236872673 0 1.92187875509262 0 84.9815761446953 0 129.049903720617 0 0 0.462837874889374 1.40799379348755 26.2204146981239 22.1621644496918 0 0 0 1.6455112695694 0 43.2324348986149 70.4276743531227 46.7372363209724 0 0 0 17.5412540733814 0 0 4.52707427740097 0.38832414150238
36.1915088295937 549.998510271311 559.38278350234 0 0 8.89828312397003 52.4834628105164 51.0427087545395 56.5277880728245 9.98568832874298 4089.48987022042 1.61920541524887 350.095082938671 65.4851639866829 0 14.3829114437103 8315.18029382825 7528.1300701797 0 0.788607120513916 100.421433061361 126.770079284906 478.435426741838 71.2760393917561 824.635446488857 14918.5169495344 3694.27287861705 44.0512417554855 115.663166493177 163.31796720624 178.141613662243 1.22031378746033 11.4552228450775 1551.84899902344 13.6578834652901 461.933916151524 785.984970211983 2108.58543592691 555.749182075262 9.5175576210022 0.798189997673035 38.4073975384235 9.14201772212982 4.16584232449532 59.7851374149323 6.089734852314 1.00392758846283 0 5.21425956487656 0 23.0311389565468 23.3801785111427 0 0 0 3.60252889990807 0 1.64891374111176 0 112.455242037773 0 205.691823244095 1.43035012483597 0 6.6961065530777 22.7179897427559 90.3006774187088 147.245200097561 0 3.29952883720398 5.55687889456749 8.86242550611496 1.12384974956512 130.161714106798 585.274742633104 397.66456925869 3.25735312700272 0 2.99401900172234 38.9607760906219 0 0 21.8363582491875 1.60096803307533
31.6709453463554 0.714919447898865 4.24539279937744 33443.2634402812 3.38219386339188 524.308546096087 391.480246245861 126.005576103926 882.529059767723 18576.6010090113 1.54915511608124 27040.3902949095 0.702218949794769 111.574947923422 125.171813488007 2.0851978957653 0.975712656974792 0 0.788607120513916 0 2.68404054641724 9.98579412698746 4.35207492113113 1764.74922263622 0.716036021709442 0 5.48525294661522 1868.71430706978 88.4541178643703 21.7461773753166 0 6.48303988575935 13.5718748569489 28.2802875638008 14.2235625982285 107.588821977377 1.32324254512787 33.3835123181343 14.5557156205177 330.38003385067 19.3559191226959 0 53.1267758905888 0 2.90099954605103 0 32.3505658209324 1.82601112127304 0 0 1.35028886795044 0 77.3879317641258 1.46940469741821 8.63590577244759 61.1676576435566 18.8076993227005 102.341058194637 76.1001600027084 0 58.7448027729988 0 10.8663042485714 5.68462133407593 0 0 0 0 23.2138521671295 0 1.13233816623688 0 95.3310791552067 0 0 0 52.7294914722443 3.7725043296814 1.04075154662132 0 0 0.431856721639633 0.962723314762115 0
230.61962005496 67.5935047268867 1961.75866690278 4.55754092335701 0 117.96610558033 1710.74634221196 235.920475423336 254.795124262571 111.947145700455 26.0069234669209 3.31043785810471 7.41887000203133 336.848572343588 1.08582648634911 3683.82976821065 1232.38619974256 8.51687815785408 100.421433061361 2.68404054641724 0 827.484549254179 20611.1434827745 1899.534968853 6.5506227016449 303.408841878176 1421.86512425542 8183.32569420338 495.958917677402 15976.8453594744 1.78019446134567 2.26170724630356 62.2340387403965 1942.90004500747 49.7533378899097 1784.32434183359 133.064077049494 1510.24717825651 551.098875850439 48.1283954381943 10.2409423291683 0 42.378765642643 6.31270840764046 39.9540472626686 10.7492107748985 0 0 0 4.19493624567986 3.88630968332291 38.779062628746 0.445989698171616 0 0.638439476490021 35.6493635177612 2.74567133188248 6.57358440756798 1.76519811153412 1.35288745164871 0 0.740644335746765 7.05147016048431 0 94.5829999446869 18.7451458275318 1.53443190455437 4.62281805276871 0 103.038559228182 63.4158509969711 134.080413639545 52.198502600193 1.19922912120819 14.0076599121094 95.5474356412888 94.7042615711689 4.48846837878227 36.3038983643055 0 0 0.622105181217194 29.681625187397 6.88546720147133
29.0515312850475 2297.03761026263 764.904648572206 13.2849819660187 3.5632209777832 13.9182384312153 244.39808177948 26.8502617776394 2960.06811356544 20.7641530632973 87.9119216799736 40.8723160922527 190.284799128771 39.9403582513332 61.4168459177017 2887.98269426823 400.387121379375 20.5921632647514 126.770079284906 9.98579412698746 827.484549254179 0 2688.25367295742 5644.83273690939 744.356409072876 478.331502914429 6432.39073631167 837.269810438156 80.8953089118004 499.230423927307 24.996123611927 0 22.6603676974773 262.386148452759 14.0606854557991 597.658966898918 237.302093207836 645.567934691906 264.736222505569 76.6679222583771 4.15104132890701 31.5630268156528 175.607869923115 34.9979024529457 156.808211803436 89.2012467384338 8.61320504546165 0 0 8.68604788184166 24.9138140678406 139.881247490644 0.482136487960815 1.61602807044983 0.735617458820343 37.8254273235798 1.59409892559052 8.54647496342659 8.60783651471138 0.821256518363953 0.885045200586319 12.2466849088669 3.91175773739815 0.963221251964569 356.579325795174 30.9169276058674 7.45027077198029 15.2167145907879 0 107.459434598684 194.21620798111 625.985913276672 62.3626902401447 7.04069581627846 58.6101784706116 554.475263565779 61.0073414444923 4.83654034137726 27.0953629016876 0.81391716003418 0 0 71.3495646119118 3.29844814538956
441.301262587309 361.842680990696 12785.1435091496 25.2939190268517 0.433067739009857 248.233294278383 3591.11932939291 466.92136529088 367.769606024027 266.863908171654 89.7848756611347 9.30217978358269 17.2719156444073 777.257636785507 5.56169047951698 7755.96453937888 7609.04936024547 29.3503086566925 478.435426741838 4.35207492113113 20611.1434827745 2688.25367295742 0 1819.28655740619 27.2049660384655 1292.80328863859 11786.4132039845 7614.05843043327 639.34546944499 7030.5287360549 7.50355795025826 3.56102472543716 86.1582813858986 1937.50247591734 32.354610979557 1255.19548359513 299.978418588638 1700.11884984374 512.26640945673 51.2842951118946 18.2013516426086 5.19239437580109 270.393197774887 92.4307315945625 372.474499493837 156.085287213326 5.5288932621479 1.46893501281738 0 4.4861236512661 42.5384814441204 403.650415033102 1.66814064979553 0 3.6922847032547 109.930250495672 7.8569176197052 15.4246972203255 8.34548553824425 5.64357057213783 1.12759816646576 6.67096754908562 18.3350564539433 0 440.293562710285 95.5474484264851 1.02058324217796 20.9706623852253 0.356736540794373 118.036393642426 241.504860699177 1308.1744171977 102.741364061832 5.01272186636925 85.2470965385437 1314.06503486633 169.817760854959 12.0203972160816 50.4854124486446 2.33794742822647 0 2.03347745537758 100.196069121361 8.44552981853485
328.829884797335 710.150041013956 367.485915899277 3078.52476513386 14.4262350201607 494.557768851519 5142.53076854348 370.656149148941 14711.815302372 1776.4211794436 29.6308965981007 1581.1776702404 36.5668413639069 558.304286628962 660.128809720278 4907.4021653235 179.093315899372 8.24525675177574 71.2760393917561 1764.74922263622 1899.534968853 5644.83273690939 1819.28655740619 0 184.427380472422 337.791597962379 4659.45353293419 27330.6915245354 834.071985185146 2342.97480151057 8.68270075321198 2.53162696957588 228.589647263288 503.276759505272 40.7995388507843 1919.28263491392 123.889336556196 737.343432158232 438.404058039188 825.312385320663 61.3511502444744 7.56722036004066 357.075924038887 14.8439309298992 129.230846226215 54.6988919973373 91.9350514113903 15.9031412601471 0 53.8417451381683 9.03441977500916 51.3645491600037 206.843774408102 1.01979100704193 53.8352013528347 873.579015284777 135.006720334291 426.8162086308 340.702888697386 7.95321336388588 55.3523302972317 1.62619790434837 239.562795430422 11.2977184653282 160.886329710484 17.0764408409595 2.50612831115723 7.52330219745636 83.4667309522629 199.325238615274 157.429451614618 179.169365763664 1613.69835519791 3.00007635354996 26.7440467774868 160.187932401896 1336.04302361608 120.205816209316 301.518908530474 0 0.764672040939331 34.56688195467 99.3477691709995 7.04004421830177
5.27114048600197 2967.98033776879 55.7540320456028 0 0 2.72043272852898 9.76609152555466 5.45244914293289 307.248121351004 2.24306666851044 3541.74945262074 4.72710740566254 11556.4410040081 11.4433344006538 9.95107197761536 8.2008812725544 108.724984019995 497.738916784525 824.635446488857 0.716036021709442 6.5506227016449 744.356409072876 27.2049660384655 184.427380472422 0 2430.02602928877 5982.26453712583 19.1389945149422 11.8466072678566 10.6291934847832 363.089516669512 0 0 325.824253618717 7.10890221595764 134.993658423424 1893.50802084804 793.290324598551 140.852004289627 12.6518199443817 0.897618055343628 1967.74507927895 11.8207232058048 38.5355007052422 71.0721414387226 0.613587200641632 0.517114043235779 2.39098578691483 14.4386476576328 0 34.8601337075233 19.9418789148331 0 0 0 3.7013980448246 0.628296971321106 0 0 336.750778347254 0 624.2669300735 2.15412986278534 0 2.96105343103409 21.1293144226074 101.988162457943 106.324616700411 0 0.777622520923615 3.81284087896347 5.9902049601078 2.45297646522522 272.04402706027 513.667733490467 300.66484734416 0.578117191791534 1.07789778709412 1.95963656902313 73.5663785934448 0 0 28.5274676680565 1.10776376724243
61.2566327750683 2234.90268364549 10917.658998251 1.95708811283112 0.35787245631218 43.2746292948723 352.566747248173 62.249233931303 243.381847083569 47.4407544434071 7761.52194139361 6.31191691756248 3446.13635319471 138.897988080978 1.83745989203453 107.244753926992 6099.44018784165 6180.5789462328 14918.5169495344 0 303.408841878176 478.331502914429 1292.80328863859 337.791597962379 2430.02602928877 0 32909.2122679055 264.817496836185 135.733717381954 322.767256170511 3664.5190577805 4.1732619702816 12.9625560343266 2123.63226893544 17.9892174899578 1295.26867103577 2131.05470731854 3928.77195936441 1201.15954327583 34.4535574615002 10.8066356182098 133.335351169109 72.548986107111 46.3776298761368 204.332402676344 44.3810988664627 0.902385652065277 1.73316717147827 16.8866185545921 1.05337959527969 173.587737351656 152.806966751814 0 0 0.543968737125397 15.2739954590797 3.29015707969666 2.88041144609451 2.31522470712662 443.867552638054 0.252978712320328 831.822606056929 10.1691441833973 0 7.57506370544434 178.940410792828 236.146672606468 604.824095547199 0 7.96114736795425 12.7424694001675 64.3373661935329 12.6903127133846 378.983394771814 2082.13895452023 1747.46082827449 10.7525520920753 5.07633656263351 7.1024127304554 135.704485237598 0 0.830426275730133 135.405214399099 8.47159862518311
105.883951663971 8363.96127054095 12648.0312460065 16.4902722239494 0 74.4796762466431 1128.11654907465 131.806276842952 914.724219858646 99.7361898720264 2657.53933367133 14.3672088980675 5864.10607489944 174.740692466497 26.5419324934483 7659.39496284723 4999.96768671274 832.091079950333 3694.27287861705 5.48525294661522 1421.86512425542 6432.39073631167 11786.4132039845 4659.45353293419 5982.26453712583 32909.2122679055 0 2927.65828639269 208.957910567522 777.558440625668 2617.01854753494 3.89382654428482 19.815118342638 2763.95947882533 78.1516843438148 4062.21208497882 2946.42100656033 6656.90227618814 2679.29350122809 83.410778015852 13.1273063421249 110.985725641251 363.953706741333 195.794529110193 678.755444020033 228.202203124762 5.9276876449585 0 8.86568063497543 6.55060213804245 388.986270606518 1212.12066361308 3.67955195903778 0 2.10912439227104 119.567206412554 2.96810829639435 15.6400083005428 3.92138668894768 321.224374264479 0 577.721216201782 35.8934390544891 3.33905607461929 187.401292800903 528.58223938942 185.072131842375 497.021302878857 0 105.296127259731 200.034916430712 900.051898062229 89.4228265583515 305.633827149868 2059.44241207838 4311.66632065177 111.485474705696 12.816136687994 56.9618246257305 114.535897523165 0 0.650060951709747 299.441211134195 30.6218602657318
340.669287472963 107.124309301376 1338.37589916587 9332.35413005948 2.73045909404755 921.534593552351 19163.6332292855 388.00879624486 2387.57417672873 10896.790502131 17.4479104280472 192.975742638111 10.8556675612926 516.484435677528 77.56209602952 3226.06481978297 302.951495319605 4.12937512993813 44.0512417554855 1868.71430706978 8183.32569420338 837.269810438156 7614.05843043327 27330.6915245354 19.1389945149422 264.817496836185 2927.65828639269 0 1013.52507916093 9885.35149738193 0.977896392345428 8.40136793255806 271.648427635431 984.177251458168 92.7278927862644 3003.87751141191 121.706446528435 1319.5195953846 740.868597567081 183.935230910778 70.8479670286179 3.20347881317139 214.569225907326 11.5154518485069 59.9655985236168 37.8140603899956 72.3734768033028 12.7834996283054 0 35.874725073576 10.2024342417717 34.3784002661705 51.2535814344883 1.53152507543564 25.317619740963 497.588478863239 62.7225856781006 269.56388387084 172.011232703924 2.57656580209732 24.8362699449062 0.393646657466888 118.564261287451 5.95416438579559 143.71757337451 12.0400798022747 1.85151773691177 4.50690865516663 40.098940551281 157.569320321083 130.595643669367 133.984778016806 747.617767840624 0.761568307876587 12.7542681396008 91.9807029366493 782.81300842762 71.0452605485916 241.727459222078 0 0.292464792728424 35.1876125633717 64.7281941473484 16.1266575753689
17220.8393521309 27.7167456448078 175.010164618492 147.283841699362 402.585625052452 1769.151737988 5209.10408172011 3889.41007632017 456.071659594774 1361.19657427073 350.614425182343 171.849538564682 62.0054238438606 13909.2950673252 9.36213448643684 25.5651105046272 341.804341733456 27.6544624865055 115.663166493177 88.4541178643703 495.958917677402 80.8953089118004 639.34546944499 834.071985185146 11.8466072678566 135.733717381954 208.957910567522 1013.52507916093 0 13029.7798398137 6.51510119438171 1728.37830358744 11167.095828712 4731.83790650964 116.844147354364 2345.28408938646 84.6823370456696 2548.59110146761 807.896504551172 589.629279434681 1499.12934988737 13.615164399147 30.1275279521942 2.2167267203331 12.2467877864838 8.34865468740463 2.39183992147446 4.14716237783432 0 4.27917471528053 1.64153975248337 7.4776149392128 8.06777206063271 0 3.20582807064056 89.6286814212799 7.04624524712563 34.2664821445942 10.9897835552692 0.560724973678589 1.40441179275513 1.49684000015259 21.122839152813 0 5.88618540763855 1.17598736286163 0 1.17841255664825 2.58480763435364 17.1613601446152 12.9284977912903 10.3731084167957 94.7985093295574 1.25193786621094 5.35753738880157 17.4023726582527 110.767449885607 11.1515789031982 35.3055061399937 0 0 0 6.16999214887619 19.504726678133
4297.0585860312 102.078782647848 1194.68797945976 48.4368912875652 5.62946718931198 390.979235768318 22890.6044225395 1522.46205446124 1222.00900477171 418.556634068489 40.6856851279736 24.6274853348732 16.03281468153 2526.18832746148 19.883641988039 217.283147603273 1335.28602018952 13.1453357934952 163.31796720624 21.7461773753166 15976.8453594744 499.230423927307 7030.5287360549 2342.97480151057 10.6291934847832 322.767256170511 777.558440625668 9885.35149738193 13029.7798398137 0 1.02533447742462 12.9721620678902 856.181102007627 4294.16564339399 86.6255219876766 2328.25205636024 131.404651641846 2603.9185154736 827.142929881811 151.532780587673 96.1562318205833 3.58285319805145 128.148050040007 3.65931123495102 38.7336479723454 24.9468563199043 9.48979145288467 6.57371807098389 0.78018993139267 15.9812930226326 7.76535320281982 33.1705885231495 8.2083737552166 0 1.20868510007858 224.15698236227 16.4908930659294 69.5851188898087 20.2279914021492 2.4639365375042 2.95329487323761 2.79727607965469 42.8506352901459 2.03715628385544 95.0587930977345 5.26521056890488 0 6.40460330247879 0 141.835591465235 108.129768580198 80.8313868045807 329.880687713623 1.08815443515778 21.1254224479198 70.6788505017757 406.790196061134 40.6010990142822 141.463064521551 0.42694815993309 1.0593546628952 8.03673586249352 40.8160746991634 21.3879708945751
1.296710729599 79.3469739258289 20.5439624786377 0 0 0.471216291189194 3.60241401195526 3.60747045278549 14.949097931385 0 1896.40657934546 0.545991778373718 4302.69809666276 7.41788232326508 0 0.812199831008911 28.6630964577198 209.442726969719 178.141613662243 0 1.78019446134567 24.996123611927 7.50355795025826 8.68270075321198 363.089516669512 3664.5190577805 2617.01854753494 0.977896392345428 6.51510119438171 1.02533447742462 0 0 0.632601678371429 109.711472988129 0.746670424938202 29.079833984375 188.714562386274 219.400248736143 39.98721575737 1.6512303352356 0 38.1785559952259 1.6632434129715 2.65474206209183 5.82727110385895 1.0349737405777 0 0 0.766252934932709 0 0 0.967589914798737 0 0 0 0 0 0 0 56.8689262270927 0 127.392065435648 0 0 0 2.01518982648849 13.8807427883148 8.16286033391953 0 0 0 1.20594441890717 0 19.3587112724781 46.079914689064 31.0118687450886 0 0 0 15.6279793381691 0 0 2.24986302852631 0
49.7222699820995 0 0.359760314226151 2.17235353589058 1133.65461164713 2586.62138652802 33.0453538745642 1828.22464782 2.13922792673111 49.1921735405922 29.5019993185997 13.6355436146259 13.3096797466278 2028.61220538616 5.99523583054543 0 1.20051869750023 0 1.22031378746033 6.48303988575935 2.26170724630356 0 3.56102472543716 2.53162696957588 0 4.1732619702816 3.89382654428482 8.40136793255806 1728.37830358744 12.9721620678902 0 0 5.48652458190918 1487.59560456872 3.03424543142319 45.0596615672112 3.14978128671646 132.898234039545 50.3659050762653 98.8416021764278 2262.39721333981 2.31703764200211 0.351827681064606 0.999388635158539 0 0 0 0 0 0 0 0 0 0 0 0.34473791718483 0 0 0.392040193080902 0 0 0 0.566712319850922 0 0 0 0 0 0 0.298770695924759 0 0 0 0 0 1.00168859958649 2.34034845232964 0 0 0 0 0 0 0.498314917087555
199.316006273031 8.74284139275551 14.2256174087524 19.5414200425148 2.06804871559143 33.5943496525288 687.058856606483 57.8025099635124 100.736547619104 126.093182325363 2.3538321852684 1.7118621468544 0.618259131908417 186.455372691154 1.36743938922882 13.0352312326431 42.5215180516243 1.58754551410675 11.4552228450775 13.5718748569489 62.2340387403965 22.6603676974773 86.1582813858986 228.589647263288 0 12.9625560343266 19.815118342638 271.648427635431 11167.095828712 856.181102007627 0.632601678371429 5.48652458190918 0 920.255612939596 29.5613302886486 751.543271780014 32.0910025238991 486.509500950575 295.928202033043 26.8799406588078 43.0003213882446 0.793547689914703 7.89180397987366 0 1.58097589015961 0 0 0 0 0 0.455525100231171 0.955915153026581 1.25321435928345 0 0 12.7122032940388 0 2.87502551078796 4.07643300294876 0 1.28892040252686 0 5.67838364839554 0 2.94057565927505 0 0 0 0 5.8839812874794 1.75429284572601 0.653058767318726 25.2537944614887 0 0.489305168390274 0.445857375860214 9.36943128705025 2.29419898986816 5.80244708061218 0 0 0 0.932530581951141 3.17696112394333
