0 122.73923028807 105.282501283273 90.2357256860472 67.5231438545819 27.2156631726788 29.4416180497333 25.5468239048294 70.1044680137253 69.8341790673144 98.1760147807362 83.5836396943158 94.4950141494514 20.2895587819303 76.132486200318 123.301304622773 109.13866907867 135.777963343462 124.001795949426 90.1319965430274 87.5836640366953 96.1121296478901 97.878207278027 72.2281245487062 133.038023291749 135.910129926992 134.823911235407 84.8366975550856 17.233019816944 35.6317636944015 132.270282239978 76.4617979048574 43.2981998169146 59.0934704282946 113.470566566159 68.7729445867881 94.3659972199613 66.2249546238807 71.7520502152136 50.7211696555433 60.2844734104602 88.3247308280101 156.2755395639 144.327697753906 174.261510123658 140.301119134156 129.667257819114 0 96.984245300293 149.507773496283 0 157.277570526515 156.615922149936 0 176.084625244141 145.176277024138 156.954177573263 91.5490583054449 171.950858300446 156.149459838867 122.034251873757 0 154.352721809659 0 134.044635155104 187.123641967773 0 168.673858642578 143.826365934675 142.993563649508 113.39712808783 161.809001418892 128.742957088789 0 192.399367491917 176.731363685344 138.644433692493 162.289048960912 161.073872896814 0 0 0 143.11170645144 107.776950398944
122.73923028807 0 42.4991552263398 139.331420081045 0 129.698337827044 118.438716318189 142.815752141011 69.701610048534 152.009766256407 63.597223860798 105.54234134238 51.0166879038181 135.14389433576 114.075364003629 64.9098343359761 53.0297634408228 70.0060007182657 58.8455625507875 196.416931152344 92.073509151051 31.1872886915665 66.6898314239651 79.4051610949589 23.0907006734371 47.7121236431688 29.5467661883059 104.160175377512 123.274939812461 103.675262153202 64.0467304602007 0 121.77630488061 50.7513708977115 128.58034845406 69.8006125740227 44.2446330300953 52.4255851661208 59.6758583372037 85.6757117351237 110.327325390518 48.2496968183339 84.6754799554916 58.1541941857404 73.8405164329344 74.3214566806093 0 0 0 105.229766845703 26.4236796364418 64.1627347652805 223.656860351562 0 0 131.511107775487 0 73.6947601101908 0 90.629637235859 0 68.916219909972 149.345042368166 0 66.3011386145058 70.7062250458685 97.54678785893 69.8704851937231 0 112.156393588998 51.3876541162465 94.5598050928103 115.398382207349 30.8991490936427 67.501431147294 59.3912748591716 143.688064618783 0 133.262446398154 75.3402145333072 0 140.691464360211 75.6951832549601 111.523081213419
105.282501283273 42.4991552263398 0 130.925113946146 229.483795166016 123.91365587623 94.0353270824649 117.296530877933 90.9858712480779 118.400830676475 82.9905385693602 132.073599242563 91.0755505455016 115.287031090852 134.008439325761 78.8464744474679 40.1230623232681 75.984884210089 61.5262961676814 125.828455379321 66.0458720993367 50.7277132361941 34.3982372169874 92.3707565692928 72.992867639857 28.5336794364713 35.6129274853883 80.3328607430916 106.173092563463 76.1042878287284 87.6007216938846 160.632583618164 102.612453375768 55.6971578437433 148.499070242346 68.0799976468172 44.1898751500552 54.4903949593593 58.9850118806066 86.9908897134723 122.641312755441 105.960740492379 120.205691108181 90.3683159908247 98.7620145682372 108.198789738059 116.011505126953 0 157.234802246094 169.756335355979 63.9467867171018 91.0184954963449 216.949661254883 0 170.93097814741 161.835609509179 174.511628460861 117.861506356539 186.426497771176 131.360137850659 0 112.144034419558 174.729625419343 150.893264770508 111.990686396288 103.308648876909 131.026184232598 116.266648622146 158.002517700195 139.220232530371 84.5661514784976 111.025192655963 154.382027707276 87.9389638116045 104.932509859189 94.1188011155991 153.275732959505 187.484005357149 150.216113333542 131.447108561356 0 0 107.97190675706 128.114181685894
90.2357256860472 139.331420081045 130.925113946146 0 99.7409498822014 57.3914761002424 41.2810766387824 101.440645133766 57.9094927950774 22.2909247778553 145.383285522461 43.8182725893499 0 101.891531105723 65.3878372444302 96.6639226839985 144.073888972653 0 0 12.330322996542 119.136595717313 84.5584115990851 121.878908146022 25.5707360904348 0 169.518653754175 129.683953812505 17.251483509389 101.83131718469 95.033625581484 0 146.524252580905 91.6976237342672 97.6786311350984 149.601225455041 92.442412083806 108.605621337891 103.288581657822 94.9631587236365 76.7238635593647 115.470394161374 0 95.9543417213181 191.309783935547 162.886196503423 156.770200087342 106.961048694305 206.843333633333 0 175.68688956317 0 170.154750276447 109.547198463523 0 155.795180665369 139.104847087822 151.002022449461 85.8832225464149 152.130880453189 0 117.24677665121 0 156.39476495791 138.147306754266 151.467087861574 0 0 0 146.804421367147 150.320327758789 137.45329284668 154.892944335938 112.617405739398 0 0 218.011229668347 144.183193837208 158.985198974609 158.497572761735 0 0 161.689081063508 159.421643111757 0
67.5231438545819 0 229.483795166016 99.7409498822014 0 16.0779109470145 105.15704155882 21.3061704038178 55.1477505638367 112.650109461258 72.5847754335488 55.7333996629034 49.5659653278728 31.7445714693513 15.8310057726065 0 0 0 0 86.5185788199394 0 91.6019382001198 164.90869140625 80.7892104159931 0 159.406936645508 0 108.692840994871 25.6095904124767 106.475898233884 0 12.444397963793 61.5290158584625 7.66355056060115 0 62.3372086410687 0 34.0921452867819 45.8326742779619 12.7812326981434 8.46045727539944 52.5975532531738 89.0145950317383 0 0 0 106.094146728516 0 0 0 0 0 163.513320922852 0 0 0 0 83.9363174438477 0 0 0 0 0 0 0 0 0 0 0 0 102.145072937012 0 102.596603393555 0 0 0 0 0 158.789199829102 0 0 0 0 0
27.2156631726788 129.698337827044 123.91365587623 57.3914761002424 16.0779109470145 0 51.5826387798871 20.2514740439967 60.7924105235361 25.4955298556813 86.0501747572905 23.8060534261073 73.9227633256882 39.698983305896 21.3750604544722 146.350091170857 133.371073260592 177.339389032385 162.757264447054 44.262499702991 109.901450897306 108.596161169308 117.14749870904 69.176905259161 118.671712310696 144.285751752712 145.279817057748 65.1630029967202 45.5747795755476 83.5501126999692 133.206771850586 17.7119780595204 94.078698214131 51.5008504045085 30.3266977414948 94.0233240672304 114.871971089188 76.5873488318456 73.4809954490745 26.443010770966 25.4521758576767 91.5181071666566 110.836483293924 0 160.637039572265 161.609441920737 145.174691154396 160.253592677934 0 152.026631906604 179.941675300775 187.211953627421 158.436034122225 0 177.684504792589 152.716879703049 160.26559970629 99.2854739130711 157.316438243483 0 118.077546825174 227.382781982422 168.525316766378 0 152.29917916011 181.738983154297 0 0 158.089837255809 157.245650041768 145.394261131251 183.938778567272 125.086225426392 0 200.285962729868 182.867600522836 160.0973600046 190.546210502747 160.506105404753 0 213.76969909668 0 166.385814161744 0
29.4416180497333 118.438716318189 94.0353270824649 41.2810766387824 105.15704155882 51.5826387798871 0 58.523158895075 57.9550369823495 27.6050470710911 73.0727820410621 63.4838160514346 132.834549447281 42.9990734280756 78.9833852920734 84.3539081139293 107.04081098358 159.399522750348 131.023065870549 34.5306748996007 71.7389338289767 86.9266405558726 81.4477385481217 46.5801462311186 134.902994780313 124.930531011218 105.372526857502 34.7190772848231 55.5941735956211 24.9207068526889 185.439637770915 116.959671682955 63.9038117740742 74.7195289932859 132.941739110425 78.4853344943286 94.1942426803611 84.0960707300473 82.7621401920915 78.0269577195167 88.6567070780566 56.534346721592 123.026205112341 164.934350526316 149.592782861619 151.801382713224 114.255772925681 178.376959811901 0 143.208196548364 135.482262548498 162.278278854832 144.154753567581 0 147.352700563296 130.966335803835 154.490508846605 83.1756576835271 145.410561999141 208.227532201472 134.780388704638 53.0388870239258 149.768660457972 142.228396182672 133.204825103308 180.714478072825 0 205.667104155174 142.643790399195 141.777585748183 120.080206048416 157.254139303376 112.311949483502 133.365875593832 197.443902169073 161.727005576595 130.711681705024 156.974775405749 134.088975306466 0 0 144.888633908954 143.401962990999 173.697690290733
25.5468239048294 142.815752141011 117.296530877933 101.440645133766 21.3061704038178 20.2514740439967 58.523158895075 0 82.6323073336543 56.3152431038208 79.9076087248462 69.0269532602528 83.1182088522925 22.2067734584769 41.3354324540276 129.34120592045 125.824202497814 146.369268344571 133.981112870514 87.7611718046069 104.158862282659 132.10521334067 115.009009358424 84.5426893261509 126.673045672004 140.095793232208 143.224791624422 97.5056144020857 42.1898926848359 72.4194304830748 114.662614995474 23.0414960499327 83.8230016369747 53.3713336946533 121.126051930632 84.5311888387669 96.5990605885118 70.468602336882 73.0447063307874 39.3121380955917 31.6143072647331 73.2834193859232 148.218554847318 130.860336303711 174.811137381195 160.969661687397 119.502186479237 224.791854858398 0 176.011242917469 179.849637738891 179.493888849761 164.906234754473 0 163.371576879026 154.623880982075 195.699780766782 104.560354560509 156.189508561317 195.170837402344 185.69909282284 0 162.079574396567 0 151.9443763279 228.038360595703 0 162.098617553711 163.074876393334 164.741538064778 130.459646952165 189.906206921138 132.436034669397 159.963351131221 212.539938297364 191.976520408568 153.944202889878 175.353711581165 155.919192205673 0 0 171.950579104922 194.773222166687 142.388470883341
70.1044680137253 69.701610048534 90.9858712480779 57.9094927950774 55.1477505638367 60.7924105235361 57.9550369823495 82.6323073336543 0 69.2904050523844 126.588782116829 24.8655049674956 115.694589030539 83.5566574796245 24.6103890748579 55.0092444541546 106.313620615972 137.130987698319 124.825070740125 44.6685688650546 61.4580809731233 27.4635292618316 79.6330612308511 21.3470588350031 92.7751942438829 113.741723082775 91.0185579242375 56.3596256412952 76.6926710618876 57.6648306793561 125.759363525395 144.467906528472 64.1007663188568 75.5119336810233 121.250685699969 65.5103299632493 90.9141437011942 88.6926799402943 87.4154212454414 21.6894442611604 90.1882901142387 118.372024981413 74.5661278808322 73.152321552935 97.7927225411328 86.9144475734411 62.0315720522536 109.834727514659 0 93.1285629557256 85.4270920055688 124.591932619154 96.5753925274748 153.535405543401 97.3985378896581 82.2022623541989 101.196502858855 26.4284916597634 93.6384807952313 141.265946648289 70.1823922023609 151.7235191706 100.075184751179 75.3799283239087 60.5575709481927 120.079108881739 129.91782112095 178.544275425502 86.3042028796404 64.7994779950636 24.3444564147499 68.8213289875652 59.4970253793214 111.083680704379 148.389226328501 111.593820723663 77.2715398318747 98.0487458782687 76.5420258499187 0 145.239898681641 88.9691813598702 79.3814552535591 160.576509750703
69.8341790673144 152.009766256407 118.400830676475 22.2909247778553 112.650109461258 25.4955298556813 27.6050470710911 56.3152431038208 69.2904050523844 0 140.834223405069 21.5976721960532 132.277388605546 60.0114407789733 71.4801417597846 123.024635432825 143.690869898449 169.564782314096 163.593551780186 16.8459456377315 101.63169000409 105.049567048123 112.258343773813 56.4080324650045 186.571424200743 153.605531094405 137.991858022654 29.1671739594267 97.2610748812403 86.553184936831 0 121.734489360955 89.1410515229716 97.70955682238 33.6956190454097 98.5338869590661 125.255010433841 100.019415636672 96.660184127015 73.7530768299091 100.136852131248 126.565768203986 105.709640487156 165.587308729786 189.734677606111 155.167040734532 111.496437037932 229.798753205812 0 169.000807543201 172.365036010742 190.838506024292 161.589095700732 0 158.792058045227 151.087066372401 163.316260952009 94.1930833017028 157.888944332959 0 123.231978252131 229.887219327168 164.08124057926 136.047952107587 160.118090639271 209.384093581622 0 0 154.145871432798 162.442272195066 146.365010192592 183.259673688802 123.079344393217 0 226.069808959961 190.660159982238 155.44586640642 177.157445640126 159.36907406187 0 226.908598161872 158.318323631988 163.325825434578 184.679153098864
98.1760147807362 63.597223860798 82.9905385693602 145.383285522461 72.5847754335488 86.0501747572905 73.0727820410621 79.9076087248462 126.588782116829 140.834223405069 0 132.771660342916 18.567035107059 73.5480622749919 196.285461425781 127.321257144966 54.5832427417608 22.8562400725521 31.7236825311117 135.335151524825 102.462337739554 93.7958905377453 88.8165935554135 139.718084273631 31.2337081424425 31.3456144999713 53.1558675765394 142.727718248561 63.8427599017267 117.008065411083 29.5003685844554 67.7917481831197 96.5828372329737 23.2361063037537 131.685147507121 80.886965589064 26.8748789305603 27.5932864414052 55.0220201436919 58.5541227502752 51.5595643763057 19.7291527164533 170.495839019011 56.8061139048555 91.1002576880046 155.726242590584 0 0 58.2297265131348 0 91.0015944003298 142.601834615989 0 0 0 218.367955785246 138.056671142578 0 0 76.0302979762684 0 65.8548091838805 0 0 193.949905395508 140.795460454128 98.463979281627 116.07976505331 0 187.851898193359 121.632011413574 151.540889394309 0 62.2933447237979 102.896573826148 112.801204891101 200.800735473633 139.094512939453 0 93.8103591281092 0 0 107.140998360981 126.107534897141
83.5836396943158 105.54234134238 132.073599242563 43.8182725893499 55.7333996629034 23.8060534261073 63.4838160514346 69.0269532602528 24.8655049674956 21.5976721960532 132.771660342916 0 133.459615793682 82.9189712790712 22.6802911814996 95.7823645394656 163.986768833354 175.079157798507 209.267263725119 13.8949009836201 98.3449646966595 68.3485712455801 114.210223676538 25.1882153831575 154.720723605513 151.530452050345 130.307889120234 64.5464736183994 98.8961096228575 90.5903016339422 165.826263427734 113.041239654532 88.598094462883 95.9928025986462 18.1033426987563 71.6097050266817 144.483008500406 99.138665886373 96.9723476825808 25.4361455909877 96.1648747745705 144.496103109694 60.859865275643 0 129.588455200195 0 77.7511631724228 0 0 131.163101954368 151.315307617188 151.883255004883 115.796109994375 0 116.645165746913 116.594510205898 137.318686354744 57.6942840285884 120.375533794319 198.010482788086 18.5899400366175 0 130.725530152952 115.824436102673 143.571868826529 0 0 0 104.458885870837 113.16877746582 126.249796289682 0 91.22787612888 0 0 168.910187687676 120.242510545057 147.839598665919 0 0 0 234.73664855957 131.125736140772 157.496658325195
94.4950141494514 51.0166879038181 91.0755505455016 0 49.5659653278728 73.9227633256882 132.834549447281 83.1182088522925 115.694589030539 132.277388605546 18.567035107059 133.459615793682 0 84.0094086228355 163.847076416016 127.007586183188 79.4343192779177 43.7295078578229 57.2547884241535 128.18017578125 130.206213054344 84.4577104374427 118.31515687619 128.074370483403 15.631425684101 27.792066838531 28.6463571928615 144.037632536456 71.3832497163014 134.53087915896 14.5719896240578 62.0135764655919 133.595565795898 26.356848374561 82.0367742297157 27.8697993043833 21.9692317181612 26.0350920510863 19.9381362964828 40.4828966658283 16.8938557062771 12.5327398461388 51.89551107871 48.9012667662797 71.3393963754711 35.7370253961725 123.649360656738 56.0791471198584 39.6444454855812 0 78.351424520736 131.28703655106 0 0 0 128.135724598732 150.212727585672 126.587669372559 161.7313400863 70.5617547140683 0 49.5751665946752 0 0 0 129.39009364246 94.0593357394248 106.465114516353 0 178.933279242128 105.258178628629 159.709710701483 26.6716006976583 51.4661807259123 92.9675469041048 98.5309649773924 0 127.42289733528 153.980392456055 89.3053147144983 0 0 117.256332228299 79.5348819140651
20.2895587819303 135.14389433576 115.287031090852 101.891531105723 31.7445714693513 39.698983305896 42.9990734280756 22.2067734584769 83.5566574796245 60.0114407789733 73.5480622749919 82.9189712790712 84.0094086228355 0 75.7213222513228 129.765694962157 121.465649231521 112.51298562739 118.609729561522 98.9061394934785 100.943686324262 114.673357589802 108.945333836691 83.4883717722953 108.20488604484 126.632820196271 134.872291255547 94.8663522373494 30.9604351697642 66.8167171186179 121.724635521742 18.2367855357561 56.1310380149001 50.2171613634354 122.082060554608 74.3838353334684 99.514937837902 59.7171901383765 67.1637598893988 41.2817227139043 40.7055759022384 76.7363111884993 160.181006465561 168.105392456055 175.600142762346 174.308408728774 212.918721627645 201.820114135742 0 184.79975556874 190.88639831543 179.231299538932 162.199866660038 0 167.247832263862 154.085170647889 162.938168009754 108.095073345649 164.014909894282 0 122.955065083647 118.999691830277 174.900830044885 0 146.044701477184 210.392395019531 0 196.671683948202 161.571857667397 152.302527432466 138.834263946812 187.473560331188 140.13299421937 126.003639221191 188.929042149042 194.680101360839 156.635143182857 174.109684497855 162.891978723158 158.904739379883 0 155.985530632411 160.579589767184 148.066370011639
76.132486200318 114.075364003629 134.008439325761 65.3878372444302 15.8310057726065 21.3750604544722 78.9833852920734 41.3354324540276 24.6103890748579 71.4801417597846 196.285461425781 22.6802911814996 163.847076416016 75.7213222513228 0 106.580932617188 0 0 0 55.7626403961544 151.413201087155 72.3321605143598 114.303884704915 42.1988413097283 136.047163304623 170.334469023254 130.278020186914 83.4017389932723 96.14688065595 90.5675988169837 0 45.3511630462786 84.9283752441406 111.135595776851 22.919473094833 89.9363504720947 123.901145935059 133.308460262797 121.759026665868 11.5890459619249 17.4983035236426 0 72.4861403040816 0 0 0 87.8448877884617 0 0 136.056011567619 0 0 134.446707291742 0 0 115.022126038737 119.008815710169 57.6098152596763 124.750467987183 0 80.9189921291601 0 127.807411364169 0 124.378033592866 0 0 0 111.618694927527 163.576248168945 105.680435180664 0 97.8451307558505 0 190.976379394531 230.733520507812 131.306718425373 150.775627065695 123.421832054103 0 0 0 0 0
123.301304622773 64.9098343359761 78.8464744474679 96.6639226839985 0 146.350091170857 84.3539081139293 129.34120592045 55.0092444541546 123.024635432825 127.321257144966 95.7823645394656 127.007586183188 129.765694962157 106.580932617188 0 91.6128000826252 141.534972396836 121.474772500273 109.861362049567 14.3545193836929 33.1341044268719 20.5181461902806 30.9793567679308 108.528668165439 104.155366433396 25.1783423518984 28.9315452920778 103.934319736989 72.5126738637321 119.917182922363 0 82.2813824752107 65.3818308575838 147.927587445375 69.5788247674455 61.6002478843483 77.4244835267473 74.8513489510842 94.2335637573612 133.71257019043 109.915077209473 108.002426278839 91.1585921074545 102.416346200586 101.679769134384 112.985743122801 0 0 0 97.7291364465673 106.699690384673 156.035070767627 0 0 147.251967671899 166.240482183154 106.876492657099 150.924201120487 0 173.330098721327 138.57516617324 156.103342936122 0 94.8261354268096 125.558474562375 0 150.874245816878 175.257629394531 110.080212975114 65.2437157508504 98.8052945994839 116.497133188452 0 143.753691573985 99.8686555020233 124.62725140423 177.223597969646 122.543674330269 0 0 112.330955505371 104.296677944956 170.929621068697
109.13866907867 53.0297634408228 40.1230623232681 144.073888972653 0 133.371073260592 107.04081098358 125.824202497814 106.313620615972 143.690869898449 54.5832427417608 163.986768833354 79.4343192779177 121.465649231521 0 91.6128000826252 0 50.2186403159448 22.6361688600519 160.989837646484 50.9124889456133 73.9947284063312 27.8013245252472 116.289943012332 67.9033533624165 38.6358109960834 63.707172110067 105.411370093588 106.139720363045 74.8780846129909 83.4028534323994 187.006082907388 97.6612987646624 36.4156368439808 150.195370385851 78.6634906360463 50.7147602584896 49.4150519598236 58.3931786448584 101.091161732492 147.061415424386 80.7086962624919 132.430504865159 115.710687343653 118.916283210832 128.497790058577 153.918556732787 244.452743530273 0 155.237233840916 72.852409136645 105.823990822671 0 0 0 169.558558775366 0 119.645965576172 191.892349243164 119.463341549779 0 109.222489067297 195.985279947597 0 122.145029567856 115.580537220547 126.135025630769 118.716369328546 0 162.412200150587 93.2596576670163 130.952862288258 164.527823443175 82.2615883872986 107.835338293153 108.831021948504 173.503140490548 190.248057506378 160.949214255328 125.879521269783 0 0 114.967955680084 145.166580200195
135.777963343462 70.0060007182657 75.984884210089 0 0 177.339389032385 159.399522750348 146.369268344571 137.130987698319 169.564782314096 22.8562400725521 175.079157798507 43.7295078578229 112.51298562739 0 141.534972396836 50.2186403159448 0 15.8905966011245 0 110.139667859101 105.299525172075 97.137173113239 142.821564631861 44.2992104363832 21.5893630137934 58.4706356284509 158.263463121395 103.170936576237 129.159249888028 44.9175740339244 0 129.824110648349 57.5427275290248 149.91047668457 90.3594059259316 47.4121350886912 52.892412192073 65.8799772658413 98.7216540929772 92.7390069792067 58.2442678022106 0 67.2444361526988 105.818739074868 159.239028930664 0 0 67.2670239838245 0 130.337894405744 122.944914067327 0 0 0 194.423568725586 0 153.132360519526 0 90.3869227211123 0 77.7470867071716 0 0 204.706573486328 143.452528864345 106.513651594191 114.04729627355 0 0 0 187.82232654945 0 63.695373318219 104.164801923081 116.607340203813 0 0 0 98.5667517841724 0 0 131.951593296084 161.847885131836
124.001795949426 58.8455625507875 61.5262961676814 0 0 162.757264447054 131.023065870549 133.981112870514 124.825070740125 163.593551780186 31.7236825311117 209.267263725119 57.2547884241535 118.609729561522 0 121.474772500273 22.6361688600519 15.8905966011245 0 173.269653320312 90.9725297169716 93.0905956557124 69.6393957200706 134.316063857485 49.4561010575418 27.079492640923 61.2577153494967 127.750563947761 114.912623824372 101.414643339767 58.4583990836206 107.221343994141 109.94694024609 44.4380347342165 158.833926149914 81.9199396827064 49.1511415525194 51.1673339628355 64.8342883929001 103.339278903503 182.178024291992 63.2774647837616 147.933640770203 107.561399596474 111.554307855505 131.184829117517 142.40364074707 0 81.7871978015334 0 95.699478983004 119.942542399017 0 0 0 190.592072614573 0 174.878816063504 0 100.279915447048 0 86.3052892361744 178.047666509976 0 145.617978077652 134.641978322329 107.494066084482 109.182735758829 0 155.093523721741 148.903364168858 153.15889434348 214.214093421101 66.5347608447694 103.080656591838 106.230332001265 194.759940289072 0 192.893602222411 108.500285686617 0 0 121.702188152183 156.442635630002
90.1319965430274 196.416931152344 125.828455379321 12.330322996542 86.5185788199394 44.262499702991 34.5306748996007 87.7611718046069 44.6685688650546 16.8459456377315 135.335151524825 13.8949009836201 128.18017578125 98.9061394934785 55.7626403961544 109.861362049567 160.989837646484 0 173.269653320312 0 129.953144982471 80.9098953549602 109.204805107792 21.0117121340942 148.035415649414 0 131.033367469196 30.1899521173956 101.289988672192 91.5384863564976 0 126.321439496977 85.0719535760635 103.10511507635 38.2078054859382 93.5693756521351 87.217658996582 104.152349133139 96.5843105965448 56.5859733131446 103.909877005628 0 77.545057462341 0 166.79438444381 0 90.0658603720677 202.184395612821 0 0 145.372497558594 0 91.9228815587271 129.333557128906 136.884724288255 129.255191814303 150.137704567279 69.9668751239895 136.087432113937 0 46.1827249043649 0 159.385716573402 121.570226791233 0 0 0 0 135.121299686296 0 141.636383056641 0 102.169262544864 0 0 0 137.93002810336 176.897906429643 150.328642539294 0 0 178.848403930664 143.819534301758 0
87.5836640366953 92.073509151051 66.0458720993367 119.136595717313 0 109.901450897306 71.7389338289767 104.158862282659 61.4580809731233 101.63169000409 102.462337739554 98.3449646966595 130.206213054344 100.943686324262 151.413201087155 14.3545193836929 50.9124889456133 110.139667859101 90.9725297169716 129.953144982471 0 55.9847388358324 30.3385283595463 29.8918323244434 118.49188115362 100.334019492985 74.9210723070595 29.4079818834064 87.8933944637923 27.862017840089 168.54906047055 170.11502609614 75.6584177089657 38.1731017409347 134.319808310406 69.5631944259921 66.7439463008589 61.8795642179811 74.1303886253075 97.9428254982526 118.157705805482 0 126.746975759751 101.54675222492 127.586961038715 128.551104495061 0 0 0 148.803523780583 105.450390604604 134.168410897979 176.8701171875 0 180.819671630859 142.840557960746 170.921518609363 115.263189935223 151.131358741869 169.751333769332 0 149.493194580078 167.396351833968 0 110.73638275388 153.22942221776 143.505800953219 153.298559501248 0 116.911811375134 82.5241898859542 121.499226025358 127.188796082174 139.381561570446 164.108300720343 136.695619733586 129.828123430134 175.902032965236 126.794560802331 0 0 118.170555114746 123.764444817071 156.485549130202
96.1121296478901 31.1872886915665 50.7277132361941 84.5584115990851 91.6019382001198 108.596161169308 86.9266405558726 132.10521334067 27.4635292618316 105.049567048123 93.7958905377453 68.3485712455801 84.4577104374427 114.673357589802 72.3321605143598 33.1341044268719 73.9947284063312 105.299525172075 93.0905956557124 80.9098953549602 55.9847388358324 0 50.1350443110213 35.732904214636 60.8420813922303 83.8688993893141 40.088962351988 61.6486970059936 92.3336038836262 64.3865927006794 96.6960676419736 0 75.9333453462155 62.2448785036996 130.110364519189 65.9005593375718 53.0792089197445 62.0664745012116 66.9643730677312 73.043893606281 119.344068637964 84.9638736815135 70.5166294977509 48.4750302990158 69.0154556475321 71.1094099905563 77.4869421887263 0 0 106.342321882229 55.2701628509122 63.441230754204 91.4657287597656 150.831409346993 148.275726318359 101.474485491972 207.558416761582 71.563718048648 135.798176043515 101.428215026855 133.357164637257 108.865517896336 112.72847061605 113.373977661133 55.9412067087694 86.902738454304 137.080764931052 115.073631196632 0 70.2222624444827 27.8134865024886 63.5245608122464 82.4247179709441 94.2439999442358 106.539334409614 64.5800614139492 90.7345119602518 135.752358400154 85.4290495913016 92.8644638061523 0 0 73.9363136183104 164.687619683453
97.878207278027 66.6898314239651 34.3982372169874 121.878908146022 164.90869140625 117.14749870904 81.4477385481217 115.009009358424 79.6330612308511 112.258343773813 88.8165935554135 114.210223676538 118.31515687619 108.945333836691 114.303884704915 20.5181461902806 27.8013245252472 97.137173113239 69.6393957200706 109.204805107792 30.3385283595463 50.1350443110213 0 60.1989562259911 102.735412695893 75.5577373879067 46.4477826642102 49.9903567186665 101.327650822173 55.3865134121027 125.361646483306 173.009120651756 88.4883532197726 41.8400831124651 154.422863347198 75.0793938353152 58.0613643252643 60.1998207703398 73.0134852203843 97.5218518997312 133.683251536062 106.351503846351 119.225046293305 94.3092896416511 109.863582570326 113.713484098144 119.892004304879 225.293975830078 0 158.422702531621 93.1411663897292 106.904115154302 156.349469696408 0 170.847710400836 152.612667140405 185.458216983011 136.857334877239 165.817083548019 163.392168166753 154.643524169922 162.653808080768 180.365568818393 0 98.2895663460027 126.369219368778 148.394986890465 146.18763941624 207.113372802734 121.310798893875 78.5586865598823 107.041861091233 131.558821563413 112.961148411308 138.009639445931 105.313322597867 141.321619036117 177.742150045246 139.840060562941 158.04117973106 0 138.478637455561 116.434916753729 167.64883464805
72.2281245487062 79.4051610949589 92.3707565692928 25.5707360904348 80.7892104159931 69.176905259161 46.5801462311186 84.5426893261509 21.3470588350031 56.4080324650045 139.718084273631 25.1882153831575 128.074370483403 83.4883717722953 42.1988413097283 30.9793567679308 116.289943012332 142.821564631861 134.316063857485 21.0117121340942 29.8918323244434 35.732904214636 60.1989562259911 0 104.131229829518 121.418752640658 73.6584632161453 22.3808313437065 80.2530676693127 62.233143344434 137.754461508809 144.39543472276 65.8401618782758 72.3292184495325 137.56475237531 72.0934177406689 86.9524757179308 85.8821715350871 80.72106811639 46.4428933652187 93.8710969055272 133.081104776717 94.9453792314641 121.442908301207 127.392649818299 125.942279096852 89.7382885202869 156.654865026036 0 124.298914896065 122.027040555572 138.580595396058 122.854120598458 129.846466064453 130.39781151685 111.940683191645 129.19634191362 57.2200194953152 120.495936797404 187.000543433259 95.62053545134 194.147516268972 129.263921875065 115.167310278269 95.4492857577861 164.207396826778 225.383039669779 178.174274041743 115.455815090816 107.387780218807 78.3540900829409 121.707721474938 76.1066323701895 160.633297211149 164.9347319756 133.666782524494 100.546746248409 135.253479898028 112.747860811545 0 183.955978272519 118.684173568165 120.462524788101 173.562502135254
133.038023291749 23.0907006734371 72.992867639857 0 0 118.671712310696 134.902994780313 126.673045672004 92.7751942438829 186.571424200743 31.2337081424425 154.720723605513 15.631425684101 108.20488604484 136.047163304623 108.528668165439 67.9033533624165 44.2992104363832 49.4561010575418 148.035415649414 118.49188115362 60.8420813922303 102.735412695893 104.131229829518 0 40.1953100637269 23.9815803402893 132.520631200516 108.821177183729 136.77050547687 43.4909289272509 0 0 50.1276794551206 155.178596200613 81.9281546552534 19.0765595995704 44.9580478280018 64.2273909141389 113.176084298538 33.01513671875 16.2227929519434 81.9472586982987 43.2258237741035 76.5102393551278 132.790451049805 178.330139160156 76.4317249811267 37.9327628839166 0 50.9861544495092 88.8066930960574 0 0 0 150.271649308194 90.7987899780273 0 0 53.9881913633161 0 40.5341470327683 164.15487765621 0 129.216356246327 95.5672054391902 70.2277525477035 77.494923361462 0 142.377700805664 94.7838135135189 122.69806595958 132.271865831828 24.3840702200138 70.1021889686392 74.2955329131757 147.365921020508 107.230094909668 150.797401572455 68.0514129315866 0 0 83.9433564861258 168.815795898438
135.910129926992 47.7121236431688 28.5336794364713 169.518653754175 159.406936645508 144.285751752712 124.930531011218 140.095793232208 113.741723082775 153.605531094405 31.3456144999713 151.530452050345 27.792066838531 126.632820196271 170.334469023254 104.155366433396 38.6358109960834 21.5893630137934 27.079492640923 0 100.334019492985 83.8688993893141 75.5577373879067 121.418752640658 40.1953100637269 0 31.5849418952707 119.889126940315 117.824609070285 112.731078392673 17.0596710826445 110.448319205373 121.147664857916 54.3020362821579 135.583697697652 83.3748127127325 49.3976310741811 55.8822452834693 67.325158664097 99.666860097403 108.04646677489 60.1528078921765 135.52520905468 101.422402006477 107.074949933951 121.039440315181 150.403991699219 113.943518137492 73.3628589222137 205.800819511794 70.6868787866092 106.214800440205 0 0 224.119750976562 186.711462022428 163.402683644503 148.604105768758 226.384704075687 90.7262837904151 183.312911987305 76.2736165895645 184.988177664945 0 150.257646425691 110.462878239513 101.916216809097 103.637146194119 0 147.632132585189 133.961966306885 142.589679323548 165.629197321349 60.1486810098667 95.006951026848 98.0044968219695 183.831152504546 167.718612114164 177.073793497067 97.0106467670279 0 167.767944335938 106.198521814214 159.039121594178
134.823911235407 29.5467661883059 35.6129274853883 129.683953812505 0 145.279817057748 105.372526857502 143.224791624422 91.0185579242375 137.991858022654 53.1558675765394 130.307889120234 28.6463571928615 134.872291255547 130.278020186914 25.1783423518984 63.707172110067 58.4706356284509 61.2577153494967 131.033367469196 74.9210723070595 40.088962351988 46.4477826642102 73.6584632161453 23.9815803402893 31.5849418952707 0 78.8132119648959 126.179228538201 102.304281169811 26.4808055253765 133.762713145648 128.78242718207 59.8693421846495 138.92407540992 78.8046471678392 52.9509587766152 62.1441614979486 68.3340000530781 90.1965156846174 131.447822058202 67.6817266236367 117.151849656938 87.8181862227382 99.1143405670973 110.60492373286 150.426579589473 0 94.7266370048568 169.069632085391 62.9914228575936 91.2007492105371 177.599885988083 0 190.038097347616 158.968465877859 210.904149901392 124.484929857584 182.521044352644 93.2941895697665 0 81.2549211826723 177.467516610557 148.230312587616 103.761205925104 105.143641767011 104.897395695718 106.281786127432 0 131.270256166248 80.1584983178465 107.554072156682 138.916144688467 62.2772829042859 97.5639171707092 91.6489156652051 146.516636703853 165.254888443987 142.859356838409 105.175311780286 0 165.029678344727 102.858466926493 155.484567417365
84.8366975550856 104.160175377512 80.3328607430916 17.251483509389 108.692840994871 65.1630029967202 34.7190772848231 97.5056144020857 56.3596256412952 29.1671739594267 142.727718248561 64.5464736183994 144.037632536456 94.8663522373494 83.4017389932723 28.9315452920778 105.411370093588 158.263463121395 127.750563947761 30.1899521173956 29.4079818834064 61.6486970059936 49.9903567186665 22.3808313437065 132.520631200516 119.889126940315 78.8132119648959 0 90.9085874114765 43.1768105757563 145.107993525435 145.99200726058 70.3765723302473 68.5917199480273 136.901679594847 75.1167144394327 83.2383834324475 78.0212147036054 79.7569511137015 84.2689185224971 109.666631449744 124.367268965257 118.157881692342 112.172616706917 142.924589747895 131.652831988362 112.475104913945 164.494107638541 0 142.242443714341 136.479209167708 145.672855646198 153.171635191396 170.276868133786 155.400732287208 133.696987721908 159.454232201963 84.6258717205689 150.762980305562 199.094144014235 125.768628265545 208.089920043945 153.042708366658 141.588226486405 109.969052679732 173.19538519286 212.99490815653 177.00888373121 145.928013409613 115.358964495118 88.2776682628385 132.295099575472 112.915847536236 171.529418945312 181.257013790702 151.051958324274 128.662316147813 154.338928459626 126.027218573481 0 210.450668334961 135.471223449221 132.651092110268 168.690368239861
17.233019816944 123.274939812461 106.173092563463 101.83131718469 25.6095904124767 45.5747795755476 55.5941735956211 42.1898926848359 76.6926710618876 97.2610748812403 63.8427599017267 98.8961096228575 71.3832497163014 30.9604351697642 96.14688065595 103.934319736989 106.139720363045 103.170936576237 114.912623824372 101.289988672192 87.8933944637923 92.3336038836262 101.327650822173 80.2530676693127 108.821177183729 117.824609070285 126.179228538201 90.9085874114765 0 30.543133061084 104.814310463415 20.8353529129753 20.1021618252045 34.0971366170282 108.954475392479 60.7996120596049 67.0764286263409 47.3992688033207 55.54942207889 44.6748100854647 33.95831532963 68.0665055225171 142.432858579033 139.414198651071 158.483167905444 149.162557792981 123.435877555991 186.694455589805 0 175.346769504672 125.117113393801 149.911565313253 175.565836028337 0 180.542356890312 153.212379512638 177.450154179527 110.392827659406 170.205658809577 124.303634643555 166.247131347656 92.2024993896484 172.280783192239 0 155.111547121742 171.517166137695 0 207.870025634766 157.01645727122 139.934631325632 107.503184220012 175.162279055769 136.527587978005 87.6790466308594 193.989672835932 174.884788524702 149.242963422572 178.112725222584 148.796116234631 0 0 0 181.478003921715 128.627141281741
35.6317636944015 103.675262153202 76.1042878287284 95.033625581484 106.475898233884 83.5501126999692 24.9207068526889 72.4194304830748 57.6648306793561 86.553184936831 117.008065411083 90.5903016339422 134.53087915896 66.8167171186179 90.5675988169837 72.5126738637321 74.8780846129909 129.159249888028 101.414643339767 91.5384863564976 27.862017840089 64.3865927006794 55.3865134121027 62.233143344434 136.77050547687 112.731078392673 102.304281169811 43.1768105757563 30.543133061084 0 126.370819091797 124.178404695451 46.1929758803026 37.0626213343853 121.987966417468 64.5093483961998 77.3359612844254 57.9859302533486 65.7545649229343 80.0201660903582 84.4665872322053 110.808786906642 125.931551946441 140.060837419638 139.40254378451 131.21897023059 133.212881994361 178.863696033672 184.133010864258 134.462020286911 133.697580148218 145.447012716434 155.487181897225 0 159.682005970239 133.462815701518 157.953469537088 83.270933751354 145.369210640179 192.239189274125 177.904217944176 190.915155657296 161.146766819174 123.599353162327 109.908731268613 159.335181143713 0 171.811764936076 0 114.45784404431 89.413347925683 132.034066913176 115.605682416116 154.051895141602 169.503002266342 146.981256346686 127.667181191984 153.551098162683 124.789690184896 223.322967529297 195.261795043945 134.1802496843 134.704441018265 146.404218362127
132.270282239978 64.0467304602007 87.6007216938846 0 0 133.206771850586 185.439637770915 114.662614995474 125.759363525395 0 29.5003685844554 165.826263427734 14.5719896240578 121.724635521742 0 119.917182922363 83.4028534323994 44.9175740339244 58.4583990836206 0 168.54906047055 96.6960676419736 125.361646483306 137.754461508809 43.4909289272509 17.0596710826445 26.4808055253765 145.107993525435 104.814310463415 126.370819091797 0 0 185.82502746582 70.6497053463333 121.243621826172 101.220278958262 55.6874100310913 64.1495174384609 79.0671110300086 92.589469909668 0 58.6610975270096 137.184112548828 85.3226061263666 101.471676303456 117.598114013672 0 0 78.462158203125 0 0 145.069563998481 0 0 0 0 0 0 0 81.0297476890677 0 57.3932042551017 0 0 0 133.313512534429 108.011275633357 122.69981948113 0 0 0 157.425216674805 0 65.5536999085952 105.436992784954 111.598125679815 0 0 0 69.51025631264 0 0 100.298799494792 0
76.4617979048574 0 160.632583618164 146.524252580905 12.444397963793 17.7119780595204 116.959671682955 23.0414960499327 144.467906528472 121.734489360955 67.7917481831197 113.041239654532 62.0135764655919 18.2367855357561 45.3511630462786 0 187.006082907388 0 107.221343994141 126.321439496977 170.11502609614 0 173.009120651756 144.39543472276 0 110.448319205373 133.762713145648 145.99200726058 20.8353529129753 124.178404695451 0 0 70.0442854240519 16.5378963768963 118.201957038255 80.5533107249063 68.2962078969538 43.241592660691 51.4326687599696 44.6058751041804 18.738902648956 70.2066183346647 149.577651977539 81.622673034668 0 0 0 0 0 0 0 0 0 0 0 211.088531494141 0 0 237.79670715332 0 0 0 245.362564086914 0 0 0 0 0 0 215.110137939453 0 0 0 0 0 189.757217407227 185.4299807796 0 0 0 0 0 0 121.698333740234
43.2981998169146 121.77630488061 102.612453375768 91.6976237342672 61.5290158584625 94.078698214131 63.9038117740742 83.8230016369747 64.1007663188568 89.1410515229716 96.5828372329737 88.598094462883 133.595565795898 56.1310380149001 84.9283752441406 82.2813824752107 97.6612987646624 129.824110648349 109.94694024609 85.0719535760635 75.6584177089657 75.9333453462155 88.4883532197726 65.8401618782758 0 121.147664857916 128.78242718207 70.3765723302473 20.1021618252045 46.1929758803026 185.82502746582 70.0442854240519 0 24.925481732236 98.8467682431885 42.6876000147374 36.1728659422274 38.2173913715943 37.4692887303223 56.4766080368859 44.3369170859974 120.249328613281 118.258240937518 0 163.162780761719 0 0 0 0 0 202.782348632812 192.193588256836 135.802261352539 0 0 152.269534961901 0 121.912097883681 168.95564985604 0 98.7761993408203 0 172.381436835756 0 138.16710974185 0 0 0 0 124.500904158287 82.1505656803803 120.157936096191 127.898088173179 0 215.790084838867 171.528045654297 145.056349147821 156.380672243888 133.830800632424 0 0 0 100.240371704102 130.816858303672
