0 17.0137417912483 112.124100595713 37.3092978894711 21.5763706862926 93.5342691242695 4037.28827372193 561.081702113152 49.8939266502857 293.766415804625 23.8107737004757 18.5863389372826 12.1550594568253 7074.8175407052 5.01917952299118 59.8870892524719 160.83298176527 4.153116106987 28.5740901529789 29.6955468058586 268.091093480587 53.5888139903545 341.782028228045 218.812570631504 0.63043737411499 77.9919321835041 98.1441539525986 503.989406526089 15495.5197541714 3038.84796246886 1.41277641057968 44.2813928127289 686.058575600386 620.688158124685 27.41546651721 541.537357658148 54.2782699763775 753.446492791176 64.4336708188057 97.0350987613201 58.9158985614777 1.07456851005554 5.34519624710083 2.36847734451294 0.509975552558899 1.15395665168762 0.954568475484848 0 0 0 1.53635168075562 2.88005477190018 3.80110794305801 0 0.662241518497467 13.816174685955 2.31613376736641 2.83115297555923 2.92814639210701 0 3.04574871063232 0 5.82113084197044 0.472345054149628 6.94912242889404 2.63698154687881 0 0 0 1.98009580373764 4.18938785791397 4.9603066444397 38.4711232483387 0 0.78664630651474 8.532102227211 36.7263259887695 2.0185558795929 6.09849244356155 0 0 0 1.21747553348541 7.44739061594009
17.0137417912483 0 1045.30352374911 0 0.873150646686554 5.11592176556587 93.1803279221058 22.8220742940903 1004.35145357251 9.82718297839165 288.268473893404 16.1244680285454 1040.48408958316 34.5115989148617 22.4770802259445 306.961447864771 848.77278777957 69.6985140442848 267.130255490541 1.03447532653809 111.19064104557 4244.86256819963 506.742833226919 440.003500804305 6153.11944574118 2303.94820478559 17604.3465330899 143.302841454744 30.6590093672276 98.239718824625 40.8213425278664 1.24167269468307 1.71733814477921 198.964172720909 7.82020682096481 450.463550508022 351.814003795385 759.163517415524 153.819345206022 64.371788918972 4.62573701143265 114.842190146446 47.3817268013954 41.9435071349144 74.1975326240063 11.062377512455 0 0 1.39316004514694 0.66755610704422 393.180830776691 125.309367179871 1.3932421207428 0 1.68033564090729 12.2691992223263 1.73483130335808 8.15648311376572 0.83112508058548 16.141593426466 1.17630207538605 35.0502998530865 1.26993495225906 0 9.65056908130646 55.3454858064651 20.6915690302849 53.0415123105049 0 13.3294819891453 57.918133854866 83.8898614346981 7.53332474827766 102.623725056648 382.759669333696 804.574912309647 7.53448674082756 0.752986252307892 7.82653900980949 2.61675560474396 0 0 16.4240615963936 9.37218797206879
112.124100595713 1045.30352374911 0 6.39016532897949 2.28970375657082 40.866312712431 1782.93410813808 384.525575250387 59.2069620788097 134.942376345396 163.322297275066 3.68547984957695 47.2054518759251 367.757427275181 3.0276805460453 154.662857800722 7516.77681988478 103.044327884912 652.311437308788 3.09638044238091 1755.19898667932 626.999850362539 14874.6909681857 201.698922127485 91.6749401688576 13246.9781907499 19451.4522597492 1142.73525831103 178.095853418112 1233.03996768594 11.789050757885 3.89229688048363 27.8768940269947 408.155522823334 42.6641584932804 1671.83351927996 713.798772454262 2598.1380071938 611.358373403549 93.5127960145473 13.9252649843693 2.24736332893372 117.536783277988 38.468500316143 175.467116266489 41.6881521046162 0.987274885177612 0.707575440406799 0 0.701670944690704 292.177474677563 500.868491858244 1.14055132865906 0 3.34246033430099 39.5372866988182 6.55393949151039 11.7876773476601 3.21160578727722 4.85071986913681 0.812121510505676 8.3894200026989 14.9598477482796 0.428632140159607 54.1034163236618 125.417507827282 4.7292292714119 19.9850206375122 0 70.8854646086693 230.413440018892 502.335885375738 28.132943212986 14.7655110657215 171.659076184034 1319.65096601844 39.9262486696243 2.52764230966568 38.9356727004051 0.836360096931458 0 0 34.3709672987461 27.4132198691368
37.3092978894711 0 6.39016532897949 0 1.89226984977722 308.303323447704 343.484753519297 186.075975447893 369.583264648914 11111.2133990526 2.43215346336365 2281.5038690567 0 142.05363753438 21.0332468450069 9.99213525652885 5.01246201992035 0 0 19719.7273252308 11.5510264933109 17.8423165977001 20.2933740913868 2601.21101379395 0 1.82820692658424 16.7829514741898 14414.3503282666 106.922679841518 19.4572837352753 0 5.74006792902946 12.8875495195389 50.1739325225353 5.56192177534103 182.500139892101 6.08677795529366 126.840728670359 26.0693384408951 52.3198554515839 23.6030206382275 0 15.2238027453423 0 6.68888431787491 0 16.4341847300529 0 0 0.610512256622314 0 0 109.239131987095 0 13.5195931196213 55.0589753985405 12.0172238945961 51.6887159943581 205.338799417019 0 23.8089977502823 0 2.21078425645828 11.898576438427 0 0.500582754611969 0 0 22.3241460323334 3.02927577495575 6.09460312128067 0.995956778526306 102.004727423191 0 0.825916826725006 0.623931765556335 69.0577258467674 4.07318234443665 1.00550818443298 0 0 0 6.01308625936508 1.79317557811737
21.5763706862926 0.873150646686554 2.28970375657082 1.89226984977722 0 5664.68877276778 25.3838842213154 1015.17640119791 54.3840734958649 49.2538794577122 6.90797579288483 56.870597422123 3.11203992366791 454.653074800968 3238.81094264984 2.19499650597572 1.72702023386955 0 0.376795053482056 4.60112437605858 0.585890293121338 2.59736657142639 4.52554929256439 11.4834114313126 0.706114947795868 0.850160241127014 2.05097743868828 18.2142416536808 357.937966704369 11.7981223165989 0 2730.23626053333 1.24954718351364 1144.901140064 3.82943290472031 58.5287727713585 1.37096172571182 214.614351719618 6.84019404649734 5520.69421395659 3146.12412172556 0 0 0 0 0 0 0 0 0 0 0 0 0 0 0 0 0 0 0 0 0 0 0 0 0 0 0 0 0 0 0 0 0 0 0 0 0 0 0 0 0 0 1.38589727878571
93.5342691242695 5.11592176556587 40.866312712431 308.303323447704 5664.68877276778 0 2369.40673682094 18656.1893834472 164.836612462997 16819.3623379469 29.4433055520058 6462.79510468245 7.44870090484619 3574.98519179225 5301.25314992666 15.4520147442818 11.3670190274715 1.29110285639763 2.12221446633339 998.165274530649 44.2135944664478 36.7850579917431 78.4377624392509 325.648744821548 0 16.030439555645 24.2426169514656 926.025343298912 717.826696038246 69.949431091547 0.416609913110733 2811.28723177314 15.7266553044319 747.338617146015 6.75224840641022 207.876626670361 11.2949538230896 427.358874320984 31.6814413368702 5656.64908012748 1940.86140477657 4.34656548500061 8.37023109197617 1.41528189182281 2.96859395503998 1.01944053173065 4.28941044211388 0.402344912290573 0 0 0.938610672950745 0.67032653093338 8.73016834259033 0.366011947393417 5.02246570587158 39.0832295119762 4.12548351287842 17.4771356880665 18.6123638153076 0 8.42413836717606 0 4.89838933944702 0.963998258113861 0.3790662586689 0 0 0 4.27495336532593 2.51135623455048 1.86217817664146 1.8740086555481 58.4943181574345 0 0 4.81900924444199 26.6542745530605 1.58905214071274 2.51759964227676 0 0 0.388846278190613 1.10290002822876 1.9246997833252
4037.28827372193 93.1803279221058 1782.93410813808 343.484753519297 25.3838842213154 2369.40673682094 0 8350.02567815781 1279.22046777606 12916.590169549 59.6922281980515 418.182927072048 21.3017873466015 10970.6950349212 101.555592000484 439.318315029144 697.28541135788 15.4516606926918 97.0365920364857 557.99978235364 2972.9632254988 632.024699836969 4746.21207934618 5157.25502875447 12.8113585412502 698.441671937704 1166.94191861153 23337.5877375603 3255.85518869758 14500.6105468273 1.33302742242813 59.200454056263 346.999620556831 1133.71488082409 105.878384679556 2203.53496393561 246.798180818558 2006.40438616276 288.40469416976 346.291429460049 166.750079900026 3.8818376660347 77.3481468856335 5.06419411301613 46.2987232208252 7.05738663673401 44.4767197370529 5.69935971498489 1.56942319869995 11.598482966423 12.7345698773861 27.7767561674118 75.4883389770985 0 54.8890548348427 527.40574324131 65.9220257401466 209.213091909885 148.603560805321 0 40.1579611897469 1.24538910388947 78.1689474284649 14.7374537289143 55.668644785881 2.70057585835457 0 0.507134675979614 33.8647917509079 51.3917962610722 61.9237858057022 86.9993042051792 873.766904383898 0.628542721271515 8.97601339221001 102.886910259724 544.554381251335 32.4823908507824 50.2748916149139 0 0.530120968818665 3.53678023815155 13.4643768072128 20.1747436821461
561.081702113152 22.8220742940903 384.525575250387 186.075975447893 1015.17640119791 18656.1893834472 8350.02567815781 0 206.619050741196 6298.86650043726 90.2158644795418 838.110057920218 24.6901121139526 31485.6048002243 922.486783564091 66.4475719034672 158.67823690176 5.68291306495667 23.4581552743912 262.701382219791 379.753018826246 116.322476685047 712.581540644169 665.101638913155 2.07621386647224 185.154613882303 205.566902816296 1408.00740653276 1850.31756940484 1121.99110037088 0.352928996086121 1903.64695364237 55.107360035181 1095.53128743172 30.0719483792782 616.218718320131 66.6406959593296 894.06279951334 83.0036354362965 1794.06927350163 774.361187011003 6.18237680196762 12.1683876216412 0.500673711299896 3.08692088723183 0.688129603862762 6.88943088054657 0.576775133609772 0 3.02799165248871 3.9929741024971 3.58062902092934 16.9925494492054 0 9.54769918322563 85.7940580844879 13.6626673042774 42.5467478632927 27.3617110550404 0 13.0430077910423 0 14.0928985476494 1.24857610464096 5.84451255202293 0.725081384181976 0 0 7.81745138764381 11.002691924572 11.3436277508736 13.2842014431953 186.437544852495 0 1.8217887878418 16.8390232026577 111.445147424936 4.67383658885956 7.81647112965584 0 0 2.47086918354034 5.14419791102409 10.7962205708027
49.8939266502857 1004.35145357251 59.2069620788097 369.583264648914 54.3840734958649 164.836612462997 1279.22046777606 206.619050741196 0 703.134628653526 16.5480230003595 910.486929655075 82.1467558443546 144.592450499535 1941.25694382191 173.340650141239 32.5592339634895 2.35797905921936 8.50691384077072 240.673577219248 76.113938421011 7756.79208996892 140.35497829318 14414.0657377541 301.283411502838 91.5208657383919 552.408816501498 2472.87775146961 156.82917830348 206.125960916281 2.90934959053993 10.5050966739655 38.8898772895336 74.1093599498272 9.18058606982231 430.727863162756 45.9932741373777 186.847647041082 26.5087008476257 3218.59387366474 19.0455394685268 11.0795913636684 119.200357615948 3.58454042673111 33.9258150458336 3.16274639964104 96.3899334073067 0.439235210418701 0.973140776157379 19.1594071686268 20.6100223958492 8.8858040869236 154.511108934879 1.77046102285385 47.3663274347782 460.964827924967 47.8173115253448 536.135825693607 160.073613107204 1.2915715277195 170.133565485477 1.68366503715515 51.1200169622898 51.7131900787354 37.3121938109398 0.598010122776031 0.385752230882645 0.829017519950867 43.0527974963188 35.2884172797203 42.0635185837746 29.0335202217102 1041.3180296123 3.71114003658295 10.305392742157 28.9763242602348 515.321600735188 21.4901266098022 44.226476341486 0 0 4.56630176305771 11.369786798954 4.37823891639709
293.766415804625 9.82718297839165 134.942376345396 11111.2133990526 49.2538794577122 16819.3623379469 12916.590169549 6298.86650043726 703.134628653526 0 32.1456325054169 20739.038813442 10.5420461297035 2505.19322034717 169.595642536879 46.166438549757 30.5304836630821 1.65611097216606 5.17358416318893 11493.0187956691 144.931813806295 104.410539537668 325.996249616146 2461.53093165159 3.99797439575195 47.3257207870483 116.307726681232 11810.7526052296 830.765123724937 215.597577929497 0.341219514608383 46.9981169402599 63.876059949398 488.93988057971 36.5934291183949 970.304258733988 33.2914379239082 759.675811260939 96.0214485526085 471.35089379549 168.261326044798 1.09965395927429 52.118087053299 0 9.95689254999161 3.88979816436768 46.462167263031 3.33243525028229 0 5.41320100426674 0.441714465618134 3.33564609289169 169.378353178501 0 21.7585881650448 189.089118808508 31.2105725109577 110.750509053469 368.308354616165 0 78.6991942226887 0 26.0276383757591 11.0112334787846 8.89191275835037 0.509020090103149 0 0 27.2388237118721 16.1313098967075 4.79450339078903 6.6902639567852 332.239855110645 0 2.20817276835442 6.57598689198494 175.062912017107 6.28587394952774 14.4703540802002 0 0 2.96396869421005 1.36129158735275 8.46969744563103
23.8107737004757 288.268473893404 163.322297275066 2.43215346336365 6.90797579288483 29.4433055520058 59.6922281980515 90.2158644795418 16.5480230003595 32.1456325054169 0 2.1598995923996 13419.4230445325 183.022584021091 1.5010866522789 7.01011180877686 1097.19180476665 9585.38897868991 6055.32561194897 5.37311601638794 69.3898794054985 50.607091486454 237.57053360343 16.2340906709433 2471.77363592386 12422.0498176813 3159.18116945028 29.540318518877 215.387031286955 114.812563180923 2806.19792592525 40.9196669757366 3.56661254167557 11820.9368592799 11.1024072468281 487.250546246767 6383.54487326741 12960.6021869779 308.970338702202 47.4992726147175 29.1079433560371 3469.79883500934 1.78725552558899 5.78102776408195 4.48847454786301 0 0 0 1.07662263512611 0 16.9058045148849 6.45278987288475 0 0 0 1.03477430343628 0 0 0 11.2942315638065 0.479758620262146 34.6640745997429 0 0 0 2.75172793865204 8.90511745214462 5.26302492618561 0 0 2.94229197502136 3.82866856455803 0.751928091049194 75.8848995864391 70.9792832136154 86.4420286715031 0 0 0 5.14369958639145 0 0 1.23839575052261 4.86699134111404
18.5863389372826 16.1244680285454 3.68547984957695 2281.5038690567 56.870597422123 6462.79510468245 418.182927072048 838.110057920218 910.486929655075 20739.038813442 2.1598995923996 0 1.21291047334671 311.934088855982 2993.04157224298 4.93106734752655 0.971054375171661 1.02563011646271 0 20643.3150082529 3.18598926067352 38.5346850156784 4.60897299647331 335.161923855543 1.81394329667091 1.29495874047279 4.48364624381065 1345.99990901351 113.906229615211 7.39060673117638 0 28.2865894436836 3.78793939948082 101.23358258605 2.73765596747398 159.309575915337 1.8646756708622 115.651738703251 21.63976085186 2938.69683218002 39.1411882340908 0 21.7775375247002 0 0.582211315631866 0 9.7397255897522 0 0 1.61161172389984 0 0 21.2220750153065 0 3.1366263628006 20.0980759263039 3.9107124209404 28.0687319040298 9.99916195869446 0 101.748288035393 0 2.14771065115929 8.37352657318115 0 0 0 0 1.67164379358292 0.577003598213196 0 0 37.3983039259911 0 0 1.27564510703087 28.2768797278404 2.46159470081329 2.88901174068451 0 0 0 0 0.826251924037933
12.1550594568253 1040.48408958316 47.2054518759251 0 3.11203992366791 7.44870090484619 21.3017873466015 24.6901121139526 82.1467558443546 10.5420461297035 13419.4230445325 1.21291047334671 0 35.9466072320938 0.476790755987167 18.7979264259338 72.7930172383785 430.476328372955 212.900217443705 5.50586631894112 14.129920899868 161.719188123941 37.3352606296539 23.5514353662729 11496.4102936685 6420.32468098402 7563.99707522988 16.894817262888 37.4587309062481 17.9904836863279 2831.62869521976 10.9741745591164 4.45986413955688 2123.58710801601 77.7836064696312 974.511997103691 4505.49107390642 2820.37313747406 939.639061242342 79.6298372745514 387.036345303059 15539.9845176935 5.73196431994438 4.37476676702499 9.94976055622101 5.48622125387192 0 5.94802069664001 0.846223890781403 0 20.3375526368618 6.82489404082298 0 0 0 0 0 0 1.70675614476204 12.4474324584007 0.827259659767151 77.4836931824684 0 0 0 2.65582150220871 10.4405508041382 15.8230665624142 0 0.436338603496552 1.83921921253204 1.87438574433327 1.76627531647682 99.536841750145 88.4238564074039 127.716820448637 0.466368645429611 0 0 9.64621037244797 0 0 4.59127560257912 42.233223170042
7074.8175407052 34.5115989148617 367.757427275181 142.05363753438 454.653074800968 3574.98519179225 10970.6950349212 31485.6048002243 144.592450499535 2505.19322034717 183.022584021091 311.934088855982 35.9466072320938 0 299.353624731302 73.9415247738361 281.120424985886 10.1981952190399 46.2661105394363 163.831826627254 507.31044626236 129.682275086641 863.059505105019 518.707270681858 3.26512044668198 237.651277989149 277.197298884392 1306.16326153278 11197.4924281836 2793.49193125963 4.25962892174721 1676.66692140698 216.702463030815 2246.41440200806 57.4330821335316 1205.13841572404 127.687887996435 1883.40874278545 127.719195008278 1399.12341859937 630.997730582952 15.0530511140823 11.0133890509605 0.691224813461304 3.92848977446556 2.7249573469162 1.97238105535507 1.30332434177399 0 0 4.13609421253204 5.0746818780899 3.74570846557617 0 3.22114390134811 55.7914108932018 5.71878850460052 20.7380874752998 17.37018430233 0 5.30924090743065 0 7.16099858283997 0.451157242059708 5.11247643828392 1.02813196182251 1.02800542116165 1.31849098205566 3.42738056182861 18.2413715720177 13.3497643172741 13.5098122656345 100.307030260563 0.393724858760834 6.57444429397583 25.2942106425762 92.3559197485447 3.55840900540352 13.3844484090805 0 0 1.28487741947174 3.31747007369995 13.2987441122532
5.01917952299118 22.4770802259445 3.0276805460453 21.0332468450069 3238.81094264984 5301.25314992666 101.555592000484 922.486783564091 1941.25694382191 169.595642536879 1.5010866522789 2993.04157224298 0.476790755987167 299.353624731302 0 0.63928896188736 0.476700067520142 0 0.24270386993885 108.026209384203 5.03219097852707 135.23441106081 4.29984560608864 359.76819062233 8.46354356408119 2.22481742501259 12.9035236537457 100.224115639925 57.3040654957294 4.27365511655807 0.237811535596848 441.97189438343 0.371204733848572 55.7543451189995 0 58.7882601618767 1.7430237531662 15.2798831760883 0.698986768722534 17379.6434503794 188.382613360882 0 12.3723157048225 0 2.76510655879974 0 7.74131831526756 0 0 0 0 0 3.00403249263763 0 5.41086873412132 20.9843446016312 1.54687911272049 10.1055307388306 8.60186970233917 0 3.81274223327637 0 1.17436158657074 0 0 0 0 0 1.25078082084656 0.671688377857208 0.802351117134094 1.66234058141708 28.9640284776688 0 0 2.04973834753036 18.1454258263111 1.08302789926529 0.874997973442078 0 0 0 0.736662745475769 0
59.8870892524719 306.961447864771 154.662857800722 9.99213525652885 2.19499650597572 15.4520147442818 439.318315029144 66.4475719034672 173.340650141239 46.166438549757 7.01011180877686 4.93106734752655 18.7979264259338 73.9415247738361 0.63928896188736 0 78.3073653280735 3.35475511848927 7.20830273628235 6.24083244800568 9439.60012000799 5231.1322286427 24514.5212649703 2419.9946372211 32.8211706578732 96.2255959510803 6287.68405506015 2978.88995301723 109.578900873661 468.669216185808 0 0.4461669921875 37.2750208675861 303.225598067045 66.7237356603146 1408.17217865586 369.464987248182 1030.35274976492 359.702502250671 133.073382228613 16.877344250679 2.4116096496582 139.387153625488 24.5129727125168 90.4210810959339 26.755385607481 10.9478760957718 2.41651916503906 0 10.7472032606602 12.6143717467785 32.386918336153 2.03186848759651 0 1.52494192123413 122.624398469925 12.9198529720306 32.4428900182247 11.8041818141937 0 0 0 24.7939689159393 2.56095361709595 340.116978764534 11.1428799927235 0.492409229278564 4.3641322851181 1.21802997589111 143.42065602541 252.325287997723 470.315695971251 249.899985104799 2.63284534215927 13.2993748188019 273.432480245829 171.956445455551 29.1972933113575 131.2962911129 0 0 11.2384057641029 44.4997847080231 16.6116006970406
160.83298176527 848.77278777957 7516.77681988478 5.01246201992035 1.72702023386955 11.3670190274715 697.28541135788 158.67823690176 32.5592339634895 30.5304836630821 1097.19180476665 0.971054375171661 72.7930172383785 281.120424985886 0.476700067520142 78.3073653280735 0 595.843759268522 10610.2964559197 1.74141538143158 1683.36008355021 242.616352215409 12831.3556709886 63.3265508711338 185.428114503622 12953.8308688104 5283.3477794826 260.397120088339 283.542567282915 1786.2562019527 20.601715028286 1.4898584485054 39.8546260297298 2164.53172814846 25.9399717450142 940.943971157074 1574.0138220489 4425.03812408447 371.983215421438 52.6661619842052 18.075370490551 14.7776630818844 45.2533940374851 23.1983583271503 60.2254824340343 6.71759468317032 1.37836766242981 0 0 1.10180515050888 173.594405680895 166.549829721451 0 0 0 6.16905590891838 0 5.67243999242783 0 2.09693175554276 0 6.56597664952278 3.58139204978943 0 10.7731364667416 52.9135190546513 2.17514756321907 18.0246523916721 0 18.405424207449 45.8644368648529 101.618176430464 6.29210525751114 10.9371280670166 166.426146358252 567.167704820633 2.34351506829262 1.30501127243042 8.55616733431816 0 0 0 7.80966120958328 10.3055475354195
4.153116106987 69.6985140442848 103.044327884912 0 0 1.29110285639763 15.4516606926918 5.68291306495667 2.35797905921936 1.65611097216606 9585.38897868991 1.02563011646271 430.476328372955 10.1981952190399 0 3.35475511848927 595.843759268522 0 4469.81728249788 0 27.7334926128387 12.3810067772865 127.154105991125 1.52440112829208 427.033780574799 7175.19677174091 969.461289703846 12.0524764358997 15.8965490162373 45.4747377932072 149.221700757742 2.2961083650589 1.75187465548515 464.929450452328 2.87738823890686 90.267939478159 395.407257884741 802.634860485792 55.0784925818443 3.63409638404846 0 22.1526207327843 2.12402951717377 2.91744911670685 2.18402773141861 0 0 0 0 0 12.7630773186684 4.45609694719315 0 0 0 0 0 0.442280054092407 0 2.06896439194679 0 14.2219485640526 0 0 0 3.10259762406349 5.23038446903229 5.81106296181679 0 1.20172524452209 0.599874138832092 3.31452089548111 0.528376936912537 39.5077621936798 32.3316593468189 44.9199336767197 0 0 0.759159624576569 0 0 0 0 0.995487093925476
28.5740901529789 267.130255490541 652.311437308788 0 0.376795053482056 2.12221446633339 97.0365920364857 23.4581552743912 8.50691384077072 5.17358416318893 6055.32561194897 0 212.900217443705 46.2661105394363 0.24270386993885 7.20830273628235 10610.2964559197 4469.81728249788 0 0.376552879810333 188.744328469038 37.6311850249767 711.872907429934 9.87551034986973 469.033786743879 14285.6917185187 1919.4889280498 35.0837537497282 50.3853359222412 203.321186304092 61.272487282753 0.933909058570862 5.63539841771126 1493.87495163083 8.77979397773743 381.4154099226 783.529197841883 2464.49687409401 235.026155352592 12.4317091405392 4.23860034346581 32.9952884018421 7.08733993768692 3.37303015589714 10.3828684389591 1.06791973114014 0 0 0 0 39.1687127947807 16.4795887768269 0 0 0 2.11328169703484 0 0.351219177246094 0 6.73225909471512 0 14.465406537056 0 0 1.60416901111603 3.97679233551025 11.170235991478 8.64588877558708 0 0.410046428442001 9.38196232914925 12.7808765470982 1.51341706514359 30.2040570676327 94.6284446120262 131.273499548435 3.35457110404968 0 0.410659700632095 3.00594681501389 0 0 1.80270427465439 2.52514430880547
29.6955468058586 1.03447532653809 3.09638044238091 19719.7273252308 4.60112437605858 998.165274530649 557.99978235364 262.701382219791 240.673577219248 11493.0187956691 5.37311601638794 20643.3150082529 5.50586631894112 163.831826627254 108.026209384203 6.24083244800568 1.74141538143158 0 0.376552879810333 0 6.13904026150703 10.3659620881081 9.38018226623535 1677.16423860192 0 1.204745054245 7.18994188308716 5062.94624331594 97.4199646711349 8.40148454904556 0 7.3530530333519 6.27046251296997 70.2486606538296 8.9503293633461 129.419622480869 2.1075519323349 85.3343858718872 15.2623788118362 126.365968674421 13.8584676384926 1.01309669017792 17.9818198680878 0 2.33391332626343 1.72589361667633 11.9830424785614 0 0 0 0 0 52.6783018112183 0.828840136528015 8.11744320392609 37.7171882390976 6.63451853394508 31.9521657824516 18.5676510930061 0 31.9326077699661 0 1.74312341213226 3.44955837726593 0.479240536689758 0 0.787736356258392 0 6.61382389068604 0 0 2.49342048168182 62.9326094985008 0 0.746581494808197 2.02851408720016 41.1480031609535 1.53585538268089 0 0 0 0 0 0
268.091093480587 111.19064104557 1755.19898667932 11.5510264933109 0.585890293121338 44.2135944664478 2972.9632254988 379.753018826246 76.113938421011 144.931813806295 69.3898794054985 3.18598926067352 14.129920899868 507.31044626236 5.03219097852707 9439.60012000799 1683.36008355021 27.7334926128387 188.744328469038 6.13904026150703 0 913.168180525303 27668.5803485662 1509.64871108532 16.1287471801043 601.942145094275 1998.75570312142 16956.1126155257 667.490483939648 19951.6035870016 1.07102870941162 5.12295204401016 180.863232553005 3507.25834852457 250.733779877424 4543.36220940948 889.175434499979 6137.43402069807 1020.43276745081 346.975904971361 65.989464700222 5.58851230144501 86.5625465810299 15.1848001480103 54.2796569168568 27.4250934422016 7.73834869265556 3.04609370231628 0 5.96602717041969 13.8437168896198 34.4340389370918 4.94172042608261 0 1.73455113172531 109.900096774101 12.987427085638 16.9185239076614 14.3828885257244 0 0 0 23.235242754221 0 185.109719991684 7.3946233689785 0 2.2906913459301 0.568544268608093 146.021359056234 103.091417938471 155.327592551708 267.962521702051 1.59092330932617 12.6997219920158 136.428298562765 217.969838649035 29.4801689088345 75.0815633535385 1.03457808494568 0 5.3992557823658 36.8344632983208 54.5109189152718
53.5888139903545 4244.86256819963 626.999850362539 17.8423165977001 2.59736657142639 36.7850579917431 632.024699836969 116.322476685047 7756.79208996892 104.410539537668 50.607091486454 38.5346850156784 161.719188123941 129.682275086641 135.23441106081 5231.1322286427 242.616352215409 12.3810067772865 37.6311850249767 10.3659620881081 913.168180525303 0 2512.14715370536 8737.36112889647 691.491138532758 367.237455382943 9241.53759384155 1786.48460525274 190.271131306887 512.739128738642 7.82723706960678 3.24300083518028 55.1135566234589 205.121572121978 44.4607116580009 1149.03992938995 363.246885538101 903.02456381917 273.340326935053 382.023302733898 13.2854021787643 21.9556326270103 104.677635371685 13.8197719454765 79.8708847463131 15.38592004776 3.89116585254669 0.478521317243576 0.686850607395172 5.22098940610886 78.0587832927704 76.0405523478985 7.096475481987 0 5.21572118997574 114.582606732845 11.740371376276 92.8864865005016 15.6999178230762 0.889005661010742 15.8509907722473 4.57953035831451 22.0557616353035 0.695746958255768 194.00639718771 19.2696338295937 1.01040554046631 5.01806873083115 0 97.8283130228519 245.682474672794 360.719902157784 246.479711294174 4.32446748018265 36.1175635457039 385.022836118937 152.538953453302 18.8956548571587 63.6346673965454 0.650118172168732 0 3.61191463470459 19.2325959205627 15.7642264068127
341.782028228045 506.742833226919 14874.6909681857 20.2933740913868 4.52554929256439 78.4377624392509 4746.21207934618 712.581540644169 140.35497829318 325.996249616146 237.57053360343 4.60897299647331 37.3352606296539 863.059505105019 4.29984560608864 24514.5212649703 12831.3556709886 127.154105991125 711.872907429934 9.38018226623535 27668.5803485662 2512.14715370536 0 1506.6921826005 51.8268696665764 3194.71321994066 19135.7256234437 8233.15293648839 759.703316122293 10445.4187610447 15.7422406971455 7.72485560178757 172.285742253065 2934.0159266293 482.189785391092 9030.14609396458 3624.97786512971 12064.4041746259 2637.10782948136 828.163198113441 88.0515213012695 25.013791680336 175.871489018202 52.7608554363251 201.395973861217 34.1679657995701 6.43630477786064 5.94971770048141 0.634415507316589 9.66971445083618 120.079039096832 332.653078407049 0.96556830406189 0 4.15609547495842 137.94474452734 15.6033925116062 66.7990073859692 11.9467827677727 4.69227474927902 6.40853369235992 7.08874028921127 34.4206102192402 0 414.512554764748 51.657056748867 0.970284342765808 10.9314074218273 1.30665695667267 197.556509882212 493.74680224061 1197.07238921523 219.179682314396 5.7015246450901 75.4410402476788 1276.66223835945 175.988025695086 33.3557229936123 111.323050618172 0 0.95038104057312 1.12863856554031 37.3173596858978 124.315010219812
218.812570631504 440.003500804305 201.698922127485 2601.21101379395 11.4834114313126 325.648744821548 5157.25502875447 665.101638913155 14414.0657377541 2461.53093165159 16.2340906709433 335.161923855543 23.5514353662729 518.707270681858 359.76819062233 2419.9946372211 63.3265508711338 1.52440112829208 9.87551034986973 1677.16423860192 1509.64871108532 8737.36112889647 1506.6921826005 0 87.7136992812157 91.5791683197021 1353.79593381286 31849.8358828425 634.930037289858 799.636685758829 1.08536747097969 7.24241679906845 188.594793647528 354.430431455374 54.5715723335743 1303.54536366463 86.9404344856739 672.719819545746 150.396303385496 480.10063290596 61.7281012237072 2.93416053056717 282.8078109622 15.5744745433331 129.423875838518 25.9567663669586 81.9293792545795 7.50866812467575 0 52.9144302308559 15.8836155235767 22.4932268559933 196.319083154202 0.382082521915436 106.089072197676 1360.67382884026 185.21520152688 571.404929161072 298.842925041914 1.07536995410919 167.373127669096 1.32805919647217 214.474672585726 56.0194444358349 204.645453482866 4.64115911722183 0 0.427651613950729 68.0905877649784 218.626825094223 150.058853060007 151.770382195711 2492.18976560235 1.67036715149879 4.6357170343399 76.3436559736729 1757.40322208405 112.691469281912 204.017045080662 0 1.19387000799179 15.7243542671204 70.9619178771973 15.5927088558674
0.63043737411499 6153.11944574118 91.6749401688576 0 0.706114947795868 0 12.8113585412502 2.07621386647224 301.283411502838 3.99797439575195 2471.77363592386 1.81394329667091 11496.4102936685 3.26512044668198 8.46354356408119 32.8211706578732 185.428114503622 427.033780574799 469.033786743879 0 16.1287471801043 691.491138532758 51.8268696665764 87.7136992812157 0 3356.84106713533 11232.6773330271 19.8576037585735 6.74470615386963 15.2329215109348 265.373555600643 1.80310422182083 0.904059648513794 199.435482680798 0 71.2109196186066 1849.03658384085 536.994734317064 32.8946895301342 17.9026696383953 1.26304304599762 2013.01168912649 10.113954603672 23.4551710486412 31.4979559779167 0 1.64779758453369 0 10.2346315383911 0.460859298706055 175.510794967413 29.6771678030491 0 0 0 0.860550254583359 0 2.1496724486351 0 63.2646933794022 0.673513412475586 263.52911862731 0.950661480426788 0 0.969530135393143 22.7161340415478 43.064976722002 51.3474224209785 0 1.61765736341476 5.83597275614738 10.9465243816376 2.1315995156765 487.22317185998 355.14163851738 522.306221753359 2.30434110760689 0 0.953248679637909 20.1546443998814 0 0 7.69554358720779 0.433970212936401
77.9919321835041 2303.94820478559 13246.9781907499 1.82820692658424 0.850160241127014 16.030439555645 698.441671937704 185.154613882303 91.5208657383919 47.3257207870483 12422.0498176813 1.29495874047279 6420.32468098402 237.651277989149 2.22481742501259 96.2255959510803 12953.8308688104 7175.19677174091 14285.6917185187 1.204745054245 601.942145094275 367.237455382943 3194.71321994066 91.5791683197021 3356.84106713533 0 50750.0245277286 401.253136798739 162.794022411108 741.000153556466 2738.6359899044 2.33120274543762 17.9461672008038 1908.57924468815 28.4634173810482 1271.91147047281 1977.46793735027 4623.49076661468 573.76701515913 36.9019040167332 8.76329109072685 82.8081140220165 53.7491862177849 58.6725979149342 89.176119863987 18.8689619898796 1.56826108694077 0.580814123153687 2.50868088006973 0.286038607358932 393.92077767849 151.934339046478 0 0 0.32277175784111 7.08498287200928 0.531562924385071 2.83505076169968 1.23433089256287 31.6482712030411 0 106.21373090148 1.60849180817604 0 7.87121719121933 60.5355041921139 48.4833847284317 89.7346542477608 0 16.1612710654736 33.1766050755978 70.9023655951023 9.93278723955154 225.80701187253 776.513813108206 1238.37091732025 8.32642987370491 0 9.54852399230003 17.0341331362724 0 0.396740734577179 27.5176658630371 12.252952426672
98.1441539525986 17604.3465330899 19451.4522597492 16.7829514741898 2.05097743868828 24.2426169514656 1166.94191861153 205.566902816296 552.408816501498 116.307726681232 3159.18116945028 4.48364624381065 7563.99707522988 277.197298884392 12.9035236537457 6287.68405506015 5283.3477794826 969.461289703846 1919.4889280498 7.18994188308716 1998.75570312142 9241.53759384155 19135.7256234437 1353.79593381286 11232.6773330271 50750.0245277286 0 1841.97745242715 246.080970793962 1038.00562915206 2002.96627438068 2.90082597732544 52.9365536570549 1493.67045119405 175.835072368383 5297.7945612967 2841.85730612278 6947.34809723496 1719.83076837659 357.881813287735 25.614810526371 93.3153343498707 301.441988706589 192.362439632416 528.917791873217 71.7572269141674 14.0586534738541 9.29233050346375 3.82043024897575 8.20998138189316 1132.46055537462 1199.97215813398 1.31906163692474 0 4.24533593654633 143.402611881495 21.4466000199318 43.4722374677658 11.4246963858604 85.9393958747387 3.87830311059952 150.626995354891 29.2678323984146 1.42747575044632 391.328389763832 315.665136992931 73.3235905766487 171.277860403061 0 208.981629878283 722.971947610378 1804.65015661716 131.764813959599 422.018695354462 1318.8003026545 4980.44742822647 149.996737957001 18.0401358604431 125.139029473066 17.9109891057014 0 2.69359087944031 76.3974991440773 67.4635836184025
503.989406526089 143.302841454744 1142.73525831103 14414.3503282666 18.2142416536808 926.025343298912 23337.5877375603 1408.00740653276 2472.87775146961 11810.7526052296 29.540318518877 1345.99990901351 16.894817262888 1306.16326153278 100.224115639925 2978.88995301723 260.397120088339 12.0524764358997 35.0837537497282 5062.94624331594 16956.1126155257 1786.48460525274 8233.15293648839 31849.8358828425 19.8576037585735 401.253136798739 1841.97745242715 0 1343.02369064093 13983.3861489892 1.95228683948517 23.7958796620369 353.657689929008 1021.77758204937 131.715972006321 2991.8829177618 296.63958799839 2188.09243661165 367.072013825178 307.710792332888 89.9464037716389 1.60470360517502 192.511545985937 8.82447785139084 77.1416371166706 8.45099821686745 71.6082482933998 15.7914942502975 0 47.5587548315525 7.96022474765778 27.4987072646618 273.836136609316 2.91600772738457 76.341694355011 982.331402242184 114.895861417055 328.623445630074 220.894010156393 0 100.500342309475 0.954446077346802 149.891897529364 30.1479220688343 175.734282523394 8.13586607575417 0 0.998196452856064 39.0833796858788 189.563817352057 130.349029451609 152.467406123877 1891.29627197981 2.6967239677906 11.876573741436 127.215708702803 1324.88042896986 89.2487297356129 158.275305390358 0.469903320074081 1.78965365886688 21.8195300400257 53.3271793425083 35.3886891007423
15495.5197541714 30.6590093672276 178.095853418112 106.922679841518 357.937966704369 717.826696038246 3255.85518869758 1850.31756940484 156.82917830348 830.765123724937 215.387031286955 113.906229615211 37.4587309062481 11197.4924281836 57.3040654957294 109.578900873661 283.542567282915 15.8965490162373 50.3853359222412 97.4199646711349 667.490483939648 190.271131306887 759.703316122293 634.930037289858 6.74470615386963 162.794022411108 246.080970793962 1343.02369064093 0 5126.95600107312 0.587623924016953 3416.16644537449 10333.243270874 5175.6932759881 117.319525450468 2418.2838305831 185.75358709693 4212.08228617907 238.212790369987 704.598328918219 940.596477121115 8.31942975521088 15.0716556608677 0.563606739044189 5.93922081589699 6.83121058344841 4.01828709244728 0.736587643623352 0 1.7289123237133 8.09794002771378 3.52739381790161 7.36810928583145 0 4.4388333261013 54.7208228111267 7.03645673394203 21.8986011147499 9.68844327330589 0 1.92315068840981 0 4.42714631557465 1.23843950033188 18.0500997900963 0.543918251991272 0 0 0.718919217586517 12.5343585312366 12.0699385404587 18.3993413150311 121.442709356546 0 2.69428503513336 26.6463673710823 84.4666654169559 9.03620061278343 10.0847970843315 0 0 0 6.97962349653244 25.6207059621811
3038.84796246886 98.239718824625 1233.03996768594 19.4572837352753 11.7981223165989 69.949431091547 14500.6105468273 1121.99110037088 206.125960916281 215.597577929497 114.812563180923 7.39060673117638 17.9904836863279 2793.49193125963 4.27365511655807 468.669216185808 1786.2562019527 45.4747377932072 203.321186304092 8.40148454904556 19951.6035870016 512.739128738642 10445.4187610447 799.636685758829 15.2329215109348 741.000153556466 1038.00562915206 13983.3861489892 5126.95600107312 0 3.05091315507889 24.5723230838776 697.821756482124 4701.45318970084 152.383780747652 3449.54998201132 557.661277353764 5164.28709486127 640.69082814455 223.045566260815 95.7304120957851 2.98393338918686 30.879960000515 2.17812347412109 29.4825846552849 8.1060263812542 2.99392879009247 0.482165634632111 1.48391246795654 3.26653981208801 24.1067734360695 21.6708377897739 1.33320450782776 0 2.84401801228523 80.7624973058701 9.70219534635544 25.5957353711128 6.25651788711548 0 2.82368803024292 1.11357343196869 12.6297581493855 0 33.3463927507401 6.47809216380119 0 0.818024456501007 0.596228957176208 43.1658134758472 50.6399328112602 66.6118033826351 185.354368567467 0.522178292274475 15.16059461236 83.7062779963017 168.904758751392 16.961343228817 19.1768184900284 0 0 1.85104298591614 7.40142965316772 38.4254167377949
1.41277641057968 40.8213425278664 11.789050757885 0 0 0.416609913110733 1.33302742242813 0.352928996086121 2.90934959053993 0.341219514608383 2806.19792592525 0 2831.62869521976 4.25962892174721 0.237811535596848 0 20.601715028286 149.221700757742 61.272487282753 0 1.07102870941162 7.82723706960678 15.7422406971455 1.08536747097969 265.373555600643 2738.6359899044 2002.96627438068 1.95228683948517 0.587623924016953 3.05091315507889 0 0 0 41.7711787819862 0 11.7688620686531 68.2910294234753 82.3727889060974 3.62542808055878 0 0 15.807087957859 0 0 0.942665815353394 0 0 0 0 0 2.6905554831028 0 0 0 0 0 0 0 0 1.23662036657333 0 8.35382080078125 0 0 0.446865290403366 0.881181001663208 1.68827214837074 1.10023114085197 0 0 0.406934291124344 0 0 21.6268267035484 21.0900621116161 9.32163292169571 0 0 0 0.945904821157455 0 0 0 0
44.2813928127289 1.24167269468307 3.89229688048363 5.74006792902946 2730.23626053333 2811.28723177314 59.200454056263 1903.64695364237 10.5050966739655 46.9981169402599 40.9196669757366 28.2865894436836 10.9741745591164 1676.66692140698 441.97189438343 0.4461669921875 1.4898584485054 2.2961083650589 0.933909058570862 7.3530530333519 5.12295204401016 3.24300083518028 7.72485560178757 7.24241679906845 1.80310422182083 2.33120274543762 2.90082597732544 23.7958796620369 3416.16644537449 24.5723230838776 0 0 10.5491573512554 2702.788975209 7.82168507575989 108.436800301075 17.8681633174419 596.442439436913 14.4597945809364 468.50204128027 2760.41604879498 2.59515345096588 0 0 0.479347169399261 0 0 0 0 0 0 0 1.29011273384094 0 0 0.381989717483521 0 0.610803544521332 0 0 0 0 0 0 0 0 0 0 0 0 0 0 3.98358029127121 0 0 0 0.7623370885849 0 0 0 0 0 0 0
686.058575600386 1.71733814477921 27.8768940269947 12.8875495195389 1.24954718351364 15.7266553044319 346.999620556831 55.107360035181 38.8898772895336 63.876059949398 3.56661254167557 3.78793939948082 4.45986413955688 216.702463030815 0.371204733848572 37.2750208675861 39.8546260297298 1.75187465548515 5.63539841771126 6.27046251296997 180.863232553005 55.1135566234589 172.285742253065 188.594793647528 0.904059648513794 17.9461672008038 52.9365536570549 353.657689929008 10333.243270874 697.821756482124 0 10.5491573512554 0 867.594112128019 46.3451589345932 798.915683418512 31.7935737371445 812.308408290148 101.344159424305 40.0163409411907 34.1307036876678 0 5.56085634231567 0 2.15601736307144 0 0 0 0 0.56305855512619 2.21755355596542 0 0.767633259296417 0 0.892007946968079 17.6136817634106 0.523715853691101 2.59683662652969 2.73418194055557 0 0 0 3.37765210866928 0 5.44121646881104 0 0 0 0 1.30809438228607 0.959969460964203 3.59414505958557 21.4363342523575 0 0.433812439441681 4.96933227777481 18.7152734696865 1.19912621378899 5.01431047916412 0 0 0 1.18018317222595 2.41964876651764
