0 120.375429264353 105.708350664561 88.7007725938157 77.2739049661128 69.6887021439923 35.9900180816212 51.8732787639493 81.0615634827487 83.4746975702877 106.986526183897 91.4713278692934 83.5064013615281 19.9085518200557 88.45379386539 92.3763448107606 105.792102811533 132.518292007997 118.259921451467 71.2603534131166 85.5962727145575 81.3910106327649 94.7958231592578 80.054205134431 118.993179321289 121.213593046155 119.725527486055 80.6786621189211 19.173595147471 39.9495959293439 151.410277823864 80.0453269818521 33.579671316271 50.28274615879 119.337948122319 69.9091626626669 83.0312197149969 62.4407102239216 75.0782473618858 63.2289726488947 63.3790609387541 87.5304412841797 144.717993358388 180.22938124628 243.917922973633 137.612869262695 176.61380375417 0 0 0 122.19405748062 180.768419330661 151.778229864001 0 165.313003540039 153.667093928455 194.404084422936 140.447537626812 177.949988467911 0 151.025339442685 0 181.555495585407 121.630363464355 137.396110331464 192.625629397749 0 0 0 149.65580259864 139.24292362836 157.796004214907 136.00376498802 0 191.38417785199 156.564486175576 146.03963000623 143.411753398498 152.054091381899 0 0 0 192.477294921875 140.972268591058
120.375429264353 0 42.6066893575842 0 106.361526489258 144.229128371009 114.101239285858 140.437666739192 63.9213787474731 134.981363926842 55.6708608959707 92.4712253529481 39.7836122379161 137.067262786057 94.4643933125563 60.5566906281401 56.8250061178277 69.4499702385603 58.6991952367764 100.83039855957 87.0371987689536 27.3607457341567 69.3457042454754 78.0412251405244 20.7769330146822 45.9049880292231 24.8218993501853 98.8306811438565 118.079095903931 101.599188214843 61.3043568323356 111.714902103213 111.792176264405 59.3272454375736 150.611341829577 71.4530155089316 46.3571514706169 56.6544892100566 60.4911343135946 80.9716312905396 92.2128447183009 38.2757157959266 85.8812158914141 58.5175549885505 73.9902718073123 73.5391621264326 0 0 113.635463019545 117.128776550293 20.888384046106 68.3504684172824 156.759658813477 0 160.495364154016 132.010355404616 191.80568917813 73.2662950784589 158.196182250977 71.2629543065417 97.4167098999023 60.5627507230798 166.12365295519 0 99.29375696533 71.1487158229866 72.2423533349964 68.2250787663378 0 118.737406718378 38.6961580826541 91.728352120641 138.657591607938 31.1630224131389 60.9099805366913 55.1232417598118 122.767343775594 158.464766626688 115.91496126358 77.6981622036056 0 0 70.8275349504267 156.075493632259
105.708350664561 42.6066893575842 0 134.53731399428 174.407369672442 124.133838675677 95.1150135986287 118.414609442478 94.6932063887553 117.509549549558 75.11489708647 158.517652913276 85.3567574865274 114.56807486162 129.900874090356 76.3936679625168 35.4502427173864 77.4221891666259 57.12856552794 131.085997080082 59.8059698021757 48.5062653113537 34.3529315762854 95.8547732729891 72.1840109942858 31.2484245681979 37.353654597547 82.9246738425619 111.619834177684 78.0312510478892 89.1451290984979 143.375897775696 90.6835447243058 61.4906175852066 135.553056889887 68.23628535297 44.8038551905935 51.7643703566034 57.9928697867016 74.3257692910012 100.082073313531 80.0329029124938 111.084055584898 90.4907542455343 97.5105360053268 105.216433562696 158.92561340332 118.318222045898 0 154.694458007812 56.672121313861 88.2800983265716 181.580612182617 0 210.239349621628 148.760367949496 159.770178976211 113.062048633608 173.297026052136 129.936565056872 204.599349975586 111.144115411347 172.602447965606 125.833648681641 100.570329074862 100.011287063364 135.609429410124 122.220347361779 0 123.978509909672 63.7782485059136 103.186835604262 135.239108381883 87.9222003559998 104.734703618052 84.3789224119636 143.716942909626 147.806522746861 139.979311571942 156.896575927734 0 0 104.964031796474 136.047650554703
88.7007725938157 0 134.53731399428 0 149.643019923324 55.8010435150406 53.1076147502692 81.8502676342549 66.630171904284 22.287991598739 141.893204757921 35.1827914293688 0 93.8039864417241 72.3006326315968 89.5894885863673 148.061468521393 0 0 13.1592353575951 110.994453043355 86.4169129719695 120.399850978398 31.7387705707255 0 161.233707559371 135.197927015382 19.4877740229833 103.782346806896 105.85425723656 0 123.283575786941 92.6951247221254 95.2178470851502 153.258446307548 94.793787732314 116.031226997301 97.6539819165925 97.1015038738488 79.8099602117788 106.369241163971 0 92.2017910445509 0 199.21463103677 0 120.692774368202 0 0 78.9193878173828 0 0 24.9299513209505 0 131.104043556557 137.818827181066 168.346664705957 100.76438350704 32.3502588321857 0 90.1889724314167 0 174.76359015397 127.664122087689 0 197.96028137207 0 0 40.6162890395323 162.272649104478 147.916432543099 185.443771362305 128.278767482669 0 245.378005981445 222.951873779297 150.427359175939 184.941138273173 184.631277194914 0 0 0 192.539427768883 192.861818588835
77.2739049661128 106.361526489258 174.407369672442 149.643019923324 0 12.8386817897963 108.372617914732 32.6794334236335 46.2785158012102 103.296817464032 67.2453914272657 51.3589520378224 53.4006788163851 49.1676709512062 17.3566609712004 132.057286066902 109.584355039841 0 155.512496948242 95.1889857452842 123.501258850098 77.2271966843016 139.236611852682 85.6019361567781 144.936904907227 98.5026931762695 188.002165707125 121.61740777405 37.1581742569781 107.915687715611 0 13.6965883699655 53.6688986900255 15.3536725093725 111.629562225827 71.1517212440958 57.9059035401775 37.2375659953553 62.8730440769126 10.1326468302535 10.4389710245101 0 0 0 0 0 0 0 0 0 0 0 0 0 0 0 0 0 0 0 0 0 0 0 0 0 0 0 0 0 0 0 0 0 0 0 0 0 0 0 0 0 0 104.60848236084
69.6887021439923 144.229128371009 124.133838675677 55.8010435150406 12.8386817897963 0 50.804004935371 26.1555088459662 68.269323901465 33.4346822758069 83.9611910597723 27.5372685731378 59.7538527281213 41.635806587061 18.9999670550343 119.395453580951 134.072422570936 177.947365055125 137.21400232361 33.5781917807151 110.767013827409 108.194375488458 125.817317934737 73.7129105538614 0 151.995204194353 149.302400453223 63.9256163577722 49.2619170573166 88.7471127142137 177.620986938477 17.9869196371679 90.3310776211404 35.6281308076652 128.572409882236 89.0554128625358 112.968414892614 58.9349320271277 63.4222095575672 18.1661694121522 17.6755950156225 95.440461986292 105.819634038505 182.044356466003 195.283733611257 227.767349243164 110.656187626441 186.732070922852 0 0 148.080932617188 213.082977294922 160.221090121126 241.00749206543 163.714043997484 155.42396639067 187.057260303316 107.030244020206 163.843979818692 0 92.9164620654773 0 176.857050494453 109.554107666016 168.521347045898 0 0 0 176.917052415605 160.049248291178 167.779040786107 214.309768493722 135.320927312957 0 0 199.631792509143 159.296419259955 184.722347244585 168.842823617997 0 0 233.446762084961 179.30940246582 137.414498747544
35.9900180816212 114.101239285858 95.1150135986287 53.1076147502692 108.372617914732 50.804004935371 0 51.7207650260033 58.9558321169269 30.4548988875475 127.295721322949 45.1229186653929 123.782396796217 45.0817412335615 77.4465456117469 83.2545340910777 103.105381683195 137.284227065083 118.629761719397 34.9072063152141 72.9786762329719 78.0484334657843 85.7291578607317 53.3394086151528 140.91045177179 119.011857274492 109.834584946442 40.0290267410085 58.4448531568606 34.7975697001716 160.894426503591 112.820083599503 64.508327947528 70.0572731946835 136.322826444379 82.0207451341864 86.3739907736422 80.3429910492037 88.8207859996628 78.4132537758756 83.2736037070622 105.927367265655 123.033545093661 140.933853637256 153.758888852952 148.355486386816 127.796168984843 155.027136530403 188.194259643555 148.080236243255 129.373003141417 166.238331501489 141.098803869193 0 148.670111413356 132.703746493247 160.617074703006 85.0029460410592 142.757260924703 0 117.461903837091 166.424179077148 160.620083810359 124.496156300846 134.850673299178 164.967675154445 0 237.960876464844 145.476502493805 145.878239410346 117.168739941252 161.649521710907 115.738944416756 156.908157348633 176.800881926011 152.675441149786 131.757031627923 162.696065224795 151.735376479616 0 213.50862121582 142.492888872839 149.538545424046 172.652301455513
51.8732787639493 140.437666739192 118.414609442478 81.8502676342549 32.6794334236335 26.1555088459662 51.7207650260033 0 81.3183622120548 47.6259645529012 87.3740736426598 59.7201475031008 74.5431991782489 19.8918015736316 41.3078457492617 110.852163895292 129.246764447139 136.432699046289 141.516568224655 68.0351850678925 103.810424300527 100.287706849876 112.05384252549 81.8191708039389 165.85046018055 141.86891282517 135.838664856042 84.9145836355298 47.488254443049 74.3407329682692 173.702865600586 25.0155565091257 78.7499611212324 48.9156992191028 133.142269748339 89.3372250231205 97.3251212009694 67.21504908191 92.9997977647875 39.0695236630444 36.4521138962208 66.3863814006821 144.599466599449 212.520446777344 164.593324059213 105.360587267872 122.72411889611 179.763778686523 0 177.997542480937 148.073278893436 174.813830724966 159.379786444866 0 174.112727791203 153.682578919002 168.206499195005 99.8121928584827 159.407968095349 0 153.314710321493 0 174.320742680348 151.460359863563 166.606826036863 160.803192138672 0 0 155.941389720153 155.274829007256 141.401019360834 172.315354100804 137.125224919333 0 180.812334190118 169.101061223915 155.966141237457 191.988818093765 170.954994553004 0 0 177.202714514139 173.828950103808 154.192388604976
81.0615634827487 63.9213787474731 94.6932063887553 66.630171904284 46.2785158012102 68.269323901465 58.9558321169269 81.3183622120548 0 76.9176623307766 117.222692157903 20.3819322929778 106.35291461652 85.7663368101769 19.5342658462325 53.7151481012354 115.195630783432 154.916479435089 127.986895833636 56.22094659247 79.7935444074381 26.7063557708545 88.6973925287503 24.0241317646176 91.9981913105938 111.728309107413 83.4816577475601 54.6077516649961 86.2635985917757 67.1675023926921 129.092974964914 78.0791667024411 68.4535538733777 82.2211291854251 141.281320684147 62.0448106119958 99.1942511818943 86.934295577065 80.8298842432793 13.4361315566756 84.849755353533 107.586111414888 68.5656417248633 111.892735590669 115.687671872731 115.494888947623 52.2840918907578 130.244537353516 134.6611328125 109.080952736374 77.9475221344366 136.871328308555 91.6958296703135 111.181818533869 99.8248820224745 90.7461440621683 115.787017647564 27.9375616529143 98.101091355243 162.201826167759 45.3091867228711 142.295837374413 123.60850211903 57.5398121153527 100.2131856461 103.699333190918 169.39714050293 158.44255065918 85.1112498089796 98.5589448673026 52.2599942146786 116.930854467953 60.1554347276275 105.866272503947 138.828276941725 125.053480835708 88.1985551565313 119.215873671953 105.243042247605 0 0 111.288209148469 106.589720304001 177.48668969423
83.4746975702877 134.981363926842 117.509549549558 22.287991598739 103.296817464032 33.4346822758069 30.4548988875475 47.6259645529012 76.9176623307766 0 145.570242005908 19.886559794388 117.924447851171 67.6651914975901 72.1839930303691 106.327787380994 135.774729951626 157.397949570322 141.727534916799 18.3981713951062 103.294271128959 99.9035360753611 110.322790128065 60.7410320020312 164.856567709221 146.752401891837 130.423786995293 40.2865184594389 98.631366715373 86.5287006930001 191.106414794922 121.64322186973 89.3444095262353 95.7481252517172 154.862687909011 100.463068414923 119.970773134091 97.4957647612718 102.183718315008 80.0346488819431 100.18434011514 143.24299621582 118.547341420666 0 167.356310714897 164.564636649375 129.53827331335 199.564104663423 0 165.691805390311 153.664642333984 205.803995283491 55.1924755419286 0 169.528495904681 150.434885425774 177.965628437947 109.194392514772 36.9008536828894 0 72.8759729246675 0 180.533049383633 130.669261566474 143.010300209521 217.393249511719 0 0 127.351010543953 155.316498661464 148.695986935815 179.184939298727 132.551564659911 0 204.169293568781 199.577571399035 153.684195797432 197.351757678172 168.981625102937 0 0 165.651264952733 196.81797175872 161.095146861683
106.986526183897 55.6708608959707 75.11489708647 141.893204757921 67.2453914272657 83.9611910597723 127.295721322949 87.3740736426598 117.222692157903 145.570242005908 0 111.386330967255 19.5350284360807 82.2055815063338 101.852221153951 115.470634316024 54.7422460899704 23.1281252577018 26.9134164474659 127.376662278029 93.8934592168748 89.1207993336534 80.7875252360408 136.583878609893 29.1642478100087 29.4050784168252 45.4102508876371 106.10747225154 71.6519212811126 104.481657923982 19.1776635013787 63.4806624262779 80.0171767209335 22.0953829219826 126.084044698273 70.4360618554052 21.8105863649228 25.277008896809 49.8349820734866 63.0579721716306 46.5030154968324 16.4503452225601 133.561164042847 82.794570119438 142.313477494097 0 0 0 95.4341187312275 0 79.6350554405214 116.793348653969 0 0 0 219.592346109207 0 0 0 90.5078774475372 223.011474609375 75.2122022355721 0 0 0 159.222687334115 99.682134545355 110.622577376065 0 0 106.74144001356 151.803620099046 186.462984159798 54.0639246965554 99.2033794716065 97.9816536734742 0 0 0 95.514048679787 0 0 116.86971299024 144.760269476329
91.4713278692934 92.4712253529481 158.517652913276 35.1827914293688 51.3589520378224 27.5372685731378 45.1229186653929 59.7201475031008 20.3819322929778 19.886559794388 111.386330967255 0 126.134559661277 81.5691974013869 17.2581549784555 108.824481139005 192.884030078397 173.748809814453 0 12.0078137852231 101.109463617902 66.1722572002101 143.83254827871 50.469011507661 113.263315421372 166.980783069033 134.892282622402 46.7502162132632 101.67900284965 125.54902060805 0 98.7498086278726 115.949708077521 94.2879629616564 169.99606180173 64.4588072003287 138.917867644113 92.4132276010212 91.4075342288367 19.4780761912837 94.5521226659637 0 63.0135098015826 0 110.847221374512 0 73.8709126250453 0 0 153.485366821289 0 0 76.6240983801251 0 148.314495271765 116.168288843245 176.519369020481 72.2404921792902 167.242652693545 0 21.3633854117042 0 175.049954875774 93.5797785862932 0 0 0 0 100.14905512224 173.986633300781 0 0 100.467016104705 0 0 161.302300308018 131.561070523368 138.881417209624 153.311439279672 0 0 0 0 175.755920410156
83.5064013615281 39.7836122379161 85.3567574865274 0 53.4006788163851 59.7538527281213 123.782396796217 74.5431991782489 106.35291461652 117.924447851171 19.5350284360807 126.134559661277 0 79.3802151221209 124.849685668945 106.645415703067 77.6361796947804 45.3259481149422 53.5699837880184 113.018595058849 105.148690644766 73.7264859474729 103.402899015862 122.793294018546 16.057577893527 22.8288216220913 21.6984081006936 116.181766982793 79.5673392861032 115.970735744408 11.4324989183207 59.0997714247447 64.4966584269345 20.4839835612315 71.9455355416595 28.2823080661882 15.7179770481805 21.2202676107032 18.3474346130658 45.2444970525207 16.6122313906414 8.04934926581848 65.9846954362412 75.0760802838536 98.4379227313608 84.7615007879322 0 46.4214501850765 79.6935348510742 0 54.3971446243346 104.876567725887 0 0 0 0 0 0 183.920127965172 74.4891317438357 136.201705932617 60.8384865115882 0 0 0 131.91537199913 88.8022306144159 99.9221593802022 0 150.467391967773 82.7469097638722 155.247574023328 141.137489293116 43.075824003452 91.422292075238 80.9342926882196 218.644424438477 0 0 85.2675963602248 0 0 74.5208287194136 85.9101218146748
19.9085518200557 137.067262786057 114.56807486162 93.8039864417241 49.1676709512062 41.635806587061 45.0817412335615 19.8918015736316 85.7663368101769 67.6651914975901 82.2055815063338 81.5691974013869 79.3802151221209 0 46.2149692182082 101.480481804152 119.784616336476 119.302830796263 134.862758092081 84.0858274377613 97.8811413063016 98.4698185220614 107.976918638505 89.5173544487671 155.570445917075 132.725782109366 133.697340667282 88.2203087469636 29.8786649428581 62.6394933863341 148.34455179477 33.1730535507848 51.6182290230505 46.8908263928602 131.5310590116 75.0613695268635 92.5596037545314 60.1012292298253 75.3122208262041 41.6806544403565 44.1167482977758 85.9472621901415 151.600759288441 170.08625793457 164.756690827274 151.240392983408 190.036279906891 172.71272277832 0 0 151.852237660362 179.168702622463 129.392328456794 0 178.623509554376 161.409970715425 194.63800097917 103.197498421211 173.30720844874 0 157.528354782977 0 183.298970693461 158.404052734375 154.990574502921 186.12922668457 234.38759326713 221.31470574919 180.837954116218 161.40259127788 136.984735098669 191.469000934722 142.201579721776 172.424423217773 192.74478088658 171.808578794851 161.622204777328 185.27960241163 160.332977758867 0 0 178.736145019531 144.652682221114 157.446203852408
88.45379386539 94.4643933125563 129.900874090356 72.3006326315968 17.3566609712004 18.9999670550343 77.4465456117469 41.3078457492617 19.5342658462325 72.1839930303691 101.852221153951 17.2581549784555 124.849685668945 46.2149692182082 0 111.790245056152 126.201591491699 0 151.824844360352 43.6949378979199 115.568352357056 62.1553755024441 118.22642605788 44.1778076252683 122.239800108759 152.134874794377 108.104968465805 76.8869125378854 55.5749461744571 108.218390865061 186.439636230469 37.1005693832446 113.508338928223 35.8917827949578 0 38.2459147125878 124.795886291314 76.247106378192 82.686767578125 10.2970999989151 23.345854053921 0 58.8237988600499 0 125.169969288536 0 78.9838787099896 0 0 0 0 0 99.6692764984633 0 95.1990301995743 117.194073955405 147.989434632651 56.8312996217725 116.07977415705 0 88.7395823266662 0 131.470626831055 0 0 0 0 0 98.6627426147461 99.7552337646484 92.4075775146484 107.55145046286 91.3427225494416 0 0 156.066719468784 115.368078249735 128.269378831384 136.939453125 0 0 0 148.734329223633 0
92.3763448107606 60.5566906281401 76.3936679625168 89.5894885863673 132.057286066902 119.395453580951 83.2545340910777 110.852163895292 53.7151481012354 106.327787380994 115.470634316024 108.824481139005 106.645415703067 101.480481804152 111.790245056152 0 98.5544711602603 129.094971059917 120.68086483753 88.1779333896971 16.9619725886757 30.9272438200374 18.7265253344363 36.4584592021559 97.0016030253558 103.289743519213 32.6057954245058 37.9663748293958 93.5973935834325 72.3048287716782 0 150.651748657227 77.3227993640472 58.357851558493 134.373550768972 69.8305499048724 52.6180063490608 67.1319585536517 71.5618264273555 79.6608085051068 83.0385321975256 102.681995593653 105.020580890219 85.921119422064 108.012745798223 118.940426763481 126.629243466634 137.342204510878 0 130.404438244123 90.8175519684121 115.680087645473 145.547506468813 0 155.906239035714 127.573341110842 138.765305803124 91.8631854134683 144.050994489152 0 0 0 149.460867205867 132.750553994841 93.457767620763 137.632599041597 168.277862548828 137.891466107508 153.178039550781 103.515387209847 63.3684522718696 99.7124381817878 101.468485298427 107.595323347492 142.699137202174 100.238633557903 111.683407674261 139.365652507054 110.163290104305 0 0 115.482063287507 102.427462231951 157.328617266737
105.792102811533 56.8250061178277 35.4502427173864 148.061468521393 109.584355039841 134.072422570936 103.105381683195 129.246764447139 115.195630783432 135.774729951626 54.7422460899704 192.884030078397 77.6361796947804 119.784616336476 126.201591491699 98.5544711602603 0 53.2926978588822 20.405106804387 177.41921136927 54.4308856853387 76.5504184879843 30.2593792549105 124.130003870721 68.4223267693776 34.1438636904015 64.1332357224766 102.945852642951 104.983690750483 75.2271520540199 82.533129261689 138.360045769916 95.1006421586847 38.3213523791394 148.66401154168 75.7396937529007 40.338049245945 42.8432042805488 56.4420314746034 90.8168098655847 114.033314678533 76.1587752021995 130.796621017289 103.966700196324 119.060973405141 125.174536295026 151.650299072266 0 0 178.330929242698 71.9896804395917 107.75442815239 0 0 0 175.1878761346 0 154.966680298829 0 123.96291331935 0 106.193071982845 201.169862091704 0 141.558833640857 115.038993211498 136.159598451672 132.838205961788 0 151.923762209433 91.3620558849237 128.632606530874 168.550336422918 93.0624395841168 113.67210445488 104.626890002947 168.875659592105 157.528717041016 160.861687152907 0 0 0 115.665879056243 122.909806371425
132.518292007997 69.4499702385603 77.4221891666259 0 0 177.947365055125 137.284227065083 136.432699046289 154.916479435089 157.397949570322 23.1281252577018 173.748809814453 45.3259481149422 119.302830796263 0 129.094971059917 53.2926978588822 0 20.4778656921757 0 105.102214512918 102.796495029523 89.2608167496703 163.064183907947 45.8514021495039 28.1121771415595 57.593504345972 92.6212035082021 115.880505661322 113.693550941386 47.0643640221924 74.2846580677873 129.451166636998 51.4940206924433 150.272074884396 85.0448011574076 44.8148800692489 48.6749893617306 65.306035542817 88.5574234679054 0 54.4693393753229 204.684959126595 86.6260159462045 117.891810685465 0 0 0 0 0 77.655225761444 137.499206430264 0 0 0 0 0 119.273147583008 0 110.328200167443 0 78.3195483878224 0 0 0 123.693375730597 107.376340631833 114.810022454037 0 164.366027832031 131.888198852539 158.009582776346 199.367248535156 66.4824700044354 99.7308468665456 93.4628205180257 0 0 203.499954223633 0 0 0 0 147.420162538001
118.259921451467 58.6991952367764 57.12856552794 0 155.512496948242 137.21400232361 118.629761719397 141.516568224655 127.986895833636 141.727534916799 26.9134164474659 0 53.5699837880184 134.862758092081 151.824844360352 120.68086483753 20.405106804387 20.4778656921757 0 157.710266113281 78.8276531687416 92.5201587030633 61.2357723930632 131.362947485994 48.5966482262067 28.956858814475 61.0302454190528 120.371515266409 105.52403274256 96.2249691048157 60.6298467351986 88.266242980957 120.873000891393 38.9257533183832 135.128814922187 76.7689355343117 40.5231445611686 43.9026290896216 55.459439047324 98.6235427586382 81.1191479042749 50.7931561267138 147.55804598034 124.197150648228 108.58374039515 131.91322342624 0 0 0 0 73.1902275740621 125.928621888593 0 0 0 197.660626113965 0 135.661087036133 0 123.762375172777 0 88.1559552791461 0 0 176.606463657796 117.872458696741 106.007726724249 106.533803296684 0 159.025939941406 109.989873313801 138.571135696247 178.896726537795 74.1990549811234 103.009045480751 99.8531712746538 172.472862388933 0 132.275863647461 114.34562289392 0 0 109.526371014922 153.522165473711
71.2603534131166 100.83039855957 131.085997080082 13.1592353575951 95.1889857452842 33.5781917807151 34.9072063152141 68.0351850678925 56.22094659247 18.3981713951062 127.376662278029 12.0078137852231 113.018595058849 84.0858274377613 43.6949378979199 88.1779333896971 177.41921136927 0 157.710266113281 0 109.715374250252 83.5233821252761 131.661464090682 27.5190667557468 0 177.194715891133 132.497252042569 29.3938372542094 87.8566662131193 112.610064792031 0 127.330519337669 76.462453263374 87.7580588445857 128.438800250802 79.7054115935835 107.530554279964 85.4652847517321 74.721787814558 54.237136705144 82.9709528551181 106.845588684082 96.853015732704 0 165.776163191492 147.183532714844 115.345120080567 0 0 0 0 0 37.6392756662013 191.671539306641 145.430376953354 132.510410544548 161.932816517989 77.2433293290194 143.025564794891 0 43.0770737844164 0 173.411012572172 114.91713351616 130.014587402344 0 246.44889831543 0 148.503666003411 0 0 188.900140853609 119.999239850444 0 208.253524780273 165.42336904458 146.177157433963 177.883321275023 0 0 0 0 0 0
85.5962727145575 87.0371987689536 59.8059698021757 110.994453043355 123.501258850098 110.767013827409 72.9786762329719 103.810424300527 79.7935444074381 103.294271128959 93.8934592168748 101.109463617902 105.148690644766 97.8811413063016 115.568352357056 16.9619725886757 54.4308856853387 105.102214512918 78.8276531687416 109.715374250252 0 54.347388181901 36.2468048795602 32.6853172157524 105.469873682441 86.9615625041589 70.9997122310843 29.4730252686887 82.7180877845628 36.5563170854588 123.537706426486 135.415790380747 72.4896078297789 35.0777075365723 123.517748405855 63.5296830221514 53.4429686057654 52.3539077270154 63.0633681631827 71.5896854932158 78.21885698012 117.617393893412 122.677709067195 122.782576924374 126.595748399275 128.492777879942 164.575319125954 175.419267730106 0 139.293715859063 92.8012104214922 119.39072055758 171.165440425165 0 203.651469851928 139.670641983065 164.269723816103 110.871026782221 147.483637501484 0 0 0 153.365133807964 0 102.41892546237 151.121783303141 0 171.619030982173 173.245635986328 117.2108162978 81.1549670197539 125.415069153178 110.971614963103 113.929145812988 140.33412835831 117.799093552261 121.417277277379 148.438657705503 127.961119463384 171.215347290039 0 153.092104599813 124.568722367708 146.854754837456
81.3910106327649 27.3607457341567 48.5062653113537 86.4169129719695 77.2271966843016 108.194375488458 78.0484334657843 100.287706849876 26.7063557708545 99.9035360753611 89.1207993336534 66.1722572002101 73.7264859474729 98.4698185220614 62.1553755024441 30.9272438200374 76.5504184879843 102.796495029523 92.5201587030633 83.5233821252761 54.347388181901 0 49.9567937799196 32.4695970750618 60.213890446547 78.1753511303006 29.4425944946778 59.8774699877566 81.887803391262 67.6842674499257 101.410990053842 121.510130627752 67.9877568020099 53.6220508462826 122.053204756245 62.8213999112819 47.4153666683882 58.0814938975391 59.974376108087 54.2759509460258 76.7168275487879 68.761136474423 84.2207702096916 62.2090087317763 82.2677603216849 101.720137149901 101.48308018503 150.815795898438 69.3917007446289 99.9856779256512 49.1422461516437 73.4803223650483 136.098767608435 0 132.362579609791 116.074180567527 145.322758451439 30.2391253240169 144.363180182727 164.143432617188 53.4659375587759 106.883273204852 139.988056371343 87.8704299926758 67.3528421803235 88.5267079014179 158.003175559383 150.505949055441 0 83.4844466793405 33.7704895797102 76.8669564946361 75.7544687516755 67.5990709366062 104.870293110993 66.296745248825 95.6973997445983 118.677507542281 93.6371386777005 130.929794311523 0 80.6910588155505 77.9751561498231 132.971947393377
94.7958231592578 69.3457042454754 34.3529315762854 120.399850978398 139.236611852682 125.817317934737 85.7291578607317 112.05384252549 88.6973925287503 110.322790128065 80.7875252360408 143.83254827871 103.402899015862 107.976918638505 118.22642605788 18.7265253344363 30.2593792549105 89.2608167496703 61.2357723930632 131.661464090682 36.2468048795602 49.9567937799196 0 64.0516345446689 96.4382454684817 63.9541915860697 37.5887237161311 57.4984739783387 95.9727138124677 56.5014860414222 107.901999501301 163.736383264772 82.9151541106165 44.5670621797998 125.989339476551 64.8191719052178 46.2452395982803 51.4086450714237 62.0457503073652 72.8133397818488 84.7915627833766 99.2292379398562 121.118206499459 108.460310368639 112.396936362895 122.293086114301 128.696017710209 128.772002667732 136.482574462891 143.432463165423 81.3301797623893 106.803319693643 206.57731628418 0 212.536131958325 147.920067637047 178.230915958627 101.561979503186 180.70919014085 151.843009889594 161.934049435415 132.980442916271 163.302158820555 0 101.039677212138 124.354968870297 168.164871042679 142.877889293297 164.406490871742 120.83938166796 73.1761458766758 108.710535482815 121.565558115799 114.930514133879 132.443544269675 98.9493094888499 131.935147286342 157.914583585175 130.070049603357 0 217.512681828823 180.107090731056 112.163764766595 141.281614180877
80.054205134431 78.0412251405244 95.8547732729891 31.7387705707255 85.6019361567781 73.7129105538614 53.3394086151528 81.8191708039389 24.0241317646176 60.7410320020312 136.583878609893 50.469011507661 122.793294018546 89.5173544487671 44.1778076252683 36.4584592021559 124.130003870721 163.064183907947 131.362947485994 27.5190667557468 32.6853172157524 32.4695970750618 64.0516345446689 0 112.194658873774 122.837417674579 77.1823880948325 21.5114631568567 83.917599050502 67.7770566805538 136.511113866715 129.628574063682 71.1874720626219 72.5979950978874 140.936375402921 75.6167646685297 83.2311423172403 83.7709668099766 83.6924307011953 44.7689901866467 90.8854786418369 120.224128010287 104.242122791387 122.692960986499 128.04512644447 129.745560588889 97.0787853453796 148.454117065627 0 131.036544357599 125.12468572313 140.301233427123 115.546587708435 207.804916381836 130.196250484536 112.879041059267 139.788743976576 63.1398525302787 125.650919020982 169.920791625977 78.7084644313469 154.991325624642 143.933697682009 89.5398079498001 101.841632041238 164.132957958378 0 160.081649780273 122.253330163187 111.943662827867 77.8721087166076 126.347629560477 92.4440278094178 140.416782618973 155.179094480417 125.941438018881 112.133483872345 140.224147219126 121.655424965706 0 194.80124283232 127.281437168816 118.529397568512 165.936767202001
118.993179321289 20.7769330146822 72.1840109942858 0 144.936904907227 0 140.91045177179 165.85046018055 91.9981913105938 164.856567709221 29.1642478100087 113.263315421372 16.057577893527 155.570445917075 122.239800108759 97.0016030253558 68.4223267693776 45.8514021495039 48.5966482262067 0 105.469873682441 60.213890446547 96.4382454684817 112.194658873774 0 40.1462298991783 25.1417558926669 120.169942013361 140.836603573119 123.317306183831 43.3465219064311 95.9738728249286 142.819733222001 47.2612945428159 0 85.7434576963952 16.2727899441008 50.3242149346288 64.6568583440537 108.889243297351 36.3136405944824 10.440051913801 100.229443732381 48.0077314148886 77.4180611227224 0 103.608612060547 0 34.2455593048723 190.762435913086 36.7268658801538 90.0372586604618 0 0 0 146.945043505611 0 116.681382502596 0 56.0748677697735 99.5166854858398 38.0601633481726 179.975463867188 0 115.957869174839 84.65878712758 64.8553714572007 70.246968395266 0 175.100512047841 61.364821321841 124.528011216467 157.207009889619 20.7217128725063 60.1801627495357 53.4023408548255 135.004310591067 0 116.208862304688 66.7789231270493 0 0 75.8973107661332 188.045227050781
121.213593046155 45.9049880292231 31.2484245681979 161.233707559371 98.5026931762695 151.995204194353 119.011857274492 141.86891282517 111.728309107413 146.752401891837 29.4050784168252 166.980783069033 22.8288216220913 132.725782109366 152.134874794377 103.289743519213 34.1438636904015 28.1121771415595 28.956858814475 177.194715891133 86.9615625041589 78.1753511303006 63.9541915860697 122.837417674579 40.1462298991783 0 27.0821194060776 89.0763533392106 125.461587285014 100.671005153943 22.5717653928028 105.016926040153 117.411842454597 52.7943678646338 156.389709200086 81.6920975254245 45.6922112279002 54.1879304382416 62.5706374987803 101.81980127101 127.607891936008 59.9250893837479 128.474153026852 98.2804035369328 109.504668446129 122.322477845791 184.644237827554 235.424621582031 77.466220049318 216.226501464844 58.3708045004287 103.799522420046 0 0 177.823928833008 186.576943980023 193.015625 129.43205611381 193.168979158292 99.5558586499103 0 82.337113902973 202.61383281986 0 140.813914292867 111.07025206142 103.135268987496 104.444412659704 0 152.469227414198 99.4491819866137 128.930738401026 170.931240991973 61.3634703807272 96.1508771558139 89.7960169390018 140.867379104372 0 152.250520662676 106.85488595502 0 206.592697143555 103.074439174387 137.850277413315
119.725527486055 24.8218993501853 37.353654597547 135.197927015382 188.002165707125 149.302400453223 109.834584946442 135.838664856042 83.4816577475601 130.423786995293 45.4102508876371 134.892282622402 21.6984081006936 133.697340667282 108.104968465805 32.6057954245058 64.1332357224766 57.593504345972 61.0302454190528 132.497252042569 70.9997122310843 29.4425944946778 37.5887237161311 77.1823880948325 25.1417558926669 27.0821194060776 0 82.0080944283885 120.491993766291 98.581433784592 19.8412882546381 175.785694326303 107.10495461479 63.1338413092008 134.834965117497 74.1747204459277 52.8939407819268 61.7363356544149 66.5192615597051 82.2101542744506 92.1071270519037 53.5199838663413 113.492484567598 88.2281160720608 95.9153801183338 107.685325865235 139.76374633762 124.736517591762 71.9454737959355 151.494457355719 52.6071403750068 89.8990836181933 157.224752518201 0 166.981829736936 145.142183074009 170.92139668794 105.99640739126 160.973035274408 95.4219858687458 131.068096833663 78.3754465758828 164.840060889772 144.043349283634 94.3992505274506 101.79962561183 97.858027276354 101.098196714341 0 121.618818310177 60.2186689962688 99.4310479381495 119.438332113352 54.6551173958769 90.9060488637882 82.116727547027 138.560232542751 167.500624355998 132.142196764268 106.648405443839 0 157.949702210801 102.755649893255 146.291662885685
80.6786621189211 98.8306811438565 82.9246738425619 19.4877740229833 121.61740777405 63.9256163577722 40.0290267410085 84.9145836355298 54.6077516649961 40.2865184594389 106.10747225154 46.7502162132632 116.181766982793 88.2203087469636 76.8869125378854 37.9663748293958 102.945852642951 92.6212035082021 120.371515266409 29.3938372542094 29.4730252686887 59.8774699877566 57.4984739783387 21.5114631568567 120.169942013361 89.0763533392106 82.0080944283885 0 85.2516089957513 39.6113428624035 144.854268346156 131.881662513132 73.6101640631311 67.6264836009751 137.91647609708 77.2752085189546 80.9747206799396 78.7540069037993 83.685829892885 83.7224799299522 93.4153214326086 108.299830461673 119.165749705592 137.097800899447 139.147818791943 156.28235221909 112.455575218669 171.688905539337 0 139.478577115475 118.100072280163 149.365323885431 68.7148182483892 130.638570625011 145.718783381073 126.891932923557 155.62181934578 85.3666831611165 142.878065725301 0 119.485293687156 201.951873779297 152.105927161068 120.629214522502 112.049263859355 166.255595594255 0 177.288869532291 142.694410413963 121.038736205599 88.9067346454521 134.10740778086 107.705161985007 132.955016833456 167.247279697155 133.645692657226 123.745375234329 150.634818566662 133.242206914596 164.083770751953 161.736328125 130.803588974539 128.166672591351 154.761790075811
19.173595147471 118.079095903931 111.619834177684 103.782346806896 37.1581742569781 49.2619170573166 58.4448531568606 47.488254443049 86.2635985917757 98.631366715373 71.6519212811126 101.67900284965 79.5673392861032 29.8786649428581 55.5749461744571 93.5973935834325 104.983690750483 115.880505661322 105.52403274256 87.8566662131193 82.7180877845628 81.887803391262 95.9727138124677 83.917599050502 140.836603573119 125.461587285014 120.491993766291 85.2516089957513 0 41.9162018538313 168.694779617872 22.5489373919219 17.772197159767 32.6641368467919 110.538335217867 62.8341451019679 82.7216189626574 46.2169940974793 59.4550996851522 43.6770329180628 35.0513577307841 71.84987658107 155.416280146359 139.341064453125 183.029067888934 159.632001558634 191.750434020442 96.9061889648438 0 191.059140952594 146.397125016385 185.662803624925 145.894388344907 0 181.416206364687 157.832745647663 178.804869775764 111.012977336354 173.530899498082 0 165.482761412502 0 179.579536611742 151.965060672096 142.371208639925 170.684707641602 0 0 193.914093017578 148.31134944197 125.642797967835 164.123718573213 138.816818605315 0 194.64298697552 152.351266603858 148.831077431835 156.677317957315 146.917233063742 0 0 0 180.107208437427 127.108143516994
39.9495959293439 101.599188214843 78.0312510478892 105.85425723656 107.915687715611 88.7471127142137 34.7975697001716 74.3407329682692 67.1675023926921 86.5287006930001 104.481657923982 125.54902060805 115.970735744408 62.6394933863341 108.218390865061 72.3048287716782 75.2271520540199 113.693550941386 96.2249691048157 112.610064792031 36.5563170854588 67.6842674499257 56.5014860414222 67.7770566805538 123.317306183831 100.671005153943 98.581433784592 39.6113428624035 41.9162018538313 0 136.892144543701 111.100565572497 47.7077319577888 34.8552098193357 120.64855068859 62.935470589264 67.4696911949627 56.6214919091375 65.2698834407727 71.484827013156 75.5257676530697 110.484419913905 142.645701736732 182.777557736238 147.23984959791 129.771028372944 148.548502622466 120.738319396973 128.143753051758 140.701329623159 123.508493945476 139.964037967794 145.75326890955 0 170.069725232747 141.081853483297 158.906052275262 94.9853759270342 144.515459346945 0 95.2566616391225 121.786224365234 165.912100143688 0 115.473291580315 155.043346301721 0 182.193743027943 173.387634277344 126.138819069884 91.3312532870267 146.921311932909 118.597437926718 131.303421020508 161.885228462741 140.13849022092 129.052078648554 144.110791343626 138.575415624941 0 0 110.271141052246 141.925638160092 139.358486337417
151.410277823864 61.3043568323356 89.1451290984979 0 0 177.620986938477 160.894426503591 173.702865600586 129.092974964914 191.106414794922 19.1776635013787 0 11.4324989183207 148.34455179477 186.439636230469 0 82.533129261689 47.0643640221924 60.6298467351986 0 123.537706426486 101.410990053842 107.901999501301 136.511113866715 43.3465219064311 22.5717653928028 19.8412882546381 144.854268346156 168.694779617872 136.892144543701 0 0 0 65.495284209171 0 97.7788553084185 51.3996540991794 62.4622266394379 78.9907579705823 0 0 56.0387190751846 0 0 166.758056640625 0 0 0 0 0 91.1230850511234 0 0 0 0 0 0 0 0 116.747516584463 0 81.1775507527366 0 0 131.524719238281 132.499293592367 103.703178708002 102.615576892478 0 0 127.377601623535 0 0 61.0019314695038 101.587953792406 100.455920061805 0 0 0 109.862852075717 0 0 0 0
80.0453269818521 111.714902103213 143.375897775696 123.283575786941 13.6965883699655 17.9869196371679 112.820083599503 25.0155565091257 78.0791667024411 121.64322186973 63.4806624262779 98.7498086278726 59.0997714247447 33.1730535507848 37.1005693832446 150.651748657227 138.360045769916 74.2846580677873 88.266242980957 127.330519337669 135.415790380747 121.510130627752 163.736383264772 129.628574063682 95.9738728249286 105.016926040153 175.785694326303 131.881662513132 22.5489373919219 111.100565572497 0 0 66.8792094924059 20.2966524740335 118.598519503275 78.4786477819203 68.489941659324 39.2450006520838 54.1531488166297 35.7430565432963 19.2013365438815 62.5031958232232 0 0 129.28337097168 0 0 0 0 0 0 0 199.67903137207 0 0 207.676177978516 0 169.89387512207 0 0 0 0 0 0 0 0 0 0 0 0 0 0 182.383768771901 0 0 0 143.833053588867 0 0 0 0 0 0 0
33.579671316271 111.792176264405 90.6835447243058 92.6951247221254 53.6688986900255 90.3310776211404 64.508327947528 78.7499611212324 68.4535538733777 89.3444095262353 80.0171767209335 115.949708077521 64.4966584269345 51.6182290230505 113.508338928223 77.3227993640472 95.1006421586847 129.451166636998 120.873000891393 76.462453263374 72.4896078297789 67.9877568020099 82.9151541106165 71.1874720626219 142.819733222001 117.411842454597 107.10495461479 73.6101640631311 17.772197159767 47.7077319577888 0 66.8792094924059 0 22.5721314948398 96.7780370475136 42.6414798422369 69.583303942279 36.3072383838962 42.6691779606271 50.0770435131448 47.589272380162 0 125.552302631107 0 109.901882370876 0 0 0 0 227.078857421875 118.848516109885 0 205.638336181641 0 141.940185546875 143.270808657818 163.014511108398 121.838784246611 154.265591534268 0 0 0 167.022909241686 0 126.259392771766 0 0 0 0 108.78003692627 73.5490264892578 165.347392414306 115.681892556002 0 192.728134155273 139.068676483483 135.315568532201 190.303520501947 150.318665831774 0 0 0 108.808891296387 135.856607926165
