0 122.137189377834 101.540762079693 87.6530106859969 75.1349197384002 57.5428400920362 29.8742812116356 40.3444292613835 76.3166848672074 66.2679397363058 115.798774211641 88.3680926257378 0 18.8357700808673 89.1793982897526 100.583276717799 98.8134967650264 146.547380541317 125.108942676873 84.8095089755492 83.2458568980697 85.1792938656077 90.8615481702702 81.6945974749851 143.465255737305 123.569277382119 127.112020923672 83.7055651874813 20.7765927226459 35.4422737325817 0 90.5766453687246 37.58191025494 61.447861949072 117.117946650143 69.0231765793682 87.5828617394656 73.3738072383414 91.037131964235 61.6977455905596 62.3868835529 0 147.419792240205 0 162.099913654283 169.720461926462 164.061965487815 159.409110139053 0 0 129.630107796722 190.400910802471 149.23339930058 0 162.750196885648 142.779105562807 161.256697411702 96.1980985791038 163.326751739123 0 171.866119384766 0 172.01836153606 0 135.034884807933 0 0 0 133.603533889196 131.15366332598 114.061312541621 152.848484023958 124.106526444019 0 179.814092307509 162.121609420142 138.208341501323 160.876642271364 143.631098385837 0 0 134.60439451755 138.597066040487 123.35369108774
122.137189377834 0 43.5307430122749 0 173.731259914009 130.461879908229 124.612106441482 129.618946555763 73.5747237073575 149.813319047514 59.7230833970909 121.441191892532 51.4935067336133 130.071865326169 124.427535746027 69.6606981712762 51.9795687302321 69.5255580665787 57.7232479948068 140.002219763435 88.145586672833 28.3360826982004 61.3561053799248 79.5593952734776 27.3134476861627 46.6222369054665 30.1526675004771 112.071992675805 117.285336715338 105.540630305231 64.1122481232213 193.673559824741 113.244047101193 57.579852803278 146.231696101095 71.9108547809194 42.9866701376544 54.6214494121189 59.0138449886795 88.4732330415425 91.9175824483309 53.2986730543849 87.3762221851255 67.2490672357173 78.3498491095321 81.9600998214462 159.478515625 0 58.3621406555176 0 23.5238340195043 58.9827722935927 167.306945800781 0 0 148.791585353427 159.002809617081 93.3168203858334 149.933242797852 86.6712971788491 0 80.7933172029188 0 0 109.972569967081 72.829207466331 79.3798733091104 73.3861355397703 129.738265991211 129.373337414513 49.8445340556825 80.793005978326 128.833351747643 49.6498420688727 65.3028265054663 58.1835399899467 140.654050716475 151.024160428363 140.52847383094 90.3094811419571 118.963996887207 0 69.9160946973766 154.102208326168
101.540762079693 43.5307430122749 0 125.332233344578 96.0080642700195 134.349813312815 98.0949339912457 124.707665810389 101.317849085309 131.600542276082 76.8045304366582 163.584423527573 95.1683098280598 120.997451189271 142.335393210047 78.2670309589125 47.2390144859858 81.9376896221981 69.5062383900799 138.011534942113 66.7457469366916 55.8924704904284 39.1643201191716 99.6366041755297 76.93809610655 29.0584824954514 37.2590037069881 89.0050791298133 111.420538253432 83.5363612513813 90.2158535310253 156.8179685524 102.482509366852 61.816349803547 143.15773303157 74.9088229981615 46.4840192891941 58.0815471389384 62.9045014314075 80.9596937403572 86.909863846884 80.4158303476383 125.67921323129 102.1589019372 106.35845377446 115.85863966756 148.937649975982 140.275609832376 108.817695617676 171.478451368799 59.6916101328058 94.0522328324435 197.788741599897 0 190.817390502826 154.627815887885 187.936010543955 122.81381294279 187.132474585262 122.498134600481 0 117.11155536006 191.463114207199 201.011633954054 117.104961803839 103.907317660963 132.836324147196 118.054488969321 0 138.295613975761 88.210843901892 119.294210177719 145.051963616544 94.3764861630471 103.531875777878 92.0119305690079 156.377561810722 173.376632068216 151.306816197762 126.725090026855 144.72802734375 160.130999586949 111.414895080372 158.552475973914
87.6530106859969 0 125.332233344578 0 113.813070098235 75.9043462916614 50.6995839158823 101.766113576107 51.4271872651445 21.6405205306283 163.678231142713 47.8174788720844 0 107.478367786761 69.3250008718875 91.1697805801612 147.635654213734 0 0 13.9873246998024 102.488612397156 81.2907504575743 115.888954435317 25.4314781311242 160.257553100586 145.689291414921 128.281033480828 19.9551195250874 104.21579314468 87.3812055283283 0 173.755219125 90.0902867034726 104.699786995331 81.9888366025667 97.7602976400371 137.05729675293 100.615406696658 111.18673766255 68.2189241567104 110.976725161764 0 159.009488844155 0 137.562668919536 153.827774047852 93.9955705644164 187.631863371705 0 162.914378596977 145.403610229492 0 35.2652435870196 116.847747802734 125.899831621245 127.26191938643 137.582154495521 68.776456590555 120.548243047021 0 46.4584914697049 0 159.425671569827 89.3926021191457 173.023537774662 0 247.625610351562 0 55.8702483453025 152.057464599609 159.44597852706 174.035706196153 101.304138209891 0 0 189.176055908203 122.097600577928 163.50718784839 153.324624636377 0 0 186.888610839844 164.349974818955 0
75.1349197384002 173.731259914009 96.0080642700195 113.813070098235 0 22.8701672858446 117.596747324617 23.6914131298598 55.8820766373675 124.983478893598 62.1192417275232 61.3938992173285 74.2650478608348 32.2359606998394 15.4108291660493 130.745239257812 92.9801940917969 0 84.0618519031792 114.046521119968 130.088102824261 114.895434920164 164.501904828075 87.7834219761789 0 112.200654618266 114.775833129883 118.793047660037 24.6758833740348 117.678207564168 0 11.7233144753466 0 14.1657431068972 119.397813866266 66.0461026198469 70.6917960777386 35.7714156602467 51.8343374583754 13.4000331594474 9.82598744998295 48.8574830132252 0 0 0 0 106.708771530013 0 0 0 0 0 0 0 0 0 209.870010375977 0 135.466659545898 0 0 0 0 0 0 0 0 0 175.653123502511 0 0 0 149.579479499025 0 0 0 186.039073507732 0 0 0 0 0 0 0
57.5428400920362 130.461879908229 134.349813312815 75.9043462916614 22.8701672858446 0 57.349135599586 23.2855205956669 59.8978168474425 23.1653637899631 111.723930267404 27.9566985780468 65.4706907882177 51.7688423088905 24.4557690460458 126.454854480878 151.603547161398 166.6045151996 140.49098089586 57.0953276402487 118.472512355698 116.134379807647 127.419320084252 80.5791475332507 170.203434606091 155.928186631289 151.4684989477 77.254360265906 69.4046512321588 88.2583827517203 0 21.2915881976595 101.830965416739 43.2047941804805 16.8673487626945 89.5402943207463 109.184349210187 68.0460755279467 77.2418576523587 20.5826015996139 24.779238417851 69.9855506166569 166.655011119773 217.242523193359 178.595332669394 165.765550394508 107.834534072763 191.839865786581 0 158.312407148007 193.131409777295 188.997559334225 139.598912791365 0 148.678522128661 143.022957891228 163.265407598353 97.5117141496794 150.178997630232 213.43605885022 129.546328650508 240.553619384766 184.240015133663 125.416236855902 165.449737652721 0 0 0 142.05101269397 173.218423700759 127.157885286015 199.109367471685 123.266233143456 0 200.742067784351 183.656121346644 144.308096612595 180.370621648097 159.167408410781 0 0 180.747755116356 181.31678903851 199.10692768547
29.8742812116356 124.612106441482 98.0949339912457 50.6995839158823 117.596747324617 57.349135599586 0 57.0867902847891 60.0910889807919 28.1263318351621 147.569510941322 64.4747794907418 165.544703878352 42.18445006679 86.0340650344365 92.4747008533956 110.57939959382 144.576952306649 135.05494579889 41.4180064046285 73.7521992951487 81.6581049140027 84.622865476821 56.439161193599 177.092760802168 123.617614213644 111.065807442704 41.0636117193337 61.0283519771186 23.1663325586486 167.224309141909 126.168780865236 72.2914817159888 87.2737217708037 97.1112637701795 89.8249210175324 109.339905972273 90.5133989327717 98.1234181808453 85.7928630452843 91.9145092046905 147.049652099609 143.068438189824 122.392000747957 144.29420212891 149.924027332745 136.318510983877 159.302421024823 0 144.110375399109 143.617238505596 159.706026976467 133.01222996387 0 141.847675214323 124.300563001846 147.620616016568 82.5644081939655 139.487707128243 191.346157026983 126.72157790926 0 160.831084222795 115.341488370856 147.575230393095 186.449558661975 0 207.394198229226 124.277673321519 150.331594255728 122.735108675875 152.164942262681 107.519879470898 0 197.394526225472 157.997600074239 119.516297695636 150.111419684039 138.922484839777 0 180.4738403172 135.645649455387 144.667072319609 184.655637541298
40.3444292613835 129.618946555763 124.707665810389 101.766113576107 23.6914131298598 23.2855205956669 57.0867902847891 0 88.9062206642762 53.4587370665644 70.8286262928677 62.4465332963938 63.6694508637943 24.5458929810662 45.8542319580225 125.236611720727 128.351670169233 144.438523670074 132.867415164045 89.4929224457013 108.549204905263 111.304441416724 114.614169013107 96.9817072960786 106.468840398643 141.716202096447 141.941532563092 96.0275635857972 44.2455300164001 76.9642017027067 89.627799987793 26.5880433560113 92.3685146219281 37.2092273009679 75.7445904547095 76.5971952056485 90.3786436778245 54.3704093947166 70.2634727764391 31.5483499174234 27.2915064481081 62.7873936723989 166.31369123108 171.953283033146 163.909793781218 177.65418333972 167.464948377404 180.092255327843 0 173.096161621468 207.667642772596 180.570271887908 169.632688090974 240.189147949219 173.867218950833 153.080380449442 180.315282528544 106.355266908613 169.274275781684 135.687506428971 157.878760918236 0 190.259526415889 151.382743221374 164.908978081723 209.784823101327 0 0 169.557938685813 162.875653031701 155.844182220528 177.845136022616 134.866522043077 0 147.093895269399 179.545213669284 149.635020011258 179.607580332121 166.566991793009 0 239.127029418945 178.42469372697 175.577394104521 171.27186400848
76.3166848672074 73.5747237073575 101.317849085309 51.4271872651445 55.8820766373675 59.8978168474425 60.0910889807919 88.9062206642762 0 70.7924833598782 135.527798758261 30.7416918830054 133.984891609152 94.4190377974069 25.3622257463353 60.0857738382091 122.300379274034 148.065653807339 130.927716812968 50.5437802485718 76.8681748906979 32.4982060042368 89.4836700823458 23.9944672608757 106.966599242161 123.429684185503 91.9712516239091 57.3078899376027 87.8777069421898 63.4527315497818 139.05144108133 131.435691645404 71.3330172936929 81.3548750285357 88.4462715105737 78.1636120057974 99.8149456740807 84.8831802401502 82.9955465772218 24.1505540836554 89.1843287767942 122.845579173339 100.119674720682 68.1155041736737 113.199985869412 113.288058897019 55.6805001100725 109.415872288029 144.816802978516 99.7379577062832 117.89915263747 126.758201980805 78.9063528735317 82.1280369125749 83.7083516318554 79.2499755152572 108.719158933504 25.0637993935055 89.7604922750557 162.834478722448 59.4892605216902 160.960876464844 115.486132610819 50.6931715395143 97.9771618172396 149.017257908987 167.002106125393 165.334960522201 76.0987305039685 101.239688203958 66.0456357987369 108.422060278537 59.1731594560954 197.851089477539 146.74113715488 127.026648038646 79.763274259572 110.04289361948 85.170425033076 0 129.492848377291 102.39935830138 103.039143499855 153.856102497631
66.2679397363058 149.813319047514 131.600542276082 21.6405205306283 124.983478893598 23.1653637899631 28.1263318351621 53.4587370665644 70.7924833598782 0 148.642619024594 17.3814331910878 157.831152239615 60.1131606213882 92.0199292320341 118.756615868145 151.416702473049 151.663272338087 157.036095877913 19.2705946983396 116.305812912419 114.12729030661 127.529088342127 56.9984562558164 172.527481079102 177.674527067838 148.017116285538 32.878742593118 100.750374445054 91.4063552746154 0 130.333595240473 100.299195889548 100.733058810179 22.3680339852778 101.941964831386 137.279992629712 98.8202096230297 104.583619596126 82.1565756451153 97.6204461384306 122.499176025391 180.05851747573 243.012969970703 168.884557623738 189.022660156619 112.27890668165 195.751565129712 0 165.725120628698 167.556500823945 188.457837062977 80.1612250198161 159.950317659546 147.916404003347 139.680614630083 162.510087709885 87.0211811992643 147.567532003385 197.182270381394 118.606200771571 197.819534301758 178.556834303851 116.179515892647 172.060443568727 218.512649536133 0 225.222574801658 138.438605164524 203.296623194962 163.078593065028 193.211943855591 117.685261480428 207.686271336304 233.994010240361 203.927767747481 140.113672150404 185.32030022607 163.431774655124 0 187.057098388672 171.287947574627 171.673163655603 175.198473052907
115.798774211641 59.7230833970909 76.8045304366582 163.678231142713 62.1192417275232 111.723930267404 147.569510941322 70.8286262928677 135.527798758261 148.642619024594 0 124.214478215229 20.5729524635778 75.765930290113 114.488509002878 118.659870917698 45.0910512678402 23.2673077553399 23.4356001055382 134.175935431483 106.899204711681 97.5669747664922 82.3149905748864 145.682331548083 31.2175514521521 27.9464071513045 51.5637523839869 141.996261704582 72.0641920946232 113.759332135835 27.5039913009689 64.9259360356127 107.041776366011 22.7918715845647 143.397757760345 65.9344753804141 26.5012084744082 26.6945076246048 43.9733917979078 71.1201048733861 74.7924425217349 17.6349405603103 133.62137126291 65.0519756038084 104.211182672838 149.250782357466 204.638391916613 0 47.2100223523084 0 70.4358817740433 134.85305501296 0 0 0 0 0 139.320130209335 0 74.5078937207941 0 67.227667924652 167.624904010132 0 176.630686139486 141.341645891412 85.9174963210798 93.3127323356305 0 191.291961159832 0 158.5873441522 181.149123496124 54.4932423196311 87.5090896858581 93.1562317235839 189.650207981787 232.903531579667 202.952491163246 93.5995426836866 133.115154740103 243.601379394531 137.005889209107 126.620565775278
88.3680926257378 121.441191892532 163.584423527573 47.8174788720844 61.3938992173285 27.9566985780468 64.4747794907418 62.4465332963938 30.7416918830054 17.3814331910878 124.214478215229 0 133.625526575277 85.6791314257073 19.8632488708917 109.250414658367 160.310596853479 0 168.206269060108 13.6799254712358 135.768517752493 101.49065370626 156.389764840822 49.4295512070524 148.702621459961 167.228275368384 159.083788352772 65.2551720128581 103.152854060798 120.804162025252 0 107.13960678757 110.223556025654 95.0081325719804 13.3607389929873 100.124994999922 114.703426433959 91.1275252227652 99.1274067907666 25.5693183459084 88.8348255383361 131.460525481454 182.17133767329 0 163.935659651456 177.085510253906 73.1822023501759 130.695018974744 0 160.468421061876 0 180.827331542969 112.702110744174 0 115.359885435945 135.991392461087 149.241364908009 61.5539445812146 134.070360811393 203.457274583629 33.7866544332843 0 183.39516656693 86.9023572119962 157.540469723447 0 0 0 67.5355249697199 179.606019465502 150.856275184848 205.145917148232 105.525970476779 146.686447143555 0 206.765728804176 133.731400494774 181.239890492007 174.185403367264 0 0 171.54411315918 175.615616618877 168.514513097379
0 51.4935067336133 95.1683098280598 0 74.2650478608348 65.4706907882177 165.544703878352 63.6694508637943 133.984891609152 157.831152239615 20.5729524635778 133.625526575277 0 75.0355325814217 174.467697143555 127.224734971052 71.8376010365299 46.2060347028758 59.9826350312266 141.613845825195 132.162424924183 86.6280848542812 115.552871793047 136.562271153939 21.2860640755019 28.9425379365245 28.7672131750693 162.41525293752 84.1009912706394 130.269054037229 12.0397854607379 66.303934357296 136.585861206055 19.7223655503704 89.1928933602849 23.0679315898752 21.5051220418076 26.1480065168677 17.7076070457825 62.6024740044423 18.5421376227768 13.0834644690487 63.6370062995306 43.3740574415947 65.3995454795322 27.5560595330177 117.516105651855 32.3992279781769 44.1107702567071 206.182327270508 81.8526797356837 115.528999328613 0 0 0 0 72.2375717163086 205.081394175333 0 57.0614747881283 0 60.8658812211099 0 0 0 118.864545092366 86.6434812383441 98.9545303236539 0 174.200073242188 112.164448075639 0 102.64319742498 56.7436145122144 89.4532686254248 99.9729092563913 0 154.509955547771 0 87.3024624615291 127.520133972168 0 104.816815035638 112.466862256565
18.8357700808673 130.071865326169 120.997451189271 107.478367786761 32.2359606998394 51.7688423088905 42.18445006679 24.5458929810662 94.4190377974069 60.1131606213882 75.765930290113 85.6791314257073 75.0355325814217 0 54.9328868249422 122.181288733748 123.731697875048 117.151322900921 125.185941563109 95.1204300644608 104.536955807154 103.880943865594 113.05432149399 100.887192846367 99.4542720790646 132.434657806969 137.703866546942 101.669240241546 31.3570881192182 71.9151645006254 156.719610608699 27.5215226235385 69.0101929766571 43.3971461304605 98.912651571454 72.2488371110967 85.2541091788045 54.6683487986546 73.5444146409251 44.4674449722474 40.218402527716 70.0883815378515 180.90190804164 191.05094909668 166.512646895638 176.603031363165 163.637724490062 208.109710693359 0 176.842332945756 0 173.135363898346 174.285609178316 0 171.67868401712 165.373236227985 181.577593784512 117.776805656059 160.539096679877 146.42471847066 205.261404367266 119.212493896484 195.148824914736 0 151.986252259343 177.853015123298 0 204.005340576172 161.650203785958 155.210399412586 140.291937538554 176.84733239397 143.229252423242 151.688079833984 187.319495629052 182.311479523267 155.697211551542 189.988717635946 157.105615228482 0 0 176.526206486541 176.489785527468 140.718567586171
89.1793982897526 124.427535746027 142.335393210047 69.3250008718875 15.4108291660493 24.4557690460458 86.0340650344365 45.8542319580225 25.3622257463353 92.0199292320341 114.488509002878 19.8632488708917 174.467697143555 54.9328868249422 0 119.275118209221 0 0 122.773284912109 69.6447589088116 118.463032450784 85.5141269995224 135.854949010243 47.7447188831315 153.502260162784 178.631864852421 137.455348221031 82.5799878969127 92.4999880050576 125.177598626799 0 47.272838997931 125.323532049475 61.2945658326816 51.5807368963757 101.284051023829 92.8249799438595 82.5873440730356 74.7815321720162 10.4502155244113 23.7464674353148 0 178.882588897545 136.642074584961 164.730247323858 71.9590218108413 62.0725438186978 0 0 0 0 0 99.8174258953216 0 114.479175334185 150.791777323468 146.784515632476 58.1051320254263 135.623959566026 173.103317260742 87.2165602732078 0 159.64079248509 77.6008005147692 127.561889648438 0 0 0 116.243506957354 152.022384643555 0 159.958060559663 103.945313866641 0 204.148941040039 163.416137672328 138.413598605681 163.648174512937 0 0 0 0 167.967269821204 80.7590414124359
100.583276717799 69.6606981712762 78.2670309589125 91.1697805801612 130.745239257812 126.454854480878 92.4747008533956 125.236611720727 60.0857738382091 118.756615868145 118.659870917698 109.250414658367 127.224734971052 122.181288733748 119.275118209221 0 99.2683738093892 129.816498540495 125.332774788124 141.155108837549 20.8491519938736 33.8949586855502 18.8974189374384 37.3477055152349 102.131376167586 101.084457707913 29.2177804326176 28.2408284930112 101.070373003575 71.8662847854357 126.074501084724 166.18278503418 79.4628246105607 71.2188379659446 142.065782575118 74.9011397067818 59.2679199991227 75.3480271267565 78.1427305578228 87.8016841131865 88.1971626751454 140.909713745117 112.668873714061 98.5200225476905 111.386446984072 112.043994990955 124.359888320107 137.624493229911 0 122.643632339082 99.7659320552388 113.092064015248 138.208480834961 0 193.131477867004 139.421612244705 154.000127314504 90.9913766148603 164.482604496043 159.595703125 216.081512451172 149.464411012764 156.302524948365 129.588058446912 71.992982801481 128.023533569238 149.820516990614 151.937748699314 197.105286464918 106.918248378063 67.1961954614639 103.989052194376 107.391378101023 136.618823460112 144.338024370165 109.705305422576 114.427387379412 128.545377537566 112.788777378716 0 202.268486867656 111.263568660766 112.120364130142 169.827992335195
98.8134967650264 51.9795687302321 47.2390144859858 147.635654213734 92.9801940917969 151.603547161398 110.57939959382 128.351670169233 122.300379274034 151.416702473049 45.0910512678402 160.310596853479 71.8376010365299 123.731697875048 0 99.2683738093892 0 46.305810910827 19.5266807027381 155.672394451499 56.4422334465604 83.1685281150933 27.8994048208584 122.025358470331 63.3444565667894 40.170308531817 64.8653023488678 107.894595208536 103.130479648174 74.7890016434204 76.4017218346932 145.125657895009 89.4470406532576 35.3213181528956 165.285397352111 81.1009749228812 54.900402636802 46.8796806091707 64.2346745343352 91.8063780448498 103.916389973665 73.6581529470956 153.485717066534 103.504772810908 123.655384773771 132.713829752826 0 129.671157836914 0 145.647674560547 68.5625164960895 114.178809068038 0 0 200.553162207588 196.331888196575 189.385914205564 117.655938600721 220.133972167969 128.218917854774 185.363396001805 104.691170353684 209.685752846262 0 148.707714752297 122.08873612796 134.480826755474 110.798815770104 0 149.614361137541 101.053196498013 140.634965879653 171.354676867163 92.8517366869352 104.711871614025 103.902428256014 171.155303604132 186.119295694608 165.487876611413 150.00477647453 0 147.028442382812 119.620602021589 190.73655379426
146.547380541317 69.5255580665787 81.9376896221981 0 0 166.6045151996 144.576952306649 144.438523670074 148.065653807339 151.663272338087 23.2673077553399 0 46.2060347028758 117.151322900921 0 129.816498540495 46.305810910827 0 15.8814406632172 0 109.799558102827 103.320248515691 83.2529440331443 150.57580790616 43.1909631681138 26.9589346708135 65.046077596984 148.207281535524 122.414057362859 118.923929043921 50.3664390580665 88.1776225998228 133.279335602883 57.4822213214975 202.964202880859 91.9077534017161 47.6849119505586 52.9815595004773 66.1893765007743 111.805723266961 0 56.8821892007518 167.734893798828 84.1097851397951 119.478681438913 178.005700691077 0 212.225723266602 65.8836740593207 0 85.1877358954402 139.56396659541 200.216156005859 0 0 229.064224243164 0 0 206.984146118164 87.1354862928806 0 78.9267087077517 235.093283377854 0 0 0 96.7577386182926 109.475247722125 0 192.924530029297 0 195.895901201078 220.937942504883 71.754758557337 99.3738397523102 105.395188642257 0 0 0 99.3723148052461 0 0 112.887467392706 0
125.108942676873 57.7232479948068 69.5062383900799 0 84.0618519031792 140.49098089586 135.05494579889 132.867415164045 130.927716812968 157.036095877913 23.4356001055382 168.206269060108 59.9826350312266 125.185941563109 122.773284912109 125.332774788124 19.5266807027381 15.8814406632172 0 0 89.1131986336358 97.7318817762248 62.8038726803963 133.38495010464 48.3573018996674 34.9990812319414 65.6335654066637 121.216248465102 113.655090622574 97.0440188869011 64.7749275042006 110.764256040012 111.830051622439 42.4250533039559 177.814018435681 83.1885972840021 49.5001605190521 47.7740380023728 62.161545574326 105.232616022738 0 50.3486308203553 167.153724594342 84.9870734615879 120.120234336397 149.396911621094 200.228524442151 0 113.26432800293 0 74.0294494978529 135.404721768199 0 0 205.894775390625 0 218.459508443792 231.814346313477 0 88.9864307489126 0 86.2563849723118 160.879531860352 0 149.844449139456 122.065517732431 110.02894977436 109.04813536444 0 162.576450177948 97.8027724036167 164.481654942095 179.517224797784 71.3281842728139 99.8142655056847 103.424397551815 175.929992675781 202.205482812962 167.039071945574 103.389231694776 0 0 124.671045732835 0
84.8095089755492 140.002219763435 138.011534942113 13.9873246998024 114.046521119968 57.0953276402487 41.4180064046285 89.4929224457013 50.5437802485718 19.2705946983396 134.175935431483 13.6799254712358 141.613845825195 95.1204300644608 69.6447589088116 141.155108837549 155.672394451499 0 0 0 107.729282022585 113.465531422238 120.700220630042 26.5174922158459 146.645965576172 147.662336329481 139.783504422607 37.9598229073837 102.775882060663 97.8868628002705 180.19172668457 121.037484238695 97.6817381166405 103.772034398473 30.3231036089873 100.624050387587 130.807786203344 102.009657089885 105.160758429138 67.9375037409844 98.0859440833424 0 158.290856339897 0 157.563914258842 154.748729726101 99.8164945796077 168.370895385742 0 151.883220042344 154.459066640338 233.699996948242 116.147509810801 134.962890625 129.205592927404 127.842624419695 153.408298591655 73.8807543442767 131.428358801386 155.108917236328 107.640436754938 0 164.38935476876 99.473180939783 142.426633034001 0 0 0 116.796042989029 150.771955338381 149.695828315527 182.468725042442 101.398125133708 0 198.277557373047 183.118174691816 126.624060161372 172.691590816056 148.612990700652 0 189.630639092303 161.980271468099 159.943548937184 162.706436157227
83.2458568980697 88.145586672833 66.7457469366916 102.488612397156 130.088102824261 118.472512355698 73.7521992951487 108.549204905263 76.8681748906979 116.305812912419 106.899204711681 135.768517752493 132.162424924183 104.536955807154 118.463032450784 20.8491519938736 56.4422334465604 109.799558102827 89.1131986336358 107.729282022585 0 55.8988371404628 36.597892588817 49.0968238591249 127.126409027162 98.4343418314477 77.4189178657625 30.4712610338205 83.686133947429 33.4669324726232 152.51551119361 143.551008286085 73.9777377330339 43.2366089124974 144.501686147 72.5435280690543 58.1067810638024 62.1155776056995 71.3444758274037 83.9074601791666 83.6643483092994 0 123.106755397541 112.486066739546 125.636432631875 121.815628815277 138.835594168124 161.18651040786 0 130.576767845871 143.94024572711 127.581768717078 176.244509287216 0 168.695310906435 140.228740620742 158.315357668706 94.5489301531771 179.106441742346 211.115849433509 0 0 160.422343571438 150.380320195961 96.859615541222 145.74894763384 176.813311176646 189.390973116875 201.964313492497 115.03212143045 74.4629744003588 115.128856789326 113.536310375769 0 154.47951456289 126.340400288078 121.342112866392 143.496577687952 119.517627873267 0 202.470123291016 118.798664708797 120.394448710998 156.968438476339
85.1792938656077 28.3360826982004 55.8924704904284 81.2907504575743 114.895434920164 116.134379807647 81.6581049140027 111.304441416724 32.4982060042368 114.12729030661 97.5669747664922 101.49065370626 86.6280848542812 103.880943865594 85.5141269995224 33.8949586855502 83.1685281150933 103.320248515691 97.7318817762248 113.465531422238 55.8988371404628 0 52.3650689600822 30.7017416618426 66.0053480465298 85.9735689598906 40.945160078866 61.8783732516672 85.7269532163535 61.1451501331901 98.2847492157305 140.089690673144 65.1476854946501 62.2493288642062 134.948040428979 63.8684792147586 52.8010273117444 63.3672314015083 65.6945616274155 76.1725109915669 84.0450902156051 93.1658231214863 88.4593028937889 75.5942793212642 82.5976296781369 81.48923518129 90.0247328867325 101.933558076004 94.5775833129883 110.701381894691 61.2955521734082 73.7141651951305 153.21538161823 0 145.764605659606 119.34147310152 140.691293272237 59.4923295410867 143.832626252062 127.921647884949 137.542042422535 133.204354545193 146.840602549392 113.613670349121 65.0020190946368 104.27736326632 128.54423049649 112.818207780204 134.473738092208 83.2657111595843 26.9230736250213 73.1935454478915 87.2642022503316 77.518050539964 118.048353514173 77.5961138490666 94.8724081560747 118.222032495248 86.7449577190537 152.574111938477 0 93.9653862578263 91.6300489952878 155.599772685511
90.8615481702702 61.3561053799248 39.1643201191716 115.888954435317 164.501904828075 127.419320084252 84.622865476821 114.614169013107 89.4836700823458 127.529088342127 82.3149905748864 156.389764840822 115.552871793047 113.05432149399 135.854949010243 18.8974189374384 27.8994048208584 83.2529440331443 62.8038726803963 120.700220630042 36.597892588817 52.3650689600822 0 72.8160541701523 106.943829275553 66.5828866328685 42.0154796933981 58.6882297230832 97.1541940099244 60.9021442308178 115.864950166199 181.54254276662 89.2050530217192 49.5601857666657 145.880588253132 75.1148563779563 50.5389942627009 60.873482061751 68.1217679988034 82.4395522450649 85.3477496338323 77.4206105950465 126.383037058245 105.672864502398 112.720294337001 114.971848876298 135.035649094266 120.999006768633 0 152.68229481456 78.0345169307063 103.759173221684 178.294297666714 0 185.824158141303 154.753658254885 180.796993134911 114.677997630735 187.276872378263 170.050854826834 187.158626422862 187.490113398852 174.125690772058 148.897273248352 97.5848473893663 121.803241736676 171.381313147742 152.818872691705 177.873150778429 122.462138048663 72.6341215074825 110.673220653306 128.57485679732 119.074023322548 130.83785891554 101.184603061524 138.929421895672 150.833687280071 132.775779322224 0 0 142.363536426525 114.785346114034 164.887592654451
81.6945974749851 79.5593952734776 99.6366041755297 25.4314781311242 87.7834219761789 80.5791475332507 56.439161193599 96.9817072960786 23.9944672608757 56.9984562558164 145.682331548083 49.4295512070524 136.562271153939 100.887192846367 47.7447188831315 37.3477055152349 122.025358470331 150.57580790616 133.38495010464 26.5174922158459 49.0968238591249 30.7017416618426 72.8160541701523 0 111.335877960244 119.99858327599 80.3828249920764 21.9981137803932 92.3006146569054 68.8939857423689 154.613659978594 132.83046502534 75.9104101619355 82.7705299207788 146.427143953466 81.8454656274206 93.3682965604208 88.4205204761023 87.8543710842227 61.0395077135324 90.9750908098668 157.158065795898 120.715745800324 132.001880144237 122.509458892709 125.035424596795 107.989702792539 137.820891494324 207.502777099609 118.103888623935 136.317288275174 137.101105519327 107.729015145383 121.195559238712 116.814330987943 108.104388958604 128.242593655049 57.571328534272 114.649710869547 177.918927384618 87.9480417013445 186.133043661328 137.04547219318 101.443969897559 104.281518221029 169.163411690223 206.290842510517 198.796055377155 104.73587308326 108.113802501911 82.4092248949922 123.135850824715 81.9246151551798 153.927132883374 157.002390328059 142.009678560923 100.902833695991 131.690585029424 110.12349154831 0 175.077302482296 125.393080077561 123.467844154463 176.022969203595
143.465255737305 27.3134476861627 76.93809610655 160.257553100586 0 170.203434606091 177.092760802168 106.468840398643 106.966599242161 172.527481079102 31.2175514521521 148.702621459961 21.2860640755019 99.4542720790646 153.502260162784 102.131376167586 63.3444565667894 43.1909631681138 48.3573018996674 146.645965576172 127.126409027162 66.0053480465298 106.943829275553 111.335877960244 0 39.096376723423 33.068788656414 134.070586794895 135.279744604141 140.25220935208 41.3583469794102 95.173698425293 0 49.3339072139224 214.231704711914 97.2588637241163 23.6933569402688 45.4010683040669 76.4224747399181 106.150314331055 0 19.445088056561 99.3906385488041 36.1262674645667 73.6214034709642 0 185.18080706687 0 31.5599743640754 0 42.0238859295188 135.744551723206 0 0 0 205.87477012254 227.199482433336 0 190.334106445312 55.0073974028005 0 49.4191729121466 153.109527587891 0 0 110.651802062988 65.9448703209679 68.6896879646093 0 202.212417602539 84.4633755422876 0 153.214997489261 31.4372253858448 64.3491260301516 67.4850099328393 187.19624168871 0 165.04524230957 72.1665429769725 0 0 71.1841876257056 0
123.569277382119 46.6222369054665 29.0584824954514 145.689291414921 112.200654618266 155.928186631289 123.617614213644 141.716202096447 123.429684185503 177.674527067838 27.9464071513045 167.228275368384 28.9425379365245 132.434657806969 178.631864852421 101.084457707913 40.170308531817 26.9589346708135 34.9990812319414 147.662336329481 98.4343418314477 85.9735689598906 66.5828866328685 119.99858327599 39.096376723423 0 30.168368887048 124.217178310347 129.551096875769 110.62283285332 19.8776702525971 108.14587544877 118.499251479277 56.726706979117 154.096617332013 83.2503854818341 48.9990140322398 57.9792413216459 67.4869067526306 104.051797719502 93.9330573398487 58.219031563821 139.815461685971 87.2066813715328 104.381021645605 116.704081674418 140.809424162311 0 76.7292770362686 191.453163277152 64.4508790429061 117.447376701537 199.362426757812 0 218.244333236204 185.744883025841 189.856437356091 153.321091940474 209.23960087047 91.3207726041286 0 81.2210708471483 175.620407537322 0 138.082421642712 106.012883449822 94.7585385969147 98.79674053193 0 177.032199720353 108.723252594373 147.510710676345 167.847186560291 64.2924820045298 90.2306636294564 93.3457617046403 181.366347208291 164.058798873419 171.327724967644 98.608674856397 0 172.290790701515 104.958698945804 167.980564890928
127.112020923672 30.1526675004771 37.2590037069881 128.281033480828 114.775833129883 151.4684989477 111.065807442704 141.941532563092 91.9712516239091 148.017116285538 51.5637523839869 159.083788352772 28.7672131750693 137.703866546942 137.455348221031 29.2177804326176 64.8653023488678 65.046077596984 65.6335654066637 139.783504422607 77.4189178657625 40.945160078866 42.0154796933981 80.3828249920764 33.068788656414 30.168368887048 0 86.6565942194159 129.842089402084 101.687571379552 25.7474303962246 112.425186722704 116.635072639465 66.4973895450176 151.051333975482 81.0024710231275 54.1420904366995 65.1856467401578 71.7282206471885 88.0518495041712 89.1137161208936 71.145722178987 120.823408791876 92.2802887864362 103.137535676096 112.225769190945 132.805100689019 145.159824609594 88.1901816985444 157.174880055545 58.0553891387908 92.7275424702495 164.956188134308 0 155.445023809376 155.133181692575 174.202194775737 115.826927610615 180.599066440734 97.8725215011546 213.489924644115 88.9526819618232 179.248229604304 151.992065429688 107.846992373819 103.361951680196 101.393395889423 101.601410891866 164.731292724609 129.384561546707 72.6081368953899 107.913319667525 138.156332669618 70.0019742714629 94.5807690348803 90.3047425252938 148.72899867294 164.118894652211 141.037894856399 107.166882340173 243.143768310547 175.93173973562 102.210075425073 167.811660401459
83.7055651874813 112.071992675805 89.0050791298133 19.9551195250874 118.793047660037 77.254360265906 41.0636117193337 96.0275635857972 57.3078899376027 32.878742593118 141.996261704582 65.2551720128581 162.41525293752 101.669240241546 82.5799878969127 28.2408284930112 107.894595208536 148.207281535524 121.216248465102 37.9598229073837 30.4712610338205 61.8783732516672 58.6882297230832 21.9981137803932 134.070586794895 124.217178310347 86.6565942194159 0 93.1559928632636 40.4035898491765 149.082855224609 142.29212230486 74.9979606336879 77.3975057354388 134.144223386194 83.8312798054717 86.2658366951817 84.6566348294971 86.3811149719959 88.9999514263652 97.993704173006 0 131.663975767869 134.946375160006 132.272113843131 137.157914681693 130.194633439287 139.802748943129 0 127.74490818311 151.669764693695 144.070858053889 131.014489836108 157.776779990171 140.107332385719 121.12483646117 145.383155022813 77.3655980403405 134.443266232298 196.895653903216 115.703671556275 246.621246337891 149.599273521466 125.085975576508 107.635813022047 165.292569507114 228.208629500032 189.207662278779 122.075519403121 118.502357452142 96.9505055879434 133.844336390907 100.950100880591 0 185.483002375516 148.150763145936 116.085478127567 138.896747142487 120.865806653307 0 191.497543334961 135.455025564222 132.513572725811 182.572049735415
20.7765927226459 117.285336715338 111.420538253432 104.21579314468 24.6758833740348 69.4046512321588 61.0283519771186 44.2455300164001 87.8777069421898 100.750374445054 72.0641920946232 103.152854060798 84.1009912706394 31.3570881192182 92.4999880050576 101.070373003575 103.130479648174 122.414057362859 113.655090622574 102.775882060663 83.686133947429 85.7269532163535 97.1541940099244 92.3006146569054 135.279744604141 129.551096875769 129.842089402084 93.1559928632636 0 30.2856011832003 112.358543395996 15.8331557218362 19.5538517864981 34.6839405941293 110.651127039496 61.0999885327947 75.9449285347545 46.985228064911 64.4811844637752 51.3910236406825 31.9654633798243 63.4615560842877 148.255543282664 145.042834548742 165.047736903907 152.901519112051 169.142138263361 181.477083505934 0 163.587771648006 204.718796735114 163.948541638868 195.942329593907 0 177.450077952864 150.348389507219 184.661732368572 100.084798144276 174.172043773875 194.693143023921 165.47392800695 239.003387451172 181.349308158182 153.6689453125 151.710112099506 178.046404339508 221.102264404297 205.871655317126 173.785162665412 138.810607466956 101.374328949858 162.069160714328 135.302421948937 0 184.426272997939 174.149200076925 142.85820590102 169.747971267247 147.612342320397 0 231.151413149319 162.843927292682 163.966243188613 141.539735076198
35.4422737325817 105.540630305231 83.5363612513813 87.3812055283283 117.678207564168 88.2583827517203 23.1663325586486 76.9642017027067 63.4527315497818 91.4063552746154 113.759332135835 120.804162025252 130.269054037229 71.9151645006254 125.177598626799 71.8662847854357 74.7890016434204 118.923929043921 97.0440188869011 97.8868628002705 33.4669324726232 61.1451501331901 60.9021442308178 68.8939857423689 140.25220935208 110.62283285332 101.687571379552 40.4035898491765 30.2856011832003 0 158.954940795898 123.764038202272 46.863708530266 36.5209140068134 134.407734336486 63.7462668046612 66.9722277975951 58.4306616133058 64.7215496818989 76.7642288818915 79.8323623856991 152.290341231424 129.581044817079 113.750854486831 131.628791341694 137.485422773968 138.723944699633 127.240753483995 0 128.949715424667 147.743245737563 138.365969920766 166.372756557446 0 151.761421095857 128.635792295925 157.837651159203 79.8099502538513 158.198789705551 215.831899567137 169.820382077535 193.388286027534 155.699390791881 150.695824957582 109.432014948547 168.473251858995 0 200.416019167147 157.201008357722 115.428778686758 78.0792146916073 125.586003721067 109.539784153294 0 162.703158785148 144.871727464167 117.80206906743 141.091808548499 120.655774057224 0 194.412449081849 128.960797393811 125.229192201984 168.579378317805
0 64.1122481232213 90.2158535310253 0 0 0 167.224309141909 89.627799987793 139.05144108133 0 27.5039913009689 0 12.0397854607379 156.719610608699 0 126.074501084724 76.4017218346932 50.3664390580665 64.7749275042006 180.19172668457 152.51551119361 98.2847492157305 115.864950166199 154.613659978594 41.3583469794102 19.8776702525971 25.7474303962246 149.082855224609 112.358543395996 158.954940795898 0 0 0 70.9950127939582 173.877716064453 109.284922106208 50.6806709892384 62.5640239324999 82.7914356712961 0 0 57.8130278836933 132.992385864258 65.1705160530555 110.595196063732 101.223397085079 0 0 62.025287629495 0 81.5956053721256 138.174360664683 0 0 0 0 152.201568603516 148.341613769531 0 87.0502513443684 0 84.2721584907984 0 0 0 0 99.5615134615209 120.25193038906 0 0 150.257136076919 0 0 70.0408440163121 100.477547789669 118.40534112002 0 0 0 100.306314917994 0 0 105.743743896484 0
90.5766453687246 193.673559824741 156.8179685524 173.755219125 11.7233144753466 21.2915881976595 126.168780865236 26.5880433560113 131.435691645404 130.333595240473 64.9259360356127 107.13960678757 66.303934357296 27.5215226235385 47.272838997931 166.18278503418 145.125657895009 88.1776225998228 110.764256040012 121.037484238695 143.551008286085 140.089690673144 181.54254276662 132.83046502534 95.173698425293 108.14587544877 112.425186722704 142.29212230486 15.8331557218362 123.764038202272 0 0 91.285557402259 19.9993950132499 124.014365116263 76.0787506609105 82.4255507896133 41.6570710577473 56.4738670210616 40.596905549226 16.8299090398932 56.0115136964729 202.741098180147 0 199.695465087891 239.758087158203 231.765930175781 0 0 0 0 0 0 0 0 189.451380864147 215.218795776367 0 225.18046700172 0 0 0 0 0 0 245.001312255859 0 0 0 0 0 0 171.113925668523 0 0 0 181.13164031157 217.102203369141 190.102653356863 0 0 0 0 204.469711303711
