0 8.09274655580521 127.865799367428 17.0705903768539 5.45286610722542 69.3130244314671 3550.27643424273 793.035706579685 116.801578223705 299.98462241888 33.2164521813393 37.6269692182541 13.1756636798382 15719.441886574 3.36102765798569 6.58104681968689 160.924902439117 4.18995350599289 24.1050698161125 26.1662068367004 206.930846661329 54.2649570703506 391.013852447271 302.534923255444 0.905094683170319 39.9429846405983 49.1152944564819 737.300131052732 14648.4122148454 3166.92622110248 0 19.8677883148193 448.984455704689 424.09724855423 0 361.28267505765 27.2311950922012 348.118198186159 24.0142967998981 86.211806833744 43.9217973351479 5.37870320677757 13.2267735004425 1.07657432556152 5.29099601507187 1.54096567630768 7.11289414763451 0 0 6.63114362955093 2.31191021203995 1.33746635913849 0 0 0 21.094144821167 6.52550703287125 16.3919927477837 1.61407926678658 0 2.69282984733582 0 9.19433683156967 0 10.727400124073 0 0 0 0 14.2404838204384 8.80111300945282 11.5548819303513 87.7606446444988 0 0.641713440418243 11.4587288200855 72.4901491105556 25.1768705248833 10.8815633952618 0 0 4.84753251075745 4.9799976348877 0
8.09274655580521 0 321.672229170799 3.02873283624649 4.55442571640015 6.17529135942459 26.0353930294514 20.284622490406 517.056638836861 12.5156188309193 309.078658759594 13.5125746428967 1204.44269654155 15.6276785135269 36.5000318288803 158.875885844231 677.91125446558 100.096902251244 382.614406734705 0.66171532869339 70.2264521121979 3129.67637765408 253.822909981012 560.376293420792 2417.52674457431 1909.74654895067 7288.54535084963 85.1082420647144 31.1175736486912 45.5438592135906 30.2710931897163 1.99948728084564 4.96094676852226 389.553800076246 0 507.738591462374 585.459992676973 472.019108653069 114.340017855167 56.3583908081055 0.684381306171417 243.030611604452 49.959682404995 60.2648739218712 53.4326514601707 10.2475080192089 5.30003780126572 0 12.9475106298923 0 178.974154293537 139.611592173576 0 0 0 4.05297526717186 0.677429378032684 6.65562129020691 0 28.3464780449867 0.414924651384354 84.2917946577072 2.12427759170532 0.483971923589706 12.5170065760612 110.388367503881 22.6766076087952 104.242615967989 0 14.5484005212784 24.1081812381744 87.0109691619873 13.8434092998505 103.352268338203 431.49493342638 887.504625976086 9.3911204636097 1.33381050825119 12.4936510920525 5.12895220518112 0 1.32812583446503 32.2237205505371 0
127.865799367428 321.672229170799 0 3.58474165201187 0 93.1166287064552 1018.04505810142 303.785604715347 37.2369640469551 91.9387598931789 219.452685981989 4.0452253818512 30.091837644577 457.974773526192 0 55.2732411324978 8456.65942168236 52.8454979658127 404.237370342016 0.64200496673584 2038.19345873594 166.669009715319 14269.2061415315 213.712388247252 21.5802510678768 13322.3012939692 7930.81533378363 1101.71720996499 260.38789793849 1252.24338591099 6.96625518798828 12.5547997951508 44.238222360611 1618.89316785336 0 3639.92964044213 2285.67565953732 2433.76810923219 809.550981849432 205.765058606863 13.150480568409 10.3885853290558 202.223924040794 128.635704755783 115.994560480118 33.9855098128319 15.8906772136688 0 0 3.91070282459259 222.653305202723 461.867635041475 0 0 0.857585251331329 34.6036148667336 1.77282813191414 16.2883116751909 0.463140547275543 13.5380836427212 0.821493297815323 9.57929039001465 9.98359906673431 0.392307877540588 76.1927999854088 277.464135676622 6.78940281271935 57.9797733128071 0.980285555124283 56.8969211280346 115.172471642494 446.83500289917 55.6344447135925 12.5980473458767 305.481926351786 1686.91966080666 47.0859904587269 11.3532912731171 45.8729649484158 0 0 1.43996262550354 69.2337344288826 0
17.0705903768539 3.02873283624649 3.58474165201187 0 0 242.622325748205 268.746343970299 81.0056480467319 838.654512196779 7856.21977603436 2.19753286242485 2787.58036392927 4.31875514984131 78.9445937275887 49.5640762746334 2.53103166818619 0 0 0.869157731533051 37709.4608296156 3.89653101563454 12.1105869710445 5.48513528704643 3803.74085459113 0 1.11219757795334 7.41519293189049 17500.4622391462 142.289930701256 11.2801439166069 0 2.16853424906731 7.54361855983734 56.2618944942951 0 152.440901041031 3.74898543953896 85.5887247025967 3.98567819595337 111.141081303358 14.6102875471115 0 27.0497252941132 0.686517894268036 3.80843007564545 0 46.170409232378 2.41322112083435 0 2.92580729722977 2.32857167720795 0 690.92626157403 0 29.9463678300381 72.7383187115192 16.4760381281376 114.872876048088 305.85678049922 0 557.508243203163 0 23.1099045276642 8.84569972753525 1.55222287774086 0.726664423942566 0 0 376.987899661064 0.619943797588348 1.91976791620255 0.961576253175735 513.941474974155 0 1.18011617660522 0.84932804107666 521.262368708849 10.8036504387856 2.71501404047012 0 0 0.847987711429596 6.24823546409607 0
5.45286610722542 4.55442571640015 0 0 0 1200.99752226472 9.7468273639679 479.623530566692 17.0177820026875 17.3358026742935 124.920297920704 17.8568128347397 54.6612359881401 127.28935661912 670.157535433769 0 7.97723984718323 5.37836217880249 11.6142149567604 5.69454562664032 0.496311068534851 3.1532501578331 3.75713658332825 10.2879455089569 3.09778785705566 27.3049529194832 12.952487051487 5.93125656247139 442.595008850098 3.68359270691872 0 1392.68049395084 0 1340.71752089262 0 26.8536744713783 15.2586073279381 222.09454280138 2.4496386051178 1548.82376310229 1542.03508985043 9.12113934755325 0 0 0 0 0 0 0 0.875811457633972 0 0 0 0 0 0.823219299316406 0 0 0 0 0 0 0 0 0 0 0 0 0 0 0 0 1.10550129413605 0 0 0 0 0 0 0 0 0 0 0
69.3130244314671 6.17529135942459 93.1166287064552 242.622325748205 1200.99752226472 0 3002.96549981833 15693.8968131542 462.43452244997 18412.0338526368 388.201109796762 9738.55025783181 237.362750858068 2292.78212878108 882.246032893658 5.16525250673294 45.6140912175179 10.5687290728092 16.277378320694 755.246670275927 94.7233361899853 24.7071799039841 161.99801453948 462.654450714588 14.0722644329071 65.6492509245872 78.8239222764969 2688.97371149063 1219.99358037114 178.394529432058 1.68627178668976 1764.6391440928 25.3917914330959 1397.463247329 0 401.602378278971 37.027460962534 578.818300276995 29.5213779807091 6658.98340842128 3162.72101408243 42.4147456586361 18.9470865726471 1.86315500736237 4.54958349466324 1.9804396033287 18.8246193230152 0 0 2.80304306745529 0 1.99305865168571 29.1712405085564 0 7.04810190200806 51.0356604158878 8.37573286890984 22.9475767016411 42.5602909624577 1.16779100894928 24.0732807219028 0 13.7864423394203 0.732660174369812 3.27103933691978 2.03121227025986 0.44611644744873 0 17.2329784333706 5.57392853498459 0.51068252325058 4.48765757679939 120.977175980806 0.929200172424316 2.49356737732887 8.34043523669243 161.102027267218 14.6710078418255 8.02733767032623 0 0 2.45326134562492 6.86737734079361 0
3550.27643424273 26.0353930294514 1018.04505810142 268.746343970299 9.7468273639679 3002.96549981833 0 5793.45128571987 947.307076901197 14250.9700024724 65.727018892765 303.832483142614 25.0127374231815 11662.9289849102 37.7269693315029 55.523812353611 294.932400614023 2.67520010471344 31.1062917709351 240.682186692953 1201.45211514831 151.750040560961 2047.46826499701 2049.58006334305 7.11438342928886 223.237904280424 485.033152341843 18758.979183048 4032.17434757948 10194.9442118704 1.05969929695129 32.5477833747864 475.538546651602 981.108112514019 3.48115253448486 2843.87026330829 135.12891292572 1426.28881463408 158.610363841057 612.192144185305 194.245186090469 8.45553207397461 88.8476413488388 11.3037692010403 46.4356993436813 10.3511513769627 61.2601003944874 6.85350674390793 0 36.8335151970387 6.34911689162254 12.3801571130753 52.2512527406216 0 34.9789455235004 272.178607940674 64.320135474205 101.068226933479 103.358228594065 1.88937300443649 35.1060077250004 1.68403160572052 103.017786800861 1.43757033348083 45.3264560997486 6.52524274587631 1.39136242866516 2.80731797218323 35.6355935931206 39.1951093971729 33.8801898062229 67.5824073851109 831.380969852209 2.6440321803093 10.2645128369331 67.0527959764004 839.954036235809 118.827305585146 113.371038258076 0 0.406082659959793 13.1899093389511 34.5543373525143 0
793.035706579685 20.284622490406 303.785604715347 81.0056480467319 479.623530566692 15693.8968131542 5793.45128571987 0 225.619968920946 5762.28939795494 888.444203287363 1200.11805817485 386.624872922897 19056.1247480214 142.271795153618 7.48951053619385 244.466442018747 44.2487531900406 82.281793564558 293.396133631468 294.716687560081 46.4542183876038 657.605179190636 586.687372028828 22.0621032714844 204.289745360613 164.741315543652 1617.47166234255 3409.43620681763 1239.3827213645 0.821125447750092 1624.83875146508 58.3117533028126 2432.51857531071 0 735.529457360506 95.5715221166611 1060.00477573276 52.7908727526665 3146.25244659185 2057.66286554933 92.7216840982437 31.6008901894093 1.32389724254608 6.06154355406761 1.22739863395691 8.41207373142242 2.85901880264282 0 13.7275522947311 2.52263486385345 5.36081397533417 13.165949255228 0 9.87875247001648 68.7859892547131 19.4550323486328 24.7996937036514 14.5498830080032 0.525398671627045 11.679764688015 1.58951252698898 32.6334810256958 0 14.039508074522 1.48225492238998 0 3.55635094642639 9.07992312312126 8.43221959471703 10.8965046107769 17.6026178598404 220.960344821215 3.57743519544601 3.48450082540512 21.0571216642857 184.893565654755 35.5365679264069 31.3689326345921 0 0 9.45291402935982 13.7942279577255 0
116.801578223705 517.056638836861 37.2369640469551 838.654512196779 17.0177820026875 462.43452244997 947.307076901197 225.619968920946 0 1219.8634622097 38.3185665607452 2260.83482858539 121.812299698591 320.512090146542 1751.52012440562 100.621270447969 57.5554556548595 6.64255142211914 25.7009966671467 576.916977077723 171.977306455374 3231.90187174082 122.769328683615 15035.6321916878 136.698812842369 139.049020916224 559.975493401289 3626.80312722921 410.300741970539 424.1318359375 2.84763610363007 2.50138413906097 96.8955271542072 152.648878395557 0 473.687333166599 55.7108206748962 191.590208977461 39.4415410459042 1422.67234155536 25.0573379099369 15.1116532385349 115.968457102776 8.18438482284546 28.2068501114845 6.63152229785919 103.741908490658 0 0 25.250388532877 13.3863790929317 7.25547674298286 131.148345649242 0 23.5447071492672 150.89830121398 29.2499914467335 442.145432800055 127.113899230957 0.805334985256195 109.043266445398 4.44754540920258 55.237781971693 18.0323247313499 55.2860109806061 6.7307443022728 0 3.09216737747192 74.9350470900536 64.8891589343548 145.709360718727 50.9139997959137 956.981482207775 0.684698939323425 6.12483349442482 33.9571081399918 555.76582723856 89.175963640213 95.7738399505615 0 0 16.3997045755386 20.0626785159111 0
299.98462241888 12.5156188309193 91.9387598931789 7856.21977603436 17.3358026742935 18412.0338526368 14250.9700024724 5762.28939795494 1219.8634622097 0 81.8276120126247 25765.1130546033 54.7836121916771 2788.71611019969 164.771512746811 11.5664475560188 33.5710076391697 5.44623953104019 14.7873499393463 24334.5882303417 97.6780744791031 28.1787729859352 154.022156268358 1978.10418251157 4.29786241054535 28.366978675127 72.4570913314819 22762.3044842184 1959.86376540363 164.79641109705 0 57.3379063606262 130.465000808239 647.156527370214 0 1266.49125680327 25.1501598656178 1042.48072949052 59.328959017992 1059.21048684418 241.463532179594 18.8492475450039 52.5870219171047 1.75566470623016 6.81113773584366 0.320874094963074 54.8042289614677 1.29798531532288 0 4.47036439180374 1.0313977599144 2.36151131987572 127.467602163553 0 29.2018868923187 167.410247504711 33.9869268834591 141.045955628157 221.027051061392 2.11792206764221 320.822624027729 0 42.4192871749401 14.4551676511765 5.7860911488533 0.474959999322891 0.650305986404419 0.408391654491425 108.5916210711 5.80778461694717 8.09694200754166 12.0952293276787 555.475610733032 1.71487653255463 0.919622749090195 4.71233806014061 657.7166480124 18.8984357118607 12.6891366243362 0 0.528719425201416 5.23887634277344 8.61739310622215 0
33.2164521813393 309.078658759594 219.452685981989 2.19753286242485 124.920297920704 388.201109796762 65.727018892765 888.444203287363 38.3185665607452 81.8276120126247 0 58.1184706389904 9774.12554115057 605.6191175282 11.0702628791332 16.3504068851471 1507.04875221848 8353.36453908682 3995.62425988913 16.6209315359592 75.8970595002174 90.0765383541584 277.048091262579 49.8666475117207 1931.11167764664 11199.1271119118 3699.02281048894 53.4863123297691 564.385412454605 90.7989159822464 1651.28954955935 307.529239714146 9.44108361005783 9892.22834831476 0 929.836385011673 7018.30641236901 11518.7567324638 698.978244155645 194.981464356184 147.675832301378 4259.04625341296 15.9668409228325 38.4676062762737 15.5695830583572 4.49087113142014 1.65788209438324 0 49.3911134898663 0.408515930175781 39.4316030740738 16.7295322716236 0 0 0 0.432999402284622 0.415889322757721 1.53522419929504 0.590896606445312 103.251676678658 0 336.243756175041 0.627963662147522 0 9.55021205544472 11.8290694355965 62.4984501004219 49.5995414555073 0 5.06665948033333 6.8997129201889 8.63700783252716 8.69184949994087 246.180875509977 291.777590870857 295.32123452425 5.76010066270828 3.67835366725922 5.33295953273773 30.66233253479 0 0 12.5374620556831 0
37.6269692182541 13.5125746428967 4.0452253818512 2787.58036392927 17.8568128347397 9738.55025783181 303.832483142614 1200.11805817485 2260.83482858539 25765.1130546033 58.1184706389904 0 51.457247197628 795.344137012959 1519.34980708361 0.806559711694717 4.91928002238274 2.14188551902771 8.75730732083321 26007.5388853848 3.1975454390049 55.6071122586727 6.7447045147419 2131.48507907987 3.10174027085304 16.1510604321957 20.9602967500687 1673.38278993964 553.500024616718 13.4424596130848 1.82343381643295 54.7819501161575 4.45489743351936 236.608644008636 0 411.34653866291 12.212551087141 360.756426364183 9.96894374489784 2884.21803954244 157.085112154484 12.8319478332996 55.0433673262596 0 0.520217657089233 0 61.9191175699234 0 0 2.7795569896698 0.429295778274536 0.414648443460464 117.786737054586 0 7.58157166838646 30.8232865929604 5.84021201729774 52.1872830092907 81.7795197069645 0 700.510424882174 0.966512680053711 1.98636800050735 10.8916646242142 1.15449529886246 0 0 0 80.0867113471031 0.293437123298645 0.38238799571991 1.27245873212814 153.995058953762 0.555038928985596 0 1.28292065858841 162.928969025612 4.38643619418144 1.85151791572571 0 0 0 0.773446500301361 0
13.1756636798382 1204.44269654155 30.091837644577 4.31875514984131 54.6612359881401 237.362750858068 25.0127374231815 386.624872922897 121.812299698591 54.7836121916771 9774.12554115057 51.457247197628 0 203.904851108789 15.6882983148098 13.8276375830173 103.23867353797 457.798595309258 220.705572366714 14.2448584139347 13.243249386549 370.329624712467 26.3818156719208 71.5139659047127 10599.7242798805 5196.73822215199 8779.7156072855 31.2187276780605 184.218193918467 23.1364154815674 4204.85172298551 103.468021601439 4.37359485030174 1612.70342671871 0 486.710899204016 4958.38551416993 3606.4487002492 409.396166026592 147.384093880653 488.336191594601 5232.41059875488 9.39508378505707 134.835075318813 59.116685539484 32.0074223875999 0 5.78963148593903 235.245032966137 0 41.7699193060398 7.65450394153595 0 0 1.21762347221375 3.08439883589745 2.47023767232895 4.58033448457718 1.08273673057556 232.704947382212 0 852.239579319954 6.32754811644554 0 0 14.4959961175919 100.392564982176 48.2711287140846 0 1.41804260015488 1.091661632061 1.19469374418259 4.67431199550629 397.550226122141 302.978725522757 290.614285498857 4.30972540378571 2.25521171092987 2.39153677225113 44.7774851322174 0 0 141.652112007141 0
15719.441886574 15.6276785135269 457.974773526192 78.9445937275887 127.28935661912 2292.78212878108 11662.9289849102 19056.1247480214 320.512090146542 2788.71611019969 605.6191175282 795.344137012959 203.904851108789 0 51.5443595647812 11.4298748373985 411.896015435457 30.0797275602818 87.4658938646317 279.780873268843 550.429389417171 74.2284036278725 1139.79101067781 811.191584765911 19.5897746682167 218.277233183384 192.876301676035 2008.61221039295 12650.2748769224 3725.94805780053 4.12980985641479 1700.84541341662 146.699726581573 2078.81554612517 0 1318.27925440669 107.422530055046 1292.06898152828 69.6048875749111 1606.40362077951 612.731093972921 48.1501851379871 34.365303426981 4.0121978521347 21.2141453325748 0 14.0467413961887 3.35265690088272 0 12.7973658144474 7.77018648386002 11.6882587075233 2.91239306330681 0 6.94628897309303 87.7916716337204 11.3176445662975 45.4302252233028 20.2547580301762 0.584647953510284 8.87454110383987 1.7442752122879 42.5718229711056 3.22244226932526 16.1269417703152 2.27861762046814 0 3.6434161067009 4.95821487903595 20.0585192739964 15.4302568137646 24.4023553431034 247.390229105949 0.680377244949341 0.833676934242249 31.5054605305195 219.890263736248 45.2409844696522 52.5760439932346 0 0 11.0100765824318 16.7083831429482 0
3.36102765798569 36.5000318288803 0 49.5640762746334 670.157535433769 882.246032893658 37.7269693315029 142.271795153618 1751.52012440562 164.771512746811 11.0702628791332 1519.34980708361 15.6882983148098 51.5443595647812 0 1.54767170548439 0 0 1.57278299331665 64.3149340748787 16.4139514565468 163.070986539125 7.35120671987534 730.398562192917 1.32649034261703 4.26881352066994 35.6693759262562 177.995580255985 31.4086418449879 6.97362595796585 0.947273910045624 8.84263801574707 7.25904089212418 18.1554279029369 4.12370592355728 133.004988014698 10.5118329823017 28.3413070738316 2.71494141221046 9541.69384384155 27.5642972886562 0 5.78604459762573 0 0 0 7.81690591573715 0 0 0 0 0 2.48879516124725 0 1.53092628717422 2.44249597191811 0.98992645740509 7.26315915584564 10.1006655693054 0 13.1622361838818 0 1.66679048538208 0 2.18632829189301 0 0 0 1.4871720969677 2.13051903247833 0.567616403102875 0 27.6404366493225 0 0 0.420343726873398 25.6723627746105 1.83206224441528 0.567789852619171 0 0 0 0 0
6.58104681968689 158.875885844231 55.2732411324978 2.53103166818619 0 5.16525250673294 55.523812353611 7.48951053619385 100.621270447969 11.5664475560188 16.3504068851471 0.806559711694717 13.8276375830173 11.4298748373985 1.54767170548439 0 100.122589766979 2.75343894958496 16.0195295214653 0.732762098312378 10260.4940439761 3490.4021692872 13182.0507658422 2955.12491741776 17.5418067574501 108.661003112793 7226.96413844824 1898.08940005302 46.0415964126587 129.186187803745 1.21645426750183 0 23.1016419827938 305.933391362429 0 1249.83008137345 392.140804588795 471.622208356857 161.764341294765 180.83381652832 12.8934073150158 2.60921227931976 172.573013693094 62.4525907635689 151.110270529985 45.3071860074997 21.9949902892113 1.05487275123596 0 4.49736505746841 18.0339303910732 73.1853521764278 0 0.762788414955139 3.30288138985634 48.7357669472694 5.47369745373726 19.9073614478111 1.53881144523621 2.46806073188782 0.56211519241333 0 13.7216400802135 3.0202442407608 489.325319260359 34.6263330280781 1.84600275754929 4.79084947705269 0.652068436145782 304.151987105608 367.115025132895 924.716179311275 344.216530889273 1.00679808855057 27.059120953083 298.80795904994 168.571465879679 22.5933822393417 132.639647781849 0 0 10.3905590176582 96.0146017670631 0
160.924902439117 677.91125446558 8456.65942168236 0 7.97723984718323 45.6140912175179 294.932400614023 244.466442018747 57.5554556548595 33.5710076391697 1507.04875221848 4.91928002238274 103.23867353797 411.896015435457 0 100.122589766979 0 918.866901725531 15363.5140268207 6.11468577384949 1756.47310456634 248.531012415886 13240.6245867014 171.349760472775 186.378294825554 10778.1749976873 5561.01717635989 298.954988151789 484.762728631496 2366.80839088559 31.6183415651321 13.5667506754398 71.6662049591541 3450.79663401842 0 2462.06015098095 1968.47015690804 2652.05788490176 826.051325559616 120.625584155321 18.3359097242355 15.133585870266 90.2405598163605 97.295203179121 80.1922297179699 20.5649981498718 3.72200128436089 0 2.17080223560333 0.67218542098999 140.087581127882 253.78364944458 0 0 0 10.9215970337391 2.90219932794571 7.66519990563393 0 12.1426605582237 0.916962921619415 28.5092386603355 9.86614656448364 0 52.4305637180805 192.58146366477 22.0203227996826 107.289818733931 0 38.1714208424091 47.3136050403118 179.662566870451 30.932119846344 52.6554399430752 416.783001363277 1119.83163160086 30.563319504261 4.60357058048248 33.6503087580204 2.13990032672882 0 0 54.4277161359787 0
4.18995350599289 100.096902251244 52.8454979658127 0 5.37836217880249 10.5687290728092 2.67520010471344 44.2487531900406 6.64255142211914 5.44623953104019 8353.36453908682 2.14188551902771 457.798595309258 30.0797275602818 0 2.75343894958496 918.866901725531 0 5807.70389670134 0.558090150356293 16.5247864127159 29.0558013021946 58.9999440908432 8.60110387206078 506.70194798708 5964.08070203662 1109.46723523736 6.08651804924011 36.9113444983959 30.3927848935127 140.487437039614 11.8806460499763 1.33247768878937 514.051922976971 0 253.516992419958 639.088006436825 884.726747214794 178.539024949074 9.32563349604607 4.15328681468964 32.1590988636017 7.96499568223953 24.5910822451115 10.6942671835423 1.0098512172699 0 0 7.62334710359573 0 17.9068818390369 4.78930568695068 0 0 0 0.466758966445923 0 2.4726639688015 0 39.7223180532455 0 132.08523157239 0 0 1.94164401292801 10.868296533823 54.9576136469841 40.9319031536579 0 1.82719552516937 2.04018849134445 3.78094434738159 0 147.560618788004 197.008913487196 203.873315632343 0 1.05927515029907 0.663667321205139 17.3182908594608 0 0 9.39238819479942 0
24.1050698161125 382.614406734705 404.237370342016 0.869157731533051 11.6142149567604 16.277378320694 31.1062917709351 82.281793564558 25.7009966671467 14.7873499393463 3995.62425988913 8.75730732083321 220.705572366714 87.4658938646317 1.57278299331665 16.0195295214653 15363.5140268207 5807.70389670134 0 3.8773190677166 136.538700670004 82.1618932783604 666.689204454422 36.8948740661144 565.295992404222 9243.82710418105 2591.61065521836 39.4869651198387 114.770669341087 241.574876785278 46.0104423165321 22.2210941314697 7.99744743108749 1507.67058432102 0 868.563841462135 1000.89980822802 1468.35556274652 390.411297649145 24.9116705954075 6.07163706421852 15.5139116048813 23.6108616292477 38.5376532673836 41.948070526123 8.1891867518425 0.622807383537292 0 4.76658940315247 2.36004000902176 66.5290125906467 30.9600935578346 0 0 0 2.81319391727448 0.851307928562164 3.86064657568932 0 26.9916416704655 0 83.4000351428986 2.00364303588867 0 2.4234539270401 52.13619607687 77.4073754549026 94.0307922363281 0 8.47712713479996 5.43677780032158 20.8683254718781 5.04775509238243 142.512355595827 431.263687998056 521.408155858517 3.68704244494438 1.36397361755371 4.2671794295311 10.8215518593788 0 0 25.9657944738865 0
26.1662068367004 0.66171532869339 0.64200496673584 37709.4608296156 5.69454562664032 755.246670275927 240.682186692953 293.396133631468 576.916977077723 24334.5882303417 16.6209315359592 26007.5388853848 14.2448584139347 279.780873268843 64.3149340748787 0.732762098312378 6.11468577384949 0.558090150356293 3.8773190677166 0 2.13390362262726 6.70555594563484 8.52912625670433 1675.96310520172 2.44383126497269 2.12301695346832 2.10197907686234 5353.99130481482 295.774605929852 18.0467530488968 0 14.1895794868469 4.98952972888947 94.4462566077709 0 198.258406102657 8.58065265417099 150.240104705095 3.25455474853516 225.107331633568 47.8957250118256 2.5767417550087 20.9093853831291 0 0 0 28.171204328537 1.40684401988983 0 0.565752744674683 2.35509365797043 0.429144382476807 122.90640604496 0.972556293010712 5.41402572393417 49.5044713318348 7.12037986516953 54.7831956446171 76.4970079660416 0 196.63821426034 0 3.64752802252769 3.98928511142731 1.71494644880295 0.278979867696762 0 0 48.7517830729485 0 1.5095811188221 0 186.419143259525 0 0 2.14390075206757 198.508013933897 4.82328885793686 0 0 0 0 1.81149172782898 0
206.930846661329 70.2264521121979 2038.19345873594 3.89653101563454 0.496311068534851 94.7233361899853 1201.45211514831 294.716687560081 171.977306455374 97.6780744791031 75.8970595002174 3.1975454390049 13.243249386549 550.429389417171 16.4139514565468 10260.4940439761 1756.47310456634 16.5247864127159 136.538700670004 2.13390362262726 0 1260.6021835804 31826.8528803587 1285.29546356201 13.2930611670017 292.56520742178 1350.36374238133 7806.23388063908 963.258619487286 19698.1719130576 0.545916676521301 7.47073194384575 319.756274610758 4683.23609694839 2.97635912895203 7172.56757113338 1158.84309768677 3782.32434234023 907.836414963007 1105.81880813837 88.0637272000313 5.99207466840744 237.310934066772 47.0026248395443 101.600114315748 41.1366368830204 38.3123724162579 0.824220955371857 0 19.994908452034 11.7328466176987 69.6327445209026 2.34942454099655 0 4.99261891841888 111.418891727924 18.8395435810089 47.4659069776535 3.87345451116562 0.633673012256622 1.21173942089081 2.18046808242798 43.5624094307423 0.271280616521835 774.001509547234 25.021381855011 1.76599195599556 6.79344084858894 1.34097200632095 685.746027588844 364.224486321211 767.255021244287 609.407077163458 2.44009384512901 21.896795809269 199.216698676348 460.214935451746 80.4290791153908 410.272194057703 0 0.583761274814606 34.9424938857555 163.737502545118 0
54.2649570703506 3129.67637765408 166.669009715319 12.1105869710445 3.1532501578331 24.7071799039841 151.750040560961 46.4542183876038 3231.90187174082 28.1787729859352 90.0765383541584 55.6071122586727 370.329624712467 74.2284036278725 163.070986539125 3490.4021692872 248.531012415886 29.0558013021946 82.1618932783604 6.70555594563484 1260.6021835804 0 2275.18454661965 7319.16384151578 522.644128590822 507.728159546852 5482.12251794338 963.91311943531 200.642490804195 425.138535439968 7.8792313337326 2.262242436409 64.075629144907 337.35268497467 0 1018.26379939914 408.785613149405 512.525027215481 129.362511605024 287.552282720804 13.216807872057 54.7141880095005 120.442973136902 40.3524002432823 60.457427740097 14.3986567258835 33.4207988083363 2.16928577423096 1.6998438835144 9.87234947085381 28.1140401363373 72.3167101442814 3.08223849534988 0 0.841493487358093 35.0221360623837 7.52724376320839 20.4412745833397 4.00898376107216 9.38932430744171 3.76257574558258 22.5236310362816 12.511746764183 1.68564027547836 284.539874434471 27.2305507063866 4.34180569648743 3.85782074928284 0.604311108589172 163.044908732176 163.7067463696 389.777416020632 158.640975981951 5.75776183605194 43.6880557835102 253.396443665028 107.736972808838 28.2634284794331 84.2004736363888 1.4733829498291 0 6.65204006433487 39.1997888684273 0
391.013852447271 253.822909981012 14269.2061415315 5.48513528704643 3.75713658332825 161.99801453948 2047.46826499701 657.605179190636 122.769328683615 154.022156268358 277.048091262579 6.7447045147419 26.3818156719208 1139.79101067781 7.35120671987534 13182.0507658422 13240.6245867014 58.9999440908432 666.689204454422 8.52912625670433 31826.8528803587 2275.18454661965 0 1192.49140331149 24.4057379066944 2027.15931653976 9761.85046607256 6312.28420120478 1070.51828017831 10244.1974281967 5.09727373719215 6.73286631703377 230.371179252863 5950.51825320721 4.1975604891777 14173.269477129 5756.29965430498 7313.3649058044 2604.70023623109 1819.71956169605 91.5075208544731 17.9883089363575 603.082066297531 234.088846862316 419.536034852266 132.163313627243 86.612229436636 7.99896156787872 0 11.2178265154362 93.7234730422497 535.376513302326 0.250012814998627 0 5.49235764145851 118.780410856009 18.2606579959393 49.3143026530743 2.6381995677948 6.68653321266174 3.04704260826111 3.04450392723083 32.3370182514191 2.0645934343338 1279.50780084729 165.483000099659 3.1079466342926 37.0877546668053 0.978790670633316 597.006214469671 748.602081000805 3512.76755553484 325.86961902678 8.03144320845604 127.715313464403 2075.62303000689 266.32540923357 50.8078678846359 256.52965259552 1.3347974717617 0 13.7281667590141 281.708561807871 0
302.534923255444 560.376293420792 213.712388247252 3803.74085459113 10.2879455089569 462.654450714588 2049.58006334305 586.687372028828 15035.6321916878 1978.10418251157 49.8666475117207 2131.48507907987 71.5139659047127 811.191584765911 730.398562192917 2955.12491741776 171.349760472775 8.60110387206078 36.8948740661144 1675.96310520172 1285.29546356201 7319.16384151578 1192.49140331149 0 73.2264412641525 233.261726081371 2472.86707317829 21665.7414556742 1523.845064044 1269.92564666271 2.07051813602448 11.5384709239006 535.615350693464 880.017343729734 0 2535.6109636724 213.807327777147 970.066392213106 146.792508870363 989.468028098345 80.3239534497261 8.61630880832672 445.222046226263 36.7573211491108 189.248001098633 38.0520293712616 182.984304130077 13.4356988668442 1.32525539398193 149.177739858627 19.6634130775928 42.0415253341198 282.593658000231 2.38656437397003 97.9529141783714 1119.16830420494 179.478603959084 733.120971471071 423.103410899639 11.6586940288544 181.634029388428 3.63363093137741 385.738915681839 26.4431434869766 287.545358777046 17.4767718017101 0.785731971263885 11.5525140166283 210.928515762091 425.904458582401 265.043651640415 335.579689204693 4552.27836081386 3.04987424612045 25.0959288477898 184.209962815046 3256.7528232038 522.003195405006 639.00962883234 0 1.9130645096302 100.843093544245 192.180938065052 0
0.905094683170319 2417.52674457431 21.5802510678768 0 3.09778785705566 14.0722644329071 7.11438342928886 22.0621032714844 136.698812842369 4.29786241054535 1931.11167764664 3.10174027085304 10599.7242798805 19.5897746682167 1.32649034261703 17.5418067574501 186.378294825554 506.70194798708 565.295992404222 2.44383126497269 13.2930611670017 522.644128590822 24.4057379066944 73.2264412641525 0 2102.59448507428 4920.69979894161 13.8744732141495 25.4303177595139 6.74712884426117 176.691343307495 1.3532418012619 0 319.743833780289 0 207.780097305775 2197.08171275258 917.273384153843 124.177554100752 17.7658289074898 4.89449441432953 2290.50016632676 23.501776099205 88.6438186168671 66.8975589871407 16.0082477927208 0 0 153.511677026749 1.2706937789917 102.18508297205 11.1822661161423 0 0 0 0.761545658111572 2.64840731024742 1.35653465986252 0 228.023924797773 0 739.986213684082 7.05725771188736 0 2.2866667509079 29.9126471579075 224.704588860273 187.276566803455 1.10246574878693 2.69871789216995 5.99867984652519 13.3903095126152 1.34693443775177 843.900420427322 828.822652339935 795.679103523493 1.98520386219025 0.882525622844696 3.82898527383804 73.256268620491 0.6256183385849 0 54.5285831689835 0
39.9429846405983 1909.74654895067 13322.3012939692 1.11219757795334 27.3049529194832 65.6492509245872 223.237904280424 204.289745360613 139.049020916224 28.366978675127 11199.1271119118 16.1510604321957 5196.73822215199 218.277233183384 4.26881352066994 108.661003112793 10778.1749976873 5964.08070203662 9243.82710418105 2.12301695346832 292.56520742178 507.728159546852 2027.15931653976 233.261726081371 2102.59448507428 0 35392.8664436042 209.293339192867 252.497370839119 422.164325088263 2069.18452546 34.3980204463005 21.4253725707531 2898.27898767591 0 2783.76603728533 3768.44827032089 4272.54269301891 1086.98043468595 104.964567631483 21.2808281481266 115.868040472269 175.607097774744 243.358424514532 187.420438528061 59.3631449341774 12.6343604326248 0 30.92064422369 2.82773858308792 466.158411443233 264.692708164454 0 0 1.32890284061432 15.7974454164505 6.52240398526192 4.58341893553734 0.730525135993958 217.309186428785 0.884053409099579 518.201480060816 17.138220012188 0.356110662221909 18.5230000913143 320.521241754293 307.03568226099 613.991008013487 0 31.5826526582241 43.4894432723522 134.82219183445 19.1240759193897 784.711359322071 2449.39990565181 3099.05453500152 19.7118666768074 13.1726765632629 30.48141258955 71.3097617924213 0 1.40898668766022 164.480701744556 0
49.1152944564819 7288.54535084963 7930.81533378363 7.41519293189049 12.952487051487 78.8239222764969 485.033152341843 164.741315543652 559.975493401289 72.4570913314819 3699.02281048894 20.9602967500687 8779.7156072855 192.876301676035 35.6693759262562 7226.96413844824 5561.01717635989 1109.46723523736 2591.61065521836 2.10197907686234 1350.36374238133 5482.12251794338 9761.85046607256 2472.86707317829 4920.69979894161 35392.8664436042 0 1628.28480783105 221.009638428688 417.881907582283 1947.76329874992 31.0147821307182 41.4685383737087 3407.67502355576 0 5711.52611202002 5708.4388987124 5380.33642026782 1560.92892283201 361.808386683464 20.9172492027283 182.006503880024 590.1619553864 521.905817478895 569.585758268833 198.028545796871 41.6778272986412 4.0423196554184 32.2263206243515 19.7403352856636 1008.07009726763 1319.33964985609 0 1.21042144298553 3.95266512036324 60.8980228900909 8.63941124081612 46.011071562767 1.33048745989799 201.767575383186 2.30511176586151 418.314241409302 26.4139294028282 1.05310681462288 308.872971922159 818.49530094862 299.355516374111 664.34860098362 1.79480758309364 149.185170441866 693.816135436296 1841.09619128704 159.596955060959 719.21384909749 2762.09787482023 6921.03751960397 102.023121476173 38.4191492497921 96.9070579409599 44.5722395777702 0 3.97402769327164 326.650032639503 0
737.300131052732 85.1082420647144 1101.71720996499 17500.4622391462 5.93125656247139 2688.97371149063 18758.979183048 1617.47166234255 3626.80312722921 22762.3044842184 53.4863123297691 1673.38278993964 31.2187276780605 2008.61221039295 177.995580255985 1898.08940005302 298.954988151789 6.08651804924011 39.4869651198387 5353.99130481482 7806.23388063908 963.91311943531 6312.28420120478 21665.7414556742 13.8744732141495 209.293339192867 1628.28480783105 0 3394.69993048906 9871.98720395565 1.85149312019348 21.6404029130936 1321.25762674212 2549.74889147282 1.05866289138794 5505.05197584629 347.235386282206 2381.26452463865 365.802903980017 965.193248867989 205.248758614063 14.6337798535824 336.950536489487 32.7274096310139 136.382463574409 34.0145356655121 156.713843047619 11.0369558930397 0.653250396251678 177.094670802355 12.9922433197498 46.7857920229435 222.190514266491 0 99.7112420201302 1048.84243005514 181.436684787273 475.415738716722 424.70170328021 11.9877598881721 144.126557022333 0.788647651672363 330.329969733953 18.9235583543777 340.872346013784 23.4844783842564 1.4376158118248 8.01931616663933 207.410126149654 435.907727837563 280.560643196106 386.653488725424 3444.63099488616 0.755972385406494 15.057678937912 184.207482725382 2805.67077147961 488.434435725212 641.411877125502 0 5.08738148212433 100.551105827093 135.293141961098 2.90693640708923
14648.4122148454 31.1175736486912 260.38789793849 142.289930701256 442.595008850098 1219.99358037114 4032.17434757948 3409.43620681763 410.300741970539 1959.86376540363 564.385412454605 553.500024616718 184.218193918467 12650.2748769224 31.4086418449879 46.0415964126587 484.762728631496 36.9113444983959 114.770669341087 295.774605929852 963.258619487286 200.642490804195 1070.51828017831 1523.845064044 25.4303177595139 252.497370839119 221.009638428688 3394.69993048906 0 9936.66221889853 0.673989832401276 1908.77191534638 9106.20633879304 5614.71044227481 0.626901507377625 2467.74800223112 131.169921427965 2825.25209715962 152.89117795229 1071.28277724981 1817.69767147303 34.9513048231602 47.7765136361122 3.97683823108673 12.0520949661732 4.71050626039505 11.5060764849186 5.99509903788567 0 18.060700148344 0.31243234872818 9.07204601168633 3.90728843212128 0 6.24760466814041 92.4707271754742 11.7110632658005 53.8051898777485 15.7983760535717 0.223469153046608 7.42824909090996 0.437946170568466 37.4592704176903 2.00669020414352 41.9358015060425 3.75236237049103 1.54924899339676 6.52696090936661 1.87989145517349 57.5155247151852 21.5301077067852 52.7631133496761 309.197693496943 1.20268371701241 14.0578362941742 46.3053995966911 273.399106144905 56.4250790774822 75.0225646495819 0.639152526855469 0 15.976272046566 19.0521766245365 0
3166.92622110248 45.5438592135906 1252.24338591099 11.2801439166069 3.68359270691872 178.394529432058 10194.9442118704 1239.3827213645 424.1318359375 164.79641109705 90.7989159822464 13.4424596130848 23.1364154815674 3725.94805780053 6.97362595796585 129.186187803745 2366.80839088559 30.3927848935127 241.574876785278 18.0467530488968 19698.1719130576 425.138535439968 10244.1974281967 1269.92564666271 6.74712884426117 422.164325088263 417.881907582283 9871.98720395565 9936.66221889853 0 0.522124111652374 8.3198314011097 1290.87793910503 4271.97727242112 0 3990.47728732228 374.205294579268 2355.11961135268 350.32871696353 523.096481323242 94.1815868914127 5.58187592029572 125.750028789043 16.8683015704155 60.6721622049809 9.46561434864998 21.3400738239288 2.58972573280334 0 25.2446682453156 7.79716256260872 25.4924992620945 2.28703328967094 0 6.68781694769859 123.175622314215 19.3028527498245 55.5517012178898 9.18926268815994 2.07617259025574 1.75841575860977 1.09420400857925 48.2162006497383 0.694292366504669 177.291743755341 15.5685639977455 0 2.57952156662941 2.53054684400558 261.583194613457 104.163129776716 220.101493418217 451.837480604649 1.77337491512299 17.45481133461 85.4686392843723 404.848474800587 108.821347773075 193.284188717604 1.14312732219696 0 28.1816081702709 74.5821728110313 0
0 30.2710931897163 6.96625518798828 0 0 1.68627178668976 1.05969929695129 0.821125447750092 2.84763610363007 0 1651.28954955935 1.82343381643295 4204.85172298551 4.12980985641479 0.947273910045624 1.21645426750183 31.6183415651321 140.487437039614 46.0104423165321 0 0.545916676521301 7.8792313337326 5.09727373719215 2.07051813602448 176.691343307495 2069.18452546 1947.76329874992 1.85149312019348 0.673989832401276 0.522124111652374 0 2.03754025697708 0 52.9299712479115 0 21.993233025074 163.290380746126 130.22134321928 11.1123368144035 2.0230199098587 0 29.6697425544262 0 7.05625665187836 4.41696971654892 0 0 0 3.10582947731018 0 1.43290573358536 0 0 0 0 0 0 0 0 18.3460675477982 0 58.7386818230152 0 0 0 0.586069166660309 16.6313299536705 5.43933838605881 0 0 0 0.763372302055359 0 32.6714298129082 28.4689702689648 40.619174271822 0 0 0 3.10614311695099 0 0 1.02299124002457 0
19.8677883148193 1.99948728084564 12.5547997951508 2.16853424906731 1392.68049395084 1764.6391440928 32.5477833747864 1624.83875146508 2.50138413906097 57.3379063606262 307.529239714146 54.7819501161575 103.468021601439 1700.84541341662 8.84263801574707 0 13.5667506754398 11.8806460499763 22.2210941314697 14.1895794868469 7.47073194384575 2.262242436409 6.73286631703377 11.5384709239006 1.3532418012619 34.3980204463005 31.0147821307182 21.6404029130936 1908.77191534638 8.3198314011097 2.03754025697708 0 1.7721146941185 2233.62403255701 0 91.4135610759258 24.3241354227066 409.498996764421 20.1772318482399 318.177929848433 2595.01299595833 13.4963000416756 1.12353408336639 0 0 0 0 0 0 0.921232640743256 0 0.806419193744659 0 0 0 0.501753151416779 0 0 0 0 0 0 0.985202014446259 0 0.467616975307465 0 0 0 0 0 0 0 2.02637147903442 0 3.22047060728073 2.69948947429657 2.53238639235497 0 0 0 0 0 0 0
