0 136.054056294126 104.09822759415 91.7157369907677 79.1526866496785 77.8012123345558 35.5684150987728 43.3555584377408 74.1286000898045 79.525453245951 100.30643368201 89.2612116706554 93.8225444228579 17.5641840912252 93.0386063410136 110.635691524566 112.135828441172 138.579957490425 125.29444880822 84.2939783916576 91.5238517339995 90.8358507922189 101.815657527434 80.5613054226607 110.963829040527 123.583616016207 138.432788676775 82.2411874268268 21.9137949365916 41.021846675004 0 80.2367778475417 36.8602450218533 59.7821544962866 0 74.1318449490531 102.392368706843 65.3816607033621 95.7510326868132 70.9118714634031 68.8949033416153 80.3567021289343 147.456235919172 157.575881958008 170.547803944774 149.927658081055 145.517393990635 0 0 134.523895668036 157.001448555947 183.477421731335 0 0 0 144.737442752133 162.007435647579 95.4347906457175 183.573608702024 0 144.721008300781 0 167.995997419028 0 136.195815393112 0 0 0 0 128.364424516633 123.699531956453 160.355160118288 121.562730585976 0 181.905120849609 163.4940958781 133.825963997904 151.426497278554 141.235215220583 0 0 152.354924748757 153.048456947275 0
136.054056294126 0 48.5756130263574 149.728922009494 80.8197644059011 132.25898401075 118.960243320839 119.205972993139 72.3664899082565 145.213961154134 60.2493326979056 109.181921413031 43.6543585699574 116.393875794223 109.02893578795 63.904733209139 56.7444262561717 67.189856348321 54.2771344139213 151.707855224609 91.7157416537426 27.7226807424734 72.176093414683 79.2980103061184 26.0816921797358 48.0581789272329 32.1093612208318 105.042107356946 110.474168162655 108.394747305263 67.4354963888779 99.1078338623047 121.591722460666 56.2778405765651 0 76.2503517044092 42.5861401748045 55.4410708382257 60.8417855169088 95.8639336408884 79.938117980957 45.3096393138547 103.091664870327 69.424745454082 75.6278207822194 91.7280201458566 110.527226306275 0 53.7819215510905 0 25.8385641064273 68.9685578585526 0 0 0 132.879472061564 166.949340820312 91.1576156585516 0 87.1985895353851 183.100997924805 65.6481388377191 133.048302929905 120.795303344727 104.033948699514 74.2419819374017 79.4686660725384 71.8856272708606 0 132.87216134463 62.7455617998208 90.17543912045 124.801301119953 42.0158697392068 63.2153717821567 61.1762827772478 124.731266591629 138.115635368787 137.221588622034 81.8637042361636 0 133.339401245117 71.9308045577014 0
104.09822759415 48.5756130263574 0 160.87219393248 0 124.436101363227 96.1579957222342 116.447490533083 106.89043073532 123.068707669069 81.5172896461134 152.218003457234 96.2759271861451 113.162853934594 0 82.9482728832482 46.2832281340795 92.7131900998943 73.0758768534707 104.69229888916 64.5778712460418 65.0962989057897 38.8889366734272 95.5591086592488 85.8111997745902 32.0460494562708 33.7933150076113 80.8204841673199 118.666777506288 79.8008430331597 101.164962926536 135.066477913647 103.407864179688 60.323984163321 0 73.931922635441 47.2078733395388 59.2952510216608 62.9371154352881 86.5676148854811 128.074392664138 88.9018990058721 116.220017483602 96.456275524804 109.829850328399 109.805898404135 126.901589895394 0 0 165.028927581853 67.2779641190088 97.4869055556628 0 0 189.552226558187 162.834400459844 148.127444207714 123.452070567045 244.896987915039 148.838192700228 151.729663069993 128.307554221155 169.445017078666 154.563430786133 116.598676208108 106.594560233971 143.7081624448 120.233177940094 180.321568125976 144.372099251029 80.9899806480309 109.191230712611 142.862809966755 117.119314415048 107.056731890937 93.5546893314015 150.168598746172 169.38019293021 144.506067519674 0 0 185.9938714954 106.579999408707 0
91.7157369907677 149.728922009494 160.87219393248 0 0 68.5787981457089 50.8527648911487 97.3193473472429 55.5435602792744 24.544506358508 150.025896222026 40.9849260434085 134.12186649988 111.06995564937 68.338078235037 104.306468209041 0 0 184.073303222656 11.9345573812432 120.747936901792 96.4468147515263 131.26111030518 26.0497774955477 0 212.306117269172 128.411090848167 20.8785992290268 107.994276465446 120.822051325603 0 142.336671223682 96.5629856188439 104.396511318104 0 97.1410787630131 136.576187833299 103.86856556383 101.279357164452 75.3025302940166 111.277278414502 0 89.1197735004599 182.43603515625 146.951533824103 0 96.7161658233136 141.910634531505 0 187.936034263834 124.470105032858 0 28.9045458959459 0 136.849250557924 141.121904664648 149.510939477729 80.3362947010276 87.4518568926125 0 29.4000096278171 0 154.882467487777 100.801334640496 129.751175938174 207.850387573242 0 0 41.8595973121151 247.530548095703 150.708151647563 182.054535011797 67.3863553329478 0 247.058013916016 150.560737347079 102.184536541556 142.585709381851 182.52055053098 0 0 159.768112182617 124.408580149984 0
79.1526866496785 80.8197644059011 0 0 0 12.6550687571046 115.612704119254 19.5738922048378 56.4138956998474 108.890132430115 46.5971127540909 72.0761710186654 35.98939726035 33.0602051824692 11.6913786397828 0 85.0170477431653 100.727701007686 81.4163039152258 110.482783209269 138.615173339844 124.856672913852 128.668526794499 102.169554173777 116.716457759166 86.9777634793941 102.612766731099 131.835246224129 17.9200528869356 109.357119158706 0 12.5084883235182 0 18.1439364611991 0 65.7268138164124 56.7866419945173 34.997462856715 53.0593550476619 13.0790227926894 10.0440380897643 49.9949143382836 0 0 0 0 0 0 0 185.609497070312 0 0 0 0 0 169.192535400391 0 0 0 0 0 0 0 0 0 0 0 0 0 0 0 0 150.913619995117 0 0 0 0 0 0 0 0 0 0 0
77.8012123345558 132.25898401075 124.436101363227 68.5787981457089 12.6550687571046 0 56.9442274634589 20.7808973590617 58.3306494938221 29.1212153975572 64.6455013519403 32.0580594226969 51.9082357646972 47.5566737495077 27.8269651157021 127.96825027077 135.562857295696 106.454336630077 122.303112906015 51.3246254269483 117.062706351396 112.523479391687 125.511534354219 79.679769380725 104.459899036397 120.272101597741 130.00917653757 68.0367273004753 51.8794127679299 96.3337573534127 99.9458317781026 22.3758330812423 100.721864842613 40.0073209483936 0 79.533555670266 88.6031645941286 59.0521979529013 85.1605493376307 20.1236071411941 17.6851700580311 68.4049889392003 113.685208466755 155.501038251178 195.789914023596 134.167150456339 117.105400328465 0 0 167.234908545004 0 177.449784352203 151.403484449512 0 180.268927720175 147.187906299878 164.669611515394 99.9841953002749 155.596408812147 176.682067871094 105.677824472812 0 171.504919440792 97.5825576782227 165.600423807071 211.55236100487 227.890884399414 0 143.159914965262 162.823530802229 91.1614151000977 173.532897193962 128.885312706472 93.4100952148438 171.88975370403 178.261988052952 153.232145875522 170.636091107938 156.708814747841 0 0 181.298201228856 139.541281504047 0
35.5684150987728 118.960243320839 96.1579957222342 50.8527648911487 115.612704119254 56.9442274634589 0 57.1810855503067 61.3309669831388 25.5587671836039 134.657034633799 62.1463889800286 116.519470846824 43.5859899712917 86.6305831171067 93.632198279004 118.519435759563 168.90246181469 134.381257644248 39.4394475271592 81.8202681269273 85.9229160978923 91.6546130892796 62.5545386007837 157.586033037172 130.107003197346 111.65320161394 44.7688973530059 71.9654909555406 29.0762015090069 191.186889648438 118.13192394937 70.9853680480162 83.4565970886388 131.904449237959 78.9950026152512 104.629315522231 84.0557222712004 93.7935695220065 78.5610596232523 87.5763004211399 116.127478649306 147.081920166883 150.769849315385 153.714451349217 161.187530062103 136.586122847161 161.421536956188 0 123.319414747307 145.019312543172 167.857444354014 139.438460676611 0 153.062043863314 129.818114498106 147.756225925373 87.4189394100854 148.317798419542 225.182277215119 131.413602438325 246.604932815567 155.912523450237 133.483901977539 134.928028888954 184.113460748745 222.138458251953 191.278032964459 143.547683485231 142.253593840132 119.690745981436 157.600502674433 112.646123811454 169.492756429221 183.606820953872 164.10423490324 128.47359189946 149.262461685213 135.178706025896 0 197.315643310547 137.839651013963 147.624048392478 0
43.3555584377408 119.205972993139 116.447490533083 97.3193473472429 19.5738922048378 20.7808973590617 57.1810855503067 0 78.6463364914421 38.1121706304287 63.381683530322 67.0552305504655 50.8650474561181 22.9689434268736 44.87735832015 126.803823196435 124.445354716241 106.301330914006 105.343727610467 79.6166985640635 109.014422549157 106.401653066909 116.466320714433 88.7608777017454 104.205422912156 123.088639693656 124.60802405798 87.3944849523257 40.5086928667199 79.2085334082898 106.446632385254 21.4947995526908 99.2643903963798 45.9312161266038 0 81.6461250486906 98.6563429502149 55.769459630391 77.2511736823618 27.9916844860798 26.5514802487561 64.5145465095701 153.829891407201 153.76741027832 179.557351747283 82.4960556030273 138.72847291141 177.719750011279 0 160.368330308463 202.728583201171 182.660539938 165.925263081881 0 155.457267915825 146.991004093071 167.203185297584 118.462106849611 171.021508057069 224.031433105469 140.17734497809 130.941748813567 168.752390061005 0 149.605212403525 156.29568778776 0 183.974249932648 152.986917108662 173.200831888096 114.164781317204 172.781169169604 132.800209508148 114.656808260726 172.402614863833 171.860526507578 145.501046828465 161.118285762962 161.913726207659 0 0 152.563926568998 151.420032510242 0
74.1286000898045 72.3664899082565 106.89043073532 55.5435602792744 56.4138956998474 58.3306494938221 61.3309669831388 78.6463364914421 0 68.2835719694137 129.914428471528 30.7602566440694 118.322445095661 85.0806642788785 25.904804740863 54.5226022415038 121.667201666878 146.840714191282 130.625155136988 52.946387426091 68.371205437077 32.9460750940344 91.2544486859252 26.2724894533855 106.66174642659 122.672679204447 95.5930345359592 57.5376027304188 82.3668553677564 63.1119680765803 130.224547984126 163.146339497774 68.358459617941 78.4131678082211 0 53.8217538822754 96.3724859953906 84.4069949301441 92.5621431431566 25.780508837755 87.9542677589335 128.603960212687 57.1169407673352 119.49592519385 99.4035609162258 112.822639970883 44.4007505237118 0 0 78.7679118267851 89.2499017770445 124.620887033678 91.4545648899325 0 95.8449719502364 87.4046619169723 109.966214935954 18.5160004270712 98.6645338058942 144.390716552734 67.648423438468 163.135571993659 112.018715721911 57.8928665981707 61.4746843586714 152.328490302396 0 143.691024410862 80.5108177304082 77.7744575791902 27.7921014670543 98.6847216463396 50.8547081148809 162.521957397461 149.132680177394 135.476154388601 82.895703526965 94.7345336588844 75.4148603076359 0 0 91.3930684138499 94.7636494694739 0
79.525453245951 145.213961154134 123.068707669069 24.544506358508 108.890132430115 29.1212153975572 25.5587671836039 38.1121706304287 68.2835719694137 0 128.964301889831 25.2882056125345 108.404413183966 63.6920400505498 71.469240907759 120.178397492804 147.044477136096 157.693478329467 164.139729909824 15.5870993490708 111.148089198343 110.89256373827 123.032038418825 60.0257796123669 176.788584642201 150.966939155679 136.94467905824 35.7293518638072 94.555824636262 96.1526252125656 0 119.976594433194 44.8720760432138 95.4368373682917 0 89.8355870312788 128.153850251549 92.916536695184 105.676979621063 71.0000112395609 93.1921494530858 120.216571893359 120.93707492249 201.445814675754 165.129823007499 237.605911254883 115.106102883794 195.996398925781 0 151.379896993103 165.185907937625 187.644513469949 157.071373264484 0 162.747599601129 146.497085075137 165.97503991624 93.1380683874296 157.971585530244 236.816396095418 54.913322770913 0 161.967580119187 122.959951562147 178.769695969311 166.703369140625 202.766372680664 219.565048217773 146.391974637161 186.491470536404 157.253860197089 164.802816159545 121.904270995165 159.022613525391 208.064920016291 191.087462186086 148.378217302348 172.660928909174 171.947927748787 0 212.101852416992 169.919264555875 180.95202113459 0
100.30643368201 60.2493326979056 81.5172896461134 150.025896222026 46.5971127540909 64.6455013519403 134.657034633799 63.381683530322 129.914428471528 128.964301889831 0 121.881353417264 23.9401930856702 70.6132132776922 87.2921008592804 110.121397899836 52.3028451792087 22.8696151610785 28.2263003034456 138.297054526558 105.943864109527 97.3544928904619 83.9034535440248 144.899788537827 34.7902662974372 28.0405592075898 52.8704050158396 144.516113248796 62.4230761047025 115.380327873287 24.7369553225708 57.1105537921624 107.378589807755 22.0693530180222 0 75.1314654415507 28.2525417673016 24.6376164342181 42.5503835431913 63.2517636006783 41.8321663839624 18.7229660547613 120.459878016359 72.9524619929453 123.254796403031 134.121697513148 148.825057983398 0 53.8708561907022 220.642639160156 86.0724284281647 147.209411352636 0 0 0 187.979339599609 201.294677734375 148.666793823242 242.535003662109 84.8476693160696 0 72.0609419104062 145.10871887207 0 160.604830699432 122.466411132325 103.399202137999 111.582434709612 0 179.771863264713 116.8483319863 142.803670261503 195.133766217264 62.966444485408 102.711884537584 103.660913026001 192.161501342773 174.391021941636 190.607937991378 98.3209627217571 0 0 117.28025916165 0
89.2612116706554 109.181921413031 152.218003457234 40.9849260434085 72.0761710186654 32.0580594226969 62.1463889800286 67.0552305504655 30.7602566440694 25.2882056125345 121.881353417264 0 97.8887341249887 86.0542019213743 19.6293320010189 113.369189977801 172.068658887911 164.094883118505 145.868812377775 16.0224423521651 158.810197068236 76.4615747571066 162.050825185123 24.8352827043404 138.892615597321 158.994474804256 140.589494222542 57.6163156198358 95.6005293174977 143.90697554184 163.991692682213 99.1632199420768 116.498685799455 94.3674770807787 0 67.6649382272578 123.413223340109 91.7351222319538 108.087207687262 27.8773916252243 81.6165476233993 113.530843171833 69.1006632330757 0 118.955223083496 0 83.0130027707553 0 0 156.285175513219 204.441192626953 155.607177734375 81.0576007788775 0 160.173510978482 129.940855451705 132.97973272322 68.0216394746177 135.163032800536 0 20.1966132472344 221.701354980469 144.388564816883 103.526579670347 192.979914353307 0 0 0 84.6295052453885 203.602035522461 198.013793945312 166.47094487524 97.2801377974453 177.704498291016 0 212.55409201841 134.075228624195 175.442201055749 148.973114013672 0 0 0 127.937110900879 0
93.8225444228579 43.6543585699574 96.2759271861451 134.12186649988 35.98939726035 51.9082357646972 116.519470846824 50.8650474561181 118.322445095661 108.404413183966 23.9401930856702 97.8887341249887 0 59.9496886691914 107.406673941088 133.472034083487 82.1054646207289 50.0636049350123 62.0860518503707 110.740721611027 141.952037997367 81.0060557316861 127.445811139902 131.789517412211 18.6574424893365 20.2840264593606 25.9367415010754 133.045089966848 46.2376897714594 131.005843366194 11.3437741879188 48.3721098177234 63.0592489004004 21.9096785346749 0 40.4028870633806 24.6385290763242 23.7539550495647 22.026215230456 43.5979773240204 11.3280889604663 16.3889732430255 107.220360582427 55.5497438565548 51.4686018900428 28.1087191191888 0 34.244428338208 37.9385311696379 0 68.0739529992187 140.657405473888 0 0 108.174102783203 192.365324397195 113.012586121472 165.340950182971 185.892456054688 71.1014297949907 0 61.3150995497491 170.3907722534 0 0 126.040154973208 91.3213476142689 101.327518731135 0 142.802801857969 129.244149916004 163.787267143855 174.425960195704 47.7245885831953 92.2745007131181 92.7478582432544 181.853983192095 129.211526671343 158.912522860818 90.9990720085948 0 0 20.5740300789754 0
17.5641840912252 116.393875794223 113.162853934594 111.06995564937 33.0602051824692 47.5566737495077 43.5859899712917 22.9689434268736 85.0806642788785 63.6920400505498 70.6132132776922 86.0542019213743 59.9496886691914 0 61.1454015250193 132.069146214289 123.485061994204 111.312858270909 116.808959492821 94.7432799823065 106.90064358665 107.555224846089 113.282420071834 92.6953980053926 108.775777358146 125.299648288568 133.436981240987 93.9806063324154 34.3382132975684 70.6147578149595 119.044247176015 20.5770743267056 76.0988581062581 52.2870637787002 0 78.573633396584 100.567328145547 60.6222796992265 101.354523220587 39.6631845115548 40.2551363654677 77.1913507215027 158.113763014276 170.113279162803 157.750698104872 0 162.424201549483 198.70941310566 0 148.589226348751 151.989635461916 180.237872971651 180.087883199286 0 159.75834832045 150.216749866781 179.873345854266 118.232997780463 179.125111983816 238.15966796875 127.645750173121 133.582977939963 172.31478888684 135.811966304593 163.236434018405 197.143436394046 0 166.626812919512 189.554477138578 168.173355641991 140.198177358263 175.701464002753 137.324064970879 192.978668212891 198.124618530273 178.99041562224 150.677649292761 160.907950725868 155.713295215112 0 0 168.013140081125 155.236048568723 0
93.0386063410136 109.02893578795 0 68.338078235037 11.6913786397828 27.8269651157021 86.6305831171067 44.87735832015 25.904804740863 71.469240907759 87.2921008592804 19.6293320010189 107.406673941088 61.1454015250193 0 96.2897872136895 0 0 138.369587247374 62.8529285957027 112.875307793872 73.3809673853068 111.279118728556 43.4626704741152 141.903335677981 152.550506636875 126.650757617849 79.296662982263 73.2874585353937 86.9878732498721 158.28913099374 82.6056224839774 67.9297159228607 67.1794150222469 62.3268256625025 35.8308284301981 97.7942644173075 63.8616491780988 95.4930309411149 9.95993618125332 49.2058712262324 0 77.7699397739111 0 0 0 76.2942012621885 0 0 0 0 0 108.234451078532 0 120.983860863976 112.878735590226 179.705718994141 54.3755509034677 125.995534100656 0 100.171851751196 0 136.443020607954 0 119.184961342839 0 0 0 102.595299651532 157.859339998235 98.4004821777344 0 67.6924038757915 0 0 185.573425292969 128.988148093749 179.457227968188 138.422958374023 0 0 0 0 0
110.635691524566 63.904733209139 82.9482728832482 104.306468209041 0 127.96825027077 93.632198279004 126.803823196435 54.5226022415038 120.178397492804 110.121397899836 113.369189977801 133.472034083487 132.069146214289 96.2897872136895 0 100.138984903929 135.479676708383 124.597828535201 116.691482543945 19.0097096758548 34.80158119898 18.6120212242019 33.6627584882633 102.7916052395 104.335331711841 26.0891384406633 39.0776070000141 96.1755338769973 83.385307521854 130.216064453125 0 76.0214398467142 76.1509122693394 0 74.9948414538507 52.6389122565248 72.6389766179501 73.3509716652985 81.6754114298959 89.4151259810429 119.390924202232 106.973911187644 88.575653651401 101.242904851757 101.355430003554 114.680354924681 151.014511108398 0 131.940890670052 83.2336017224905 113.52570941436 0 154.180709838867 140.893660377476 132.122534016446 159.258424368215 76.7805779611472 179.450215766078 122.027135113832 136.529388427734 0 150.376492558695 147.333514175972 85.4728526948751 131.990087536771 193.15323495489 151.115547494596 128.536331176758 110.063425088348 53.581403809043 97.471356673992 58.4493888454223 138.190593305608 147.069230316767 97.0078795175773 109.76417228102 131.589887077394 112.460202025909 0 0 99.2300700769849 100.087614823087 0
112.135828441172 56.7444262561717 46.2832281340795 0 85.0170477431653 135.562857295696 118.519435759563 124.445354716241 121.667201666878 147.044477136096 52.3028451792087 172.068658887911 82.1054646207289 123.485061994204 0 100.138984903929 0 54.4635409567575 21.2834073455913 174.015402356529 60.8591637014944 86.4194708969116 33.3222326004444 126.101378101284 66.2304354765415 38.9381355420741 68.4919461070996 113.376646196871 107.450946839902 74.5878307160451 88.6419206433033 104.784501820728 100.751024716723 41.4342731140192 0 78.4011823448574 53.2273507340322 53.9818666992957 60.9314260958174 94.8209403984166 108.939798471509 84.3170268377977 133.454733510217 112.472585876028 119.204264538017 129.99071664863 148.572974494467 0 102.433392539908 190.771896362305 77.7638787735136 107.566991441599 0 0 0 173.073213969155 194.342502919755 143.092158795979 0 143.570853181807 199.472274780273 116.751774228575 195.981105954853 0 139.06976891349 117.539917015621 127.93202226204 120.054458985695 0 145.991353757608 105.158021767491 128.610202269839 172.406183291349 89.1981581401659 110.58897070244 106.390279774746 169.515264540015 201.526546279171 160.702157138314 129.84544238566 0 0 127.819942492107 0
138.579957490425 67.189856348321 92.7131900998943 0 100.727701007686 106.454336630077 168.90246181469 106.301330914006 146.840714191282 157.693478329467 22.8696151610785 164.094883118505 50.0636049350123 111.312858270909 0 135.479676708383 54.4635409567575 0 19.6312774499957 168.297653198242 117.479989726551 112.082109374483 96.1003547797841 151.255149517965 49.1155905565735 28.2781577297815 61.6740862304084 168.156700853028 101.261569870322 121.9483005031 53.7767573474641 93.4394880350768 146.551428344026 59.9658748612678 0 90.990992378561 54.2018586566932 56.4030527255684 64.6075854894896 110.586251689017 80.272117937677 57.7404285248615 148.675520782387 98.6573580330036 135.367446394897 167.246917724609 0 0 80.9738448331765 0 84.2290524757796 146.571886826928 0 0 0 178.518020629883 0 172.264658362668 0 103.720206203223 0 86.7689700091406 0 0 183.24429726737 128.260285901038 108.077813787625 115.357971994739 0 168.860197081371 154.024264649251 157.918891049087 0 67.3140954730045 104.086601973801 104.099861837457 0 171.361068725586 209.849075317383 111.318020079135 0 0 99.2463376570469 0
125.29444880822 54.2771344139213 73.0758768534707 184.073303222656 81.4163039152258 122.303112906015 134.381257644248 105.343727610467 130.625155136988 164.139729909824 28.2263003034456 145.868812377775 62.0860518503707 116.808959492821 138.369587247374 124.597828535201 21.2834073455913 19.6312774499957 0 149.907681981983 92.026057167903 95.8387463654263 63.667639703667 139.336513668891 48.8250070677839 31.3573329940433 63.5324710789413 135.888936238039 112.750336282541 93.085577040179 65.8035241503777 90.4024393973308 113.417765609764 45.3562749264141 0 82.54971827661 54.3058669066124 52.3827137527089 63.00466440716 93.7602330769096 111.163719140138 67.0959152424252 149.054548980746 106.321167087477 119.085705834831 119.402958074673 188.990051269531 0 116.706284663615 197.042314104309 76.4964254738865 125.799771261616 0 0 0 211.038614137888 234.8701171875 195.639051341826 0 106.846339125007 0 92.2718979691425 209.908700106599 0 182.608866819289 120.42588327535 105.470779126583 107.349453986482 0 175.235434338584 111.984458630166 146.952372297216 185.983544673974 69.3528928925538 101.704207238637 103.361374568279 192.723405225804 216.026397705078 163.63901491599 119.552792448419 0 0 113.798945783745 0
84.2939783916576 151.707855224609 104.69229888916 11.9345573812432 110.482783209269 51.3246254269483 39.4394475271592 79.6166985640635 52.946387426091 15.5870993490708 138.297054526558 16.0224423521651 110.740721611027 94.7432799823065 62.8529285957027 116.691482543945 174.015402356529 168.297653198242 149.907681981983 0 111.177937824269 97.4275051264717 144.273608772312 21.4872189106421 158.353609417953 178.893046079662 147.535571666933 29.4412840432049 98.5784969648995 129.312439888418 0 127.701764762487 100.621770422426 101.27245653002 0 87.584073501643 108.667451627461 96.3729817070341 102.754695154025 68.9297659343937 97.7368873826067 111.532717971094 84.442069082079 0 0 0 101.206184741577 190.226852416992 0 146.912078857422 170.191325477758 199.654037475586 89.7316771306471 105.837799072266 165.358239845716 131.508190128271 146.517192223778 80.3667628975786 141.388128272582 0 39.8888400606566 0 144.224208312863 120.347776097838 176.018296512516 197.552810668945 0 0 131.697306592153 0 101.582558395838 0 104.37738797029 0 0 201.648465698711 141.578505996385 167.842464654985 0 0 0 0 172.431143614862 0
91.5238517339995 91.7157416537426 64.5778712460418 120.747936901792 138.615173339844 117.062706351396 81.8202681269273 109.014422549157 68.371205437077 111.148089198343 105.943864109527 158.810197068236 141.952037997367 106.90064358665 112.875307793872 19.0097096758548 60.8591637014944 117.479989726551 92.026057167903 111.177937824269 0 57.613089604916 36.4041982067071 37.7187593499211 118.600433606946 101.900430409243 73.2754017489591 35.927676881944 89.8313083228861 30.9412345656079 125.581787109375 126.869195433582 78.0936915627496 49.2997849330966 130.708463028505 72.8326992783446 58.343820565859 65.0967694007862 69.7585194204425 80.4351943644332 84.5030841278541 122.57169111826 122.002028736458 111.671391717216 124.032590279556 127.961835420523 134.403078847848 136.872894287109 0 131.422139326992 132.631111311996 138.867012900239 157.76099091282 0 182.711770012872 140.245189799972 162.090859481556 101.12354848663 165.237483171502 202.588592529297 170.974185447186 185.380220439884 150.535773796629 137.867568969727 108.536559862545 162.895638797682 187.091987855615 170.487832380124 144.24686210709 121.888775826 75.9488386362856 118.852754882577 111.454262331813 167.730265937861 168.60669141574 138.005252852301 121.567488737419 138.866666763568 121.134948143918 0 229.361877441406 117.555727119181 118.714217098229 0
90.8358507922189 27.7226807424734 65.0962989057897 96.4468147515263 124.856672913852 112.523479391687 85.9229160978923 106.401653066909 32.9460750940344 110.89256373827 97.3544928904619 76.4615747571066 81.0060557316861 107.555224846089 73.3809673853068 34.80158119898 86.4194708969116 112.082109374483 95.8387463654263 97.4275051264717 57.613089604916 0 54.6040825270711 36.6525667182572 66.6134561060082 82.5850829758486 41.7709433378355 64.3570910303697 87.8311651501827 64.7278211829487 96.5386840197807 142.530661251011 66.8085361981769 66.1979807612718 0 64.6213712686811 51.105896296086 63.7907298971248 66.3304133368203 67.6127794994791 87.0368321757346 84.630403255461 78.2368803772067 80.5694125074305 74.6112671577501 105.406190114353 91.6080091114406 96.3209533691406 91.8919008800715 104.94359886609 67.4456360053762 90.4981557460471 155.394004742608 0 128.547662691166 123.508609743574 132.175245549829 66.9844586925202 134.737428436751 118.836439915784 119.87301786734 106.000293987047 124.239538610112 122.178960480383 52.4311833250862 100.994460491289 133.517523321974 118.110541689061 149.900405883789 75.0280755540366 19.4187832503741 68.1456916839768 82.7934075625279 90.6045085908174 116.610125930069 88.4086487088153 96.1250172766202 117.493772346685 81.1492358061682 140.801042007936 0 89.8845631327596 74.4203159766967 0
101.815657527434 72.176093414683 38.8889366734272 131.26111030518 128.668526794499 125.511534354219 91.6546130892796 116.466320714433 91.2544486859252 123.032038418825 83.9034535440248 162.050825185123 127.445811139902 113.282420071834 111.279118728556 18.6120212242019 33.3222326004444 96.1003547797841 63.667639703667 144.273608772312 36.4041982067071 54.6040825270711 0 73.6829396957399 95.8674189675737 73.6149418094746 41.0314204247881 59.2970598264314 103.093191943241 60.7771307006918 124.579486731357 139.762424560437 95.5269017287233 52.8161734147658 122.131478557691 72.5622280656808 49.8435698831997 62.3017597807269 66.1828055427769 79.6060060389105 85.3247504431705 99.8668616079694 121.367132195526 101.495202412477 112.180233301557 115.686251260245 129.565380239505 140.315909406854 0 155.764510478678 91.7472503208922 111.722601553965 208.964294433594 0 187.473313472432 153.662325027911 179.740061604853 119.347166173872 185.120320713862 157.888435601116 161.865128194238 177.127350501591 177.447197611923 125.802569504024 102.73108716755 130.355522046589 158.433939290799 144.993650208613 195.850196112369 123.853612202388 72.383463837676 110.144966958546 124.713455240004 120.255498799156 141.41661381935 103.571069750818 137.48015495354 152.628351341386 131.843785102838 148.82715532725 0 141.578347193371 111.957042593282 0
80.5613054226607 79.2980103061184 95.5591086592488 26.0497774955477 102.169554173777 79.679769380725 62.5545386007837 88.7608777017454 26.2724894533855 60.0257796123669 144.899788537827 24.8352827043404 131.789517412211 92.6953980053926 43.4626704741152 33.6627584882633 126.101378101284 151.255149517965 139.336513668891 21.4872189106421 37.7187593499211 36.6525667182572 73.6829396957399 0 117.27422493384 124.680598202887 79.2284163655954 25.6614077559192 90.0466709269055 72.3974291262944 150.466520776384 146.608786502212 72.9969677718547 75.0881552811695 0 75.7284056957214 86.0232090181832 86.2520232549124 87.1681635285331 56.1123060140581 98.5810954562405 130.668435837232 110.722289361126 124.042614124591 130.101583879899 130.385844160317 106.98440558961 145.040459669323 162.237594604492 116.458088636922 127.798600852423 152.883457252209 117.836614313929 173.459953922583 136.35613442579 113.769990553061 132.941297502357 61.7000247620925 126.03328335504 186.76941831177 106.390986998445 169.302743594115 131.718517037031 106.408324053394 104.976549724911 169.876130000424 204.023056030273 188.005982205473 111.95622880781 116.601009276079 74.8416731443141 125.527091753581 75.2014527510636 130.646909332808 167.613950012785 142.974957552633 108.682872336219 127.641961542034 110.466524329518 0 203.822294539195 116.028826918156 125.155667903228 0
110.963829040527 26.0816921797358 85.8111997745902 0 116.716457759166 104.459899036397 157.586033037172 104.205422912156 106.66174642659 176.788584642201 34.7902662974372 138.892615597321 18.6574424893365 108.775777358146 141.903335677981 102.7916052395 66.2304354765415 49.1155905565735 48.8250070677839 158.353609417953 118.600433606946 66.6134561060082 95.8674189675737 117.27422493384 0 43.9917660111836 29.8462181159157 138.608005244172 110.071873299842 129.846786462413 45.8731426718728 108.183365739322 0 52.4736038117624 0 79.1235240230469 24.8983660173081 45.680961473598 58.0095765220222 114.434928685471 81.0058086007313 18.7911563295037 118.393028974189 56.7469987882081 81.4686617880281 88.5710794986716 0 0 30.2787646409068 144.900863647461 40.2666175243321 96.6527331387317 0 0 0 227.203689575195 122.256866683376 124.666652684211 0 61.2801222427395 0 48.3615208739801 133.944803993144 0 101.757518444383 105.339534661929 70.9979590979071 74.655791287368 223.991622924805 153.752418702665 127.533134247624 120.300676219 133.765492437127 28.1434734631362 67.992680627048 66.4719409876613 213.906393084726 120.852035522461 141.22873447774 74.0233337851181 146.612686157227 0 78.1128260521294 0
123.583616016207 48.0581789272329 32.0460494562708 212.306117269172 86.9777634793941 120.272101597741 130.107003197346 123.088639693656 122.672679204447 150.966939155679 28.0405592075898 158.994474804256 20.2840264593606 125.299648288568 152.550506636875 104.335331711841 38.9381355420741 28.2781577297815 31.3573329940433 178.893046079662 101.900430409243 82.5850829758486 73.6149418094746 124.680598202887 43.9917660111836 0 32.7387846789835 122.378465052767 114.063475742386 106.023615373215 17.5530719157821 96.0544422281006 130.070206153723 58.0969146609248 0 84.8968631263344 53.7805674830342 59.5934187791951 66.3631894191309 109.118765701007 88.1556301892661 63.4987262922194 135.722177360496 102.209450018609 110.859356815311 114.79374151319 147.496606883884 0 82.5232865115876 182.970536201907 70.6345015735182 109.619782556853 0 0 175.363665852577 172.175517126098 186.149103897562 139.431150890709 226.39909362793 99.1355296351924 173.116683959961 86.0323924986844 178.088185858961 178.922775268555 145.315233831264 111.138582982464 105.86638961576 102.212745884522 0 155.058161953655 114.79167879181 134.873377273145 178.093227636324 64.6438339978501 96.0835721509137 96.8576295557438 186.040732583694 163.606215326155 162.326398175312 108.406341266207 0 160.888885498047 105.926976682824 0
138.432788676775 32.1093612208318 33.7933150076113 128.411090848167 102.612766731099 130.00917653757 111.65320161394 124.60802405798 95.5930345359592 136.94467905824 52.8704050158396 140.589494222542 25.9367415010754 133.436981240987 126.650757617849 26.0891384406633 68.4919461070996 61.6740862304084 63.5324710789413 147.535571666933 73.2754017489591 41.7709433378355 41.0314204247881 79.2284163655954 29.8462181159157 32.7387846789835 0 79.7928207453855 129.169109521559 111.356224694898 18.3271646441858 108.776886331151 121.616043524572 66.3117888334697 0 82.5559683213077 54.1108902827735 65.5978452550221 71.1041012921093 93.5627667925934 107.969741500919 67.4827975385136 119.540332519508 95.9072290670275 104.922537400744 112.470456173509 127.098665930319 122.896276656507 84.9740060559878 168.194958433225 62.5773654443687 95.751867304163 0 144.991287231445 193.069901618198 154.083695509858 178.955835617281 124.795227065944 197.011052224075 103.720006959573 189.38911626038 91.5498333454304 172.062756409955 148.695654354021 102.932543718356 107.182600044348 105.855680658154 104.992302350024 209.060177160612 131.452855596437 58.3183378771338 103.500542474213 137.898873465442 68.6095052335557 97.8629693694907 92.9526083400388 148.28952611274 170.771878380764 140.950134262282 112.541124064445 0 157.663000556895 104.638213898364 0
82.2411874268268 105.042107356946 80.8204841673199 20.8785992290268 131.835246224129 68.0367273004753 44.7688973530059 87.3944849523257 57.5376027304188 35.7293518638072 144.516113248796 57.6163156198358 133.045089966848 93.9806063324154 79.296662982263 39.0776070000141 113.376646196871 168.156700853028 135.888936238039 29.4412840432049 35.927676881944 64.3570910303697 59.2970598264314 25.6614077559192 138.608005244172 122.378465052767 79.7928207453855 0 90.9017468950439 47.7739489590586 196.873972803014 139.592276064837 73.3346293190738 70.9524301564676 124.836196899414 78.2798259127884 80.7837153465756 84.1507552373088 85.300878982075 85.4122844729223 96.0513959335084 137.956178123933 130.124946642043 138.105457193968 139.305335783708 150.020383022768 124.921942114601 151.272687613375 232.658432006836 123.213602583992 138.503567737836 154.773811778772 142.060108270821 0 153.970495757477 127.264788468095 149.296865009346 82.8457482160896 149.566223945849 187.237880292874 133.304686953212 214.134297692832 147.03218192564 138.956949638896 111.142172566345 173.318088120117 244.311302327986 178.328275926085 141.438590598767 122.280154442682 85.8716765325047 131.75664831858 103.633256266418 180.534698486328 183.349084012002 147.662111356704 126.455742887541 134.54663329249 119.124729721662 0 173.98073221784 124.359480147785 130.117666799791 162.057841162691
21.9137949365916 110.474168162655 118.666777506288 107.994276465446 17.9200528869356 51.8794127679299 71.9654909555406 40.5086928667199 82.3668553677564 94.555824636262 62.4230761047025 95.6005293174977 46.2376897714594 34.3382132975684 73.2874585353937 96.1755338769973 107.450946839902 101.261569870322 112.750336282541 98.5784969648995 89.8313083228861 87.8311651501827 103.093191943241 90.0466709269055 110.071873299842 114.063475742386 129.169109521559 90.9017468950439 0 39.9726123522657 111.577796936035 18.4835060763187 22.5378652360378 36.4806509532354 70.9135971069336 66.7238632026744 92.6533163590984 49.8701309594007 75.172494217149 46.0808913213206 25.115136808941 65.794817312583 155.575066553466 174.434962190635 165.110661519379 146.38811826545 160.509215849145 161.642363664895 0 143.903651998605 245.331283569336 175.635932528904 205.30588515325 0 189.163331316534 157.260853547117 174.221625172564 115.203344105059 187.625684454472 242.937377929688 151.30666768397 197.47917175293 176.485741219218 164.826703626006 132.808966674081 187.887821271135 135.748102691748 180.563855245474 205.645688602725 144.800153724843 96.9433205000166 153.720832572095 134.330853537563 132.531834643288 164.903773611348 167.881920578846 144.47544882117 163.317264394702 139.003447841466 138.028549194336 0 131.940944895167 153.195139823969 0
41.021846675004 108.394747305263 79.8008430331597 120.822051325603 109.357119158706 96.3337573534127 29.0762015090069 79.2085334082898 63.1119680765803 96.1526252125656 115.380327873287 143.90697554184 131.005843366194 70.6147578149595 86.9878732498721 83.385307521854 74.5878307160451 121.9483005031 93.085577040179 129.312439888418 30.9412345656079 64.7278211829487 60.7771307006918 72.3974291262944 129.846786462413 106.023615373215 111.356224694898 47.7739489590586 39.9726123522657 0 132.141677856445 126.711977809859 56.0334160778019 43.5480582791297 0 66.8541807912094 71.4077511881971 64.5763954166234 70.9286023951605 77.6640005067175 81.0172903659548 126.776156144575 134.947475574707 138.780989706776 129.741843606955 123.416544587642 135.927550148386 121.697071011098 0 131.973917368242 122.547038631453 153.098057620565 159.935304995466 0 170.332840194326 132.671815192923 162.571224251024 90.7586580842213 174.530485898597 188.897699556153 170.764045612688 185.799755147253 147.428498654008 115.654441833496 110.520418565084 161.86509819854 0 173.783266319771 188.122865960812 121.9471802934 85.4727395335449 129.776903120933 111.801364175039 149.184362807336 172.035699291311 150.836976034386 122.459604388047 137.159458624062 123.686775918013 206.736450195312 0 124.368802839705 126.536948701904 0
0 67.4354963888779 101.164962926536 0 0 99.9458317781026 191.186889648438 106.446632385254 130.224547984126 0 24.7369553225708 163.991692682213 11.3437741879188 119.044247176015 158.28913099374 130.216064453125 88.6419206433033 53.7767573474641 65.8035241503777 0 125.581787109375 96.5386840197807 124.579486731357 150.466520776384 45.8731426718728 17.5530719157821 18.3271646441858 196.873972803014 111.577796936035 132.141677856445 0 95.2140147862238 0 73.5083139725868 0 103.743354351399 57.1437627234784 66.0009130733064 75.4170777121123 115.068473278226 0 62.1114537938364 0 97.9305622954772 150.382696753867 0 0 0 90.09718163428 0 70.3767902786586 0 0 0 0 0 0 0 0 98.1835075086993 0 85.442206453795 0 0 0 132.252578735352 113.370720727746 108.513400321279 0 0 0 135.525939941406 0 67.9250580541046 105.692073722284 111.07047658793 0 0 0 115.795146599334 0 0 109.667834893365 0
80.2367778475417 99.1078338623047 135.066477913647 142.336671223682 12.5084883235182 22.3758330812423 118.13192394937 21.4947995526908 163.146339497774 119.976594433194 57.1105537921624 99.1632199420768 48.3721098177234 20.5770743267056 82.6056224839774 0 104.784501820728 93.4394880350768 90.4024393973308 127.701764762487 126.869195433582 142.530661251011 139.762424560437 146.608786502212 108.183365739322 96.0544422281006 108.776886331151 139.592276064837 18.4835060763187 126.711977809859 95.2140147862238 0 121.177839880432 29.1285351591538 0 78.1421889318734 81.0885436161574 44.3099675340055 62.9585503606691 39.384670355922 20.1205517749923 62.7953277444849 102.706962585449 0 0 0 0 0 0 185.988433837891 0 151.880157470703 0 0 0 201.300262451172 0 0 0 0 0 0 213.539642333984 0 219.227630615234 0 0 0 0 0 0 0 186.01605475682 0 154.636340247454 151.463779318808 190.681054120725 0 0 0 0 0 0 0
