0 132.43946796854 104.600016535702 92.2351296529469 68.8471935019632 61.3512565920906 35.1679025589338 39.6946156005932 76.8633897427834 84.3427784734131 91.4296308652427 84.8678390256802 102.221062354763 17.5359021682382 70.0060251605303 103.464084920229 111.060987164756 133.327013857676 129.9282087711 81.037382402941 88.8017724034057 89.4325274220307 95.5226375859529 82.6372037941529 144.497221855965 125.883816626866 129.613731434847 80.3594052314904 21.9878507557113 44.5925448408863 121.820495605469 72.7420604247628 29.1556945471556 52.6548377555546 98.8566328567883 67.7324040811952 92.7870545252492 61.971219621349 79.529036848416 50.9586464406953 54.9963185419695 88.2255377714157 139.190884233417 176.263784499442 137.668929601325 185.516206233328 135.922181948102 0 0 145.586550681654 165.046141197347 171.957915952721 170.658043908396 0 158.220872550977 141.23493912882 154.773431524719 100.563573612725 163.175608395772 0 0 167.749038977861 169.80819290296 0 128.27312731398 200.251584374603 0 0 0 140.844739400026 98.8131529126114 174.177346539378 125.849304388988 128.828979492188 172.925299471105 174.033083898101 138.002739695487 162.245678084658 145.861850354253 0 0 147.290507654109 158.4585975844 115.424001171971
132.43946796854 0 45.9431940078602 80.8850254001923 132.852774352215 154.70853888876 111.800508165477 141.379507866762 67.9678560071915 128.250871397853 63.7082771759152 106.206609978123 51.9732926654818 140.709590680705 104.009010566102 63.7398722693995 57.9432870312754 72.8339037193929 61.0503892876203 156.956146240234 90.4941784761656 29.3532002930447 64.8174118710158 75.6743489748902 26.6462519857981 46.4397834449989 34.4528140254355 95.7684565585659 124.74089723024 98.3370704949687 68.6628678675074 0 94.8540889977964 60.2698552058268 140.174155988131 75.7327865182135 54.8885749117301 58.5049362203908 62.2032445267058 92.195378222837 120.609865113523 48.0776046567019 88.210234120485 59.8307490339467 64.4739968160546 79.0898516370185 97.5865383442292 0 0 124.833842806132 15.7345405957035 60.2713527861166 0 0 164.16651109792 153.428890186337 178.708120930694 98.2916946411133 180.911340986365 74.4681878018937 0 58.0830103849943 143.738942593308 0 97.9486262939503 72.3345311956437 95.809782271311 72.1279687937656 159.648788452148 105.429691523699 37.2218079163994 80.1557588180345 126.31047872855 45.6236052845277 61.7068102739402 57.1863730743495 127.402348017662 135.053497674447 107.356000470767 0 0 151.101783456248 66.8890639009297 131.386075748027
104.600016535702 45.9431940078602 0 153.138239692928 167.874694824219 130.665781134428 95.3609944455031 122.405246988712 102.814313136707 118.377033719654 83.5613523102638 142.28982746817 90.1567663425261 119.980050572075 116.557305755204 85.998057655679 48.55636833761 87.7068622083762 69.5764874745289 122.878527252091 69.2472728545267 63.0356715179454 34.7493295663771 96.0839176134946 72.8726808842112 28.2933079381251 40.1115153793905 79.7329536295236 116.573282452891 85.5011399105219 91.4834694911869 178.955664175672 99.8580854192235 62.4371127516424 145.890095380159 74.5159301677758 51.0761418008795 58.3199165017245 61.2682956314259 109.479169372456 113.663690045114 97.6447562080375 121.662597398757 95.3219931031237 103.430156336281 110.600947939585 137.155655234054 212.881637573242 0 167.143831944266 64.6773068575691 96.7520581997015 197.41135439555 0 0 161.035370107748 189.988285348331 129.911235775745 188.234079029274 138.597364541459 0 121.442638739241 187.489259233194 0 123.109763537221 112.914303928279 141.483309115504 121.296930688373 0 139.467880055476 79.3974704508596 114.419400761669 145.500958669083 115.370492525178 109.870921506565 98.4959431584678 149.438043183986 166.935787092608 145.677165289447 134.161039934067 0 169.711654956153 110.179181019303 157.53509774795
92.2351296529469 80.8850254001923 153.138239692928 0 96.5458780494808 65.7646131505067 50.4941249895501 93.6611276185972 53.9528468239783 21.759225353709 160.683990478516 45.380700956109 141.780288696289 101.876287035633 74.7882673332148 97.1663017194197 152.277374267578 0 0 13.7651104470094 106.235990799664 82.4653574885436 114.309318353359 23.6908423077548 133.050399780273 162.112970445004 120.936465950903 22.5017116766468 103.285623185257 107.546554051156 0 142.85075892045 98.8262278189523 97.4687910577058 59.9885413638101 93.8458674455792 0 107.01340976794 94.0264354014366 66.3828113530863 101.944585816429 166.80896575498 91.1587027042166 0 165.153103991046 0 93.5840085189539 181.160241337778 0 206.997787475586 0 186.793045043945 16.8914420004221 145.847305297852 153.823251804705 130.874346788215 145.430289823538 79.0063407472584 148.306351904379 0 97.2043230699972 226.648529052734 162.142295214656 116.302676968714 144.766202463243 0 0 197.06282043457 136.293815144373 171.544662475586 97.5835952758789 184.199781211137 103.508951490092 0 0 185.335977898162 132.430449780211 164.478424375518 162.917378364467 0 0 151.365798267229 146.249290544455 167.561635266699
68.8471935019632 132.852774352215 167.874694824219 96.5458780494808 0 14.1161105903454 109.210668077867 27.4841011295441 50.8753037707889 110.740613464816 69.7430452855636 59.8746859616547 49.9393012261254 40.2652691621058 17.9548832616033 0 120.898609733534 0 0 114.049953160944 139.575089231853 96.0922277605129 147.568551886071 71.1002136123615 231.713287353516 161.157253445445 132.587978256279 107.681253560642 26.8664866306575 111.15369428972 0 10.8819196167139 131.322250366211 15.3538179464483 98.8588222032642 68.0810670605863 63.6456909179688 34.6823892562809 67.7237340693562 12.0267871866001 13.0086510660316 0 69.4911270141602 0 157.397833500074 0 0 0 0 0 0 0 0 0 0 0 0 82.7585067749023 153.652679443359 0 0 0 0 0 0 0 0 0 0 0 0 0 126.84799462603 0 0 0 153.030175263156 0 202.178634643555 0 0 0 0 106.419021606445
61.3512565920906 154.70853888876 130.665781134428 65.7646131505067 14.1161105903454 0 48.8162498778876 18.3674875404801 72.0414275094219 26.1451412915212 91.2699629629264 38.3229953773919 89.6847696423638 41.5098408891825 21.7394658183508 114.751296868402 142.750655474649 99.0174554733505 140.136754018543 53.21772482443 111.050600381035 104.474142613139 118.280648086568 77.3458798362714 181.273415154572 147.724096205576 136.195276416528 69.5319720234466 44.8466265619744 85.3514571256191 201.376220703125 13.3851108801363 95.3100831744179 29.8797626377616 18.0937789369536 84.5297808180471 89.3832506996076 56.0531181492916 87.4774252155979 22.2016758417941 18.9585268848748 83.8660077247828 148.685769871085 217.508104118592 173.432256524967 176.056355686319 118.484910015515 240.287063598633 0 159.190648932226 162.3251953125 189.05045375297 126.309951538177 0 164.798160023952 145.776719023509 163.380607534436 96.15663887036 162.778161228305 0 61.3875977818503 0 175.993370877025 122.872724919897 165.960973401956 216.719955444336 0 0 148.656542077563 173.825381535838 144.978514273476 190.115834717333 121.997409696754 0 222.500714797584 183.210733232351 143.653330551878 180.305529345857 154.111520579957 0 0 164.766996872389 159.569425640288 139.329249678773
35.1679025589338 111.800508165477 95.3609944455031 50.4941249895501 109.210668077867 48.8162498778876 0 55.0053658147135 61.0455891412439 24.0451541442053 134.271164065808 43.4663182158692 112.603562448481 41.3156741984982 72.2869436423397 82.318147166478 117.456415158456 152.709632895809 137.115451162897 36.6113573348371 75.0299679183848 80.2103084213038 85.8268226421624 54.1748755837979 153.223328123999 122.499339869795 107.677562192277 41.5177876986109 62.0574759031048 25.790134985264 197.053009033203 112.811718850168 55.4587843442405 78.0931581533939 61.1242624390366 78.2568397935946 104.365006896119 91.7531804535591 80.8634810828588 71.6517040492414 85.1766538443876 114.889501594308 133.931151925352 157.837043540327 147.514791784782 142.83957508645 107.120788295733 181.349346325719 0 134.342469227458 169.122115621973 169.08753319291 126.015313601923 221.554077148438 148.851476980483 129.489131974206 146.173780548962 83.5795904417829 145.544062230694 176.879733029609 92.5910662753428 0 149.276432337183 132.219005041207 133.710919388977 181.219361455284 199.902420043945 193.975493689438 139.555514914364 145.047995590024 108.778595830125 162.782411774771 103.966996113496 161.292831420898 192.383145936931 161.145163161932 123.294557096055 153.573196457093 132.942953663563 0 193.323913574219 138.632976501335 144.246155379979 159.017671957952
39.6946156005932 141.379507866762 122.405246988712 93.6611276185972 27.4841011295441 18.3674875404801 55.0053658147135 0 83.4883993552252 45.8581334393357 83.1428301341089 64.4559059336667 82.5561141423054 25.3490506477013 38.2820177962522 116.378077553175 132.16903218399 118.411743355966 142.571832510854 80.9802899659019 103.680868583653 112.323256172229 112.704418396445 87.1818786777874 129.568264768492 143.320263581749 141.612339673756 86.4854565984685 38.9701671836992 75.2618595113353 174.395806114018 21.6813665792063 92.5044133022715 44.9110916315211 44.5877286660804 81.1068135149578 98.5345953237357 64.5043276004119 99.9860594342546 36.5602743415945 28.0116932298287 68.5639972095007 146.759055477627 0 170.975021821917 168.158468785732 126.01679692974 169.503310681073 0 163.776314280617 157.276489813786 187.544150162661 129.972149755545 0 163.633987651466 154.047190822328 170.402471193897 96.915075861871 163.312710824858 217.506994107873 128.771540362342 186.998184204102 167.002061863455 119.788116048886 153.623287039647 205.232930674 205.926666259766 222.775569629067 151.635267884249 161.247760587167 138.69609161057 176.812122440357 128.632442977607 195.837432861328 207.150132401368 186.347790680688 143.335707272447 180.974374812557 154.409258663252 0 0 162.638186559334 177.343416473227 178.159117343523
76.8633897427834 67.9678560071915 102.814313136707 53.9528468239783 50.8753037707889 72.0414275094219 61.0455891412439 83.4883993552252 0 72.5504290572467 131.423739122394 25.9192012428873 123.325845850844 86.6583703703915 21.7454162998707 54.5237681203563 116.741063310862 137.267688755485 127.425420940728 49.3560879065258 74.0692505780363 26.8726329719951 90.4811262627967 23.4972909251034 103.861487330095 122.756096760983 94.7997276637495 53.1974327946092 82.0138356872951 62.7865397306953 137.465195299272 121.895301392787 67.4193015254302 80.6148752272836 104.840130683751 65.9763415164683 110.959665307689 95.6550602496335 73.3181437424037 22.6119116112861 86.8375455476761 123.37140438916 75.8999492233861 122.849807225674 103.811875715033 105.60383211953 53.8075201152667 115.274631782488 0 89.1219300474045 105.25573357532 131.503347606107 83.888171545343 84.202143636916 94.2758634244494 77.3106371930908 94.774708602075 23.8159276633136 92.9387383066506 203.893447160997 57.521029538149 169.017772363756 104.572674856174 60.1604099118561 77.7319223670613 147.691807215537 0 191.708175824305 79.1856826025407 91.7261935527862 44.4658967363538 104.695702226895 50.566761194108 147.923843956693 159.73393206472 121.305604101374 73.955121556572 105.87251432468 80.1584869514742 0 149.739231607349 81.4758868318755 94.3884995433258 128.812107727872
84.3427784734131 128.250871397853 118.377033719654 21.759225353709 110.740613464816 26.1451412915212 24.0451541442053 45.8581334393357 72.5504290572467 0 126.28467461789 28.1168527438771 114.830174728912 49.7048494590127 62.6900268154151 103.668802660343 161.409973690881 157.545511217319 177.004448731525 15.2686986085371 100.361750428129 95.035254148668 112.242512286206 59.7347134992132 187.291583129437 142.769840803642 125.134902320804 36.3846361886659 99.6703507336659 97.644730123661 0 126.411255868965 104.330293595238 97.5546760141853 25.4251591946078 97.9718926625084 137.911509741498 105.210733003194 101.339583490694 70.3861910544228 99.3447229714892 133.639063696069 119.488802185111 0 167.016628117549 145.834854125977 116.252364811784 155.678347822992 0 160.020853594641 158.027938842773 196.294191348653 28.5595337323308 0 149.007586970179 142.977286401871 166.415608406924 88.9414385956858 157.195695548865 218.379165649414 17.1658995236546 0 164.279530752879 127.542159933256 152.075541411391 188.494676705985 0 0 147.209586186531 193.029088028195 106.515921120808 159.617482371998 115.214135303228 0 205.04608775312 181.318552125765 139.947958198522 176.356803439641 168.715487094466 0 0 151.216639647691 172.862062424239 174.144094240361
91.4296308652427 63.7082771759152 83.5613523102638 160.683990478516 69.7430452855636 91.2699629629264 134.271164065808 83.1428301341089 131.423739122394 126.28467461789 0 134.113067899586 19.3375551588089 81.0043760614318 134.947929377022 129.763181730383 53.746407500768 21.36019508567 24.423265385762 148.190023152303 106.385117336042 98.1746311329545 85.9558966390436 148.184312450864 28.5133944214111 32.9710624210508 54.9758238297452 147.934627844809 73.8299937942342 112.234397086255 30.7042480035075 68.7005376940329 111.543021815641 24.1372053780307 127.44115516912 75.4119848512214 22.4095760134218 24.3114276584406 52.9499079967235 61.1854600506057 39.9302862340196 12.1070046551565 161.358102389921 51.378287357176 103.00929526289 110.869483166321 209.818167668038 0 55.2559576817419 195.178787231445 93.1469981521174 128.950023570469 0 0 0 227.408247640284 243.2529296875 150.328826936309 0 69.8381822981595 178.705383300781 64.4913134090352 216.577972412109 0 175.710311889648 128.518265097746 98.6614762821759 112.311036842923 0 177.733855241754 137.527819790402 170.286293451182 185.712419172983 53.6779024953461 98.0313231869955 102.342806906924 193.632131611199 198.033416748047 210.628124059708 89.5688631495613 0 0 111.830058517145 136.506979357782
84.8678390256802 106.206609978123 142.28982746817 45.380700956109 59.8746859616547 38.3229953773919 43.4663182158692 64.4559059336667 25.9192012428873 28.1168527438771 134.113067899586 0 135.228973388672 90.0049391908857 21.1021313613644 115.50619685066 181.990106846303 173.868667602539 136.514454375457 15.8348439726755 117.330613099359 72.0049372081502 140.439891482596 43.3973463754889 136.506855688407 156.65922413437 127.772725377403 43.9972391004044 98.1791192138184 114.128408958591 0 114.073511286346 89.5896274333076 93.2822600988053 18.4919719782424 81.9872912516882 138.23162914178 99.8712733079399 97.6368742010017 27.8293415911903 95.3511955731357 119.119148254395 53.1095008223812 0 0 76.9065322875977 75.6882240724353 171.140497102385 0 184.293406286401 145.629958313902 0 12.4349923052693 0 118.161751603673 114.898501001584 143.012289630403 53.8265384952898 100.610712348761 0 22.2206979217121 0 133.469901861069 87.4893557886566 137.031879444348 0 0 0 18.3716516777595 170.511366081067 74.0123668783641 203.430406087437 43.0378401746395 0 0 127.484797777406 98.0987993187544 180.825945932859 137.801741975059 0 0 131.530951489728 75.5263018186878 166.60514831543
102.221062354763 51.9732926654818 90.1567663425261 141.780288696289 49.9393012261254 89.6847696423638 112.603562448481 82.5561141423054 123.325845850844 114.830174728912 19.3375551588089 135.228973388672 0 98.1974877083418 168.722915649414 128.83431980949 78.9420239968823 43.0913043926908 53.1037700765198 119.875427246094 146.935977056664 90.3804735205268 120.067400130709 136.976034202306 19.9065234191301 27.5235736882169 28.8354827779298 145.212179969639 73.5660045063828 145.370980867156 9.94953176491302 60.8363068358645 0 25.2756435213919 79.6444662170523 31.2111677113939 22.9470520762301 19.4405731276729 24.4248099711619 60.3242088893948 15.8013455767623 9.82304870100782 99.5224610142294 47.6911880224046 98.2540496013798 112.112339528622 45.575553894043 102.099899291992 44.715459219614 0 66.4019498449271 128.148840299539 0 0 0 214.898926209636 0 150.657460985882 0 64.3488770603624 0 60.8426938078104 0 0 206.698843905136 127.124959869279 93.9190771251679 104.058723597361 0 148.693344116211 119.263921464467 157.707788041956 208.396377563477 47.4040631882098 90.1251740102833 94.3569128975082 198.164117091649 0 174.802274340981 87.3124100680162 0 0 101.311732232297 88.505295207747
17.5359021682382 140.709590680705 119.980050572075 101.876287035633 40.2652691621058 41.5098408891825 41.3156741984982 25.3490506477013 86.6583703703915 49.7048494590127 81.0043760614318 90.0049391908857 98.1974877083418 0 53.3302947177122 116.99846524037 129.265543726457 113.383934904059 139.358803659721 93.2902177315646 103.143538370533 105.644973837756 111.853981774123 90.7708471010766 127.241168499077 141.500123092871 141.595883258876 90.4275389470863 25.6703596127127 73.5585176897118 129.115310668945 21.6619821618395 64.6619552874078 47.8808221797906 88.4006728153688 77.9015783225579 101.210099110104 65.8808310785646 88.0037336051562 45.8997157185946 39.9679748190533 88.4689154390393 158.038001319115 140.135181421307 179.821135936361 166.972529973468 165.25275285515 197.076554808084 0 171.313188227149 207.685539511146 183.124166757919 154.613260188558 0 185.114210700943 156.065017284332 171.361726693399 101.28620458719 165.276320000931 144.727630615234 109.102413520448 0 173.823306624516 163.17839050293 148.677555352376 197.567646999927 213.194015139109 215.710234775967 188.175332343638 160.539602794681 141.737645008815 179.05121420375 135.510330658047 183.518661499023 205.694736508286 195.017489205167 147.908424951507 175.430168561023 162.91685657732 0 225.44841003418 157.635434783566 179.633022522793 147.736040640009
70.0060251605303 104.009010566102 116.557305755204 74.7882673332148 17.9548832616033 21.7394658183508 72.2869436423397 38.2820177962522 21.7454162998707 62.6900268154151 134.947929377022 21.1021313613644 168.722915649414 53.3302947177122 0 112.947106347428 117.186637878418 0 0 60.8748549176386 114.297282073217 67.8034511681893 118.07640367006 42.1183667588951 136.353143585802 148.576084746353 135.249527842644 76.5411159500105 73.0121301940462 99.3228131010344 0 41.8160897892777 117.152630418844 59.6553861377235 35.7429159176702 37.7016713982408 115.966626454793 105.855387556119 112.387619576834 11.2315238134051 40.2860320555456 0 57.3038443496203 0 175.630386352539 125.533676147461 68.4417262123634 0 0 143.147018432617 160.250228881836 162.892349243164 115.522073978487 0 148.204330444336 124.348898094444 129.37515838064 53.1925802900215 117.359556035255 0 66.1773070285926 0 140.369426862979 82.1613693237305 140.728985641699 0 0 194.176712036133 90.0948181152344 129.399518561287 0 131.430014912543 70.0800140665564 0 0 177.620594376388 119.703687667669 150.115823403038 0 0 0 0 0 110.969741821289
103.464084920229 63.7398722693995 85.998057655679 97.1663017194197 0 114.751296868402 82.318147166478 116.378077553175 54.5237681203563 103.668802660343 129.763181730383 115.50619685066 128.83431980949 116.99846524037 112.947106347428 0 108.10491143428 132.341153486264 116.687887007544 88.0122756154662 22.7770056693253 33.542430968477 23.0758307058391 37.8923537640517 108.406441369831 110.396034018938 27.6331825261469 39.0096458470649 97.5727381228037 77.3281476995281 152.285657857575 182.260943226172 79.5474549742838 67.8670481109718 149.433712585587 79.6085243916362 101.410549252652 80.068214419241 84.2267476228226 93.4840466286306 103.129233730701 140.672149658203 109.887606119524 95.428666905889 109.060669849616 110.076281727452 113.756188889574 0 0 134.923137106958 135.319123263878 128.468322578845 88.5631048902796 199.010452270508 0 140.201951220119 167.085144242858 100.54394751164 175.609348876235 191.21125793457 136.759307861328 0 160.406932134567 0 100.023371344135 142.333618372233 167.250610351562 163.364119521241 0 115.202157127213 73.0350971648102 107.542495386177 111.553322457903 135.789596557617 151.201289342823 108.142494245937 119.96877871107 146.801557580396 120.277164731313 0 0 143.681572612119 113.884349976129 177.446822437819
111.060987164756 57.9432870312754 48.55636833761 152.277374267578 120.898609733534 142.750655474649 117.456415158456 132.16903218399 116.741063310862 161.409973690881 53.746407500768 181.990106846303 78.9420239968823 129.265543726457 117.186637878418 108.10491143428 0 54.8746522549122 20.7713389865174 0 68.4385671798415 87.6543963954913 28.4050805585888 126.575199579779 62.0174773262713 36.6258479740805 66.1400436294346 113.666408295857 110.860045510938 79.5272373725418 80.6266254088923 90.5366440768724 105.497954285239 37.8070812878738 121.827162102679 80.3149789969252 57.7497860241089 49.6975500538279 60.1436649532542 113.015102504595 113.393427927184 99.1047595797049 136.558800359966 106.913292021411 119.684091069979 113.936762400972 201.17463684082 0 127.73078918457 0 70.4925371218623 110.097166813028 0 0 182.018753051758 187.272846661623 195.528481205641 219.863586425781 0 132.828008759993 0 101.076054831655 192.159722410132 0 152.745093890568 121.582875902539 120.538304779251 122.939848808334 0 165.942486990852 113.372842103154 142.160716945781 179.748049461582 86.0722943106117 106.581292007131 108.993286912111 177.333354690913 202.066981817923 165.187859148277 110.132724727967 0 205.101867675781 116.536569125052 126.600573409023
133.327013857676 72.8339037193929 87.7068622083762 0 0 99.0174554733505 152.709632895809 118.411743355966 137.267688755485 157.545511217319 21.36019508567 173.868667602539 43.0913043926908 113.383934904059 0 132.341153486264 54.8746522549122 0 15.9450516135193 188.459182739258 131.105012715573 108.691370009186 88.7676009512529 162.254491330861 40.6295679521531 26.4765305015486 58.5976362847724 141.948011467916 115.693176226889 131.264060996518 48.4064874014518 88.2543746288535 132.293914794922 56.4769602395141 0 91.0315437398136 47.8714283464679 52.2852134133958 62.5133365723972 91.5456293634683 66.535244716356 53.0560824169792 163.178496228864 97.9094140260233 112.859867499929 149.418548583984 0 0 81.4051920202848 0 94.7728258585544 154.345154571413 0 0 0 248.9365234375 0 0 0 90.1532330736216 0 78.0758218107639 0 0 0 125.933570861816 96.1038359662528 104.386241758218 0 173.142860224354 125.141700744629 159.807712566627 0 59.8002770437913 98.3478153252886 102.560469239474 0 0 0 96.4759582301302 0 0 124.94171424473 168.683578458916
129.9282087711 61.0503892876203 69.5764874745289 0 0 140.136754018543 137.115451162897 142.571832510854 127.425420940728 177.004448731525 24.423265385762 136.514454375457 53.1037700765198 139.358803659721 0 116.687887007544 20.7713389865174 15.9450516135193 0 0 87.8147632937822 100.586140336516 58.3934340665896 148.358298373447 42.5482971951821 26.850516802899 59.6693452441004 121.156326746638 124.145594140777 95.441346952249 58.8100033388393 83.5342900022669 106.588636108876 42.6902299014842 139.815716435648 80.6640436948445 46.5942744228388 49.2600382187047 60.7182936030927 100.261474530098 78.5816411387029 57.8578092279645 153.718021140129 108.66615154768 113.319289502538 158.89751020878 159.747303870921 0 88.9005628659517 0 67.8864199899018 118.417834369677 0 0 0 220.391593449942 192.071291063599 201.612494880732 0 94.9813015013009 0 84.6157056499237 175.20382887153 0 154.187439508604 121.34801040253 96.489524324602 110.82289128384 0 165.994508354334 136.732096434947 140.621332542789 214.251366073019 68.9760083863147 96.8048330728586 100.425932476141 178.935337347042 178.844573974609 164.17834919805 104.286679305129 157.480056762695 0 120.351148288823 144.678309220254
81.037382402941 156.956146240234 122.878527252091 13.7651104470094 114.049953160944 53.21772482443 36.6113573348371 80.9802899659019 49.3560879065258 15.2686986085371 148.190023152303 15.8348439726755 119.875427246094 93.2902177315646 60.8748549176386 88.0122756154662 0 188.459182739258 0 0 98.0324985997984 81.07331148834 128.58430557982 21.6506032736663 189.618453979492 160.420850109754 123.457447056968 23.6502597353082 99.8192095744376 96.8838566447406 0 141.684415426649 95.2139641418276 96.316854895757 29.8135468452692 93.5665168003579 0 106.401420456655 98.1360987743178 66.3738805269442 103.753164767605 132.233078060583 91.8582458764956 0 171.662963434673 0 84.1256781858831 0 0 0 0 0 28.3551751323331 0 136.205992682878 119.433330704548 143.938154360026 73.0172261680543 140.78753692935 0 28.3034990405657 0 151.306199675351 106.035058710036 133.386749770423 177.15119934082 0 0 130.791481120354 143.134004769237 141.079071044922 170.867014314064 99.1242136124911 0 0 0 122.34005055405 167.457973862607 160.789000258047 0 0 158.748840332031 145.028393862328 135.757689088171
88.8017724034057 90.4941784761656 69.2472728545267 106.235990799664 139.575089231853 111.050600381035 75.0299679183848 103.680868583653 74.0692505780363 100.361750428129 106.385117336042 117.330613099359 146.935977056664 103.143538370533 114.297282073217 22.7770056693253 68.4385671798415 131.105012715573 87.8147632937822 98.0324985997984 0 56.5855062152685 34.7585008134336 42.0100800339526 123.908765997947 94.7662154119369 78.4021035863146 33.9464768149148 89.5527947627092 34.2421018499998 157.578620197381 148.048274069408 75.502521009598 43.3467309143092 138.051637454892 75.6146148493854 79.9441883925735 64.3775649014189 71.4326502968069 94.433844080426 108.26163573265 135.862132072247 129.349126739364 117.775571864766 136.672721543828 130.546083212049 146.077345836076 138.252358200483 0 142.532882397407 113.60608119096 144.497622207485 166.314075805017 0 187.045364379883 141.493514636613 168.615310511558 93.6797016859703 174.437138568929 186.035426041333 0 163.508926391602 164.327415081547 133.928512573242 111.177374876693 160.846135055422 164.870175053677 178.614524648117 153.259516518003 122.239116664856 94.9521580773062 128.324756282242 113.695638462614 116.123191833496 157.98617657409 133.138404193978 125.069257748217 144.492776492108 123.730947251639 0 0 127.284924516563 131.887039052202 171.641903409805
89.4325274220307 29.3532002930447 63.0356715179454 82.4653574885436 96.0922277605129 104.474142613139 80.2103084213038 112.323256172229 26.8726329719951 95.035254148668 98.1746311329545 72.0049372081502 90.3804735205268 105.644973837756 67.8034511681893 33.542430968477 87.6543963954913 108.691370009186 100.586140336516 81.07331148834 56.5855062152685 0 57.3586505241855 34.9238884005002 68.6519893119145 89.1639533355369 40.5999877549959 55.2842748587825 83.4717813936095 63.8262930831137 106.645845984586 119.048278808594 65.1651986637255 63.0414305519967 135.551025640319 70.14447646899 61.7822379355749 66.5850439775995 64.6491873689603 58.0761032254408 80.19554195923 91.1366445552516 88.9431065426865 68.3559757190637 79.1218440530865 84.6873109572258 77.7161401772681 0 0 110.276257024221 75.3976031506521 90.1976011021665 0 0 146.224243164062 129.129316943634 157.079220579916 75.4302514412998 145.618405582997 129.23708811719 91.1059053182664 126.362603178137 154.8125775287 98.7257461547852 59.1938656680104 110.817375465052 127.197627499825 124.433205979153 149.926826474059 83.0280177703784 35.861832384688 74.2475765972739 83.9934207745105 141.093696299326 115.221635080187 77.8081957714644 96.9447918837126 121.906772586513 91.3773166949206 114.422156042178 0 89.7356606125557 96.6310650698188 137.325636644334
95.5226375859529 64.8174118710158 34.7493295663771 114.309318353359 147.568551886071 118.280648086568 85.8268226421624 112.704418396445 90.4811262627967 112.242512286206 85.9558966390436 140.439891482596 120.067400130709 111.853981774123 118.07640367006 23.0758307058391 28.4050805585888 88.7676009512529 58.3934340665896 128.58430557982 34.7585008134336 57.3586505241855 0 67.4912240061463 100.536020153279 63.6341061838119 49.4483007628289 59.5659295810552 99.2822566881929 60.5080741978529 116.316907923583 159.447542487167 82.9234447257721 47.4090284405437 148.47641168197 78.369371732065 57.3994485613845 58.2291151428688 64.9512823095004 102.748189300415 103.851639102416 0 124.623794468071 104.715094078569 115.877309311682 117.5835832538 126.503050215475 151.256370165947 0 165.56351386048 83.91158643922 113.068952774778 189.892568074533 0 171.933196865044 166.713123471706 181.970147854342 119.117043637777 180.366735115515 163.323005942952 247.785430908203 128.158881158203 173.970446165102 133.585403442383 106.28486244561 130.910264536213 154.901291796934 150.23713596404 127.531890869141 128.410585340541 77.4135581360221 116.131007475423 130.214562367353 135.31719459499 137.546826271131 110.696325061204 141.803789737899 170.985480166351 142.467592700433 119.324813842773 0 159.596776483672 123.164424354803 155.844907005805
82.6372037941529 75.6743489748902 96.0839176134946 23.6908423077548 71.1002136123615 77.3458798362714 54.1748755837979 87.1818786777874 23.4972909251034 59.7347134992132 148.184312450864 43.3973463754889 136.976034202306 90.7708471010766 42.1183667588951 37.8923537640517 126.575199579779 162.254491330861 148.358298373447 21.6506032736663 42.0100800339526 34.9238884005002 67.4912240061463 0 114.232983173581 126.498612177246 79.5285221445907 22.6658243064517 85.9050117593404 65.9604804301503 158.266462647087 139.616997994147 71.8237759113008 78.4554360832846 108.158511360996 75.9902479492721 113.718704425036 97.8583074880033 81.3045047411412 44.9829400196899 92.4239790876153 137.170676196264 106.425951694094 129.04631354323 124.312634182164 130.23148501998 82.1452002469444 148.609628643934 0 117.522020185384 124.358929661691 139.659439123561 112.578903242722 84.5113677978516 125.737044986393 109.253885058051 127.617406482857 56.9087761511344 124.005497686132 202.729919257179 73.8579157735187 147.495635986328 134.961446179599 88.7125168124428 106.611126351935 167.337073187825 0 173.921466827859 111.676619053844 114.608334289865 75.1541633893714 123.843612735172 70.2215422119544 209.970312243061 177.859966271595 143.063409300838 104.025387084368 132.539960207742 114.576105604973 0 184.439112799092 118.173839946669 129.757482249557 167.044265441705
144.497221855965 26.6462519857981 72.8726808842112 133.050399780273 231.713287353516 181.273415154572 153.223328123999 129.568264768492 103.861487330095 187.291583129437 28.5133944214111 136.506855688407 19.9065234191301 127.241168499077 136.353143585802 108.406441369831 62.0174773262713 40.6295679521531 42.5482971951821 189.618453979492 123.908765997947 68.6519893119145 100.536020153279 114.232983173581 0 39.8823829025437 31.6756137333537 131.095331285264 129.430302982242 131.70384338758 41.8692955154985 0 132.540963152915 49.0787260663655 138.293038406738 92.3038502418649 25.1666099572572 41.9056393392011 68.2999266579598 100.554014735637 68.6417271196699 20.5700568540457 112.585677272674 57.9693354697601 74.4986440019826 93.4230723645016 181.606201171875 0 31.9002412774398 187.555502527391 45.8480380592445 91.1151775838894 0 0 0 186.464185867806 156.000728902894 133.363647460938 179.742538452148 56.8476200597024 197.555621542168 45.4622706816691 124.86597968105 0 0 94.2629744278824 66.9505992678484 78.3513692953292 0 114.360824974045 108.256287034836 116.960154123665 175.146281657552 28.6996491421961 63.8763216534237 64.406697688989 163.235015869141 158.071395874023 132.775798336332 64.3390587392643 0 0 74.0188578147457 128.164873495519
125.883816626866 46.4397834449989 28.2933079381251 162.112970445004 161.157253445445 147.724096205576 122.499339869795 143.320263581749 122.756096760983 142.769840803642 32.9710624210508 156.65922413437 27.5235736882169 141.500123092871 148.576084746353 110.396034018938 36.6258479740805 26.4765305015486 26.850516802899 160.420850109754 94.7662154119369 89.1639533355369 63.6341061838119 126.498612177246 39.8823829025437 0 35.5554324548093 112.190266458448 127.042618918112 104.667940776638 22.47082151265 137.595694576163 122.882634894883 55.2799706941301 155.674218198353 82.3914561130344 51.613100942815 56.0442507332435 65.7016311390667 139.472271381171 104.351383013983 68.4433846803677 129.571889936746 97.7185922481787 100.028478933688 115.606211364026 146.871727711044 124.587661743164 77.3599269176938 185.544348057153 63.9947280108624 102.082345217037 0 0 185.918258666992 181.214379447216 203.794139408988 164.580638207926 0 95.9817979824604 0 77.7106635457907 192.283237917076 0 155.106446854551 111.412470239658 96.6162982252587 103.703067875902 226.949462890625 160.913753490006 127.689599336044 134.856225361981 166.557528475426 62.2774028505607 91.7058340972744 95.6506096668493 178.264843299352 205.045606324052 157.412857200087 95.0431974880857 0 172.015655517578 102.975995965382 151.619528645261
129.613731434847 34.4528140254355 40.1115153793905 120.936465950903 132.587978256279 136.195276416528 107.677562192277 141.612339673756 94.7997276637495 125.134902320804 54.9758238297452 127.772725377403 28.8354827779298 141.595883258876 135.249527842644 27.6331825261469 66.1400436294346 58.5976362847724 59.6693452441004 123.457447056968 78.4021035863146 40.5999877549959 49.4483007628289 79.5285221445907 31.6756137333537 35.5554324548093 0 82.3535593429 131.290267708866 105.670831837794 24.222311878356 114.121539290416 108.317773596525 65.7106798327765 155.908074661107 80.5633800972428 58.3529315292473 64.4782845520077 69.3835926250737 105.721366037018 95.4837083649977 70.1095880913794 119.445066793402 95.537261721582 101.166089671935 110.807016162719 125.892641640999 132.001063718827 78.2437256676735 170.417566802044 58.0117628823138 96.132093110605 233.349290233589 0 198.220849218981 161.669159196261 181.975747376689 131.333625249383 192.296155739595 103.656199939546 188.215515136719 80.9004948668092 178.209971792609 0 110.092110816511 111.767375916011 104.66705329913 107.402922384514 184.585677093052 135.868132235986 68.7471469159355 110.975182111115 142.385715641257 64.3696108622736 96.3417303191914 95.8709686131372 150.633091036724 183.712108092245 147.154560106681 98.6145588713849 235.495803833008 163.98244536345 112.272744375479 157.322279220488
80.3594052314904 95.7684565585659 79.7329536295236 22.5017116766468 107.681253560642 69.5319720234466 41.5177876986109 86.4854565984685 53.1974327946092 36.3846361886659 147.934627844809 43.9972391004044 145.212179969639 90.4275389470863 76.5411159500105 39.0096458470649 113.666408295857 141.948011467916 121.156326746638 23.6502597353082 33.9464768149148 55.2842748587825 59.5659295810552 22.6658243064517 131.095331285264 112.190266458448 82.3535593429 0 86.9507599679711 45.8571911895229 166.248929178107 134.089333116302 72.5728239734457 73.1111780574072 75.932559004702 78.447411201955 105.0951735495 93.506238148083 78.9886214096134 75.88680562788 96.4697051262699 131.486150409381 123.10739749848 148.020869801753 138.112498092932 139.50336771675 108.757457614196 153.155559181582 0 132.139484569928 134.805976637629 148.60083404957 67.8179901044583 176.519585747075 144.869538427984 124.076953731471 140.657959082284 77.6415029388765 146.063689864212 179.48175515696 108.15479279064 183.330332373234 148.177276566854 114.24311959272 114.489170771113 170.456646537648 243.296890258789 181.55324068361 131.618473703677 122.850740141159 90.4343339528725 136.339199023156 100.501224713231 132.061813354492 175.942656711186 146.989264088343 114.618781539797 141.965170307346 124.066428199127 0 164.781021118164 122.62780494099 135.395021796991 158.953546714137
21.9878507557113 124.74089723024 116.573282452891 103.285623185257 26.8664866306575 44.8466265619744 62.0574759031048 38.9701671836992 82.0138356872951 99.6703507336659 73.8299937942342 98.1791192138184 73.5660045063828 25.6703596127127 73.0121301940462 97.5727381228037 110.860045510938 115.693176226889 124.145594140777 99.8192095744376 89.5527947627092 83.4717813936095 99.2822566881929 85.9050117593404 129.430302982242 127.042618918112 131.290267708866 86.9507599679711 0 34.8034612482987 138.525245358929 13.1530134925029 18.4687356958709 34.0943284282018 106.796741302716 62.6494437820122 79.2779491708355 50.4762830436615 65.7616172418302 45.1713962825036 30.118986891444 81.5360349724309 145.147084567681 169.805369843455 156.742607626908 147.545496592244 151.998837881035 191.804672765365 0 157.524120712323 185.806862001844 178.023399279342 134.481028919654 0 194.663832167821 156.133779516213 175.633592216771 100.813330466904 170.613525501839 0 122.184973821584 0 172.880635476351 0 134.843518057543 196.810737084633 196.775680541992 195.55438797467 163.878935705392 139.049122209907 111.473255132569 158.172239921041 129.780361977397 0 200.525662904796 168.009561586994 140.460693353798 168.699252352993 153.277534253869 0 0 167.003791716963 152.546971671092 141.319177477877
44.5925448408863 98.3370704949687 85.5011399105219 107.546554051156 111.15369428972 85.3514571256191 25.790134985264 75.2618595113353 62.7865397306953 97.644730123661 112.234397086255 114.128408958591 145.370980867156 73.5585176897118 99.3228131010344 77.3281476995281 79.5272373725418 131.264060996518 95.441346952249 96.8838566447406 34.2421018499998 63.8262930831137 60.5080741978529 65.9604804301503 131.70384338758 104.667940776638 105.670831837794 45.8571911895229 34.8034612482987 0 153.561920093272 115.215678927329 48.2491838027067 41.532130725299 131.49378184886 70.4987418042518 86.347046614175 69.4860244618076 72.3747181005036 79.3941363470836 86.1578351041064 116.727322732901 129.295241121338 131.99051578317 138.357848514607 136.061202935636 156.356148365945 155.315560813135 0 134.174012689708 120.626666865004 151.821888318191 143.633716474018 0 159.724940049217 140.621640675685 151.679264599024 83.4812510532256 181.481437400019 196.672990844507 115.134148553966 151.786778963791 156.425654695709 114.906066894531 117.973205316763 167.331776503883 165.087814331055 187.426587572946 124.871594259142 120.864756600599 92.9438883439038 135.314197222109 109.700399226129 160.639588064918 173.905749588954 149.493217430583 121.562057294538 144.725303364668 129.025980420824 0 0 134.667492842915 137.092986962085 143.868835294397
121.820495605469 68.6628678675074 91.4834694911869 0 0 201.376220703125 197.053009033203 174.395806114018 137.465195299272 0 30.7042480035075 0 9.94953176491302 129.115310668945 0 152.285657857575 80.6266254088923 48.4064874014518 58.8100033388393 0 157.578620197381 106.645845984586 116.316907923583 158.266462647087 41.8692955154985 22.47082151265 24.222311878356 166.248929178107 138.525245358929 153.561920093272 0 0 162.487258911133 73.6141935673066 0 102.460449106909 54.2160963842035 64.094570750977 80.2980801175002 0 0 64.7884568830751 144.486923217773 92.3917347188048 115.174518147811 0 0 0 0 212.397613525391 0 173.45361607011 223.984313964844 0 0 208.280443251386 0 0 0 90.6854770753125 0 81.2231681515581 0 0 0 125.447231152067 100.005404996767 110.251070608121 0 223.328689575195 0 0 0 65.722017215194 101.289281512314 99.0669225626326 0 0 0 99.3522639693964 0 0 137.298738865955 0
72.7420604247628 0 178.955664175672 142.85075892045 10.8819196167139 13.3851108801363 112.811718850168 21.6813665792063 121.895301392787 126.411255868965 68.7005376940329 114.073511286346 60.8363068358645 21.6619821618395 41.8160897892777 182.260943226172 90.5366440768724 88.2543746288535 83.5342900022669 141.684415426649 148.048274069408 119.048278808594 159.447542487167 139.616997994147 0 137.595694576163 114.121539290416 134.089333116302 13.1530134925029 115.215678927329 0 0 66.7577115197755 21.9473655649911 110.503855749891 83.7790802934754 71.3248533337896 41.9273955529012 63.4344662998522 38.351028874589 22.6160688865854 0 219.581590595428 0 0 0 0 0 0 196.253372192383 0 0 0 0 0 180.836791992188 0 0 0 0 0 0 211.443771362305 0 0 0 0 0 0 0 0 236.579528808594 174.38633315333 0 0 0 216.252171516094 197.852432250977 211.551932631271 0 0 0 203.381134033203 135.026539305725
