0 125.602610487828 123.947689251228 94.8397349150741 82.7829324197654 64.1634165850903 45.1699322490041 27.0980351164009 71.8988707825628 71.6333836875769 84.5884679110897 81.1463315700561 97.4088037841657 15.0846290816665 103.33741004427 105.481830638996 110.944624373369 0 123.798521146138 86.4500574064971 86.6885293767545 81.8455057000368 98.0028815176967 81.193123928575 132.622836902474 130.364528510367 128.705548785097 80.4517205038041 20.4185889016793 38.2478649228889 191.244338989258 82.3752142197519 33.3720720047212 52.6864022237998 119.345406592685 66.4353343271628 93.8964017167105 69.4242075918588 70.6775476684423 57.1996047337814 66.3987411908235 94.6634683897658 141.691345919948 171.749618530273 143.792663086197 121.905746459961 138.120223717866 218.616226196289 0 125.397941589355 136.94548034668 0 130.263189749202 0 160.443018072746 140.607593287044 165.680307075512 98.994115768741 158.709982464956 202.527725219727 174.035263061523 0 162.418543454339 0 138.28900155972 166.67236328125 0 0 165.397664444196 143.785813926904 134.890617104874 139.28098560117 126.677533333275 0 209.462585449219 173.539363054263 134.304191554452 164.135536682171 132.28808035586 0 0 146.130809062891 154.555380205678 139.974321902432
125.602610487828 0 43.2494684009728 125.688258869135 129.636657714844 144.225854375345 112.051820247202 133.427144896467 70.5931482840195 131.502886955866 57.506245253166 97.7549268332124 42.6786065016709 128.431468884482 104.938433970524 60.4905552937053 48.4134368086652 63.3569805962031 54.7560125799414 130.826007879832 74.3214893487072 27.7218227762453 59.0473692953599 74.6779874388452 24.7884777313838 44.8585556650902 32.3928450008806 94.1458373736962 110.687066017723 90.206838727023 63.8698914380505 135.079711007443 107.670668305044 55.0771737210834 159.345759300701 76.150100070638 36.2974626763115 55.6370713741559 66.4147873791254 99.053391377771 150.699005176172 41.5531268919103 95.9040440699589 86.1545291249285 82.6717931611078 186.538335068069 150.914242277923 0 50.7613074600927 0 20.8203852360356 63.1801253054466 139.355102539062 0 154.194803844742 155.575342934443 0 106.449942463197 156.579465091865 88.0686800199173 133.446838319177 73.4061965221963 123.402679443359 0 116.575784813506 73.8821981292196 88.803284385124 79.9049261449512 206.73095703125 133.451114729913 47.9406538522045 108.320118147119 120.680929613873 51.0266889191322 71.3904942866638 65.3591545572514 145.080602246842 159.468660373643 128.493783496423 0 0 0 60.7704007209047 157.936462402344
123.947689251228 43.2494684009728 0 130.860945725901 94.7108459472656 118.434576219013 94.35145113234 118.414914130181 93.4526625243857 129.998205259213 73.792313616129 147.482804732919 86.4843495774887 114.238136984542 91.1534001804566 71.862365014973 40.635090835918 74.6925080122125 62.1691349411382 166.518081665039 32.4765232742814 52.8020272580311 25.6394849689953 95.587462331035 82.9520416991466 30.7510938388613 33.4030773796972 76.8515885061376 109.9338005017 51.7576991838196 96.6658216982696 119.456871877858 86.9106767462235 40.2996370615261 134.294252686675 60.1861988699195 39.7490431085782 48.2615272643308 53.6751012233733 70.5591575734272 72.8720018127402 82.6829577962161 117.793386252249 98.6367212153341 104.447951842782 115.118479547968 121.556231360311 96.8202514648438 124.169868962813 150.891563835024 59.6005124515706 88.0120101325239 0 187.787872314453 175.574946814316 153.172933461865 179.912328457618 125.153736362576 167.182427310044 140.647485169681 0 120.958741764331 177.604708951406 0 100.259317928766 100.540286925199 132.346878122736 115.283020962843 0 122.467388279462 69.3158937020372 102.955060161092 130.802560516336 110.571053986749 95.2751059275512 88.0316235360181 140.679618404746 186.123839583398 128.327611721813 135.939990968051 0 0 108.619027711102 143.571493725161
94.8397349150741 125.688258869135 130.860945725901 0 110.536297118876 67.563649969158 59.0446680951049 96.8689461651225 61.4931313566743 22.8276370957041 156.101656254752 39.4489549097011 136.766532547809 92.0193735468164 73.6612855375864 89.4203867329016 156.924240112305 0 154.258823666496 13.7592147870492 93.2555497524827 92.6416944825652 109.093350671731 26.4505859098622 158.983238119092 179.136062493045 130.578691299941 20.9559138748198 98.3180572853062 95.7590815745264 0 144.564049619069 86.5264002983235 104.659595583257 87.2607109361581 107.659167921057 133.184295654585 122.590291415843 115.888094323399 72.1559225892785 118.382822215905 0 153.231926350083 0 166.290003502594 152.615478515625 116.953732640678 169.486872662739 0 160.371434278314 0 179.371288061355 37.1474795854654 131.933792114258 141.818228705155 132.285859912925 146.759505481685 88.1292751583059 139.584529576768 0 40.7150382662582 0 163.803394479269 113.322919240751 162.919524201806 0 0 0 72.9860472767077 146.426298555076 139.063982900881 176.690622090887 100.584541502289 0 236.817611694336 176.636575248519 130.8350066052 162.21183278901 161.223192881476 0 243.141052246094 162.520518595851 178.944040648099 207.902876715486
82.7829324197654 129.636657714844 94.7108459472656 110.536297118876 0 13.823780069122 115.078320096828 27.6604768583924 54.2221170540431 109.883922603675 55.6877549421096 60.8554305702481 14.709914407302 38.6648938341599 21.5290035950405 0 76.7003492459171 89.9613647460938 89.2579040527344 86.6061823806831 145.42366027832 97.3747014013391 136.084274291992 76.7375217666032 0 127.396230992441 131.057886341272 111.079227913188 29.542101090139 119.900060280663 0 14.1809774318889 63.3102389595888 15.8412104897368 80.2970505080885 69.680962957114 98.6702048501247 52.9771486845113 44.2955070352921 12.3655882489099 8.22703648139656 0 0 0 0 0 0 0 0 0 0 0 0 0 0 115.493942260742 0 80.5296822303468 0 0 93.6391143798828 0 0 122.342063903809 150.047149658203 0 0 0 0 160.267608642578 0 147.477813720703 166.593854272428 0 0 0 150.641761253953 0 0 0 0 0 189.481506347656 159.784427138437
64.1634165850903 144.225854375345 118.434576219013 67.563649969158 13.823780069122 0 45.8267643033212 21.7881063488055 59.0793716567512 26.4898853049197 84.4757313770477 27.1408214719825 69.3214443742617 40.015877528122 24.0403415760925 113.045524736341 130.266022741209 121.925544151851 119.161107914574 53.5512235365589 100.954977090137 99.9841706497759 110.485699761398 70.2311637362595 102.204270444973 135.220265495199 130.702171562091 72.2421098423354 49.5026369455293 77.0555179194261 162.053587655403 20.7814205889712 84.1220144147352 44.6312612827514 102.647152145582 88.0332821638546 108.061416457902 74.5039955485521 72.2470531971857 19.4098185681495 16.0381943972869 85.707945559834 159.190036357501 0 160.014595297626 168.657417774106 132.963251557697 182.359021531263 0 146.066666678722 0 185.95670954684 137.229478853998 0 145.517492914983 134.267148374634 153.245481078511 91.7797822670278 143.552944571637 0 95.8307505711239 173.981201171875 154.327109835275 151.004509477222 177.160690307617 0 0 0 134.850200607385 155.56729420249 127.622074829618 164.226512283226 121.168265876572 0 188.561798095703 172.904304192869 133.545167961192 173.143766227226 147.317783698162 0 212.044158935547 240.131546020508 156.746285057226 131.21207234759
45.1699322490041 112.051820247202 94.35145113234 59.0446680951049 115.078320096828 45.8267643033212 0 46.2867860366325 56.6429336010962 23.7715292113942 136.46078347252 61.5891562052836 115.44596442519 40.5128413174988 76.9076626899358 77.2505159289066 130.123445405236 170.441627736312 159.402959709801 30.7004035850775 69.8277361974806 73.9146265114454 78.388819796423 56.8909554136357 143.583542358332 143.112745416427 99.4533747091182 36.0002138266535 60.9372019224093 28.0761591513685 157.296425894765 123.972227253375 62.2444282426858 74.3749113106733 144.860223719386 82.0905822937152 97.6136120632617 95.1040791559445 95.2516984517842 79.9411867191882 94.3109753542147 114.725790990786 139.840493801582 149.217214686077 139.156623468208 139.511735897688 128.838131379099 154.04994032151 0 130.247852205469 140.355651855469 159.16737162549 133.460504649172 170.223510742188 137.48598015642 120.97879553732 140.338201119609 76.3240326666804 132.144727737672 192.268367698869 128.647412612981 179.358356598832 145.829534557645 130.378661839652 130.995354956549 176.036645058736 229.555847167969 180.212005615234 126.460743259374 129.318450279458 113.25546472979 144.478112547296 105.043191373674 0 174.958609510135 159.0881699838 120.985675854181 153.047146496418 125.509705506469 238.723175048828 193.810775756836 143.97902527175 146.858109490293 174.685918897811
27.0980351164009 133.427144896467 118.414914130181 96.8689461651225 27.6604768583924 21.7881063488055 46.2867860366325 0 75.2446001248511 51.4157482975446 70.8611007673326 58.8614345656381 79.5392153718863 17.7375093730305 41.6582616130657 106.038916729449 108.908933157748 95.6583897094652 104.252518925534 83.2623331536232 95.0182544208689 99.7549623039172 108.505836510893 85.1986798173701 112.750905596841 99.2950466527014 129.647809060191 91.5047891514559 34.9014452197236 65.1416968443983 100.127464294434 23.2680715853722 71.9823836201072 44.0692660453191 109.167430418197 79.0590049717421 97.037552736102 62.6939171333108 65.8790960094649 35.5510919819924 28.1303751412455 71.3683911767318 156.070307998527 0 171.580158203944 157.593929976981 144.604934886811 158.52380818838 0 132.619959237304 0 169.851165771484 147.270374985846 188.973578931786 160.439969578158 148.12329156564 164.479427392511 105.778058188316 150.127577393625 184.624282836914 101.706585512099 200.861564893537 172.646201547917 116.233954982683 176.458353124172 195.640075683594 173.93180847168 0 174.58809133098 168.15721565279 127.534000414445 176.325104662017 123.439589809325 0 219.815258217494 179.116667724885 139.145608039105 178.974603579889 143.441857747461 0 224.42724609375 144.674922002341 157.387986212968 162.743874799866
71.8988707825628 70.5931482840195 93.4526625243857 61.4931313566743 54.2221170540431 59.0793716567512 56.6429336010962 75.2446001248511 0 70.3404722904504 121.230422965757 36.7780486595199 111.356464925465 72.3345039479059 25.1235496930978 67.0640430402117 107.299667489966 132.74821931329 127.50217864809 53.6429165880701 75.5715737840404 27.7451069062558 84.0590367403184 25.5301230610858 95.9577728146783 113.070455907457 93.4464230602691 55.1800659178014 70.9462770276926 50.889961002703 134.123406182401 94.4625106688266 60.06860798405 67.5158196062702 129.001352311665 75.6900269305588 100.020903320091 107.745549860049 92.6705401167462 18.4057073975166 94.0795204365329 108.778472133234 89.8166270346998 125.481823553129 102.168278990527 97.9784403490049 71.3763496643256 113.469275551299 111.050909017289 82.3917979366209 103.634653078949 124.197969771296 72.2525338384763 111.433275292327 91.7388191000393 75.538061160939 102.362638503613 21.691490029936 83.3366917303288 135.874501357948 66.812934349756 146.322222434138 101.706668744843 95.8105890369092 98.3998977043134 128.900442302977 157.267761230469 163.590586365418 57.7886896412192 99.2024895754567 65.410801464085 108.531857902174 54.2908059319573 126.180708685727 157.753879562933 139.418278410011 76.7626359480553 105.459349586563 83.6909095606984 0 145.539432710309 80.2544888067209 93.0290964381433 170.981221644112
71.6333836875769 131.502886955866 129.998205259213 22.8276370957041 109.883922603675 26.4898853049197 23.7715292113942 51.4157482975446 70.3404722904504 0 143.275590251073 27.6386215469531 126.418645695496 53.9293210023098 75.5393444661577 103.885201939551 146.823256093483 149.481222104305 168.813173996028 15.8686875319824 95.6644821736453 104.820866864166 110.141494763272 66.2360489718833 158.432375017174 174.939549168353 140.486375590874 37.0098888481491 92.1038748314435 82.502617357743 185.084523290576 123.373621702859 81.9345642199989 93.5600645287449 88.0767968587938 98.9197533451004 130.630197481621 105.796902170436 105.074364536135 77.6371890301483 100.057901689836 131.956285361791 162.577329805635 176.410140991211 172.646041150324 154.03823635639 131.181562339981 179.680439850368 0 151.726366850193 184.518860783116 163.762634277344 139.429420307671 158.950234810444 145.745896097509 136.986467862004 154.612904320135 90.1386485169211 146.310824486396 0 118.062756737123 0 162.190995637106 134.467380181364 149.227584243173 202.251431133592 0 0 146.269363087182 158.966239131958 124.953692245901 177.575632820886 115.358035539473 0 209.587150862113 190.949297153294 138.380749398701 177.014027001726 168.025388256444 0 199.474670410156 173.218952196552 168.29955933949 184.059254703093
84.5884679110897 57.506245253166 73.792313616129 156.101656254752 55.6877549421096 84.4757313770477 136.46078347252 70.8611007673326 121.230422965757 143.275590251073 0 120.412689685229 21.288507497044 73.0146507283714 108.309363337913 119.432515822089 52.4064286018095 23.0054129609976 28.8892472448047 139.170521905754 83.1924805549937 93.2148934919189 75.5490331707859 137.08848819144 29.8363284278365 37.473292520321 57.7482413742224 149.542170655394 66.745227181596 127.469246629837 38.6354689510013 60.3335315538214 91.7403570361235 24.1045465984057 135.010307152241 73.5628216542953 26.9651479268988 19.7437037870124 52.1862631209744 76.0809052098007 46.3579769672135 12.7095037924992 136.638681012664 72.0976767046978 103.219349213232 136.064881323059 0 0 46.5351437029712 242.650756835938 78.3925318168963 122.763488926862 0 0 0 193.533003652995 0 149.850911411329 0 84.0356813937652 0 70.0695188244147 232.971603393555 0 149.327912935263 112.488491274838 93.2158866753094 104.374584651254 0 0 124.902508741383 152.080840020956 176.346372591064 57.2096716852345 100.249744516916 104.355993782899 190.680241700779 196.324954282373 120.838386535645 93.929063158939 0 0 118.447017191736 147.220494886302
81.1463315700561 97.7549268332124 147.482804732919 39.4489549097011 60.8554305702481 27.1408214719825 61.5891562052836 58.8614345656381 36.7780486595199 27.6386215469531 120.412689685229 0 133.872109290081 70.4380187419817 24.8926540796701 99.5622990174154 126.385103393512 123.181350708008 142.597703245143 15.5291983866737 108.541561931901 73.3714692694479 125.952351301905 26.4607739282762 129.272127708674 157.777824324934 132.131268130735 52.0167360032516 94.7878215853725 92.6610519150222 173.280822753906 103.498714048214 93.8316785274849 91.6044644382367 18.3726230479896 96.5523885162682 126.423377645081 91.7462495633736 104.917688802029 27.5978227600783 88.5929321874296 116.283504823 91.1701155654237 0 202.667942948639 123.137922481225 90.7914219655238 142.161856090764 0 0 240.351867675781 0 107.25832762587 0 123.621575284687 129.042916170747 146.756238542105 77.2112207776474 103.56613754429 0 18.3245448349769 0 161.391706921387 87.3226293032012 170.295450218124 0 0 0 89.1141968162839 144.455210517095 101.126039462587 166.291968274085 103.298249471641 0 0 190.753891577214 123.706831806775 180.2900441671 123.571565614024 0 0 0 0 0
97.4088037841657 42.6786065016709 86.4843495774887 136.766532547809 14.709914407302 69.3214443742617 115.44596442519 79.5392153718863 111.356464925465 126.418645695496 21.288507497044 133.872109290081 0 84.068679424364 134.611155063041 123.824097573051 93.516062150698 42.8339990394924 58.0786452611851 127.863552279851 134.654431235581 83.1597709278442 114.514627097843 124.420721356604 15.7352249827965 37.6843784116072 33.4112966804508 137.677561212736 76.5213242414108 126.771088589566 18.1243559769947 74.9099421159992 70.7420331840654 39.8213451724995 96.2539293191462 47.1943582847141 22.0588081360108 22.071646219714 30.8728169850659 37.2166470956907 12.8314317280521 12.0769958619106 75.7818631103905 54.307050517165 92.7746790783874 102.437093652569 0 0 40.4463030582557 0 64.764787730036 114.400109653764 0 0 239.149826049805 185.741607322138 194.922134399414 134.226005120575 0 71.0198033688702 0 56.7515475288302 173.832285751384 0 174.382573640966 115.421045110899 83.75212777455 95.2325043791084 0 159.978893965089 100.819212171653 164.046283678567 149.634062482422 48.1111020474242 85.059215149548 88.5721671143377 172.543172384201 225.720579355178 147.375991821289 88.312127841283 0 0 105.378703717837 98.8559436547478
15.0846290816665 128.431468884482 114.238136984542 92.0193735468164 38.6648938341599 40.015877528122 40.5128413174988 17.7375093730305 72.3345039479059 53.9293210023098 73.0146507283714 70.4380187419817 84.068679424364 0 60.7360065478322 100.255152547459 105.439764054107 102.111270007063 104.486035593721 77.7976978398838 84.3940184175327 86.9227333875531 99.4897647828672 81.7992787980502 108.374970803385 109.922457952156 124.706213483535 82.1400358756372 30.2623015901052 48.9928325944725 110.422078857935 27.2720158282161 41.8925894433753 47.0764533864087 119.455615985396 69.1810438834601 90.0482902973453 63.3594548335127 65.2795331559294 45.3430062898839 43.5780045650225 76.3544028538695 150.07844938435 176.715462417415 154.464652078192 156.639417022355 145.783779549496 171.868645220576 170.278060913086 134.469080798679 0 181.742023035519 155.068810045096 0 159.473626298462 139.95534743025 156.674302364099 89.5293270784527 151.161989786359 217.161762279535 140.779717980048 104.794151306152 160.77911435909 218.446654922118 151.02147803358 0 164.615447998047 146.638043846774 151.422044014219 144.440193985786 120.813276518419 160.195552941155 119.865653366726 0 176.86994605741 182.10354861944 137.129851631687 161.296646804829 148.441136350712 210.846038818359 0 152.786483083284 166.759944570993 144.446630121073
103.33741004427 104.938433970524 91.1534001804566 73.6612855375864 21.5290035950405 24.0403415760925 76.9076626899358 41.6582616130657 25.1235496930978 75.5393444661577 108.309363337913 24.8926540796701 134.611155063041 60.7360065478322 0 111.707630144402 145.546904172144 129.787387736324 118.805037985448 62.9839616981927 133.413805511847 71.2740543971101 100.658025234228 44.6149607277199 133.053881551296 142.59096076366 125.099898913479 78.535437346797 63.9034235641575 78.3335025420651 196.247146606445 42.5816859531088 76.3214567368474 58.8472843093766 52.1966580646928 57.7281543483925 110.334402826166 99.5402141494588 37.4590184280462 12.2196389530696 34.4115060846073 111.16486628474 118.851748864447 0 135.550155639648 119.259420439963 61.870376713556 0 109.446449279785 0 0 0 110.852380195463 0 200.181691865975 113.629534621572 158.728239627669 70.9111855996678 112.086758859331 0 91.7604384039118 0 160.818472607859 88.4409925229706 129.609947644171 0 0 0 85.9659953648839 118.435608631813 84.4293069498262 139.216231768937 93.1465716412262 0 157.356808266201 149.799323249968 121.040834468124 180.37678527832 122.244950693178 0 0 173.675588096247 147.911488746025 73.0949125073302
105.481830638996 60.4905552937053 71.862365014973 89.4203867329016 0 113.045524736341 77.2505159289066 106.038916729449 67.0640430402117 103.885201939551 119.432515822089 99.5622990174154 123.824097573051 100.255152547459 111.707630144402 0 87.4409346309712 126.672968335203 114.33863995448 94.3844698179093 17.8827107898652 32.5484684348131 18.6166908541896 40.7139772843022 103.924823470121 107.619863556895 29.100917641624 37.302509688374 89.9829833101651 54.6606770597773 126.935960218876 0 76.9286096034999 50.8254111977167 141.736388083349 71.9882256161338 57.2917030076078 77.3916178004801 74.1340474839687 84.2857407337548 108.624269631431 134.511086965517 111.38925603071 92.9865896999527 114.475513676433 110.653303176761 125.356250382203 156.108546668658 128.699813842773 144.865797455842 105.185313090983 105.783819231963 161.158004760742 0 145.276368958346 135.464874463329 165.548211611865 88.8903033255522 162.613730738695 0 227.066436767578 0 167.545161545861 180.9171957598 92.1122275650557 132.320934788632 170.754923375613 147.724315836029 0 105.567383948655 60.833728389644 98.4306723424785 108.615583339746 0 134.168804353789 102.995282918445 117.563036706423 123.441949956984 105.215400365672 0 0 136.427526403343 116.617679025722 155.424239206009
110.944624373369 48.4134368086652 40.635090835918 156.924240112305 76.7003492459171 130.266022741209 130.123445405236 108.908933157748 107.299667489966 146.823256093483 52.4064286018095 126.385103393512 93.516062150698 105.439764054107 145.546904172144 87.4409346309712 0 53.5414648820154 20.6852938067711 163.176208496094 34.832291148106 69.5392193851882 19.2047850873156 117.771823543934 60.1354484671264 33.7401966454163 57.5920406937253 107.315643933153 119.106812345536 62.4172114253128 85.3124521513396 90.4835104206062 100.555686295907 35.1352245163274 121.624558483307 63.3120814969487 37.9835925308515 40.4388055140351 54.1428945504365 72.6902637019805 61.1806275026721 74.1804302104472 120.640760111018 98.054666567946 104.757809261215 118.780530423993 113.449089050293 0 99.2014846801758 0 63.1365456932407 93.0050222563917 0 0 183.045593261719 149.952385322422 203.676017670417 168.462504398875 0 112.539226488181 0 112.408271579229 219.31257888264 178.359848022461 136.858605920997 102.533272547857 114.055609817906 107.808163037423 185.341598510742 150.889509475981 84.9000883234819 124.836235770928 144.547988227644 88.6323589542767 93.3485710509636 94.7562351818475 165.891391116228 203.58030080691 173.714413300799 137.282965199666 0 0 100.426940444394 153.318562419088
0 63.3569805962031 74.6925080122125 0 89.9613647460938 121.925544151851 170.441627736312 95.6583897094652 132.74821931329 149.481222104305 23.0054129609976 123.181350708008 42.8339990394924 102.111270007063 129.787387736324 126.672968335203 53.5414648820154 0 14.1080179327072 0 81.9173969751647 107.108091722406 81.099738142457 146.191363513477 42.289018822684 28.6660770524865 58.6549447932027 141.731852010934 87.370317141967 142.156119464269 47.5557776703178 105.470290742844 0 56.3834136827249 138.037144439614 84.5394521656452 45.866718316405 47.9114066502007 67.7164008153138 92.9355839392385 77.8740463256836 57.7218363288255 129.104634154135 88.3614305942475 116.265739133135 0 147.119781494141 0 73.9498364200698 0 87.7071519277972 130.064010620117 0 0 0 0 174.40119934082 119.83171081543 0 95.0146026945898 0 79.4828901135417 223.215682983398 0 0 129.38536085385 96.0216776897712 112.724666939125 0 0 185.044830322266 172.603070151485 187.098499116368 69.3207479531812 100.414197575263 105.767593384654 173.558445646784 0 0 102.119690120212 0 0 110.650733615094 131.868433964747
123.798521146138 54.7560125799414 62.1691349411382 154.258823666496 89.2579040527344 119.161107914574 159.402959709801 104.252518925534 127.50217864809 168.813173996028 28.8892472448047 142.597703245143 58.0786452611851 104.486035593721 118.805037985448 114.33863995448 20.6852938067711 14.1080179327072 0 0 63.7537514334195 98.4447548241291 54.9423897127813 137.659154156511 44.2418855903677 32.6235301596058 63.0252154781042 138.618388957258 86.5866680665367 95.6016442500563 60.1462392114616 81.0830948337533 103.6300468992 46.1085523723803 132.93957222608 78.5198333261821 46.4402124600447 44.7132926350751 63.0416870931915 93.8054748606477 78.2876497431425 63.891068328497 135.54431716086 91.4491868708516 115.679625655574 126.185191526958 182.119765726552 0 74.6616541766562 185.714880030684 75.1243990128448 119.583297578698 0 0 173.524490356445 167.375618205786 206.546768188477 170.30711154712 236.722747802734 103.97137822482 0 87.5875859919112 183.004482131858 0 151.492118280073 124.097760005649 104.907659162273 106.968441260804 0 166.671774202072 121.008123266359 149.974701400428 172.041346775145 71.7787053668813 99.2363465226033 101.997138457509 188.078749928785 0 236.501251220703 115.247507654571 0 0 110.986102713393 155.272648885112
86.4500574064971 130.826007879832 166.518081665039 13.7592147870492 86.6061823806831 53.5512235365589 30.7004035850775 83.2623331536232 53.6429165880701 15.8686875319824 139.170521905754 15.5291983866737 127.863552279851 77.7976978398838 62.9839616981927 94.3844698179093 163.176208496094 0 0 0 96.1899869533841 80.2334862690845 120.649802672557 24.8469027300836 163.503708037759 0 132.890599823041 32.1331127326599 97.2438138142623 93.1870692178807 0 124.16097325836 80.7426400808025 98.5893907638564 46.1914524479547 99.9809439057983 133.434671128935 113.272522720795 113.976418739132 61.9420842142686 109.024253277312 143.569994623662 133.368112099481 0 159.221944507575 189.440015958215 117.139252549191 154.406972332984 0 155.111528006891 209.567352294922 182.637176513672 64.9035921996803 0 131.330285839926 125.92936914609 154.699068434641 76.9624779906765 134.456207796246 215.132565309789 32.1653602865851 0 152.069361114824 102.323854849138 146.280030589628 0 0 0 130.359293410768 142.646367976575 109.914007552924 151.261123657227 106.62140235604 0 189.783230487551 182.182841998459 127.947215020936 168.352248752548 135.605927903409 0 0 134.635402500845 191.782116203609 171.819969069151
86.6885293767545 74.3214893487072 32.4765232742814 93.2555497524827 145.42366027832 100.954977090137 69.8277361974806 95.0182544208689 75.5715737840404 95.6644821736453 83.1924805549937 108.541561931901 134.654431235581 84.3940184175327 133.413805511847 17.8827107898652 34.832291148106 81.9173969751647 63.7537514334195 96.1899869533841 0 47.1370807850292 20.415516667495 48.9791475234535 108.931567763004 62.2045188290222 57.1957050668933 34.1827612948086 75.8053785990417 25.9108872177071 102.661417237937 124.058560294837 79.6697928286532 30.8197222663695 129.942085786254 54.6244247254548 41.8377771083596 48.1618857166325 52.5475638535748 67.6736404543654 89.0207531417 109.955075704144 116.341991711003 105.724167498024 122.754475457898 123.106651904012 134.564928694813 0 106.122985839844 126.446202011909 102.588920997506 105.070768516241 0 168.405319213867 178.421468894457 138.236682145871 170.476135389015 95.479154912511 150.01401390723 167.792575881356 0 144.368189908525 164.257699418875 0 96.9850762997883 131.038688849913 0 139.224308870158 0 110.049938383426 70.6879642488098 106.290811226416 114.382927667299 113.597564697266 130.524320559812 107.465244477492 119.600453097718 143.831378944521 114.904203264672 182.491607666016 0 124.009460449219 124.775641432386 136.50128303409
81.8455057000368 27.7218227762453 52.8020272580311 92.6416944825652 97.3747014013391 99.9841706497759 73.9146265114454 99.7549623039172 27.7451069062558 104.820866864166 93.2148934919189 73.3714692694479 83.1597709278442 86.9227333875531 71.2740543971101 32.5484684348131 69.5392193851882 107.108091722406 98.4447548241291 80.2334862690845 47.1370807850292 0 50.4455716503985 32.7074449126545 68.2236299516513 86.1126148470218 43.8509539625066 54.7961353793868 75.6111897398701 49.6530770800484 100.611268924569 116.132083747731 59.4897718106998 44.4467992075641 140.079250262643 63.5296405560546 59.851013636514 74.434095511456 63.7856492096961 72.544071267828 93.0769212813248 82.3989026391117 87.690790582595 76.6918117840186 97.3093129773173 87.1617705006357 104.876745756187 102.606521527219 91.9334480079201 105.267243541178 64.1754396445662 87.2482267653385 128.357861644037 202.525466918945 122.563757877118 109.472651953485 150.754267759923 40.3388525608288 132.705913308005 117.024543609611 105.270834917257 113.878990944776 135.868025781432 88.7677246229509 65.534138200812 110.785491587147 139.336785499262 126.067313813975 152.552850114939 75.8231277424584 31.4740912301515 76.2118045100966 58.1131869505138 96.2472283462454 114.095226840301 86.5584113152543 91.358003671633 114.843548147324 72.1541650486131 138.613486377377 0 93.9512627480486 98.4566610367309 147.223439933657
98.0028815176967 59.0473692953599 25.6394849689953 109.093350671731 136.084274291992 110.485699761398 78.388819796423 108.505836510893 84.0590367403184 110.141494763272 75.5490331707859 125.952351301905 114.514627097843 99.4897647828672 100.658025234228 18.6166908541896 19.2047850873156 81.099738142457 54.9423897127813 120.649802672557 20.415516667495 50.4455716503985 0 67.6918682260511 106.313752165219 60.8473842727063 40.5280425715409 53.41077111698 94.6523085432671 45.4361235289003 103.070170764066 152.476784434085 82.9150786593558 39.1604460968096 130.527671686729 61.360973108475 44.2629654558068 52.0057221953712 58.1423808709681 73.3877688007695 82.0676921785428 107.423545247736 115.623579775863 103.047420985393 113.200380803105 116.454883520055 134.258885203579 117.852531041963 0 153.463111942905 89.2683284801113 96.3705329491998 143.099380493164 172.940002441406 160.757412110398 146.597646065618 182.381613652713 101.948521199266 165.672019296394 168.715474740502 0 158.771924031078 158.319479251779 159.281442150583 96.8117658239673 118.980253208784 158.733454716126 132.570182197562 0 115.258117746512 70.7086089541188 104.135847644218 118.418554615338 124.817073410205 126.344070957287 100.531844209833 130.026662232387 170.573116925731 119.64487207528 171.991474878275 0 158.385143742173 122.499450197863 149.440499313845
81.193123928575 74.6779874388452 95.587462331035 26.4505859098622 76.7375217666032 70.2311637362595 56.8909554136357 85.1986798173701 25.5301230610858 66.2360489718833 137.08848819144 26.4607739282762 124.420721356604 81.7992787980502 44.6149607277199 40.7139772843022 117.771823543934 146.191363513477 137.659154156511 24.8469027300836 48.9791475234535 32.7074449126545 67.6918682260511 0 105.85051428024 124.637895165956 85.1052826303367 21.8365549977451 77.2479708265145 58.5963487150343 149.842534840663 129.93838205679 64.794402472366 71.1176697146631 139.607800873659 81.5252386477737 98.6846096522833 110.030405477314 98.0710358506562 55.9854194802293 107.4610540529 123.90831035311 113.817616201007 143.363000774408 124.414227305487 121.548269370705 112.393734638096 137.937114216055 127.163434597384 111.777869220388 141.386241440029 136.926013947198 115.616019925788 150.028797722544 120.556101538497 106.990559066829 128.022904367929 58.9645315794972 115.203317856281 166.520638362496 107.373994676106 147.029495856991 133.562079891041 113.238985633809 104.169207089276 155.931690430809 171.138253182147 177.176790407139 109.185596555304 105.415631866171 72.0495417262511 121.174191604409 79.5261190314178 138.987505870244 154.683361825966 139.889165062296 103.292925233056 132.585823034848 101.881061464493 182.599502563477 162.534525590441 120.326245632779 126.655195011437 175.127387979789
132.622836902474 24.7884777313838 82.9520416991466 158.983238119092 0 102.204270444973 143.583542358332 112.750905596841 95.9577728146783 158.432375017174 29.8363284278365 129.272127708674 15.7352249827965 108.374970803385 133.053881551296 103.924823470121 60.1354484671264 42.289018822684 44.2418855903677 163.503708037759 108.931567763004 68.2236299516513 106.313752165219 105.85051428024 0 38.8921337123877 29.3463306880136 126.853185549771 120.279643937941 120.094791191177 44.9018825250693 87.7981406489998 139.046327253983 49.5882616418801 125.417381286621 76.3892464416852 16.2774159910956 38.8434906701445 60.9648733930704 120.441226863928 79.5975505281848 14.010975653222 103.699611806324 37.4033996150353 76.7724534784948 83.0089230005491 173.699172973633 140.203063964844 17.5052348397761 183.368988037109 42.4172547249755 94.3786397658134 0 143.863098144531 190.019683837891 167.016264125085 107.509264159835 103.822508129673 195.568817138672 50.3047484593556 0 34.2705570556585 118.962310178745 0 104.080646574779 86.6013424566158 63.3373407332897 70.4979898983663 0 189.871269943425 66.60305187572 128.979375522557 134.868115013163 24.2166106962301 65.1981299071216 65.3808621246056 172.668013340548 162.458337215743 183.080686094086 64.1485292045641 0 149.473052978516 83.481702835943 126.056396945951
130.364528510367 44.8585556650902 30.7510938388613 179.136062493045 127.396230992441 135.220265495199 143.112745416427 99.2950466527014 113.070455907457 174.939549168353 37.473292520321 157.777824324934 37.6843784116072 109.922457952156 142.59096076366 107.619863556895 33.7401966454163 28.6660770524865 32.6235301596058 0 62.2045188290222 86.1126148470218 60.8473842727063 124.637895165956 38.8921337123877 0 35.5087759678219 132.38580139882 105.712652894706 91.6063372847018 27.5587861840662 93.7004341932746 136.790857442952 53.0625697474335 139.799346923806 76.1787550368667 43.4840569621876 49.7246012442122 63.2580606296043 89.0978588400422 73.5997850275818 60.3634334919377 125.839686773468 86.8957421239978 105.677922988184 112.253242060463 166.840319723545 0 65.640087947777 175.726706154377 64.9764779500161 107.574959121136 0 0 0 175.910507411336 179.703664795724 161.801466461071 207.491379204847 97.527405442196 0 80.2678143589613 178.092930614807 0 143.427474345545 101.587512584004 99.6910628760501 97.6082985197304 0 151.966909175456 117.370225299444 139.562557026921 164.3675395493 67.9262128519416 91.0781193135066 93.6328476530401 178.761194464546 162.871724618264 162.641459522686 106.478115234164 191.951782334678 0 97.8100550239077 149.929700439649
128.705548785097 32.3928450008806 33.4030773796972 130.578691299941 131.057886341272 130.702171562091 99.4533747091182 129.647809060191 93.4464230602691 140.486375590874 57.7482413742224 132.131268130735 33.4112966804508 124.706213483535 125.099898913479 29.100917641624 57.5920406937253 58.6549447932027 63.0252154781042 132.890599823041 57.1957050668933 43.8509539625066 40.5280425715409 85.1052826303367 29.3463306880136 35.5087759678219 0 77.9127608795882 113.519675978007 76.1910170029978 22.6358472804819 107.287765497155 99.6683811803883 57.6642629320454 142.864196757522 75.7696534075318 45.0428965465781 58.4952352605521 67.1174633549263 89.4160467297457 87.5996966150939 62.5082943781173 117.531418707691 89.4782242851894 103.396055920243 109.626464576068 139.060503130939 135.625964429646 81.6089796100958 155.315358362288 56.2765734934239 87.7608952962894 215.885595039891 207.326319737155 174.63769442474 153.701055754526 177.848882267547 126.430007519464 177.504415644042 104.350658269626 164.563716584923 86.5871588989535 167.835263197158 165.528169762013 95.1063840728036 100.121766499857 103.091486588699 102.649561281053 165.758544524751 127.311682444241 69.9052810834506 100.517431760148 130.753737764252 71.0111144352762 91.4900694240371 89.7704705902738 145.358089473804 168.007243205773 135.022054747086 109.549679503752 168.016464233398 154.282617327715 106.185973168497 157.009263036317
80.4517205038041 94.1458373736962 76.8515885061376 20.9559138748198 111.079227913188 72.2421098423354 36.0002138266535 91.5047891514559 55.1800659178014 37.0098888481491 149.542170655394 52.0167360032516 137.677561212736 82.1400358756372 78.535437346797 37.302509688374 107.315643933153 141.731852010934 138.618388957258 32.1331127326599 34.1827612948086 54.7961353793868 53.41077111698 21.8365549977451 126.853185549771 132.38580139882 77.9127608795882 0 75.4740037871656 38.8093957414353 160.642975945284 134.227668529607 67.9512979112897 64.7416398965514 140.675044536491 82.4999086360751 85.35402207394 96.796696787811 90.0206493809577 85.4207153279993 107.679798245261 133.658704520271 129.346340273475 126.920679106372 135.114639484395 132.433558715455 126.110519508426 156.797601269832 162.886154174805 125.949690386032 135.948562632181 134.311825724787 126.718902632324 168.016595908695 138.171874523189 121.501783273541 142.902625954902 76.6848535216408 135.013698872143 214.075832994569 119.936108184968 197.312550190584 145.683670612766 122.415648219349 112.130569770531 166.995763531937 182.222106933594 176.886426247258 131.316533963822 116.890561590668 90.8725359429092 128.8845566639 102.981781346738 166.961682931465 170.780913371156 143.393602317145 118.778646728801 148.005225980134 112.609699591688 191.497222900391 198.172733630018 120.729801263822 136.026274468145 173.077398508893
20.4185889016793 110.687066017723 109.9338005017 98.3180572853062 29.542101090139 49.5026369455293 60.9372019224093 34.9014452197236 70.9462770276926 92.1038748314435 66.745227181596 94.7878215853725 76.5213242414108 30.2623015901052 63.9034235641575 89.9829833101651 119.106812345536 87.370317141967 86.5866680665367 97.2438138142623 75.8053785990417 75.6111897398701 94.6523085432671 77.2479708265145 120.279643937941 105.712652894706 113.519675978007 75.4740037871656 0 29.7435139993245 0 19.4345603486751 17.0546824747169 33.7225771407242 110.177622077935 57.7741313670866 78.2956629256925 53.9076730097467 58.8408228888833 47.997722289329 34.0978517774966 73.5435663470075 134.268021624828 140.348284250514 165.826612046539 147.542655525493 150.506778550022 159.518354218624 0 143.517970384348 121.518052628644 172.616743750646 145.592774472666 0 162.804839520226 137.141481510855 171.388764319651 89.1222891018806 150.236711601536 125.688888549805 146.440076453362 0 171.483439778314 196.549656572471 128.883883002182 0 0 159.813293457031 150.223101883938 130.320746957593 106.66754324192 147.641895504347 119.597970482855 207.146728515625 160.242996614893 172.934940461947 132.682125271228 165.970509666185 129.212442405914 0 216.513162026982 135.628117453159 159.554782463183 140.154664465904
38.2478649228889 90.206838727023 51.7576991838196 95.7590815745264 119.900060280663 77.0555179194261 28.0761591513685 65.1416968443983 50.889961002703 82.502617357743 127.469246629837 92.6610519150222 126.771088589566 48.9928325944725 78.3335025420651 54.6606770597773 62.4172114253128 142.156119464269 95.6016442500563 93.1870692178807 25.9108872177071 49.6530770800484 45.4361235289003 58.5963487150343 120.094791191177 91.6063372847018 76.1910170029978 38.8093957414353 29.7435139993245 0 152.571141209355 114.927553784793 45.7751640473783 30.6828890013201 122.352208914025 56.079440993225 51.4325942963235 62.3980677245616 62.0615033112254 69.4028571874604 83.2180081295875 111.723393045534 114.613351164971 100.51140378731 128.969818187647 126.436502694145 125.824197583947 151.188785738247 142.866668701172 118.601295829222 124.488220404648 128.119030641353 133.869609114644 0 159.024125745601 119.095565919096 143.096771754874 74.2286401278239 142.466050411033 0 141.75586983077 176.998504638672 145.702106656941 135.58131498426 104.07818866247 144.007757639575 0 171.533612572776 151.188063001887 109.310685524967 69.8850753452049 111.354970878778 102.972138164359 161.949170805017 169.618941220279 125.902529684911 113.7288520249 134.937946901983 113.553353518934 0 172.978403887631 117.421232866977 127.70441637722 140.036673703893
191.244338989258 63.8698914380505 96.6658216982696 0 0 162.053587655403 157.296425894765 100.127464294434 134.123406182401 185.084523290576 38.6354689510013 173.280822753906 18.1243559769947 110.422078857935 196.247146606445 126.935960218876 85.3124521513396 47.5557776703178 60.1462392114616 0 102.661417237937 100.611268924569 103.070170764066 149.842534840663 44.9018825250693 27.5587861840662 22.6358472804819 160.642975945284 0 152.571141209355 0 88.0905456542969 0 67.4984714142733 157.611289515473 100.224572879362 51.3254649039801 58.9355630236031 72.6739021848095 0 0 58.3873190949282 142.127577612735 86.8858624020573 108.740334395123 0 0 0 65.0000905380182 0 110.454695416309 156.619831419987 0 0 0 239.786895751953 0 0 0 90.548306553086 0 80.124185627203 173.690725169566 0 0 0 107.753783759001 111.092207107891 0 210.094589233398 123.666871702199 163.424734411553 230.798370361328 64.4210269587254 103.748106685413 104.193227052674 0 0 0 103.972928774417 0 0 128.141075983287 0
