0 16.3630287647247 153.756244719028 41.5076627135277 13.8245324790478 268.432088434696 6549.0151527226 2088.49105477333 261.833709359169 669.802030086517 80.8606167435646 54.6462147831917 17.0538864731789 20619.6267805099 8.50798743963242 35.566435188055 83.0325857698917 9.06879481673241 31.1804568469524 41.4774937331676 353.872422933578 90.206455796957 605.983405828476 619.799986630678 7.62210142612457 120.668417721987 138.777386248112 934.223447680473 16927.0027156472 8137.16836953163 0 38.4591679871082 577.019123494625 1028.54679685831 34.61014726758 1036.9488876164 63.8515021204948 664.920384764671 139.69794806838 254.010576277971 171.347585618496 7.29467329382896 17.0357826650143 3.22321411967278 20.1016002595425 10.2842998206615 0.980059504508972 0 0 10.6520920097828 5.08959376811981 5.69111362099648 6.43595439195633 0 2.41788685321808 73.2095513343811 3.21722230315208 38.5001272559166 3.42671799659729 0 0.638880372047424 0 21.6641662418842 0 5.90782171487808 1.58208787441254 0 1.11045300960541 2.02879738807678 16.0003276765347 6.96459984779358 11.5005974471569 92.6403377652168 0 6.95252501964569 12.1694724559784 163.887933015823 16.2542932033539 24.6631669104099 0 0 3.77728235721588 18.2921772301197 4.16347509622574
16.3630287647247 0 1576.89670214057 2.17435669898987 0 0.874288558959961 87.208546847105 8.00332236289978 791.948190808296 10.3536848127842 233.164427310228 17.4166247844696 1508.20175787807 19.9918756783009 25.1530107557774 211.158549100161 480.070390701294 63.6973234415054 200.408921867609 4.16312488913536 74.2428295910358 2174.5482288003 930.687497198582 621.832464814186 2211.8473944068 2069.04876181483 13271.1140990555 159.300281912088 35.3337759375572 134.135774552822 58.1287199854851 0 2.58071887493134 325.741178393364 15.2962344288826 557.180280864239 510.563442111015 526.82708093524 292.934781551361 85.3588426411152 3.26906263828278 261.051064610481 11.7548782229424 54.5345176458359 76.0630559921265 6.91483426094055 1.05984938144684 0 3.81143420934677 0 177.951315641403 154.82153236866 1.93495231866837 0 0.359021931886673 6.79880264401436 0 6.94436991214752 1.43966352939606 9.62590599060059 0 22.7621631324291 0 0.771390080451965 9.8019597530365 59.0098361074924 6.15038752555847 27.2528085708618 1.37392675876617 9.11448654532433 17.9597720503807 102.34489056468 11.7620579004288 15.3074966371059 217.360086500645 644.794175356627 11.8108156323433 0 5.57541954517365 3.10148668289185 0 0.701471388339996 8.83480650186539 4.14837861061096
153.756244719028 1576.89670214057 0 4.28933730721474 0.94393002986908 18.7359136044979 1302.93996703625 159.883965551853 88.7842615842819 42.0483347475529 173.062503814697 2.9138275384903 34.6319240629673 184.09754768014 2.39486128091812 115.27892357111 2782.29731288552 125.437087535858 684.379588395357 2.6039716899395 1377.95436164737 286.442687004805 16431.1272513568 227.444745510817 37.2904472351074 16208.6524463892 9802.3746829927 1045.40631583333 181.198479562998 1937.83125218749 16.1013334095478 1.80661073327065 32.3999345302582 1455.61909884214 65.5709622502327 2666.85998526216 1636.10035941005 2423.81435152888 1366.32293894887 60.9266457259655 29.8924345374107 19.3069282770157 31.8083603978157 252.972932398319 279.155236124992 9.37790238857269 2.1799903512001 0 0 1.23224341869354 338.086153626442 771.13533115387 0.553303301334381 0 0.458503544330597 36.787576675415 1.34200778603554 9.59870275855064 0.480880290269852 4.20638078451157 0 7.65798917412758 5.36747255921364 0 61.1887115240097 178.881685167551 3.21533527970314 52.3317848443985 0 69.4381576478481 122.031147807837 463.503918856382 33.0773936808109 16.1166413128376 392.573711633682 1998.76723250747 59.6053453087807 5.64055615663528 38.5999622046947 0.877659857273102 0 2.52365279197693 43.313581943512 22.6604816317558
41.5076627135277 2.17435669898987 4.28933730721474 0 1.55819082260132 237.905901014805 477.768086314201 140.620351105928 813.075298726559 7407.26699104905 0.743913948535919 2666.86357536912 0.943735718727112 92.3735544681549 55.2486742734909 3.5585520863533 1.6888375878334 0 0 26951.8909595311 8.60112103819847 9.10797184705734 15.4724070727825 2407.02921953797 0 2.18103823065758 11.8118431270123 15015.9291237593 89.9106849431992 23.8617645204067 0 1.8666096329689 8.95053571462631 42.9588764607906 5.68647536635399 96.2071751654148 1.89329648017883 31.1412409842014 10.5256491303444 195.325976610184 17.2267046570778 1.01882815361023 13.5594196915627 0 1.64836025238037 0 20.9955618679523 0 0 2.00504767894745 0.396916627883911 0 467.167213439941 0 17.2486140429974 119.542287141085 10.8047283887863 69.2541053593159 260.195336818695 0 262.030548155308 0 8.49956554174423 3.51517778635025 0 0 0 0 117.255767405033 0 3.67986536026001 0.357817232608795 152.16415271163 0 0 4.45881670713425 156.005256652832 3.00643247365952 5.32460048794746 0 0 0.586302876472473 5.5086727142334 0
13.8245324790478 0 0.94393002986908 1.55819082260132 0 5554.31442114711 20.5274384617805 1232.63224625587 44.1101262867451 20.5753245353699 6.3105736374855 52.1926640272141 3.31323117017746 546.232004970312 3083.06113561988 0 0 0 1.36668372154236 0.658386051654816 0 2.45620822906494 7.34896939992905 13.2085051834583 0 0.300423294305801 5.27108415961266 9.8642982840538 478.063482701778 10.307578265667 0 4644.09479767084 1.72863188385963 417.757536530495 24.0764628350735 67.0376662015915 2.04961520433426 100.768412232399 39.5070976614952 9632.73098370433 3448.25905007124 4.17600750923157 1.12789571285248 0 0 0.489990532398224 0 0 0 0 0 0 0 0 0 0 0 0 0 0 0 0 0 1.31783437728882 0 0 0 0 0 0.545199692249298 0 0 0.521206080913544 0 0 0 1.10043454170227 0.566272675991058 0 0 0 0 0 35.2930198013783
268.432088434696 0.874288558959961 18.7359136044979 237.905901014805 5554.31442114711 0 2465.22839999199 24570.8930726051 252.105946272612 18594.5146276057 48.8426218032837 6128.52333787084 3.74031859636307 3700.72749984264 6424.2869887352 4.95651003718376 6.45338034629822 0 0.931414306163788 528.01893439889 30.0750280320644 10.5949354767799 48.4234896302223 317.6706802845 0 10.6473605334759 13.2678682506084 822.081978917122 1562.70304322243 116.432422846556 0 3787.60111704469 9.28058663010597 653.226323783398 12.5972779691219 368.536083042622 8.88739407062531 462.828399777412 66.1316461861134 14031.2933481336 2676.93381682038 11.1729550361633 11.5079561471939 0 2.56525135040283 1.44811272621155 4.39976155757904 0 0 1.24059000611305 0 0 12.741630166769 0 3.89190804958344 52.3399295508862 1.88635331392288 15.3733116090298 16.4479107558727 0 6.25472575426102 0 5.89201253652573 1.50583589076996 0.522712469100952 0 0 1.33656716346741 4.35003185272217 0 2.04158210754395 0 82.4062011837959 0.956131994724274 0.331291854381561 1.87247651815414 81.2194976806641 1.45786488056183 3.69977870583534 0 0 1.83883941173553 4.42008450627327 0.818232297897339
6549.0151527226 87.208546847105 1302.93996703625 477.768086314201 20.5274384617805 2465.22839999199 0 6455.5159958005 2818.52985340357 12676.2912971079 58.648405700922 533.419888168573 19.5581233799458 10204.1000369489 89.8146820068359 258.331460416317 131.2620883286 10.1937490999699 32.4494203329086 288.81460493803 2168.14213880897 496.113800883293 3317.36587864161 6029.19360995293 5.00901237130165 336.293026655912 791.535064816475 20412.917727977 3696.29060715437 17198.5479424894 0 50.9590156972408 700.355090111494 1547.52273783088 79.5300888121128 3251.09915435314 177.473173737526 1407.80945369601 442.224588692188 613.965382874012 271.026935040951 6.21939608454704 118.819310575724 11.4301487207413 123.617748349905 24.3924190998077 32.7376372814178 6.02795350551605 0 61.2773672044277 11.9639832675457 24.5473898649216 127.040243983269 0 46.2405980825424 929.388577371836 68.0250865221024 387.235133320093 162.009473264217 0.680423021316528 55.0216695964336 0.588613569736481 114.248312741518 2.91155171394348 41.8249032497406 7.65355417132378 0.819802939891815 2.88925981521606 27.1257478296757 69.2219757139683 58.4451761841774 57.0501391589642 1294.27939665318 2.47405308485031 15.7596075236797 66.7101773619652 1538.5540638864 87.0448858439922 141.805121243 0 0 4.11041241884232 77.6484670341015 11.4818101227283
2088.49105477333 8.00332236289978 159.883965551853 140.620351105928 1232.63224625587 24570.8930726051 6455.5159958005 0 299.16593632102 6073.85487604141 150.164179295301 1156.91237771511 31.5690028965473 19085.5138472021 412.583479732275 15.3930289447308 60.0330419838428 12.5887149870396 31.1193068027496 204.454951733351 266.077158033848 50.9896498918533 469.305537492037 640.068646579981 5.0355761051178 99.3908557593822 90.4839909374714 1138.30670374632 2560.0130084157 1768.49079555273 3.48226433992386 2212.2503195703 51.9401325881481 1610.20448592305 21.885811239481 898.060645967722 32.0364712178707 863.543980270624 152.123850494623 5399.01575806737 1762.03814899921 20.3815631866455 12.6840086877346 3.94310796260834 11.6287741065025 4.32074922323227 2.88479548692703 2.65060424804688 0 7.25833547115326 1.14584168791771 4.3865060210228 13.7376676797867 0 4.8890378177166 123.622140020132 3.22540518641472 47.0572167336941 16.1914476156235 1.04704630374908 2.83243763446808 1.05845868587494 10.4274842441082 0 6.31710118055344 0.590197443962097 0 1.13471114635468 3.2612726688385 6.29438900947571 2.34876441955566 4.51500523090363 143.550844609737 0 5.03292587399483 7.29368227720261 157.606860280037 10.0906392633915 15.907351732254 0 0 0.738897979259491 11.1282680034637 0
261.833709359169 791.948190808296 88.7842615842819 813.075298726559 44.1101262867451 252.105946272612 2818.52985340357 299.16593632102 0 1690.21667227149 26.1154394447803 1915.49088901281 161.874392300844 372.970120161772 1726.13626608253 57.8596963882446 30.9354315400124 7.1034751534462 22.0580713748932 477.255849003792 110.776063263416 3372.0773409903 143.550299525261 14371.1391772032 193.918026000261 173.221814632416 1132.22281843424 4010.56149059534 494.561882287264 818.759929090738 5.10135927796364 1.44226467609406 155.572309792042 211.319696098566 11.8467737734318 528.445210248232 51.598308891058 217.324437201023 71.5446047484875 2332.00507175922 26.5479821264744 18.011690557003 73.5964893996716 2.79888635873795 46.0188711881638 13.8465936779976 51.2773136496544 0.855753719806671 0.410807877779007 29.8589304685593 4.92971700429916 4.11247843503952 167.36153653264 0 20.293329000473 549.001168489456 31.4116547107697 381.719518899918 163.053241997957 0.755904257297516 58.8781667351723 0.851112097501755 62.4404592216015 5.3221036195755 10.1751322746277 1.26039111614227 1.01601803302765 0.774476706981659 43.5502623915672 22.62674254179 23.2372078895569 11.4509401917458 746.116371035576 2.52006608247757 7.2300226688385 16.9444921016693 829.338709920645 71.7172274589539 64.2163659930229 0 0 9.81196492910385 28.517079859972 0.973121166229248
669.802030086517 10.3536848127842 42.0483347475529 7407.26699104905 20.5753245353699 18594.5146276057 12676.2912971079 6073.85487604141 1690.21667227149 0 51.4630678892136 15753.319316715 11.8902641534805 3643.99983668327 226.875493019819 9.99500688910484 2.26922416687012 0.461459219455719 4.28440260887146 16984.2681106627 54.6156722307205 36.8717996776104 96.6091909706593 1644.42969813943 5.34457617998123 16.7937125861645 47.1879632771015 7792.32648837566 1169.60372108221 228.595797002316 3.20632654428482 63.5609777569771 71.2587510049343 661.679433941841 26.1480385065079 1032.33430600166 11.6176390051842 499.933253228664 103.224133580923 1185.60281896591 230.967393755913 7.49230813980103 53.5921748876572 1.53218626976013 22.6170032024384 6.24892920255661 51.8440927565098 0 0 8.61539095640182 3.11057436466217 3.67621874809265 166.360459983349 0 35.1845128834248 431.842281877995 25.1446468532085 170.576469749212 204.671559393406 0 146.308003127575 1.62122535705566 16.792428702116 6.14578706026077 2.55380541086197 1.94780617952347 0 0 40.2194093763828 2.41393437981606 9.9253516793251 4.7581307888031 482.979029089212 2.66650116443634 0.3896803855896 7.5230650305748 499.823961943388 9.20722502470016 5.19778993725777 0 0 2.18131595849991 6.28211644291878 2.13740164041519
80.8606167435646 233.164427310228 173.062503814697 0.743913948535919 6.3105736374855 48.8426218032837 58.648405700922 150.164179295301 26.1154394447803 51.4630678892136 0 12.7963567376137 12900.3854063749 550.950272649527 0.844931304454803 10.3332599401474 1270.73660171032 7661.53513371944 5375.60100597143 1.53852617740631 55.1290118694305 61.4868215322495 318.182665973902 135.544827073812 1838.26967468858 6901.01477450132 3397.9095454216 26.4102847278118 383.22151607275 97.9935739636421 2503.82614827156 52.2355611622334 5.5557079911232 15669.646327883 13.792211920023 869.904741406441 11417.1167599261 18131.6101891398 724.469307720661 100.837600082159 42.0904465019703 4446.8147803545 5.18880414962769 63.857819378376 39.9554807841778 1.65031433105469 0 0 14.9695850014687 0 22.5475169420242 8.79050374031067 0 0 0 0 0 1.39698240160942 0 276.160259783268 0 714.354973047972 0.805371165275574 0 0 8.11763906478882 157.280603200197 54.9972521066666 0 0.579623281955719 3.45992910861969 3.49489495158195 7.79992833733559 162.221846878529 625.15323227644 311.407534897327 3.80365288257599 0.867195188999176 3.15198224782944 91.3798643946648 0 0 9.40155673027039 2.70435094833374
54.6462147831917 17.4166247844696 2.9138275384903 2666.86357536912 52.1926640272141 6128.52333787084 533.419888168573 1156.91237771511 1915.49088901281 15753.319316715 12.7963567376137 0 6.8962334394455 561.12376922369 3518.05711528659 1.78937643766403 0 0 0 27119.1620146632 2.92117217183113 72.645133793354 11.4265269637108 2223.91607576609 5.43496912717819 8.76765301823616 23.2029691338539 2173.82394209504 197.723616868258 11.5916831493378 0.432767271995544 25.8640824556351 3.53385302424431 159.859314590693 2.82047522068024 253.458034396172 7.84142941236496 86.6529577970505 12.5312603712082 5670.07339665294 86.732305765152 0.897448599338531 6.22416788339615 0 2.32279992103577 0 8.22154641151428 0 0 0 0 0.84342896938324 45.6301341056824 0 14.6877442896366 58.7887700498104 0.746421217918396 28.7738835811615 70.2698064446449 0 307.230426132679 0 0.748588383197784 3.90529131889343 0 0 0 0 82.8863468766212 0 0 0 58.4688094556332 0 0 1.24397033452988 82.2253411114216 0 0.981049716472626 0 0.336864292621613 0 1.23089498281479 0
17.0538864731789 1508.20175787807 34.6319240629673 0.943735718727112 3.31323117017746 3.74031859636307 19.5581233799458 31.5690028965473 161.874392300844 11.8902641534805 12900.3854063749 6.8962334394455 0 55.7857483029366 0 6.67539006471634 63.2077133059502 465.735588669777 373.030600935221 1.04161155223846 17.2513895630836 440.23768016696 47.9967741668224 90.6786081790924 8799.06821906567 4222.3370206356 6165.63104462624 18.6369172036648 51.7181252837181 21.4767397940159 5606.4426548481 11.2105505168438 0 1749.12983962893 40.4314559698105 742.04266089201 5373.93102103472 3935.575691998 1059.46126550436 76.215538173914 405.835970640182 4907.65664213896 23.2743347287178 153.213277697563 136.598441839218 12.6416200995445 0 0.826841950416565 39.9118138551712 0 16.3861652612686 4.63915383815765 0 0 0 0.508611619472504 0 2.89481815695763 0 531.531594276428 0 1263.77079588175 0 0 0.518636226654053 11.9261173009872 242.346218019724 64.0489560067654 0 1.82025843858719 1.33484411239624 9.03794872760773 1.99762976169586 289.256355166435 798.960976660252 446.897062063217 0.839387118816376 0.532214343547821 1.21183794736862 152.64997830987 0 0 15.7557120323181 11.308167219162
20619.6267805099 19.9918756783009 184.09754768014 92.3735544681549 546.232004970312 3700.72749984264 10204.1000369489 19085.5138472021 372.970120161772 3643.99983668327 550.950272649527 561.12376922369 55.7857483029366 0 67.6033492386341 31.06435957551 85.6701438724995 21.288190215826 43.754889279604 141.077103883028 349.256844013929 83.594853579998 547.901869982481 789.979634523392 12.7228919267654 126.851966142654 145.984156847 1309.04215660691 11719.9870323837 3008.40235838294 2.2152618765831 2498.35180032253 149.452414810658 2815.40928635001 34.9260179698467 1692.75836679339 81.0792922973633 1668.79811799526 185.150506019592 2368.09966126084 1088.45280364156 50.7678740024567 26.4369467496872 2.55976581573486 18.1067070364952 8.3270092010498 2.82493597269058 2.37633037567139 0 11.4181667268276 4.55513519048691 6.08488628268242 12.2378538250923 0 3.3067966401577 117.261424273252 10.8570396900177 50.538378238678 13.4176169037819 0 1.72732275724411 0.595080077648163 18.6776866018772 1.78759744763374 5.45140382647514 1.96220117807388 0 0.60431307554245 1.29405093193054 19.036372512579 7.99053674936295 8.78602659702301 174.415295004845 1.71368443965912 6.56380146741867 21.3266934752464 198.594895482063 16.0153784155846 30.3649074733257 0 0 5.39433467388153 7.98909494280815 9.5324679017067
8.50798743963242 25.1530107557774 2.39486128091812 55.2486742734909 3083.06113561988 6424.2869887352 89.8146820068359 412.583479732275 1726.13626608253 226.875493019819 0.844931304454803 3518.05711528659 0 67.6033492386341 0 1.16214263439178 0 0.42419907450676 0 73.2941857874393 0 82.3517383038998 1.37760019302368 658.156391352415 1.87819904088974 5.59748032689095 35.0587439835072 110.535691946745 19.8389391303062 5.52037009596825 1.36157953739166 76.9972792267799 3.01029336452484 11.4060890078545 94.9073234796524 25.5328388214111 0.682550966739655 4.71631655097008 1.47277796268463 17497.3606390059 124.302587866783 0.457280933856964 1.441730260849 0 0 0 1.44250547885895 0 0 0 0 0 3.14863115549088 0 0.878330171108246 7.59801176190376 0 3.05798840522766 5.7713794708252 0 0 0 0 0 0.865926742553711 0 0 0 1.53791558742523 0 0 0 10.3516226410866 0 0 0 5.52069610357285 0 2.75734147429466 0 0 0 2.94168919324875 2.0273095369339
35.566435188055 211.158549100161 115.27892357111 3.5585520863533 0 4.95651003718376 258.331460416317 15.3930289447308 57.8596963882446 9.99500688910484 10.3332599401474 1.78937643766403 6.67539006471634 31.06435957551 1.16214263439178 0 34.8200599253178 0 5.68345004320145 0 9771.07915309072 4062.07576662302 23630.6982086003 2814.08859634399 10.9357271492481 60.7750644981861 10352.8627327383 3466.82570847869 93.8633852899075 604.211940318346 0.700954794883728 0 36.9196228981018 869.851307332516 60.6435997188091 1771.47327649593 549.987973868847 1095.30927658081 659.956760704517 88.985061198473 11.9806400537491 0.716186940670013 65.2425319552422 16.8291529119015 95.2933993637562 17.4847411513329 1.3778235912323 0 0 12.4739837646484 5.88588315248489 30.0162997841835 0 0 1.09380728006363 45.8267821371555 3.31537783145905 26.4112288355827 1.73111516237259 1.81331902742386 0 0.919753968715668 10.8994807600975 0 587.94701063633 13.296374976635 0 1.94627261161804 0 268.645632326603 234.85080987215 1063.1548550725 115.65913900733 0.958533465862274 11.5513759851456 355.556405603886 270.253697991371 20.6681074500084 164.04593655467 0.338801890611649 0 4.37920504808426 62.5475440621376 8.10160806775093
83.0325857698917 480.070390701294 2782.29731288552 1.6888375878334 0 6.45338034629822 131.2620883286 60.0330419838428 30.9354315400124 2.26922416687012 1270.73660171032 0 63.2077133059502 85.6701438724995 0 34.8200599253178 0 714.588392049074 8469.29214024544 0 946.457704275846 66.4408229589462 9990.55673953891 28.9205482602119 163.850670307875 7052.21580785513 4978.9882838428 72.1188885271549 175.757909566164 976.598551809788 39.5774604976177 0 18.0775966048241 2832.8845295608 21.5699211359024 800.344598948956 658.66591873765 1332.67915135622 437.860884964466 27.4939306378365 2.25590223073959 5.2583359181881 8.46209931373596 44.7373887002468 51.6259160041809 3.32945817708969 0 0 0 0 82.14729398489 96.182944893837 0 0 0 5.50276455283165 0 2.33377864956856 0 12.2314964830875 0 10.0668065547943 0.474526077508926 0 2.82561674714088 48.1933375597 16.6296510994434 62.9746426343918 0 7.72237095236778 10.2736768126488 42.4194995164871 5.79496657848358 28.0090286135674 408.422496706247 487.244580805302 6.59020549058914 0 6.63483566045761 2.53732216358185 0 1.12132596969604 13.8254718780518 2.63345015048981
9.06879481673241 63.6973234415054 125.437087535858 0 0 0 10.1937490999699 12.5887149870396 7.1034751534462 0.461459219455719 7661.53513371944 0 465.735588669777 21.288190215826 0.42419907450676 0 714.588392049074 0 11066.1072666347 0 16.4959279298782 17.8311315774918 154.89672383666 10.4528772830963 388.609939336777 6482.90396955609 1203.01677912474 2.48521941900253 14.9008367061615 37.0479028522968 227.506624132395 1.27275824546814 1.05656158924103 907.505785733461 10.6249911487103 262.766613811255 708.890394061804 827.322889178991 176.259104549885 2.89088600873947 3.13744628429413 6.61135971546173 1.53456634283066 25.0963822603226 29.6472489237785 0.862001419067383 0 0 2.90434274077415 0.885456383228302 10.1536744534969 5.67028227448463 0 0 0 0.621845006942749 0.902004599571228 0 0 44.6438014805317 0 110.64536985755 0 0 0 5.16146314144135 91.0333568453789 89.4253580570221 0.619663059711456 0 0.640084087848663 4.51733514666557 0.473636567592621 84.3047344088554 410.685582697392 264.36554440856 0.36454901099205 0 0.568199038505554 20.6588634252548 0 0 2.42088750004768 1.1378071308136
31.1804568469524 200.408921867609 684.379588395357 0 1.36668372154236 0.931414306163788 32.4494203329086 31.1193068027496 22.0580713748932 4.28440260887146 5375.60100597143 0 373.030600935221 43.754889279604 0 5.68345004320145 8469.29214024544 11066.1072666347 0 1.65303620696068 142.565112233162 39.0050914287567 870.083436220884 18.3014562427998 453.108168900013 11163.4266331792 2984.58564829826 28.2802202999592 60.2128817141056 225.547160714865 202.867269873619 1.36522495746613 6.51791673898697 2433.98834678531 7.59799090027809 695.60514613986 1100.82546973228 1825.24690711498 373.465163141489 10.3454684913158 3.9855397939682 10.0679210424423 5.96123975515366 51.4001227915287 53.0727705955505 2.48050159215927 0 0 0 0 32.983794093132 28.4367408752441 0 0 0 2.61820703744888 0 0 0 34.811235755682 0 58.5592279136181 0 0 1.8652515411377 27.2813859581947 54.9352799355984 93.009641379118 0 3.65251737833023 2.94970226287842 12.192786604166 3.46442398428917 75.5310417115688 505.347781300545 430.343655407429 1.95255270600319 0.434655755758286 3.12334156036377 6.12256994843483 0 0 4.8991242647171 2.7725282907486
41.4774937331676 4.16312488913536 2.6039716899395 26951.8909595311 0.658386051654816 528.01893439889 288.81460493803 204.454951733351 477.255849003792 16984.2681106627 1.53852617740631 27119.1620146632 1.04161155223846 141.077103883028 73.2941857874393 0 0 0 1.65303620696068 0 5.72760605812073 13.3044162094593 9.12692183256149 2162.66752481461 0 1.47882747650146 3.61411342024803 6843.02344310284 81.1874586641788 19.1499438285828 0 9.00267040729523 3.06105396151543 54.0888439714909 1.12469756603241 86.591503739357 1.88642251491547 43.7043786644936 4.95589429140091 345.524894714355 18.102689653635 0 6.94685131311417 0 2.1789014339447 0.500856935977936 16.0471407175064 0 0 0 1.20076930522919 0 247.525518774986 0 10.9301773905754 59.4480218589306 2.79311963915825 28.2703242301941 39.6760064959526 0 71.1019404530525 0 2.67194294929504 0 0 0.929675340652466 0 0 15.1733738183975 0.472581684589386 4.74153804779053 0 76.7092366814613 0 0 0 93.2636387646198 1.94314336776733 1.40771639347076 0 0 1.1775738298893 0.814868867397308 0
353.872422933578 74.2428295910358 1377.95436164737 8.60112103819847 0 30.0750280320644 2168.14213880897 266.077158033848 110.776063263416 54.6156722307205 55.1290118694305 2.92117217183113 17.2513895630836 349.256844013929 0 9771.07915309072 946.457704275846 16.4959279298782 142.565112233162 5.72760605812073 0 1167.58285993338 28556.2116044164 1370.54812264442 9.81412315368652 456.725644409657 1703.94663786888 12828.8225825727 668.101342946291 25052.9671690166 1.96967762708664 5.49315738677979 155.928792238235 5011.99933111668 141.923358142376 4287.49425658584 1057.79965856671 3361.46544259787 1659.63831728697 206.934760868549 50.3644631505013 12.9256368875504 89.1496543288231 17.6540059745312 76.8273077011108 22.5730583071709 4.7816606760025 0.594862997531891 0 12.3651641607285 7.81102532148361 21.590582638979 0.681742787361145 0 3.58625102043152 57.346985578537 5.17751958966255 49.955987483263 3.69770365953445 2.08801180124283 2.63352173566818 0 15.3285619020462 0 294.987695872784 9.33393085002899 0.488297462463379 3.9244792163372 0 263.001622080803 193.073129564524 248.743000090122 197.429109692574 0 21.0906701385975 143.195756614208 364.42273658514 56.8942872881889 242.251818656921 0.573597371578217 0 22.3530525267124 78.0906758010387 16.391736716032
90.206455796957 2174.5482288003 286.442687004805 9.10797184705734 2.45620822906494 10.5949354767799 496.113800883293 50.9896498918533 3372.0773409903 36.8717996776104 61.4868215322495 72.645133793354 440.23768016696 83.594853579998 82.3517383038998 4062.07576662302 66.4408229589462 17.8311315774918 39.0050914287567 13.3044162094593 1167.58285993338 0 2658.70883131027 6455.32772347331 511.315990209579 307.225462585688 5398.65096896887 1684.29889675975 217.320430010557 932.423026233912 23.8312577307224 1.2239063680172 73.8113811016083 453.909854143858 18.8599009811878 772.820038348436 276.71748650074 448.156466990709 264.658690661192 233.541241377592 16.9357190132141 59.3386178016663 29.6147897839546 20.1242501735687 41.7849780321121 8.17435783147812 4.47003638744354 0 0 3.08031442761421 12.2826257944107 9.73929902911186 2.17568278312683 0 2.85975584387779 43.3346848487854 2.13972848653793 28.3373756408691 6.3992645740509 3.4501619040966 2.15169882774353 2.41314104199409 9.09244430065155 0 165.800950437784 5.89569589495659 0 5.5544815659523 0.73346883058548 88.6867145895958 98.9878702163696 228.209897249937 114.482311695814 0.809692800045013 19.8215809762478 120.977213948965 148.676702737808 16.9810466468334 66.067632496357 0 0 8.30040854215622 26.5451345741749 4.03231638669968
605.983405828476 930.687497198582 16431.1272513568 15.4724070727825 7.34896939992905 48.4234896302223 3317.36587864161 469.305537492037 143.550299525261 96.6091909706593 318.182665973902 11.4265269637108 47.9967741668224 547.901869982481 1.37760019302368 23630.6982086003 9990.55673953891 154.89672383666 870.083436220884 9.12692183256149 28556.2116044164 2658.70883131027 0 2125.5528421402 47.0186621844769 3456.22155889869 23701.3971848786 10192.6807877719 963.21201133728 10664.155316174 19.1261983513832 3.4952045083046 182.737171947956 7829.57491016388 437.44914329052 11407.5040559769 4977.52324643731 9335.64189487696 5822.94869723916 645.437988638878 120.107785761356 24.0233929157257 124.404429256916 187.347294420004 382.819685816765 63.2053273618221 5.08977925777435 1.18537867069244 0.725899457931519 14.0818528831005 112.315794467926 407.170948773623 3.60780599713326 0 2.86316561698914 114.249981582165 4.25686049461365 46.3491367399693 6.28951969742775 6.55395326018333 0 2.50596639513969 20.6907780468464 0.650110721588135 1387.23171070218 84.1074176430702 4.30564859509468 34.4755162596703 1.07230386137962 416.194085001945 529.674597859383 2985.45620959997 229.769364506006 7.99399077892303 215.610961735249 2523.19894430041 421.745668381453 38.4726438820362 271.316697448492 0.94001042842865 0 11.9415860176086 136.733844041824 46.4842992424965
619.799986630678 621.832464814186 227.444745510817 2407.02921953797 13.2085051834583 317.6706802845 6029.19360995293 640.068646579981 14371.1391772032 1644.42969813943 135.544827073812 2223.91607576609 90.6786081790924 789.979634523392 658.156391352415 2814.08859634399 28.9205482602119 10.4528772830963 18.3014562427998 2162.66752481461 1370.54812264442 6455.32772347331 2125.5528421402 0 125.550110459328 139.013986647129 2438.93501579762 29154.7995727658 1246.94043117762 2102.49020719528 9.64430513978004 10.7790354788303 384.064993202686 943.462119936943 49.956112653017 1738.25475263596 157.800745904446 750.404579073191 306.540608167648 1508.27310714126 94.8211198747158 11.7001425325871 231.944079130888 12.9255182445049 216.375407844782 47.3872890472412 82.7725729346275 13.0882427692413 0 89.4283058345318 7.26496303081512 7.84208062291145 539.320244133472 1.08757543563843 61.3543480038643 1676.58258810639 109.888086944818 760.135597765446 352.891541570425 1.54732087254524 157.905404090881 3.01276037096977 167.852126717567 9.70030045509338 112.229931384325 4.48451554775238 0 0.431295454502106 244.167723357677 155.389033913612 111.779896467924 120.431181669235 2202.08581075072 0.613711714744568 6.39533698558807 74.466241300106 2783.28627306223 186.73582971096 329.924492746592 0 0.407449841499329 38.6214836239815 118.274855494499 7.82090350985527
7.62210142612457 2211.8473944068 37.2904472351074 0 0 0 5.00901237130165 5.0355761051178 193.918026000261 5.34457617998123 1838.26967468858 5.43496912717819 8799.06821906567 12.7228919267654 1.87819904088974 10.9357271492481 163.850670307875 388.609939336777 453.108168900013 0 9.81412315368652 511.315990209579 47.0186621844769 125.550110459328 0 2185.29539129138 3819.81819215417 20.5906435549259 12.5384538173676 11.7296778261662 278.768908530474 1.33256876468658 0.595139682292938 309.09907323122 1.40143051743507 122.796810746193 1791.36194530129 682.95969158411 76.0659546852112 16.966045498848 1.27934753894806 1213.77360364795 2.20742809772491 110.319001317024 67.3307960629463 0 0 0 55.124389231205 0 27.76869815588 3.40860551595688 0 0 0 0.87750369310379 0.371119260787964 0.823666512966156 0 207.865249097347 0 554.257422149181 1.56728237867355 0 0 15.3324828147888 155.949533134699 89.0997927486897 0 0.440525352954865 0.853804767131805 7.22850751876831 0.872232884168625 296.975177586079 706.657635807991 421.720595091581 1.5049039721489 0 4.07022309303284 82.1940144300461 0 0 10.104893296957 0
120.668417721987 2069.04876181483 16208.6524463892 2.18103823065758 0.300423294305801 10.6473605334759 336.293026655912 99.3908557593822 173.221814632416 16.7937125861645 6901.01477450132 8.76765301823616 4222.3370206356 126.851966142654 5.59748032689095 60.7750644981861 7052.21580785513 6482.90396955609 11163.4266331792 1.47882747650146 456.725644409657 307.225462585688 3456.22155889869 139.013986647129 2185.29539129138 0 28882.6624083519 213.515753954649 176.307176679373 857.640127599239 2927.28793251514 6.29582670331001 17.8427045345306 3440.15493571758 50.3055949509144 2514.40893787146 3169.19091805816 3696.07190603018 1340.17396992445 49.5712743401527 26.1024259030819 50.1188948154449 25.9967604279518 349.018334299326 368.976517230272 7.63382035493851 0 0.537996768951416 14.4893555641174 0.412772536277771 347.428843587637 374.653675764799 0.859082221984863 0 0 33.4150906205177 2.27920168638229 4.82637321949005 1.34820109605789 254.240315169096 0 434.280801236629 5.12495306134224 0.566400110721588 15.3980994820595 236.933836370707 376.14325389266 619.724402725697 0 37.5671311020851 41.0999603271484 180.664926171303 11.938374876976 508.493758678436 3444.53676077724 3353.82356646657 24.29447260499 1.21444773674011 33.686340034008 80.0343888103962 0 0.594380438327789 96.2562942802906 11.2777818739414
138.777386248112 13271.1140990555 9802.3746829927 11.8118431270123 5.27108415961266 13.2678682506084 791.535064816475 90.4839909374714 1132.22281843424 47.1879632771015 3397.9095454216 23.2029691338539 6165.63104462624 145.984156847 35.0587439835072 10352.8627327383 4978.9882838428 1203.01677912474 2984.58564829826 3.61411342024803 1703.94663786888 5398.65096896887 23701.3971848786 2438.93501579762 3819.81819215417 28882.6624083519 0 2495.03910827637 195.012214332819 1269.82246881723 3825.84904161096 4.71062472462654 47.1743760406971 5543.27755254507 252.840639561415 9072.20006048679 6179.28138151765 8244.48771205544 4519.06852596998 414.659309655428 87.1552415788174 71.8942555189133 71.2686307430267 792.379080414772 1007.96693921089 47.2740355730057 4.85740566253662 4.91059589385986 12.0242266058922 8.52207747101784 918.445408731699 1553.74684691429 2.32312124967575 0 3.42103090882301 137.752403914928 7.97480568289757 26.0512075126171 3.89720666408539 184.115291625261 0.898511528968811 306.502071231604 17.976365596056 0 585.173021912575 534.178400218487 252.977375656366 585.565017193556 1.74275380373001 208.34424290061 508.129529118538 2602.71831840277 80.7811936587095 424.50661689043 3538.90592500567 7903.80561128259 192.340586602688 8.27361777424812 85.7057775557041 65.0301005542278 0 2.04820692539215 159.226992547512 54.6684323251247
934.223447680473 159.300281912088 1045.40631583333 15015.9291237593 9.8642982840538 822.081978917122 20412.917727977 1138.30670374632 4010.56149059534 7792.32648837566 26.4102847278118 2173.82394209504 18.6369172036648 1309.04215660691 110.535691946745 3466.82570847869 72.1188885271549 2.48521941900253 28.2802202999592 6843.02344310284 12828.8225825727 1684.29889675975 10192.6807877719 29154.7995727658 20.5906435549259 213.515753954649 2495.03910827637 0 1905.33645445108 9957.7619201839 0.99420091509819 22.121476650238 752.187945127487 2211.44083398581 89.1697539389133 3235.86926010251 324.013492912054 1527.28624051809 655.281665176153 511.521465688944 132.96722137928 3.89054268598557 237.633088171482 18.034356623888 210.037709206343 56.6633863449097 45.6432705521584 3.23854941129684 1.58543759584427 101.541271418333 11.4215757846832 23.3068573474884 218.618821114302 2.73507517576218 40.0302089750767 1239.28204864264 104.679498046637 604.865511506796 226.040206938982 0.780591249465942 81.9347271323204 2.72439008951187 183.518147170544 10.5086232423782 184.803118109703 7.12005621194839 0.878338158130646 3.72871050238609 52.0762302577496 234.341057419777 139.549247980118 183.141875475645 1845.14163830876 0.697515368461609 9.58510175347328 122.9751932621 2223.03829702735 248.685073852539 348.623948156834 0 0 38.3587491512299 136.437485545874 7.43227750062943
16927.0027156472 35.3337759375572 181.198479562998 89.9106849431992 478.063482701778 1562.70304322243 3696.29060715437 2560.0130084157 494.561882287264 1169.60372108221 383.22151607275 197.723616868258 51.7181252837181 11719.9870323837 19.8389391303062 93.8633852899075 175.757909566164 14.9008367061615 60.2128817141056 81.1874586641788 668.101342946291 217.320430010557 963.21201133728 1246.94043117762 12.5384538173676 176.307176679373 195.012214332819 1905.33645445108 0 11247.7249768972 4.01812195777893 2850.38067021966 12592.1777280867 4196.63429716229 93.0427729785442 3068.67359024286 153.581060349941 2349.52373710275 438.461283296347 972.074718415737 1014.45006117225 27.8618206977844 39.0351428687572 7.16708195209503 37.6086241006851 17.2672396600246 0.718824207782745 0.780856013298035 0 13.7310349941254 1.43294808268547 2.90911728143692 4.47757184505463 0 5.31894779205322 110.512422680855 11.5864498317242 74.8658187687397 12.6085016429424 1.87429261207581 1.97898328304291 0.521676123142242 25.7511266171932 0 22.9252747297287 0.394596785306931 0 1.05320334434509 1.34603321552277 48.6527616679668 19.7346052527428 15.8826440274715 223.693212211132 1.96943950653076 9.16296893358231 20.5874988138676 314.791152119637 46.5418958961964 68.7152818739414 0 0 9.56983858346939 24.8707617819309 10.3647164702415
8137.16836953163 134.135774552822 1937.83125218749 23.8617645204067 10.307578265667 116.432422846556 17198.5479424894 1768.49079555273 818.759929090738 228.595797002316 97.9935739636421 11.5916831493378 21.4767397940159 3008.40235838294 5.52037009596825 604.211940318346 976.598551809788 37.0479028522968 225.547160714865 19.1499438285828 25052.9671690166 932.423026233912 10664.155316174 2102.49020719528 11.7296778261662 857.640127599239 1269.82246881723 9957.7619201839 11247.7249768972 0 2.47092700004578 19.3433190584183 1138.10679540038 6189.72989338636 152.902935504913 4841.95670610666 603.748648554087 3331.23733982444 1267.08484399319 253.266053855419 169.227138519287 7.73937404155731 106.81923404336 13.2497352063656 127.544378340244 33.1901049017906 6.82923913002014 5.58915537595749 0.486460506916046 43.0658067166805 12.6258738934994 31.2344010770321 5.00687471032143 0 3.91189268231392 222.835735231638 9.29719212651253 143.136842131615 9.8891861140728 0.937078177928925 3.08294761180878 0 55.9469619095325 1.1374260187149 136.925275146961 10.6814095377922 1.63431066274643 3.00944951176643 0 176.475669205189 103.061094492674 106.271012276411 452.17344519496 2.67637372016907 38.2228986024857 140.991167455912 765.779127061367 74.4496560096741 238.7863265872 0 0 27.3399390876293 87.4508243501186 18.0740913450718
0 58.1287199854851 16.1013334095478 0 0 0 0 3.48226433992386 5.10135927796364 3.20632654428482 2503.82614827156 0.432767271995544 5606.4426548481 2.2152618765831 1.36157953739166 0.700954794883728 39.5774604976177 227.506624132395 202.867269873619 0 1.96967762708664 23.8312577307224 19.1261983513832 9.64430513978004 278.768908530474 2927.28793251514 3825.84904161096 0.99420091509819 4.01812195777893 2.47092700004578 0 0 0 105.262738704681 0 37.8328434824944 179.771822243929 183.624059677124 30.4170886278152 1.04814100265503 1.45660281181335 7.99836599826813 0 19.5269013345242 11.0826565623283 0 0 0 0.744675934314728 0 5.83529707789421 0 0 0 0 0 0 1.61538702249527 0 47.5970425009727 0 87.3421019017696 0 0 0 0 56.1183112561703 19.8200608193874 0 0 0 0.659087240695953 0 54.1701073646545 195.860447227955 123.882329165936 0 0 0.476259082555771 15.5290164351463 0 0 2.32309854030609 0.982884407043457
38.4591679871082 0 1.80661073327065 1.8666096329689 4644.09479767084 3787.60111704469 50.9590156972408 2212.2503195703 1.44226467609406 63.5609777569771 52.2355611622334 25.8640824556351 11.2105505168438 2498.35180032253 76.9972792267799 0 0 1.27275824546814 1.36522495746613 9.00267040729523 5.49315738677979 1.2239063680172 3.4952045083046 10.7790354788303 1.33256876468658 6.29582670331001 4.71062472462654 22.121476650238 2850.38067021966 19.3433190584183 0 0 2.93730008602142 1388.0708180666 10.6125829517841 177.863019794226 5.65138730406761 349.75737708807 68.6680461466312 830.04752612114 4659.7494392097 12.4320126771927 1.3425732254982 0 0 1.14092767238617 0 0 0 1.51617941260338 0 0 0 0 0 1.83613657951355 0 0 0 0 0 0 0 0 0 0 0 0 0 0.281431674957275 0 0 4.14715898036957 0 0.540110349655151 0 3.0369031727314 0 1.09396433830261 0 0 0 0.943138062953949 0.318008542060852
577.019123494625 2.58071887493134 32.3999345302582 8.95053571462631 1.72863188385963 9.28058663010597 700.355090111494 51.9401325881481 155.572309792042 71.2587510049343 5.5557079911232 3.53385302424431 0 149.452414810658 3.01029336452484 36.9196228981018 18.0775966048241 1.05656158924103 6.51791673898697 3.06105396151543 155.928792238235 73.8113811016083 182.737171947956 384.064993202686 0.595139682292938 17.8427045345306 47.1743760406971 752.187945127487 12592.1777280867 1138.10679540038 0 2.93730008602142 0 648.75496968627 17.0158766508102 651.736309707165 62.2597428560257 277.597937881947 89.434835255146 21.2190705239773 35.6566404700279 0 16.9687452912331 0.686444342136383 10.6659028530121 1.51335048675537 0 0 0 3.60705798864365 0.636190533638 0 0 0 0 26.8192656338215 2.8051860332489 25.2627236545086 3.11619076132774 0 0 0 5.26065850257874 0 6.37117403745651 0 0 0 0 13.4182319939137 8.93513870239258 7.44259595870972 61.3075263500214 0 0.62318754196167 1.67754498124123 81.9646590352058 11.9450650811195 13.3206807971001 0 0 1.41728365421295 5.02238970994949 0
