0 6.48965139687061 246.080626904964 29.9549428522587 5.06201288104057 368.740432202816 4511.14099511504 1632.30733078718 141.281450152397 337.331784158945 49.4469763934612 22.8401079773903 12.3180669546127 9507.06850171089 10.1762615144253 20.3127389550209 123.437240093946 10.4258907139301 12.0538285076618 20.2998910546303 322.575236260891 31.3164149820805 462.515353232622 266.561691612005 1.61889016628265 99.9128042459488 94.2773251831532 487.961084485054 19161.8972997069 3615.54298362136 2.38162994384766 17.0997251868248 179.048502385616 551.594420492649 8.69030374288559 314.79610940814 14.0214030444622 383.187131583691 53.7659814357758 41.5873134434223 61.5948835909367 4.63545000553131 7.65369260311127 2.80573898553848 5.36736971139908 2.5646208524704 1.50383859872818 0 0 0 0.548724710941315 0.872428953647614 0 0 1.89839559793472 4.31004917621613 0 7.07871675491333 0 0 1.28792560100555 0 0 0 5.78281053900719 0 0 0 1.11937937140465 6.8014771938324 2.9410620033741 4.18983578681946 30.129800349474 0 2.01801580190659 4.56774500012398 43.5471374988556 3.13073313236237 3.48699736595154 0 0 0 2.33056491613388 2.63494929671288
6.48965139687061 0 115.959389567375 6.94076898694038 3.6832702755928 5.03338226675987 28.1794982999563 7.69045686721802 583.570410132408 1.80252380669117 306.61646977067 17.9420708715916 582.557427406311 15.2430158555508 24.4732806533575 113.53066034615 455.827177405357 62.2539391815662 247.067432016134 3.72685289382935 37.3044547736645 2743.45955815911 162.77100110054 403.334780052304 2926.16572257876 1071.07737210393 5570.00118793547 46.0142690837383 13.6595031917095 41.2365153282881 46.6257500052452 0 1.1729444861412 302.390236914158 8.60209679603577 269.954673439264 291.797224760056 734.223723232746 187.24301674962 46.4109773635864 6.07591247558594 11.6737559437752 26.5876615345478 29.5376000404358 79.9998387396336 26.7238026857376 1.32618820667267 0 0 0 194.865653574467 27.1342547535896 0 0 0 1.9861726462841 0 4.6550709605217 0.463336616754532 15.1359432935715 1.228919506073 22.1170380115509 0 0 0.888260126113892 27.5269755721092 8.80023717880249 23.9745690822601 0 0.983167409896851 16.8161759376526 27.2798951864243 3.16781836748123 28.8217296004295 134.296853333712 363.904193848372 5.51238553225994 1.05846333503723 1.91936492919922 1.99957954883575 0 0 15.7840592861176 5.48214486241341
246.080626904964 115.959389567375 0 19.3276344835758 0 133.923159092665 1287.08308890462 188.87086006999 55.1752668023109 91.1210207939148 104.70756611228 3.68521359562874 19.3154347836971 334.476850539446 0 95.8209048956633 3203.9743770659 56.6430946588516 327.588590592146 7.386354804039 1519.91295197606 216.831230729818 15204.4521772861 120.995738506317 21.3152019679546 16960.5442877412 8190.1960195899 707.786259323359 195.705294758081 1532.26785686612 14.0506546795368 1.32256653904915 32.3299707770348 771.628201007843 23.7219426631927 1241.76302862167 487.962050080299 1843.99052777886 629.063579410315 54.9973524361849 35.256504714489 7.06249397993088 59.2576965093613 24.7989832162857 69.9136086702347 29.9269400835037 3.24371874332428 1.75863254070282 0 0.74884444475174 47.143059194088 56.513476639986 0.498824894428253 0 0.702823102474213 6.78203678131104 2.91269063949585 1.07494866847992 0.61810964345932 1.00250893831253 0.440982013940811 0.546599149703979 0.964622497558594 0 22.4839687347412 23.3831353783607 1.41430047154427 6.23341026902199 0 16.0428258776665 40.6896065175533 83.8105940818787 11.0378425121307 5.15658137202263 30.6109180450439 280.273541659117 17.7803557217121 0 14.2228755354881 1.33524954319 0 0.47998234629631 13.1546295285225 16.6179496049881
29.9549428522587 6.94076898694038 19.3276344835758 0 4.2986347079277 288.248883545399 684.181045204401 59.2503460496664 467.47927314043 9194.19330510497 1.41022568941116 1975.34768944979 1.04147765040398 68.9794139266014 72.6396850943565 8.56456938385963 0.47850239276886 0 0 33276.3938004673 20.8317679464817 17.5873083770275 34.0779158174992 1541.97868272662 0.933844119310379 3.01942449808121 18.3465814888477 15298.2902913243 37.6077341139317 19.7395692765713 0 0 5.86755836009979 23.7168573737144 7.40842682123184 56.6081951260567 0.370495319366455 49.0566022992134 5.33586549758911 105.810081005096 9.92867362499237 0.306346893310547 4.86749845743179 0 0 3.1437623500824 9.54443874955177 0 0 0.55529659986496 0 0 136.356544852257 0 4.53359186649323 38.1331895589828 2.43213510513306 34.007900595665 62.3328599333763 0 13.000031709671 0 3.30747145414352 1.96537351608276 0.742443144321442 0 0 0 53.6570882797241 1.59791052341461 1.90829861164093 0.417950749397278 62.9549198746681 0 1.26855862140656 0.712981045246124 67.7687827944756 0.501131594181061 0.795887291431427 0 0 0 3.40699636936188 0
5.06201288104057 3.6832702755928 0 4.2986347079277 0 4584.62625333667 7.03723505139351 702.588294535875 77.8016986846924 6.25449466705322 10.5738584399223 134.510296046734 3.99195754528046 248.079191684723 2588.88755857944 0 1.43565249443054 0 1.0225841999054 1.23100057244301 0.949077904224396 0.959835976362228 2.358343064785 60.9402903616428 0 0 3.46450734138489 8.14721536636353 775.319917738438 3.85876995325089 0 3509.31575894356 0 675.140688508749 0 27.9865961372852 3.32645297050476 59.9265470802784 4.76974833011627 7244.02665439248 3625.18484553695 1.53138375282288 0 0 0 0 0 0 0 0 0 0 0 0 0 0 0 0 0 0 0 0 0 0 0 0 0 0 0 0 0 0 0 0 0 0 0 0 0 0 0 0 0 0
368.740432202816 5.03338226675987 133.923159092665 288.248883545399 4584.62625333667 0 4764.35390415788 21639.835795939 217.095084369183 18763.4760313332 93.2152647674084 9405.39982363582 13.1525502204895 4074.69940838218 3015.18869584799 8.08152639865875 25.8503308296204 2.40418773889542 9.11238354444504 1077.96332368255 99.3413267433643 17.8643373250961 174.510704755783 430.18563118577 4.71338737010956 46.016653418541 66.3410123586655 937.10858848691 1810.44336816669 242.959933012724 0.509678065776825 1912.05149891973 11.3310290575027 760.250733822584 328.965808153152 277.702813833952 12.3630151152611 346.605116695166 27.1200219094753 4209.59857076406 1179.38183581829 3.95410788059235 7.87985879182816 1.78517580032349 0.340684831142426 2.39518147706985 3.58518135547638 0 0 0 1.05894106626511 1.55182331800461 10.2901874780655 0 1.49917489290237 21.0301405489445 3.49940210580826 17.4136989712715 15.5542419850826 0 1.49763888120651 0 1.15611931681633 0 4.95724460482597 0.695192277431488 0.41619548201561 0 2.70838588476181 1.01593804359436 2.67952910065651 2.3025196492672 74.7630327939987 1.15988254547119 0.220450788736343 3.13386878371239 67.7619003653526 2.49787580966949 3.18196702003479 0 0 0.399563819169998 1.85496008396149 1.7431892156601
4511.14099511504 28.1794982999563 1287.08308890462 684.181045204401 7.03723505139351 4764.35390415788 0 2940.51720331609 1121.80497655272 16930.9380862117 57.4252154231071 505.348050296307 7.15521764755249 7779.31239494681 43.8054358363152 177.481601208448 212.920434013009 8.94435128569603 32.1772404015064 438.767267256975 1634.19677260518 144.307891845703 2455.97440257668 4488.29709072411 6.19671829044819 317.112154334784 714.900983020663 21375.8366961032 1965.34838202596 11628.3690174967 1.13131466507912 14.1283933222294 212.424439698458 708.947446957231 80.6040703654289 1038.07195386291 62.3421574532986 900.905111670494 184.65558886528 143.884383112192 128.937388449907 2.93587228655815 36.3778954446316 7.50121825933456 11.0040575265884 9.21454110741615 14.5346038937569 0 0 6.04628372192383 4.95781511068344 5.79735815525055 10.2550112009048 0 5.40809732675552 77.2029878795147 9.7586732506752 79.7341412901878 26.7659037709236 0 18.811704993248 0 12.4639572948217 0.829394340515137 22.9038639068604 0.883407175540924 0 1.59204363822937 5.90412795543671 21.5779025554657 15.0366000235081 29.2078312039375 255.105973035097 0.922573208808899 1.96168506145477 35.3694798052311 267.213928699493 9.25726225972176 20.1446972191334 0 0 1.3914669752121 17.3794785737991 7.37801682949066
1632.30733078718 7.69045686721802 188.87086006999 59.2503460496664 702.588294535875 21639.835795939 2940.51720331609 0 163.30116173625 2106.042076841 246.171550601721 522.237171918154 46.4887295365334 21028.1404086053 423.426999956369 12.5241307616234 93.4763498902321 11.6427349150181 24.7739252150059 102.709311753511 235.459410101175 28.3971900939941 335.838600546122 278.539601296186 6.31511625647545 122.595004469156 97.9785800278187 506.577320292592 3288.32060274482 756.759910076857 2.63303351402283 1475.3101516068 31.4741416573524 1154.91115954518 16.745528280735 520.230095803738 36.718703597784 649.238883912563 52.4805809855461 928.610510647297 1173.65406113863 22.4084715247154 7.04257792234421 1.82680901885033 5.47663402557373 1.67063593864441 1.98500740528107 0.274543076753616 0 0 0 0.814522504806519 0.818898260593414 0 1.42646372318268 12.8033771216869 3.8033284842968 12.4559289813042 4.26061052083969 0 0 0.540439128875732 4.60937592387199 0 3.8173214495182 0.368081301450729 0.688159942626953 0 0 2.14422687888145 0.926433742046356 8.24363052845001 44.1921252608299 0.900151073932648 1.22740495204926 6.89798060059547 63.7671638429165 2.33489084243774 3.25195243954659 0 0 0 0.761573255062103 0
141.281450152397 583.570410132408 55.1752668023109 467.47927314043 77.8016986846924 217.095084369183 1121.80497655272 163.30116173625 0 525.333042532206 46.4126261919737 1360.21592769027 95.0643402338028 264.479180544615 1066.23517209291 151.89033433795 44.0303804278374 13.1721304655075 26.0554148852825 433.053646475077 240.265923529863 3298.01916326582 222.534104526043 11245.0371352285 251.002298563719 80.9196040630341 522.557994037867 2829.07408359647 320.610380589962 481.61463406682 8.98030856251717 3.76420623064041 144.110121816397 213.655263543129 19.7025610804558 566.286172568798 63.7701428234577 384.894224762917 85.3706129342318 1444.87571328878 28.9543519318104 4.46727365255356 59.3757058978081 5.49010294675827 22.9845703542233 16.6336455643177 51.0072417259216 6.81699991226196 0 10.1109910607338 7.02443957328796 1.90584433078766 44.6415966749191 0.687423646450043 23.7958982288837 178.436174631119 22.5545881092548 421.477264612913 85.355157315731 1.54021298885345 63.5940897166729 0.41411417722702 12.6392402052879 15.7834814190865 33.5108118653297 0 0 1.12818956375122 23.517009139061 22.54222458601 44.798965215683 31.0609555542469 648.644356399775 2.66135263442993 2.2651831805706 32.6379856467247 601.730513244867 15.7947237491608 26.9661313891411 0 0 0 17.6892129182816 6.09880384802818
337.331784158945 1.80252380669117 91.1210207939148 9194.19330510497 6.25449466705322 18763.4760313332 16930.9380862117 2106.042076841 525.333042532206 0 28.0661888718605 15737.4491125345 3.4088042974472 2017.38346105814 69.4369776248932 11.8338615000248 17.5815873146057 0.423657536506653 3.45636948943138 15588.64569363 102.07320868969 15.7271435558796 148.722042679787 960.263508707285 0.75101974606514 16.0049149096012 44.7585456073284 6153.20695519447 305.100165426731 128.783622533083 0 7.60146829485893 32.9787439703941 195.365911781788 942.265480995178 289.264227569103 5.13332688808441 223.265094876289 28.2569774985313 172.545786798 60.2937060296535 0 9.74971401691437 0 2.41491904854774 2.53507745265961 14.2401332259178 1.62084382772446 0 0 1.29635465145111 1.85881024599075 16.2619526386261 0 8.45015621185303 59.6765325665474 9.32997220754623 62.8519178628922 22.9265478253365 0 22.3968099951744 0 4.637924015522 1.59058392047882 3.10109987854958 1.07407581806183 0 0 9.75077736377716 0.928854703903198 8.46163040399551 4.07856971025467 156.121390491724 0 0 4.22691512107849 124.510840177536 1.16789945960045 2.58110427856445 0 0 0 3.12618148326874 1.25166699290276
49.4469763934612 306.61646977067 104.70756611228 1.41022568941116 10.5738584399223 93.2152647674084 57.4252154231071 246.171550601721 46.4126261919737 28.0661888718605 0 10.1028839051723 11619.1961273849 534.243611752987 1.23404967784882 7.55669671297073 767.004072189331 4433.88004133105 3434.37389102578 1.80359351634979 57.7526814043522 120.816682428122 176.865462750196 35.3733000308275 2057.54355600476 8901.5077123642 2525.44648265839 17.6620397418737 366.006282269955 81.7804958820343 682.344491243362 72.0397287011147 3.55995866656303 8863.70547041297 4.69218200445175 292.857777863741 3714.0730586648 8427.7213601768 354.53946852684 48.892757833004 70.3963004350662 2243.62683877349 6.27928984165192 11.7938791513443 36.9414224326611 4.2535412311554 0 0 0 0 20.1594995856285 5.05102372169495 0 0 0 1.04705277085304 0 2.11988550424576 0 74.0746735036373 0 277.173384845257 0.524239182472229 0 2.34014740586281 7.23186421394348 55.1677277088165 27.7554818689823 0 1.25840508937836 2.29813748598099 3.82920598983765 1.67357486486435 180.220674067736 165.180311858654 146.0602658391 0.842481970787048 0 2.1236546933651 18.6993091106415 0 0 10.1378873884678 0.67938357591629
22.8401079773903 17.9420708715916 3.68521359562874 1975.34768944979 134.510296046734 9405.39982363582 505.348050296307 522.237171918154 1360.21592769027 15737.4491125345 10.1028839051723 0 5.54731896519661 228.893845096231 3052.85151439905 3.34829556941986 4.52117151021957 0 2.12926471233368 25227.8543735445 8.69050359725952 100.390026152134 12.1262691617012 2247.81367465854 5.07466965913773 4.98337741196156 22.7038127928972 1423.39710441232 44.9553971886635 17.4047529995441 0 5.30118516087532 3.00622510910034 50.9660322666168 97.0602422356606 36.4632477164268 5.20296278595924 51.6155900061131 5.4532977938652 3087.07224217057 14.0492133498192 0.499249130487442 8.46762895584106 0 2.56649309396744 0 7.68880546092987 0 0 0 0 0 9.79561120271683 0 10.317696750164 14.949465662241 0.886828780174255 43.0422528982162 36.8776876330376 0 403.574503839016 0 0 0 1.43464344739914 0 0 0 53.4305068254471 0.366022348403931 2.48259669542313 0 41.5182846486568 0 0.337601900100708 2.27278584241867 30.6098791956902 0 1.30448389053345 0 0 0 0 0
12.3180669546127 582.557427406311 19.3154347836971 1.04147765040398 3.99195754528046 13.1525502204895 7.15521764755249 46.4887295365334 95.0643402338028 3.4088042974472 11619.1961273849 5.54731896519661 0 78.9682439565659 8.19540852308273 5.1475921869278 26.5675803422928 141.010946631432 143.127469360828 0 6.08511143922806 248.112851411104 25.3415869176388 43.6791160702705 6908.05018031597 1593.10984092951 4737.4010887444 7.34973162412643 58.0356211066246 7.33128932118416 805.798500955105 19.6339945793152 1.1256098151207 1724.81273308396 26.7014572620392 624.296344459057 2483.52434536815 2521.58835965395 623.00154080987 28.6681093871593 291.88186788559 3234.03651490808 2.06900590658188 10.0631826519966 21.7070106267929 2.43398404121399 0 1.43156456947327 1.98552817106247 0 14.1253662109375 1.93931657075882 0 0 0 0.507071614265442 0 2.17278909683228 0 115.499907076359 0 420.875987023115 0 0 1.24995183944702 4.7450287938118 80.3617256581783 25.1569507718086 0 0 3.08965885639191 3.10555171966553 1.37163126468658 212.133547604084 171.882253408432 129.160591930151 0.763067901134491 0 0 41.5272472202778 0 0 5.08098262548447 15.509313762188
9507.06850171089 15.2430158555508 334.476850539446 68.9794139266014 248.079191684723 4074.69940838218 7779.31239494681 21028.1404086053 264.479180544615 2017.38346105814 534.243611752987 228.893845096231 78.9682439565659 0 102.512521892786 27.3963748216629 143.668618381023 18.0754114985466 49.4023498296738 83.6783796548843 330.68070524931 53.9814336299896 540.469671428204 426.082674086094 23.2021504938602 211.234708458185 208.882829427719 735.271947160363 11249.534334749 1660.43139216304 5.3383347094059 923.759312421083 105.713245719671 2199.82368341088 18.0816740691662 868.630301326513 66.5726026594639 1195.69557181001 84.1803191304207 461.685256391764 600.255099058151 30.4937509000301 18.5578514039516 0.751469135284424 5.26215440034866 3.49741262197495 2.36788833141327 1.37852346897125 0 1.94116812944412 0 0.793303370475769 0.530648291110992 0 0 5.03680136799812 2.45722287893295 9.50587981939316 1.15820544958115 1.1469703912735 1.4237853884697 1.84231004118919 0.467982620000839 0 7.36125281453133 0 0 0.976835578680038 0.731132984161377 8.20304805040359 5.22063800692558 12.9491736292839 60.0485244691372 1.45149421691895 0.521507084369659 12.9304592907429 73.4365813136101 3.16349142789841 10.6940618753433 0 0 0 4.3924555182457 3.61020955443382
10.1762615144253 24.4732806533575 0 72.6396850943565 2588.88755857944 3015.18869584799 43.8054358363152 423.426999956369 1066.23517209291 69.4369776248932 1.23404967784882 3052.85151439905 8.19540852308273 102.512521892786 0 3.34118241071701 3.73768100142479 0 1.32126104831696 104.570359230042 2.80372774600983 96.5038087964058 7.50312098860741 855.220986455679 7.45930564403534 7.80733640491962 24.608835786581 127.479975730181 68.1265836954117 9.18758448958397 0 86.5219096839428 0.610608816146851 29.9082155525684 2.57730436325073 15.4747456014156 7.22495022416115 11.2137049436569 3.29261690378189 14692.3361003995 38.6244303882122 0 2.24384784698486 0 0.940359592437744 0 0 0 0 0 0.360443651676178 0 1.90195882320404 0 0.500623941421509 3.33710020780563 0 7.43769609928131 0.624287664890289 0 5.42489665746689 0 0 0 0.630409240722656 0 0 0 0 0 1.42424058914185 0.515008509159088 9.30707728862762 0 0 0 11.9425065815449 0 0 0 0 0 0 1.39043211936951
20.3127389550209 113.53066034615 95.8209048956633 8.56456938385963 0 8.08152639865875 177.481601208448 12.5241307616234 151.89033433795 11.8338615000248 7.55669671297073 3.34829556941986 5.1475921869278 27.3963748216629 3.34118241071701 0 71.631596326828 0.812550455331802 10.9973494708538 1.81368124485016 12464.6746857464 2045.28121431172 21303.0187858939 2389.65332561731 12.3139211088419 62.7753221541643 8140.90966515243 2538.18011391163 71.7437025010586 566.370083957911 0.421407669782639 0 27.8257498145103 453.694599315524 50.2081163823605 1433.29825633764 229.986313670874 665.053127169609 288.680643290281 69.7988400757313 12.2320012450218 2.91779857873917 201.541952013969 41.9487183839083 90.8516011238098 75.7760983258486 6.04442191123962 0.681762993335724 0 0 6.03472942113876 28.7233656942844 0 0 0.453141987323761 9.65873914957047 4.70870572328568 8.06285583972931 1.06374084949493 0.439058810472488 0.379862308502197 0.90703159570694 3.89643788337708 0 151.332919239998 6.73600709438324 0.684327661991119 0 0 95.6303498744965 82.5417800843716 267.275722146034 70.2197835147381 0 4.89526107907295 172.508640184999 89.0875297188759 5.40965038537979 28.3722849488258 0 0 4.60158824920654 16.5812957882881 16.2820901572704
123.437240093946 455.827177405357 3203.9743770659 0.47850239276886 1.43565249443054 25.8503308296204 212.920434013009 93.4763498902321 44.0303804278374 17.5815873146057 767.004072189331 4.52117151021957 26.5675803422928 143.668618381023 3.73768100142479 71.631596326828 0 254.736240059137 4882.39379072189 0.812845587730408 785.060020819306 236.223203152418 7334.26389206946 79.2341794371605 75.3702934384346 5093.92743781209 3346.455437392 119.335959300399 214.683629512787 931.513543277979 13.3480057418346 0.529957413673401 31.0324588119984 2530.34896862507 6.31050544977188 250.745021402836 154.181608110666 1388.62428742647 213.560690909624 9.70026424527168 9.55509901046753 6.91572690010071 36.0972747206688 16.9161064624786 36.3478981852531 12.4458771348 1.74932157993317 0.743140637874603 0 0 98.6742189824581 21.7374794185162 0 0 0 1.31379687786102 0.69791442155838 0 0 3.87402293086052 0 8.23212158679962 1.73520317673683 0 15.7697203457355 22.516631513834 5.64394956827164 10.2029426693916 0 3.32874497771263 11.3866692483425 19.3040221333504 4.80748206377029 12.7005801796913 85.8817119300365 206.15604364872 3.67412969470024 0.861111640930176 1.51534849405289 0 0 0 8.95999675989151 2.69874614477158
10.4258907139301 62.2539391815662 56.6430946588516 0 0 2.40418773889542 8.94435128569603 11.6427349150181 13.1721304655075 0.423657536506653 4433.88004133105 0 141.010946631432 18.0754114985466 0 0.812550455331802 254.736240059137 0 4622.63082778454 0 7.8411953151226 27.8604297339916 40.7568381130695 7.82453885674477 220.376897245646 4872.51662626863 623.669284820557 3.25436154007912 21.3507266640663 14.2551873922348 42.8782140910625 3.86677575111389 0.923055082559586 236.472797989845 0.727149546146393 35.4237405359745 188.810812205076 354.323301076889 47.1335016489029 1.0757494866848 1.14686369895935 5.73561060428619 0.851656913757324 3.96917819976807 11.2715055942535 4.02437102794647 0 0 0 0 4.70852673053741 1.17381870746613 0 0 0 0 0 0 0 12.4892045855522 0 44.0911104381084 0 0 1.50881838798523 0.545666873455048 19.569825977087 14.0030550062656 0 0 0 1.7120024561882 0 32.9814610183239 67.2257191538811 55.1975654065609 0.596610069274902 0 0 2.83107072114944 0 0 2.28885942697525 0.584113776683807
12.0538285076618 247.067432016134 327.588590592146 0 1.0225841999054 9.11238354444504 32.1772404015064 24.7739252150059 26.0554148852825 3.45636948943138 3434.37389102578 2.12926471233368 143.127469360828 49.4023498296738 1.32126104831696 10.9973494708538 4882.39379072189 4622.63082778454 0 0.541697442531586 55.2596393227577 77.2997574210167 298.363136187196 21.0627243369818 379.372032165527 9807.98507723212 1981.57595744729 16.7871695011854 51.498948186636 90.6365797519684 46.7098216414452 2.59276393055916 5.75114142894745 1297.6703928411 2.16350293159485 138.38841766119 301.078787595034 1074.35237044096 110.686705291271 3.60795295238495 3.91595602035522 11.3680410683155 5.3197700381279 13.2192401885986 44.3893122076988 11.5265828967094 0.895785510540009 0 0 0.835784137248993 33.2406431138515 10.1175352334976 0 0 0 0 0 0 0 15.3853551149368 0 31.8517946600914 1.3200449347496 0 2.8594753742218 6.67760634422302 30.6332364976406 54.1562074124813 0 0 4.40909802913666 6.44957339763641 0 75.11881762743 135.434676855803 161.014569759369 0 0 0.884951055049896 3.34638953208923 0 0 13.9815695285797 3.16754972934723
20.2998910546303 3.72685289382935 7.386354804039 33276.3938004673 1.23100057244301 1077.96332368255 438.767267256975 102.709311753511 433.053646475077 15588.64569363 1.80359351634979 25227.8543735445 0 83.6783796548843 104.570359230042 1.81368124485016 0.812845587730408 0 0.541697442531586 0 6.86545288562775 24.2414073646069 21.283387362957 1306.63845285773 0 1.912293612957 11.9584211409092 4939.93547067046 20.8847339749336 13.6381638646126 0 1.20007312297821 6.03297194838524 19.1129583716393 21.3061017692089 36.7257924973965 1.39836248755455 33.6097192168236 3.52477329969406 114.214608132839 4.02054196596146 0.508134961128235 5.74733972549438 0 1.31975424289703 0 5.29114925861359 0 0 0 0.240542814135551 0 4.28849816322327 0 2.8019962310791 15.8193535804749 0 18.9959969520569 10.9740386605263 0 47.0966161489487 0 0 1.28552860021591 0.745211482048035 0 0 0 3.08494144678116 0.82061904668808 0 2.09627333283424 61.905654489994 0 0 0.827082633972168 38.9408769011497 0 0 0 0 0 0.764697015285492 0
322.575236260891 37.3044547736645 1519.91295197606 20.8317679464817 0.949077904224396 99.3413267433643 1634.19677260518 235.459410101175 240.265923529863 102.07320868969 57.7526814043522 8.69050359725952 6.08511143922806 330.68070524931 2.80372774600983 12464.6746857464 785.060020819306 7.8411953151226 55.2596393227577 6.86545288562775 0 1149.34820088744 18831.5943990648 2310.21289911866 7.15471082925797 295.438882827759 1136.78938709199 16404.2592624128 570.955990940332 18461.7429850399 1.50504299998283 5.03392946720123 120.437880963087 3421.98602679372 74.0730149447918 2377.01540994644 120.29722854495 2049.4629458189 460.222578555346 96.0576233863831 33.9314247369766 10.6252048611641 146.296021252871 16.0785202085972 48.8131862282753 31.9450907409191 2.42207163572311 0 0 7.62799873948097 3.96932888031006 13.4578316807747 0 0 0.782515406608582 11.5119324922562 5.4903090596199 15.1998001337051 2.34200978279114 0.594599843025208 0 0 6.31914883852005 0 121.420572400093 0.648305118083954 0 1.58217948675156 0 111.876079201698 65.4299954771996 169.491480559111 110.420465201139 0.556789934635162 4.61083400249481 86.7151200473309 164.260640501976 9.12200486660004 30.0797339081764 0 0 1.42684006690979 21.1724517941475 18.6428639888763
31.3164149820805 2743.45955815911 216.831230729818 17.5873083770275 0.959835976362228 17.8643373250961 144.307891845703 28.3971900939941 3298.01916326582 15.7271435558796 120.816682428122 100.390026152134 248.112851411104 53.9814336299896 96.5038087964058 2045.28121431172 236.223203152418 27.8604297339916 77.2997574210167 24.2414073646069 1149.34820088744 0 1783.7011615783 5718.32744011283 727.657419919968 284.008932501078 4570.30487847328 704.78045552969 134.066749155521 737.66612046957 15.1977880597115 0 53.7588250637054 705.497081190348 66.8611102700233 2009.85905724764 460.861508488655 1342.59545460343 548.244740277529 218.953838974237 34.9672024548054 9.95770752429962 228.896617352962 53.5269693136215 128.734920918941 83.0970011353493 6.27360993623734 2.92669439315796 0.962248742580414 2.35371404886246 22.5167272984982 66.6899963617325 2.1388503909111 0 1.1328341960907 11.8632394373417 0.604241967201233 38.136124163866 5.13724255561829 0 1.36767935752869 7.92941501736641 5.85528719425201 0 258.185124218464 14.2563339471817 1.98604276776314 3.16786476969719 0 109.626247674227 209.384011924267 309.075082093477 81.7741469144821 6.43420791625977 14.8800439536572 328.724465668201 91.8374022245407 8.86387318372726 33.5165873765945 0 0 3.94402277469635 25.9569621682167 18.404936850071
462.515353232622 162.77100110054 15204.4521772861 34.0779158174992 2.358343064785 174.510704755783 2455.97440257668 335.838600546122 222.534104526043 148.722042679787 176.865462750196 12.1262691617012 25.3415869176388 540.469671428204 7.50312098860741 21303.0187858939 7334.26389206946 40.7568381130695 298.363136187196 21.283387362957 18831.5943990648 1783.7011615783 0 1515.959989205 27.91738294065 1750.56229829788 12320.341227293 5422.3352637291 679.531703963876 7360.80730199814 4.36851724982262 2.63742485642433 137.317599952221 4708.08905106783 253.454846411943 6359.45948135853 1053.56326906383 4940.16282740235 1827.36032414436 368.960652112961 112.666735291481 20.0107530355453 356.044251471758 88.3791799247265 258.378378987312 158.69306832552 13.1702454388142 5.09735918045044 1.93836843967438 4.91481956839561 22.6108741760254 109.84887444973 0.58547967672348 0 0.299083232879639 17.4081156253815 3.75492051243782 14.2498047351837 0 2.18966636061668 0 5.35897973179817 6.01766464114189 0 281.591341197491 22.8707174062729 2.68814885616302 11.2834810018539 0.500772774219513 126.080504029989 150.494736969471 479.532479703426 95.6744393408298 4.20131742954254 26.7062009572983 689.851625561714 119.370539546013 14.8508451581001 37.3696800768375 0 0 3.61558842658997 45.423658490181 65.3285212516785
266.561691612005 403.334780052304 120.995738506317 1541.97868272662 60.9402903616428 430.18563118577 4488.29709072411 278.539601296186 11245.0371352285 960.263508707285 35.3733000308275 2247.81367465854 43.6791160702705 426.082674086094 855.220986455679 2389.65332561731 79.2341794371605 7.82453885674477 21.0627243369818 1306.63845285773 2310.21289911866 5718.32744011283 1515.959989205 0 114.87485396862 99.9286402314901 2135.92566379905 45432.6085244715 586.384191095829 1246.52786794305 3.90760913491249 5.9901836514473 252.365430921316 526.729470670223 45.88715711236 1168.74526120722 68.9406712204218 696.806940555573 164.384268775582 887.379976063967 34.0640399456024 3.12527877092361 151.767690271139 8.21569347381592 64.9161863029003 28.6251139938831 43.8905524015427 2.9083491563797 0 19.0682978034019 12.2415921390057 11.9418497085571 31.7053663134575 0 28.3497184514999 289.986120045185 61.2773025333881 339.114690154791 97.6444382071495 0 35.9754006266594 0.808445423841476 46.1391233503819 6.2139630317688 123.141382813454 8.93215689063072 0.397852003574371 0.914092987775803 29.8712838292122 124.484036922455 59.8014605492353 137.579878985882 1343.93096393347 0 7.42932416498661 84.415618032217 1163.89237800241 47.0514429211617 87.093327999115 0 1.70779573917389 3.29759326577187 54.3792969882488 3.91622912883759
1.61889016628265 2926.16572257876 21.3152019679546 0.933844119310379 0 4.71338737010956 6.19671829044819 6.31511625647545 251.002298563719 0.75101974606514 2057.54355600476 5.07466965913773 6908.05018031597 23.2021504938602 7.45930564403534 12.3139211088419 75.3702934384346 220.376897245646 379.372032165527 0 7.15471082925797 727.657419919968 27.91738294065 114.87485396862 0 1589.26851299405 4258.26272633672 9.84343989193439 11.4993973374367 5.79188370704651 233.723419129848 3.46899330615997 1.13508003950119 246.515706270933 5.00378507375717 62.5598177611828 588.922241061926 563.997094452381 68.6332759261131 17.4247211515903 1.67096650600433 128.224707365036 14.3446453213692 38.3849458694458 75.2844761610031 7.07177516818047 0 0.908854901790619 2.43900573253632 0 26.510073363781 8.98995023965836 0 0 0 1.53523755073547 1.17802178859711 4.7351570725441 0 116.431749522686 0 428.142151176929 1.22544014453888 0.477944701910019 2.51155459880829 4.48534214496613 107.644437760115 62.6060970127583 0 1.53557372093201 2.44378912448883 4.12551158666611 2.09212407469749 305.571749567986 322.480892241001 287.860264360905 2.15850877761841 0 1.10404288768768 37.8917760848999 0 0 21.584273815155 2.03753399848938
99.9128042459488 1071.07737210393 16960.5442877412 3.01942449808121 0 46.016653418541 317.112154334784 122.595004469156 80.9196040630341 16.0049149096012 8901.5077123642 4.98337741196156 1593.10984092951 211.234708458185 7.80733640491962 62.7753221541643 5093.92743781209 4872.51662626863 9807.98507723212 1.912293612957 295.438882827759 284.008932501078 1750.56229829788 99.9286402314901 1589.26851299405 0 26826.0766795576 135.099303469062 174.250528246164 458.80021969974 1169.52383929491 9.00898706912994 15.6908862292767 2248.4486745894 20.7302215695381 955.02970507741 1800.74320328236 3361.52142772079 670.521589845419 30.8199963569641 22.0393518805504 50.7774844169617 39.7541655004025 51.045478284359 138.132062464952 32.4656490683556 1.4628803730011 1.35663998126984 0.873930513858795 2.05638808012009 195.597245484591 41.7902058064938 0 0 0.421896368265152 1.98114848136902 0 6.6684832572937 0 96.4995241463184 0 298.571244060993 1.11982882022858 0 10.1456243693829 43.0220307707787 112.146731615067 128.475349515676 0 7.88735982775688 14.8378348350525 15.6293742656708 5.23625209927559 269.528732687235 556.943247437477 695.298952758312 2.82520565390587 2.4938291311264 2.07330536842346 22.860001295805 0.636195302009583 0 49.8239825367928 14.5792952179909
94.2773251831532 5570.00118793547 8190.1960195899 18.3465814888477 3.46450734138489 66.3410123586655 714.900983020663 97.9785800278187 522.557994037867 44.7585456073284 2525.44648265839 22.7038127928972 4737.4010887444 208.882829427719 24.608835786581 8140.90966515243 3346.455437392 623.669284820557 1981.57595744729 11.9584211409092 1136.78938709199 4570.30487847328 12320.341227293 2135.92566379905 4258.26272633672 26826.0766795576 0 1639.99331730604 199.754620864987 726.459346175194 1576.5297127068 1.56409454345703 33.9950580894947 2659.19103190303 119.933781415224 3692.49899101257 2654.42941355705 5962.47988119721 1778.1734957397 163.712423086166 67.77057492733 40.0011268854141 356.973437845707 207.58762383461 539.562464952469 232.649063795805 12.8743654489517 7.85450637340546 4.25730413198471 4.53510767221451 529.421335577965 257.590360164642 0.938387274742126 0.308104634284973 2.62805569171906 19.867355376482 2.87162685394287 20.0189114809036 1.1885938346386 106.284300267696 0 297.451539516449 2.49974435567856 0 145.823738098145 144.56833550334 174.474588930607 208.454986900091 0 53.5862755179405 151.224989712238 490.219784528017 48.9260999560356 379.962654769421 795.507797777653 2098.43088975549 64.4331111013889 4.74643215537071 18.6880728304386 27.1320708394051 0 4.33230316638947 156.196184575558 61.1762492954731
487.961084485054 46.0142690837383 707.786259323359 15298.2902913243 8.14721536636353 937.10858848691 21375.8366961032 506.577320292592 2829.07408359647 6153.20695519447 17.6620397418737 1423.39710441232 7.34973162412643 735.271947160363 127.479975730181 2538.18011391163 119.335959300399 3.25436154007912 16.7871695011854 4939.93547067046 16404.2592624128 704.78045552969 5422.3352637291 45432.6085244715 9.84343989193439 135.099303469062 1639.99331730604 0 829.960739433765 9371.64786595106 0.232613354921341 5.94811773300171 325.88278850913 974.602397024632 68.136511772871 1884.40664665401 78.7843740880489 1100.17636218667 251.749683484435 258.912557244301 63.5463058948517 3.19864162802696 128.801216810942 12.2485808134079 67.9347306787968 36.8109911978245 38.893085539341 2.38311105966568 0 12.267002671957 4.88155940175056 15.450242549181 38.102412045002 0 22.5512727797031 190.127333492041 44.8386256694794 243.236185848713 75.5122083723545 0 22.6371909976006 0.302969813346863 33.8861040174961 9.04204320907593 92.320004850626 1.16572815179825 0 0 21.7588863372803 109.011899769306 48.9460363686085 94.563003718853 765.871730148792 0 3.39978891611099 71.7678285390139 877.170602411032 38.8526120483875 44.1790400445461 0 0.73079788684845 7.63627856969833 45.8157442808151 18.4002975523472
19161.8972997069 13.6595031917095 195.705294758081 37.6077341139317 775.319917738438 1810.44336816669 1965.34838202596 3288.32060274482 320.610380589962 305.100165426731 366.006282269955 44.9553971886635 58.0356211066246 11249.534334749 68.1265836954117 71.7437025010586 214.683629512787 21.3507266640663 51.498948186636 20.8847339749336 570.955990940332 134.066749155521 679.531703963876 586.384191095829 11.4993973374367 174.250528246164 199.754620864987 829.960739433765 0 8248.6851811409 1.34504413604736 4996.47795286775 10730.7803603113 3932.886639148 29.3226272761822 1296.60403248668 56.6863058507442 1755.88936841488 133.617580980062 389.714138776064 1946.64039292932 25.5711750984192 22.2423088550568 0 11.2496743202209 4.29117932915688 3.67103835940361 0 0 4.99953269958496 0.851732790470123 1.8457944393158 0 0 0.347460389137268 14.6222631633282 1.82365688681602 18.2320072054863 1.4023023545742 1.78822261095047 0 0 1.97691324353218 0 27.9735945165157 1.58620083332062 0 0 0 18.1528601944447 4.80710789561272 18.1244149506092 91.535784304142 0.927387654781342 3.08765849471092 12.7332040667534 95.7277382016182 3.79757705330849 10.4309524297714 0 0 2.14865642786026 11.3927300274372 6.91543981432915
3615.54298362136 41.2365153282881 1532.26785686612 19.7395692765713 3.85876995325089 242.959933012724 11628.3690174967 756.759910076857 481.61463406682 128.783622533083 81.7804958820343 17.4047529995441 7.33128932118416 1660.43139216304 9.18758448958397 566.370083957911 931.513543277979 14.2551873922348 90.6365797519684 13.6381638646126 18461.7429850399 737.66612046957 7360.80730199814 1246.52786794305 5.79188370704651 458.80021969974 726.459346175194 9371.64786595106 8248.6851811409 0 1.91628441214561 9.87508127093315 714.245560348034 4585.76101332903 54.7107505500317 1216.14255826175 64.5895729959011 2319.21124354005 315.197186738253 77.3794237077236 63.629483550787 5.29176071286201 62.0809760093689 6.64149335026741 40.3312777280807 13.7360537648201 3.28202831745148 2.12741431593895 0 4.68991535902023 4.33719038963318 5.66232803463936 0 0.739998877048492 1.52100330591202 15.7154129743576 4.9753780066967 19.918248668313 0 0 0 0 11.6169137656689 0 105.42638912797 1.44025096297264 0 2.07122346758842 0.535066664218903 65.5574622452259 28.1784983277321 105.686259806156 137.307960867882 1.04926908016205 4.21033006906509 55.1179807782173 148.31056407094 10.1958361268044 14.7837595641613 0 0 0.814031004905701 13.7276355326176 15.7920190393925
2.38162994384766 46.6257500052452 14.0506546795368 0 0 0.509678065776825 1.13131466507912 2.63303351402283 8.98030856251717 0 682.344491243362 0 805.798500955105 5.3383347094059 0 0.421407669782639 13.3480057418346 42.8782140910625 46.7098216414452 0 1.50504299998283 15.1977880597115 4.36851724982262 3.90760913491249 233.723419129848 1169.52383929491 1576.5297127068 0.232613354921341 1.34504413604736 1.91628441214561 0 0 0 49.7387548685074 0.425155133008957 13.0000864863396 101.767888903618 104.641743808985 15.3571375608444 1.63169878721237 0 4.73770463466644 0 2.68912041187286 3.0617938041687 0 0 0 0.584108173847198 0 0.687245428562164 0 0 0 0 0 0 0 0 16.7717477679253 0 60.4772961139679 0 0 0 0.613976716995239 9.87780106067657 4.08691096305847 0 0 1.0065495967865 1.32505756616592 0 38.8940019607544 22.5156644880772 23.3870860636234 0 0 0 2.94485348463058 0 0 0.842284679412842 0
17.0997251868248 0 1.32256653904915 0 3509.31575894356 1912.05149891973 14.1283933222294 1475.3101516068 3.76420623064041 7.60146829485893 72.0397287011147 5.30118516087532 19.6339945793152 923.759312421083 86.5219096839428 0 0.529957413673401 3.86677575111389 2.59276393055916 1.20007312297821 5.03392946720123 0 2.63742485642433 5.9901836514473 3.46899330615997 9.00898706912994 1.56409454345703 5.94811773300171 4996.47795286775 9.87508127093315 0 0 1.87968367338181 1207.2773167491 2.55316257476807 71.7675566673279 6.06030321121216 212.550709724426 10.4767856299877 602.84536460042 4302.87015584111 6.39339536428452 0 0 0 0 0 0 0 0 0 0 0 0 0 0 0 0 0 0 0 0.348287612199783 0 0 0 0 0 0 0 0.35076230764389 0 0 2.74781274795532 0.526477873325348 0 0 0.616320490837097 0.694839537143707 0 0 0 0 0 1.13306200504303
179.048502385616 1.1729444861412 32.3299707770348 5.86755836009979 0 11.3310290575027 212.424439698458 31.4741416573524 144.110121816397 32.9787439703941 3.55995866656303 3.00622510910034 1.1256098151207 105.713245719671 0.610608816146851 27.8257498145103 31.0324588119984 0.923055082559586 5.75114142894745 6.03297194838524 120.437880963087 53.7588250637054 137.317599952221 252.365430921316 1.13508003950119 15.6908862292767 33.9950580894947 325.88278850913 10730.7803603113 714.245560348034 0 1.87968367338181 0 650.746110409498 8.14312261343002 400.534088969231 6.88040244579315 295.404163062572 43.8797866106033 15.1509365737438 19.9009925127029 0 4.51994979381561 0 0.527443110942841 2.6654440164566 0 0 0 0 0 0.615868270397186 0 0 0 4.77432045340538 1.93300542235374 2.2461371421814 0 0 1.02955198287964 0 1.23696804046631 0 16.8655086159706 0.794148862361908 0 0 0 1.63284903764725 2.97129225730896 3.54752999544144 18.4074381291866 0 0.967468038201332 3.50421154499054 28.4713940918446 1.22510778903961 2.44324791431427 0 0 0 0 2.31684654951096
551.594420492649 302.390236914158 771.628201007843 23.7168573737144 675.140688508749 760.250733822584 708.947446957231 1154.91115954518 213.655263543129 195.365911781788 8863.70547041297 50.9660322666168 1724.81273308396 2199.82368341088 29.9082155525684 453.694599315524 2530.34896862507 236.472797989845 1297.6703928411 19.1129583716393 3421.98602679372 705.497081190348 4708.08905106783 526.729470670223 246.515706270933 2248.4486745894 2659.19103190303 974.602397024632 3932.886639148 4585.76101332903 49.7387548685074 1207.2773167491 650.746110409498 0 62.2381743788719 1460.40709504485 847.962009578943 14730.8965143859 996.527237385511 289.915475979447 3850.01666361094 663.363909065723 64.6596981287003 24.6510217785835 83.8958560526371 33.9110613465309 4.85555326938629 2.15846234560013 0.570559859275818 4.35960936546326 66.4502097070217 40.7072111964226 0.438198834657669 0 0 11.3696917891502 4.34937289357185 12.8597145676613 0 3.20841938257217 0 21.5056518316269 3.73663377761841 0 64.9104011952877 19.9117123484612 15.7574442028999 15.6158022880554 1.83757400512695 37.9700089991093 56.685415238142 130.501423001289 80.354023963213 34.337465941906 97.4933126568794 283.511483848095 74.2162607610226 9.24396622180939 16.9591395258904 0.984865546226501 0 2.26461601257324 22.4128814935684 22.2364010810852
