0 10.7044802606106 36.7750005125999 59.1754035353661 3.16973984241486 144.748965263367 4008.83670294285 1899.55159413815 164.40080177784 730.907487362623 28.7021522819996 34.6203643679619 7.63202428817749 10127.7748530507 2.75113254785538 22.9651139974594 50.6181346774101 4.71315574645996 18.3371957838535 42.4627545773983 249.94387319684 53.452773630619 227.215666264296 237.064883112907 1.51840615272522 40.8247207999229 77.625424683094 438.726575016975 11977.1708478928 4324.92033186555 0 12.8529796898365 231.095420539379 465.822194606066 41.5981746613979 387.290174484253 20.7817820310593 304.085611283779 74.1279747188091 99.9241490364075 41.775240778923 4.45011502504349 12.1509735584259 0 1.86510014533997 4.83327329158783 8.19116681814194 0 1.50214111804962 2.75351613759995 0.56235259771347 0.86855810880661 0 0 3.79958599805832 41.6924948394299 15.543773829937 18.4069282114506 9.58713459968567 0 3.32938772439957 0 10.4177087545395 0 9.29226955771446 0.92108815908432 0 0 3.53591012954712 8.72155380249023 1.51631823182106 6.66770190000534 72.9032748937607 0 0 15.4072195887566 56.8455117642879 8.397784948349 25.1971580088139 0 0 1.89559507369995 3.56009408831596 5.71029230952263
10.7044802606106 0 846.01607555151 1.58185946941376 0.418838381767273 2.28076577186584 34.9950973987579 6.92036458849907 425.614555984735 3.4719015955925 342.936951369047 8.10878163576126 517.774463623762 16.3483757376671 6.02063664793968 213.798732280731 760.634183824062 53.1936944127083 316.90760949254 1.91273558139801 158.887531667948 3527.26735442877 892.737987548113 306.657324790955 2144.10972476006 1428.2521623075 9628.15646123886 123.524694472551 31.4746532738209 123.542838394642 32.805347442627 0 9.2314073741436 409.663631647825 11.8137784600258 787.71628126502 644.00927990675 817.85860824585 291.38792937994 47.3260872364044 2.17975103855133 0.85785299539566 40.4869849681854 44.8424442410469 43.9917573928833 11.103899538517 5.57499217987061 1.83971500396729 0 0 107.709937036037 120.55039024353 0.821299076080322 0 0 10.6668657362461 1.2063502073288 3.62574234604836 0 5.29898101091385 0 16.6657368540764 2.10710319876671 0.624362707138062 22.6141811907291 69.4990648031235 2.36473095417023 39.8965744972229 0 11.8249717950821 68.1342198848724 62.3671811819077 11.8376263976097 17.237861931324 169.409954726696 592.31526646018 12.2986565828323 1.98656678199768 9.16777864098549 1.05565536022186 0 0 21.4097983837128 4.45656019449234
36.7750005125999 846.01607555151 0 3.3937059044838 0 2.41364052891731 186.718851298094 43.9243187904358 31.7206318974495 15.8360510468483 104.174643546343 0.865244746208191 21.5328214466572 41.6789008378983 0 135.36277192831 3361.90891078115 81.8158657550812 416.157610923052 0.798454940319061 1212.88548099995 373.930102258921 16376.0030832589 84.5504963696003 25.9207420349121 11440.8150826693 14175.1735036671 426.871067851782 53.1646799743176 668.661197423935 8.4755342900753 0.479352355003357 4.7009055018425 657.692512780428 40.5174734294415 1285.05354040861 794.239866942167 1261.9325414598 527.645630002022 56.5537347197533 16.4381328523159 6.8341571688652 79.8730117380619 99.7794391810894 114.911342561245 40.4844934344292 2.46596884727478 3.0740322470665 0 0.739338397979736 92.8095297217369 338.926263511181 0.53684002161026 0 0 21.645767301321 1.84369152784348 6.47701978683472 0 2.28554949164391 0 1.91629475355148 3.35501447319984 0 48.3667865991592 172.338346898556 2.75173622369766 52.5834021866322 0 33.3206449747086 76.0425388514996 198.3492603302 26.6916962563992 2.44553607702255 239.178202539682 1130.78839659691 17.874713331461 3.10375601053238 25.0251478850842 0 0 0.520058870315552 35.8229030072689 11.9208452105522
59.1754035353661 1.58185946941376 3.3937059044838 0 6.32777974009514 215.806596547365 437.64511680603 249.728989511728 665.543917119503 9368.80443194509 6.74784937500954 3288.33992493153 1.57707834243774 188.063725650311 112.625450998545 3.08396705985069 0 0.775036215782166 0 25032.615732044 9.68308943510056 19.2183218598366 10.1933246254921 3240.24737077951 1.12870907783508 1.40411657094955 8.40222054719925 9853.32674789429 227.968546956778 65.5392367243767 0 4.64276084303856 39.0623709559441 67.6328813135624 93.0147245526314 337.190935999155 3.29836052656174 70.4703927636147 27.1694814264774 195.447955012321 16.9214992523193 3.52861541509628 105.176772654057 0 4.62497502565384 0 45.60970890522 0 0 2.86496371030807 0 0 681.716371238232 0 28.6008895039558 99.0446202456951 12.1539037227631 108.611741304398 137.889411091805 0 454.309117436409 0 6.99774593114853 8.62062492966652 0 0 0 0 167.214465141296 1.28909111022949 0.53672593832016 0.713137686252594 155.328271508217 0.771176695823669 0 2.44245040416718 133.971099644899 7.22728461027145 1.07191541790962 0 0 0 7.46126514673233 3.33505761623383
3.16973984241486 0.418838381767273 0 6.32777974009514 0 1128.47205412388 13.2733793854713 425.873775541782 64.8752979040146 10.3488472998142 2.71527826786041 69.5994359850883 1.70942544937134 126.45107075572 3236.72809535265 1.0809885263443 0 0 0 7.98971778154373 0 11.8619512319565 0 41.7272884249687 0 0 3.08755639195442 13.9279810190201 192.70847851038 0.711299896240234 0 1911.59570527077 0 867.319607913494 0.555187106132507 65.8375722169876 2.94850838184357 19.6388137340546 3.89371889829636 5979.69666534662 1819.20969837904 2.2373526096344 0 0 1.16516923904419 1.72337603569031 0 0 2.37085711956024 0 0 0 0.820640981197357 0 0 0 0 0.485122323036194 1.983058989048 0 0 0 0 0 0 0 0 0 0 0 0 0 3.15436220169067 0 0 0 0 0 0.881020247936249 0 0 0 0 1.78232324123383
144.748965263367 2.28076577186584 2.41364052891731 215.806596547365 1128.47205412388 0 2046.27462923527 24869.3552213013 433.009586662054 16757.8111885786 51.439452111721 9013.5583139956 31.8549148440361 1674.62059825659 2070.1772608757 2.88943657279015 1.39547330141068 6.62913620471954 6.72220021486282 815.628468692303 20.8586663305759 13.918256342411 27.3769902586937 389.323795825243 1.22172057628632 15.1237049102783 21.0412642359734 491.393900603056 899.661624580622 150.792772054672 2.03813630342484 2245.93592840433 19.6087462007999 991.79929959774 180.90230602026 545.152094841003 32.5660125613213 214.263945996761 36.9538749754429 3020.68651902676 2008.67461502552 40.4617344141006 14.4973351955414 2.37263476848602 9.23673355579376 5.72306972742081 12.8105419278145 3.9606124162674 2.0533159673214 2.17806279659271 0 0 13.5354635417461 0.745257198810577 3.15005701780319 72.9618377685547 23.9931479990482 35.6481317877769 41.0075709223747 0 14.7931677997112 0 16.8797258734703 2.46080780029297 0.451386600732803 0 0 0 24.1536132693291 0.729744374752045 0 1.15495324134827 99.390416353941 0 0 1.14730322360992 74.8131171762943 3.30673933029175 12.5190623104572 0 0 0 7.43938076496124 1.1501317024231
4008.83670294285 34.9950973987579 186.718851298094 437.64511680603 13.2733793854713 2046.27462923527 0 6752.90339294076 1907.83016332984 17906.6881536543 67.7409289777279 398.876227200031 19.2961410880089 10196.3324891627 96.6917812228203 184.343975812197 76.0760160684586 5.60121005773544 24.5399563610554 551.182561278343 1123.32007849216 359.444706916809 1214.31220895052 5607.42879772186 9.32979342341423 93.8407025039196 367.441868543625 20760.3845579922 4584.04150775075 16753.8239192069 1.986870855093 38.7579083740711 812.795834422112 1149.25809052587 170.606184512377 2504.9922901988 113.355845749378 1210.03680118918 451.577349483967 591.729346245527 190.29860958457 6.4844816327095 126.138363480568 10.2179382443428 36.9604028761387 22.5153329074383 56.1975011825562 6.63488113880157 0.418677181005478 32.3982309997082 2.65817403793335 14.2303237318993 66.192686766386 0 58.7220205664635 420.183169484138 105.995668560266 306.381927639246 232.345228046179 1.35442310571671 46.2070291042328 0.62560361623764 104.223032981157 10.8898141384125 46.7449954748154 7.25314950942993 1.47897362709045 0 77.1600548624992 43.5401359796524 18.4830585420132 56.2817061543465 670.080022126436 1.59435641765594 2.28634655475616 39.2940330207348 524.884475767612 77.8663409948349 152.937784075737 0 0.544341564178467 15.0782684981823 47.5554434359074 16.4328446984291
1899.55159413815 6.92036458849907 43.9243187904358 249.728989511728 425.873775541782 24869.3552213013 6752.90339294076 0 1030.66438359022 8596.6189840734 259.228065878153 2310.07291087508 93.3298761844635 27216.9436551332 998.414152830839 24.6622307896614 36.1868197023869 13.7883913218975 34.6145401895046 626.647255480289 225.394896507263 69.4801760911942 243.800643801689 1090.65881964564 5.51205223798752 82.9234208464622 113.521457254887 1361.9089089632 4713.20968961716 2159.04676601291 6.25765532255173 2086.92302030325 54.4210281074047 2222.69148406386 112.568158358335 1226.54113417864 129.555773049593 725.468753874302 134.377208769321 2749.7953607738 1958.97174489498 65.7333575487137 36.8539237976074 9.21498084068298 15.6068790555 20.377548635006 25.0853047370911 4.70664948225021 11.6713845133781 14.5254610180855 1.85938197374344 3.53811520338058 43.1882615685463 0 20.8892247080803 267.88060772419 59.4685380160809 124.441226512194 120.15226829052 1.16898918151855 24.3457437753677 0 79.077136605978 6.92678156495094 8.40460008382797 0 1.68286061286926 0.570350587368011 39.9342141747475 6.8192703127861 6.30575203895569 14.0568844377995 327.47772693634 1.08337616920471 3.98342561721802 15.572145909071 265.906316131353 37.5229287147522 49.5569640100002 0 0 4.67928752303123 28.2368558049202 15.9326119422913
164.40080177784 425.614555984735 31.7206318974495 665.543917119503 64.8752979040146 433.009586662054 1907.83016332984 1030.66438359022 0 1349.02213263512 26.6077899634838 1395.17078715563 24.1760664284229 586.793338477612 1407.75070530176 95.4428272247314 21.7435045540333 2.51164004206657 5.58810743689537 219.288938343525 124.571597188711 5056.00512549281 174.121959835291 12013.5179066062 84.4397900104523 36.0355862081051 446.359026104212 3425.1716735661 559.883552253246 902.789063572884 1.0208488702774 11.1310718953609 94.4833469986916 227.716424673796 18.5421669781208 575.923490345478 50.7033226191998 182.377999335527 87.0258154273033 1248.51465585828 24.6893670260906 2.79360964894295 167.581909239292 3.48129454255104 32.1845457851887 25.7257683873177 177.82853782177 8.16159754991531 0.728882253170013 22.3961415588856 7.10163822770119 8.41038843989372 113.649061441422 7.14915353059769 56.5786359012127 530.795631140471 128.859786957502 722.130732059479 330.161089777946 2.63093221187592 123.158122718334 0.332870811223984 154.488978654146 35.4777656495571 28.4593510627747 6.06747582554817 0 0.492406636476517 114.283437252045 38.7946908473969 29.9216295182705 48.1811780631542 949.155418127775 1.43426012992859 4.90612173080444 23.4917933046818 698.463210493326 102.998759955168 157.140706300735 0 0 7.4422492980957 73.1178425252438 2.93906125426292
730.907487362623 3.4719015955925 15.8360510468483 9368.80443194509 10.3488472998142 16757.8111885786 17906.6881536543 8596.6189840734 1349.02213263512 0 78.7570223212242 8376.9695520401 21.7934276163578 3542.6899638474 165.032827824354 9.20758262276649 5.21468192338943 6.06801667809486 11.9704197645187 20024.8698490858 64.4033371210098 22.0471218526363 76.1421645283699 2216.20181533694 8.52083224058151 23.7496637701988 34.1995385587215 8889.67864716053 1617.17816928029 324.984657496214 0.528388679027557 30.2056467831135 107.698031842709 530.462095052004 273.584446191788 1276.45356169343 35.7113970518112 516.623097121716 98.0318615138531 646.430743098259 136.570761889219 13.8093786537647 128.25514549017 2.25793361663818 15.2994409799576 8.7163687646389 62.9643513262272 2.95108434557915 0 10.2110643982887 3.7561172246933 3.18954974412918 268.34734621644 3.49087470769882 41.4773459732533 309.900373369455 68.9775966405869 248.827050417662 565.343100726604 0 227.146146416664 1.24055755138397 69.091246008873 13.2625660896301 1.87388864159584 0 0 0.410136252641678 181.87971034646 2.44795939326286 2.11638516187668 3.41927888989449 485.570454418659 0 0.410694032907486 8.32463604211807 354.043037950993 29.8644535243511 16.06561383605 0 0.580208897590637 1.42765122652054 29.8794139325619 5.03870549798012
28.7021522819996 342.936951369047 104.174643546343 6.74784937500954 2.71527826786041 51.439452111721 67.7409289777279 259.228065878153 26.6077899634838 78.7570223212242 0 45.4791955947876 20202.7741543651 529.504191249609 3.17840278148651 7.65973800420761 880.66972976923 9380.60800227523 6191.27734541893 14.6138500273228 82.4747778773308 70.3421300649643 241.90365678072 24.3189278542995 3576.66987100244 11063.5880919695 3414.85015746951 31.1026883125305 455.509768038988 97.3277976214886 1860.1496964097 40.5142856836319 8.38268613815308 10982.2670201957 12.5626811683178 445.002140551805 6991.74932336807 6070.3048261106 272.479019284248 51.1574584841728 19.2160005569458 441.586364746094 10.5178600549698 26.6942807435989 38.1620936393738 2.66617769002914 1.06272459030151 0 29.2104787826538 0 35.7668439745903 4.62424570322037 0 0 0.412441283464432 1.57031935453415 1.60049641132355 0.907592624425888 0 183.686649531126 0 507.927179962397 0.512320518493652 0 0.549497246742249 11.6265032887459 70.7454848885536 51.0391955375671 0 1.20740520954132 1.49147808551788 3.95149800181389 5.5002803504467 426.630352944136 188.118686169386 276.594789654016 3.75955352187157 0 1.3748619556427 25.5928745865822 0 0 9.38655078411102 6.27782303094864
34.6203643679619 8.10878163576126 0.865244746208191 3288.33992493153 69.5994359850883 9013.5583139956 398.876227200031 2310.07291087508 1395.17078715563 8376.9695520401 45.4791955947876 0 1.59064367413521 547.406331241131 2562.21585059166 1.39231014251709 0.538059234619141 7.95206332206726 5.23006784915924 18750.2746230662 2.49195942282677 64.6959966421127 6.96333861351013 1021.94468978047 7.04454970359802 9.6879460811615 12.6020827889442 790.205165356398 417.253241747618 23.4614356160164 1.09919130802155 39.2002564072609 7.03482985496521 184.964686751366 1691.73721918464 466.064884781837 12.8667231798172 142.041810184717 16.0845718085766 2373.73495778441 46.9967003464699 2.2989022731781 45.3064509034157 0 4.94764947891235 0 27.8838424682617 0 0 0 0 0 25.254730463028 3.67450642585754 4.15228676795959 23.3699923455715 3.48000061511993 53.4773704409599 31.7152280807495 0 611.893229305744 0 4.63560253381729 7.43286192417145 0 0 0 0 33.0597413182259 1.31212365627289 0 0 58.6214846670628 0 0 0 37.1516660153866 1.29931235313416 1.70398300886154 0 0 0 1.78846597671509 1.38646030426025
7.63202428817749 517.774463623762 21.5328214466572 1.57707834243774 1.70942544937134 31.8549148440361 19.2961410880089 93.3298761844635 24.1760664284229 21.7934276163578 20202.7741543651 1.59064367413521 0 128.092795997858 1.883116543293 4.23332765698433 58.5380638539791 699.395962268114 213.340112566948 2.66271197795868 6.76125675439835 110.82721555233 38.4509857296944 9.8468309044838 9894.87370052934 3456.38493770361 7021.86823913455 13.9988184869289 87.5184838473797 12.5912419259548 3128.68711128831 12.6450173258781 1.20290166139603 2250.15282082558 42.9336660206318 406.621819853783 4693.84969097376 1848.49558019638 213.188165545464 47.786422342062 310.123682141304 873.107697755098 18.4485103487968 71.4860362112522 93.3502998352051 138.621677398682 3.60947263240814 6.10590308904648 105.281193435192 0 16.2973129451275 2.73643928766251 0 0 1.89834064245224 4.69696086645126 4.20849066972733 2.2741482257843 1.92748367786407 177.724655032158 0 551.317651242018 4.60046809911728 0 0 11.0143749117851 59.4063751995564 41.297779917717 0 0 2.66253426671028 6.15811231732368 1.57048785686493 446.688265234232 167.188469856977 223.109594523907 0 3.91126757860184 0.854946136474609 26.0540056228638 0 0 194.242887556553 18.1499112844467
10127.7748530507 16.3483757376671 41.6789008378983 188.063725650311 126.45107075572 1674.62059825659 10196.3324891627 27216.9436551332 586.793338477612 3542.6899638474 529.504191249609 547.406331241131 128.092795997858 0 95.7529750466347 37.8266142904758 77.8965139389038 41.8245476782322 100.562403529882 308.64818534255 296.375032156706 104.607515186071 307.303949207067 630.919489949942 26.6988666057587 139.755800455809 167.22366514802 1058.3361236155 16250.5544977188 3306.93770283461 8.93629294633865 1862.7240512073 309.182237356901 2793.11476323009 91.5579458773136 1396.28223732114 140.931611388922 1326.87110954523 151.349254995584 1053.56469133496 576.170541137457 67.1608731150627 39.8708075881004 3.41587951779366 16.6182401180267 17.7108879685402 14.5396908819675 2.40959620475769 9.39243352413177 14.4630718231201 0 6.40031218528748 9.64198839664459 0 15.9222954511642 113.277940452099 24.9520626068115 86.4977096319199 34.634479701519 3.57194125652313 14.0571677386761 0.679272592067719 28.409032702446 3.11013406515121 9.26805073022842 0.536460101604462 0 1.33742874860764 14.683355987072 10.0939081907272 6.66864436864853 21.5715519189835 190.47839486599 4.53137320280075 5.19896548986435 9.72717902064323 159.338831454515 29.2508054971695 30.1559304594994 0.977630317211151 0 3.94085505604744 33.6089741885662 11.0002312660217
2.75113254785538 6.02063664793968 0 112.625450998545 3236.72809535265 2070.1772608757 96.6917812228203 998.414152830839 1407.75070530176 165.032827824354 3.17840278148651 2562.21585059166 1.883116543293 95.7529750466347 0 1.27869665622711 0 1.18209707736969 1.57975673675537 98.1427572965622 0 128.713555067778 3.28550839424133 725.827341675758 3.1610518693924 0 15.4247332811356 164.630464106798 49.5322308838367 16.5871743559837 0 49.0968714952469 3.99685800075531 39.627001106739 3.0891939997673 131.672292530537 1.31517660617828 16.71776714921 1.77604800462723 10603.9557317495 182.644899964333 0 12.2312316894531 0 2.02481496334076 0 10.1264361143112 0 0 1.64898777008057 0 0 9.81615126132965 0 2.65244293212891 10.8291536271572 0.507404327392578 33.0200079083443 10.1920300722122 0 6.80459523200989 0 2.83187115192413 0 0.582702338695526 0 0 0 5.32598716020584 0.623596727848053 1.83088171482086 0 27.8298358619213 0 0 1.0363404750824 33.7236201167107 1.95748901367188 2.95230859518051 0 0 0 0 1.53818356990814
22.9651139974594 213.798732280731 135.36277192831 3.08396705985069 1.0809885263443 2.88943657279015 184.343975812197 24.6622307896614 95.4428272247314 9.20758262276649 7.65973800420761 1.39231014251709 4.23332765698433 37.8266142904758 1.27869665622711 0 64.4440663158894 1.35368692874908 9.68034774065018 0 5592.0040372014 5107.54699221253 13918.7006285787 2430.90088915825 15.545461833477 77.3361322283745 9050.02433213592 3311.96329167485 104.992976218462 519.321430653334 0.380221962928772 1.06491422653198 48.6514812707901 709.589916646481 88.668643951416 1995.8761715889 417.005777060986 1052.82312452793 599.772282719612 159.93362057209 21.6576965451241 4.35609400272369 118.585926115513 94.909314006567 110.252624839544 33.6803679168224 14.4902022778988 3.85166257619858 0 8.02098071575165 14.9510434865952 85.4015029370785 0.747210144996643 0.426034241914749 1.08200421929359 74.7093608081341 1.22900366783142 48.1617680490017 0.82240629196167 0.530765950679779 0 1.92615777254105 10.065909832716 0 721.321297466755 33.7237255871296 0 9.83258345723152 0 310.801634907722 331.699997127056 958.59210139513 238.595379859209 0 15.6168848872185 383.313194215298 205.223300248384 13.2791986465454 183.285033792257 0 0 5.12773305177689 83.6887638866901 14.2834725379944
50.6181346774101 760.634183824062 3361.90891078115 0 0 1.39547330141068 76.0760160684586 36.1868197023869 21.7435045540333 5.21468192338943 880.66972976923 0.538059234619141 58.5380638539791 77.8965139389038 0 64.4440663158894 0 508.555088102818 7558.99794045091 2.76954728364944 1633.04156041145 196.842949986458 8323.98953729868 44.4541949927807 85.3832538425922 7906.97006386518 5602.3597637713 158.869449704885 97.9916095733643 1016.99834391475 20.0061035454273 2.06263709068298 18.1016998291016 2113.63119295239 28.3734073638916 694.175728589296 679.975323796272 1555.70333194733 353.915970563889 41.9855709671974 12.1470913290977 9.75355213880539 34.2299932837486 54.3909910917282 59.2377389967442 8.86489391326904 2.38290065526962 1.69216096401215 0 0 80.2018249034882 155.150639086962 0 0 0 4.98051193356514 0 6.56962585449219 0 4.21789267659187 0 7.11831414699554 0.68674498796463 0 18.4104886949062 124.752573817968 2.59420073032379 61.1675839424133 0 13.6595381498337 18.1345320641994 80.7530593276024 14.5704306364059 13.1921095252037 312.149017125368 735.263654828072 17.072175860405 4.48515203595161 12.9363766312599 1.56191569566727 0 0 21.8159982562065 5.91332826018333
4.71315574645996 53.1936944127083 81.8158657550812 0.775036215782166 0 6.62913620471954 5.60121005773544 13.7883913218975 2.51164004206657 6.06801667809486 9380.60800227523 7.95206332206726 699.395962268114 41.8245476782322 1.18209707736969 1.35368692874908 508.555088102818 0 6154.60906031728 2.23664271831512 30.9212175011635 11.0150222182274 100.844236642122 6.47232002019882 506.001040190458 8060.37785992026 919.755707144737 6.86986812949181 39.0166130065918 31.2440762519836 236.313115805387 3.86767679452896 0.89326000213623 756.079337924719 4.30877411365509 154.425636410713 532.633772969246 708.604092508554 77.312729716301 5.13045734167099 1.9264925122261 16.071778178215 0 17.8123553395271 6.67631381750107 4.20364534854889 1.07964527606964 0 0 0 8.82417148351669 5.78178843855858 0 0 0 0.666168987751007 0 0.870561361312866 0 41.3366961479187 0 125.845378398895 0 0 1.59809729456902 5.67843931913376 41.1208995878696 46.8992409408092 0 0 1.3124828338623 4.32711270451546 0 135.913482755423 92.2305367290974 152.144383490086 0.975391507148743 0 0 5.57006216049194 0 0 3.4005178809166 1.55864715576172
18.3371957838535 316.90760949254 416.157610923052 0 0 6.72220021486282 24.5399563610554 34.6145401895046 5.58810743689537 11.9704197645187 6191.27734541893 5.23006784915924 213.340112566948 100.562403529882 1.57975673675537 9.68034774065018 7558.99794045091 6154.60906031728 0 0 242.250439941883 48.8174804449081 783.520383805037 17.3176773488522 428.032323420048 15575.5120201707 3423.09928455949 32.8129867911339 82.7207051217556 187.932096809149 104.813630908728 2.83639252185822 3.82978704571724 2503.24862390757 21.3412849903107 537.658860594034 990.39530685544 2156.44610136747 349.184369713068 22.7267195880413 14.1763298511505 15.8207185268402 28.5072567462921 29.3326353132725 35.8261757493019 2.13157767057419 0.445825755596161 0 1.88168466091156 0.637958824634552 69.4226896762848 10.3393087983131 0 0 0 1.47940677404404 0 1.48781326413155 0 30.5559976696968 0 42.9724263548851 0 0 4.58441823720932 33.4273709058762 18.9231039881706 76.7902736067772 0 3.45224994421005 7.32238841056824 13.2131015062332 1.96924251317978 79.3891935646534 296.627074629068 488.796012490988 2.57122617959976 0 1.67300683259964 4.92934089899063 0 0 8.86913120746613 2.60101974010468
42.4627545773983 1.91273558139801 0.798454940319061 25032.615732044 7.98971778154373 815.628468692303 551.182561278343 626.647255480289 219.288938343525 20024.8698490858 14.6138500273228 18750.2746230662 2.66271197795868 308.64818534255 98.1427572965622 0 2.76954728364944 2.23664271831512 0 0 5.83840930461884 5.61259680986404 2.3413844704628 951.460030078888 0 3.86840704083443 1.49367210268974 2582.37207379937 220.073812961578 22.7429822981358 0 8.45641523599625 11.6745282411575 91.9594174623489 567.298636436462 199.210761338472 4.30101943016052 51.7438020408154 14.4692422747612 196.989397794008 35.2017866969109 2.78539347648621 21.1473627388477 0 0 0 15.6383147835732 0 0 0 0 0 158.061762452126 0 3.72476983070374 34.0869736671448 2.33106863498688 43.3911597132683 29.4270943701267 0 322.59716707468 0 8.87065178155899 1.05755531787872 0.71035772562027 0 0 0 39.6521862149239 0 1.92031732201576 0.555209755897522 72.5628130435944 0 0 0 48.768564760685 3.58362573385239 1.93098402023315 0 0 1.12125599384308 1.65342330932617 0
249.94387319684 158.887531667948 1212.88548099995 9.68308943510056 0 20.8586663305759 1123.32007849216 225.394896507263 124.571597188711 64.4033371210098 82.4747778773308 2.49195942282677 6.76125675439835 296.375032156706 0 5592.0040372014 1633.04156041145 30.9212175011635 242.250439941883 5.83840930461884 0 1242.66988417506 24408.113943696 903.117566466331 16.49020794034 581.429176479578 2397.8184812665 9569.32351624966 618.545315921307 22236.952059865 2.47224828600883 1.88473960757256 179.875764638186 5620.0674470067 217.808035284281 3639.8076441884 478.399222761393 3472.3001024425 1286.40105080605 274.17638745904 38.0700531005859 8.70917651057243 63.6742246747017 63.3979531824589 53.7363648414612 32.9863662421703 5.09276807308197 1.72925209999084 0 8.86958056688309 16.2581530213356 71.3738330602646 1.12618124485016 0 0 63.7072496712208 4.51730805635452 59.370316028595 3.76337838172913 3.63361817598343 0 0 11.676791369915 1.47661930322647 292.403252243996 41.9605397284031 0 8.07333520054817 0 240.610397964716 124.521382600069 344.718781501055 375.850006967783 1.42141449451447 33.5268047451973 284.479205131531 326.931300342083 19.7379671931267 216.982660055161 0 0.461850941181183 10.4801409840584 64.9701300561428 30.0106866657734
53.452773630619 3527.26735442877 373.930102258921 19.2183218598366 11.8619512319565 13.918256342411 359.444706916809 69.4801760911942 5056.00512549281 22.0471218526363 70.3421300649643 64.6959966421127 110.82721555233 104.607515186071 128.713555067778 5107.54699221253 196.842949986458 11.0150222182274 48.8174804449081 5.61259680986404 1242.66988417506 0 3621.11509281397 7445.97574016452 374.86462906003 243.37291431427 7631.09977635741 2300.68134987354 288.364482939243 963.530466735363 4.4224696457386 0 102.306162923574 702.775385141373 80.3850230574608 1498.01376053691 527.887052506208 1082.00692027807 554.106255561113 216.852540642023 18.0717621743679 4.059177339077 90.6081140637398 81.6231468915939 96.1150717735291 45.8753761649132 14.8310434818268 5.20263421535492 0 9.39885187149048 22.0898226499557 122.244120329618 5.68682980537415 0.559146702289581 1.15290731191635 85.5714819431305 10.3315697014332 94.50788885355 5.15730649232864 0.800952911376953 2.66726189851761 2.16480764746666 9.09876787662506 0.932378202676773 476.240347325802 41.1823483407497 3.25529205799103 6.92764747142792 0.577561318874359 242.489026427269 419.314598858356 633.607042491436 303.328691750765 3.71107897162437 35.4693768918514 552.175797343254 271.644630223513 10.6472518444061 149.771174967289 0 0 6.40793192386627 63.3325954973698 17.0039701461792
227.215666264296 892.737987548113 16376.0030832589 10.1933246254921 0 27.3769902586937 1214.31220895052 243.800643801689 174.121959835291 76.1421645283699 241.90365678072 6.96333861351013 38.4509857296944 307.303949207067 3.28550839424133 13918.7006285787 8323.98953729868 100.844236642122 783.520383805037 2.3413844704628 24408.113943696 3621.11509281397 0 1201.13488897681 48.2772465646267 3540.70443585515 24520.1018437147 6614.52965700626 556.509271472692 6408.06922024488 6.85015335679054 4.34237644076347 176.262791156769 5777.03254377842 506.300358086824 8361.19538506866 2369.35598614812 7524.61566224694 3434.25120428205 789.395645797253 113.641444832087 27.6326263546944 346.954482287169 365.884140402079 394.062220394611 123.591201752424 33.1523910164833 6.92057085037231 0 15.6117382347584 100.700788229704 789.42179492116 2.99248415231705 0 3.84450447559357 180.20380833745 11.255561709404 67.9710296690464 4.61608985066414 5.11663302779198 1.39506268501282 2.79832869768143 27.4914503693581 2.40453547239304 1423.6599407196 201.673000007868 2.53294897079468 59.6900678575039 0 425.349648058414 532.153492808342 2610.26496890187 302.87021702528 3.77751830220222 218.41301086545 2595.45484369993 338.545459270477 25.5939409732819 252.030871868134 0 0.6911501288414 6.40148061513901 135.622027873993 118.171636909246
237.064883112907 306.657324790955 84.5504963696003 3240.24737077951 41.7272884249687 389.323795825243 5607.42879772186 1090.65881964564 12013.5179066062 2216.20181533694 24.3189278542995 1021.94468978047 9.8468309044838 630.919489949942 725.827341675758 2430.90088915825 44.4541949927807 6.47232002019882 17.3176773488522 951.460030078888 903.117566466331 7445.97574016452 1201.13488897681 0 45.4833137989044 75.6633559763432 1661.43370395899 31882.1201597154 1114.19345346093 2296.15009006858 1.15590161085129 18.3573464155197 317.553172707558 845.519893050194 80.4880679547787 1917.21626201272 120.89872315526 709.939854264259 318.871598154306 702.300833702087 59.4591653645039 8.39368987083435 287.354694843292 36.9010682106018 124.615631937981 42.7187758088112 163.121742010117 11.20006275177 0 60.2010228633881 7.29935494065285 35.274441421032 146.178042471409 0 82.1742470562458 850.481592088938 182.432342231274 783.841183871031 393.054308861494 1.05083879828453 76.6832609772682 0.369694620370865 230.546753555536 39.282924413681 188.190242677927 16.4253049492836 0 4.91606259346008 144.262374162674 203.666869282722 118.696844369173 270.627981334925 2348.46255090833 1.44059807062149 15.6207349896431 127.868870288134 1590.18269252777 182.155239313841 556.020586043596 0 0.4094198346138 45.687008202076 147.628783911467 20.7949733138084
1.51840615272522 2144.10972476006 25.9207420349121 1.12870907783508 0 1.22172057628632 9.32979342341423 5.51205223798752 84.4397900104523 8.52083224058151 3576.66987100244 7.04454970359802 9894.87370052934 26.6988666057587 3.1610518693924 15.545461833477 85.3832538425922 506.001040190458 428.032323420048 0 16.49020794034 374.86462906003 48.2772465646267 45.4833137989044 0 1669.3057783246 4331.44084197283 17.7259912490845 14.331995844841 15.3326804339886 313.465502560139 0 0.322843879461288 481.042706400156 6.08457136154175 146.556329935789 2057.06047448516 701.431660085917 61.252784371376 4.4986252784729 4.32448244094849 97.8182421326637 12.9275920987129 57.3496101498604 53.3722681999207 12.8817667365074 0 1.03426074981689 34.8866605162621 0 74.6509364247322 12.7140380740166 0 0 0 0 1.11160600185394 0 0 174.966395735741 0 635.963251531124 2.36327862739563 0 0.904611557722092 23.3380352854729 96.6980600953102 102.476519286633 0 2.18125456571579 7.27207309007645 7.18128845095634 0.403102874755859 919.859520256519 384.07882770896 667.805814892054 0 0.756454050540924 1.89787018299103 25.6094161868095 0 0 22.6256292462349 3.08045208454132
40.8247207999229 1428.2521623075 11440.8150826693 1.40411657094955 0 15.1237049102783 93.8407025039196 82.9234208464622 36.0355862081051 23.7496637701988 11063.5880919695 9.6879460811615 3456.38493770361 139.755800455809 0 77.3361322283745 7906.97006386518 8060.37785992026 15575.5120201707 3.86840704083443 581.429176479578 243.37291431427 3540.70443585515 75.6633559763432 1669.3057783246 0 29045.6706146896 202.875816553831 165.386815905571 408.74147734046 2610.92948949337 4.46105980873108 15.1396632194519 3064.34469327331 76.5692502260208 2015.70222580433 2963.21044963598 3883.81264045835 869.545059025288 75.873095870018 40.7557365298271 34.9677321016788 94.3255489468575 158.384092569351 161.397660136223 35.3671220541 10.6760009527206 0 6.24683547019958 3.41032662987709 311.765055567026 159.126721143723 0 0 1.20370197296143 11.4928381145 0.38783386349678 6.58809652924538 0.589825928211212 112.771737068892 0 291.923232525587 2.61282330751419 0 30.1436538994312 220.824252694845 119.234506309032 401.066401332617 0 29.1955726146698 36.1135248541832 126.271078526974 10.5100733041763 380.951839059591 1449.34214743972 2329.63672035933 11.758291810751 2.47208660840988 22.7755814492702 33.7770690917969 0 0 65.9970792531967 33.426396548748
77.625424683094 9628.15646123886 14175.1735036671 8.40222054719925 3.08755639195442 21.0412642359734 367.441868543625 113.521457254887 446.359026104212 34.1995385587215 3414.85015746951 12.6020827889442 7021.86823913455 167.22366514802 15.4247332811356 9050.02433213592 5602.3597637713 919.755707144737 3423.09928455949 1.49367210268974 2397.8184812665 7631.09977635741 24520.1018437147 1661.43370395899 4331.44084197283 29045.6706146896 0 2062.47423428297 270.373905569315 1218.01475742459 1717.6194037497 9.06420633196831 68.4829121828079 4533.01393800974 339.166056513786 8005.45633792877 5617.92582857609 7712.02351337671 3341.52240294218 460.243174016476 92.2925117611885 51.4845129847527 495.000701576471 720.751366823912 671.687037318945 176.419181108475 30.5990462303162 9.05396437644958 2.66138833761215 10.8415638208389 722.291647166014 1620.3299420774 0 0 0.827345997095108 153.512512922287 8.11632427573204 37.2335802316666 1.61819115281105 102.717622548342 0.394691824913025 279.071163952351 18.9315446615219 0.825851023197174 770.581185549498 851.895858854055 123.642976969481 609.513626158237 0 239.79701140523 740.530726581812 2064.02553227544 143.586663872004 485.813924461603 2380.80551889539 7617.89288660884 179.853922873735 21.5820888280869 168.454409509897 23.540311396122 0.616831064224243 5.31988400220871 227.060137122869 131.709441483021
438.726575016975 123.524694472551 426.871067851782 9853.32674789429 13.9279810190201 491.393900603056 20760.3845579922 1361.9089089632 3425.1716735661 8889.67864716053 31.1026883125305 790.205165356398 13.9988184869289 1058.3361236155 164.630464106798 3311.96329167485 158.869449704885 6.86986812949181 32.8129867911339 2582.37207379937 9569.32351624966 2300.68134987354 6614.52965700626 31882.1201597154 17.7259912490845 202.875816553831 2062.47423428297 0 1960.47020041943 9298.17636659741 0.600266575813293 12.7275370955467 617.82291546464 2215.03776937723 235.511306107044 3967.21040412784 303.950914114714 1888.01142174006 746.070486754179 491.331971168518 103.368364393711 5.8493360877037 306.073005795479 38.1277221441269 102.058728784323 51.0514805614948 101.548523694277 12.3511386215687 2.53658509254456 63.5109474956989 20.1083713471889 55.8801495432854 171.991035908461 2.09435713291168 50.2609023451805 689.016119331121 111.740446805954 615.120902091265 266.435593515635 4.91550371050835 71.5619061589241 0.428895175457001 181.792192369699 17.6761755347252 302.585889786482 17.3411051630974 0.484537333250046 8.58352193236351 84.300319314003 373.872173845768 154.375660091639 346.713852137327 1902.70273417234 0 18.2181912064552 193.912103682756 1575.83224484324 173.007528960705 713.457105696201 0 3.99040758609772 34.6351019740105 130.058996796608 41.4783999323845
11977.1708478928 31.4746532738209 53.1646799743176 227.968546956778 192.70847851038 899.661624580622 4584.04150775075 4713.20968961716 559.883552253246 1617.17816928029 455.509768038988 417.253241747618 87.5184838473797 16250.5544977188 49.5322308838367 104.992976218462 97.9916095733643 39.0166130065918 82.7207051217556 220.073812961578 618.545315921307 288.364482939243 556.509271472692 1114.19345346093 14.331995844841 165.386815905571 270.373905569315 1960.47020041943 0 8880.37089455128 11.3868415653706 1751.81931874156 12486.7094053924 4834.78565004468 211.482456743717 2863.18916341662 219.49449300766 2190.55787581205 369.137848079205 928.625465065241 571.642081916332 66.2744213938713 42.5894700288773 8.37223654985428 24.1968755125999 27.4893782734871 7.44487673044205 1.66202664375305 2.9464413523674 7.53535133600235 0.87428879737854 9.95334094762802 9.72875091433525 0 5.95568126440048 120.097719877958 23.9505869746208 105.395431548357 29.3275139033794 1.40805518627167 4.41662427783012 4.03896474838257 42.6701104044914 1.04998934268951 19.900091022253 2.42126303911209 1.8288094997406 2.04177936911583 1.61379861831665 19.8825965821743 4.67968645691872 33.6258820295334 253.586806386709 5.94589459896088 8.79422616958618 41.2362631857395 212.300467014313 17.5161455571651 73.8330081999302 0 0 6.94106495380402 25.6883688569069 20.7950935959816
4324.92033186555 123.542838394642 668.661197423935 65.5392367243767 0.711299896240234 150.792772054672 16753.8239192069 2159.04676601291 902.789063572884 324.984657496214 97.3277976214886 23.4614356160164 12.5912419259548 3306.93770283461 16.5871743559837 519.321430653334 1016.99834391475 31.2440762519836 187.932096809149 22.7429822981358 22236.952059865 963.530466735363 6408.06922024488 2296.15009006858 15.3326804339886 408.74147734046 1218.01475742459 9298.17636659741 8880.37089455128 0 2.55441796779633 14.9370005428791 1360.6147903502 7287.69131016731 261.52279317379 3651.22755673528 309.774766802788 3260.40804934502 1128.16862303019 309.560651153326 101.786232113838 7.84772351384163 123.085391461849 31.568690598011 71.0331461429596 23.9452567100525 15.9167692065239 3.82764130830765 0.595315515995026 23.7310554981232 15.6382273733616 50.1853759288788 8.32555603981018 0 9.66777816414833 208.330188542604 29.6735073029995 212.782223731279 23.4119806885719 0 4.04649662971497 1.02692541480064 62.783907532692 3.94545865058899 141.789920777082 25.1546433269978 0.667483866214752 5.75039088726044 3.88129687309265 141.482871323824 62.4788525998592 173.953561514616 713.729988604784 1.97304660081863 22.6588224172592 159.234095424414 614.783864706755 73.4876758158207 299.978800743818 0 0 19.1844441890717 77.6982435584068 27.9465562701225
0 32.805347442627 8.4755342900753 0 0 2.03813630342484 1.986870855093 6.25765532255173 1.0208488702774 0.528388679027557 1860.1496964097 1.09919130802155 3128.68711128831 8.93629294633865 0 0.380221962928772 20.0061035454273 236.313115805387 104.813630908728 0 2.47224828600883 4.4224696457386 6.85015335679054 1.15590161085129 313.465502560139 2610.92948949337 1717.6194037497 0.600266575813293 11.3868415653706 2.55441796779633 0 2.04647374153137 0 158.001395314932 0.549557566642761 38.0201959013939 237.511793643236 227.211230039597 20.478742480278 1.72872704267502 1.12451004981995 3.36904495954514 2.71353161334991 8.86081552505493 3.45816004276276 0.757158696651459 0 0 0 0 5.84976196289062 0 0 0 0 0 0 0 0 10.1076189279556 0 61.5201518237591 1.60918176174164 0 0 0 13.7348314523697 11.3471785783768 0 0 0 0.628753125667572 0 42.4919196665287 34.6339243650436 51.4438337087631 0 0 0 4.27721172571182 0 0 1.93172484636307 0
12.8529796898365 0 0.479352355003357 4.64276084303856 1911.59570527077 2245.93592840433 38.7579083740711 2086.92302030325 11.1310718953609 30.2056467831135 40.5142856836319 39.2002564072609 12.6450173258781 1862.7240512073 49.0968714952469 1.06491422653198 2.06263709068298 3.86767679452896 2.83639252185822 8.45641523599625 1.88473960757256 0 4.34237644076347 18.3573464155197 0 4.46105980873108 9.06420633196831 12.7275370955467 1751.81931874156 14.9370005428791 2.04647374153137 0 1.53049919009209 2155.95939195156 10.8828613758087 138.710842937231 17.6612855195999 129.015667676926 12.0509938597679 368.313531398773 2629.93459284306 10.0994454622269 0 0 0 3.38993728160858 0 0 0 0 0 0 0 0 0 0.963177889585495 0 0 0.87041038274765 0 0 0.627493917942047 0.907551944255829 0 0.561180472373962 0 0 0 0 0 0 0 3.9522168636322 0 0 0 4.08961182832718 0 0.670470654964447 0 0 0 0 0
231.095420539379 9.2314073741436 4.7009055018425 39.0623709559441 0 19.6087462007999 812.795834422112 54.4210281074047 94.4833469986916 107.698031842709 8.38268613815308 7.03482985496521 1.20290166139603 309.182237356901 3.99685800075531 48.6514812707901 18.1016998291016 0.89326000213623 3.82978704571724 11.6745282411575 179.875764638186 102.306162923574 176.262791156769 317.553172707558 0.322843879461288 15.1396632194519 68.4829121828079 617.82291546464 12486.7094053924 1360.6147903502 0 1.53049919009209 0 1565.56735596061 21.9897519350052 497.538750827312 20.4088869988918 450.03135868907 99.3567525446415 37.1556680798531 28.7590150535107 0.981218934059143 6.73913753032684 2.68646746873856 1.94554871320724 1.05128657817841 2.31110620498657 0 0 0.453195571899414 0 4.51102441549301 0 0 2.14143228530884 16.8986006379128 1.90047419071198 12.3166923522949 2.76713120937347 0.355076044797897 0 1.1754789352417 5.43573006987572 0 8.00699347257614 1.05766606330872 0 0 0 4.72785091400146 2.36767685413361 9.20879623293877 47.6658641993999 0 0 6.65896534919739 51.7594374120235 4.85666573047638 15.3979151248932 0 0 0.458215475082397 8.03906941413879 0.593912839889526
