0 131.428368422473 124.634518586515 87.4613015148226 96.461466055359 66.3849230346159 37.2120571397967 42.9143114930585 71.7480973348333 67.723336450037 106.859489427648 86.6789881720371 117.387978085944 20.9760390342061 79.9547559103282 116.478949583833 122.480172755942 147.378507819667 134.738138136601 81.5031072897144 89.7930763304709 92.5036749468961 108.574877380163 79.3262749441344 181.682070338534 142.316471392744 138.760033761995 84.3754522829525 20.1853345679372 44.1444925201099 0 96.8650937010431 58.3877599833824 71.414878819335 134.367999758206 81.9547317638655 106.76502646534 83.3334453084211 87.8068424700807 66.3744439600678 72.6600020657746 97.2685742752426 159.027258524798 0 163.126566921897 163.673009762969 130.489731537241 0 126.462860107422 159.517131738576 199.148452758789 161.125592983079 0 0 158.321175128069 148.496702475396 169.691365167667 108.76299790338 157.575558888668 0 107.202747073088 0 179.487914149946 0 140.569964877307 174.698623657227 0 0 166.403046648161 159.096250260584 131.959864111068 172.924595865152 130.290471802022 0 0 188.830734165465 146.088300493905 166.722392299156 149.179224769762 0 0 150.021440593929 148.263504513419 156.205887809569
131.428368422473 0 48.6836558571131 115.00422668457 151.143341064453 123.3534638062 116.014611621956 152.093685414154 72.3708839411572 164.176976104948 65.5063722895368 129.177431618486 48.0720329775387 138.26771552376 118.953261794484 70.9132367661792 55.9126791410569 74.6054313574293 59.9327291942012 149.097793579102 88.8687794431976 27.3259720953935 66.8801686612228 84.9541698088776 28.1771739419526 47.9667215032811 33.0506880572918 101.651380021857 130.551228555536 104.65585436167 69.6184688738446 0 121.588191641163 59.832503207537 145.41681836374 75.1160272459432 49.3955982421662 60.6659419590589 66.6952615659579 86.9774821048213 104.596408133003 59.6371803283691 107.763009042323 76.7795528776803 81.8346056508055 99.146742570095 112.328445145108 106.340858459473 0 0 22.3336554972825 68.6715716912337 184.697387695312 0 0 144.043094128188 200.176476798839 124.114150373418 0 98.0032293817288 0 86.1172004399652 145.585842464074 158.301544189453 84.9363439527098 78.8176774275896 145.127832964035 82.6360908835017 0 118.464360594681 39.2624143201088 94.243027762558 142.939645324201 62.6157140861462 71.633703874816 62.7537776346935 152.987567455087 153.669436856844 147.368225614452 98.9830322265625 0 0 84.010198607852 153.398721744211
124.634518586515 48.6836558571131 0 155.433110283426 0 129.982505946443 108.213686247049 142.444025467628 110.336540422786 139.92563521121 95.4946584461799 217.74267578125 102.423940335933 122.530333639331 0 96.8483495587526 43.9823870260919 91.4434161137557 67.6073180789197 147.907165527344 70.0584746771572 65.1791733936305 35.2713254092832 111.878228623567 86.427057314324 35.0697242341 41.7296152531273 88.1172431538268 116.174421491973 81.6389575039992 103.886889618522 168.261764526367 100.034040083108 60.4282405655849 139.435765071939 77.240484631752 54.2866997265861 62.5264904630776 67.4372312819374 89.9975795259762 92.5702181959963 98.8813613754244 130.947153655992 105.138348938842 118.750554172646 125.270416243823 149.176730796249 145.274173139865 0 153.006927490234 66.967846517282 100.543016404226 184.339981079102 0 0 169.850753213777 209.268140339594 140.433751542511 0 173.051226197574 0 142.335945028642 187.169807476717 0 125.658417191104 112.651050699524 142.843966863759 123.25160895617 0 139.455966576395 80.2518795338436 123.004966908691 160.477196615855 147.481834338264 110.831275770435 98.8902352456252 164.401706468243 187.756707954646 158.036528593659 0 0 194.703048706055 118.548229000091 156.745326494226
87.4613015148226 115.00422668457 155.433110283426 0 103.198708485743 68.987212526106 56.2062014346884 91.9012787251522 59.3431779065811 17.2078445099058 144.87209953567 37.197035491535 157.336798312194 100.727498945125 68.4576186245939 90.2268138792329 0 202.452270507812 0 12.7799160772359 132.168100853878 116.783914725762 127.454874026013 26.9921331087296 188.276901245117 169.219980838746 146.135796404455 20.9148674629209 93.2066505176377 95.8281597091578 0 152.375590439109 86.6691542877667 100.608533351882 51.2720682205973 82.8189380738436 130.965226486396 101.166896575855 99.6855142169564 68.9574910365353 100.048889695957 137.422076423612 100.377177533412 0 168.195529034947 0 106.466792906295 0 0 157.712990946092 0 0 22.1015058852589 0 134.824418267561 147.101555377351 155.442067407901 95.0877993419781 109.661445999774 0 20.8251301873538 0 145.562150568781 115.223873268895 0 0 0 0 38.3801258027523 172.443725585938 195.300598144531 196.723281860352 124.03812707954 200.145416259766 0 162.573879909229 133.067252085596 164.759044500912 156.681292238134 0 0 0 151.549731046293 190.271824726725
96.461466055359 151.143341064453 0 103.198708485743 0 16.5765112511136 117.415667788797 32.8876508699587 58.3840017661295 115.503388573584 75.5425448737101 59.9519421551357 54.6247476856319 43.9459131589154 16.8869887089735 130.112784339267 0 0 0 99.0302069796553 0 101.971688806413 0 75.5485051475239 0 0 156.912529085295 115.270140579158 31.751193119653 148.424270629883 0 10.9032142966215 0 15.7568041114755 118.267517089844 72.4689446925345 63.0493525545981 47.217961824853 63.5177417956249 14.0688866783003 11.0216604571732 72.9707028336832 0 0 88.7262115478516 91.0975799560547 0 0 78.5045521667837 0 0 0 101.51016998291 0 0 0 0 204.951385498047 178.862476845016 0 0 0 0 0 0 0 0 0 0 0 0 0 171.522941210922 0 0 0 0 0 172.287216186523 0 0 0 0 110.843154907227
66.3849230346159 123.3534638062 129.982505946443 68.987212526106 16.5765112511136 0 58.1518237938894 22.1042459019199 67.0694617660055 28.1782542502362 84.338066321749 27.7201148604811 80.3643625115427 49.7697614228688 22.9859461405062 135.071651391829 166.246920787557 107.671623337655 121.933340195395 50.9061436510733 120.964541416748 100.526281928389 135.131223999257 71.9802906595432 145.254540528441 144.043260700831 147.446021731711 79.4195314095403 50.7854854711139 95.9237184562243 155.225108554918 15.651933514322 106.538437827269 33.5124221352626 46.2432798566261 73.8595509277756 81.5370243746719 66.9299980581777 63.8118762862638 25.0680198539527 19.2988174010277 66.931835512495 128.8709485493 109.578286155635 168.444899823278 155.70291075627 131.144166532794 148.3535640152 113.027792092318 203.610969103803 0 0 164.487486968836 144.332778930664 172.22794436275 154.260696383838 168.998500267273 110.542177510925 161.674130616989 0 118.957732974703 0 173.431039982712 138.862418438646 191.86067199707 0 0 0 157.950825972416 170.871994018555 0 195.906411822172 138.601097692566 0 0 208.029799667366 155.588804983034 209.106840856701 169.046464027437 0 0 0 203.717937273354 145.333595409672
37.2120571397967 116.014611621956 108.213686247049 56.2062014346884 117.415667788797 58.1518237938894 0 61.2523187618721 60.5151566644342 29.389046487446 133.478574497827 60.1562010796857 137.334418425822 39.4295789950141 84.5629348445564 93.7209768412646 118.176888457207 161.267851926884 141.062435613221 40.0940861196368 70.6403208834068 77.8702658811149 88.5202710570222 53.3521735331623 153.144993897052 133.638931822117 115.32683885875 39.6279548102669 67.7338623720946 26.5117998021142 171.855820789113 122.567241164993 69.9953079401349 80.7625521429346 141.715245107804 81.4271904721662 101.985797070961 86.5019635565343 82.2659605846133 79.2568968146477 91.8701264060577 123.66776889591 122.444375221651 152.041690579305 162.114783209586 154.682731190793 130.901646032754 169.19934020979 100.485496520996 154.741993908875 130.914464223789 153.490627273708 142.386552888001 0 161.947568664883 138.27945681768 157.090082985739 87.5663547876059 147.326264461848 211.949618064145 130.324289112337 217.604858398438 161.680893588679 125.301323851612 144.089681190419 183.242536504244 201.983963012695 0 143.690366577469 145.685337821063 140.557199014095 153.599979814787 119.659853527075 160.274061325191 191.0954252011 164.163767743081 132.629913802483 162.002619468464 141.358699922692 0 204.975738525391 151.168442298854 153.694187796163 181.220607292876
42.9143114930585 152.093685414154 142.444025467628 91.9012787251522 32.8876508699587 22.1042459019199 61.2523187618721 0 77.0037378235586 43.0166716193673 88.2944465922592 57.8439499733285 81.8168368226078 26.3345568223283 37.0802493606434 131.536279052356 140.548352523949 112.121882353965 120.719326691402 78.2195414969904 104.189634668426 110.833599083156 124.622009329582 83.291828533302 137.757848245308 139.924482253695 148.878293209829 90.5919409032828 42.6413394697331 77.373788541418 128.723904138612 28.4796208960981 90.7330241035967 47.3718296494521 114.571466890527 78.0980084509482 90.9372926395999 67.8086127488859 83.1605142748524 36.637421222205 29.511480269016 68.9906420812898 150.498878223262 129.750730708244 177.648250413928 134.287854346214 155.13144040088 165.252036830627 82.3694843127596 167.91219259426 180.249092717465 198.133352030839 161.131536800036 0 172.496713824775 155.132095898718 175.344348602553 108.167224483498 161.18432012305 242.432510375977 122.557859702917 0 177.504618752216 155.274950227513 169.721839028949 0 130.228668212891 209.412445068359 157.156535230249 174.826485715349 144.410458766264 189.033339124497 139.837695367641 132.483489990234 181.20292217785 182.196164510179 155.571163826133 183.476472994528 164.737296623731 0 0 166.523963795206 151.457599140746 158.71887471514
71.7480973348333 72.3708839411572 110.336540422786 59.3431779065811 58.3840017661295 67.0694617660055 60.5151566644342 77.0037378235586 0 71.4051254216996 133.732262760635 23.805791197546 127.513796833788 82.2722521938329 28.9513379318296 73.8339326991874 122.910849611835 157.935232846241 150.248172133199 61.3362791487123 80.4962997287295 31.4128414117544 96.4590031775622 25.6758422220839 108.656773577374 129.680908132636 92.1038181517291 53.8029727161268 81.2351411710001 61.1562172669725 147.674118041992 123.270489822595 64.473398282301 78.4232890455289 118.825231398768 58.5075822761622 89.6835732640577 92.8397350845741 86.640631782255 25.9621698962942 94.2011296139658 119.123396054051 69.9526972101413 132.639205734229 122.663486400552 109.952515664683 57.9666433809142 122.702548683515 189.149459838867 97.8733578649843 87.0272707963263 126.087033734712 90.210160191353 97.0537528606146 107.75208923729 89.7900085450807 101.26135448503 30.0938330322632 95.3548496436821 191.386526090299 63.0976785268206 122.181274414062 113.300920744674 70.9032721015485 107.358224396871 145.237567498967 0 142.582107543945 92.1099249351855 98.991161405336 83.9953402462492 120.537828855351 69.4008220414661 98.1242141723633 159.291598709869 132.867165277347 86.9721505956267 114.998558093892 89.5134804811306 0 0 111.085164386147 100.972954467685 156.156011131783
67.723336450037 164.176976104948 139.92563521121 17.2078445099058 115.503388573584 28.1782542502362 29.389046487446 43.0166716193673 71.4051254216996 0 135.520689760493 32.2130955827275 135.815188244724 61.3076696048013 77.3108071672572 138.453188115586 150.288195630759 150.235680936084 158.096256257825 14.3851828184065 116.172956387073 111.620987033455 130.846503694927 60.2425600168455 170.262384426637 166.197580125244 172.150384899829 29.3130420388309 93.9394045799175 94.1203519525075 209.095306396484 121.232750206686 97.4787052093043 101.617091427064 58.0252654517207 96.242170415773 145.407527433352 99.5908049216511 101.012121470949 78.2601169220139 98.3359917471952 131.817643924544 100.739494748182 183.705695200434 175.588484864117 189.168223204083 118.341055080705 181.413942551753 0 177.756122115393 148.236389674986 191.38511684287 59.5982183156461 147.979168146192 161.421160286547 151.767917254934 171.020369491778 102.68122157536 69.4010154236978 0 51.1269356700552 208.640090942383 176.167696305081 144.333837782678 172.942506154075 0 0 241.916473388672 89.0613851203017 209.148617958842 171.961574209037 196.625569596171 132.627620781519 0 211.330368041992 200.68633643621 151.346855910435 176.662317474105 161.867662646019 0 220.715621948242 183.064419059808 165.16840688157 188.239748775422
106.859489427648 65.5063722895368 95.4946584461799 144.87209953567 75.5425448737101 84.338066321749 133.478574497827 88.2944465922592 133.732262760635 135.520689760493 0 124.106335818558 20.4913925558074 81.5980066606009 95.9073429409281 145.470902099123 59.2878059574997 21.7333077533529 29.4535458471318 143.508805988762 103.476715637249 110.884623466885 91.8658150444998 143.034741156874 32.8508313325004 34.9294421300004 62.9053822835401 138.35752469942 72.1994263808792 124.58118008069 35.5582995661492 67.170833870046 94.6731177159317 25.3498253871287 127.582413266684 85.1858939997249 28.4277257874047 34.0470089451521 58.5577954946895 74.2158480447428 52.3481550900466 20.3843356241769 161.797386948306 107.03812660558 95.5730755530495 137.524454731551 146.722518920898 0 46.3294221127964 0 82.6446282722641 147.090738678394 0 0 235.104217529297 179.674311827637 216.476028442383 162.005075689602 0 82.0337462907377 0 67.51051854855 168.345245361328 0 184.622192382812 141.371409777041 99.4803566934297 117.968393329351 0 180.272282779687 115.491955102627 172.642541723658 209.483882732725 53.5013434049467 110.09181194553 110.943445925944 217.024583961653 0 193.356622288719 102.022458032544 0 0 104.568500408074 153.834451788923
86.6789881720371 129.177431618486 217.74267578125 37.197035491535 59.9519421551357 27.7201148604811 60.1562010796857 57.8439499733285 23.805791197546 32.2130955827275 124.106335818558 0 160.641494763521 86.6930506078099 19.9831577166273 88.4594345092773 244.623687744141 141.10606204963 162.02617228759 13.3139941257837 137.583730046342 75.3694233671188 171.001540215018 30.6916772058165 159.418549646793 164.583590367578 164.074183333732 53.4441426531772 95.2163940291146 112.524112112004 160.571762084961 110.542635825414 113.678658355477 95.9024485187976 13.8733982894416 74.1105700872601 124.558724076333 99.8723283572164 99.5245359849149 24.6146545253164 87.9446891049385 122.21950902246 69.4950528079058 0 169.433395587045 0 77.7310457340769 0 0 0 0 0 72.6663324642601 129.470510472605 143.375508674679 136.117286557882 165.763092194461 66.6988534788502 137.361971628424 0 11.54861015273 0 174.702852003683 77.0687323398581 0 0 0 0 50.1290807368518 118.95527116556 0 0 110.527633535012 0 0 0 126.35565612846 172.021362304688 147.405233523931 0 0 0 177.054946899414 180.724746286066
117.387978085944 48.0720329775387 102.423940335933 157.336798312194 54.6247476856319 80.3643625115427 137.334418425822 81.8168368226078 127.513796833788 135.815188244724 20.4913925558074 160.641494763521 0 88.1168878014303 80.6474453760312 137.311782786042 84.0130297616268 45.0797679811707 61.7991888881151 124.567127244519 114.12885188074 89.6838813403759 115.901713466046 138.668801718532 16.5583860119273 25.9244589722369 28.2132326274958 138.354852714953 80.2003373839358 135.950817212261 14.9141461603993 71.7594895306732 127.548240257925 28.6890972290776 91.8968719811491 43.9287953618846 21.1699047985856 37.1331609516495 35.5211430057239 43.4278199364445 19.969639207224 11.4386002604468 76.8988823218825 59.6591541073202 50.1126063284307 30.9890113275658 58.1187817322991 31.9976513453168 28.0024410639603 0 61.3250846294653 148.123133032513 0 0 112.933402995375 164.591385547153 71.395089222943 152.810910149646 122.758934020996 70.7742493310687 0 58.4298880200335 135.179133027379 0 0 127.577180490253 86.9754262407925 101.821416194416 0 0 107.486417383231 169.698209617456 162.788213252967 45.3489664573451 96.0042910988056 96.4456097173332 0 84.7733555239153 153.473403930664 92.9781819170316 0 0 14.1051026714464 118.635404019978
20.9760390342061 138.26771552376 122.530333639331 100.727498945125 43.9459131589154 49.7697614228688 39.4295789950141 26.3345568223283 82.2722521938329 61.3076696048013 81.5980066606009 86.6930506078099 88.1168878014303 0 65.2929237041381 121.709406012985 128.149873717022 114.012691756414 110.696021426428 91.6186512832804 100.113884127468 103.172063204534 118.154631337983 88.568148351352 102.744460800059 127.669547595277 140.547964867621 93.3896517647716 32.0399569001 68.199754443076 126.529141776251 27.0069202633937 58.9411633184676 51.993910059916 128.185769800512 75.7630236061177 92.4847643290352 64.9544531727863 84.8132222327541 48.2429566860821 43.1024640316634 71.6567675470007 152.285923848745 176.937411665256 160.327909331357 120.782522495279 162.200805282686 179.004048367928 85.8321971120779 183.433455775917 0 184.371547669255 148.647867772616 0 179.689572894279 156.601487923731 191.021231270953 110.530668245325 166.581304104034 174.80279783832 152.318979470859 194.803207397461 184.134478133979 148.928077496239 162.788204741774 239.26220703125 0 155.595837355448 158.362359840643 200.915982101572 139.910141896607 184.330889727373 140.282166859869 127.63800733655 190.472745836151 176.722751037396 155.835874000897 173.195912273725 163.565044379652 176.928985595703 0 178.655181973944 149.493952023165 160.802913055309
79.9547559103282 118.953261794484 0 68.4576186245939 16.8869887089735 22.9859461405062 84.5629348445564 37.0802493606434 28.9513379318296 77.3108071672572 95.9073429409281 19.9831577166273 80.6474453760312 65.2929237041381 0 111.535900443663 0 152.282241821289 202.6806640625 64.5541076859832 0 75.1273482036541 133.863394163021 46.8349059479214 145.346588960832 0 132.966635828617 81.8915191025493 68.1896250573712 105.873975476533 0 42.9103664432376 86.6730780516908 53.6544129229196 105.07467352355 46.8425658515161 102.463905334473 95.6255008071571 116.935772688225 11.9892086120531 23.9139452375691 0 87.4070742674503 0 168.934601994516 0 76.0073830682863 0 0 137.557907104492 0 0 115.427135134482 0 120.911782886387 124.045662386606 132.232345581055 70.6079994202156 136.995201759638 0 102.070580349766 0 167.917524571916 0 159.648956298828 0 0 0 121.193971697925 185.76091003418 79.4737409984923 0 121.173648371936 0 0 149.536437988281 129.95165765894 154.85494559745 125.832909942938 0 0 0 0 238.995071411133
116.478949583833 70.9132367661792 96.8483495587526 90.2268138792329 130.112784339267 135.071651391829 93.7209768412646 131.536279052356 73.8339326991874 138.453188115586 145.470902099123 88.4594345092773 137.311782786042 121.709406012985 111.535900443663 0 108.954160374341 149.781167740642 129.801039662644 0 24.2446089627716 32.0985575864958 19.6821419815911 37.5327642447291 110.420071699797 119.059124939299 33.9936628944583 38.9544152634462 100.062234070444 82.9704225014193 153.504959106445 193.325241088867 78.2867848133188 67.4166796091287 142.360246366833 73.6065171246252 58.4314390235586 77.9846762508616 78.7806401591317 89.456975247554 94.4274434450411 118.427496428799 120.224897909398 96.1475804251741 116.545403598112 129.682594577299 129.029761679292 158.592344368614 0 130.951190821079 125.402865116517 120.941915151673 140.443557739258 187.678497314453 170.638693650315 142.332634121655 158.435302734375 99.2074307522614 185.39128112793 180.327651977539 0 196.016276411208 161.53012329862 0 99.5006605762897 142.254746634942 0 158.920088900349 0 112.071054741511 51.34664921194 107.154613091116 110.127204080372 0 152.46655863555 115.598301315618 117.46612864807 152.873382062054 122.089652009668 0 0 128.660148395416 116.943265386682 175.154039541383
122.480172755942 55.9126791410569 43.9823870260919 0 0 166.246920787557 118.176888457207 140.548352523949 122.910849611835 150.288195630759 59.2878059574997 244.623687744141 84.0130297616268 128.149873717022 0 108.954160374341 0 59.4642739875961 26.7622281444623 178.721468259216 58.3741870943188 81.5145073868227 34.8426162126611 136.843906514441 73.5959490099484 36.9229626233356 69.4909454717578 112.86241345896 119.304983037466 79.7767002460129 95.9134029075593 89.1162261962891 106.89182670599 43.9693582579524 151.105581752131 83.5061150700302 57.5188854071633 56.535196942623 67.3791842877648 94.8598716203931 116.179187509691 77.5731060362214 137.912580936013 113.663497991096 126.400198307366 121.446116585931 135.353694085238 138.420320083642 0 0 75.0239807230185 109.163819196784 0 0 0 188.182715522731 0 142.121590287285 0 119.98547084958 0 126.906746957156 196.827239990234 0 154.029739298693 117.718295111459 140.801097422255 126.299957515132 0 151.350081496693 104.816387604425 140.363927065762 160.897808822732 100.532580169194 111.752413495404 107.513204899456 181.411678796508 191.566315554979 173.508840998708 125.705538640672 0 0 128.006697052808 171.339897214532
147.378507819667 74.6054313574293 91.4434161137557 202.452270507812 0 107.671623337655 161.267851926884 112.121882353965 157.935232846241 150.235680936084 21.7333077533529 141.10606204963 45.0797679811707 114.012691756414 152.282241821289 149.781167740642 59.4642739875961 0 21.3802782109345 184.192275309463 117.543857266916 118.74737270873 99.87717959815 166.608429023213 47.1545039220637 27.859656777766 68.9412586391862 168.894788047697 97.3835934288493 131.531607197498 49.880850147692 109.084802442516 116.721939086914 56.1690840695249 162.244368653423 96.3517904684697 52.8357123318683 59.1299067086941 72.5699648865116 100.115381759871 75.7248372053578 56.9281580536375 0 112.145579777385 126.942730982957 119.163511042559 245.577163696289 0 0 0 84.8953452132956 159.294804601402 0 0 0 171.19792175293 0 182.525680541992 0 96.470004274431 0 86.157984726074 0 0 150.686203331341 141.390028336238 106.347059673817 119.086749127364 0 0 174.107923923919 165.845505988492 0 63.4394386943806 108.048753270346 104.118830693526 244.739105224609 0 0 112.003739404327 0 0 121.29004250891 173.739886000955
134.738138136601 59.9327291942012 67.6073180789197 0 0 121.933340195395 141.062435613221 120.719326691402 150.248172133199 158.096256257825 29.4535458471318 162.02617228759 61.7991888881151 110.696021426428 202.6806640625 129.801039662644 26.7622281444623 21.3802782109345 0 0 90.8959601910194 96.8829371026698 76.1324347783689 148.181097756936 49.9537298855235 28.9352134152276 66.241120046086 130.100364202843 107.078671247432 106.854347260655 68.822382821014 85.3248929048947 112.705495297724 46.8173949912562 147.120121188723 88.1576570284921 55.5483712700678 54.32398203301 64.2203445978049 97.5187145472579 84.2612721687539 64.9499234173586 140.895185421407 111.979403154963 120.33373081316 157.673207373099 192.032119750977 0 100.067329406738 231.345581054688 71.250178812884 141.342235716903 0 0 0 184.313411582146 0 133.290337635494 0 113.203758853946 0 92.7548534413779 0 0 162.857019973383 125.869186458864 112.019086259411 111.822532734914 0 152.277410167602 115.356569711618 146.791594301994 160.419020214926 67.305296347337 104.019581047103 103.661379618204 185.213216240686 0 205.399383092278 119.727984261539 0 0 120.426549156854 142.60400405238
81.5031072897144 149.097793579102 147.907165527344 12.7799160772359 99.0302069796553 50.9061436510733 40.0940861196368 78.2195414969904 61.3362791487123 14.3851828184065 143.508805988762 13.3139941257837 124.567127244519 91.6186512832804 64.5541076859832 0 178.721468259216 184.192275309463 0 0 147.274161608312 137.572114427319 143.508727198207 29.3312945696871 0 186.851278891788 156.275236381202 32.7866443008806 99.3378480083519 115.017431372725 0 124.95786783627 91.8599530861789 106.726403241046 18.5968553021745 90.613764743814 150.044305821114 107.417697587143 92.3449838858104 69.5182661368879 107.966191562273 126.79853548288 100.518653864394 0 0 0 108.636981620573 0 0 0 0 0 27.6825831841984 0 173.597174974998 146.390708862517 181.033083635765 98.5959839319611 152.054402298958 0 13.1598385854138 0 163.800012918894 121.545356750488 151.65625 0 0 0 66.1793230405259 0 136.814136605151 166.415679931641 124.428808342906 0 0 0 140.925023525308 176.503400115539 191.473442318941 0 0 132.177322387695 206.119659423828 0
89.7930763304709 88.8687794431976 70.0584746771572 132.168100853878 0 120.964541416748 70.6403208834068 104.189634668426 80.4962997287295 116.172956387073 103.476715637249 137.583730046342 114.12885188074 100.113884127468 0 24.2446089627716 58.3741870943188 117.543857266916 90.8959601910194 147.274161608312 0 61.2024027658392 36.2297990059497 53.1143418287267 127.904348479068 95.9126861113651 83.5597258898089 27.6833440703946 87.5066929577111 26.1885223940618 121.921982368251 146.640517366288 76.3376983096728 40.0058166550885 136.946747042917 68.797742099276 66.4521309725353 63.681559636141 69.6862689637518 79.7128590301784 84.390198759598 102.402764974469 136.358837527377 120.574876021054 142.72869545334 143.401176723535 150.051888057406 120.747193967524 0 142.948751666398 123.707443063153 135.288116174464 180.026183872833 0 0 145.935654433752 176.923915949229 92.8727360170694 195.571147029812 187.937837588303 0 0 182.192590414808 140.580030465928 116.452733575867 151.16697930717 0 163.679134399042 0 121.314932407543 86.8972206724557 124.836347665511 117.63480753172 141.661514282227 161.159324171627 130.37651709013 121.659591328594 147.882913590288 126.880206341815 0 181.297134399414 120.20310186229 125.131336498946 156.399364347558
92.5036749468961 27.3259720953935 65.1791733936305 116.783914725762 101.971688806413 100.526281928389 77.8702658811149 110.833599083156 31.4128414117544 111.620987033455 110.884623466885 75.3694233671188 89.6838813403759 103.172063204534 75.1273482036541 32.0985575864958 81.5145073868227 118.74737270873 96.8829371026698 137.572114427319 61.2024027658392 0 53.3863976374489 33.8382861004368 69.1507798070593 89.0358378178868 38.0485198996797 58.1651401631381 86.9132734442153 67.8430392032453 99.9255026095975 0 63.5554862900148 56.5166603583412 132.873993988395 65.2904886941698 50.6653576724627 64.4052640703651 65.266672753161 72.7075063616645 86.406925029901 96.1793165541686 100.747673386259 64.5841241782544 84.4679654870767 104.24918575268 108.522158672749 120.111646989126 0 104.14225143258 64.7964381091034 84.0299741978517 148.548992547556 127.859931945801 127.604070616649 119.241453922053 156.760016525454 49.798831276269 148.309660964234 155.653900146484 146.410423411593 129.141759630007 120.702724766504 115.939009862894 61.2720552666868 107.826884905155 135.471477257131 132.866497400476 163.446136474609 80.9276610384899 22.4513268350452 74.6518437636405 77.2198484770474 100.619826638706 123.902230060815 72.5079961253702 93.9091498436537 114.032224278409 89.8618718926053 0 0 96.5867111284484 81.4719337310486 140.104898348869
108.574877380163 66.8801686612228 35.2713254092832 127.454874026013 0 135.131223999257 88.5202710570222 124.622009329582 96.4590031775622 130.846503694927 91.8658150444998 171.001540215018 115.901713466046 118.154631337983 133.863394163021 19.6821419815911 34.8426162126611 99.87717959815 76.1324347783689 143.508727198207 36.2297990059497 53.3863976374489 0 66.959588502857 109.520593602825 69.9818997935412 44.9146273908228 49.7617103482266 102.755414970841 64.0742957359152 121.623475342062 171.636469735985 85.5969444814007 49.2549143360356 136.853126206828 68.659509034191 52.9932235750604 60.9346603166733 66.015052349063 79.995546174273 80.6567525030635 98.5178354392202 129.505927372574 102.105012934425 120.488168749428 124.63684036094 137.23179554805 134.873492475641 0 171.041078044085 95.5504316716112 109.710494478855 175.660255968612 0 204.095493561091 153.438195090409 182.704358602972 106.55881913646 196.132781340684 175.037645657086 202.284424557401 146.739215487544 184.593952267087 145.236490616435 99.7421993137209 131.611712709237 178.125781644534 155.332286154252 0 122.150115272489 69.8509136320731 108.118317659293 127.594560429754 133.704133953952 139.245931311218 106.541327116761 137.532547262785 166.821838486152 135.489980188788 0 209.419052124023 136.954685519398 120.199200757631 155.1142480135
79.3262749441344 84.9541698088776 111.878228623567 26.9921331087296 75.5485051475239 71.9802906595432 53.3521735331623 83.291828533302 25.6758422220839 60.2425600168455 143.034741156874 30.6916772058165 138.668801718532 88.568148351352 46.8349059479214 37.5327642447291 136.843906514441 166.608429023213 148.181097756936 29.3312945696871 53.1143418287267 33.8382861004368 66.959588502857 0 116.487846090783 134.02401609834 76.6282481153474 24.0078457766089 83.0578504139083 67.7496045479365 158.165082516148 125.21066429938 71.9459308493791 72.1549992050699 143.677615603041 72.3968433070649 88.9745967639832 86.8804630392305 86.8214884230952 50.4220272399538 92.7664640997411 124.376251856063 104.647779482433 126.866886982777 138.633581936326 135.231180131215 99.5220317136901 140.002399372349 0 127.351289806177 127.701101561465 139.157741447153 118.826399867197 0 133.574217596268 116.995239384032 136.41426293342 66.7747193768883 124.495076529298 197.014893244654 99.2890271773705 170.539169311523 142.534061798565 109.962679674197 111.865869640319 156.490534613767 0 194.721634563343 122.44564082904 117.173580664439 80.6065312255783 125.028545764609 87.1350568454872 129.904827429344 187.98226315911 141.417175238915 111.640889523208 136.651126429855 117.416111445033 0 195.294158935547 122.542028370889 125.462822293239 185.931309446224
181.682070338534 28.1771739419526 86.427057314324 188.276901245117 0 145.254540528441 153.144993897052 137.757848245308 108.656773577374 170.262384426637 32.8508313325004 159.418549646793 16.5583860119273 102.744460800059 145.346588960832 110.420071699797 73.5959490099484 47.1545039220637 49.9537298855235 0 127.904348479068 69.1507798070593 109.520593602825 116.487846090783 0 43.6693334902854 34.2082844369518 131.262496787846 107.808920450587 136.793778139948 48.2283675867342 0 149.1728515625 50.39287299449 134.552932553427 90.4608231736925 22.6776292987771 52.2279785448616 74.4922940383806 92.8507625845068 61.334322899068 22.75589669218 110.728037028454 73.4326409794471 79.6827113663568 63.3964192906184 0 21.393871307373 24.3626807368023 0 36.1748460369459 114.076410136291 0 0 0 0 66.6309509277344 0 0 55.7021324815978 0 37.2238264900641 92.0615009849496 0 227.718170757888 93.8765916636938 66.6691403994495 75.8856358909906 0 123.557826280504 80.6879949262221 122.224336640391 154.061859130859 18.2066701204625 67.3307188546822 66.398679297412 0 126.193710327148 174.721978258536 69.0274779601183 0 0 63.023156334512 146.774163661408
142.316471392744 47.9667215032811 35.0697242341 169.219980838746 0 144.043260700831 133.638931822117 139.924482253695 129.680908132636 166.197580125244 34.9294421300004 164.583590367578 25.9244589722369 127.669547595277 0 119.059124939299 36.9229626233356 27.859656777766 28.9352134152276 186.851278891788 95.9126861113651 89.0358378178868 69.9818997935412 134.02401609834 43.6693334902854 0 36.5425258718317 118.03568715291 119.06813992188 111.85379998348 16.5670084639124 120.214777785115 138.581376961516 61.9579627822023 152.197799033135 87.0722651835427 56.645440128355 64.1139234196697 73.4760933604688 101.131456239886 95.4279911347353 74.9878580030691 139.620131757029 106.692562824396 114.073359616146 117.195253964326 135.853953608884 0 81.4076188815874 180.338293670858 63.8074738985667 111.293332358663 0 0 198.93522644043 184.022398162895 233.842178344727 145.130963231563 199.794586181641 105.760611153661 0 88.0718408416952 198.89796441278 0 139.967477636185 106.97924577249 104.277157356992 104.305832543867 0 150.464244173352 112.824167894781 138.843223942314 190.648903655876 64.4630235370957 97.0064425576416 95.9721640228246 178.721181777421 217.822862218124 173.387270290105 105.267552713906 0 0 108.287534198096 159.250942465993
138.760033761995 33.0506880572918 41.7296152531273 146.135796404455 156.912529085295 147.446021731711 115.32683885875 148.878293209829 92.1038181517291 172.150384899829 62.9053822835401 164.074183333732 28.2132326274958 140.547964867621 132.966635828617 33.9936628944583 69.4909454717578 68.9412586391862 66.241120046086 156.275236381202 83.5597258898089 38.0485198996797 44.9146273908228 76.6282481153474 34.2082844369518 36.5425258718317 0 81.6518496886493 127.248194169338 108.232011367569 28.2583212900398 135.558927209668 111.148889401811 69.5207192745447 147.133090375822 82.3642789140153 60.2697146631612 70.3022239372103 74.5076829459007 90.3863728748001 90.5430262451708 88.9653183577192 126.416927332041 96.1169586086993 107.986973794218 122.104247785745 136.519968049401 130.124550968996 119.762263305777 155.051622999319 62.4563991353841 96.8957164992345 0 0 210.779844946991 159.990982639872 189.281074847662 127.800631337633 224.939072956337 114.918570328194 148.155502319336 98.3911435659202 185.843075811992 184.442642211914 101.408636859749 107.731363584518 106.952241699597 109.210601307316 0 130.708837746008 64.2940742221938 107.193555687192 141.435365763811 68.094406355212 99.8193333580828 93.3823281586084 147.144580144012 184.27210854983 141.732945011835 114.696970919486 241.578918457031 162.680623505702 108.206355497405 160.323055008805
84.3754522829525 101.651380021857 88.1172431538268 20.9148674629209 115.270140579158 79.4195314095403 39.6279548102669 90.5919409032828 53.8029727161268 29.3130420388309 138.35752469942 53.4441426531772 138.354852714953 93.3896517647716 81.8915191025493 38.9544152634462 112.86241345896 168.894788047697 130.100364202843 32.7866443008806 27.6833440703946 58.1651401631381 49.7617103482266 24.0078457766089 131.262496787846 118.03568715291 81.6518496886493 0 86.9522867199222 47.2685721107821 187.11994934082 138.047468941397 73.1241569335179 66.683536967893 139.729472115278 76.3632449256956 78.7334513500597 82.3684121534656 82.5434225082443 82.4472551446632 100.296304446177 130.302548660581 117.219899624098 136.624342256673 144.795029202442 137.803503894237 129.002722063013 148.892766184107 146.27607800165 137.48766658381 152.473823123799 144.738332560096 89.0239014574251 170.642948531783 156.696077272 133.974170810175 153.779733510549 85.2241575605113 150.741277015089 196.485833813868 118.369850273855 214.623626708984 157.002326076608 147.498927983663 118.757753639872 173.298282731983 198.620635986328 191.208424080083 147.412879825992 123.054527977884 94.6252363572637 134.869289087195 109.940587269899 0 187.770369027457 149.20972853894 122.942321114484 146.431235703377 121.388920721627 0 169.213130167928 121.948804601399 132.238868647058 179.99609172219
20.1853345679372 130.551228555536 116.174421491973 93.2066505176377 31.751193119653 50.7854854711139 67.7338623720946 42.6413394697331 81.2351411710001 93.9394045799175 72.1994263808792 95.2163940291146 80.2003373839358 32.0399569001 68.1896250573712 100.062234070444 119.304983037466 97.3835934288493 107.078671247432 99.3378480083519 87.5066929577111 86.9132734442153 102.755414970841 83.0578504139083 107.808920450587 119.06813992188 127.248194169338 86.9522867199222 0 45.3161557176275 123.03439877803 23.1388480417284 20.8140837976729 39.2255440337276 115.26242468086 62.2342287687336 78.3544010040838 54.2046608715505 69.3365214702438 47.0896445749429 41.7845390153508 64.141136982079 158.159967388828 159.488713028647 158.488301914037 123.444129065417 138.550851850629 152.156551685091 75.0197111128391 164.935399782147 177.479772248057 166.349847574097 149.675584534508 0 169.345560992609 153.541171605293 172.862825264304 105.776189460231 181.860885491373 173.018646240234 147.426740971669 130.430156833852 173.216182024406 215.582946777344 145.573738678346 180.251211501737 148.97607421875 205.02990559487 177.424721627657 140.968082539112 153.405338467717 156.233104783867 135.969098117208 124.90004921418 171.055279801531 163.214767707374 147.125995679927 177.270934991063 147.450663847441 0 0 129.258820647431 153.094135610037 147.706603284821
44.1444925201099 104.65585436167 81.6389575039992 95.8281597091578 148.424270629883 95.9237184562243 26.5117998021142 77.373788541418 61.1562172669725 94.1203519525075 124.58118008069 112.524112112004 135.950817212261 68.199754443076 105.873975476533 82.9704225014193 79.7767002460129 131.531607197498 106.854347260655 115.017431372725 26.1885223940618 67.8430392032453 64.0742957359152 67.7496045479365 136.793778139948 111.85379998348 108.232011367569 47.2685721107821 45.3161557176275 0 154.614826268173 127.715649586007 54.2203756431994 42.2997976298116 135.049430770564 69.9998995505138 87.138249519145 70.4483638346695 74.5505190540466 84.4894622606756 83.6271013117346 106.258475050864 144.423836626179 147.62135679546 156.162250711864 145.871191397853 144.324837473183 165.361154619831 150.942977905273 140.460206917967 136.257106160445 146.676457307761 150.683228361934 0 178.27956195359 137.463373329545 156.401667169905 83.9126673364119 154.147302684148 0 154.832923162776 211.99555329186 158.315731995363 137.337262068414 123.483469494044 159.220827738492 212.052322387695 189.014928195006 192.925562277967 131.911542260213 111.515339151592 139.603055327428 117.129305140877 151.988683568082 165.678400523202 147.464935306169 126.803430886652 150.213592003409 130.101656602864 0 0 142.333485769122 135.602491194917 175.248911750205
0 69.6184688738446 103.886889618522 0 0 155.225108554918 171.855820789113 128.723904138612 147.674118041992 209.095306396484 35.5582995661492 160.571762084961 14.9141461603993 126.529141776251 0 153.504959106445 95.9134029075593 49.880850147692 68.822382821014 0 121.921982368251 99.9255026095975 121.623475342062 158.165082516148 48.2283675867342 16.5670084639124 28.2583212900398 187.11994934082 123.03439877803 154.614826268173 0 108.193404507551 0 73.9508381259227 178.011047363281 102.311473335096 61.7586318379549 72.244282447353 82.7658238941849 152.613990203372 108.876487731934 65.0101414847458 197.481023478917 122.005536571791 121.581286935886 200.10807800293 0 0 0 0 72.636479929044 0 0 0 0 0 0 0 0 106.767120682113 0 88.2625455169708 199.81623840332 0 0 0 109.566823539846 117.780491583631 0 0 0 142.602310180664 0 71.666495970957 108.64008152749 109.34219666039 0 0 0 112.856506176855 0 0 164.245883320614 0
96.8650937010431 0 168.261764526367 152.375590439109 10.9032142966215 15.651933514322 122.567241164993 28.4796208960981 123.270489822595 121.232750206686 67.170833870046 110.542635825414 71.7594895306732 27.0069202633937 42.9103664432376 193.325241088867 89.1162261962891 109.084802442516 85.3248929048947 124.95786783627 146.640517366288 0 171.636469735985 125.21066429938 0 120.214777785115 135.558927209668 138.047468941397 23.1388480417284 127.715649586007 108.193404507551 0 91.5478788734716 18.483106083703 117.384271702325 72.867205201416 69.7971131524117 47.1277585778485 46.4523368661094 37.3555085988753 17.527444180925 66.5332684966309 0 0 0 92.0264488017886 0 0 0 0 0 0 0 0 0 229.706360490764 0 0 202.555419921875 0 0 124.761596679688 227.268173217773 0 225.455322265625 0 0 0 0 0 0 0 184.062145585886 0 0 0 185.638829431843 0 195.517074584961 0 0 0 0 0
58.3877599833824 121.588191641163 100.034040083108 86.6691542877667 0 106.538437827269 69.9953079401349 90.7330241035967 64.473398282301 97.4787052093043 94.6731177159317 113.678658355477 127.548240257925 58.9411633184676 86.6730780516908 78.2867848133188 106.89182670599 116.721939086914 112.705495297724 91.8599530861789 76.3376983096728 63.5554862900148 85.5969444814007 71.9459308493791 149.1728515625 138.581376961516 111.148889401811 73.1241569335179 20.8140837976729 54.2203756431994 0 91.5478788734716 0 24.4662164790255 107.422619934507 52.7306051581047 65.9370817137351 45.7594576178445 58.0018369580878 65.4750576175911 50.8332783285861 60.3436126708984 154.108989642777 131.865732280352 189.391387873265 131.699981689453 116.316014216374 0 0 184.738830566406 0 143.651540708137 0 0 168.140563964844 149.217546885817 197.808925159601 100.894421042294 176.996239327727 218.630111694336 0 182.880279541016 190.331352140765 0 129.694496866953 194.873641967773 0 0 0 116.867109963853 87.9746108598127 151.17706261052 124.420637017614 0 0 153.845557145922 137.412991722944 150.595589955665 129.321203163638 0 0 119.214172363281 123.814734043348 96.1696701049805
