0 18.8113368153572 252.83426079154 82.8101493120193 3.22615277767181 122.010547667742 2965.83662849665 870.907799333334 234.055713027716 296.102542817593 81.0583127737045 32.3196279704571 10.5880798101425 12697.8090607822 6.20563578605652 51.0933065712452 309.292823731899 13.3608808815479 58.45747590065 64.3015288710594 388.09163621068 120.045480817556 543.145326912403 378.942877501249 7.54798802733421 163.377197146416 181.24877923727 856.916980445385 10068.3591960371 4229.86416682601 0.889793664216995 11.7186125814915 596.38466912508 815.715751618147 39.7831242084503 533.331852465868 22.5608638525009 355.114240735769 92.2194638252258 177.800083458424 59.2992241084576 6.17096757888794 25.4470007121563 1.53976982831955 11.5681130290031 7.68094480037689 7.54584896564484 1.76941466331482 0 4.06438472867012 3.80058825016022 11.1630259752274 5.3677231669426 0 7.13008806109428 49.0092983841896 9.06912130117416 31.943282097578 10.7666538655758 0.628824412822723 6.51061677932739 0.476227700710297 19.94740447402 0.401972681283951 13.1790265738964 0 0 1.72249084711075 10.8647248744965 18.7443602979183 7.39976638555527 37.6858457624912 125.982357144356 1.16405326128006 6.85413932800293 15.1024140119553 131.401529073715 19.8522308766842 15.5273894071579 0 0 3.29994940757751 20.4869046211243 13.0562123060226
18.8113368153572 0 1115.22061622143 6.03499007225037 6.0917067527771 20.4182126820087 39.6692550182343 57.830264300108 1171.77760702372 23.2081272304058 339.714272886515 29.3955691456795 1067.25501829386 87.3824747204781 43.9942711293697 118.707029134035 992.652097433805 99.292691141367 649.234620898962 5.39288508892059 98.9074641764164 3636.41238674521 388.35659506917 880.380636930466 4597.75191444159 2282.75262400508 10635.4900486767 166.681161463261 58.1810202300549 112.617313295603 61.5951696634293 6.09824323654175 18.5139733552933 689.640651524067 32.4609981179237 986.774607509375 635.435771048069 1169.29728418589 311.682049036026 103.805622279644 3.61208558082581 300.547503918409 48.8909612894058 78.5839520096779 102.752863287926 38.7173730134964 1.29733669757843 0 0 1.74032914638519 124.891039252281 246.667108803988 0.671127498149872 0 3.0677781701088 10.8863311111927 1.72684744000435 5.14041951298714 7.37281304597855 50.0537335276604 2.62137365341187 95.3333340287209 6.28483584523201 0 9.88420325517654 90.8135012984276 9.51107138395309 77.2121661901474 0 6.64643159508705 30.5692920088768 51.9201289117336 9.51907494664192 94.5346081256866 464.786243677139 825.621440440416 14.9914714694023 2.05620646476746 13.0494207143784 4.89400112628937 0 0 37.2098241150379 8.55457079410553
252.83426079154 1115.22061622143 0 23.746547549963 0.670143902301788 341.250014364719 2147.08283400536 1098.77841308713 194.266796767712 128.778663307428 142.362616747618 9.79323035478592 31.7634429335594 969.330239832401 16.4138295352459 234.968509912491 6308.12047633529 76.6499192416668 536.342860966921 7.60361582040787 3157.61073860526 720.208585679531 18333.6307126284 335.631203442812 35.2850098907948 12814.9156555533 21109.6294279695 1772.23571154475 282.556722313166 2810.95425227284 10.3723766207695 4.81043407320976 47.5669671297073 1369.10623723269 108.860368907452 3378.40657863021 1576.02459427714 2925.59721401334 1176.98199960589 230.977713167667 28.917896270752 6.08404046297073 428.68699491024 260.216078341007 551.285109311342 196.695735871792 27.309285312891 11.1384584903717 2.01450401544571 8.17661660909653 231.381975531578 2202.21553844213 1.90890902280807 0 4.1346136033535 106.240468174219 18.4979327023029 22.5340891778469 5.5647802054882 14.7599867582321 1.31581842899323 8.58743503689766 34.5907885432243 0.556185603141785 89.74007833004 537.396487474442 8.81031769514084 94.0377004146576 1.45230036973953 64.1862262487411 292.928802073002 931.714331358671 74.3920257091522 24.2373231649399 682.751102209091 3421.61094117165 84.4996185600758 12.4847500622272 58.9829520583153 1.71317201852798 0 1.10354769229889 114.182748883963 62.2533396482468
82.8101493120193 6.03499007225037 23.746547549963 0 5.02935630083084 685.319816172123 1285.47528815269 214.698197424412 1072.04910102487 10949.2182362378 16.2121152579784 2715.39257848263 3.06504893302917 201.74907207489 194.363474398851 9.06579682230949 2.6775948703289 0 3.07009202241898 32824.3414202034 11.7761141657829 38.6088289618492 42.3869376778603 4504.49427554011 0.621922612190247 4.97599202394485 42.1652527153492 18753.7411561012 218.491519212723 37.8118659853935 0 0.561493813991547 26.7167734503746 107.797129184008 32.5823455750942 331.652655035257 3.71843069791794 94.1323005259037 14.301883906126 196.05865752697 36.3057607710361 1.44814640283585 38.9185521006584 0 7.3328920006752 0 78.8478989005089 0 0 2.54040455818176 0.949241548776627 0.813533216714859 456.694920063019 3.26283895969391 65.9530934095383 128.342257559299 35.3172208070755 174.439298719168 293.725949198008 1.22553682327271 405.930132836103 0 26.3945558965206 38.6574766039848 3.73549920320511 0 0 0 280.876896172762 1.5998922586441 1.86051517724991 7.05443128943443 395.428747057915 0 0.540505826473236 6.87215360999107 300.869871020317 8.75933992862701 0.834678292274475 0 0 0 7.88687008619308 4.82894739508629
3.22615277767181 6.0917067527771 0.670143902301788 5.02935630083084 0 1721.26743552089 9.72784015536308 439.210883229971 113.874063581228 17.2220232188702 22.8230608701706 69.1971150040627 12.8959167003632 144.341330826283 3333.24029946327 0 1.1225460767746 1.02106153964996 1.29309487342834 16.3090247809887 1.97722804546356 17.2238954305649 1.65090438723564 51.9834003448486 0.848066806793213 18.6756905913353 10.577773720026 16.8689503967762 294.555164694786 6.35061514377594 0.577319741249084 4506.82583323121 0 1647.06798091531 0 21.3671317100525 4.93915128707886 46.3586368560791 23.3296157121658 4441.30079558492 2534.42387580872 7.80546283721924 1.39069521427155 0 0 0 2.16322070360184 0 1.14019596576691 0 0 0 0.532521963119507 0 0.517751455307007 1.35651955008507 0 1.67803084850311 0 0 4.16522037982941 0 0.407913118600845 0 0 0 0 0 0 0 0 0 3.0362446308136 0 2.59507155418396 0.410699039697647 2.68798583745956 1.02625155448914 0 0 0 0 0 0
122.010547667742 20.4182126820087 341.250014364719 685.319816172123 1721.26743552089 0 7104.81820857525 17527.5722758472 574.797382056713 19323.9352073371 80.4788141846657 11567.3758026958 17.9591491222382 1676.17432224751 4417.20945736766 19.7027770578861 64.8802070617676 5.2805640399456 35.5478364527225 1635.33999982476 141.56754270196 47.9268033802509 418.479987740517 847.66208666563 6.03574103116989 103.814533740282 141.686275064945 1638.58172991872 456.112260192633 311.050673782825 0 2174.84516963363 26.0573976933956 872.735960930586 444.325366556644 434.354687303305 31.0099282264709 172.743433147669 83.6897843182087 6463.08758485317 1182.05777081847 16.2905435860157 17.5331147313118 0.900840222835541 8.73260676860809 5.82220065593719 49.8773240745068 2.7589296400547 1.32128298282623 6.6471489071846 2.49145889282227 4.23575383424759 78.4808716773987 1.31622049212456 42.9662954807281 159.137415707111 35.2383172214031 54.6133810579777 196.650445520878 2.45481830835342 55.4301181137562 0 38.6883005648851 16.8566426634789 5.74763658642769 1.24829241633415 1.48028373718262 0 70.5657341480255 6.37792614102364 5.54899752140045 14.82468521595 328.012091130018 0 5.89713680744171 16.694084405899 278.124310702085 16.7133837938309 8.72675979137421 0 0 0 13.6726778745651 1.92261677980423
2965.83662849665 39.6692550182343 2147.08283400536 1285.47528815269 9.72784015536308 7104.81820857525 0 6601.00385859609 1701.29050663114 20471.0652869642 117.338242381811 760.92083850503 28.1036654114723 13291.8896792829 152.072189718485 227.695084184408 280.297371655703 12.9365568459034 53.0483284890652 677.554881185293 1428.35140684247 298.348580300808 3638.51515004039 4253.88083657622 11.3368710875511 378.67227679491 1125.15643194318 27015.7638132274 3380.095125705 11101.6082177162 1.62637820839882 34.094952493906 453.09707686305 1399.29847210646 199.372049003839 2759.74031719565 126.894297689199 991.378968834877 391.148720771074 1028.88471719623 306.091510236263 24.0028475821018 122.531173765659 9.78570502996445 76.1241575181484 22.5855961441994 96.9805154800415 10.8090806305408 0.549540102481842 43.8252402842045 4.270767390728 71.2934136092663 171.823700726032 1.05398070812225 93.8887076079845 490.935649067163 153.360547184944 223.678803950548 346.862161487341 11.793615937233 100.953855007887 0.932009816169739 134.160133779049 13.5838948488235 68.1418104171753 13.8344534933567 0.693047165870667 4.06513443589211 153.381980597973 56.7587628960609 42.7217301726341 139.581077873707 967.610577583313 3.88311851024628 23.6868602931499 146.449586123228 886.705548018217 94.1515645384789 42.7921808958054 0.532920658588409 1.06374251842499 8.04549393057823 74.5750484466553 34.5803351402283
870.907799333334 57.830264300108 1098.77841308713 214.698197424412 439.210883229971 17527.5722758472 6601.00385859609 0 652.542767465115 4591.20644706488 523.729786157608 1402.04604560137 139.346698492765 16093.4995168447 1003.59444615245 53.5978425741196 440.220824956894 57.6317100226879 139.374451845884 722.347826570272 591.712101489305 125.944011569023 1327.10484474897 808.178732424974 32.6737842559814 554.957080841064 523.784035056829 1552.14187335968 1510.5258744061 1981.58429500461 6.65499019622803 953.224560111761 60.5669124722481 3451.60906532407 67.1276918649673 919.04721096158 84.7283151447773 772.516529291868 323.74399086833 4355.95613732934 2031.83237761259 102.625360906124 60.3421508073807 7.12716296315193 41.941953420639 15.4664305150509 14.7314748466015 1.9746997654438 1.20756793022156 21.7200028896332 6.13064926862717 36.7691777646542 19.3796528875828 0 28.7217851877213 168.563336491585 54.2435037493706 49.8673770427704 59.1552500128746 3.28386789560318 15.5935023725033 4.68660801649094 53.8408141732216 8.23134228587151 18.1959541738033 8.87015244364738 3.24017390608788 4.11884731054306 27.9002397060394 30.756238669157 11.8530848324299 40.7586983144283 289.141634792089 4.82127976417542 17.2476562559605 87.6749670505524 294.086934417486 32.7151528596878 24.5941182971001 0 0 10.1005220413208 36.2365969419479 31.7653787136078
234.055713027716 1171.77760702372 194.266796767712 1072.04910102487 113.874063581228 574.797382056713 1701.29050663114 652.542767465115 0 1327.38052555919 42.4120394587517 1698.80378004909 136.403089046478 576.740372359753 1895.09559965134 121.832490921021 103.688407838345 13.9965353310108 38.0400409698486 577.704946547747 184.782136678696 4757.97488671541 307.165257841349 17509.7918044925 393.54707595706 182.214101195335 1579.12473359704 4369.74976304173 577.709378957748 800.196745336056 2.66555431485176 22.3662523925304 124.114045679569 308.642022281885 56.1722969412804 964.257812023163 78.2347331345081 245.815216720104 106.12605831027 1839.55560910702 47.9820023775101 25.5812577605247 47.1621013879776 5.96423411369324 37.0305422246456 9.21929556131363 82.2326483726501 5.94989860057831 0.561154544353485 24.4493361413479 7.99870118498802 20.5492605566978 202.300290644169 2.77799516916275 64.9567522704601 233.522622644901 58.1460584998131 178.934670984745 317.677909612656 6.73185992240906 135.927243292332 0.984770715236664 71.4173569381237 32.655171006918 17.4632493853569 2.24681407213211 2.62947148084641 1.19258332252502 142.477974832058 26.8068032860756 11.7234581112862 39.5915682911873 699.264246404171 3.36911132931709 14.7660164237022 42.7518348991871 558.168222308159 45.4076693356037 16.7051332890987 0 0.327154815196991 6.05196666717529 35.3651514947414 13.2631571292877
296.102542817593 23.2081272304058 128.778663307428 10949.2182362378 17.2220232188702 19323.9352073371 20471.0652869642 4591.20644706488 1327.38052555919 0 110.332728654146 20496.6846339703 19.2405293285847 2645.978859514 278.351320624352 18.8121448755264 15.0657488107681 13.2134356200695 18.4015756249428 20747.1741197407 65.1238446235657 27.7282949090004 182.849007427692 1866.34173098207 5.1123480796814 47.9612895548344 86.4824954867363 9049.55152624846 1047.27595376968 165.399097025394 0.720263302326202 32.3088397681713 71.3837329149246 670.113440424204 393.730252832174 1443.2664949894 19.9362134337425 403.631219595671 94.0367223024368 1068.85112246871 235.525824129581 17.9407288730145 38.6210509538651 1.44278720021248 13.384116768837 7.50120806694031 126.603204220533 5.44229298830032 0 6.10060051083565 0.606135606765747 6.56811693310738 373.05339345336 4.52763503789902 104.298564702272 216.845786929131 86.2738215625286 218.256393969059 479.798156559467 2.4564174413681 171.621485590935 0 64.7721385657787 51.0107526779175 4.81413874030113 0.429486334323883 0 1.15887773036957 254.71324545145 6.30333265662193 5.59285062551498 11.8434987962246 711.060773581266 0.779845118522644 0 10.561504483223 501.363494932652 23.3691304326057 8.12202394008636 0 0.539631009101868 3.0325742661953 18.6334879398346 8.59080964326859
81.0583127737045 339.714272886515 142.362616747618 16.2121152579784 22.8230608701706 80.4788141846657 117.338242381811 523.729786157608 42.4120394587517 110.332728654146 0 71.2534593343735 9914.05072027445 904.593488514423 2.85065233707428 8.4048458635807 765.692829847336 6834.45636954904 3135.27097740769 47.9754535853863 89.5680460631847 123.905361205339 244.75085234642 42.2935556471348 2103.29597857594 9059.30544170737 1600.21946597099 63.55789321661 552.507898032665 142.88860860467 892.568559408188 111.4448569417 38.870128184557 10572.0177722871 19.0702427923679 457.95219579339 4119.09178745747 7012.14989241958 263.169230341911 267.671667188406 34.7029032111168 5095.97421124578 15.0875723361969 86.4900566935539 25.5107018351555 7.86302158236504 1.98124873638153 0 14.1997843384743 0.373007208108902 32.8384430408478 16.3261093497276 1.64262497425079 0 0.4620001912117 5.51644825935364 0 5.63267809152603 0.618323922157288 327.137233763933 0.632935702800751 649.826550334692 2.3404529094696 0 2.05961841344833 5.94866162538528 76.5666463375092 32.7497743368149 0 3.04912382364273 8.44460207223892 7.6409766972065 13.0380296707153 250.468177497387 263.123139292002 238.350192338228 12.8836476206779 1.2780559360981 6.86626482009888 62.1328869462013 0 0 10.2144986391068 2.41592615842819
32.3196279704571 29.3955691456795 9.79323035478592 2715.39257848263 69.1971150040627 11567.3758026958 760.92083850503 1402.04604560137 1698.80378004909 20496.6846339703 71.2534593343735 0 10.5793606042862 806.084000438452 5170.12761643529 1.75404703617096 1.92111536860466 3.16198116540909 7.07037746906281 26094.8405154049 4.2470178604126 42.4182108044624 13.9878259301186 1049.24260094762 13.9857307076454 28.5883714854717 41.3692356050014 986.872103869915 287.007700383663 18.2806359529495 1.29452788829803 31.0314669311047 5.64511063694954 337.250812262297 278.13503319025 392.706771552563 11.0629268884659 126.426320046186 32.1040642261505 2482.51812058687 86.5408820509911 2.98290997743607 24.0142468810081 0 2.73323261737823 1.38829284906387 78.618833988905 0 0 0.52624648809433 0 0.714384257793427 104.99297234416 2.3084534406662 63.4399247765541 46.8750261664391 23.622960716486 71.5539948940277 197.387892216444 1.83043026924133 353.804670214653 0 7.99639245867729 21.6631565093994 0.656388342380524 0 0 0 110.442880183458 0 2.31622785329819 1.28487408161163 166.670644789934 0 0.650133192539215 1.44982919096947 133.809681028128 5.9119176864624 1.78318762779236 0 1.95775550603867 0 2.80854135751724 4.87621170282364
10.5880798101425 1067.25501829386 31.7634429335594 3.06504893302917 12.8959167003632 17.9591491222382 28.1036654114723 139.346698492765 136.403089046478 19.2405293285847 9914.05072027445 10.5793606042862 0 142.019880115986 1.54112493991852 8.09582105278969 47.7656898200512 586.697342604399 214.397136509418 6.34174203872681 12.874575227499 270.786415040493 33.6470203399658 55.2967790961266 8044.43939900398 3281.68390506506 4769.37592107058 12.6837687790394 90.4033282995224 18.0195416510105 2636.93523982167 21.511077105999 1.27679479122162 1994.66380941868 38.9706518054008 669.665113091469 2845.51710650325 2612.75671720505 492.417441129684 104.013816297054 312.276940822601 6126.45429092646 51.2545718550682 194.637702465057 103.466552227736 65.3569955825806 3.64310884475708 4.04788959026337 55.9789906740189 2.77054083347321 63.3137377202511 18.4137694239616 0 0 1.98131620883942 2.24607563018799 6.33897322416306 4.31537222862244 0 957.793387144804 0.860689759254456 1564.29887551069 3.39825516939163 0 0.522366583347321 9.35112479329109 207.337108969688 87.0394074618816 0.999886691570282 3.95135962963104 11.547497689724 8.45385164022446 2.98730039596558 747.271383583546 757.369949728251 618.896028876305 1.91488897800446 1.83644604682922 1.91883331537247 171.616938054562 0 0 24.5691407322884 23.6080651283264
12697.8090607822 87.3824747204781 969.330239832401 201.74907207489 144.341330826283 1676.17432224751 13291.8896792829 16093.4995168447 576.740372359753 2645.978859514 904.593488514423 806.084000438452 142.019880115986 0 174.768664211035 92.467360496521 591.681730389595 91.2759320437908 220.154034912586 503.772581905127 780.64064642787 204.884530842304 1488.42488002777 815.804905474186 47.3758635818958 714.836973041296 700.307470947504 1778.30138292909 11080.0674975812 4184.2918253243 7.41097232699394 1236.90731096268 235.568401426077 3831.67497047782 116.196469813585 1799.91735702753 149.818407088518 1290.31209567189 354.360417336226 2392.54420521855 441.897091835737 80.7635868489742 42.5400505363941 11.0760781466961 28.4854422807693 16.3785578608513 18.4278662800789 4.44073495268822 0.949459731578827 14.9473837316036 4.39353895187378 34.8581981062889 16.031780153513 0 21.0956837534904 152.536497354507 39.8789028525352 47.6667468249798 35.9099972546101 5.83965328335762 9.84819564223289 7.37505146861076 34.9862588047981 2.50152122974396 32.9823275506496 8.71168392896652 3.11374700069427 2.7302360534668 16.967025667429 41.7267017364502 25.2307942509651 60.1184823215008 280.652700513601 3.43206959962845 36.4018542468548 104.343227207661 344.07854616642 40.512559980154 29.1993087232113 1.3755851984024 0.825944304466248 6.95268562436104 24.7973223626614 23.0969104468822
6.20563578605652 43.9942711293697 16.4138295352459 194.363474398851 3333.24029946327 4417.20945736766 152.072189718485 1003.59444615245 1895.09559965134 278.351320624352 2.85065233707428 5170.12761643529 1.54112493991852 174.768664211035 0 1.29193717241287 4.86955323815346 2.72320592403412 0.397975713014603 293.231358408928 8.4517936706543 149.810848653316 19.3913909494877 953.345423221588 8.7829185128212 14.4042161107063 103.265792578459 193.410771787167 38.6734275519848 15.7003066241741 0 576.448449134827 1.75067812204361 83.9774461984634 2.90422779321671 144.050227671862 4.5403039753437 20.7961897552013 4.70617607235909 12063.6940264106 44.334779471159 0 5.33847165107727 0 1.53656804561615 0 19.0428944826126 0 0 0 1.31481230258942 0 26.1186886131763 1.63796067237854 9.01708182692528 8.61108902096748 3.54388684034348 24.5524202287197 37.1654683053493 0 21.7330434918404 0 2.45855641365051 13.0607225298882 0 0 0 0 10.5852333307266 1.45478510856628 4.21513226628304 0 39.0084269940853 0 0 1.08321821689606 44.8000792264938 1.72463297843933 0.985498905181885 0 0 0 0.3807153403759 0
51.0933065712452 118.707029134035 234.968509912491 9.06579682230949 0 19.7027770578861 227.695084184408 53.5978425741196 121.832490921021 18.8121448755264 8.4048458635807 1.75404703617096 8.09582105278969 92.467360496521 1.29193717241287 0 91.3268236517906 0.317193210124969 17.7090604007244 0 12025.9894700348 5608.2830004096 22290.3945994079 2678.68844881654 7.21375966072083 78.597294896841 7087.40562576056 5352.66655921936 186.260161489248 657.804971933365 1.93183666467667 0 75.8981000185013 632.673814147711 94.951925188303 2581.53287431598 397.652792543173 1100.69163367152 692.441208720207 269.068200588226 17.468462318182 2.04752862453461 311.728274941444 67.2092145085335 216.665891051292 105.596398174763 30.8837960064411 4.88535237312317 0 10.1104039549828 2.53018838167191 81.0259589254856 0.721081078052521 0 1.70038539171219 55.9069169461727 14.9612788259983 25.06083548069 0.993740856647491 5.62587189674377 0.497944891452789 0 23.4014983773232 0 862.912775218487 9.68442642688751 0 5.33752471208572 0 229.970004767179 506.57069799304 1573.05029413104 246.930524170399 0 13.3974103331566 496.102230876684 232.3633672297 32.1201292872429 97.6330159306526 0 0 3.83663338422775 91.4387850761414 26.2369722723961
309.292823731899 992.652097433805 6308.12047633529 2.6775948703289 1.1225460767746 64.8802070617676 280.297371655703 440.220824956894 103.688407838345 15.0657488107681 765.692829847336 1.92111536860466 47.7656898200512 591.681730389595 4.86955323815346 91.3268236517906 0 389.073283672333 6447.64151102304 3.87457513809204 1541.7597194314 268.129758447409 7883.40382042527 117.488372594118 89.2585103213787 7845.45003539324 6333.74475249648 241.390768617392 391.448395013809 1678.97485223413 13.1789806485176 10.2373781204224 109.784083247185 2298.3539621532 31.6889570057392 1136.05108091235 390.092241495848 1451.00212132931 475.315362095833 91.5910659432411 17.5024559795856 2.30748549103737 82.2652125358582 55.7715361714363 123.126569360495 42.2633295655251 2.02209806442261 5.87356817722321 0 1.75764155387878 80.0984175205231 438.345909297466 0.444366693496704 0 0.368788868188858 15.6512116491795 6.9064017534256 5.11186176538467 4.29802551865578 16.7394328713417 0 11.5495958924294 5.1085245013237 0 15.4803951978683 141.028330683708 5.07042670249939 46.8735400438309 1.39758050441742 18.7155180871487 50.7892241179943 87.8180975019932 8.01375931501389 21.632110118866 361.510231465101 878.3058206141 15.7575975656509 6.06122356653214 9.11544558405876 2.71108424663544 0 0 43.0659633278847 29.386324942112
13.3608808815479 99.292691141367 76.6499192416668 0 1.02106153964996 5.2805640399456 12.9365568459034 57.6317100226879 13.9965353310108 13.2134356200695 6834.45636954904 3.16198116540909 586.697342604399 91.2759320437908 2.72320592403412 0.317193210124969 389.073283672333 0 5537.63259184361 3.6121318936348 19.0129166245461 14.5537093281746 62.2427421808243 6.0999253988266 490.559733688831 6438.09077113867 786.503526031971 7.07850635051727 47.0833954811096 36.7456628680229 162.402567327023 9.89107716083527 4.33984726667404 694.087878853083 4.38813868165016 198.992709308863 412.320767253637 802.4296246171 106.582212626934 22.0716370940208 2.78215926885605 38.2837833166122 4.17418801784515 7.04154235124588 12.8325554728508 1.65735328197479 0 0 0 0 16.2597765922546 5.49344843626022 0 0 0 3.57099652290344 0.961766481399536 2.53050369024277 0 62.7001246809959 0 117.908974587917 4.05923563241959 0 0 1.98447465896606 58.579841375351 15.7061555981636 0 0.639296412467957 1.80400031805038 3.11173832416534 1.51179152727127 94.9219359755516 193.829052835703 191.686283051968 0.62059473991394 0.951066553592682 0 15.0509594678879 0 0 7.94425678253174 3.14398545026779
58.45747590065 649.234620898962 536.342860966921 3.07009202241898 1.29309487342834 35.5478364527225 53.0483284890652 139.374451845884 38.0400409698486 18.4015756249428 3135.27097740769 7.07037746906281 214.397136509418 220.154034912586 0.397975713014603 17.7090604007244 6447.64151102304 5537.63259184361 0 5.19045463204384 164.363018363714 84.2660712301731 515.307702422142 31.1623548567295 502.835867613554 10870.7476758659 3026.98870012164 39.5189818143845 143.824443161488 206.081296861172 35.8739004731178 15.2908975481987 19.4857426285744 1481.89881387353 5.52524128556252 392.214896738529 321.534314781427 1107.47035700083 181.930612236261 38.1504898369312 5.73317962884903 5.48894974589348 19.3873771429062 22.6196730136871 43.3939576745033 11.7592132091522 0 0 0 0 36.3287041187286 39.3050546050072 0 0 0 2.51431232690811 0.700251817703247 1.64666700363159 2.79753786325455 25.5985099077225 0 45.1789273023605 2.84282958507538 0 1.62378680706024 23.1600720882416 33.6026047468185 53.2566199302673 0 0 5.39863714575768 10.3770297467709 1.78039371967316 107.514339447021 417.881904095411 438.415564626455 2.32756990194321 0 4.51381832361221 12.2061799764633 0 0 17.9675068259239 6.42213636636734
64.3015288710594 5.39288508892059 7.60361582040787 32824.3414202034 16.3090247809887 1635.33999982476 677.554881185293 722.347826570272 577.704946547747 20747.1741197407 47.9754535853863 26094.8405154049 6.34174203872681 503.772581905127 293.231358408928 0 3.87457513809204 3.6121318936348 5.19045463204384 0 6.68585583567619 8.80000245571136 9.64952185750008 1535.68430095911 2.87665665149689 15.3909581005573 23.3774799108505 5236.4715501368 262.887536287308 23.8264595866203 0 12.1318211853504 10.8365954756737 197.649022638798 59.4122059643269 379.245663136244 7.9566770195961 78.427610039711 33.0912243425846 552.131057798862 59.5216318964958 4.79900977015495 18.0675231814384 0.653518080711365 2.94349133968353 0.787074029445648 37.7244574427605 0 1.18302428722382 3.98287665843964 1.30533766746521 0.547746360301971 300.748510122299 6.44405180215836 29.9303159117699 78.4136763513088 24.191781193018 69.3629633188248 529.110100984573 2.48256033658981 235.341590762138 0 12.2346194982529 37.1759212017059 0 0 0 1.03857374191284 207.786475658417 0 2.51447021961212 4.53382438421249 265.638928741217 0.420407325029373 1.1956729888916 2.67250818014145 184.372428297997 5.2589747607708 2.16265070438385 0 0 0.402969300746918 4.52951812744141 4.56872433423996
388.09163621068 98.9074641764164 3157.61073860526 11.7761141657829 1.97722804546356 141.56754270196 1428.35140684247 591.712101489305 184.782136678696 65.1238446235657 89.5680460631847 4.2470178604126 12.874575227499 780.64064642787 8.4517936706543 12025.9894700348 1541.7597194314 19.0129166245461 164.363018363714 6.68585583567619 0 1442.77785924077 31349.8982047439 1144.01820236444 9.63170012831688 494.027534455061 2344.96817103028 12735.5291037261 932.800637722015 19750.1909154654 2.0047562122345 4.56028655171394 318.928978055716 4251.8304952085 233.057795524597 5667.00667759776 441.29065862298 3701.77117088437 1716.25696864724 617.6472902596 50.8967097103596 11.7878472208977 227.845119208097 33.1369102597237 132.007396131754 66.4520008265972 30.8621710836887 4.38761538267136 0.941732883453369 16.1386711001396 5.51807546615601 77.6393928825855 3.20055550336838 0 5.32042533159256 104.154659688473 19.6996788680553 34.1617609262466 7.0989006459713 1.94782593846321 0 0 38.1478382349014 0.521664202213287 413.775193691254 20.4539901316166 3.01350855827332 3.55397403240204 0.497354567050934 336.420783996582 205.837156116962 586.130618661642 350.273544758558 1.72483450174332 36.6464762985706 332.159270405769 371.677258580923 52.7831573188305 117.347308218479 0 0.630693674087524 12.5408572256565 94.174119412899 57.2938465476036
120.045480817556 3636.41238674521 720.208585679531 38.6088289618492 17.2238954305649 47.9268033802509 298.348580300808 125.944011569023 4757.97488671541 27.7282949090004 123.905361205339 42.4182108044624 270.786415040493 204.884530842304 149.810848653316 5608.2830004096 268.129758447409 14.5537093281746 84.2660712301731 8.80000245571136 1442.77785924077 0 4161.03679904342 9464.7956853807 931.468022972345 386.477979838848 9530.16165477037 2533.52615213394 353.014839977026 857.206274718046 12.6358022987843 2.87909150123596 107.688476473093 633.623371034861 87.4299991428852 2474.98213246465 610.732891321182 1188.1365506947 685.960628062487 459.197430431843 33.8272230625153 85.1699179708958 177.415270119905 37.0332622230053 159.400583475828 58.0985442698002 31.7954863011837 1.94167411327362 0 15.0383026301861 13.3100092411041 157.153139650822 3.56164455413818 0 2.90804451704025 56.1971948742867 13.1675460338593 32.5459682643414 7.93524363636971 14.5212924778461 5.42720860242844 13.8562185168266 13.5561374723911 0.582068383693695 363.716897875071 34.5617708861828 1.55424016714096 6.09463465213776 5.89132642745972 104.201040774584 291.743628203869 790.571373432875 158.262856274843 7.16957497596741 47.2111905217171 587.6781642735 135.51691788435 20.9604860842228 37.6716599166393 2.92141568660736 0 1.87936130166054 41.9240213036537 18.6198692321777
543.145326912403 388.35659506917 18333.6307126284 42.3869376778603 1.65090438723564 418.479987740517 3638.51515004039 1327.10484474897 307.165257841349 182.849007427692 244.75085234642 13.9878259301186 33.6470203399658 1488.42488002777 19.3913909494877 22290.3945994079 7883.40382042527 62.2427421808243 515.307702422142 9.64952185750008 31349.8982047439 4161.03679904342 0 1643.51315097511 29.720205783844 2501.98731029034 19160.4181842208 10456.8953632414 968.646918654442 9951.41118183732 1.68823975324631 7.09440025687218 303.641526043415 4834.15534970164 464.73985144496 12807.9485642314 3231.15506339073 7677.91726577282 4439.96460685134 1285.8542726934 63.0610362291336 17.5756072103977 926.35989227891 282.705589056015 880.468411326408 467.43785649538 98.4351694881916 4.15579798817635 1.33240932226181 15.5149727761745 52.0753874778748 1074.9137891829 3.59492146968842 0 12.91965970397 202.964273810387 46.0633783936501 36.1203212440014 15.151027649641 18.2159449756145 2.40575933456421 4.44767254590988 53.9688382148743 1.4087427854538 1626.05586734414 222.37235724926 5.81799459457397 37.0164400339127 5.20192587375641 348.237036645412 1093.55518227816 4969.36146765947 335.943032354116 11.0089767575264 170.006877690554 4024.85386538506 349.754140436649 47.8504828512669 157.109012812376 1.41119539737701 0 15.131528377533 234.719685137272 172.386060863733
378.942877501249 880.380636930466 335.631203442812 4504.49427554011 51.9834003448486 847.66208666563 4253.88083657622 808.178732424974 17509.7918044925 1866.34173098207 42.2935556471348 1049.24260094762 55.2967790961266 815.804905474186 953.345423221588 2678.68844881654 117.488372594118 6.0999253988266 31.1623548567295 1535.68430095911 1144.01820236444 9464.7956853807 1643.51315097511 0 162.66299021244 169.783910781145 3259.75600233674 30125.3914510012 1207.08931651711 1599.90968930721 1.92160379886627 17.8736690282822 284.002598017454 707.086855500937 90.9144842624664 2013.14603865147 144.065130978823 621.46483618021 329.940606504679 1080.73995196819 99.8289080858231 15.8040874302387 378.31012994051 14.9346491098404 206.36400026083 56.6802897453308 224.613360613585 19.9851074516773 4.66410130262375 100.937453985214 8.51075986027718 45.1369032859802 466.610174328089 3.00098404288292 228.058221936226 1101.86760860682 285.60220927 480.926517397165 684.765204191208 15.1519460678101 287.95351088047 0 301.86235922575 44.7599484920502 200.617056071758 11.444541990757 1.2020398080349 4.0516123175621 308.768370687962 217.278430461884 105.047457545996 314.498023360968 2444.45971429348 5.55967339873314 26.5132240951061 159.411981582642 2332.7334896028 256.452293157578 149.399325639009 1.92534923553467 1.51835879683495 30.6070767641068 185.786742031574 34.9573098123074
7.54798802733421 4597.75191444159 35.2850098907948 0.621922612190247 0.848066806793213 6.03574103116989 11.3368710875511 32.6737842559814 393.54707595706 5.1123480796814 2103.29597857594 13.9857307076454 8044.43939900398 47.3758635818958 8.7829185128212 7.21375966072083 89.2585103213787 490.559733688831 502.835867613554 2.87665665149689 9.63170012831688 931.468022972345 29.720205783844 162.66299021244 0 2890.30467715859 6118.55267095566 35.0620836913586 16.1743005812168 7.56223845481873 336.684978961945 5.1420761346817 0.596682846546173 365.782615989447 5.07761144638062 219.918922662735 1206.98422113061 877.184068500996 109.084701359272 33.3020142912865 1.10587108135223 1684.55305349827 23.9572707414627 72.9746228456497 55.3972347974777 17.4282234311104 1.15252414345741 0 7.49685549736023 0 51.3764391541481 30.7769116163254 0 0 0 1.87088799476624 1.12096720933914 0.718915700912476 0 283.183108687401 0 501.944624871016 5.47426331043243 0 0.617013812065125 18.7283723056316 176.627301812172 155.106889486313 0 0.89622950553894 8.97965711355209 3.51746773719788 2.72626447677612 437.718032240868 963.376029998064 730.815061330795 6.29782325029373 0.762539446353912 0.852174520492554 60.9166975021362 0 0 16.2087924480438 0
163.377197146416 2282.75262400508 12814.9156555533 4.97599202394485 18.6756905913353 103.814533740282 378.67227679491 554.957080841064 182.214101195335 47.9612895548344 9059.30544170737 28.5883714854717 3281.68390506506 714.836973041296 14.4042161107063 78.597294896841 7845.45003539324 6438.09077113867 10870.7476758659 15.3909581005573 494.027534455061 386.477979838848 2501.98731029034 169.783910781145 2890.30467715859 0 31118.0232070982 271.362033814192 422.318816721439 776.966098546982 2221.27664360404 43.6960482001305 65.6504783630371 3615.77173659205 54.2273136675358 2763.47649237514 1980.82423007488 4838.84187570214 1090.65022456646 141.339936494827 15.1435108780861 70.2859818339348 213.47537446022 216.370495378971 385.275120377541 150.311024188995 12.3102877438068 3.52306604385376 3.67201066017151 10.1659808456898 329.713165283203 586.47182571888 0.964635163545609 0 2.51076447963715 27.48618298769 10.0227301120758 10.5810368359089 1.32005655765533 276.665570825338 0.912731647491455 526.968724995852 16.2773323655128 0 13.3058530092239 318.722672581673 392.967405617237 584.964078754187 1.92027699947357 16.8711780905724 48.0108208954334 104.448300242424 11.3658272027969 1004.22197756171 3788.3300088644 4335.58730617166 11.6327642798424 11.2062963247299 22.8978804945946 91.4301070570946 0 1.86865398287773 157.761475712061 41.752192825079
181.24877923727 10635.4900486767 21109.6294279695 42.1652527153492 10.577773720026 141.686275064945 1125.15643194318 523.784035056829 1579.12473359704 86.4824954867363 1600.21946597099 41.3692356050014 4769.37592107058 700.307470947504 103.265792578459 7087.40562576056 6333.74475249648 786.503526031971 3026.98870012164 23.3774799108505 2344.96817103028 9530.16165477037 19160.4181842208 3259.75600233674 6118.55267095566 31118.0232070982 0 3114.50563964248 537.095032423735 1322.06542554498 2115.5135101974 29.2760325670242 141.7035844028 4828.23304665089 356.936636596918 12258.0769053996 4464.26196041703 10033.1926356852 4011.85326427221 890.414800405502 77.7449300885201 87.5217058062553 996.609717696905 563.048092067242 1175.24461150169 533.068523198366 81.9021041095257 23.2890461683273 2.90478581190109 21.9107596874237 547.86233201623 2705.7442432642 5.37701070308685 0 10.574254155159 211.195938467979 53.518884152174 52.5984345078468 21.2157056331635 173.246840178967 6.65754464268684 292.824246019125 75.3403570950031 3.42771431803703 606.086516052485 871.928070187569 216.115709900856 578.43787753582 13.3433409035206 187.113395243883 855.96293643117 3209.3908778429 182.015904068947 642.9117628932 4038.88441506028 9198.1268466711 199.253619968891 41.8356909155846 116.337836623192 51.2623510062695 0.530977129936218 5.16961967945099 422.845229744911 180.574540913105
856.916980445385 166.681161463261 1772.23571154475 18753.7411561012 16.8689503967762 1638.58172991872 27015.7638132274 1552.14187335968 4369.74976304173 9049.55152624846 63.55789321661 986.872103869915 12.6837687790394 1778.30138292909 193.410771787167 5352.66655921936 241.390768617392 7.07850635051727 39.5189818143845 5236.4715501368 12735.5291037261 2533.52615213394 10456.8953632414 30125.3914510012 35.0620836913586 271.362033814192 3114.50563964248 0 2518.8918865025 13767.4389955699 0.719296336174011 15.0289924740791 800.029940038919 2381.75313854218 227.957640826702 5047.4716385603 247.078626185656 1806.6218405664 1000.54551485181 994.344857662916 190.334261804819 23.3745641410351 472.813457429409 24.6640066206455 245.373962968588 84.7222531139851 233.870203644037 30.9590801000595 3.74689078330994 136.765326559544 9.08568876981735 70.4891818761826 490.48861438036 5.94761845469475 198.918098330498 1425.72558283806 323.417494595051 542.546728432178 688.164626479149 17.1393554210663 187.474330067635 1.85838210582733 385.646548837423 42.0393328666687 301.397720932961 13.9237956702709 0 6.71735447645187 368.392874926329 489.757107406855 150.619114637375 504.720351308584 2894.53679984808 0.488085180521011 24.8130017220974 295.368429005146 3014.5320456028 361.378221958876 282.163536787033 0 0.454232543706894 48.3374354839325 213.34150749445 68.0079667568207
10068.3591960371 58.1810202300549 282.556722313166 218.491519212723 294.555164694786 456.112260192633 3380.095125705 1510.5258744061 577.709378957748 1047.27595376968 552.507898032665 287.007700383663 90.4033282995224 11080.0674975812 38.6734275519848 186.260161489248 391.448395013809 47.0833954811096 143.824443161488 262.887536287308 932.800637722015 353.014839977026 968.646918654442 1207.08931651711 16.1743005812168 422.318816721439 537.095032423735 2518.8918865025 0 7843.3172198832 3.0784569978714 2067.71006122231 12922.652967751 6170.55862423778 143.304425507784 1934.3692303896 94.8550301194191 1583.62926095724 385.870531201363 1115.22176298499 486.730015426874 28.8816904127598 71.212587505579 8.75836491584778 50.0941364169121 21.9267831742764 29.3189263343811 5.88234588503838 0 23.5619511306286 4.30302646756172 24.1580703854561 8.73842576146126 0.869821310043335 13.4915766716003 184.395908534527 36.5560210645199 57.172145396471 28.0382972359657 1.67894956469536 7.71543085575104 4.31830060482025 57.2845169007778 2.25550067424774 39.3189058303833 10.7482093572617 0 5.9726320207119 5.39579564332962 69.6485362648964 24.8992345929146 96.427884042263 338.145986109972 0.779894649982452 33.3595868945122 56.1432057619095 366.805575102568 38.4367240667343 42.5073353648186 0 0 8.65525031089783 25.0872002840042 35.6028695106506
4229.86416682601 112.617313295603 2810.95425227284 37.8118659853935 6.35061514377594 311.050673782825 11101.6082177162 1981.58429500461 800.196745336056 165.399097025394 142.88860860467 18.2806359529495 18.0195416510105 4184.2918253243 15.7003066241741 657.804971933365 1678.97485223413 36.7456628680229 206.081296861172 23.8264595866203 19750.1909154654 857.206274718046 9951.41118183732 1599.90968930721 7.56223845481873 776.966098546982 1322.06542554498 13767.4389955699 7843.3172198832 0 1.56856432557106 9.03509122133255 882.958230882883 3686.07096993923 145.157964110374 2298.44443616271 199.750938117504 1965.15611615777 755.595443546772 412.111985683441 74.9857911169529 8.53933265805244 172.747570753098 14.5207648873329 128.472651541233 34.6214765906334 32.3150383234024 4.53218445181847 0 35.5974458158016 7.91510751843452 90.1909430921078 5.69435507059097 0 13.9380784630775 248.002317100763 55.0536127984524 83.1752277314663 26.1065849661827 1.80965304374695 6.58450961112976 0 63.8677540421486 0 134.788671016693 26.6486282944679 0 4.44885903596878 5.74350661039352 139.456823378801 85.8616364300251 260.081038504839 438.64097070694 0 27.6853761672974 193.142731428146 578.716052263975 77.4962306022644 69.3668674230576 0 0.932675629854202 18.0022419691086 64.2552351951599 40.1306528449059
0.889793664216995 61.5951696634293 10.3723766207695 0 0.577319741249084 0 1.62637820839882 6.65499019622803 2.66555431485176 0.720263302326202 892.568559408188 1.29452788829803 2636.93523982167 7.41097232699394 0 1.93183666467667 13.1789806485176 162.402567327023 35.8739004731178 0 2.0047562122345 12.6358022987843 1.68823975324631 1.92160379886627 336.684978961945 2221.27664360404 2115.5135101974 0.719296336174011 3.0784569978714 1.56856432557106 0 1.40006566047668 0 66.6951494812965 0 28.2212190926075 122.200315862894 179.634669363499 12.7373479604721 1.6743546128273 0 17.3426481485367 0 3.6318479180336 5.77976429462433 0 0 0 1.34407150745392 0 2.76346111297607 0.675728917121887 0 0 0 1.32303094863892 0 0 0.603081822395325 49.7533683180809 0 104.865516006947 0 0 0 0.53496640920639 21.895156621933 8.1717181801796 0 0 1.65704989433289 0 0.55345231294632 66.3708215355873 105.674848198891 81.552148848772 0 0.546030819416046 0 14.3238559961319 0 0 4.52345585823059 0
