0 121.013732972173 97.6255269213349 87.3802860463282 69.8460002941278 73.9093932379506 40.7668337578378 46.812153540976 66.0005353248398 82.1758190392646 95.8927415353083 99.7737051329146 124.068385616053 20.0692691769754 99.2460293582901 92.4840198818342 91.518235327222 118.379164730573 113.142583683362 85.780681648388 71.514300570881 75.8949110436843 85.2255037944696 75.481260012353 113.914863856059 110.197424138945 116.218526072938 76.3289009648875 21.7069205650086 33.2057101986059 135.353274188437 82.7991173753781 27.9357953465896 50.8341277149364 103.016938642253 66.4295112154375 83.093150629625 68.624501955443 77.3925051717285 55.9517369511851 59.3016932993159 82.499910799926 153.127623820362 135.941513313427 146.156109986135 138.622159561738 137.435584014966 149.891876714153 0 133.669893608674 149.414099034396 159.527879506866 159.071051446197 0 150.580427451751 136.798486736604 161.059792156245 89.8873231003023 164.340623414504 182.853958129883 152.426089084889 192.468078613281 168.740104832339 157.303527832031 127.3222314132 0 0 236.107833686711 134.303514327582 130.177192747316 97.5140821037784 149.313227716683 122.856819709366 187.525211244701 180.682696896797 159.560135780183 127.230576729508 157.992933109239 148.276225178829 0 0 146.342514285044 137.63345146962 156.905017006502
121.013732972173 0 45.3978193435836 111.904662316129 115.159758698319 132.80571752583 121.668927079538 115.567240786573 74.6350907228634 144.586106022487 56.275409695308 121.290431713122 41.4975011308111 116.225056466297 112.957542866524 61.5347082099279 54.91798080824 61.8850254660831 54.7102069911375 162.047917197216 94.811255126047 29.6892896953555 74.6337594334944 80.9688852980564 23.736919819179 43.876948973042 27.3769580056148 101.285681980625 112.938809760352 103.520714433317 60.8897769538291 98.4346114635114 102.881975315869 56.6138602880525 127.561394338018 71.0052060628217 43.2178570106125 51.0039547013722 58.5787882064556 93.1872893344126 73.4800052267944 41.3678806918771 99.9940910098625 68.1495133755123 80.5416024228349 88.3375191665656 89.3146133422852 0 0 139.464326883329 26.4833928021175 73.4270139254115 166.787567138672 0 229.841334028681 147.822314107145 209.152649654258 105.529018392022 182.334142509885 71.4925806953172 115.139624724515 62.2901128884466 166.381375926433 0 108.161572929399 75.2734292534337 87.8885456914894 74.7707741602328 0 106.778914153699 53.103608848963 104.144112802641 162.075532031616 42.6011336689077 67.7416087586384 64.2389630958899 166.923963535177 137.718240137321 117.197531927027 87.70887693993 0 0 77.9551785386119 126.264606437764
97.6255269213349 45.3978193435836 0 132.479272704359 163.970199584961 114.494516775017 93.5708026959529 109.476388800631 96.7370937808892 121.353432963625 76.9743389551531 144.437137503666 90.5951955825574 107.184557225694 130.553934007747 85.2690169942249 43.0928867603496 84.0342372117808 66.3615378536214 161.184596256343 63.5204719121469 53.9724054434723 37.5071330224581 101.722708345391 76.4421067821861 31.0449788914741 37.8613617517594 82.1687790750227 107.022030551467 75.5997569343544 93.2400858037163 120.694907244092 95.4459765615012 60.9565881163332 128.138747201962 70.3031183497269 40.8791954750011 54.3017887979683 61.0750169113906 88.568212294804 99.5960492708599 83.8703938744689 117.99040944703 88.7158938877791 103.307399401162 106.717442513797 138.203077740535 116.253088998343 104.841986740924 163.879106510037 60.7371068534805 92.8296071147332 174.781705804435 0 193.781225787738 156.431681517998 168.582727662764 128.494373904337 182.305204203421 138.201171977719 216.453803476489 130.685551644741 170.452281589876 153.788391113281 115.383723727762 102.746583156105 137.079924948948 115.287717499649 181.581218969273 129.663769218975 69.1043761373636 106.705082266239 146.909983924694 94.3824020254461 100.091094966177 91.1075799676175 159.141937138032 183.494418153589 138.412069161051 144.522949387335 0 185.070402399828 105.456056619318 147.087764453422
87.3802860463282 111.904662316129 132.479272704359 0 91.4316900141426 63.3293164075346 46.8728032773857 95.6484557900371 56.8004180023268 26.1863863871552 143.110820042062 43.9546606325751 133.725043592759 107.038567973982 65.3946228346365 110.263311545531 136.063786722957 0 175.262794541788 13.5420968032946 115.222348138067 94.3497545281906 114.231370188779 26.8627408585727 231.912506103516 150.033055990578 129.836151957136 19.0613367390474 99.2564015778261 100.185211011929 0 142.964141845703 90.0546717073876 102.594387869762 124.906114926771 91.7426769831686 121.866695476382 112.392321021928 104.176443822719 83.0676440576702 105.755216227128 140.061793493409 114.138635947748 0 159.011941952487 0 107.140741160742 0 0 141.52323091297 157.407525172669 198.399389012636 69.8691181776837 135.872967088557 138.67506333709 136.818029087619 157.122218065255 80.1453643140553 143.159815849869 154.148971557617 34.6946718364865 0 161.83787518509 115.01075037384 161.729213436892 0 0 0 86.016207935341 130.365256591419 164.012648257061 176.583959181788 111.840091331337 0 211.807266235352 193.131824965979 133.852206637141 163.57271342113 193.557144165039 0 0 0 170.886787474857 124.776755364957
69.8460002941278 115.159758698319 163.970199584961 91.4316900141426 0 16.6253222709583 107.281511700724 28.3391605457836 55.0260237571092 112.005062945686 60.0145223038015 64.278351653478 68.9505271226051 45.227405498941 17.1624136647031 0 80.3914489746094 80.0765151977539 98.4277420043945 113.404127474835 148.363635010938 105.658412241695 125.49070186157 75.9140974771506 121.933944702148 108.645233609977 135.456624767736 109.790238586637 25.1743933026472 103.779172270206 107.060241699219 11.5453325799654 0 16.2641882359795 0 61.403607972016 64.9549838634189 45.3794833502939 42.0421117486296 15.7212227592136 9.26080979872675 50.9255871449503 219.858139038086 0 0 0 108.271697172667 0 80.7236480712891 0 0 0 210.235076904297 0 156.461318969727 209.633077076499 0 80.6689316551391 0 0 93.27839129584 0 180.583755493164 0 0 0 0 0 0 0 0 0 147.550634231619 0 129.182490647597 173.529602050781 164.719812320885 221.308731079102 0 0 0 0 0 0
73.9093932379506 132.80571752583 114.494516775017 63.3293164075346 16.6253222709583 0 52.1123316465328 20.7845620667361 64.7895611888898 37.4415269018546 103.067878047602 32.1925750272759 98.7157499492283 54.2126691630685 21.7295257750084 128.779713224318 119.257846654032 134.900110455088 127.542975233936 51.6637837466016 101.343965863867 110.371789370985 109.801540225474 72.9335411293246 132.816063434946 130.95265745252 135.922225931748 75.1907998215576 73.9969687854895 79.870981467999 0 15.8304259371366 98.1658882861582 46.3387207746604 27.2326909700314 95.0890431018557 118.707924558569 93.6261529690424 75.7643400582448 22.7174161688449 21.179469682169 76.2616071856346 145.031949481373 219.93440246582 166.926634342996 173.579332104975 125.66978676449 169.16425775019 191.079925537109 156.538475488337 145.063131965171 165.136850076992 156.824770098423 149.485913377302 156.855465530461 145.385663142565 163.844900550009 102.470624323503 158.113662182724 212.73640964264 105.446615504273 0 169.902573038252 117.74106051474 159.550546652976 196.373510476597 206.557052612305 0 143.653745730009 168.292710566217 126.665075700631 176.531932603149 123.055186718432 0 176.254565449115 178.847788493085 146.733044122644 179.766713364058 164.520842805014 0 0 0 173.221680830035 167.304329969048
40.7668337578378 121.668927079538 93.5708026959529 46.8728032773857 107.281511700724 52.1123316465328 0 58.4873719907345 58.9107040512302 28.1589354839895 123.727973316319 53.1782351525604 128.943897390598 42.0624028980152 77.7896705742769 90.5796657919444 109.133286582981 145.747679459564 135.436508278469 47.5371039909611 74.7543565555799 83.5435642188904 85.2806111649107 55.3226710667349 142.864541921949 118.952265438891 108.257523489275 40.5249439558543 73.3293108458916 31.1813810470217 155.091516668089 123.1716925547 68.3434824503982 83.1121025096226 116.18893013048 83.9242522248231 96.919028122613 88.3097958376416 93.7350539952336 80.0870343700735 85.8430576563876 111.254354585459 146.212335536833 151.943870830381 152.670672725389 155.291654307767 131.171395763458 164.362312839924 241.072525024414 137.345981530895 152.001893088694 158.913734275553 139.198378051247 196.864639282227 146.050517541021 130.960091360735 146.40175497625 86.2783487597781 147.22271238718 189.560186243235 116.937631728254 216.661544799805 154.29778485944 130.012388174259 136.864647145849 171.435878984421 201.113983154297 200.703441700684 126.835561093051 135.7739771967 115.837840263022 154.517159568217 111.139676301562 179.268951258981 179.787948718367 153.241820196616 128.330192411661 154.304973428426 146.151983038225 242.959060668945 189.919087409761 142.819077872371 151.08659531164 156.865569977311
46.812153540976 115.567240786573 109.476388800631 95.6484557900371 28.3391605457836 20.7845620667361 58.4873719907345 0 81.3943243773667 54.0246107094592 70.568489004873 76.9747907295178 74.7814180506229 24.9651349200008 37.7859986645755 116.689305083121 113.074019502425 109.771195766515 121.359853142109 80.6630199113758 97.388430150467 105.601736362744 105.32974815611 88.4262544747361 105.75054475193 120.364367394184 128.637397647607 90.644337952274 54.3903709920018 70.2253410954533 111.787227418115 27.7892928082622 82.9045218505006 38.7512937901582 115.996750699243 86.1156301502799 89.7544441147154 70.3732871622203 68.2918584598572 31.9179965652577 25.7629030765709 61.1922339245225 166.73566322613 148.821777368983 171.486920156621 152.03571232882 172.900705938925 193.785010827535 68.4431838989258 166.743260303761 139.668852154245 169.699800521986 166.04566099582 0 164.245150605889 150.064739353581 175.355114376977 105.853478089164 168.155277442014 142.806110941872 147.330562872581 111.644369044636 179.268245188927 152.327202462471 148.399347376574 176.887889666921 156.366468965343 180.138485521233 153.777111880207 162.644209921501 130.927890206135 170.190523250018 136.23801318425 129.182626244024 168.029687096429 165.9604441763 147.492217848756 182.606631367461 165.552488881714 0 0 161.933185670709 169.290038978683 155.592756052096
66.0005353248398 74.6350907228634 96.7370937808892 56.8004180023268 55.0260237571092 64.7895611888898 58.9107040512302 81.3943243773667 0 69.992125551096 130.641725296611 25.5328234852208 115.285493449478 89.0637861984519 26.5043749063847 59.6945504383727 119.915810653061 134.075726022747 125.292074342954 56.4622903900136 70.2821853379738 31.0248500205978 94.455590748182 23.9446826636832 96.5971710954915 116.899906363522 91.425304666523 54.8238123384332 81.0281429750046 65.5901157300523 154.95653537454 86.0958471475275 67.8827254561714 91.6923746470398 131.218728057973 64.2901113087567 98.2334607001756 95.2575630738864 93.1048760934165 29.6293124801435 83.2363106684077 115.500500271567 94.4895490898162 156.775452286891 129.049255307797 119.539929810866 71.6748680077254 106.607391611718 178.946624755859 102.037641951843 120.986298077245 151.805809009818 85.0834077602576 80.7181961892748 98.7625946233412 85.7769309127385 112.48078282569 33.5885434400841 93.3950536200999 144.391826628037 57.9324205362401 141.031227699906 118.03146033541 66.0591936374594 108.341139093173 140.314608483595 184.013139524503 140.055892944336 81.0962280310077 98.7691391379733 102.493332277793 126.103026404801 59.8931208176315 132.538837458266 165.007152286982 139.004236646702 85.5231091895657 117.435965946682 110.330041658192 0 188.559875488281 96.1111897165431 107.255786950509 153.3355495565
82.1758190392646 144.586106022487 121.353432963625 26.1863863871552 112.005062945686 37.4415269018546 28.1589354839895 54.0246107094592 69.992125551096 0 138.829811222542 24.9188037661281 145.158996964799 73.460579141546 74.2488205154706 132.988754367067 144.263701236441 168.338312355263 158.571068680107 19.5265232442031 105.01834171068 103.964039448449 112.504132677467 57.7843872127076 172.571752353237 161.186127605783 138.999217239277 38.1016299185358 100.053767023037 96.964768693019 182.84033203125 129.616339627515 97.1382325002744 100.938879920201 65.2249532285417 98.9201913861834 122.936246324448 105.517051761066 113.830572239399 83.6787735372497 101.703567626848 126.505187741665 148.6099724614 152.585556465358 172.594504980624 182.725170686579 122.181870612868 190.071394845549 0 155.010588768224 163.819061279297 203.122148492282 124.755097117876 170.668298845739 157.255278892528 146.124730365896 162.983807527954 95.0268517088843 157.151794741457 204.083732652624 116.897887989984 0 166.564243067273 130.217994234781 162.936824478231 207.583602905273 0 192.474945068359 142.706114536412 164.672719681287 138.024442090794 171.155997279799 121.394898519514 195.325942993164 0 176.405873645362 151.439133196785 172.61539465009 175.487625031687 0 206.879531860352 171.388165482986 181.682173738861 187.817555533959
95.8927415353083 56.275409695308 76.9743389551531 143.110820042062 60.0145223038015 103.067878047602 123.727973316319 70.568489004873 130.641725296611 138.829811222542 0 131.570451878629 23.2673025136968 74.3725652247024 125.332556440642 122.060605253278 47.9332708511219 21.3573934996437 25.5728397851153 133.031689920327 93.490681419837 86.9471267211227 90.103579291169 140.266675154787 29.3119827094721 28.1157205526852 59.100492059798 134.919136478512 73.8141689609939 103.106323198428 34.8494603053795 65.9148916686268 84.2372681569191 23.2770726180359 122.756187479458 74.1869521303276 23.2022454282923 26.9399218421483 45.4958181273272 62.4753035284147 51.7360143396107 14.103188597707 136.663429932233 54.7402865160988 103.441370703952 147.387535678947 146.871841430664 0 57.188138771166 196.080963134766 86.1706682887332 124.888201565288 225.100646972656 0 213.615341186523 190.425093966393 0 162.571516862787 197.012619018555 70.7640468315929 147.773513793945 62.7733349169521 183.324771484965 0 176.928705734222 132.513110747698 91.7358993322424 97.9291253399467 0 186.073563738533 129.717888550091 152.922372045271 179.208978387053 56.9258221528743 96.4992346190797 96.1085930557126 194.114694249022 213.298630435168 183.453961211486 87.6201727255746 0 0 105.64024318041 118.995386358386
99.7737051329146 121.290431713122 144.437137503666 43.9546606325751 64.278351653478 32.1925750272759 53.1782351525604 76.9747907295178 25.5328234852208 24.9188037661281 131.570451878629 0 137.811779332126 97.2594331250262 21.4902223023934 175.157312326368 182.315972134654 161.917905928145 161.575935950336 16.3765306231779 143.951747336926 77.5901031389776 132.470784127011 34.768043600274 148.654856144839 158.85592385307 144.704582946136 58.6146963024769 104.334698665916 141.500448372705 164.030334472656 112.871626892055 116.288377317702 103.526771202511 30.6649738456274 86.8253710356961 134.865919414159 109.335242961437 109.215024927445 41.5794285956887 101.712584648745 113.130757156338 80.0772806061979 0 173.189693787633 195.804462374532 86.0173814476364 0 0 62.2933387756348 0 171.929534912109 121.875628972445 99.5105685268119 97.159738390085 136.291974273369 141.900052927086 70.4053548420607 103.153984384542 191.562455498164 38.9156722402933 0 130.081344299107 101.415471586801 194.922058105469 0 0 0 93.210074280772 0 129.887699011386 164.34089372238 104.615671266812 0 197.191253662109 227.627233687193 132.533432498768 183.479275759465 163.388628707028 0 237.943828835338 0 148.935068887269 167.375985691061
124.068385616053 41.4975011308111 90.5951955825574 133.725043592759 68.9505271226051 98.7157499492283 128.943897390598 74.7814180506229 115.285493449478 145.158996964799 23.2673025136968 137.811779332126 0 87.3660495220581 157.961624145508 117.974244498554 79.6455321239809 41.2814053978934 51.1892127951253 150.705958595701 118.914313895733 77.5862930291389 114.699811282678 128.354752742355 21.9581328316185 29.5509794604374 28.4441407420764 148.592540682331 80.4521549680674 116.024505780836 12.2375713063372 73.5840341446378 123.637580871582 22.2353396220651 76.5625802013812 36.1100525822879 22.3952551606349 30.0048718327387 25.3142192205315 49.7340533921908 19.3047260841098 11.3669571889862 47.2742847975906 46.4030175858188 72.8332094240326 30.6787831944038 106.3892863616 35.1226183093238 30.7218410225923 143.671012473118 64.7233044618271 123.911672302116 0 0 126.657213194903 188.777976823936 116.700019694529 145.250999343571 0 63.0892458875592 211.535064697266 58.9428519912835 117.162044479699 0 175.820724487305 104.069875321155 82.6158442842317 89.7301639157132 195.186218261719 131.689722407881 103.55091874992 171.457382015116 168.495732158606 48.3443778863474 80.6897273939076 83.4894875720946 187.763827345466 108.259500036593 153.079334562758 80.3217362534023 0 0 94.9286400904119 88.2012779114127
20.0692691769754 116.225056466297 107.184557225694 107.038567973982 45.227405498941 54.2126691630685 42.0624028980152 24.9651349200008 89.0637861984519 73.460579141546 74.3725652247024 97.2594331250262 87.3660495220581 0 54.412409196493 111.50769785878 110.864142902732 109.904627735346 116.037696424424 97.6141151181494 94.267473848667 100.503298874659 102.908339777216 97.1061110038254 98.6995924759648 116.759728852845 125.64640786277 95.2913716933952 28.7441724396608 62.9137704978736 109.464592663926 22.936080293667 54.7498242631162 47.4084110578144 118.655834619413 76.7194082242474 86.8833465963704 67.8877775857126 75.6979158882713 40.9417157958194 51.2978789009321 70.2733146343506 163.522133377374 167.468008401504 171.067457192635 147.031699527154 156.1969852939 198.197060316994 86.9412689208984 158.172304126437 153.175697759005 166.179618056175 169.876273726314 0 180.025778188358 157.699195261701 176.67186091429 123.406976131332 178.498663588182 165.685279578232 162.826437936158 112.591255038797 182.259750701178 156.944817809331 153.305930387142 176.191493918605 152.74388792538 139.417886249066 173.803961211811 157.114815192201 122.523939688566 175.619774979852 142.408553544245 132.689679558653 169.735343912548 161.903400472997 153.791388741971 183.100799491652 165.553640914597 181.108729479311 222.706893920898 167.624101903648 170.905754049453 128.473976572062
99.2460293582901 112.957542866524 130.553934007747 65.3946228346365 17.1624136647031 21.7295257750084 77.7896705742769 37.7859986645755 26.5043749063847 74.2488205154706 125.332556440642 21.4902223023934 157.961624145508 54.412409196493 0 136.871090829641 150.274283864329 114.66998230258 174.980377197266 56.0305104292529 130.933744325302 77.7975886824639 121.852524272376 45.1491153087249 137.333769855433 146.142104036926 126.553100023009 79.7709106601292 66.0458516246997 93.8030739051667 0 36.9635687239537 129.186378645999 67.4678309684437 68.6696185527683 59.4984852849729 121.249230856742 121.490282899897 119.014032590264 14.0168627538418 41.9104513817928 0 128.830568338194 0 160.934304618356 0 88.3527456624331 0 0 0 146.118408203125 0 120.664370933229 103.209846496582 131.166963375897 155.428148476309 158.516850849848 67.656717948485 128.791804583908 0 86.6686046084752 0 168.580414450763 92.6596283221582 0 0 0 0 122.829368677854 179.960906982422 106.109051668889 0 89.8387112897238 0 0 201.450015865723 136.587893011598 179.325766449117 165.623020230717 0 0 0 217.853210449219 0
92.4840198818342 61.5347082099279 85.2690169942249 110.263311545531 0 128.779713224318 90.5796657919444 116.689305083121 59.6945504383727 132.988754367067 122.060605253278 175.157312326368 117.974244498554 111.50769785878 136.871090829641 0 103.631422953417 211.97673034668 126.176200531979 0 20.7486603342033 33.6536576818821 20.5270951132936 38.8314272972119 109.701156533518 113.689240240354 33.5602900207755 35.1816284512311 92.3108239985925 78.0424832946378 159.06025354505 0 79.5121415943873 69.1363131785597 133.168509228083 71.7805778799257 54.7531766224755 71.7476384875343 75.5879494007995 83.7116538096543 95.6382511019674 109.874081815308 110.776056996159 97.1765684525409 109.288610296767 114.583124160492 133.952467317299 154.306686055681 0 132.903321918055 137.42407728109 124.349065215451 177.472091674805 0 176.282319674051 132.555370026476 161.684039595982 95.5173806288637 174.856990498435 156.662273495199 199.837326049805 0 159.673345590814 0 96.8072919178824 136.940239138193 0 173.815122541448 0 111.444090093089 60.0706401984747 103.900567627923 107.947923613277 0 158.626642678654 104.923520584825 119.478908057882 141.064712775797 118.67247541129 0 0 123.041232551525 111.592557655752 155.928549612924
91.518235327222 54.91798080824 43.0928867603496 136.063786722957 80.3914489746094 119.257846654032 109.133286582981 113.074019502425 119.915810653061 144.263701236441 47.9332708511219 182.315972134654 79.6455321239809 110.864142902732 150.274283864329 103.631422953417 0 47.6269151665236 21.7687193516739 161.006422748747 55.2808317974495 81.0191297512618 33.4152101565782 130.617884631286 69.8135522239516 41.8293360342767 65.0790759006932 106.565548588822 95.1985204922003 73.3383817209467 95.8287061554649 91.7359900779271 83.3462093165893 39.8843148141306 131.227249302412 73.0275531488868 53.2823578832906 49.9778203517074 60.574229911564 95.8366840271426 98.4661704952876 144.529501909207 134.9493085959 102.082083833609 117.341011649247 122.427109940401 157.241624285954 139.143917893436 0 161.312210083008 70.9117961900134 106.921639177481 194.624664306641 0 200.9814453125 168.585561855714 184.176566243914 148.59948219106 206.233480657934 135.534407026121 0 130.267555734897 199.045315158867 0 142.93790051098 116.02982449499 135.503392372059 115.357753598051 172.331481933594 143.887071537701 90.3169687242928 131.429231209432 162.989723657255 87.8568580552162 108.046709892269 103.863096482942 191.858616129102 182.014740284407 162.325391599361 131.923251411383 0 0 119.310120469112 142.102033442949
118.379164730573 61.8850254660831 84.0342372117808 0 80.0765151977539 134.900110455088 145.747679459564 109.771195766515 134.075726022747 168.338312355263 21.3573934996437 161.917905928145 41.2814053978934 109.904627735346 114.66998230258 211.97673034668 47.6269151665236 0 15.247498693709 163.911571417125 112.462879802586 93.5547294113331 100.495299597799 144.089691948002 42.4772535946412 23.2710817457289 60.0597883337883 141.576276875588 112.173388545009 117.45249027957 47.2188607671741 89.1398240928128 103.532487821911 54.1433073691964 143.183658980417 85.0306444068751 45.1190425736514 51.446970164404 61.639720063784 93.5218747136071 75.2414656829247 55.1320955900724 151.839983746964 83.2292425955929 122.292791134374 113.637329101562 0 0 0 0 88.8276311665695 137.404633493195 0 0 0 216.435421938386 158.582580566406 164.347506125879 0 88.1675647292955 0 80.7621302015646 199.664115834663 0 0 132.117149183559 96.0240145237372 112.471925380635 0 207.317749023438 122.515253700221 141.968913095491 213.305117404711 66.2983986405252 98.5942865123431 98.3838907318229 217.937530517578 246.770843505859 0 101.053176058515 0 0 116.705310283901 153.728100330856
113.142583683362 54.7102069911375 66.3615378536214 175.262794541788 98.4277420043945 127.542975233936 135.436508278469 121.359853142109 125.292074342954 158.571068680107 25.5728397851153 161.575935950336 51.1892127951253 116.037696424424 174.980377197266 126.176200531979 21.7687193516739 15.247498693709 0 155.736979626995 84.0088697884912 92.3078233147025 74.8735552334147 139.830121750702 45.3727021234099 32.6321307327505 63.2222938259916 143.459937752643 104.98401501446 97.0016959956893 63.7344043635045 80.5838404834105 100.376160332691 45.892123636065 144.133691925656 85.04445544092 51.8824731587673 51.3155879208088 64.7031531674695 102.111661749121 124.849825055184 61.1885220298369 140.726713474222 112.257164105658 121.814778309709 127.13354621085 0 0 0 0 74.9265746030617 122.457285921698 0 0 0 186.305741362522 214.374252319336 171.144430596356 234.829293334805 99.1903214181191 0 97.180446530333 191.980931611595 0 182.998958563107 119.272568236659 99.7104208179862 107.737349897495 0 0 104.491762252188 152.973594386381 204.274138320556 74.8025789703681 99.1477538928867 100.399689694255 207.194862676561 0 159.855077110171 107.784422613578 0 0 118.679243747835 158.912042946517
85.780681648388 162.047917197216 161.184596256343 13.5420968032946 113.404127474835 51.6637837466016 47.5371039909611 80.6630199113758 56.4622903900136 19.5265232442031 133.031689920327 16.3765306231779 150.705958595701 97.6141151181494 56.0305104292529 0 161.006422748747 163.911571417125 155.736979626995 0 158.667376257659 116.343307505169 146.120314802342 28.4986060835454 161.150289150939 174.170530631735 162.939346897683 28.4731022872802 104.129594567808 121.986259418152 0 122.38465833488 102.810086845718 100.819284200426 83.6656134166286 92.826466149489 120.544399124829 103.90865829991 107.638141825969 75.3686952540005 96.4119360569244 130.52975408351 117.64751588275 176.920074462891 168.894642765082 170.932418823242 106.585457238161 0 201.330810546875 150.583237313116 182.591445942005 203.746856689453 73.9728043271841 142.922825106795 128.981824742692 136.532820161799 146.170572197881 83.2334421338806 67.6506335804662 143.543505057353 46.2203761671243 0 141.924421688337 126.323875617858 0 0 0 243.500885009766 83.0727529966292 0 128.758032775829 186.609664115922 114.327236151734 186.757690429688 202.684356689453 174.770098272647 139.986414971356 176.867962579182 174.052528032587 0 0 151.73127746582 163.849807879796 159.186484301208
71.514300570881 94.811255126047 63.5204719121469 115.222348138067 148.363635010938 101.343965863867 74.7543565555799 97.388430150467 70.2821853379738 105.01834171068 93.490681419837 143.951747336926 118.914313895733 94.267473848667 130.933744325302 20.7486603342033 55.2808317974495 112.462879802586 84.0088697884912 158.667376257659 0 58.229394882906 38.6924780121842 36.9937342475976 126.025015156285 89.6218979108872 79.4040717098019 29.1429839192733 79.0122967264646 33.5098649323872 133.339401245117 150.060383589246 66.4004637563363 44.4904956694974 122.866647587336 67.3198973077085 60.8501028505611 59.5250713518906 66.4077715236319 78.1695376714999 82.4666986551608 113.390831219189 126.765326357154 111.885641511625 132.551168475242 133.741241964525 145.207522714998 143.708860987984 143.609741210938 137.260653577762 120.005436994659 134.423689054813 154.613645799634 0 181.118730756825 142.693174066806 163.052474891894 95.2918741108311 182.161176979224 179.366338132185 0 0 162.219427882494 173.470336914062 111.482476426321 150.29730084863 183.785410682655 159.32857046466 111.111343383789 118.612267115083 77.2669785577638 121.129022126896 113.117898611452 174.384187734801 151.983059694822 126.946622863069 126.569750693748 155.082704183889 123.809054310677 0 209.889343261719 139.100140096813 127.401285564993 149.572317243561
75.8949110436843 29.6892896953555 53.9724054434723 94.3497545281906 105.658412241695 110.371789370985 83.5435642188904 105.601736362744 31.0248500205978 103.964039448449 86.9471267211227 77.5901031389776 77.5862930291389 100.503298874659 77.7975886824639 33.6536576818821 81.0191297512618 93.5547294113331 92.3078233147025 116.343307505169 58.229394882906 0 52.8048333758172 37.162732734742 61.4930103148343 81.657952269185 40.4495045232887 58.2638660147012 81.7126627195971 66.8876863720612 97.2987525994799 126.457114477345 64.1280491082328 64.5343427516284 125.310745933438 60.8977565496774 46.5157620898764 59.52317597937 61.2384960999939 69.1716311054774 80.520951000224 76.1964681762177 89.9143399801466 75.1610345963377 85.38866980714 86.4749781083226 104.293172559145 114.46219145402 0 117.762598994082 53.3392441087875 82.8522806766374 154.395562830704 0 166.249480736943 125.258761747345 148.132408899078 59.045673370369 149.756946152885 115.706154942099 85.238843658376 95.9485204820119 136.818329597453 102.642715454102 70.5027186347128 101.396164194688 157.948695800729 142.266917605342 111.912199487138 83.4869726904992 27.4788324929815 77.7493047978145 88.4598211158225 80.2023316174114 109.861029035163 74.0435283562131 100.509120208504 128.328265898203 99.2723501951961 143.524406617161 0 136.230765890141 89.2066697599082 132.139741815249
85.2255037944696 74.6337594334944 37.5071330224581 114.231370188779 125.49070186157 109.801540225474 85.2806111649107 105.32974815611 94.455590748182 112.504132677467 90.103579291169 132.470784127011 114.699811282678 102.908339777216 121.852524272376 20.5270951132936 33.4152101565782 100.495299597799 74.8735552334147 146.120314802342 38.6924780121842 52.8048333758172 0 70.9287137393709 111.616598017209 71.3144015852918 47.4838075431424 56.1299836372808 90.8274300914045 58.59886475098 138.2265306532 128.656761971105 76.9147060937104 50.9779847137709 124.957240633095 67.3962788494997 47.7491607708511 57.900889215374 64.0740586351641 79.0070767053376 90.5072356626423 99.5333065814198 120.922808472444 99.9616435797088 112.965018977134 117.716811925432 131.453165138389 166.320908404295 143.224103011823 155.861840295906 96.5304720598086 108.809402945896 169.230100015755 0 189.705116934993 157.850496357432 181.183134749677 122.808445039379 178.394951384382 163.021812912088 117.277982798502 166.782828103702 174.640214721296 239.524002075195 100.730877665993 125.624659244282 155.105114251623 150.848674224562 179.589459788693 126.550697635126 67.671900023402 108.960678003287 127.263425552704 119.325126048381 137.826908250635 102.574905767719 139.621601986772 158.524701176097 135.854999240455 161.89855243448 0 144.140589295846 122.872613675397 148.067494560412
75.481260012353 80.9688852980564 101.722708345391 26.8627408585727 75.9140974771506 72.9335411293246 55.3226710667349 88.4262544747361 23.9446826636832 57.7843872127076 140.266675154787 34.768043600274 128.354752742355 97.1061110038254 45.1491153087249 38.8314272972119 130.617884631286 144.089691948002 139.830121750702 28.4986060835454 36.9937342475976 37.162732734742 70.9287137393709 0 114.973394130738 127.075674653034 83.3153875027523 24.6542984612551 87.4844760549883 72.3558406813972 164.442013140313 115.708429696015 75.616882384583 82.3161050638548 138.193211129367 78.2577709536855 96.0296283875555 91.0685056752042 88.1843710704014 59.9685962842232 93.0527310962887 134.306200960523 124.798568172736 139.935566754763 131.950323899954 135.484989719227 111.280860788098 147.696563104997 152.396643439807 121.679107575528 132.667276708332 145.137432253298 99.3618860539248 114.101144869228 127.457856317739 115.885763791501 133.733904691437 62.4558443623425 125.71935058626 173.104556332717 73.569753622191 0 140.464150932862 101.751105488584 109.647484303652 168.705118111238 183.420589153408 193.70635223627 107.907438783572 116.042746196297 77.8429747335924 128.505438935934 90.2414937981724 167.071846528813 183.088873890555 139.307583757863 109.628492104771 138.027543705079 119.118908206918 201.909957885742 191.442269737646 121.283206866178 131.639983016357 178.938058561574
113.914863856059 23.736919819179 76.4421067821861 231.912506103516 121.933944702148 132.816063434946 142.864541921949 105.75054475193 96.5971710954915 172.571752353237 29.3119827094721 148.654856144839 21.9581328316185 98.6995924759648 137.333769855433 109.701156533518 69.8135522239516 42.4772535946412 45.3727021234099 161.150289150939 126.025015156285 61.4930103148343 111.616598017209 114.973394130738 0 38.4580498987945 28.0113364200388 134.375974631894 126.220998296882 122.398003306135 43.9760261774169 98.7282989431693 111.321853637695 54.9587539118022 129.872194279983 80.0900265926885 22.4069657549653 45.9299610707033 63.9760168117733 111.152896352915 66.5794296264648 14.0509979501363 121.185256639584 52.5580720835758 91.5522278921719 99.8107464259929 203.086974687482 0 39.2633730457082 0 38.7331202051271 91.9692793528785 0 0 0 145.976611932352 190.293505321593 195.815719604492 0 54.2376471366865 0 48.5134861840682 130.122225728204 0 132.822891235352 93.6581560343909 72.7610487990396 73.5436785009109 0 153.947891235352 80.2161658674827 122.358590579645 137.46322799176 35.429900737284 67.8706916120251 70.3458217329885 220.492863871723 104.665588378906 135.051895141602 67.9715436259302 0 0 98.3103892234924 0
110.197424138945 43.876948973042 31.0449788914741 150.033055990578 108.645233609977 130.95265745252 118.952265438891 120.364367394184 116.899906363522 161.186127605783 28.1157205526852 158.85592385307 29.5509794604374 116.759728852845 146.142104036926 113.689240240354 41.8293360342767 23.2710817457289 32.6321307327505 174.170530631735 89.6218979108872 81.657952269185 71.3144015852918 127.075674653034 38.4580498987945 0 31.7766906555286 119.124283480511 108.50627729819 100.644409475118 23.2435421161441 93.1975156517528 101.51280450825 56.6351195692475 143.423690757188 79.5773112077909 48.5102796608859 53.8069308247709 64.5192275846668 104.425048447286 118.950955984763 63.6075073821818 129.06038170186 92.0707739262711 105.554838799025 113.653327234408 161.421135736154 140.556023656973 89.997026246658 190.369647999299 64.403148858239 100.571904496033 191.849328761626 0 201.415055352181 182.962193683742 173.668561527311 169.000411434599 170.369262695312 91.6622211235269 214.064956665039 84.1698097111282 169.127707855874 0 147.669357383959 101.981953634974 96.5819685959171 97.6174806567898 219.098255384663 145.915750102524 108.392242316995 135.753979610933 180.534961245457 63.4665920874662 88.8835762304012 88.9943591095995 198.287047862763 167.972012859012 151.180604010555 98.1965182638531 0 158.120903017486 107.153305315238 143.265781609313
116.218526072938 27.3769580056148 37.8613617517594 129.836151957136 135.456624767736 135.922225931748 108.257523489275 128.637397647607 91.425304666523 138.999217239277 59.100492059798 144.704582946136 28.4441407420764 125.64640786277 126.553100023009 33.5602900207755 65.0790759006932 60.0597883337883 63.2222938259916 162.939346897683 79.4040717098019 40.4495045232887 47.4838075431424 83.3153875027523 28.0113364200388 31.7766906555286 0 82.6578343121533 116.507797434405 101.851330297496 22.0313868118489 112.221328926819 102.668351041116 66.6936652646802 132.078009399941 74.5628063083181 50.7378588012947 60.1172587748558 67.4477832297995 88.4536509608322 99.0032442122663 78.590341850929 117.030724156475 89.6037561053481 100.934095620034 107.821597712237 128.385850706319 121.156446992776 111.946773696297 168.117951230804 57.5838241218485 91.8202622475193 163.366161662679 0 186.817050625482 155.807949983382 177.30123145479 123.504700859555 188.113477476302 102.764714720799 143.817528080883 92.8727848066832 170.481194872839 181.212263834655 101.119973060437 101.297821377383 100.251374681025 99.7310088587551 160.732848243604 128.650234810661 63.3980737914339 104.616914071183 138.410080358776 66.9487012889484 89.1258356620905 88.1669554520757 152.444946043224 171.640225768049 137.438485735724 103.610199847006 235.483612060547 144.171975392993 106.085755943254 149.712357997905
76.3289009648875 101.285681980625 82.1687790750227 19.0613367390474 109.790238586637 75.1907998215576 40.5249439558543 90.644337952274 54.8238123384332 38.1016299185358 134.919136478512 58.6146963024769 148.592540682331 95.2913716933952 79.7709106601292 35.1816284512311 106.565548588822 141.576276875588 143.459937752643 28.4731022872802 29.1429839192733 58.2638660147012 56.1299836372808 24.6542984612551 134.375974631894 119.124283480511 82.6578343121533 0 86.6276378187695 46.9775139439597 175.141998291016 138.094062090718 71.8582092354539 73.3939924348321 131.250487879662 77.8912111197437 81.3820246900806 79.5978237934661 80.8766364417651 85.6182188470309 95.7561039916437 127.538333520795 135.333508127535 139.154455760004 139.871868788991 140.797858463246 130.064566352045 154.161795285968 176.476713792152 133.025245585044 137.532963753551 149.344144207711 107.866204324813 154.368583031712 144.888684956316 126.215337715448 146.655412422067 81.8289738203201 147.12287386165 185.587504782081 114.904021786282 210.458674292552 149.224455410634 122.094340409062 117.229374020231 173.847361858082 0 205.084878025859 130.633778270152 121.23055070184 87.7628392294197 132.433384228367 107.697473161289 192.264266967773 190.93524312485 144.961642644515 121.014562968322 141.976745731856 128.818654870879 0 223.427154541016 138.663064632303 138.884651475654 171.560210322103
21.7069205650086 112.938809760352 107.022030551467 99.2564015778261 25.1743933026472 73.9969687854895 73.3293108458916 54.3903709920018 81.0281429750046 100.053767023037 73.8141689609939 104.334698665916 80.4521549680674 28.7441724396608 66.0458516246997 92.3108239985925 95.1985204922003 112.173388545009 104.98401501446 104.129594567808 79.0122967264646 81.7126627195971 90.8274300914045 87.4844760549883 126.220998296882 108.50627729819 116.507797434405 86.6276378187695 0 33.6388865435088 117.728126773835 17.3563785072213 18.7309862488281 35.0634037732899 104.006241709507 64.0184716403463 82.2485146548505 56.7272367831587 64.03720710006 47.6577755186806 39.7484127564527 70.8333368850279 159.959566942962 138.148677103193 160.292858807032 140.339575317157 150.167584964803 182.349949306278 0 154.338648377973 136.904894573726 164.239358047612 153.388915468215 171.794006347656 182.991363668862 150.530881568735 173.949787090975 104.762544488529 175.065184629056 210.403881855432 146.053365805037 108.551139630941 175.294071768542 151.459730195861 131.713538651777 161.510669991022 0 168.875814902185 168.674982282609 138.521418123311 111.3269192101 144.733076001406 129.804850951777 120.771492004395 164.152367019327 160.375811093845 143.497526739227 168.64876642513 143.873453273339 0 0 141.092456709039 160.292206064354 125.414135151235
33.2057101986059 103.520714433317 75.5997569343544 100.185211011929 103.779172270206 79.870981467999 31.1813810470217 70.2253410954533 65.5901157300523 96.964768693019 103.106323198428 141.500448372705 116.024505780836 62.9137704978736 93.8030739051667 78.0424832946378 73.3383817209467 117.45249027957 97.0016959956893 121.986259418152 33.5098649323872 66.8876863720612 58.59886475098 72.3558406813972 122.398003306135 100.644409475118 101.851330297496 46.9775139439597 33.6388865435088 0 127.082195046934 112.179526082106 44.5134378971567 44.3689418085881 118.892781689247 68.3797271394491 73.9479962273946 62.7926414149591 66.7079273575729 77.844403647965 80.1577669102152 102.647723869225 136.41047614472 142.964615771827 142.391321027028 147.707796806638 142.641906532705 161.177071464686 0 136.172871197998 116.881889291013 139.840146350779 145.974615457301 0 153.344257896016 132.755870829401 160.697707656988 84.3282379417901 162.322452335853 185.44858274617 161.784436246191 0 154.430070838501 0 119.766937699756 155.97825529479 0 195.965612308254 173.033297605646 122.176119812718 91.0201333439543 135.528627129007 117.861612215655 0 159.139398362053 141.696176825117 126.417041969582 151.074919217907 135.713661183252 0 201.203791266655 148.389648931642 140.858081067466 152.519397590874
135.353274188437 60.8897769538291 93.2400858037163 0 107.060241699219 0 155.091516668089 111.787227418115 154.95653537454 182.84033203125 34.8494603053795 164.030334472656 12.2375713063372 109.464592663926 0 159.06025354505 95.8287061554649 47.2188607671741 63.7344043635045 0 133.339401245117 97.2987525994799 138.2265306532 164.442013140313 43.9760261774169 23.2435421161441 22.0313868118489 175.141998291016 117.728126773835 127.082195046934 0 91.9606704711914 0 68.9055089086007 0 100.737274477904 54.4546823062992 62.4053588014073 79.1844812974472 90.88480254802 0 60.205866531518 0 74.0939451328966 113.929638061947 0 0 0 78.7141318888897 0 104.158605992499 137.133728027344 0 0 0 239.408630371094 0 0 242.302200317383 89.2790300206695 0 85.0866947194792 0 0 0 139.902114868164 100.053907141126 109.246032801965 0 0 115.29280090332 0 223.332931518555 72.270187051531 98.0008469041836 102.352558370705 0 156.131607055664 0 97.9711078854012 0 0 123.266854036802 0
