0 0.446497708559036 194.573001980782 38.518636405468 4.9386972784996 132.725085347891 6014.89597901702 1413.59294110537 69.2364718616009 170.081999123096 20.2623191177845 14.7069158554077 2.97860804200172 11370.1489521563 4.52548110485077 25.6223780214787 74.6235315203667 2.35401254892349 10.8460092544556 33.9429077506065 187.903486847878 27.092412084341 504.971579611301 189.511040627956 0.640699446201324 37.7734743356705 72.2876811623573 536.518526375294 10424.0372469425 3167.66565254331 0 7.31028160452843 149.72925311327 260.108072638512 22.3427022695541 329.321909934282 20.9498361349106 243.136538892984 28.6645621955395 96.7637102603912 34.2276170551777 0.600796699523926 11.659345805645 0 0 0 1.08401727676392 0 0 1.03313514590263 1.13510489463806 1.52876991033554 0 0 0 17.133743584156 3.44552886486053 3.09136211872101 0.496885627508163 1.0106166601181 0 0 7.4391556084156 0 3.17075347900391 0 0 0 0 10.2989058196545 5.05380523204803 6.55054530501366 27.0512020289898 0 0 4.8313527405262 57.2439024448395 5.10284662246704 4.95165783166885 0 0 2.20516389608383 1.70555317401886 4.14526724815369
0.446497708559036 0 136.642590790987 5.87391683459282 4.96780186891556 1.90299728512764 30.9718536436558 13.9990739524364 1062.13940343261 5.70542106032372 293.979404419661 19.4785335063934 808.825715810061 12.8420476913452 37.3402255177498 267.231114536524 121.180332958698 85.5505202114582 222.602459669113 5.67467987537384 32.5111024677753 3330.45225971937 107.102361351252 581.56123945117 3675.00700515509 1026.2094681561 9556.03288903832 124.722059547901 17.5738415718079 28.3249131441116 64.2551656961441 0.55553936958313 1.19743084907532 141.139271706343 3.50819939374924 126.364134311676 288.435911208391 335.277668654919 66.5141200423241 81.5076183080673 2.42968887090683 280.432730764151 9.03627640008926 31.6505919694901 0 9.61546242237091 1.7698518037796 0.760862469673157 1.85917258262634 0 487.638799637556 95.9260390400887 0 0 0 2.42104732990265 0 7.94697886705399 0 27.5232194662094 0 44.7547077834606 1.89092153310776 0 3.99116230010986 62.0213224887848 24.9983193874359 72.1113383173943 0 3.74203127622604 17.8973823189735 25.5680177509785 5.24980291724205 40.1219402551651 617.912974268198 1237.23387029767 3.76509213447571 0 7.50556117296219 5.61984837055206 0 0 14.4859397411346 0
194.573001980782 136.642590790987 0 0.735769093036652 0.526902914047241 87.6280654072762 492.904286623001 465.076604247093 18.6531953811646 25.8134533166885 162.952349931002 8.07187551259995 42.6254291534424 569.244853258133 2.64771842956543 98.5810920000076 4196.48378875852 73.0156649947166 452.224683791399 2.60615807771683 2276.20277529955 186.955910712481 13445.2393687665 51.2807998657227 13.4433306455612 7400.93654453754 5444.07865297794 437.255139529705 637.213690251112 1359.77203676105 9.08680936694145 1.47598904371262 59.747431486845 927.050263375044 68.9368802011013 2835.34664207697 1533.56453409791 2878.81594160199 1304.58347606659 141.791260063648 45.618445545435 16.7234016060829 10.237612426281 18.2729995250702 0 1.97634136676788 0 0 0 0.90172877907753 241.727581351995 357.312702089548 1.57590651512146 0 0.435603529214859 16.0445248186588 5.93188431859016 4.18620347976685 0 3.25015550851822 0 9.79100307822227 15.1658964753151 0 26.2775518298149 83.2341325879097 3.36793053150177 16.2358093261719 0 24.5591618418694 53.4039635062218 173.052584022284 15.4001427292824 13.5552334189415 156.663448929787 1269.4779074192 15.552223533392 4.2089538872242 16.2348943054676 1.04847478866577 0 0.804580986499786 9.10465204715729 6.29106339812279
38.518636405468 5.87391683459282 0.735769093036652 0 1.55966141819954 668.017682254314 1284.0763373971 322.35355964303 593.352434098721 11038.835704267 5.75719609856606 1699.59124207497 0.43328320980072 249.250189751387 41.8144455254078 12.5402089655399 0 0 0 30073.6271091998 5.82866564393044 24.0608801245689 5.43325507640839 3346.06494024396 0.979776203632355 0.61609023809433 10.7043743431568 15455.9687404931 193.288306832314 11.8386216759682 0 6.77173727750778 8.74060806632042 84.9126272797585 18.5963834524155 316.669076949358 2.83147990703583 143.247638076544 10.2697159647942 122.527891457081 27.8657338321209 0 105.307088136673 0 0 0 41.0294788479805 0.514395177364349 0 0.819502800703049 0.772436678409576 0 80.0577748119831 0 22.4429855644703 72.4601358473301 28.707183599472 119.643283963203 343.910016268492 0 357.446078807116 0 11.4956429302692 2.33413338661194 1.70610332489014 0 0 0 218.000270843506 1.30405229330063 3.87652766704559 0 168.494612425566 0 0 0.535586714744568 128.311932772398 13.3056376576424 5.30833214521408 0 0 0 3.51524257659912 1.35797119140625
4.9386972784996 4.96780186891556 0.526902914047241 1.55966141819954 0 1533.85143941641 16.1035000383854 1362.06277874112 107.337804317474 24.3864025771618 26.4310321807861 100.441503107548 9.44035428762436 140.469675958157 4717.7082490027 0.643849849700928 2.6095654964447 1.94930863380432 1.58851557970047 4.14365488290787 1.5362012386322 9.4112012386322 4.90593963861465 50.6036147475243 0.926440954208374 0.921531796455383 7.18429964780807 7.95497533679008 319.512708306313 6.06632745265961 0 1793.08981275558 0 953.898697674274 2.25944712758064 55.2329435944557 2.01596683263779 70.4590510427952 2.68123626708984 9762.19060787559 3097.8454272151 0.882093727588654 0 0 0 0 0 0 0 0 0 0 0 0 0 0.386698663234711 0.509578466415405 0 0 0 0.397466778755188 0 0 0 0 0 0 0 0 0 0 0 0 0 0 0 0.273424804210663 0 0 0 0 0 0 0
132.725085347891 1.90299728512764 87.6280654072762 668.017682254314 1533.85143941641 0 3831.8035620749 23161.4891177565 208.653597444296 20300.5070980787 84.7672756016254 8396.95821937919 35.7588231265545 1801.79342742264 1852.7546145916 33.85883282125 24.923741132021 1.60414510965347 11.6570429503918 1234.50073432922 68.6812817156315 32.9665225595236 225.565186262131 491.521729558706 5.02731245756149 17.750304967165 59.4298349022865 1273.65764771402 1167.67324671149 213.082172632217 3.16513574123383 2604.36488133669 12.5836934447289 917.760100245476 47.589540541172 410.838127970695 32.6211969256401 313.623452782631 28.3602580726147 4396.28393882513 1456.81121361256 7.1572373509407 35.9731099903584 0 0 1.15188610553741 6.73166489601135 0.375721752643585 0 0 0 0 18.3160693347454 0 5.7250542640686 62.8266641199589 18.9121931493282 22.3260740935802 17.9163024425507 0 9.01389595866203 0 18.657732963562 3.04646065831184 4.17032119631767 0.357525020837784 0 0 7.9547210931778 3.11868023872375 6.47346234321594 3.90017139911652 118.032235622406 0 0 4.49152866005898 99.8569893836975 8.89995932579041 10.4497370421886 0 0 0 3.02188900113106 0
6014.89597901702 30.9718536436558 492.904286623001 1284.0763373971 16.1035000383854 3831.8035620749 0 6426.60712586343 1645.34063923359 16333.9038720131 49.1699791252613 533.274575203657 12.5931476950645 12144.6472567171 94.6196803748608 477.785042256117 87.3384449779987 1.69282227754593 12.7678386271 1191.95874395967 686.761514693499 398.436629146338 2231.00216031075 4972.76645764709 7.43766635656357 67.6903859674931 863.71852466464 22893.1551104486 4097.19403110445 12817.1666618288 0.925091981887817 24.7940443456173 272.996671229601 799.799323052168 138.922284811735 2327.56896534562 128.114446133375 1133.52681332827 208.740931540728 602.233711212873 238.541662365198 4.92589089274406 270.312036365271 3.47379988431931 0 2.76310241222382 45.1346392929554 8.22644472122192 0 38.6803869009018 5.36842024326324 9.49855768680573 66.0332291722298 0 32.9960242807865 608.47330519557 140.43894931674 173.413070440292 90.4268569052219 0 21.382307767868 0 126.37400701642 4.14393749833107 72.2427363991737 1.39323496818542 0 0.412626385688782 22.2551945149899 72.6137985289097 68.3248583376408 56.122810959816 778.006918668747 0.720036685466766 5.75331604480743 70.9830577969551 911.508389264345 129.265322744846 103.140403807163 0 2.24498981237411 17.9257068932056 23.0279507637024 29.6054101586342
1413.59294110537 13.9990739524364 465.076604247093 322.35355964303 1362.06277874112 23161.4891177565 6426.60712586343 0 223.857097029686 5390.22178429365 388.913468360901 1389.88580995798 73.2190992236137 18355.068197608 1015.39487674832 89.1767379939556 161.881576597691 17.8600480556488 46.5194979310036 679.866372764111 436.12374317646 80.9366142302752 1140.79134953022 590.747228473425 3.62789100408554 114.661053836346 212.379343152046 1556.01002626121 4872.35661049187 1611.57559853792 3.19135871529579 1688.48957787454 89.7536544203758 2529.92892661691 73.6534753739834 1126.68753457069 120.528982102871 858.857005059719 96.2815687358379 2643.65339839458 1865.9781331718 37.7387200891972 35.1305446326733 0.599775850772858 0 0.393491089344025 8.98515263199806 3.43224966526031 0 7.12697204947472 3.7972839474678 5.58013480901718 17.5571383237839 0 6.77589875459671 84.1328136622906 13.7658010721207 20.236120223999 11.0042811632156 0 1.1580944955349 0 14.9308139979839 1.54592257738113 18.5270991623402 1.27342218160629 0 0 5.83712124824524 11.7526406943798 6.94208571314812 13.3589228093624 122.11532483995 0.822543263435364 0 23.9136085808277 137.074903339148 17.2818656563759 13.9316704720259 0 0 4.09036859869957 6.63236060738564 6.07847753167152
69.2364718616009 1062.13940343261 18.6531953811646 593.352434098721 107.337804317474 208.653597444296 1645.34063923359 223.857097029686 0 590.538352906704 19.0343707799911 1456.67560526729 70.1375952363014 284.557360440493 1444.3107868135 188.941184222698 12.0506354272366 3.11207577586174 12.0883284509182 299.650807857513 50.2452240586281 5557.04509910941 96.8982614576817 14810.5377072096 291.679564833641 50.6035787165165 821.09562125802 2813.65166160464 422.110090568662 408.044737875462 0.923994660377502 7.08592376112938 91.9439399838448 120.059903919697 28.7513003945351 1091.63655778766 31.6263901889324 178.626741915941 34.7787194252014 2530.55465227365 29.6492349207401 21.0104298591614 145.243810355663 2.30044919252396 0 2.87621629238129 68.9418002963066 1.36653643846512 0 11.4672087728977 9.27811968326569 7.53358396887779 92.4164897501469 1.64060890674591 25.6991702914238 302.407733470201 62.6288388371468 467.921968430281 89.3231439292431 0 38.2214076817036 3.1659751534462 40.6297248899937 4.73590934276581 23.629952698946 4.254847407341 0 0 33.9968673884869 21.5308402776718 59.7131446003914 27.0547111034393 473.137566357851 0.426082938909531 8.95732468366623 38.1472591161728 401.610823243856 65.9955189228058 51.8390450179577 0 0 7.55857381224632 3.2892099916935 6.49075692892075
170.081999123096 5.70542106032372 25.8134533166885 11038.835704267 24.3864025771618 20300.5070980787 16333.9038720131 5390.22178429365 590.538352906704 0 54.818652510643 20394.8111119568 12.9549921154976 5593.19327175617 201.997329801321 25.6094977259636 6.0915275812149 1.95365315675735 6.17544659972191 32473.806889832 18.6593492925167 42.5790259540081 65.3795482516289 1751.07055848837 0 3.16288655996323 37.5199873745441 6346.90914276242 959.112844467163 84.8892505466938 0.477516561746597 35.2517485618591 46.8149232268333 386.494975984097 73.0065436959267 746.913382172585 18.2997679710388 457.074555188417 39.0002521574497 655.384305030107 127.254785239697 4.57592383027077 100.104313075542 1.31041026115417 0 1.53930044174194 34.5159144997597 6.57224273681641 0 2.20846182107925 0 0 55.5512645840645 0 14.4885050654411 118.938929587603 36.4221082627773 116.721195876598 39.2809143364429 0 16.654124379158 0 8.66737744212151 1.85801208019257 4.10984861850739 0 1.41992366313934 0 23.6038564443588 1.48175540566444 6.75157749652863 3.41454973816872 191.646335214376 0 0 4.78658923506737 173.494257807732 9.80598729848862 10.534676104784 0 0 3.73165935277939 0.734687447547913 3.47176170349121
20.2623191177845 293.979404419661 162.952349931002 5.75719609856606 26.4310321807861 84.7672756016254 49.1699791252613 388.913468360901 19.0343707799911 54.818652510643 0 21.249046176672 10336.2652110159 307.144131213427 6.82420974969864 5.21833011507988 891.170483618975 9722.60619929433 6347.76629897952 18.6441061794758 48.0311316251755 67.5993773937225 204.889015942812 32.7218464314938 2430.84110283852 11908.1242478192 3568.73940095305 26.3841565847397 389.668572098017 58.7653203308582 2021.58224767447 92.1109855473042 6.55457359552383 11765.1997303367 11.7313498854637 365.458077609539 6242.67645987868 8326.76642745733 375.518112272024 163.678731381893 113.911422967911 4308.20556753874 2.63548648357391 33.302237033844 4.9310057759285 0 0.453293144702911 0 40.5970138311386 0 49.4085272848606 9.08631667494774 1.4580842256546 0 0 1.31602019071579 0.37160786986351 2.04740706086159 0 148.519087761641 0 441.76248806715 0 0 0 11.476209461689 42.4502875804901 25.8087224960327 0 1.00057744979858 4.02543902397156 7.51016569137573 1.1069164276123 154.97030672431 262.718701630831 277.349648326635 1.7953097820282 0.951842844486237 0.754753291606903 41.4667663574219 0 0.404213726520538 5.52341139316559 6.26158201694489
14.7069158554077 19.4785335063934 8.07187551259995 1699.59124207497 100.441503107548 8396.95821937919 533.274575203657 1389.88580995798 1456.67560526729 20394.8111119568 21.249046176672 0 7.53002992272377 591.377448692918 3893.11711195111 3.97001671791077 0.671617329120636 1.41112756729126 4.92574989795685 26167.3793385327 3.4516007900238 82.6965426504612 4.92288944125175 1445.85138118267 2.35945534706116 7.47363412380219 15.2403611838818 638.668128609657 370.312001883984 12.4633348882198 0 26.2361849248409 6.67392873764038 213.675560772419 347.745991379023 607.322430670261 13.117588609457 160.291164427996 5.73454314470291 4271.45837730169 71.0338051021099 5.03680393099785 33.2546176314354 0 0 2.41494226455688 17.7487387359142 0.432570815086365 0 0 0 1.29190444946289 24.1320887804031 0 11.101012378931 38.8488721847534 6.71978160738945 49.0637870430946 38.747251868248 0 530.257649719715 0 7.56430971622467 1.06663286685944 1.25952565670013 0 0 0 19.5943410992622 2.02726274728775 1.58330637216568 0.742008686065674 56.1531625688076 0 0 1.36075210571289 48.4716317653656 2.13254538178444 0 0 0 0 0.802691638469696 0
2.97860804200172 808.825715810061 42.6254291534424 0.43328320980072 9.44035428762436 35.7588231265545 12.5931476950645 73.2190992236137 70.1375952363014 12.9549921154976 10336.2652110159 7.53002992272377 0 54.6296164989471 3.5956711769104 10.8201821148396 82.9079502224922 543.48265299201 306.757834225893 5.1750670671463 13.3330613672733 180.653164029121 48.4538550972939 30.5100871622562 10210.5938149095 3499.64651986957 6940.5071502924 15.4625127315521 94.4378349781036 17.4015777409077 6685.79413348436 25.422923207283 3.22038733959198 1205.19674000144 138.769433528185 1493.21791404486 3750.55550646782 3124.48033642769 1119.72973683476 80.8034456372261 1614.77794966102 6318.76351797581 33.002887070179 69.1051981151104 2.47790479660034 3.64631277322769 2.80946001410484 0 86.9067564606667 0 73.9603424072266 8.41230881214142 0 0 0 0 0 1.10437738895416 0 321.168525844812 0 1029.2659124136 0.663933634757996 0 1.43731290102005 6.26286113262177 77.1963762044907 39.4710158705711 0 0.470646411180496 8.26467132568359 4.33959472179413 0.925965905189514 379.336919695139 473.222293823957 397.890911132097 0.696433901786804 0 0 92.9733434617519 0 0 6.04693251848221 53.086011826992
11370.1489521563 12.8420476913452 569.244853258133 249.250189751387 140.469675958157 1801.79342742264 12144.6472567171 18355.068197608 284.557360440493 5593.19327175617 307.144131213427 591.377448692918 54.6296164989471 0 106.092675209045 96.7572121024132 238.744715243578 21.4345414936543 41.3838051557541 560.918179571629 560.321654200554 121.242182850838 1405.04770967364 704.806452542543 2.4621998667717 154.480662196875 221.315357923508 1908.90750934184 17769.4731500447 3622.67582628131 5.95312923192978 770.68655833602 279.398774266243 2077.24860884249 73.1820646226406 1504.92933857441 126.993657678366 1242.88399365544 128.669586658478 977.521198928356 685.666712611914 24.178105711937 24.8290482759476 1.17860245704651 0 0.528702199459076 0 1.16352367401123 0 4.92874929308891 4.83246877789497 3.85462415218353 7.02978175878525 0 3.09710854291916 63.2000558078289 20.1981520354748 25.9872645735741 4.33686971664429 0 1.16623491048813 0.744455933570862 12.3747453391552 0.506676375865936 17.5240826308727 0 0 0 0.637449145317078 21.0438976883888 24.0750442743301 18.9250922501087 108.098224371672 0 3.02357006072998 19.2791466116905 145.74996060133 27.0912598967552 29.900012254715 0 0 7.87312078475952 2.84632116556168 7.21601137518883
4.52548110485077 37.3402255177498 2.64771842956543 41.8144455254078 4717.7082490027 1852.7546145916 94.6196803748608 1015.39487674832 1444.3107868135 201.997329801321 6.82420974969864 3893.11711195111 3.5956711769104 106.092675209045 0 1.72539156675339 1.05228757858276 0 0 112.971941977739 0.539779365062714 171.526581734419 4.08311146497726 758.017083823681 5.8579269349575 2.83965253829956 31.9784187674522 102.181177079678 115.541769891977 9.99610117077827 0 146.770862042904 0.696152448654175 59.7095044255257 0 119.981369256973 0.463744044303894 26.1297579109669 1.12299966812134 13688.4610720575 121.668921679258 0 15.0584659576416 0 0 0 3.96871340274811 0 0 0 0.988798260688782 0 1.36131393909454 0 0 4.03987127542496 2.50308036804199 8.56848955154419 4.03593355417252 0 1.45583426952362 0.846588730812073 0 0 0 0 0 0 0 0.824456810951233 0 0.785757541656494 7.76342403888702 0 0 0.831027626991272 9.72572565078735 0.599570333957672 0.439288765192032 0 0 0.490081608295441 0 0
25.6223780214787 267.231114536524 98.5810920000076 12.5402089655399 0.643849849700928 33.85883282125 477.785042256117 89.1767379939556 188.941184222698 25.6094977259636 5.21833011507988 3.97001671791077 10.8201821148396 96.7572121024132 1.72539156675339 0 67.8143810927868 5.12465551495552 14.5360461473465 3.41562041640282 7212.19851648808 4775.56428521872 12405.9710008502 3369.90617421269 20.5232550501823 46.5190641880035 7012.56178179383 5227.64005851746 235.315785706043 768.481992423534 1.34914928674698 3.40697887539864 71.7160942256451 544.854847729206 89.1896341145039 2344.76589685678 467.083953678608 1020.37080457807 402.759903490543 138.724928736687 50.1618641614914 5.80341011285782 112.237249314785 0.740874648094177 0 1.46544301509857 10.8434916138649 5.92121556401253 0 5.22199919819832 7.92146238684654 33.5642785727978 1.27205449342728 0 1.01212525367737 38.0253198444843 8.98318991065025 14.3254503905773 3.26019984483719 0.946000337600708 0 0 15.9470093250275 2.08147525787354 795.151925265789 18.1589733064175 0 3.24716508388519 0 406.73415645957 511.732172697783 763.224240124226 233.523399561644 2.19043374061584 13.2937186956406 467.237450480461 277.956581890583 56.8546435832977 132.230560958385 0 0 18.7726082801819 12.0778491795063 5.86521136760712
74.6235315203667 121.180332958698 4196.48378875852 0 2.6095654964447 24.923741132021 87.3384449779987 161.881576597691 12.0506354272366 6.0915275812149 891.170483618975 0.671617329120636 82.9079502224922 238.744715243578 1.05228757858276 67.8143810927868 0 588.785930842161 6538.06807854772 0.607124090194702 1057.36027294397 55.4291059672832 10579.6449762285 16.2936888933182 52.674910992384 5668.23949450254 3008.6662633419 140.203342795372 392.609508752823 1056.94263213873 23.7659043669701 3.76020672917366 55.5028045475483 2468.48512241244 24.2920703887939 1079.87851828337 1270.80296486616 2774.78906223178 553.585169196129 46.169777661562 18.0725806951523 19.0564792752266 5.51631847023964 5.60197883844376 0 0 0 0 0 0 60.380995631218 67.6504342556 0 0 0 0.701966226100922 1.04822206497192 0 0 8.42487925291061 0 13.8134053945541 0.510483741760254 0 4.71547895669937 13.1492672562599 7.25133302807808 21.8417351841927 0 2.33163893222809 8.90444773435593 22.6873940229416 2.35535404086113 3.61968576908112 152.164016902447 353.27955058217 2.68846789002419 0.540646731853485 2.30352473258972 0 0 0 5.68394863605499 12.0404296815395
2.35401254892349 85.5505202114582 73.0156649947166 0 1.94930863380432 1.60414510965347 1.69282227754593 17.8600480556488 3.11207577586174 1.95365315675735 9722.60619929433 1.41112756729126 543.48265299201 21.4345414936543 0 5.12465551495552 588.785930842161 0 5418.14569547772 0.647454380989075 7.59197700023651 7.88896605372429 64.4908444285393 3.57680612802505 409.93830871582 7070.81685954332 1066.64062839746 3.81469520926476 22.9490644335747 17.5209732353687 236.190478056669 2.89573979377747 1.10776263475418 482.294616669416 1.20743718743324 117.447679370642 1070.14545437694 910.601456731558 74.956725358963 7.08929282426834 2.10063326358795 29.2802936136723 0 7.08221459388733 0 0 0 0 0 0 14.0760225057602 2.15030097961426 0 0 0 0 0 0 0 29.1894361376762 0 52.7414410710335 0 0 0 3.02595365047455 34.92366284132 21.3773781657219 0 0.678915858268738 0.541754424571991 1.51958042383194 0 63.9296236634254 188.817055523396 161.79315674305 0 0 0.398494064807892 18.0519868731499 0 0 2.9538988173008 2.11538946628571
10.8460092544556 222.602459669113 452.224683791399 0 1.58851557970047 11.6570429503918 12.7678386271 46.5194979310036 12.0883284509182 6.17544659972191 6347.76629897952 4.92574989795685 306.757834225893 41.3838051557541 0 14.5360461473465 6538.06807854772 5418.14569547772 0 2.78876876831055 97.5505649745464 32.8062886595726 636.185479551554 12.9110942780972 292.702636152506 10083.7794796824 2500.14190688729 20.7948085963726 84.9381167590618 105.727061539888 130.246163606644 5.52249509096146 8.91356825828552 1961.99252334237 12.010872066021 826.563221275806 2288.65122586489 3137.97639089823 525.58381074667 28.7418174743652 2.847875893116 57.4535042345524 3.16890209913254 24.6369543671608 1.54882788658142 2.62132462859154 0 0 2.84952217340469 0 57.6364797949791 13.7331763505936 0 0 0 0 0 2.91711694002151 0 30.8452044427395 0 37.1646062135696 1.28791558742523 0 1.33396232128143 11.164396494627 36.1573210954666 36.992458075285 0 1.59872591495514 5.93814325332642 7.16697663068771 0.615746855735779 36.4436901807785 385.961026400328 388.705736964941 1.11962714791298 0 0.639169037342072 9.73251396417618 0 0 4.14949911832809 7.8135821223259
33.9429077506065 5.67467987537384 2.60615807771683 30073.6271091998 4.14365488290787 1234.50073432922 1191.95874395967 679.866372764111 299.650807857513 32473.806889832 18.6441061794758 26167.3793385327 5.1750670671463 560.918179571629 112.971941977739 3.41562041640282 0.607124090194702 0.647454380989075 2.78876876831055 0 6.25692138075829 13.6657269597054 7.24319043755531 891.051281958818 0 0.351970165967941 4.68924605846405 4116.05604556203 274.358938246965 12.7794581651688 0 6.70544043183327 17.588265568018 144.705232143402 42.0969002842903 309.585258930922 8.02210718393326 142.686982393265 13.3207485377789 319.096969664097 58.5764798820019 3.32115972042084 38.8098995685577 0 0 1.02218198776245 21.325905919075 0 0 1.50223556160927 0 0 26.7750317454338 0 4.65200275182724 47.3409802019596 17.479779958725 56.2870664596558 24.7109091281891 0 102.219652116299 0 1.33450123667717 0.890727579593658 0.811542868614197 0 0 0 10.1742897629738 1.72191262245178 0 0.625467479228973 67.5411887168884 0 0 0 65.0509099662304 4.31408697366714 3.13468730449677 0 0 1.14261114597321 0 0
187.903486847878 32.5111024677753 2276.20277529955 5.82866564393044 1.5362012386322 68.6812817156315 686.761514693499 436.12374317646 50.2452240586281 18.6593492925167 48.0311316251755 3.4516007900238 13.3330613672733 560.321654200554 0.539779365062714 7212.19851648808 1057.36027294397 7.59197700023651 97.5505649745464 6.25692138075829 0 782.045791506767 27110.3022329211 214.72022947669 6.69159132242203 283.711082309484 1665.64725628495 4494.72756561637 1016.3266594708 14200.0006646812 2.3988790512085 5.59711349010468 192.760515540838 3932.23767182231 239.326590299606 6604.74286839366 1289.31997314095 4594.68210226297 1205.80081865191 417.45794826746 122.11404889822 7.34965598583221 87.563362121582 3.17017447948456 0 1.17463114857674 3.58585840463638 0.767150700092316 0 3.9747097492218 14.7658503651619 30.5701502561569 1.32674616575241 0 0.333335399627686 33.7404607832432 4.64245316386223 13.8208418190479 2.23521029949188 0.544284284114838 2.006248742342 0.837250649929047 16.6807439029217 0 446.539849996567 8.76061597466469 0.539819121360779 1.27165001630783 0 272.161927163601 221.554078280926 368.840016126633 175.856758028269 1.65412193536758 10.3139341473579 277.758049935102 200.538196355104 37.8431171774864 69.5521853864193 0 0 8.19147205352783 5.11463052034378 36.0446918308735
27.092412084341 3330.45225971937 186.955910712481 24.0608801245689 9.4112012386322 32.9665225595236 398.436629146338 80.9366142302752 5557.04509910941 42.5790259540081 67.5993773937225 82.6965426504612 180.653164029121 121.242182850838 171.526581734419 4775.56428521872 55.4291059672832 7.88896605372429 32.8062886595726 13.6657269597054 782.045791506767 0 1673.52507209778 7660.02479633689 591.229086309671 137.845861852169 7310.27761846781 1998.07667967677 211.015854239464 528.771309167147 13.136565387249 0.672726154327393 57.4706142544746 229.163498073816 27.7207953631878 864.768986314535 203.307870268822 533.045673519373 224.766702145338 362.292614042759 29.756556302309 60.8818296194077 29.542566627264 9.64958131313324 0.732005655765533 0 3.19627714157104 0 1.12459313869476 3.93545761704445 110.103108644485 56.6376783251762 0.665791869163513 0 0.3139708340168 19.5991806983948 5.21398383378983 20.7691119015217 3.6437481045723 4.80336534976959 2.4025377035141 5.89175510406494 8.43881353735924 1.64843866229057 219.633870720863 24.4954161047935 2.33648383617401 10.426573574543 0 106.161054760218 282.142359614372 305.320026427507 89.1312064528465 5.2030878663063 34.9303760826588 604.703574120998 87.0374564230442 18.1961261630058 34.8323604762554 1.11623382568359 0 1.76230978965759 4.77202588319778 3.28304666280746
504.971579611301 107.102361351252 13445.2393687665 5.43325507640839 4.90593963861465 225.565186262131 2231.00216031075 1140.79134953022 96.8982614576817 65.3795482516289 204.889015942812 4.92288944125175 48.4538550972939 1405.04770967364 4.08311146497726 12405.9710008502 10579.6449762285 64.4908444285393 636.185479551554 7.24319043755531 27110.3022329211 1673.52507209778 0 842.871955126524 16.900200843811 1759.44913241267 12637.5298884511 5519.21876823902 1618.57682067156 8494.13148164749 9.35777866840363 7.20246145129204 231.802469611168 4663.307852 447.379146158695 12303.490344286 4085.85244163871 9591.78907838464 3764.31568282843 1031.41800579429 208.527564048767 21.8473883271217 86.6471756398678 7.44058334827423 0.701271653175354 3.50770756602287 4.0193002820015 1.94213002920151 0 9.48972335457802 153.816911906004 343.719778984785 2.18524169921875 0 2.09911087155342 63.0609552562237 16.9439960718155 14.8686093688011 0 2.82173815369606 0.836157143115997 5.36997389793396 29.7703903019428 1.97589939832687 680.179667562246 62.6809468567371 3.04895129799843 21.4203341305256 0 207.686823874712 619.427800536156 1673.71416789293 122.360286176205 10.8861996531487 97.5761924982071 2628.9915805459 131.834851264954 25.6737972199917 82.1163790524006 1.58997344970703 0 8.26472109556198 16.6635300517082 81.9806596040726
189.511040627956 581.56123945117 51.2807998657227 3346.06494024396 50.6036147475243 491.521729558706 4972.76645764709 590.747228473425 14810.5377072096 1751.07055848837 32.7218464314938 1445.85138118267 30.5100871622562 704.806452542543 758.017083823681 3369.90617421269 16.2936888933182 3.57680612802505 12.9110942780972 891.051281958818 214.72022947669 7660.02479633689 842.871955126524 0 84.9903127253056 41.8104958534241 2256.89368051291 27086.6520113051 955.660118550062 1028.50535207987 0.629074931144714 5.34161484241486 204.419840425253 385.603151202202 68.9371234178543 1920.29209640622 87.7300709784031 501.896145820618 102.674107342958 1190.59792757034 85.7389304637909 16.1723167896271 646.387241959572 1.35014295578003 0 2.28091934323311 111.896251112223 18.9254336357117 0 54.611487954855 12.9927884340286 18.0492123961449 146.844797998667 0 62.2872928678989 1046.56763824821 254.148726522923 566.128194868565 198.596751987934 1.5765665769577 73.9498725235462 2.42007872462273 235.734931051731 12.3604596853256 244.334872812033 5.7274551987648 0 2.03169757127762 81.3964366614819 223.574995309114 222.471339523792 197.350626349449 1493.43680411577 1.0674244761467 11.3112916946411 129.974755942822 1776.84230038524 205.557464748621 254.571522980928 0.440340369939804 1.30774384737015 28.1405744552612 39.7428651154041 15.9688933491707
0.640699446201324 3675.00700515509 13.4433306455612 0.979776203632355 0.926440954208374 5.02731245756149 7.43766635656357 3.62789100408554 291.679564833641 0 2430.84110283852 2.35945534706116 10210.5938149095 2.4621998667717 5.8579269349575 20.5232550501823 52.674910992384 409.93830871582 292.702636152506 0 6.69159132242203 591.229086309671 16.900200843811 84.9903127253056 0 1455.71225726604 5594.85739123821 25.7390942871571 5.443812251091 5.15975937247276 403.206597536802 0.432973891496658 0 182.65231898427 1.22589993476868 39.9011513590813 2249.53586918116 712.026444792747 33.3056162595749 20.3295158445835 0 5507.90132200718 7.11724150180817 46.277333855629 6.48667418956757 0 0 0 51.6844208836555 0 116.431357204914 12.6505136191845 0 0 0 0.519008040428162 0 4.31382793188095 0.953440606594086 218.099170804024 0 610.482464790344 1.1893025636673 0 0 5.43014618754387 104.934094905853 57.6595287919044 0 0 7.76526603102684 3.22572761774063 0.705095887184143 280.241181492805 596.583324968815 577.385454267263 0.659066259860992 1.01774859428406 0 63.1689223647118 0 0.478406220674515 5.46187937259674 0
37.7734743356705 1026.2094681561 7400.93654453754 0.61609023809433 0.921531796455383 17.750304967165 67.6903859674931 114.661053836346 50.6035787165165 3.16288655996323 11908.1242478192 7.47363412380219 3499.64651986957 154.480662196875 2.83965253829956 46.5190641880035 5668.23949450254 7070.81685954332 10083.7794796824 0.351970165967941 283.711082309484 137.845861852169 1759.44913241267 41.8104958534241 1455.71225726604 0 22136.5586794913 67.5870261788368 190.791476309299 280.691813617945 2381.5129724443 5.21578425168991 14.9436474442482 1923.95146971941 33.2707693576813 1711.86985319853 4487.72244724631 4019.15292286873 870.775458842516 62.9802972376347 22.4261641800404 126.547981649637 24.5723007917404 90.0656787753105 11.9611170291901 7.32790625095367 0.556705832481384 1.38280117511749 9.38257902860641 0 483.188419342041 135.226368516684 0 0 0 3.13140055537224 1.83781313896179 5.99606493115425 0.389247238636017 198.288719236851 0 279.227405548096 1.8045979142189 0 8.71538352966309 107.00345736742 195.329551935196 276.537992149591 0 7.27955767512321 13.7470742762089 47.5847704708576 9.81884822249413 290.338560461998 2244.48415437341 2665.3585459888 2.08355823159218 1.6754746735096 8.53480210900307 53.4891245663166 0 0 47.0266430974007 21.556776881218
72.2876811623573 9556.03288903832 5444.07865297794 10.7043743431568 7.18429964780807 59.4298349022865 863.71852466464 212.379343152046 821.09562125802 37.5199873745441 3568.73940095305 15.2403611838818 6940.5071502924 221.315357923508 31.9784187674522 7012.56178179383 3008.6662633419 1066.64062839746 2500.14190688729 4.68924605846405 1665.64725628495 7310.27761846781 12637.5298884511 2256.89368051291 5594.85739123821 22136.5586794913 0 2184.33874580264 324.856683194637 709.600698590279 2185.60519009829 11.774266064167 51.158921122551 3250.93789207935 210.282327711582 7507.86928734183 6025.9580425024 8134.15994435549 3210.84034344554 458.158778369427 104.56200954318 178.421263426542 89.6456081867218 160.943106293678 4.20328113436699 28.7860226035118 8.37136659026146 2.25922757387161 14.5897428393364 3.69983324408531 1652.39721125364 1284.80012890697 1.43208402395248 0 1.29472368955612 54.585982978344 18.9106670618057 18.1752032935619 3.15834921598434 246.00293558836 1.13492333889008 340.28244009614 29.6832894980907 4.25324696302414 312.389109909534 419.835860282183 236.853609502316 491.781599879265 0.887374103069305 113.529197245836 518.934437334538 1305.33345687389 84.9382123351097 390.441415548325 3579.58728325367 9345.7933383882 83.4199395179749 25.0556085407734 67.7817453444004 49.1655430793762 0 3.33665579557419 95.4102123677731 36.0074099600315
536.518526375294 124.722059547901 437.255139529705 15455.9687404931 7.95497533679008 1273.65764771402 22893.1551104486 1556.01002626121 2813.65166160464 6346.90914276242 26.3841565847397 638.668128609657 15.4625127315521 1908.90750934184 102.181177079678 5227.64005851746 140.203342795372 3.81469520926476 20.7948085963726 4116.05604556203 4494.72756561637 1998.07667967677 5519.21876823902 27086.6520113051 25.7390942871571 67.5870261788368 2184.33874580264 0 2135.98403057456 16660.6454943717 1.44548326730728 19.9679643213749 566.700625419617 1429.91936472058 175.365725010633 4845.073792696 276.545182645321 1615.54978442192 430.139387875795 539.494757890701 166.539532959461 10.9758507013321 453.627680718899 1.37112885713577 0.681836187839508 6.34915438294411 72.7347235679626 14.6745414435863 1.17266166210175 52.4264299869537 3.19320690631866 21.6091368496418 110.132089495659 0.458020001649857 40.8163101673126 817.20579919219 174.298377305269 359.873703271151 145.108467757702 0 38.379694879055 1.33296594023705 186.229263722897 0.657781958580017 481.807496935129 11.577168494463 0 1.53658676147461 44.701969742775 487.122979819775 316.026484519243 323.361760288477 1455.96359026432 0.474373817443848 10.6977533102036 176.340915352106 1707.49891290069 273.496298491955 339.813382536173 0 2.33039283752441 53.594044983387 51.668666690588 27.2999278903008
10424.0372469425 17.5738415718079 637.213690251112 193.288306832314 319.512708306313 1167.67324671149 4097.19403110445 4872.35661049187 422.110090568662 959.112844467163 389.668572098017 370.312001883984 94.4378349781036 17769.4731500447 115.541769891977 235.315785706043 392.609508752823 22.9490644335747 84.9381167590618 274.358938246965 1016.3266594708 211.015854239464 1618.57682067156 955.660118550062 5.443812251091 190.791476309299 324.856683194637 2135.98403057456 0 12885.7029725313 2.68702805042267 2997.14425751567 16392.7953445017 5537.65283739567 163.459257751703 2522.52291214466 179.201643407345 2345.0272141099 236.175123542547 1069.57530012727 2340.99837827682 33.0016077458858 51.2082862854004 1.11239659786224 0.462966322898865 3.19469714164734 1.74401977658272 1.84932315349579 0 4.16505211591721 2.54737877845764 4.84379228949547 4.43497860431671 0 3.77419689297676 109.758133709431 16.0830592811108 20.9703298807144 6.20851767063141 0.41286626458168 1.89411789178848 0 25.2041695415974 2.24143922328949 37.0026427507401 0.757567405700684 0 0 1.44782769680023 35.0447913706303 23.0450231432915 36.5956481397152 162.927852064371 1.08490133285522 2.29869157075882 31.9313236773014 191.604512542486 27.8125815689564 32.1613645255566 0 0 6.80334049463272 4.48414674401283 18.8310247659683
3167.66565254331 28.3249131441116 1359.77203676105 11.8386216759682 6.06632745265961 213.082172632217 12817.1666618288 1611.57559853792 408.044737875462 84.8892505466938 58.7653203308582 12.4633348882198 17.4015777409077 3622.67582628131 9.99610117077827 768.481992423534 1056.94263213873 17.5209732353687 105.727061539888 12.7794581651688 14200.0006646812 528.771309167147 8494.13148164749 1028.50535207987 5.15975937247276 280.691813617945 709.600698590279 16660.6454943717 12885.7029725313 0 1.403096139431 18.877595692873 891.534091353416 4858.72763830423 193.735656529665 4327.97377356887 323.917501479387 2664.57652255893 540.155245453119 361.066114038229 181.441454440355 5.26669570803642 106.749252796173 2.04329043626785 0 1.88574847579002 5.98854473233223 0 0 8.31452947854996 7.68919026851654 14.3499460220337 0.970923244953156 0 0 93.9549525380135 15.3640868663788 17.1667069196701 9.11131870746613 1.25848567485809 0 0 33.7373344302177 1.40734356641769 135.448786228895 1.67467188835144 0.434971898794174 0.693189799785614 1.43385779857635 152.467822253704 109.138056576252 138.663179576397 243.113085001707 0 6.10456091165543 95.8999310731888 286.299079924822 57.142093360424 81.7621017694473 0 0 12.1567139029503 6.96425347030163 21.8691303133965
0 64.2551656961441 9.08680936694145 0 0 3.16513574123383 0.925091981887817 3.19135871529579 0.923994660377502 0.477516561746597 2021.58224767447 0 6685.79413348436 5.95312923192978 0 1.34914928674698 23.7659043669701 236.190478056669 130.246163606644 0 2.3988790512085 13.136565387249 9.35777866840363 0.629074931144714 403.206597536802 2381.5129724443 2185.60519009829 1.44548326730728 2.68702805042267 1.403096139431 0 1.33615267276764 0 70.6149898767471 0 13.7345424890518 288.504269003868 165.393893748522 6.23222172260284 0.795200526714325 1.50497424602509 41.7335676848888 0 2.48983728885651 0 0 0 0 1.13021647930145 0 7.49724793434143 0.471450418233871 0 0 0 0 0 1.56088590621948 0 18.2643414139748 0 59.271252989769 0 0 0 0 19.2901937663555 7.94954699277878 0 0 0 0.593888759613037 0 30.2886946201324 86.642891138792 72.0899142026901 0 0 0 10.6748859882355 0 0 0.583538174629211 0
7.31028160452843 0.55553936958313 1.47598904371262 6.77173727750778 1793.08981275558 2604.36488133669 24.7940443456173 1688.48957787454 7.08592376112938 35.2517485618591 92.1109855473042 26.2361849248409 25.422923207283 770.68655833602 146.770862042904 3.40697887539864 3.76020672917366 2.89573979377747 5.52249509096146 6.70544043183327 5.59711349010468 0.672726154327393 7.20246145129204 5.34161484241486 0.432973891496658 5.21578425168991 11.774266064167 19.9679643213749 2997.14425751567 18.877595692873 1.33615267276764 0 4.00075522065163 2040.64248579741 2.79307287931442 80.9404058158398 11.5807955861092 191.787896066904 4.31865125894547 535.960332930088 3656.39254194498 2.28817868232727 0 0 0 0 0 0 0 0 0 0 0 0 0 0.459581553936005 0 1.66406261920929 0 0 0 0 0 0 0.557805478572845 0 0 0 0 0.360339492559433 0 0.408897250890732 0.717785060405731 0 0 0 1.70627355575562 0 0.581988334655762 0 0 0.589913606643677 0 0
149.72925311327 1.19743084907532 59.747431486845 8.74060806632042 0 12.5836934447289 272.996671229601 89.7536544203758 91.9439399838448 46.8149232268333 6.55457359552383 6.67392873764038 3.22038733959198 279.398774266243 0.696152448654175 71.7160942256451 55.5028045475483 1.10776263475418 8.91356825828552 17.588265568018 192.760515540838 57.4706142544746 231.802469611168 204.419840425253 0 14.9436474442482 51.158921122551 566.700625419617 16392.7953445017 891.534091353416 0 4.00075522065163 0 1016.31065294147 48.7830412983894 739.107338637114 30.1367166042328 462.803648769855 68.6440274119377 77.0922721028328 69.2530234158039 2.12852102518082 9.91506594419479 0 0 1.60484743118286 0 0 0 1.23701810836792 0 0 0.669793963432312 0 0 9.03308391571045 0.684923052787781 1.84013223648071 0.684328675270081 0 0 0 3.90144702792168 0 13.1846425533295 0 0 0 0.848765552043915 9.62206056714058 5.12732219696045 5.16186374425888 26.9921990036964 0 1.2979508638382 3.51116436719894 27.4241918325424 4.19041800498962 2.0726044178009 0 0 1.20412135124207 0.575821280479431 6.452417999506
