0 106.563667297363 101.809247981528 82.2509834981803 86.5241535949873 65.8661252143509 30.0160471568657 48.2526322475072 77.0501524039592 68.9928182320886 115.96587024563 94.4702749078192 106.50601090967 23.0824615759768 78.7784934657196 102.886988619403 110.657828222811 155.053681469685 135.476264876958 55.8966970584648 90.0571377806836 100.074358341879 95.0920658361752 81.7685457082644 118.485733032227 127.139908741093 118.532081221017 79.7244263711142 22.5956215270796 35.3239371908561 0 93.6723828011418 43.7360036800493 67.2480575695872 142.085416324472 76.7796447474411 105.17262834815 76.1781926176665 89.1949295880344 66.4537392970193 78.0944859731842 90.0774612426758 129.40242204085 0 0 0 166.78076171875 0 0 165.636637556652 140.021377563477 192.555469147007 0 0 0 171.536425133983 178.676150832972 108.085527400344 132.129501342773 98.9314193725586 0 0 185.659399795252 0 147.978090948013 0 0 0 0 168.322108022454 101.824151585944 171.321448986772 149.53612066571 0 0 172.636069435215 153.641946424884 181.23174893929 165.912948205446 0 0 148.672518694339 196.433213728136 182.714810838282
106.563667297363 0 50.6929840739178 138.772259798059 131.308045453085 143.404752434206 117.10418439214 152.204436232032 71.054867514264 134.622996270331 56.3258337601683 95.0996976803363 47.3064214304381 142.654043253211 111.633769781935 72.0482578539862 60.4090548008436 62.121070216542 52.2618528328505 128.906416325468 100.887414653771 31.0653694638827 79.3481421222024 84.1497489317079 23.7298579038394 48.1566142663983 33.6597049381521 104.111398929525 121.719182547573 111.889830511968 62.7924896187178 127.13614654541 97.2512774395176 61.5042074645013 139.411848807068 88.2655598827065 47.6499710527564 59.6401838445926 68.5886946221873 98.6383843743692 111.314437944562 38.5914195760515 117.355748580501 72.7104994345428 0 91.3219997657717 178.462150451766 222.423873901367 64.2119527220447 0 23.8387907653823 73.5531370294265 0 0 0 163.950425825179 0 120.661851378028 0 88.701726435721 0 87.6107233480969 190.811989254256 0 116.833974944592 78.4592729919247 88.2931890884429 75.2823279225227 0 127.828175864565 67.0673881543837 112.603793032829 169.661877639239 45.7526379825798 66.3487897916025 62.9306524039203 162.750689651035 0 131.062149158867 86.2764725995873 0 0 66.6012243201243 0
101.809247981528 50.6929840739178 0 191.827423095703 144.48796081543 127.19284989856 98.5233925751174 125.817727169253 107.676122052078 141.906887933009 86.357686541189 166.167365146695 95.6350798286178 121.686735103646 131.637865265201 97.3585494783438 38.5536172145202 82.963867776937 63.0888112097608 140.115838302907 69.6740143569954 58.8942494891575 38.842436394665 115.032335668602 78.1217175190031 34.0668326412555 33.8706835144494 90.8580862305313 108.864578978787 81.2305500786715 99.810750310026 165.535141183849 103.339857455613 62.3324381224932 155.359621487937 74.6084793249431 50.2401725790114 60.0277068815631 64.1374643224326 91.8859254722791 100.234457955593 93.7100968746815 129.705831478719 105.590472927935 0 124.432662963867 0 0 0 165.691449228969 63.6392626868179 101.685951501771 207.855331420898 0 230.341644287109 178.486804563564 193.846359996349 154.32239210116 0 138.117395618875 0 129.774436797761 193.018148594498 0 132.665786660562 111.783500833168 130.037552381578 117.921881686191 0 150.469162580998 98.5833508256672 122.189587100589 169.695772663451 102.771508075674 112.1245616466 100.065903274178 174.407074944446 179.046054233926 172.158685779271 141.829803466797 0 167.457183837891 131.05677176121 162.220003063686
82.2509834981803 138.772259798059 191.827423095703 0 109.738836998383 68.4230473965116 45.8252965930929 91.7717468175125 62.3785173936931 28.4297596963706 140.155042982995 44.7768595531651 194.685470581055 93.60185912638 75.1398964262755 97.4560150080684 0 0 0 12.8287402108392 167.925092069751 90.1716300781381 134.720877327869 31.0273997242336 177.721923828125 190.769561767578 134.725017483954 19.5192924787699 102.96499911756 113.34776045058 0 137.888979782346 90.6922697221228 97.3650406400307 150.285947411016 80.8860453981341 163.675916439707 97.0107026886091 110.562923954305 77.6644362771189 100.293219318229 0 94.7846255186949 0 0 0 96.692539221716 237.159027099609 0 174.749508995178 142.696487426758 0 87.5346120180507 0 137.622744492931 142.614204037669 162.679673950584 79.7701157045016 36.6771785700471 0 17.9651773783073 0 165.777556290808 111.792640105637 152.367294823445 0 0 0 23.8520234461978 167.723382899419 136.358585608511 0 127.396266205533 0 0 184.36589050293 147.792606927525 183.598899528196 172.875037700722 0 0 0 179.652017808366 175.181945800781
86.5241535949873 131.308045453085 144.48796081543 109.738836998383 0 18.926387815006 108.874357155137 22.549772765599 49.8922394678792 105.49849967932 56.8129044197857 51.0339570222715 50.4360380186929 35.6056994745574 15.2148806465802 96.3802490234375 169.914518899541 89.0358581542969 100.36488681238 110.455897154129 131.928154487892 106.402770957332 148.661757415252 68.8025424717572 179.281311035156 172.698211669922 164.465806169932 128.643571291074 29.2717251367581 102.16020617262 0 12.8366686533644 0 17.0951553532936 90.0834691277189 66.6153990102824 100.007516186457 37.9890222589251 40.374851930046 11.906936301638 9.21837232192212 62.0656852722168 0 0 0 0 0 0 0 0 0 0 0 0 0 204.746658325195 211.132064819336 0 0 0 139.929351806641 0 0 0 0 0 0 0 0 0 0 0 0 0 0 0 197.94514465332 0 0 0 0 0 0 0
65.8661252143509 143.404752434206 127.19284989856 68.4230473965116 18.926387815006 0 60.9788249922543 19.4017598769747 79.5168249047028 37.4783353385051 74.4748010388406 29.9041807063268 64.3231952530847 52.6003657317895 24.4944475731896 116.423907995264 144.669845470498 117.646274979439 131.233590227872 50.8833815314187 115.87237676434 109.948296590631 117.223199802771 79.2624768141152 92.2818191782937 138.629266118263 142.448046135729 80.5814930156751 51.7392064086381 92.3041287729853 138.061796489747 14.7317295891491 107.886590867968 44.3284651167285 78.5927207041055 83.6654226316561 107.000137831552 68.6654537727604 106.699508858521 20.5773533762475 23.4663520785306 78.4489495059104 133.408341809576 0 0 178.620971679688 135.612139400064 188.111297607422 0 0 0 0 176.566301855435 0 191.573779809571 168.090713470914 188.563489258188 106.471945928023 184.48784568076 0 120.68115538682 0 198.751374557392 164.036319656727 172.557339076533 236.744445800781 0 0 179.033772660466 188.239500843079 137.470782191016 200.86927009198 152.538638433994 0 0 198.955925099537 166.601891126681 191.368753680197 175.727142225059 0 0 0 175.617442946243 0
30.0160471568657 117.10418439214 98.5233925751174 45.8252965930929 108.874357155137 60.9788249922543 0 63.9203145441049 62.0405031762506 27.7485487586274 135.689290189059 60.5813587458411 130.704554834384 46.245785874267 83.0487328587351 80.9775861533777 116.188318477337 167.346095320556 141.656365847185 30.6474803675008 79.761183060729 78.0379057613064 84.9810149241756 51.4316058621142 152.905858897101 137.145878260444 99.5298670885122 40.1368737311788 69.8139825920473 28.0733670333283 188.217459942992 129.404089877858 77.5433223991501 87.2720096424767 156.725125724762 86.7943377954774 99.5006553557929 87.1915167021386 95.2583756042477 82.1781331209007 89.5186649855629 108.670757469143 122.038077874995 172.346046543019 0 155.561495106512 122.777507097157 182.496921518179 0 155.199091459946 128.871392318088 167.578823417552 153.164593943098 0 168.585403203074 139.643823982318 166.164297220194 89.6067811543639 158.916610150855 0 145.52993350106 0 170.28907841171 133.017152435813 147.211142006752 186.980703674459 0 209.701736450195 157.110854003121 155.10758524285 109.643465648905 158.294047876782 126.698742362315 196.063705444336 196.41389812496 160.34926225139 141.646153213341 169.540509350805 144.807756185237 0 216.711876431893 146.200464388474 167.110761545253 180.045299167577
48.2526322475072 152.204436232032 125.817727169253 91.7717468175125 22.549772765599 19.4017598769747 63.9203145441049 0 97.3721920453 52.939714803772 70.9706114064937 71.0639381092562 58.7102327380213 26.6075090736178 37.8364465379721 124.838714663312 132.208884071416 122.160507361658 128.431704223687 76.1690690573777 112.942511739001 110.950183659397 116.747017363748 95.4470574911164 128.024857985953 139.959318506294 136.396800871759 98.2225926542226 45.7490076667604 81.3857807092218 146.651557931356 21.1572355505475 74.564635928885 41.4686963715757 129.679413515946 84.0536216364297 103.257152651762 62.8929206495368 95.4335202946366 35.0478318622995 26.8333224504116 79.2870067955885 162.422614575803 229.299270629883 0 105.200019836426 150.996048482739 218.477402151673 0 175.678464158256 150.245588999082 185.543595257313 185.064678396305 0 195.704430384594 177.707876489713 196.32838497872 120.243514225482 188.409224800822 0 201.291326847673 0 203.754181535649 186.70982725056 169.155966508773 218.255072489507 0 0 203.517096551574 188.118978398518 143.262086701707 180.628404314221 163.727718532112 113.250312805176 0 189.937882653648 180.708770319491 198.844521667575 173.511638444255 0 0 177.087619861764 188.147363533607 162.463343080517
77.0501524039592 71.054867514264 107.676122052078 62.3785173936931 49.8922394678792 79.5168249047028 62.0405031762506 97.3721920453 0 76.8971212707654 122.017599315499 22.1573310860813 115.982257668291 97.5794628643041 24.543338086548 56.2422498660396 130.455865867709 125.164858430247 122.732409941885 55.3218084633172 72.700156501686 31.2561676446347 98.0972267517915 26.738073564347 99.1430415636655 121.538234619358 92.7947882871607 61.9787541731156 90.8220203445685 66.8691762505699 124.536718222163 95.9095806353257 76.5962539201916 83.2491825581937 151.987560970834 45.3698720299788 97.9365605160982 89.6082178808067 86.0982488240385 19.63267750404 87.6421786677843 106.316198190244 63.1110286221503 141.676976322716 0 156.282586175018 53.1763212924711 125.863824122516 0 99.2306381544263 102.852575566597 134.415253365235 96.8327488719375 81.7668614641818 119.586821036436 89.9662334418351 111.724167287759 22.1493150200134 106.167821545117 0 71.4799089011026 138.421592401823 121.327873991913 70.443871454948 96.416550838492 164.455821011508 0 0 97.5817561477218 109.1975635019 31.2912890394221 125.756682247824 71.5332168181117 158.529037475586 174.193312094232 143.348781578857 93.0209663350336 115.300916643564 87.3141655598584 0 0 101.382029181697 145.298109836688 164.286275466666
68.9928182320886 134.622996270331 141.906887933009 28.4297596963706 105.49849967932 37.4783353385051 27.7485487586274 52.939714803772 76.8971212707654 0 130.939193602118 31.9797267418871 127.76014376429 39.2511194780061 72.0787956846295 123.80808513032 175.772858981318 161.35235486053 167.145167168621 18.0183468900779 128.194772173401 105.507708274151 137.414442678552 56.3241699307616 0 163.420418424572 142.7781732319 42.0265234486085 102.443114709283 113.828750287614 178.647125244141 118.325524338454 103.216057791087 100.104355730718 117.63311444928 98.1634906979616 140.976832245864 96.79813961353 110.096520820475 74.6122966645033 100.422434534912 138.360490233634 110.305723213295 132.863845825195 0 200.302520751953 113.356117910938 210.272161804697 0 180.669112763024 0 0 165.398153690996 0 186.429802403515 158.2456274014 192.118542897902 99.2226582606765 176.105892250767 0 145.424657367437 0 181.524841518708 139.478943844273 176.354952605038 0 240.773941040039 0 161.49105066336 205.630806133941 137.236248495987 192.151838549223 141.771254203165 0 0 217.47816856263 163.554137593034 190.947562538309 182.82232739183 0 0 189.201547916886 203.037933349609 173.918092404239
115.96587024563 56.3258337601683 86.357686541189 140.155042982995 56.8129044197857 74.4748010388406 135.689290189059 70.9706114064937 122.017599315499 130.939193602118 0 119.31920207485 22.7024959079606 79.0984794916548 89.8096079652769 141.955268388034 59.494300495084 22.9963272787947 29.0772109598604 122.227394975279 118.543785948208 96.9043798331357 91.791026669369 144.17382093073 28.4055829036718 29.8782259258749 59.5722338044182 160.321406025055 72.2373252037926 124.503495883344 27.1946170004371 59.5462468818862 102.227162609858 20.3302185391387 152.589968832929 84.8221396763894 27.2987583300101 26.214666273761 51.7879501257641 59.6893930850295 41.9631342700309 15.894378678587 157.148708207035 56.7455880691421 83.7478233729075 0 186.360641479492 0 40.909977316073 0 90.2912473635024 147.207637839614 235.057479858398 0 0 226.919219957497 225.356460571289 149.828125323463 0 74.6924378957381 0 66.7088382615593 0 0 0 130.317328884598 105.803432741106 107.404497383594 0 174.155227661133 140.318720016143 150.563581904695 216.590774536133 55.3028522262476 107.607327499008 113.308984991114 235.091038304285 218.504135131836 148.564788818359 95.4689205580407 0 186.580413818359 112.677554540742 162.20955602139
94.4702749078192 95.0996976803363 166.167365146695 44.7768595531651 51.0339570222715 29.9041807063268 60.5813587458411 71.0639381092562 22.1573310860813 31.9797267418871 119.31920207485 0 139.252502553544 88.6058174079498 18.2734357896008 103.953716671963 199.358032226562 129.263549804688 157.093756531398 17.1824617112258 117.411106929537 71.8343737455716 145.640614935398 28.3626438801328 143.061057909942 180.509790730202 142.817091318285 60.317832843525 95.0092216909958 114.383046782816 0 98.2082428900756 103.097724138786 92.0522540713947 19.1378791883233 49.2186112258044 121.083099867207 92.6074041574815 117.84434348255 22.2374811075872 87.7938716192433 129.565900372485 61.5048628315659 0 0 195.828094482422 70.2073777114158 237.066909790039 0 0 0 192.620803833008 123.867833372428 0 140.068810263944 138.322442860356 204.156260989882 72.9693488567262 94.0393200032004 0 12.315151779337 0 198.194955276962 44.5664138793945 106.430480957031 0 0 0 88.7858580313899 184.925401958866 146.523985276154 153.685775756836 110.022735899537 0 0 143.689470868753 137.694289919611 178.192626513087 0 0 0 0 175.646384122318 0
106.50601090967 47.3064214304381 95.6350798286178 194.685470581055 50.4360380186929 64.3231952530847 130.704554834384 58.7102327380213 115.982257668291 127.76014376429 22.7024959079606 139.252502553544 0 83.5151720404358 157.378904007432 137.824134479217 86.3853926958572 50.2884851567626 63.1794521733774 138.379176527693 133.509811632505 86.5706228341905 123.001682315613 141.400804338914 19.5401400833852 30.6340369080514 38.9616197092876 140.938285059508 65.7443350696553 120.690698389504 12.1646760179927 52.335343835076 63.1464912022594 29.2146233020023 82.6701429209487 28.6745817098478 28.3030730327491 25.3294331462922 12.8007670637313 56.074176742916 11.4966590509175 13.127027987548 46.2444174416505 55.1704748397074 66.4493791920929 64.0306734872924 60.2244637799526 0 41.0231619139388 0 76.8413514470005 133.884470371684 0 0 0 0 0 191.280120849609 0 77.2346659270882 0 65.2421855360306 198.036178588867 0 180.703776469648 145.687942629424 93.7121315530176 112.210750866834 0 154.331192016602 136.520670394906 182.935518544548 152.995971679688 50.6697033133296 96.8130833553963 102.30378433461 235.515914916992 0 0 89.8626885186209 0 0 94.7766360352394 98.6193211361659
23.0824615759768 142.654043253211 121.686735103646 93.60185912638 35.6056994745574 52.6003657317895 46.245785874267 26.6075090736178 97.5794628643041 39.2511194780061 79.0984794916548 88.6058174079498 83.5151720404358 0 57.6649132412092 114.750600119641 125.809626222731 130.839332234884 126.460328032792 69.1875165532524 109.076513333774 108.621165763355 112.61141748173 92.7764715680965 156.7359363464 139.02497174878 140.616027303984 98.2349387845162 32.0508179060256 70.7173576534287 122.392732095238 26.2716177681788 55.9616406265367 49.8292891172558 137.458023776108 83.236246175418 97.3597490115116 65.1046760648257 98.8794367045053 47.8389679212868 39.8269746818779 81.2030831215589 156.099740802365 184.783447265625 0 133.055938720703 0 203.175033569336 0 192.856139794158 151.728669767958 182.483754133807 210.478046550935 0 222.62152585529 177.107432201516 193.951634304699 131.259690397594 201.317109431026 0 148.34355438258 191.699600219727 186.914816163683 231.175674438477 168.752628511932 0 0 0 212.417022705078 182.169659849315 118.28314330505 187.533086315936 168.109535146405 0 193.351300380483 195.036602613177 177.450726814092 194.910081238447 176.58235217694 0 0 189.289714367347 178.280486003386 166.417781341896
78.7784934657196 111.633769781935 131.637865265201 75.1398964262755 15.2148806465802 24.4944475731896 83.0487328587351 37.8364465379721 24.543338086548 72.0787956846295 89.8096079652769 18.2734357896008 157.378904007432 57.6649132412092 0 119.334188430925 137.289398193359 0 0 59.0402290918752 130.762542724609 75.3525194493513 134.098704635673 45.7918097420945 136.36376572306 153.256394917761 130.694533697088 86.537696445958 53.9831149328873 99.1796150735184 0 39.8066059952454 85.3373107910156 57.2477524226869 0 44.8240525219127 138.999130249023 71.8552159754287 59.6295852661133 11.0840408446207 30.203216991021 0 84.2618037171784 0 0 0 60.1073987757826 0 0 0 157.846405029297 0 207.45036315918 0 0 130.807842975493 152.613849224001 56.6635337170703 169.556997214387 0 122.321449279785 187.914459228516 0 0 0 0 0 0 0 170.941986083984 0 130.220138549805 104.722883963552 0 0 198.906845092773 138.912181341697 141.907104492188 202.086502075195 0 0 127.680023193359 0 0
102.886988619403 72.0482578539862 97.3585494783438 97.4560150080684 96.3802490234375 116.423907995264 80.9775861533777 124.838714663312 56.2422498660396 123.80808513032 141.955268388034 103.953716671963 137.824134479217 114.750600119641 119.334188430925 0 99.9465564786503 149.246606938934 118.282852406335 95.3832269920988 23.1384581840955 32.0401207243238 20.574061778757 38.4688700737974 107.941909045975 123.199447010937 39.1289553668561 40.6302645682268 95.4813762243562 75.5963379036631 143.669229371678 126.382839239737 80.1184846888572 71.4182552069888 147.422911671811 76.2778658376396 59.6547883634446 75.6959717609625 78.2579746665793 89.1729422773368 89.3835197286335 123.035970705129 107.512379600239 154.31657409668 0 153.754333496094 126.956572451522 168.872095209339 0 147.717801072639 100.486721512041 129.842000759207 183.65559785943 0 153.056144956511 148.487182316554 168.997563671528 105.140773206495 169.438179969985 165.032119750977 0 0 176.305604417296 141.050811767578 110.926155166888 156.006344088172 0 186.702786437546 0 125.554342891276 65.7209114343939 119.174350866614 123.955368586036 193.091865776408 151.257603116806 118.338912562737 130.665670074701 145.600307989208 126.572921840734 0 0 115.736674131021 130.092318606104 176.316832428953
110.657828222811 60.4090548008436 38.5536172145202 0 169.914518899541 144.669845470498 116.188318477337 132.208884071416 130.455865867709 175.772858981318 59.494300495084 199.358032226562 86.3853926958572 125.809626222731 137.289398193359 99.9465564786503 0 49.0834844098525 26.5019227488017 126.423988342285 61.7597990416848 84.0400518521464 27.3443364066135 135.006936955116 74.8021952027873 33.703899814662 63.4797570753435 106.022631876445 110.58379610244 76.3035793667769 81.324619384594 147.4786274993 98.4877064466192 39.1742921263583 152.852242616384 78.2306502616834 49.8472302429209 50.2181743990998 64.3887670703983 100.533260391623 100.117906551924 77.1137999277012 134.34839561618 126.317445298898 0 0 0 0 0 0 74.9130680440315 106.746327479459 0 0 0 180.826126098633 238.624176025391 0 0 148.208356263279 0 122.445602309747 215.512390136719 0 167.765692214836 119.262301767982 137.40627785479 127.403352828524 0 178.062102495571 109.518359688244 141.680720663701 162.632956742068 90.2843545776231 110.095615216242 110.583151679083 180.215701126134 231.440765380859 136.048601541087 0 0 0 122.79146736681 159.30232742124
155.053681469685 62.121070216542 82.963867776937 0 89.0358581542969 117.646274979439 167.346095320556 122.160507361658 125.164858430247 161.35235486053 22.9963272787947 129.263549804688 50.2884851567626 130.839332234884 0 149.246606938934 49.0834844098525 0 18.9059472779801 165.952362060547 100.15478398874 109.716368809089 86.2595161941325 157.904935358308 47.4039096498374 29.6327979180886 63.9057275226618 181.433696622611 108.906088107851 122.055148085954 52.419474585725 96.6703274698292 145.832078069459 58.3366782102482 120.498263702158 95.2074713987899 48.2822359887135 55.0006664409925 75.0343750925578 118.382739908217 79.2475014840499 66.0657195707437 0 111.566805125705 0 0 0 0 0 0 99.2398614502166 160.536262588065 0 0 0 0 0 0 0 104.631213588111 0 89.6119291863975 0 0 0 140.866424773714 108.527314806745 113.814282005931 0 179.760025024414 160.572311401367 176.397839148907 0 75.9035643690319 109.560503165129 112.359009511317 0 0 196.277603149414 114.917918307688 0 0 138.311741224521 161.685032170823
135.476264876958 52.2618528328505 63.0888112097608 0 100.36488681238 131.233590227872 141.656365847185 128.431704223687 122.732409941885 167.145167168621 29.0772109598604 157.093756531398 63.1794521733774 126.460328032792 0 118.282852406335 26.5019227488017 18.9059472779801 0 164.945927593773 94.3977389205274 99.5808008590401 69.9638917813785 153.960385953302 50.7340193849305 30.387911440465 60.140522799372 138.763769836076 119.700379414687 105.675570302462 64.3418742409263 101.006384964891 121.146781689706 48.2510946897253 159.50860218258 79.7321194742541 48.3003093436962 49.690832560661 63.2441593681438 99.1739593021375 96.8721366227077 70.8837522201266 143.894542082794 120.040176607455 115.937599182129 173.396872612437 0 0 109.000145871217 0 82.547801938456 136.263456065707 0 0 0 0 0 152.124671106835 0 112.999239964903 0 103.275209119762 194.152984619141 0 193.796894516287 147.784165125791 111.73489791744 117.442246643868 0 188.40681781201 138.007881189729 165.191551697504 172.050888061523 81.6174337815324 106.595984235766 107.619487496089 224.349351411744 0 244.530288696289 114.87848629321 0 0 121.47245095282 158.72140025763
55.8966970584648 128.906416325468 140.115838302907 12.8287402108392 110.455897154129 50.8833815314187 30.6474803675008 76.1690690573777 55.3218084633172 18.0183468900779 122.227394975279 17.1824617112258 138.379176527693 69.1875165532524 59.0402290918752 95.3832269920988 126.423988342285 165.952362060547 164.945927593773 0 151.355710048575 99.3141173460016 168.136214231668 33.421585987332 0 178.693420410156 135.166053778963 26.1466949023654 92.4754565774527 124.560656265479 0 123.978839685992 91.0944055131695 92.675118653722 61.6943954389293 77.5114610714186 130.407439474092 85.1416601647243 88.9769870818394 58.5516799505913 89.3933862389027 133.050649686284 95.8935930444033 0 0 180.138595581055 103.584735464046 0 0 163.983605092674 0 0 149.45969159652 0 168.628379479409 140.73577887146 166.827785577942 76.8890798921739 155.903970814498 0 19.58870804532 0 155.690866482256 119.56031036377 153.744918823242 0 0 0 145.826323486063 174.530132247994 0 212.356414794922 118.167183941419 0 0 0 146.874444285179 194.219732480421 134.446958008416 0 0 192.924560546875 0 0
90.0571377806836 100.887414653771 69.6740143569954 167.925092069751 131.928154487892 115.87237676434 79.761183060729 112.942511739001 72.700156501686 128.194772173401 118.543785948208 117.411106929537 133.509811632505 109.076513333774 130.762542724609 23.1384581840955 61.7597990416848 100.15478398874 94.3977389205274 151.355710048575 0 62.642544810667 39.4156727316549 78.0888038490831 121.46450092199 100.099340323874 76.363449951811 38.1036939858515 91.3420363093746 38.7953699372565 126.798967983241 164.165233179376 82.2211476467493 43.7535890463374 149.475810935449 72.2378526649752 56.7331815992815 61.7986922605983 70.4912783291993 84.1919058702628 86.9568719189714 113.839901580959 125.854667539693 192.143364043081 0 179.566055428436 147.770058261673 162.751571655273 0 156.66213667982 109.449158845944 147.321297494612 201.248437380532 0 170.444717407227 159.326874647358 192.291421998488 143.014287150916 208.692094613705 247.389450073242 156.457989555288 180.79719543457 171.140532379344 0 122.56408651392 171.561785929146 221.997543334961 159.109347924181 0 138.97651789763 82.2803835490704 133.636823715711 134.026579059037 158.631468326307 175.229932629378 133.973616790939 146.323874460462 158.093459040013 137.550003278223 0 0 130.956094398393 137.16382364327 172.342189278215
100.074358341879 31.0653694638827 58.8942494891575 90.1716300781381 106.402770957332 109.948296590631 78.0379057613064 110.950183659397 31.2561676446347 105.507708274151 96.9043798331357 71.8343737455716 86.5706228341905 108.621165763355 75.3525194493513 32.0401207243238 84.0400518521464 109.716368809089 99.5808008590401 99.3141173460016 62.642544810667 0 57.2931911718587 40.962860400466 65.0527674964871 85.5782504681517 39.2057732543435 64.4960182943711 91.8076577098065 64.6531603743886 104.564021740209 121.721000671387 74.7554536959048 66.3241540726763 143.974543220585 67.4224665535621 58.5209384999072 63.2404779949561 64.6134176332483 70.8147672835795 90.2139059744226 77.4378481069943 89.2720688719795 105.342065664505 121.58080291748 0 70.8120040880363 0 94.4044428195817 132.34339893946 35.4214397483395 79.9287814412508 130.887496948242 0 147.203109741211 127.861049777319 170.622820176691 62.333205683497 200.11875982012 134.197105424951 71.595765170451 111.795386562756 141.225223962518 142.840391523763 76.9723092816575 110.446678539674 125.59215694478 103.230489011692 0 91.6447249597195 27.7712195341386 81.6400028900145 94.4204871039792 88.2909736418976 111.845645486009 71.5441574716652 105.846216320572 148.937389480654 92.4937851574295 109.199032989891 0 88.6791458129883 100.331440870371 162.511433475723
95.0920658361752 79.3481421222024 38.842436394665 134.720877327869 148.661757415252 117.223199802771 84.9810149241756 116.747017363748 98.0972267517915 137.414442678552 91.791026669369 145.640614935398 123.001682315613 112.61141748173 134.098704635673 20.574061778757 27.3443364066135 86.2595161941325 69.9638917813785 168.136214231668 39.4156727316549 57.2931911718587 0 77.534610992316 110.121153267584 70.2996879658621 44.7435660261639 60.4141286559479 101.409689822207 62.8566827456227 113.103957236363 160.493176354812 92.3103175565029 52.7220960773062 146.818543083418 71.2331935550508 50.3163664607864 60.4436419346935 66.1448273332478 82.4485553026547 88.2108929671376 91.4823753628969 141.518871456782 131.785329163485 113.29866027832 138.503201694281 169.110129278438 173.31198584284 0 172.48085513921 82.5895306621419 114.441512330072 210.114392455823 0 208.296619737782 171.025417845479 196.361419386227 123.680962694065 0 164.569604231216 166.676040649414 157.76945615198 188.567916849536 192.187034740044 116.660940599371 137.302597802039 185.133155987153 163.215670183 0 145.168060257776 77.5451122889694 120.395278831429 153.217675425503 133.014169547905 138.967081003922 109.081426672962 154.947402891256 181.444733514636 149.716522666713 195.755810727609 0 152.363571823137 133.455630226053 161.490630893214
81.7685457082644 84.1497489317079 115.032335668602 31.0273997242336 68.8025424717572 79.2624768141152 51.4316058621142 95.4470574911164 26.738073564347 56.3241699307616 144.17382093073 28.3626438801328 141.400804338914 92.7764715680965 45.7918097420945 38.4688700737974 135.006936955116 157.904935358308 153.960385953302 33.421585987332 78.0888038490831 40.962860400466 77.534610992316 0 119.232024120152 144.00408922648 82.3814833897137 25.3232437985987 93.8591297668285 72.6857516985581 152.746002197266 134.398824336008 79.3047314348477 83.7783349290297 157.986094287126 71.7486807275618 104.884559019637 92.0986943780561 94.9051449682817 48.5704280419775 93.1819256547134 129.610114034775 91.3484028108017 185.081393238753 0 170.830275393431 93.1567627882578 168.227887632368 0 144.618970687681 118.445508781846 154.631913693956 127.999257033623 0 154.147054202904 126.138168232479 152.860724180336 63.1937966101829 138.918766529651 210.496505737305 115.226198893587 231.234300266633 157.604006086478 111.441939396553 122.722214417835 177.98394008423 0 194.34735490572 133.894538154934 133.886063467051 79.0747378684863 136.466141576438 110.562676992278 211.119711737042 183.315625025667 145.731073952915 126.92111794853 157.42143503043 133.403709089025 191.603286743164 211.320126502715 142.302325399815 144.785085289074 197.896774275162
118.485733032227 23.7298579038394 78.1217175190031 177.721923828125 179.281311035156 92.2818191782937 152.905858897101 128.024857985953 99.1430415636655 0 28.4055829036718 143.061057909942 19.5401400833852 156.7359363464 136.36376572306 107.941909045975 74.8021952027873 47.4039096498374 50.7340193849305 0 121.46450092199 65.0527674964871 110.121153267584 119.232024120152 0 45.4066647843175 36.6446453141213 136.552129989784 111.456436302249 131.881177423159 45.4601768524575 200.042266845703 0 48.1893386968509 128.078140258789 91.4091520983893 18.9450872943365 35.9548356833045 68.8940600318609 122.214754749295 0 12.4263669260274 104.654629923013 44.7924805272181 77.0988552544396 0 0 0 29.6667111537454 0 54.4406257159177 124.773601820045 0 0 0 173.795806884766 0 110.907506960428 240.763137817383 61.5236773065586 0 50.375742681223 196.262069702148 0 0 126.892226048793 75.192250077507 87.9300520728944 0 0 116.501187581211 139.636001392443 134.85285949707 32.390141292397 77.0308235970902 79.4693700233565 197.396713256836 169.733703613281 0 69.5063358900608 0 238.926940917969 103.571629329641 0
127.139908741093 48.1566142663983 34.0668326412555 190.769561767578 172.698211669922 138.629266118263 137.145878260444 139.959318506294 121.538234619358 163.420418424572 29.8782259258749 180.509790730202 30.6340369080514 139.02497174878 153.256394917761 123.199447010937 33.703899814662 29.6327979180886 30.387911440465 178.693420410156 100.099340323874 85.5782504681517 70.2996879658621 144.00408922648 45.4066647843175 0 36.7879247723354 130.264580366432 125.760086777787 106.725116231327 21.7238180529335 118.937278779198 125.658105843482 59.8777714951257 163.312085112379 83.9113117373039 50.2469112730699 59.0577731780946 69.9826666404127 106.557747739769 105.279797553918 68.6271922141491 141.100454602715 107.358501146392 113.947445025268 127.121190465531 206.778656005859 122.813003540039 90.667058062276 0 72.7027163295903 116.364112427702 0 0 0 198.238982098515 207.481160588367 151.901151809405 234.255447387695 106.934885523484 0 92.0056257095535 194.815907339428 0 153.54333448007 115.475771476854 108.672809486099 111.70859144035 0 159.130157863373 123.074969320169 142.846223242114 191.259730305486 72.2486197929679 100.433851585806 101.604887875251 226.848447607036 199.237351405018 167.42887628983 110.613011572007 0 0 110.279190924817 157.498001983061
118.532081221017 33.6597049381521 33.8706835144494 134.725017483954 164.465806169932 142.448046135729 99.5298670885122 136.396800871759 92.7947882871607 142.7781732319 59.5722338044182 142.817091318285 38.9616197092876 140.616027303984 130.694533697088 39.1289553668561 63.4797570753435 63.9057275226618 60.140522799372 135.166053778963 76.363449951811 39.2057732543435 44.7435660261639 82.3814833897137 36.6446453141213 36.7879247723354 0 84.7628918962264 125.881723253261 101.522586398247 27.6596067339573 114.324501952068 113.313229243371 65.8594439370726 153.396234237138 78.0764096349289 54.1697305707612 64.6134262538069 70.8185251333114 91.8976528262112 93.4997107559185 73.1653176685772 136.125297510823 106.750916024845 152.246972852763 132.694798088952 169.408500090412 171.038359820701 91.8451020650248 179.080283560324 63.7331770104001 101.249749382204 183.792719494601 0 189.300924002818 163.305996082451 195.626614550539 154.474198656078 207.908222828137 116.631604022996 161.084167480469 103.252021093867 185.635208453819 200.374843456321 112.572727954668 112.56861921564 113.580558213992 111.525290799761 213.6513671875 140.233501505686 70.8514973258005 111.285665238481 158.162313856706 78.8370390982259 100.289931063576 95.7935561249906 167.542406727631 190.570641550663 160.780419204043 119.75680982798 0 142.861896961333 112.754200182534 161.782794241676
79.7244263711142 104.111398929525 90.8580862305313 19.5192924787699 128.643571291074 80.5814930156751 40.1368737311788 98.2225926542226 61.9787541731156 42.0265234486085 160.321406025055 60.317832843525 140.938285059508 98.2349387845162 86.537696445958 40.6302645682268 106.022631876445 181.433696622611 138.763769836076 26.1466949023654 38.1036939858515 64.4960182943711 60.4141286559479 25.3232437985987 136.552129989784 130.264580366432 84.7628918962264 0 94.7277832666175 43.1842117765583 165.435047878293 145.530951771089 80.1391822867766 75.3208946236811 156.562438330022 80.205034346544 79.493003962952 87.4232571509772 88.1746898734085 90.3339114501885 96.6452748246969 123.326770131783 117.443935068177 168.901813172795 226.518249511719 174.697045186436 128.352572429699 172.600183574735 229.707885742188 156.205823788959 161.214173261141 165.338443116847 155.647124932934 210.260009765625 172.281930818565 144.034042538594 174.218208869019 94.9366490048873 164.636775284935 0 137.4190927624 204.354518963322 169.051466055605 129.183975219727 128.74406513458 177.402094521847 0 206.453522725353 151.227052028116 138.878036571508 88.5273221099254 142.90541344072 130.256540284298 144.133728027344 183.125318454701 154.402945856326 141.553284222599 163.151547300431 141.358202645486 0 216.076325664736 135.433579975951 148.611156736107 187.937338387954
22.5956215270796 121.719182547573 108.864578978787 102.96499911756 29.2717251367581 51.7392064086381 69.8139825920473 45.7490076667604 90.8220203445685 102.443114709283 72.2373252037926 95.0092216909958 65.7443350696553 32.0508179060256 53.9831149328873 95.4813762243562 110.58379610244 108.906088107851 119.700379414687 92.4754565774527 91.3420363093746 91.8076577098065 101.409689822207 93.8591297668285 111.456436302249 125.760086777787 125.881723253261 94.7277832666175 0 36.1158782583566 99.4417581271436 15.5502664026685 19.6707512806835 36.1121412068389 125.711585296117 70.0658697894031 90.2289174751338 54.187695886713 79.4317764623168 49.1382765604313 26.7755116386513 71.2419393086647 145.243433515595 89.7984161376953 107.711044311523 131.338963824226 173.664176932594 195.980342231226 0 170.765418484449 150.649467052308 169.210068776733 201.054952390225 0 211.212285235303 170.951455303038 203.703193240533 119.766029747267 184.843500629061 218.752792358398 205.48959415283 0 192.856569711118 169.853257687494 149.761465584536 207.831527709961 0 0 204.517194327625 159.017657743322 110.535754488234 166.808283760046 158.610802150289 151.204193115234 195.533382125883 180.541909116908 166.833602402494 187.890343506912 169.897149421406 0 0 158.183413959758 163.119320759732 139.192011866533
35.3239371908561 111.889830511968 81.2305500786715 113.34776045058 102.16020617262 92.3041287729853 28.0733670333283 81.3857807092218 66.8691762505699 113.828750287614 124.503495883344 114.383046782816 120.690698389504 70.7173576534287 99.1796150735184 75.5963379036631 76.3035793667769 122.055148085954 105.675570302462 124.560656265479 38.7953699372565 64.6531603743886 62.8566827456227 72.6857516985581 131.881177423159 106.725116231327 101.522586398247 43.1842117765583 36.1158782583566 0 153.996638055656 118.359018215199 52.9542846006019 38.2355354111974 138.539227725771 67.1150700483162 73.88869521932 63.5626590332493 72.8271312725093 80.3504619278788 77.9700409803434 117.383336524841 122.821380997781 167.582709194833 0 126.544686738326 135.563655800654 0 0 146.719683028291 125.839880388511 152.733276026925 177.337069863042 0 0 148.435905841191 167.530962384289 99.987931604391 179.500492119409 155.845291137695 0 0 168.242802817941 187.872399572348 127.873364769327 180.000147490164 189.430282592773 198.157241821289 167.181777954102 138.201094512862 85.238316479851 141.385010964011 137.223349548827 0 179.437359368297 147.8134632366 141.903440363299 158.666857958901 142.156583081876 0 0 143.530378667668 145.732782174725 175.274051026703
0 62.7924896187178 99.810750310026 0 0 138.061796489747 188.217459942992 146.651557931356 124.536718222163 178.647125244141 27.1946170004371 0 12.1646760179927 122.392732095238 0 143.669229371678 81.324619384594 52.419474585725 64.3418742409263 0 126.798967983241 104.564021740209 113.103957236363 152.746002197266 45.4601768524575 21.7238180529335 27.6596067339573 165.435047878293 99.4417581271436 153.996638055656 0 95.7260589599609 0 71.5666772021567 0 117.481967137938 53.1080875992792 64.9296948999506 107.686012444648 96.8842086791992 81.3582382202148 63.0061196127311 0 88.2697803977501 0 0 0 0 67.8328170776367 0 114.197646955271 172.91130065918 0 0 0 0 0 194.670291852546 0 110.059851501534 0 91.4494931339338 0 0 0 0 114.899660000191 123.838954899185 0 0 0 209.033950805664 0 71.873756332221 113.598059497034 114.724634242041 0 0 0 109.241367178877 0 0 151.492752075195 0
93.6723828011418 127.13614654541 165.535141183849 137.888979782346 12.8366686533644 14.7317295891491 129.404089877858 21.1572355505475 95.9095806353257 118.325524338454 59.5462468818862 98.2082428900756 52.335343835076 26.2716177681788 39.8066059952454 126.382839239737 147.4786274993 96.6703274698292 101.006384964891 123.978839685992 164.165233179376 121.721000671387 160.493176354812 134.398824336008 200.042266845703 118.937278779198 114.324501952068 145.530951771089 15.5502664026685 118.359018215199 95.7260589599609 0 75.5796589189282 22.5505053727785 113.646728655072 80.1443053939069 74.7125252270965 43.3118979833351 97.2015870748688 29.7794215795099 13.0891228159776 62.6721500121809 0 0 0 0 0 0 0 0 0 0 0 0 0 219.902496337891 0 142.849029541016 0 0 0 0 0 0 200.700302124023 0 0 0 0 188.585098266602 0 208.261764526367 205.731182341707 0 0 0 218.157063871023 0 218.182235717773 0 0 200.130981445312 0 0
43.7360036800493 97.2512774395176 103.339857455613 90.6922697221228 0 107.886590867968 77.5433223991501 74.564635928885 76.5962539201916 103.216057791087 102.227162609858 103.097724138786 63.1464912022594 55.9616406265367 85.3373107910156 80.1184846888572 98.4877064466192 145.832078069459 121.146781689706 91.0944055131695 82.2211476467493 74.7554536959048 92.3103175565029 79.3047314348477 0 125.658105843482 113.313229243371 80.1391822867766 19.6707512806835 52.9542846006019 0 75.5796589189282 0 23.9615233863087 101.051278692141 45.2484649287152 70.3785503268264 43.021401947333 49.8937098745828 47.4797362642553 41.8084175645954 63.3293467173799 118.501380419444 0 0 124.222557067871 0 0 0 170.744537353516 0 0 194.594009399414 0 0 157.495357489687 182.270156860352 130.603730384667 206.42399597168 0 0 0 188.278582927743 0 133.913690967612 0 0 0 174.841079711914 138.422162333263 80.4017388864303 151.120105832083 145.28964379383 0 185.410842895508 160.810372141772 154.687836759257 201.881952613551 153.078148666582 0 0 178.949456837028 192.976821899414 119.609498677488
