0 9.60522717237473 134.639110833406 12.7568179368973 0 56.8673996329308 3532.31013181806 571.363407611847 134.31241106987 244.107970654964 39.2996783554554 19.9913518428802 12.0066422522068 13546.2162820399 7.76879891753197 27.0195954740047 204.81670832634 2.715296626091 16.975582420826 22.2236422896385 211.153668820858 69.2237192094326 450.436548143625 387.267531692982 2.33002704381943 67.5094076693058 65.0096662640572 758.212975740433 16830.9506518841 4166.72559815645 0 10.0688423216343 563.827912330627 392.028739243746 8.19395753741264 308.299542367458 40.8557758927345 304.79249766469 42.493132174015 76.2424273490906 32.5266641676426 7.59550347924232 16.2377998232841 1.03144979476929 7.02189970016479 1.4018329679966 4.43076056241989 0 0 6.58830678462982 0 5.80489253997803 0.728089451789856 0 0.905690252780914 20.4877588152885 2.11768078804016 14.9365305900574 1.62885022163391 0 0.934510409832001 0 9.60557872056961 2.17643165588379 15.0118362307549 0 0 0 1.08429530262947 14.8178757727146 14.4913938045502 20.6276862025261 124.277365088463 0 0 12.5767450034618 87.3171817660332 11.1646687984467 31.5004374086857 0 0 5.41310930252075 6.15754935145378 5.91459178924561
9.60522717237473 0 338.285478711128 3.93451204895973 1.72077989578247 6.68243771791458 28.1612732112408 31.345530807972 648.865860819817 3.28129088878632 376.028755843639 21.701842457056 1249.17985072732 33.0422161221504 40.5485826730728 146.061553448439 752.605125129223 132.01370537281 474.26415130496 3.05901426076889 64.2103814184666 3293.34207201004 290.69650888443 542.791086435318 2554.5233861506 1927.01979011297 7930.55945289135 89.1203818619251 38.1872129142284 62.842941313982 25.8538082242012 4.50414156913757 3.34616231918335 385.408352136612 8.38510686159134 405.616173565388 759.762538701296 556.62989166379 116.505938351154 59.3772497177124 1.65403628349304 268.887053906918 100.329018473625 86.3123037517071 76.4545475244522 16.5752885341644 2.09089398384094 4.53036880493164 20.8049886226654 1.46892356872559 493.974342167377 210.311758160591 0 0 0 3.14945161342621 1.49592584371567 18.8369233012199 2.41369706392288 41.1849154233932 0 95.9917640686035 1.1414443552494 0 24.40562915802 151.932190954685 36.421014547348 131.930755823851 0 15.1013450622559 125.852392584085 84.1954782009125 23.1009080708027 177.146079272032 613.51317191124 1661.04796871543 10.8278529942036 1.66043394804001 9.19431579113007 5.30440199375153 0 0 44.7532216310501 4.56081402301788
134.639110833406 338.285478711128 0 1.42097586393356 0 85.3747666180134 850.88959634304 251.424665749073 20.6491704583168 52.9340926408768 128.523799002171 4.70212090015411 33.3333629965782 376.800410538912 3.95858365297318 54.8664654195309 8196.76427942514 58.8810671567917 396.737643182278 0 1547.51063391566 146.074488073587 14265.5308760405 74.2082370817661 31.7769945859909 15911.2413332462 9055.63927820325 926.619725346565 269.589126080275 1160.5657761097 11.5168344974518 2.45220336318016 45.4795281589031 1064.85413554311 46.3959559202194 2943.6292873621 2349.08508902788 2143.21327510476 736.301393538713 179.772857993841 17.3976570367813 5.20610517263412 125.354229390621 56.3886655569077 90.8338589370251 31.6534376144409 6.25572663545609 0 0.649408519268036 3.30538046360016 254.437673360109 414.446471393108 0 0 0.508311808109283 14.0384897887707 2.10186636447906 12.4645555317402 1.09161245822906 5.17699471116066 0 7.44520828127861 3.71481883525848 0.458759427070618 74.6394803822041 175.112158030272 2.51294481754303 49.5540427267551 1.20303308963776 39.3189740180969 129.891476988792 345.954773336649 44.9623248875141 24.9998635053635 227.562362551689 1671.16218349338 25.1657945513725 7.8299862742424 21.1732896268368 0.55002772808075 0 2.91755443811417 40.1178644895554 47.1791644990444
12.7568179368973 3.93451204895973 1.42097586393356 0 1.46953058242798 226.795317441225 784.531325876713 45.0913000404835 526.246624350548 9085.67323589325 1.38255298137665 2067.24406307936 3.32128113508224 71.1948314905167 68.4265199899673 2.51572355628014 1.63587480783463 0 0 32073.3111862242 3.12765815854073 14.0057591199875 2.53905767202377 3176.97556227446 0.328057765960693 0.363461881875992 7.71394926309586 17979.4258917272 80.6441929042339 6.73329931497574 0 0 5.04781547188759 25.6218689680099 0.907384395599365 118.968413859606 0.927448570728302 44.7303031980991 11.3326844871044 84.300619751215 11.2796446084976 0.71012270450592 46.7746149301529 0 0.467661142349243 1.65076017379761 17.5857425928116 0.865482687950134 0 3.31859266757965 0 0 586.155638277531 0 21.9564940035343 59.4321409761906 13.8516166508198 79.8472137749195 183.403157263994 0 668.526340305805 0 15.1926452815533 15.1549351215363 2.12001872062683 0 0 0 219.389220952988 0.513166427612305 3.02765798568726 1.75165057182312 368.942899525166 0 0 1.95555257797241 282.327950686216 5.63534364104271 2.36406189203262 0 0 0 3.88436424732208 0
0 1.72077989578247 0 1.46953058242798 0 2197.32675996423 7.46110233664513 454.114933133125 79.6374471783638 10.2397148013115 45.6906004548073 39.4347230792046 17.4826741218567 44.3082258403301 2233.14496004581 0 0.607933700084686 1.29556775093079 5.1380922794342 2.76378738880157 1.35845637321472 12.7134421467781 8.08391398191452 34.9325152933598 0 8.39687019586563 3.69928216934204 8.34149384498596 115.133517861366 2.53206741809845 0 1384.26840996742 0 699.82839179039 80.0726702511311 22.9129901826382 5.39429450035095 106.259232342243 6.48443555831909 4343.03256905079 2243.04620021582 4.261345744133 18.5293932557106 10.1456162929535 4.06920039653778 3.52121651172638 0 0 1.05676782131195 0 0 0 1.06192672252655 0 0 0 0 0 2.36902803182602 0 0 0 0 25.2275157570839 0 0.629079043865204 0 0 0 1.25432121753693 0 1.86905670166016 0 0 0 0 5.09547489881516 0 1.55675864219666 0 0 0 0 253.367937773466
56.8673996329308 6.68243771791458 85.3747666180134 226.795317441225 2197.32675996423 0 3281.32930964231 16742.8094843328 337.996092796326 18073.9547260404 369.074201822281 10846.8711457849 230.792196601629 1532.73397570848 1746.55682343245 9.32278725504875 51.8725470304489 16.2612135410309 22.1388480067253 674.728081882 115.693980574608 38.9584101736546 160.85789963603 505.764964967966 18.8824338316917 56.324221521616 71.8634686470032 2958.43696141243 1260.87229695916 209.24522408843 3.1668786406517 3103.40327590704 24.058117389679 1573.13831871748 12.6156049966812 466.391085326672 76.7319338321686 667.91377183795 49.2527883946896 6205.191429317 3122.41912099719 65.0264728069305 18.7686261832714 2.15806978940964 1.63972735404968 1.11393982172012 11.9087018370628 0 0 3.09947833418846 2.13469654321671 3.37452700734138 30.7458047866821 0 3.16029107570648 48.7298318743706 11.5418435931206 30.3859531581402 37.305938988924 0 34.4655889570713 0 11.587601095438 4.61110645532608 7.15502378344536 0 0 1.10440063476562 23.432393848896 10.0510512292385 5.79800629615784 8.70792290568352 150.161855071783 0 0.574057817459106 4.58511087298393 127.397374480963 9.39293605089188 13.0755680501461 0 0 4.99647080898285 3.03327557444572 4.00134485960007
3532.31013181806 28.1612732112408 850.88959634304 784.531325876713 7.46110233664513 3281.32930964231 0 5539.91817101836 657.593722313643 14733.1086702347 68.2987523078918 249.172869205475 45.0853789746761 10798.9547430575 71.7546324133873 103.519957900047 330.776995420456 8.78716871142387 36.1023291647434 250.701131105423 1320.45165291429 179.23386451602 1845.19389414787 2067.06949344277 4.69758170843124 243.582540512085 518.8275347054 20239.1699749529 3665.13079822063 9997.6551424861 0 33.737835496664 430.585830807686 841.911061435938 80.240748167038 2780.77450400591 175.764444082975 1146.76764887571 284.352326124907 740.489295512438 177.912616610527 20.8252827227116 68.6085693836212 4.71698367595673 37.7582269310951 9.55523824691772 14.6928170919418 4.27406319975853 0.697191417217255 32.4514571428299 8.6088108420372 18.8480768799782 67.9274302721024 0 19.3537768125534 205.02411699295 50.0151503384113 114.280108571053 73.2716220021248 1.47043532133102 24.8492203354836 1.55720508098602 61.0563051998615 0.532761812210083 68.4003361463547 10.3408738970757 0 1.84208261966705 44.8826652169228 68.4789648354053 39.9721539020538 65.1207556128502 820.930095106363 0.660648047924042 9.31321850419044 53.0630497038364 662.29277998209 84.3322715163231 75.2229581177235 0 0 6.67432826757431 25.3154133558273 20.6287300288677
571.363407611847 31.345530807972 251.424665749073 45.0913000404835 454.114933133125 16742.8094843328 5539.91817101836 0 211.753169447184 4749.25988584757 924.083813428879 1016.06693035364 340.400459051132 18403.1818639338 389.187274158001 14.8374616801739 183.027477473021 50.6494537293911 99.3024235069752 186.106696307659 270.180785566568 44.5713490843773 575.954006969929 511.155490279198 44.6538273096085 190.324699640274 168.393215596676 1241.8676276207 3232.82967430353 1068.42176565528 4.67837864160538 1981.91617819667 45.6469192504883 2250.77716970444 20.1685104370117 679.678891718388 168.620417624712 1170.35746976733 94.4136869311333 2522.56797924638 2303.28784421086 110.377242386341 27.279254168272 1.50234985351562 10.7992949187756 1.55452656745911 9.27433919906616 0 0.997533738613129 12.2830963730812 3.66974240541458 7.92899772524834 5.24339628219604 0 5.5980281829834 71.5428037047386 13.4931838214397 30.6973336935043 8.96961399912834 0.79749208688736 9.55663219094276 3.64639019966125 19.826324313879 2.41305088996887 16.3029647171497 0 0 0.670855045318604 1.81943845748901 20.3921798765659 12.3141937255859 15.5912917256355 240.270663559437 1.11354386806488 6.79016733169556 23.8347870111465 192.091242998838 23.5754402577877 24.5488727986813 0 0.491475135087967 3.62633880972862 8.34517520666122 11.725983351469
134.31241106987 648.865860819817 20.6491704583168 526.246624350548 79.6374471783638 337.996092796326 657.593722313643 211.753169447184 0 696.151134312153 45.3059904873371 1989.15212401748 96.5945664644241 355.971601694822 2171.98367220163 106.788149476051 34.1714861690998 7.57080608606339 22.0526030659676 329.040871351957 138.874441713095 3590.90559843183 107.871150434017 13628.8661122024 141.689180999994 68.0261069238186 477.163319855928 2480.3078173995 394.949229836464 356.863391846418 1.64552319049835 3.19698280096054 79.0109584331512 148.013470113277 6.68753445148468 380.794794380665 50.1871392130852 181.280065178871 36.9110692739487 1445.21589410305 13.2767220139503 33.5392891168594 86.7997912764549 8.09777390956879 29.0018156766891 10.5861203074455 36.6603870987892 0.576552391052246 3.92208826541901 27.0354708135128 16.1465355753899 7.67659425735474 106.231647133827 0.756855845451355 13.8827955722809 135.801475048065 30.9891905784607 431.082248687744 81.5996086001396 2.23343732953072 88.3731139600277 2.73571276664734 44.7226027548313 25.9295838475227 103.79453098774 2.01025384664536 1.66776624321938 0 73.6155526638031 103.064298242331 134.219360917807 85.166601806879 746.845559924841 3.30786538124084 3.76626807451248 51.5695200562477 509.880899429321 48.912538677454 96.2022022902966 0 0 13.8819102048874 33.3907460272312 2.01735603809357
244.107970654964 3.28129088878632 52.9340926408768 9085.67323589325 10.2397148013115 18073.9547260404 14733.1086702347 4749.25988584757 696.151134312153 0 102.093445718288 27388.6472633779 63.0292362868786 2822.95284235477 221.965800285339 19.0094649195671 29.9536033570766 5.13968941569328 20.5145787298679 25480.5927457213 74.6147502064705 56.193018168211 95.3182429075241 2366.04784858227 4.70405226945877 35.4517355263233 80.5256651043892 22681.2258818746 1671.78758427501 105.943637371063 1.96926921606064 43.7990604043007 64.7725254297256 548.070413649082 29.3976125121117 1335.43189910054 49.5015861988068 833.927784591913 132.786679089069 1148.77426698804 196.150658756495 21.1083547174931 67.8238333761692 5.04413390159607 7.39016234874725 2.91075623035431 44.1077469885349 1.41005438566208 0 8.76610478758812 3.52813863754272 3.46484073996544 187.100674837828 0 32.9206652343273 162.474232345819 42.3740660846233 127.425078362226 190.030430525541 0.545449256896973 804.412888109684 0 22.3114742338657 16.1354808807373 5.59581711888313 0 0 0 118.965839773417 5.96531793475151 3.56079810857773 7.58573585748672 628.819483846426 0 0.649953782558441 6.38592743873596 547.57070171833 27.8492503464222 9.126166254282 0 0 0 8.64947533607483 8.49286419153214
39.2996783554554 376.028755843639 128.523799002171 1.38255298137665 45.6906004548073 369.074201822281 68.2987523078918 924.083813428879 45.3059904873371 102.093445718288 0 74.4699534773827 9734.00247728825 772.284718871117 19.8807538747787 13.4543569087982 1118.98257300258 6463.67842140794 3735.55350753665 11.9211797118187 51.2324467599392 79.2051620781422 184.472666949034 42.1863038241863 1899.62290793657 9129.24558550119 3086.43597277999 55.9859195947647 508.103827387094 99.2178348302841 1731.62417006493 172.916466087103 13.9119249880314 9587.85823863745 9.06112965941429 507.071027576923 6412.40781345963 7896.48604881763 304.683174908161 160.421785950661 164.032908916473 3966.05996030569 6.79314225912094 75.1363835930824 23.0140891671181 5.31683057546616 0 0.772598683834076 115.026765108109 0 22.1428159475327 5.10680970549583 0 0 0.739502906799316 1.02998030185699 2.00638496875763 0.500828683376312 0 94.5872475802898 0 357.623677164316 0.483768999576569 0 0.557729661464691 4.91389453411102 59.7029891014099 33.6128022968769 0 3.63186997175217 10.1112899184227 5.04699042439461 6.46191120147705 237.676104187965 205.527339190245 229.924707889557 10.2389886975288 1.03600633144379 2.37495905160904 23.8812806606293 0 0 15.1771089434624 4.52754139900208
19.9913518428802 21.701842457056 4.70212090015411 2067.24406307936 39.4347230792046 10846.8711457849 249.172869205475 1016.06693035364 1989.15212401748 27388.6472633779 74.4699534773827 0 55.4640080928802 774.877709239721 1570.68080922961 1.39701521396637 7.03311982750893 9.95096516609192 8.67671206593513 20903.0105647743 5.04856410622597 67.7936911582947 9.07222992181778 2329.52256584167 6.97702530026436 16.5772429704666 19.0100234746933 1568.91123154759 413.208707541227 19.0863201022148 2.23008269071579 47.8070617318153 3.13563865423203 229.103952378035 8.77817249298096 468.661651492119 23.0992756187916 362.707468926907 26.3463862538338 2724.77929019928 109.652802318335 20.3748894631863 104.872805178165 0.555921614170074 2.27001583576202 0 67.6468763947487 1.59539848566055 0 0.323012501001358 0.496443063020706 0 120.721895158291 2.45894825458527 22.1987953782082 38.6912785470486 7.18504473567009 74.3820888400078 114.375389188528 0 998.52586081624 0 3.56333237886429 26.8489606380463 2.52811425924301 0 0 0 156.587251156569 2.08296281099319 2.24984031915665 0.547374486923218 199.691683441401 0 0 2.92698416113853 181.337566077709 1.15716874599457 4.12731930613518 0 0 0.448927909135818 1.24763655662537 2.00562000274658
12.0066422522068 1249.17985072732 33.3333629965782 3.32128113508224 17.4826741218567 230.792196601629 45.0853789746761 340.400459051132 96.5945664644241 63.0292362868786 9734.00247728825 55.4640080928802 0 200.371145039797 11.1809685826302 7.21887218952179 81.0979504883289 404.899648338556 179.516134440899 5.88276904821396 14.2246546447277 194.89573431015 26.6712827980518 55.1230327188969 9738.97818401456 5846.54714921117 7278.76817184687 35.6532398462296 152.32277444005 19.7231775820255 4280.27713093162 61.2256670892239 5.78421407938004 1064.80148398876 45.2296877205372 792.385290950537 4375.21211534739 2818.13277128339 141.214839607477 201.172586500645 1033.92715412378 5831.12405267358 30.8604401648045 163.211100310087 107.184478580952 59.721205830574 3.20885670185089 6.4994877576828 286.601452052593 0 53.8293082714081 7.90241912007332 0 1.43949067592621 3.63824728131294 3.04630756378174 4.33789139986038 0 0 242.504857480526 0 683.14303997159 0.588040471076965 1.87745571136475 3.62923005223274 7.54251992702484 64.4849988520145 23.7649820148945 0.994620501995087 0 13.984614610672 7.45751518011093 5.6737514436245 369.624212116003 223.378755539656 251.777078390121 3.50050497055054 4.4924276471138 0 41.6603946685791 0 0.487505584955215 13.0967375636101 32.5328287184238
13546.2162820399 33.0422161221504 376.800410538912 71.1948314905167 44.3082258403301 1532.73397570848 10798.9547430575 18403.1818639338 355.971601694822 2822.95284235477 772.284718871117 774.877709239721 200.371145039797 0 52.6075662970543 34.9544716775417 431.415209323168 51.2133356630802 121.04803994298 242.904927402735 517.661551356316 113.312320023775 1103.53387972713 860.782620221376 44.5943854153156 264.098088204861 255.954548865557 1852.62083092332 11248.8929966688 3752.74304693937 4.89418363571167 1649.67128002644 182.103749006987 2012.08778992295 34.9503767490387 1134.91088402271 184.357444256544 1579.55927526951 122.901958763599 1034.09242576361 605.22199434042 70.6286641061306 24.6045950651169 3.79597729444504 15.4878717064857 5.86095035076141 7.76164591312408 4.05844879150391 2.04738110303879 11.3934676647186 4.26739403605461 9.69791930913925 7.29391306638718 0 6.5892873108387 91.3525207638741 16.4407767951488 45.8756202459335 20.9889520406723 2.4566116631031 13.4333516955376 3.06649100780487 27.1610116064548 0 38.7639003098011 1.38075888156891 2.13540720939636 3.07628008723259 10.1473046541214 35.5646187365055 22.1367013454437 20.0928638279438 334.489891201258 2.7327464222908 8.24163165688515 30.0843226313591 243.317573517561 43.4316457808018 48.5816208720207 1.31302499771118 0 0.395019203424454 13.645174652338 11.3405320048332
7.76879891753197 40.5485826730728 3.95858365297318 68.4265199899673 2233.14496004581 1746.55682343245 71.7546324133873 389.187274158001 2171.98367220163 221.965800285339 19.8807538747787 1570.68080922961 11.1809685826302 52.6075662970543 0 8.01982527971268 5.31255957484245 0 4.09372508525848 86.1754570007324 25.3264964222908 222.056628644466 54.3939717113972 1006.26013746858 4.48908299207687 16.2012597620487 43.5175611376762 235.543953925371 70.1863210201263 33.2088372707367 0 79.4381141662598 6.64979600906372 65.1862493157387 84.9772452712059 356.488871723413 40.8556674718857 88.5500039160252 39.346167743206 18136.5409491658 97.8519145846367 4.37249010801315 36.2839480638504 2.69994604587555 0.864378929138184 2.24915927648544 21.3025621771812 1.59174716472626 0 0 0.743445813655853 0 16.2701647281647 0 1.65328997373581 2.18182039260864 2.06097102165222 21.672097325325 17.3647512793541 0 9.65348583459854 0 0 24.308252453804 3.13108015060425 1.24786674976349 0 0 13.5333065986633 3.72321045398712 2.28893268108368 7.22147965431213 46.2589936256409 0.502027571201324 0 4.12608230113983 33.1292766928673 4.15538251399994 0.791739106178284 0 0 0 0.897962212562561 179.307913810015
27.0195954740047 146.061553448439 54.8664654195309 2.51572355628014 0 9.32278725504875 103.519957900047 14.8374616801739 106.788149476051 19.0094649195671 13.4543569087982 1.39701521396637 7.21887218952179 34.9544716775417 8.01982527971268 0 95.4637816250324 1.71727937459946 11.4246270358562 0.816183567047119 11989.2211017907 2773.28967538476 14661.1787533164 2259.3380330205 21.946210205555 48.4348040521145 6917.0050572753 1991.4493983686 108.51364120841 253.785881221294 0.802624762058258 0.794233530759811 43.6974182426929 308.168007075787 35.5462973117828 1454.47267404199 573.124079525471 621.082608044147 228.659004449844 183.964350670576 11.9082477986813 1.613884806633 155.839643895626 30.7410280108452 106.193249672651 19.900828897953 9.67283874750137 1.63587737083435 0 4.41542768478394 23.1539362967014 53.0365110933781 0 0 0.487379491329193 35.1448708176613 4.14386677742004 32.771016061306 3.27944839000702 0.895139753818512 1.27708530426025 1.20350062847137 9.53071266412735 2.58834540843964 532.113748908043 21.3856257200241 0 2.94338810443878 1.10838484764099 321.411277115345 297.077201604843 763.807838410139 249.683784425259 1.33079433441162 8.18428891897202 245.248525083065 148.774646222591 37.8585752546787 121.892790079117 0 0 3.24923360347748 64.0037314295769 21.6143224537373
204.81670832634 752.605125129223 8196.76427942514 1.63587480783463 0.607933700084686 51.8725470304489 330.776995420456 183.027477473021 34.1714861690998 29.9536033570766 1118.98257300258 7.03311982750893 81.0979504883289 431.415209323168 5.31255957484245 95.4637816250324 0 664.616066873074 13722.4161943495 1.99046385288239 1645.02077692747 214.615994066 12192.069452554 92.0713546574116 113.749855816364 11395.9722388685 5627.42653268576 327.027549445629 529.206182807684 2723.6104015708 32.4939922988415 10.1100177764893 92.0307458937168 2879.45680969954 41.8156893253326 1856.61891540885 2134.25569346547 2386.29303500056 601.47275903821 111.602176129818 24.1916647255421 8.24279308319092 53.2892588675022 35.3498999476433 42.8696958124638 12.1730908751488 2.49415588378906 0 1.9605907201767 0 122.888800293207 151.003357768059 0 0 0 1.21883308887482 0 2.23383593559265 0 11.6025702953339 0 14.170285910368 2.15921920537949 0 54.2558254599571 77.7834495007992 24.2955757975578 47.9486005306244 0 29.397796779871 34.6223664283752 110.135848134756 23.2507163584232 29.736171156168 232.638008236885 789.598889499903 10.6562983989716 2.83763784170151 11.3626466989517 1.73262131214142 0 1.13564884662628 19.3237581253052 30.5391990542412
2.715296626091 132.01370537281 58.8810671567917 0 1.29556775093079 16.2612135410309 8.78716871142387 50.6494537293911 7.57080608606339 5.13968941569328 6463.67842140794 9.95096516609192 404.899648338556 51.2133356630802 0 1.71727937459946 664.616066873074 0 5160.66990351677 1.04416859149933 13.2163424789906 17.473516613245 51.5129580497742 4.88782769441605 571.908540070057 5930.11548173428 1222.19513067603 3.98785746097565 44.7079821825027 26.6376928985119 166.609899222851 14.8524892926216 1.74243623018265 472.56649312377 6.2532871067524 201.378857851028 712.547581166029 704.345770388842 132.086927056313 9.66630584001541 4.18566113710403 38.5387554466724 7.54806017875671 25.3243656158447 12.6498739719391 1.10829770565033 0 0 3.61626929044724 0 13.2865540981293 0 0 0 0 0 1.59160399436951 1.71830034255981 0 51.9384210407734 0 136.954924046993 0 0 0 3.03824770450592 49.9160662591457 25.2047231197357 0 0.498437494039536 2.09360492229462 0.696440875530243 1.40289044380188 175.320969998837 166.846155554056 154.181390166283 0 2.79100048542023 0.495898008346558 9.49686419963837 0 0 10.7081407308578 3.53065997362137
16.975582420826 474.26415130496 396.737643182278 0 5.1380922794342 22.1388480067253 36.1023291647434 99.3024235069752 22.0526030659676 20.5145787298679 3735.55350753665 8.67671206593513 179.516134440899 121.04803994298 4.09372508525848 11.4246270358562 13722.4161943495 5160.66990351677 0 0 119.839456439018 48.4459936916828 541.559517472982 23.6771764159203 582.11280143261 10168.4260561168 2939.54478362203 36.2547505795956 110.726842522621 241.448715001345 67.4494391083717 17.0472003221512 6.73909330368042 1710.52711164951 13.529103577137 706.09458270669 1195.78972393274 1796.96951061487 345.817751169205 31.4290387928486 8.91618001461029 16.5268126726151 13.452789068222 30.0090799927711 15.9072380065918 4.24113911390305 0.832487463951111 0 6.96605902910233 0 96.0617033839226 13.712612092495 0 0 0 0 0.442821502685547 0.739935338497162 0 35.3264774084091 0 65.4745334088802 2.16462987661362 0 7.69118756055832 20.6805494427681 56.5306741893291 74.9288935661316 0 1.56973028182983 4.59621229767799 17.4154603779316 2.73221069574356 168.484929054976 296.863696843386 414.443663775921 3.23382985591888 1.66935098171234 3.39959788322449 15.1155220866203 0 0 12.141315639019 10.3804125189781
22.2236422896385 3.05901426076889 0 32073.3111862242 2.76378738880157 674.728081882 250.701131105423 186.106696307659 329.040871351957 25480.5927457213 11.9211797118187 20903.0105647743 5.88276904821396 242.904927402735 86.1754570007324 0.816183567047119 1.99046385288239 1.04416859149933 0 0 2.53121063113213 7.24410802125931 1.14750155806541 1432.73350203037 1.0162467956543 4.05697864294052 11.0134986639023 5216.41687572002 185.800572276115 3.90046510100365 0 6.95059674978256 5.72384458780289 53.3610420227051 5.81283074617386 152.073676407337 6.74393945932388 99.8634574711323 16.4058564603329 217.833935558796 34.0830179452896 5.08128875494003 28.3137338161469 0 0.769946217536926 0 47.1496565341949 0 0 0 1.59111964702606 0 91.7728680670261 0.793689429759979 9.28021845221519 41.0073003172874 11.016393840313 44.45662099123 52.848828881979 0.783714950084686 300.582659602165 0 4.63116574287415 11.4619321227074 0 0 0 0 36.1817386746407 2.00423491001129 0.411939114332199 0.967281520366669 238.860601812601 0 0 0 140.619305551052 2.3227858543396 0.645687520503998 0 0 0 2.28916278481483 0
211.153668820858 64.2103814184666 1547.51063391566 3.12765815854073 1.35845637321472 115.693980574608 1320.45165291429 270.180785566568 138.874441713095 74.6147502064705 51.2324467599392 5.04856410622597 14.2246546447277 517.661551356316 25.3264964222908 11989.2211017907 1645.02077692747 13.2163424789906 119.839456439018 2.53121063113213 0 899.187804311514 28710.4593443871 1484.95837327838 4.61737510561943 279.652768820524 1311.07030636072 11950.2369596064 839.862605988979 21178.5858686268 0.802839517593384 6.51259618997574 277.91903296113 4100.10237744451 154.286098361015 5349.70354548097 1235.11050146818 3404.72287026048 1016.67466765642 819.535706967115 51.1462893486023 8.92254737019539 146.033197075129 53.2956295013428 72.3372803926468 15.4424937963486 15.5043741464615 0.651368141174316 0 21.5942827165127 10.4238168895245 42.5359561145306 1.54776859283447 0 0.673280477523804 69.6469697058201 8.26228922605515 44.4461030364037 2.92663565278053 1.21488845348358 2.04562830924988 0 23.3887270987034 4.73019015789032 619.452412486076 22.1242228150368 0.845509171485901 1.90486434102058 2.15401315689087 504.914775311947 322.77372276783 586.621721237898 514.400597751141 1.65204203128815 17.5224127173424 189.358191877604 343.858083218336 53.1125855147839 198.618772387505 0 0 25.5420608818531 63.5541823804379 44.4587962031364
69.2237192094326 3293.34207201004 146.074488073587 14.0057591199875 12.7134421467781 38.9584101736546 179.23386451602 44.5713490843773 3590.90559843183 56.193018168211 79.2051620781422 67.7936911582947 194.89573431015 113.312320023775 222.056628644466 2773.28967538476 214.615994066 17.473516613245 48.4459936916828 7.24410802125931 899.187804311514 0 1551.37284725904 6933.19177818298 325.022216886282 222.538319528103 4777.49084800482 899.304576337337 251.986517935991 548.791049718857 1.39477837085724 1.49861681461334 73.1131829023361 340.784474790096 16.1425852179527 965.551342248917 351.18561565876 585.003729969263 184.445263683796 348.396308064461 4.76333117485046 35.397834956646 126.135497450829 34.7091390490532 46.2802812457085 13.5890635550022 14.0173325538635 0.574229836463928 0.967922031879425 8.64722400903702 46.1051642894745 44.942500859499 1.44184684753418 0 0.364049941301346 37.3011638224125 4.34425222873688 77.6347771883011 6.08889165520668 2.86354523897171 1.35823285579681 13.1964543163776 16.0811786055565 0 405.607574880123 20.240110129118 2.11806550621986 6.32483911514282 2.9153710603714 321.68501329422 391.543638586998 472.158128380775 331.553023308516 9.76930332183838 17.5799567103386 267.254054486752 245.853838413954 28.3310729861259 106.937341272831 1.95607709884644 0 5.65699869394302 48.5663729310036 7.19226711988449
450.436548143625 290.69650888443 14265.5308760405 2.53905767202377 8.08391398191452 160.85789963603 1845.19389414787 575.954006969929 107.871150434017 95.3182429075241 184.472666949034 9.07222992181778 26.6712827980518 1103.53387972713 54.3939717113972 14661.1787533164 12192.069452554 51.5129580497742 541.559517472982 1.14750155806541 28710.4593443871 1551.37284725904 0 542.89337348938 19.9245578348637 1889.76960992813 9692.46738007665 4878.81060263515 1018.49757555127 10457.6404071152 2.86070087552071 4.95287504792213 242.3454605937 5365.05815476179 251.41487455368 12128.4469749629 6732.51246666908 8219.11095607281 3185.45956474543 1719.57188519835 113.944894909859 13.5971868932247 518.312158882618 181.849885553122 339.656133472919 89.3986689448357 39.3045964837074 3.16233813762665 0 12.5250811576843 85.4420610368252 393.383298844099 1.5983581840992 0 0.74473237991333 57.6025038957596 14.9902102947235 41.3250344693661 3.64169663190842 3.46576672792435 3.01008176803589 4.13272285461426 19.7242563068867 3.18392241001129 1262.84948831797 112.970384120941 2.58844739198685 20.8834957778454 0.626136004924774 501.919767439365 702.397018015385 2981.70613387227 325.606555730104 4.26766368746758 66.3328816592693 1916.59241726995 204.624379068613 44.2728032469749 209.476181983948 0.446980148553848 0 9.05773711204529 197.553847938776 135.776198923588
387.267531692982 542.791086435318 74.2082370817661 3176.97556227446 34.9325152933598 505.764964967966 2067.06949344277 511.155490279198 13628.8661122024 2366.04784858227 42.1863038241863 2329.52256584167 55.1230327188969 860.782620221376 1006.26013746858 2259.3380330205 92.0713546574116 4.88782769441605 23.6771764159203 1432.73350203037 1484.95837327838 6933.19177818298 542.89337348938 0 64.881821423769 108.150014221668 1606.95533835888 29981.1436712146 1411.95527604222 1049.21941769123 0.583868741989136 6.5973436832428 409.534497588873 559.823315113783 32.5013047158718 1878.81257760525 173.174461096525 643.59983214736 167.826170474291 936.798997491598 49.0029358863831 11.5310897827148 316.714384526014 15.5164239704609 136.427314460278 31.0681685209274 105.492970436811 7.57296466827393 0.626028478145599 137.701534032822 24.4614728689194 43.7741430997849 278.120154857635 3.81736260652542 87.1528930366039 895.899105042219 189.399730622768 752.93686118722 302.485861092806 7.83365240693092 142.88973903656 1.63562560081482 267.103818506002 30.3695030510426 357.572009474039 13.5521495938301 1.23162376880646 2.6027729511261 218.066151589155 442.34266680479 242.086400836706 289.633166372776 3948.64109289646 1.80198323726654 12.9593113064766 113.707450389862 2788.09430682659 404.967098236084 485.866218030453 0 2.84110313653946 76.5774245262146 135.607782363892 19.2450985908508
2.33002704381943 2554.5233861506 31.7769945859909 0.328057765960693 0 18.8824338316917 4.69758170843124 44.6538273096085 141.689180999994 4.70405226945877 1899.62290793657 6.97702530026436 9738.97818401456 44.5943854153156 4.48908299207687 21.946210205555 113.749855816364 571.908540070057 582.11280143261 1.0162467956543 4.61737510561943 325.022216886282 19.9245578348637 64.881821423769 0 1565.78696012497 5420.96480950713 17.9587348997593 27.4904267787933 9.57250726222992 129.467826515436 2.15994304418564 0 342.209216117859 1.71515274047852 130.9826849401 2093.44862303138 797.723067939281 86.3279500901699 16.3559259474277 4.2347519993782 1958.76623475552 25.5901524424553 134.46882507205 76.4722323417664 8.34902501106262 0.948936700820923 0 166.522210776806 0 128.178536891937 13.8507082760334 0 0 0 0 0 4.44216334819794 0 222.283998459578 0.933248519897461 589.357737362385 0.618069648742676 0 5.92886793613434 22.8966588377953 158.806307435036 119.051946461201 0 0 21.0861449837685 9.44463557004929 5.48830014467239 814.387429535389 590.276390731335 642.803280800581 2.90769332647324 4.32944452762604 0.973755121231079 57.8285805583 0 0 25.4220342636108 4.91539973020554
67.5094076693058 1927.01979011297 15911.2413332462 0.363461881875992 8.39687019586563 56.324221521616 243.582540512085 190.324699640274 68.0261069238186 35.4517355263233 9129.24558550119 16.5772429704666 5846.54714921117 264.098088204861 16.2012597620487 48.4348040521145 11395.9722388685 5930.11548173428 10168.4260561168 4.05697864294052 279.652768820524 222.538319528103 1889.76960992813 108.150014221668 1565.78696012497 0 35331.9660849571 198.638596236706 237.844164282084 539.959773421288 2295.54072716832 29.612147629261 30.5519887506962 2269.7922385931 29.7792731225491 2030.31839737296 3335.57951295376 3383.44252946973 729.386651813984 109.733131766319 17.5073870122433 88.5508562326431 111.632448613644 164.990932881832 173.130831122398 33.3432852625847 3.37936544418335 0 40.1245264410973 0.528959810733795 527.263553231955 173.822322160006 0.784162640571594 0 1.6275041103363 3.09999817609787 2.97852742671967 1.36705213785172 0.63764613866806 171.006974667311 2.53836357593536 457.152193069458 5.00972041487694 0 26.5863556861877 206.434418648481 227.741045683622 347.614292234182 0 9.96103358268738 32.5436131358147 71.6096875667572 16.4486081600189 649.909561574459 1695.42537876964 2488.05986660719 7.16845187544823 1.64852675795555 17.0641977190971 48.4251368045807 0 0 98.897082567215 18.7141172885895
65.0096662640572 7930.55945289135 9055.63927820325 7.71394926309586 3.69928216934204 71.8634686470032 518.8275347054 168.393215596676 477.163319855928 80.5256651043892 3086.43597277999 19.0100234746933 7278.76817184687 255.954548865557 43.5175611376762 6917.0050572753 5627.42653268576 1222.19513067603 2939.54478362203 11.0134986639023 1311.07030636072 4777.49084800482 9692.46738007665 1606.95533835888 5420.96480950713 35331.9660849571 0 1718.75322043896 292.453814297915 663.466080009937 1507.47096705437 22.4893205463886 52.8737031519413 3143.13555002213 95.8468898832798 5723.85115277767 5628.11364415288 5667.11684939265 1617.05212891102 351.125785827637 27.8924258351326 93.6286773979664 533.166543185711 434.330237299204 458.372722506523 122.631416559219 29.935909062624 8.96403074264526 37.0955031514168 6.18039298057556 1099.07316234708 1263.65561339259 2.107661485672 0 2.53841012716293 40.7676008045673 13.9227940440178 68.0640864670277 1.84105464816093 195.627051025629 2.32573172450066 418.066562175751 19.2517542541027 0.94919291138649 386.674047976732 523.6610648036 195.620559841394 440.943619459867 0 138.417464703321 746.564324498177 1859.39855033159 128.157776653767 673.659610688686 2007.26065692306 7669.76254492998 113.46742862463 19.5205298364162 85.3529023528099 40.1708026528358 0 3.95420068502426 279.02958458662 65.106007874012
758.212975740433 89.1203818619251 926.619725346565 17979.4258917272 8.34149384498596 2958.43696141243 20239.1699749529 1241.8676276207 2480.3078173995 22681.2258818746 55.9859195947647 1568.91123154759 35.6532398462296 1852.62083092332 235.543953925371 1991.4493983686 327.027549445629 3.98785746097565 36.2547505795956 5216.41687572002 11950.2369596064 899.304576337337 4878.81060263515 29981.1436712146 17.9587348997593 198.638596236706 1718.75322043896 0 2909.49454164505 10488.7295230031 0.65507960319519 24.8110082447529 976.812846630812 2016.81897252798 105.219819515944 5029.30621802807 407.204142063856 1965.16594210267 582.231992989779 1044.97681429982 158.398052811623 12.9307815432549 259.364455223083 23.0084463059902 92.5632555782795 20.288295596838 93.3757396638393 2.96912866830826 0 100.358876168728 21.0496707260609 50.1325519979 287.829825878143 0.667862415313721 76.2355674207211 758.800865232944 177.604119688272 416.184973031282 333.398207247257 4.62076535820961 163.719457894564 0 227.233543008566 26.4405599832535 341.249709635973 17.576185375452 1.42054462432861 2.91871365904808 212.618311464787 377.493372261524 243.372298717499 339.794419199228 3138.1120570004 0.643211722373962 14.3311052620411 189.682586312294 2367.55400279164 314.580344766378 368.204747587442 0 0.625497102737427 54.8015609383583 121.444973915815 27.3244015574455
16830.9506518841 38.1872129142284 269.589126080275 80.6441929042339 115.133517861366 1260.87229695916 3665.13079822063 3232.82967430353 394.949229836464 1671.78758427501 508.103827387094 413.208707541227 152.32277444005 11248.8929966688 70.1863210201263 108.51364120841 529.206182807684 44.7079821825027 110.726842522621 185.800572276115 839.862605988979 251.986517935991 1018.49757555127 1411.95527604222 27.4904267787933 237.844164282084 292.453814297915 2909.49454164505 0 8974.90654805303 3.50822776556015 1981.3642051816 9105.55615952611 4710.65654194355 65.3059325814247 1954.75177243352 188.565784245729 2110.79537084699 244.180836677551 801.540353953838 1311.2042670846 48.6169019341469 36.2615243792534 4.63123226165771 21.9682616889477 4.00000128149986 9.45425033569336 0.372907340526581 0 13.8905828297138 4.98203605413437 8.70378881692886 2.7573299407959 0 6.24278372526169 73.7181005179882 17.9023281633854 42.1081628501415 9.30520486831665 4.76010125875473 5.12626522779465 1.8134498000145 21.6115270853043 1.29824388027191 85.5586921572685 6.77799546718597 0 0.844200968742371 7.57564496994019 91.0996975600719 38.8342071771622 49.897662550211 375.482116550207 1.69611811637878 9.55295297503471 28.1981809139252 309.965687483549 52.7843557596207 83.8082164525986 0 0 9.09016689658165 18.8528329730034 15.8330221474171
4166.72559815645 62.842941313982 1160.5657761097 6.73329931497574 2.53206741809845 209.24522408843 9997.6551424861 1068.42176565528 356.863391846418 105.943637371063 99.2178348302841 19.0863201022148 19.7231775820255 3752.74304693937 33.2088372707367 253.785881221294 2723.6104015708 26.6376928985119 241.448715001345 3.90046510100365 21178.5858686268 548.791049718857 10457.6404071152 1049.21941769123 9.57250726222992 539.959773421288 663.466080009937 10488.7295230031 8974.90654805303 0 1.64336556196213 9.54192942380905 1149.92948904634 4246.3351406455 77.6048437058926 3276.96555656195 501.999116361141 2042.64994692802 488.118272334337 511.597724735737 64.9565622210503 10.1878392100334 109.68893918395 20.0795034170151 25.1320151090622 7.56156274676323 7.0467212498188 1.1337525844574 0 22.1160231530666 14.3960709571838 25.3211870491505 0.675319969654083 0 1.34524980187416 86.3764302134514 18.569197922945 36.6991999745369 5.39926087856293 0.992157965898514 3.71656703948975 0.415347993373871 42.3227623403072 0.667680680751801 278.292160928249 10.3324348330498 0.46525439620018 2.42103487253189 2.01305496692657 273.413705706596 142.372099876404 227.214838445187 443.506098479033 1.84580254554749 17.9790917038918 105.297460854053 390.488766551018 65.8126922249794 140.551254630089 0 1.16880989074707 18.066207587719 42.971488058567 20.4969065189362
0 25.8538082242012 11.5168344974518 0 0 3.1668786406517 0 4.67837864160538 1.64552319049835 1.96926921606064 1731.62417006493 2.23008269071579 4280.27713093162 4.89418363571167 0 0.802624762058258 32.4939922988415 166.609899222851 67.4494391083717 0 0.802839517593384 1.39477837085724 2.86070087552071 0.583868741989136 129.467826515436 2295.54072716832 1507.47096705437 0.65507960319519 3.50822776556015 1.64336556196213 0 2.27190321683884 0 54.6605908274651 0.59972071647644 6.72514718770981 150.664058715105 137.565184086561 14.1488330960274 1.19299840927124 1.96542763710022 30.5495533049107 0 8.88915479183197 2.14248198270798 0 0 0 5.2042144536972 0 0.80527526140213 0 0 0 0 0 0 0 0 23.8462154865265 0 74.438734382391 0 0 0 1.41613340377808 10.1254345774651 5.34517478942871 0 0 0 0 0 36.6567802131176 29.3459306955338 30.1056490838528 0 0 0.739115595817566 4.78256189823151 0 0 1.87041795253754 0
10.0688423216343 4.50414156913757 2.45220336318016 0 1384.26840996742 3103.40327590704 33.737835496664 1981.91617819667 3.19698280096054 43.7990604043007 172.916466087103 47.8070617318153 61.2256670892239 1649.67128002644 79.4381141662598 0.794233530759811 10.1100177764893 14.8524892926216 17.0472003221512 6.95059674978256 6.51259618997574 1.49861681461334 4.95287504792213 6.5973436832428 2.15994304418564 29.612147629261 22.4893205463886 24.8110082447529 1981.3642051816 9.54192942380905 2.27190321683884 0 6.12729722261429 1748.21305188537 4.63259339332581 85.4508002698421 21.2860060930252 311.231692612171 8.93291503190994 346.960854619741 2319.2474809885 12.4818087220192 0 0 0 0.423841267824173 0 0 0 0 0.828625857830048 0 0 0 0 1.33044588565826 0 0 0 0 0 0 0 0 0 0 1.15482878684998 1.51279330253601 0 0 0 0 3.51687413454056 0.860694587230682 1.38427090644836 2.98355352878571 1.27825510501862 0 0.461082011461258 0 0 0 0 0
