0 119.594334045715 103.170641565233 88.2565647874272 0 87.1228393587451 33.5996274426108 40.676128549464 65.6503931519102 73.2225037606951 107.08680738816 92.5471451124255 120.801078539424 16.4098586847866 76.1691967100173 89.6637097501526 108.986824471687 130.976358213587 129.332417709553 75.5882073589519 88.6850708587739 81.4121706921946 94.773767209215 79.3413185133941 147.873537865574 126.986696712115 133.829210996921 78.4405385119694 18.6850278966799 33.8497483079784 0 100.251515326114 34.7862686605164 54.7173551828115 119.571098781502 75.3184110952247 103.673311505003 68.844301939142 76.0201315247116 68.95258747816 70.3481517261662 98.2647474461276 151.992021672448 123.085205078125 148.97946574789 173.767246582511 125.759723102134 0 0 127.745803134804 0 157.051477833791 164.125854492188 0 161.257522583008 128.619211729901 157.694412763873 105.223462164679 183.478190087674 0 168.691879272461 0 150.247223296973 137.666122436523 137.336543892717 0 0 0 167.147112669786 138.645879461094 126.170202597451 149.135228382165 116.399666714772 0 0 161.042063869861 126.768725510143 134.97525984804 138.850063424528 0 0 136.516027670792 167.691772348763 166.735540071759
119.594334045715 0 50.2275699476093 119.218939045526 103.564910888672 110.939266092498 117.060637303645 110.919409214079 66.3873508289147 130.768347423323 57.2088201392155 117.004244162867 42.0537297227395 120.762977900812 106.163215575128 58.1736011600476 53.1088064067099 65.2669163670157 52.4373611825736 123.552017099259 91.3594784640125 26.6415536690547 69.0717882349663 79.0489155917283 23.887788088587 45.3599101569028 25.5902458117936 100.593084142381 115.650380124989 102.461224967884 62.5756757336513 96.1431515564108 103.716080324365 53.096043267804 127.2454364257 67.7190128424533 37.5820890842611 53.2825356700881 59.2009160902498 96.8147457773698 79.0807342529297 45.4131223221946 84.9383143452692 64.5320039044395 73.5472808718329 69.9076799526482 84.5871963500977 126.568713653333 70.9820245738457 127.436111450195 19.6323983240574 64.076514299019 0 0 0 138.268368576176 153.839427014138 86.2108890139868 171.290696893513 84.5545146284999 0 67.1356003699744 166.29297016343 0 84.4320190240768 69.5008847148569 78.3826442025252 65.3582115223294 0 120.756434017219 34.8789277844197 83.2224029223079 113.57977947234 35.2452608148347 60.6950709283632 56.1502747234318 129.166038714835 182.080117510092 115.901294262671 92.0154647558326 0 0 67.5451021232699 128.410450428529
103.170641565233 50.2275699476093 0 196.629945801401 0 125.109306634814 94.8612793931153 117.371418017717 114.362105795434 127.003769258225 85.3577303756947 156.275050650425 94.4784921157479 114.831639152041 143.946486450493 89.184514518414 46.9048783480673 92.9719098199477 72.6667196306345 0 63.3997153161019 56.0083349502702 36.9058825884057 103.121600521298 80.8636655302995 29.7639038917172 33.543156661665 73.4606250224954 110.754575143305 80.5966403991298 90.2228019603837 168.022038820521 113.032691341945 60.1613346273819 126.456475430517 70.8955675761673 44.3952096120361 58.2484347522098 62.2835567608867 86.7013166605243 94.6786972295249 91.5242481638065 116.064330680504 88.3944539748204 103.989427395267 116.903773789507 138.182663391494 0 127.036140441895 147.904834939607 64.7551229941002 94.075064359208 0 0 187.177474975586 158.292983494416 175.99130684511 130.002810465124 162.713195800781 142.812500922108 0 137.353720859644 182.688503113883 170.657409667969 111.03791897975 106.063292841794 158.172167106798 118.232809279402 181.876159667969 134.680976896826 79.5078898337197 107.491190288334 137.653989460666 93.6102724458617 107.113692985145 90.8628057521933 149.020584016893 157.63811138147 147.110039771014 166.250198364258 0 165.658696231693 99.6198642919941 143.474732957006
88.2565647874272 119.218939045526 196.629945801401 0 143.904342651367 66.9463269110785 39.462266306501 102.221202634084 57.6464557515438 27.0153770235261 184.93692149624 40.919383024035 133.470599508204 105.804213987166 68.2884360422861 81.2622451939574 191.824916544962 0 0 12.8878944513915 162.597089278786 97.0745699888827 140.572856678906 26.7690630195486 149.979553222656 195.239242553711 141.077570336791 19.2512297714063 104.203742496721 129.379835849718 0 0 95.9288532625346 100.577300522797 142.854690551758 95.5856890089268 135.236633300781 104.794955454295 107.744878843311 74.078495545645 104.424006879621 143.034515380859 85.1541670426417 0 110.659233093262 141.234720381053 105.12717411406 159.917205810547 0 153.734728702359 0 0 40.5887432232828 0 133.79075576548 137.658473342421 136.789585102417 85.5617132542205 91.8838390806594 0 26.0155984095412 0 150.776933686065 108.863941319989 150.057320640384 0 0 0 46.9277531266123 153.723892211914 112.45397232231 208.621071507276 89.4514969384551 0 0 231.497678196338 130.155776741671 135.031432278047 172.906760528926 0 0 0 146.965661509487 0
0 103.564910888672 0 143.904342651367 0 11.7430671730574 112.137746980331 22.2424918262241 55.1077452333421 101.165159804046 55.3877074745307 65.9115988152314 46.9443547858957 44.9084499066245 16.2920286373514 0 99.6661148071289 76.7101135253906 73.7964405220438 101.449835651061 89.5718383789062 98.448006899021 107.176468966188 79.6056795511407 0 91.595852123629 94.8078514237402 112.465158736652 21.8497931522022 106.476317052946 0 11.8160430898006 0 15.2036930923371 56.0291018756788 55.2799550794232 66.7938141708953 36.2389162123831 83.1743297468288 15.0244049104569 8.69773284326523 55.4035510506377 64.0606204883487 84.4343016078961 62.3534360966355 59.6111642197843 0 0 98.9306411743164 0 0 0 146.386093139648 0 0 0 0 0 146.016001484964 0 0 0 0 33.5220115071471 0 94.7208786010742 0 0 0 117.228706359863 0 123.009425888648 0 0 0 0 151.153708886491 0 112.081893920898 0 0 0 0 66.1612442110505
87.1228393587451 110.939266092498 125.109306634814 66.9463269110785 11.7430671730574 0 57.8680291574334 19.973309668166 61.7444699355723 26.9312856629417 69.9163494281697 31.9702579206504 58.236870460697 55.8148489712802 27.6761543622757 114.748870597661 137.529558646033 104.428548990113 117.31597847116 49.823732332133 114.480381400503 107.123688002755 120.732886195145 76.504612884626 109.6859104538 128.506281373215 133.703208907619 67.9656696319874 41.3393660249529 89.7397743511317 104.767523678434 17.2382701709267 100.310857496218 35.8417733576248 120.496795257665 77.9296350711752 88.7814706624356 58.6873777996401 83.9998188696058 23.0556015180605 20.3954701514908 64.5961915225767 104.140705797418 150.472630636243 175.762786865234 227.275197737463 130.3123225801 0 0 145.546320968202 168.507099139632 192.243267927265 158.556332914305 0 169.023241828413 148.530836823513 167.811250378239 106.648410975093 153.373901792056 0 82.2941296498531 0 178.523389545766 122.445377073373 144.815370044647 0 0 145.212615966797 149.763734191877 165.994088705887 116.963727507254 177.691377724877 129.151152177626 0 200.975891113281 180.172573385751 149.577161321004 183.325510930426 162.038850419934 0 0 165.134148311386 191.567580590642 155.107424408953
33.5996274426108 117.060637303645 94.8612793931153 39.462266306501 112.137746980331 57.8680291574334 0 54.9902328854375 60.9253540562264 25.2277589675857 134.995666373706 63.8543876798068 123.295634941916 43.5856404217109 83.6456622977233 84.5826499192109 116.617005743085 163.20325778759 138.40163781863 36.5862645778606 76.1137729500564 84.1734683228277 88.4298048956414 63.3492080182115 144.12168327435 129.670539433674 109.509353594269 43.5249832400492 67.7524060644045 25.5099502932368 0 117.109699962945 72.4201476469069 80.5825029540304 129.15282027894 77.8025922179009 105.110815270947 84.9728301439109 86.7522129094354 76.7456017032173 88.9942176184164 122.402113069204 136.29045589143 173.84686774171 159.528560046664 134.340630425254 136.506222649259 174.27514070692 136.662490844727 120.766381689717 133.799112739811 160.95065239947 142.442782636122 0 150.436902444694 129.017690006516 152.070632291076 85.8417087159815 149.588726238557 209.441206051847 144.598963820261 157.409684309223 153.254283480187 145.610717773438 128.211417596604 175.918428714257 0 196.425596183879 135.183913182384 143.474316203771 103.756855762142 153.946129916563 110.507727059501 164.306686401367 177.693355061049 158.012863612666 128.531073430772 142.976781886796 131.403249593252 0 0 130.892111820513 138.018215876803 171.286665669231
40.676128549464 110.919409214079 117.371418017717 102.221202634084 22.2424918262241 19.973309668166 54.9902328854375 0 76.910737155345 38.8750285547464 64.8256725780505 69.1202662127348 59.1563849162981 20.2154148631988 38.5647728870742 109.252297965303 124.278252031304 101.326332738234 100.672780399095 81.677514191679 104.926475066359 108.576232919136 115.537781449345 90.9728599965328 94.601982771266 115.14100476367 124.702875856634 88.3239688675179 35.7754225313847 78.7274868313413 105.617475599396 19.6593435410121 88.4746254495684 39.9419100271519 112.119068347228 80.0527659957137 84.8583945692459 56.2996868243067 69.9337212883235 29.3806973399749 24.2846590676223 67.2947498932061 140.008295634521 77.4277496337891 169.872333801488 75.5855560302734 154.468786011504 0 69.1841888427734 145.005385643924 144.895971546635 183.804102247926 160.381969006801 0 156.671803323183 153.707737180543 160.801124573741 104.453565998307 165.172483235754 79.7867813110352 104.94945412105 126.050028242336 171.408976775836 132.171818186671 132.35427568846 0 0 145.06266784668 157.898159051891 169.091791325346 125.723288457042 196.061782237068 133.945283580103 99.9056854248047 177.173387657432 180.591238192221 145.023010718968 160.15691707985 155.655900494328 0 247.265151977539 173.23775937765 163.947986500831 141.604036859278
65.6503931519102 66.3873508289147 114.362105795434 57.6464557515438 55.1077452333421 61.7444699355723 60.9253540562264 76.910737155345 0 68.716625888224 128.452870575098 26.5674163480877 114.884177035149 81.2562935253814 27.3329293623485 48.41185475059 111.555365952873 132.956506564879 125.698513239092 49.947675866041 68.2749360835029 29.4540586357439 87.8374908229359 25.801402258466 99.5740923215987 120.508807097188 85.0690253064367 56.2265303099533 78.4892514185013 60.0592864745071 125.213816562048 98.8681094588744 66.0027847619667 77.6918688068819 134.688936904286 63.6561828305353 105.67793778577 83.147045564053 77.7215171225301 26.0774127646839 94.0855775049783 111.209248496125 78.6775447424635 112.958419590699 99.5772872126975 86.632281916183 53.0768205144944 138.92253112793 126.023047253547 85.7966442085241 60.6819975352179 109.06684775888 91.8832526218735 63.539966583252 100.296709093731 87.821196184231 109.41558028039 19.4113130396136 98.5485351191425 176.835504934474 67.6570618038912 163.436583578659 106.143554208938 57.6304129842047 53.5198785499662 181.544146268247 153.328310914817 0 77.6529149143506 78.0237646665573 32.6815187912401 85.4224202798943 61.1809003608969 100.870720653363 166.874238732473 94.8488951208206 81.719474774507 88.6363974687258 76.7119263091045 0 0 88.6459532961423 78.7205946593241 174.159889070435
73.2225037606951 130.768347423323 127.003769258225 27.0153770235261 101.165159804046 26.9312856629417 25.2277589675857 38.8750285547464 68.716625888224 0 127.728442526634 23.8255929106823 116.363373113685 58.3909262773337 76.0231015985449 107.010811585 169.734003764861 160.640397709187 155.831590715594 15.5708062970324 111.117729565979 109.892087649963 123.745274089014 54.0146973437297 142.9819034631 160.840054306313 139.955865012431 36.7985274022264 92.6929598156821 108.650236661626 161.844012391858 115.304271886828 91.3315176557088 91.193906098255 135.884207166655 89.9655322359474 122.698587272052 92.8070480891531 94.9944777839789 72.7411238727362 90.9761152813814 110.190972413457 107.145759818847 179.368116446269 175.73791327494 149.440907372996 111.070734158766 203.178223373596 0 180.115032936557 172.15078801671 199.479591480272 151.624260288028 0 159.333846646277 145.902583074347 165.767201820896 87.5002611036841 158.375681689056 236.099090576172 27.8036837691838 0 169.627971792437 128.876173220948 145.26261129235 0 0 0 141.827941059924 157.240840338979 127.130572936921 170.527982543362 121.077263528238 0 234.096252441406 185.952213705092 151.035678419354 171.805966112776 171.667276988457 0 0 0 177.968924345682 178.738819132646
107.08680738816 57.2088201392155 85.3577303756947 184.93692149624 55.3877074745307 69.9163494281697 134.995666373706 64.8256725780505 128.452870575098 127.728442526634 0 119.321585576873 24.6383858021765 71.825672694546 89.555728034444 125.47912053867 52.2981386194755 24.1183864229586 29.3553383404693 132.802613405548 105.490351676813 91.6332024816543 85.3931415556592 143.664709536503 36.6822807297856 29.8063230482856 53.6564597079055 147.001282938203 67.9346441191263 113.414468256685 28.9099663917442 62.9176767852057 87.0695095966764 22.1392327063884 127.858825973206 75.7573482381066 27.3134195283528 26.0220206657625 49.6599105305077 72.7730890935023 45.8160107079275 18.3349604274588 141.460634807218 66.468913499887 115.311371050018 129.764279161814 0 143.261322021484 47.2367832458645 0 71.2480403250542 135.51159322393 0 0 231.108688354492 196.147939687938 224.570229064662 169.493942260742 0 83.4570021499385 0 73.1507807413594 217.184448242188 0 218.601379394531 138.147094293231 104.314708848349 111.018477168748 0 172.830419370275 107.897303938898 166.889915634747 179.116881285027 60.7642567746695 101.824735261792 102.530637405697 205.222881645363 183.844680786133 165.525748706329 99.1509161403632 0 0 102.487173942498 169.299550245547
92.5471451124255 117.004244162867 156.275050650425 40.919383024035 65.9115988152314 31.9702579206504 63.8543876798068 69.1202662127348 26.5674163480877 23.8255929106823 119.321585576873 0 111.462129902848 87.2327756546691 27.496495368352 105.381262180444 158.029704822263 152.758947278295 153.377215214956 16.2088256608801 144.625209788774 70.7773441336987 152.019088104271 23.4290620376741 129.670922046784 159.093040385964 153.516318128001 56.2258718731413 93.2943861356397 120.189446690755 168.288617812759 106.106235878451 130.59841618646 92.3032049129882 128.033488362405 67.4609652536189 127.223339230427 91.7960960610448 97.5340898200726 30.6849434830251 83.3262274699076 114.304303036039 61.9472611366188 179.402618408203 91.1817004247714 0 78.0092219231563 128.606335474082 0 183.570022583008 145.13835144043 0 120.875401631047 92.6679809400834 104.128835021544 123.065841389639 133.644381227581 70.3918442496057 93.8415245446822 0 21.639576428631 0 109.954812506032 93.7317245677548 146.906933136811 0 0 0 60.1785559528736 171.143961962043 89.0825364719599 188.751541137695 93.7388252993147 0 0 172.472710230285 126.123766801701 162.664636600316 189.072735179537 0 0 245.516845703125 103.927444458008 163.850463867188
120.801078539424 42.0537297227395 94.4784921157479 133.470599508204 46.9443547858957 58.236870460697 123.295634941916 59.1563849162981 114.884177035149 116.363373113685 24.6383858021765 111.462129902848 0 72.7547585579007 110.111262112811 104.269497508281 87.7067547596873 50.1090082733942 62.3075302706366 120.750552757535 126.056975479454 79.9720410780191 127.336482721613 131.175650165664 17.619241715824 18.1244496136609 23.9013696800646 133.350754407013 64.7131237468726 123.631845682877 10.2689481594947 56.1069811080701 81.9338837743855 31.5056368763978 81.7417296965119 31.3753162040303 25.3713316478951 26.4463874379295 43.1791014802545 41.4596310507038 11.9278384322348 15.5863922928226 52.8377784080517 51.729134536783 47.5438697538876 27.1856261530693 64.984446061544 28.6367607324852 39.6574080766532 0 64.6745758091328 118.68783227387 0 68.2012023925781 107.645011579763 157.245836648986 124.967025061165 0 0 69.6141807371189 0 65.9141760495011 145.906433105469 59.1930274963379 113.857371663901 113.328218531513 92.3286024133341 94.592359669632 240.916015625 0 90.1030190268407 144.057592885246 150.200224728981 46.101985730542 92.396823966796 91.0468109163021 181.085949286094 109.483250631704 0 87.5922040075601 0 64.3013000488281 95.2421891454026 93.5794400538891
16.4098586847866 120.762977900812 114.831639152041 105.804213987166 44.9084499066245 55.8148489712802 43.5856404217109 20.2154148631988 81.2562935253814 58.3909262773337 71.825672694546 87.2327756546691 72.7547585579007 0 74.0101247468531 115.134403261158 123.140197839196 110.227539207629 107.85241774725 92.2876059367049 103.665344673533 100.963894616986 110.361638558372 93.444660104118 95.0791840491561 128.276815864341 127.421023986086 92.1411902426468 34.5525901499859 67.4856575466546 128.229556206845 17.5702561024243 68.6291350162011 48.8538887874133 130.297429158415 77.9355826095404 101.204241342039 61.3461681204895 86.0883788367951 46.2091508393535 39.9077104222027 73.0792180764272 157.000828228429 159.812236398641 148.947611250274 130.350117273062 148.620805868399 177.789566143376 107.9086035991 152.105786137324 133.100996279428 175.142190808237 187.456201368687 0 184.047967970595 150.739943656872 170.189214491203 112.39817919884 170.022094531334 204.553480330688 129.488516624489 143.423720303566 168.482571932533 0 145.548703544715 195.168404740855 183.709142149532 162.915309775159 174.156186491274 157.06180218377 146.276772374004 169.781780376649 132.427042782428 114.032249125228 176.968462506707 174.873751154507 143.416276110255 160.92761385001 158.121497992172 182.403213500977 0 168.985397338867 157.444465951048 127.824947808916
76.1691967100173 106.163215575128 143.946486450493 68.2884360422861 16.2920286373514 27.6761543622757 83.6456622977233 38.5647728870742 27.3329293623485 76.0231015985449 89.555728034444 27.496495368352 110.111262112811 74.0101247468531 0 83.6364817836783 127.388160077145 0 131.334167333001 63.5350584346058 84.6517071921934 73.0665328111796 95.2733772798204 47.9288947245595 144.3008448508 139.117093732806 119.697605772159 87.7951969362133 71.5801494114925 88.9052748693957 0 41.1096773108031 81.1777638850785 54.7028410392624 62.2817330332087 34.5670205459468 65.1599678009651 58.4210966683393 29.2584909454197 10.929200814663 35.8304105129905 66.9119418107458 56.379303008119 74.3271565293805 74.9594116210938 119.934621986009 73.3514927962196 81.9222106933594 0 0 139.560028076172 0 124.296045654727 0 110.342331540227 133.009102883707 130.848633520334 66.8442468554281 126.208395886002 0 100.144161696452 0 0 44.1593186430675 152.657316471072 81.908088684082 0 0 106.68002912448 138.846042988361 86.5575909016609 134.115204758631 96.9160249078203 137.551956176758 0 201.086247232572 126.594317410147 114.782263129543 118.974082946777 0 0 0 115.242851257324 72.1825495605103
89.6637097501526 58.1736011600476 89.184514518414 81.2622451939574 0 114.748870597661 84.5826499192109 109.252297965303 48.41185475059 107.010811585 125.47912053867 105.381262180444 104.269497508281 115.134403261158 83.6364817836783 0 95.9246572463066 142.486726125279 114.29815381941 70.3326034545898 15.7482592653218 30.7184173723667 11.8243233477924 28.076698947393 99.6490912604355 114.189053797551 20.4346971965782 35.137855032509 94.0067763571222 70.7592922489768 140.7109375 174.865741014851 70.3860656215559 65.1445669074186 125.604802528608 65.0286926103232 43.020320813542 66.4926167810923 69.9648086245252 79.0209945802397 81.1774578411364 121.942574854247 106.805274164683 99.1621894410671 102.665887900009 113.702173631755 114.464403171334 128.004769075547 0 145.550997727313 90.5817945553642 111.044244977593 0 0 218.67073059082 132.812349917613 148.056256639944 74.0357931352827 194.03404185253 134.095779418945 161.257339477539 134.96061706543 146.305654330903 124.819242336965 86.3587548347607 130.035352446213 0 131.945876610811 157.151321411133 103.288871990703 57.8256722897388 98.6528053397772 96.4292237166334 112.707394017577 151.519126240541 95.0989133794122 106.649151197899 124.94154780659 110.832987464285 0 0 125.605337069756 96.2983679922968 160.759646277248
108.986824471687 53.1088064067099 46.9048783480673 191.824916544962 99.6661148071289 137.529558646033 116.617005743085 124.278252031304 111.555365952873 169.734003764861 52.2981386194755 158.029704822263 87.7067547596873 123.140197839196 127.388160077145 95.9246572463066 0 52.5205350232037 20.6080344418671 159.59044397331 58.9589511907458 78.0286769696056 31.7706219494413 121.760817877848 70.6258531764813 37.1268297130119 67.7034496148415 112.504435155278 106.890798930995 73.5105960731102 82.5917404241536 116.300413174545 102.166573112558 44.8169920573086 137.362087212707 76.6418227798974 49.6618859011092 52.8993504803214 64.0553565700433 92.9474720935569 104.565470315772 87.8861355563621 134.794076308636 116.88312490484 124.374724038914 122.976590264385 126.369857788086 0 113.187669286848 0 75.3922652090862 104.649933983885 0 0 0 223.158615112305 0 140.76969455668 0 123.421895767622 0 120.337912540801 198.13217171674 0 129.407761938626 117.410941559476 128.691057523776 113.491449860107 0 157.592750475968 104.267118305989 127.972635435161 161.088750472967 92.5971496250701 106.601882553742 105.992720027838 172.060282762734 171.687500143991 161.810267271425 154.272204168578 0 173.89616394043 122.500683396774 148.257190363049
130.976358213587 65.2669163670157 92.9719098199477 0 76.7101135253906 104.428548990113 163.20325778759 101.326332738234 132.956506564879 160.640397709187 24.1183864229586 152.758947278295 50.1090082733942 110.227539207629 0 142.486726125279 52.5205350232037 0 19.4929359695654 145.484985351562 129.714550877013 104.791891914079 90.2230105796429 157.20399760281 47.8731729889542 27.5136202213312 60.2994045903066 165.705914683897 102.605620484948 118.413703432422 53.9809262298014 93.6687117310953 143.203143363071 57.3735405993412 122.390669645033 90.294388999766 49.7906126181161 55.0394437518372 62.5411547123909 96.3465651563506 96.4008313651194 57.2277991754528 134.943217934371 91.3839222655559 110.996692106236 125.071647644043 0 0 72.4420620141714 0 81.9589303076878 0 0 0 0 0 180.519500732422 222.462066650391 0 97.5265546064733 0 85.2353065806299 0 0 0 128.337249830271 105.721336574994 110.018431424285 0 237.579971313477 136.544039747401 184.864807128906 217.884798691611 66.698776383515 104.494689488964 102.03069179905 0 180.741365208482 226.42106628418 106.570605357034 0 0 122.053716411098 136.861195769845
129.332417709553 52.4373611825736 72.6667196306345 0 73.7964405220438 117.31597847116 138.40163781863 100.672780399095 125.698513239092 155.831590715594 29.3553383404693 153.377215214956 62.3075302706366 107.85241774725 131.334167333001 114.29815381941 20.6080344418671 19.4929359695654 0 0 86.9197626140944 93.1754939167123 64.1737601314787 145.683786033025 47.8946817647166 30.2592228013698 61.29676702781 133.914937324294 110.180057583166 94.3698357922788 65.7439670210455 83.6055363761551 105.902147413258 45.4190542237748 133.587628479485 77.5852305144618 49.5593402948065 47.9044018096288 57.8187721794447 106.151295053334 85.375006169394 62.0871807204014 135.536063673771 108.768646226402 127.327059242714 116.110239409279 160.583145141602 0 103.663013835084 0 68.4821791268702 137.382073280264 0 0 0 0 242.144226074219 164.280715942383 0 104.962901110739 0 95.4483871244333 161.27934651898 0 149.619771831257 121.13845914219 106.589011574462 104.171750604499 0 160.703137628599 112.555280161475 159.033498444299 172.976470718636 68.0048228974586 102.105819423731 100.454611418689 206.568376669589 145.553588867188 159.265495445151 114.816567877211 0 0 111.908412764421 147.472211984563
75.5882073589519 123.552017099259 0 12.8878944513915 101.449835651061 49.823732332133 36.5862645778606 81.677514191679 49.947675866041 15.5708062970324 132.802613405548 16.2088256608801 120.750552757535 92.2876059367049 63.5350584346058 70.3326034545898 159.59044397331 145.484985351562 0 0 185.659097144769 92.8913009869145 152.855635356167 22.3612645422528 140.990875244141 173.165451127422 158.870748623577 28.2163539242563 100.609304260724 124.071980503046 0 121.862793390666 88.1125093964705 99.3877566392887 152.208348379965 89.678723842495 143.53546800398 97.6826819327989 100.865425479217 67.1413659031337 97.1774993891488 124.039494117549 82.9347678697578 0 147.742431640625 0 92.5547176620408 0 0 0 134.424850463867 0 111.656889882134 141.168914794922 151.206935042766 132.175155027298 156.088860868603 72.2191199896763 142.554125628743 225.29508972168 30.0386523622632 0 175.322943137201 106.159834847231 0 0 0 0 134.568070636452 152.711677399635 167.928329467773 202.219434845857 84.554380281268 0 0 0 141.309821546193 203.404871605437 179.425750732422 0 0 0 189.005128673676 0
88.6850708587739 91.3594784640125 63.3997153161019 162.597089278786 89.5718383789062 114.480381400503 76.1137729500564 104.926475066359 68.2749360835029 111.117729565979 105.490351676813 144.625209788774 126.056975479454 103.665344673533 84.6517071921934 15.7482592653218 58.9589511907458 129.714550877013 86.9197626140944 185.659097144769 0 56.7173390057496 34.9628356352432 22.3878965761039 124.197204720487 100.794892382137 73.0288529363976 28.4612139667819 88.9483070324851 30.9579383121088 121.47726616474 142.212091146058 76.0031845592083 43.9663859222584 129.939662789192 67.7276154554679 53.5155382933666 62.4923297725974 68.4933156272193 79.7329430555527 90.2311880431837 111.382447373763 123.293317647966 108.36245478617 120.690340103904 132.718560869399 130.366505313675 181.329132080078 0 133.190756763688 129.836786780887 140.581329786389 166.934307273254 0 161.535354614258 139.350230587391 157.601073315192 81.8947151874483 172.743532351136 166.014524932709 154.76133652381 0 146.492717791478 137.972236700327 101.787965208766 157.594509429894 181.607955932617 164.849133278209 184.236875348065 117.994557248725 74.7027326075279 118.941232116869 110.089731755387 173.555589782218 158.287115170486 126.287899987994 117.844046429274 136.835097647354 121.072199768818 0 0 127.905066882447 117.037431594754 153.127598416695
81.4121706921946 26.6415536690547 56.0083349502702 97.0745699888827 98.448006899021 107.123688002755 84.1734683228277 108.576232919136 29.4540586357439 109.892087649963 91.6332024816543 70.7773441336987 79.9720410780191 100.963894616986 73.0665328111796 30.7184173723667 78.0286769696056 104.791891914079 93.1754939167123 92.8913009869145 56.7173390057496 0 52.7678039349065 34.2433712361585 65.4993500825642 85.9220252705261 36.1550071353464 61.9204210237875 82.7943283403862 61.1312775232072 93.6933305061179 124.452321523877 69.5159516347304 56.2099144960731 119.202208488332 56.630724604644 44.7641832196307 56.0384116831646 54.9589785989169 65.8189705977386 84.1952663464965 85.4267652664135 78.3361608237057 82.0485270202568 79.301718449698 95.9229949229129 108.57888130308 143.364242553711 93.8845901489258 104.491329792718 52.8848430419368 82.3360229072053 127.875335693359 0 139.562911987305 113.334220733136 130.097559855137 53.4214122881907 146.185768105051 119.988035681577 152.938980102539 115.999879336048 127.69256905196 0 56.1236364115397 98.4789485219861 135.651910710101 130.632802477965 156.719174956848 80.3461768471326 23.272575572077 73.9826042435997 79.9488816213606 83.5761458753306 118.514323864217 71.5416511967542 90.2502218470415 98.9742262443716 80.5640509432647 137.691415751368 0 101.296446920989 86.8118115468332 160.202119017577
94.773767209215 69.0717882349663 36.9058825884057 140.572856678906 107.176468966188 120.732886195145 88.4298048956414 115.537781449345 87.8374908229359 123.745274089014 85.3931415556592 152.019088104271 127.336482721613 110.361638558372 95.2733772798204 11.8243233477924 31.7706219494413 90.2230105796429 64.1737601314787 152.855635356167 34.9628356352432 52.7678039349065 0 74.2465089533402 99.2547056373559 70.6865829111417 41.599681261609 56.0660832355439 99.6555660650817 58.1492906012271 135.004562615809 145.652407711929 90.5285035334368 49.5435536345482 126.097186319304 66.4142162689114 44.9262930484458 59.3548444748642 63.5513223428634 76.6163435769821 88.7431272755422 120.870163082296 116.530922696197 98.2684218568481 108.648870502809 115.006033079723 127.782781929147 145.402384095033 0 144.559876175877 86.227965328884 109.886927517416 237.434471542831 0 178.686111131085 150.879198251568 172.745212373708 102.584026663321 190.12978181409 133.283627795156 135.548080234158 138.50464486304 161.411440911873 96.3905223314179 96.2936812075989 126.017893576497 176.429198510158 141.223240808062 188.541870117188 115.78128633686 69.3342852550331 108.036744719503 119.082119638934 114.36034779223 138.775278785048 99.6766235750369 132.435968497617 142.066210728234 123.961722019 188.641189575195 0 136.861281660915 105.129687477069 149.669792769754
79.3413185133941 79.0489155917283 103.121600521298 26.7690630195486 79.6056795511407 76.504612884626 63.3492080182115 90.9728599965328 25.801402258466 54.0146973437297 143.664709536503 23.4290620376741 131.175650165664 93.444660104118 47.9288947245595 28.076698947393 121.760817877848 157.20399760281 145.683786033025 22.3612645422528 22.3878965761039 34.2433712361585 74.2465089533402 0 116.144987201071 127.012330511091 74.9391863422424 20.7975418975904 87.4751043306941 71.9670507008684 157.645782470703 125.153943188365 74.5404614890498 79.4534400874915 124.134849599489 74.3954780747947 91.0207002722253 88.6181907701996 88.7791675876574 54.0666538750225 97.3736612889538 135.575266277746 106.91023279249 131.08892569378 126.869342121083 138.519850982337 101.061143486934 141.586076987553 126.764228820801 111.298908862167 136.996543256659 139.706915080904 121.076522039122 130.559672944386 135.972260307176 112.904810871892 132.566965849897 58.3209158626934 127.24477305227 187.059735985849 98.0874031788804 178.074278218908 132.557361266505 103.289344915234 97.0432871651988 154.701098058297 216.41975402832 183.73284790094 109.877782180493 109.350259131682 70.3316193443854 122.589748770201 81.9692515065848 132.305992131757 173.914582044846 136.719044304783 106.865457056924 125.854698116938 110.793272544891 0 191.804133776115 114.138209889567 120.811874033218 172.283101738631
147.873537865574 23.887788088587 80.8636655302995 149.979553222656 0 109.6859104538 144.12168327435 94.601982771266 99.5740923215987 142.9819034631 36.6822807297856 129.670922046784 17.619241715824 95.0791840491561 144.3008448508 99.6490912604355 70.6258531764813 47.8731729889542 47.8946817647166 140.990875244141 124.197204720487 65.4993500825642 99.2547056373559 116.144987201071 0 44.4351493182795 25.40705661722 141.93937655336 94.715054473647 131.224506824008 46.7369176106749 80.5545311177107 0 49.8639508017843 97.5560881513851 80.055739617336 23.3261129937468 46.7399922227788 57.1101228402436 127.461979206428 77.6083373435503 18.2160140294869 112.916149881302 48.2939269538153 80.5726505087281 86.9185698237838 104.731925964355 0 32.6007226612256 0 30.8086302779636 96.8438498200508 0 0 0 0 0 116.085414770965 0 58.1795922466281 158.066802978516 49.721223464613 171.274139404297 0 111.439848241659 94.2911246708805 67.5544082839591 72.4527930559718 0 0 65.2473273964468 114.527843522681 144.585457626382 24.8984933892181 65.7562522109963 61.846095415115 140.301232315919 120.251104778463 212.98957824707 72.6810038651915 0 0 77.9274271781325 138.800218292783
126.986696712115 45.3599101569028 29.7639038917172 195.239242553711 91.595852123629 128.506281373215 129.670539433674 115.14100476367 120.508807097188 160.840054306313 29.8063230482856 159.093040385964 18.1244496136609 128.276815864341 139.117093732806 114.189053797551 37.1268297130119 27.5136202213312 30.2592228013698 173.165451127422 100.794892382137 85.9220252705261 70.6865829111417 127.012330511091 44.4351493182795 0 32.4382218843514 120.353585372995 120.201992165675 104.139491711863 18.2021009732292 106.333705996942 130.502613688438 59.2871130091653 133.148186980984 81.5733078962415 51.0236807051505 57.9062265864721 64.3478356223214 106.62355906415 95.2633099835311 63.4709994185654 130.626838167837 101.084182826822 106.318788031224 113.958136870255 122.618976812131 0 78.2248101775734 224.359664916992 62.8373857046944 101.565962277022 221.700729370117 0 143.48420715332 202.423382178453 196.941570132948 132.015694515585 233.98388671875 96.2288394805267 214.46521065724 85.5040502532742 184.84458812788 0 139.275848329345 107.737011616376 101.897373360912 100.232970795054 0 164.273563382397 109.968064780873 139.295517904871 179.314622870398 64.0839183016005 94.8142383985402 92.9380286056118 180.970546399255 177.214952510507 172.743125113484 110.123951311403 0 0 98.8089601505996 155.447258496482
133.829210996921 25.5902458117936 33.543156661665 141.077570336791 94.8078514237402 133.703208907619 109.509353594269 124.702875856634 85.0690253064367 139.955865012431 53.6564597079055 153.516318128001 23.9013696800646 127.421023986086 119.697605772159 20.4346971965782 67.7034496148415 60.2994045903066 61.29676702781 158.870748623577 73.0288529363976 36.1550071353464 41.599681261609 74.9391863422424 25.40705661722 32.4382218843514 0 76.6109627127839 125.45082759936 107.813970776094 19.7760032551396 116.647816805924 114.455096700074 64.7244430849349 138.821167312684 77.4869569123464 50.1183244639307 63.2912732141106 68.6856231233353 93.4423032792 93.1546303020519 68.6030486632106 115.455867466169 88.6084562474382 99.8696814720626 108.016941940714 131.309498486319 120.853325474598 81.8504108757314 162.474899742522 58.4280597876821 93.0483172618777 184.693129314576 0 183.946961236647 154.947239511437 167.963026552447 119.207076822561 206.42516748063 102.298757140241 157.980527921427 88.2539447526019 176.000468506858 165.870492363247 97.0972562064632 106.395324242371 103.668036937326 102.256818660783 0 125.372622733078 63.2277919890811 100.633690058912 131.328118666262 64.4046275868728 95.1063153106902 85.1618964632914 145.067272213901 179.128728625118 142.572476038531 105.592557337588 0 138.177852149055 98.306963812601 153.149686689665
78.4405385119694 100.593084142381 73.4606250224954 19.2512297714063 112.465158736652 67.9656696319874 43.5249832400492 88.3239688675179 56.2265303099533 36.7985274022264 147.001282938203 56.2258718731413 133.350754407013 92.1411902426468 87.7951969362133 35.137855032509 112.504435155278 165.705914683897 133.914937324294 28.2163539242563 28.4612139667819 61.9204210237875 56.0660832355439 20.7975418975904 141.93937655336 120.353585372995 76.6109627127839 0 87.6478617765058 44.8144384894304 199.380722045898 138.708255418039 72.1792615581058 70.1621540852612 129.37515908091 73.6466386111813 78.7916618492505 82.1658892619812 81.5006064161708 84.88649787499 95.3351146486906 138.763132850087 127.91258958163 132.136334630795 144.393443060529 154.553517928725 121.478521492823 150.012630048046 0 129.914357313281 131.547485240832 148.952085078705 144.558777968375 191.423110961914 155.742249189925 127.21364062331 145.305481461575 80.3577016433693 150.503804035905 197.188815726319 113.036298332166 0 144.785272419644 118.83948744841 109.631772488465 167.298206247557 164.190170288086 192.235073109817 135.794356323202 120.213692692412 82.9344780176725 133.402996191568 101.621188448253 181.458663294446 180.656029213447 139.258054576064 124.429800484095 136.430764291949 119.866677322616 0 197.125686645508 124.728910357483 132.955639781564 170.405215188011
18.6850278966799 115.650380124989 110.754575143305 104.203742496721 21.8497931522022 41.3393660249529 67.7524060644045 35.7754225313847 78.4892514185013 92.6929598156821 67.9346441191263 93.2943861356397 64.7131237468726 34.5525901499859 71.5801494114925 94.0067763571222 106.890798930995 102.605620484948 110.180057583166 100.609304260724 88.9483070324851 82.7943283403862 99.6555660650817 87.4751043306941 94.715054473647 120.201992165675 125.45082759936 87.6478617765058 0 35.9171412121191 110.070294427448 13.9227546394623 21.7838861374893 34.5171692837771 105.945191830189 66.1063273334355 83.2053862555252 51.2232999208693 71.5674681148425 48.7882306902093 23.0186440242252 69.037915719362 150.850080553186 113.748170305197 152.707668595377 126.925424063275 143.309493200998 229.585861206055 0 157.532237366805 172.797157146642 158.986127112935 170.211805942801 0 168.065125580766 154.103853048818 178.988450903843 104.136853834341 198.056663369407 118.969528254525 141.419697061463 159.056145680056 168.983539719277 154.714828491211 126.372153870463 194.008370165741 0 215.254409790039 155.580749654488 135.522525798599 90.3455962876011 152.044924796272 124.476077533956 138.953247070312 172.981625218889 172.80059614686 139.292830616311 150.749800908908 138.891139245499 0 0 150.251601744139 164.620504931452 133.336546132185
33.8497483079784 102.461224967884 80.5966403991298 129.379835849718 106.476317052946 89.7397743511317 25.5099502932368 78.7274868313413 60.0592864745071 108.650236661626 113.414468256685 120.189446690755 123.631845682877 67.4856575466546 88.9052748693957 70.7592922489768 73.5105960731102 118.413703432422 94.3698357922788 124.071980503046 30.9579383121088 61.1312775232072 58.1492906012271 71.9670507008684 131.224506824008 104.139491711863 107.813970776094 44.8144384894304 35.9171412121191 0 126.045005002702 125.220302960086 53.3371001093401 38.1796126323137 119.338155595977 63.7381447567439 65.8499729785855 63.6262664548543 69.7174242710204 75.6740874924397 86.6587953527966 121.806323761824 123.312599394002 121.55776962942 144.097304626092 138.956670303874 154.341493824592 182.942810058594 0 122.711604017119 124.178621049573 148.856389716815 156.600677490234 0 213.840522021406 135.006457997399 159.963037836817 88.4277061748588 181.507966714319 209.69803744739 167.336578923293 191.231994628906 163.369478298006 124.17894744873 103.056928997537 172.318952109866 188.386642456055 186.941329576597 147.57538143323 117.950711146116 75.6032189233243 125.295682116429 110.040714359092 118.385290476252 154.894876652101 143.6439024856 115.823443245905 133.20018849331 122.069474140378 0 175.674438476562 132.449909945841 119.244574026443 157.026768136974
0 62.5756757336513 90.2228019603837 0 0 104.767523678434 0 105.617475599396 125.213816562048 161.844012391858 28.9099663917442 168.288617812759 10.2689481594947 128.229556206845 0 140.7109375 82.5917404241536 53.9809262298014 65.7439670210455 0 121.47726616474 93.6933305061179 135.004562615809 157.645782470703 46.7369176106749 18.2021009732292 19.7760032551396 199.380722045898 110.070294427448 126.045005002702 0 105.763620126555 0 69.7574797749008 117.371658325195 99.9419286768663 53.7637419929561 65.5721431207147 81.209914281268 132.597244262695 106.168719537361 59.5135328982042 0 80.1813368118258 123.545498633124 0 0 0 65.3608019314436 0 117.760414123535 0 0 0 0 0 0 0 0 92.5048274303432 0 87.6859833668842 0 0 0 135.467697143555 105.572037649497 109.648851471464 0 0 0 0 0 65.7780506960747 107.681097798427 111.782335072312 0 0 215.446533203125 108.749246904288 0 0 82.7876009878186 0
100.251515326114 96.1431515564108 168.022038820521 0 11.8160430898006 17.2382701709267 117.109699962945 19.6593435410121 98.8681094588744 115.304271886828 62.9176767852057 106.106235878451 56.1069811080701 17.5702561024243 41.1096773108031 174.865741014851 116.300413174545 93.6687117310953 83.6055363761551 121.862793390666 142.212091146058 124.452321523877 145.652407711929 125.153943188365 80.5545311177107 106.333705996942 116.647816805924 138.708255418039 13.9227546394623 125.220302960086 105.763620126555 0 69.4591733118767 24.8748106065714 98.2383625181104 79.0546783532251 70.6157286938111 44.3405374242409 65.3692444179774 36.7527182589191 19.6423255010527 66.7856594372985 0 0 0 199.06071472168 0 0 0 0 98.565559387207 0 0 0 0 181.663986206055 0 0 0 0 0 0 0 0 0 0 147.527816772461 167.007446289062 0 0 0 0 174.680689097677 168.916625976562 179.312942504883 167.813582825722 190.188064534303 0 194.292572021484 0 0 0 0 0
