0 5.90247371792793 123.124316841364 66.7901449799538 2.62301218509674 102.300162822008 5585.78729590774 833.76442489028 227.292629718781 443.363554418087 66.9969127178192 30.7892068624496 9.31509765982628 7929.05551296473 8.60850566625595 23.6327409744263 234.820294588804 18.9233117699623 68.5196521878242 45.8893391191959 360.938147068024 54.8869980871677 503.159300118685 400.644156306982 2.09638392925262 135.028296709061 148.013164192438 633.948518127203 8089.15299832821 4450.98380249739 0.792624890804291 5.3375523686409 576.219216823578 467.824587613344 19.5403461456299 484.361273705959 47.7221919894218 337.992174386978 46.6333908140659 61.4046723544598 42.681094378233 4.26245483756065 34.4878191053867 3.88936677575111 25.8122786283493 5.1663960814476 4.4209024310112 2.98213070631027 0.829794943332672 9.83202761411667 5.56305325031281 1.12511140108109 2.9735940694809 0 4.42645710706711 72.1369878351688 6.46372872591019 22.4664706885815 12.0747701823711 2.8366773724556 0 2.28333061933517 12.9551123380661 0 7.04486671090126 0.664326429367065 0.976169109344482 2.52829140424728 1.2440230846405 11.9937470257282 7.17363905906677 11.2587117552757 136.638572365046 2.706183552742 6.38355961441994 19.315294355154 161.613744437695 24.0592576563358 33.6079893708229 0 0 7.60017228126526 16.0484391152859 1.15783560276031
5.90247371792793 0 299.349207013845 1.35192579030991 4.53896510601044 9.24957269430161 22.5697652101517 4.09515644609928 916.105057150126 5.14341938495636 198.808808684349 30.8402805328369 615.962401896715 21.8174482882023 32.2076635956764 69.5271354913712 385.985648006201 48.3539117574692 145.650080144405 1.88555112481117 67.9197766184807 2718.90564158559 310.914385259151 864.687453448772 2577.46477404237 808.220942646265 5359.33264106512 113.030355662107 33.3227767646313 64.1332743167877 11.8190264701843 1.23012280464172 5.04276371002197 186.591539472342 6.42103144526482 409.505099415779 363.908190429211 401.05047622323 184.116263926029 90.7873717844486 4.60367694497108 175.764225870371 38.4059286415577 20.6741246581078 31.1277467906475 24.2279799580574 0.828696250915527 0 4.90322244167328 0 43.2456939220428 41.1937336027622 1.29957073926926 0.597296595573425 1.31205236911774 8.03157886862755 1.04072773456573 2.28904795646667 3.53196007013321 9.73202982544899 0 33.6958121955395 2.13310766220093 3.54161804914474 3.08651685714722 38.0040882229805 8.9668425321579 25.0222251713276 0 0.459412515163422 3.66287589073181 20.3133972287178 3.4221253991127 15.699104309082 123.702839493752 216.082077801228 7.45443806052208 0 3.89713317155838 2.46797633171082 0 0 16.6550691723824 3.03983008861542
123.124316841364 299.349207013845 0 17.5542209744453 0 212.03940975666 1021.72377383709 260.834039777517 51.9670891165733 172.637026071548 151.913153141737 16.523364007473 32.6226273179054 452.866136342287 7.78901520371437 204.068588852882 4982.73275181651 122.026550292969 720.791753441095 10.8550135791302 2181.24398386478 177.876197487116 17243.039727211 224.395253956318 17.1860936582088 13479.2171297371 12026.367449075 1239.25728794932 164.316116809845 1397.47052922845 11.6647652983665 0.337276577949524 16.2339631915092 757.855827182531 73.8436279296875 3050.78595221043 1251.04369089007 1877.94516149163 1193.22586783767 177.249414682388 23.4451399445534 3.50281798839569 376.745789408684 163.61592912674 285.218289464712 162.201005250216 13.4469568133354 2.19336092472076 4.49497824907303 4.8538570702076 206.165883690119 968.35105201602 1.1200190782547 0 1.51385718584061 30.6497464478016 10.0983173251152 6.05125641822815 1.06638213992119 22.762847751379 0.677372753620148 20.3251341283321 9.54468965530396 0 84.6865200102329 453.747684150934 15.1705868840218 175.692187547684 0 50.1168957650661 100.867477655411 377.276972919703 37.0151300430298 31.1062282025814 747.130725115538 2179.94222843647 69.1745635271072 5.00223660469055 43.0360370874405 3.43144905567169 0 0 122.796028345823 24.2553195655346
66.7901449799538 1.35192579030991 17.5542209744453 0 15.6712461709976 275.489620834589 494.68827944994 121.390348523855 652.96170270443 10365.2801899016 9.74982500076294 1815.8768670857 1.87557232379913 199.007020354271 64.3903993070126 4.67489349842072 2.26159390807152 0 3.8601376414299 27765.9838224053 23.844666659832 8.76652526855469 47.2647664546967 3158.94668349624 0 11.4044694304466 19.6966963708401 12172.5708453059 187.340946376324 46.016004472971 0 0.482005000114441 31.0250647366047 73.7071975767612 12.4947613477707 254.612970083952 7.17583954334259 112.414337307215 19.3821038305759 190.05875441432 13.310565829277 0 58.3390726447105 0 7.93174368143082 0 19.1008504629135 0.779976814985275 0 4.72061428427696 0 0.425802230834961 160.868511915207 0 9.60213124752045 77.6926338374615 5.09613662958145 60.5803632736206 58.1007674336433 1.58552372455597 18.6285372674465 0 7.25685527920723 3.05126821994781 0.46166804432869 1.06233406066895 0 0 19.6225412487984 1.37946367263794 2.79672998189926 2.20424363017082 146.179365426302 0 0 4.43739408254623 141.300019651651 5.19436058402061 10.2121624350548 0 0 0.415944010019302 2.99436184763908 1.03387033939362
2.62301218509674 4.53896510601044 0 15.6712461709976 0 1077.47459244728 6.40286403894424 250.981563001871 244.42649179697 18.6189160943031 4.1892563700676 231.751668065786 1.92814010381699 35.1049230098724 2972.55201244354 0 0.390941351652145 0 1.78822910785675 11.5784437060356 0 12.0220069885254 1.96670940518379 96.3248579502106 1.74545562267303 3.41614204645157 10.3494642674923 21.7813602089882 228.670074343681 2.73329347372055 0 951.202465176582 0.514555335044861 107.267783164978 1.63115549087524 32.1800369024277 2.49400687217712 10.0138488411903 4.8497731089592 8814.0207349062 689.519449442625 0 6.426753282547 0 0.853155493736267 0 1.57342398166656 0 0 0 0 0 1.1133306324482 0 0.87977147102356 4.96677982807159 0 1.85984939336777 3.9555629491806 0 0.74014800786972 0 0.37266543507576 0 0 0 0 0 0 2.51992636919022 0 0 4.83766812086105 0 0 1.49612861871719 10.0022859275341 1.40169239044189 0 0 0 1.60401916503906 0 0
102.300162822008 9.24957269430161 212.03940975666 275.489620834589 1077.47459244728 0 3073.62388557196 13112.0247117281 416.571329087019 22340.9919788241 153.858870387077 6843.59417137504 22.7172763347626 2454.32128760219 2443.57878133655 27.7579636275768 66.2441169917583 9.98722395300865 33.5964606106281 725.546231210232 281.14287084341 33.9493018090725 440.453209757805 547.275616407394 1.12188795208931 141.401461392641 159.274504184723 1227.29332396388 2019.19553145766 464.478916764259 1.82350671291351 1232.51513469219 39.7230881154537 752.352613270283 39.9076145887375 583.028882533312 55.6532980799675 386.62186935544 145.386004537344 5391.91038325429 1927.4728731513 18.6619013845921 43.828489869833 0.784630388021469 12.6620441973209 4.15303567051888 8.37558400630951 1.35266143083572 0 8.32581409811974 0 5.46795892715454 11.0479660332203 0.647028803825378 16.7265796363354 114.103727579117 7.65788611769676 30.6100264787674 29.2587463259697 2.11341834068298 13.795983850956 1.24815228581429 12.952526897192 2.71301326155663 2.62791660428047 4.70366406440735 0.466839283704758 1.4033876657486 11.5284684598446 9.20871701836586 2.56988954544067 6.4812453687191 155.39638581872 1.61033004522324 4.18176111578941 15.5956104099751 181.208808660507 18.3755293488503 19.1529137194157 0 0 1.77153992652893 9.06756353378296 3.88037019968033
5585.78729590774 22.5697652101517 1021.72377383709 494.68827944994 6.40286403894424 3073.62388557196 0 3024.53450497985 1373.6534267962 15512.3937278986 103.132132828236 549.489032626152 18.1449812054634 9230.01050770283 99.6309269070625 406.288367539644 272.078053921461 26.7265976071358 73.3309530317783 305.242237299681 2041.04778510332 225.261234849691 3040.8976623714 5536.84589290619 9.55309614539146 460.030326932669 1062.60600933433 24868.013119936 4216.4558481276 17655.9465484619 1.93136990070343 7.85616222023964 600.643253624439 1089.23978579044 169.166207075119 3357.15883418918 209.211238205433 1370.85542246699 369.523244440556 517.120810836554 190.686769634485 6.17792624235153 203.985713541508 6.16454562544823 76.8180191814899 9.94031792879105 45.6839272081852 18.0153938531876 0 50.3738546669483 5.0021912753582 23.7221145033836 29.8377927541733 0.553461194038391 34.0565850138664 569.349968284369 51.4342345893383 239.38346529007 121.29616767168 10.4943713247776 25.0799272060394 0.347497791051865 82.3806213438511 0.912352979183197 43.8783414959908 11.7312077581882 2.88157224655151 3.34335803985596 27.8073588013649 50.7534003555775 21.8617768883705 73.2770944833755 928.664915293455 3.27639335393906 25.0225834548473 96.8534491062164 1151.62923467159 146.256466507912 181.05231705308 0 0 24.9523440897465 71.7065531313419 34.2531050145626
833.76442489028 4.09515644609928 260.834039777517 121.390348523855 250.981563001871 13112.0247117281 3024.53450497985 0 322.979626715183 4420.32161068916 663.428529322147 1781.68132984638 79.2364432215691 14157.4574717581 875.64908850193 30.9210005104542 223.051202118397 57.7735077142715 108.831572338939 388.567602992058 434.580755114555 36.4149938523769 671.166065365076 469.658518224955 11.4803705811501 284.829676121473 252.088582187891 810.108018428087 3389.26717182994 1253.80770739913 8.04644104838371 599.974257439375 63.0529400110245 1886.88897916675 67.7325226962566 1156.61678430438 181.231440663338 1035.59822249413 248.491838127375 2311.0469738245 1919.92442378402 62.9348728358746 51.0364443659782 0 17.7156690955162 4.67340767383575 3.91325727105141 2.99053370952606 0.803714394569397 9.93992629647255 4.19766104221344 2.4766648709774 6.19213861227036 0 4.00480958819389 95.2515059709549 12.7894952595234 33.7038286030293 13.2614274024963 0.867970705032349 7.62809550762177 1.06914043426514 14.1117286980152 0 13.58617156744 1.20800924301147 0 0.423334956169128 1.94669115543365 15.1954270303249 1.71300637722015 14.475418150425 107.590950727463 1.34049820899963 14.7027723789215 19.4243730902672 175.52953261137 23.1862814128399 20.9284649789333 0 0 3.7103867828846 11.5181533694267 6.72726118564606
227.292629718781 916.105057150126 51.9670891165733 652.96170270443 244.42649179697 416.571329087019 1373.6534267962 322.979626715183 0 944.674764156342 74.6996228694916 2321.0348982811 196.372405916452 391.681165367365 2091.16833421588 108.088869929314 55.7252299785614 21.6738188862801 43.9104052484035 398.243686676025 160.562406599522 2799.32652744651 168.728801518679 11482.1157023013 519.961980834603 135.086775839329 1530.09786388278 3084.98426279426 871.422138422728 1458.58363872766 5.78842270374298 4.85528430342674 248.013137608767 273.490524202585 39.5329968035221 1021.1890963614 145.131611347198 344.969270408154 125.04370623827 1728.3303091526 35.3608126044273 24.7993815839291 127.640935182571 9.7451149225235 34.1837972998619 11.5177128911018 57.8911920189857 3.14623162150383 0.60020387172699 44.4187471270561 19.3582372665405 11.8306002616882 67.5080819129944 2.82914507389069 15.9253467917442 284.357834130526 32.8282567858696 225.386497795582 129.436499238014 4.9539583325386 116.107601881027 3.80984130501747 51.5210446119308 16.8116230070591 67.7374798357487 5.3587760925293 0 4.67265966534615 47.0664885342121 108.587701708078 46.7403427362442 79.3099609613419 603.641146689653 6.95575475692749 20.9773913621902 51.9673316180706 655.283471852541 82.063916683197 165.692949950695 0 0.483943790197372 15.7584135830402 41.4037952721119 8.4101105928421
443.363554418087 5.14341938495636 172.637026071548 10365.2801899016 18.6189160943031 22340.9919788241 15512.3937278986 4420.32161068916 944.674764156342 0 129.464239388704 21699.4790591896 27.6593289375305 3435.25909930468 208.476925700903 43.4825842380524 33.4893853962421 16.1761010587215 17.781629383564 15167.5319081545 267.375152796507 46.1695395112038 386.976737111807 1883.28641563654 4.05432718992233 111.673980414867 198.256462424994 12187.6209643185 1412.71763584018 360.578517615795 4.149050116539 12.1596406698227 127.354322969913 712.843592226505 96.5011098086834 1694.9189787209 73.0267806649208 802.17512640357 164.982247263193 856.155761897564 222.135421454906 15.3252726793289 129.167634755373 1.62988615036011 22.638579338789 3.49799144268036 41.2276020646095 5.2622053027153 0 14.6542809307575 2.30479991436005 3.79229590296745 60.362581372261 1.63382935523987 18.587002903223 185.052090674639 26.9477492570877 122.408366858959 78.5540826618671 2.46141290664673 70.4580793976784 0 28.5280291438103 8.18439000844955 12.402943700552 2.97106173634529 0 0.590353965759277 34.299604922533 12.6248525381088 3.95837560296059 11.4639888107777 396.837854802608 1.45779323577881 7.6810519695282 22.3866566717625 430.215098470449 33.5943096578121 41.6476091742516 0 0 7.43693500757217 15.522757679224 9.57132261991501
66.9969127178192 198.808808684349 151.913153141737 9.74982500076294 4.1892563700676 153.858870387077 103.132132828236 663.428529322147 74.6996228694916 129.464239388704 0 85.7984631955624 14251.2321666777 879.050426512957 14.7447385787964 48.3655168712139 949.53137794137 8084.51086571813 3811.22282505035 24.7924669384956 173.493892997503 85.3405565619469 390.753810405731 68.1118786931038 2248.97036424279 11006.92732054 4638.91596308351 68.3136399686337 585.538282632828 204.875923633575 1680.88409864902 57.6050133705139 40.6351948976517 9597.41677635908 15.2107484042645 645.080374360085 13589.5618828535 9933.80381652713 902.384175181389 137.149483144283 76.3095615506172 4807.08910796046 22.7394073307514 170.301628649235 57.8324192464352 19.0456453859806 0 0 106.873808771372 0 26.4307539463043 11.265463411808 0 0 0 6.83599677681923 1.51906394958496 0 2.20732283592224 241.622300297022 1.04830574989319 519.599634826183 3.16160732507706 0 6.16124525666237 9.41820934414864 57.2442752718925 47.7574731707573 0 5.09890204668045 0.6642706990242 16.6443650722504 11.4092439711094 140.793984860182 321.381151854992 305.7442715168 15.9581922888756 4.1248143017292 8.80121240019798 23.9226838946342 0 1.49038743972778 15.4200960695744 4.82797029614449
30.7892068624496 30.8402805328369 16.523364007473 1815.8768670857 231.751668065786 6843.59417137504 549.489032626152 1781.68132984638 2321.0348982811 21699.4790591896 85.7984631955624 0 13.797678232193 876.015394955873 3774.79644432664 4.73151856660843 8.3290042579174 7.16768944263458 10.4155287146568 24131.7252131402 16.7490158975124 55.2272564768791 31.7306933104992 1337.83233624697 7.37284910678864 35.138442337513 67.2277866899967 904.077034324408 431.972922861576 54.0425338149071 1.59132108092308 26.3877966701984 7.89646443724632 267.093868046999 20.858195990324 418.918753087521 31.2045069932938 249.234111279249 42.3064869046211 3559.11187765002 139.79579949379 7.89218506217003 66.472086250782 0 2.8865077495575 4.02787902951241 20.5858336687088 0 0 3.47413030266762 0 0.444830447435379 25.6391083598137 0.840883493423462 8.85172912478447 48.8650763630867 6.51635628938675 35.5693492889404 42.5714198350906 0 259.565009951591 0.942903399467468 1.74022936820984 0.881949067115784 5.29168426990509 0 0 0 43.897647857666 5.11207193136215 1.31518757343292 4.13249927759171 93.8482885062695 0 1.18522441387177 1.32691156864166 94.7676419019699 6.34992548823357 3.83350399136543 0 0 0.576802790164948 2.56974524259567 0
9.31509765982628 615.962401896715 32.6226273179054 1.87557232379913 1.92814010381699 22.7172763347626 18.1449812054634 79.2364432215691 196.372405916452 27.6593289375305 14251.2321666777 13.797678232193 0 87.2292863130569 6.81535437703133 11.7571307122707 48.4172393381596 413.373666793108 151.667520314455 2.0058314204216 19.7560737580061 260.797505825758 41.6245958954096 125.477784961462 9576.66825479269 7494.22368425131 11188.2969183922 29.9082467556 62.1722443699837 23.4286176860332 5843.44032296538 6.13837844133377 4.37496513128281 852.629235118628 60.0980717539787 1738.22010490298 3476.89304760098 2937.19201210141 1190.61687356234 62.0380676984787 438.015453934669 4199.31265649199 34.8226915597916 278.174527436495 99.2360846102238 45.17367374897 1.08283603191376 1.72453504800797 211.814713418484 2.00345242023468 60.8520303666592 14.2812049984932 0.812923610210419 0 0 4.60241606831551 3.65659093856812 3.74775838851929 0.398194074630737 408.042642861605 0.712089240550995 805.655601531267 4.47004508972168 1.7117794752121 0.612241864204407 19.1255378425121 143.384064733982 67.2679724693298 0 5.16429781913757 1.48550713062286 6.6840409040451 4.08411681652069 253.178818523884 439.370821595192 367.968671113253 9.33946824073792 0 3.28982543945312 39.1684902906418 0 0 27.0020017027855 37.5150289833546
7929.05551296473 21.8174482882023 452.866136342287 199.007020354271 35.1049230098724 2454.32128760219 9230.01050770283 14157.4574717581 391.681165367365 3435.25909930468 879.050426512957 876.015394955873 87.2292863130569 0 237.139122128487 59.7663064599037 571.863406300545 87.8617931008339 250.577116400003 337.817658990622 954.658829718828 104.133197486401 1417.13934844732 729.846274375916 10.8811547756195 584.854683279991 460.288803905249 1401.08739504218 9371.39965108037 4434.40529918671 11.1847552061081 184.143516629934 243.52975204587 2584.83063873649 79.2861540019512 1712.69946235418 269.836803734303 1331.35253211856 286.475572526455 742.390054613352 534.588654071093 55.7279396653175 49.7723618447781 5.17384117841721 23.6827887296677 6.47003799676895 9.35684964060783 5.65903168916702 0 13.87558811903 3.17208224534988 9.46527537703514 7.2707180082798 2.75937080383301 7.67372599244118 112.376177817583 20.0095722675323 41.0531029701233 17.783799380064 3.49043244123459 2.00009924173355 6.03713625669479 15.2086921334267 3.50136291980743 11.7914155423641 3.33976942300797 4.00653100013733 8.0515276491642 5.27048137784004 24.287206619978 2.66717183589935 23.4629940986633 205.208412855864 3.08598840236664 16.6920835971832 29.9084270000458 248.556685224175 39.1991871893406 59.3078507483006 0 0 2.2739497423172 19.0268287658691 19.1846520006657
8.60850566625595 32.2076635956764 7.78901520371437 64.3903993070126 2972.55201244354 2443.57878133655 99.6309269070625 875.64908850193 2091.16833421588 208.476925700903 14.7447385787964 3774.79644432664 6.81535437703133 237.139122128487 0 0 3.67353016138077 0 1.1705410182476 140.889347076416 6.6764377951622 57.1972899436951 12.982316672802 845.982305854559 8.53809487819672 6.12178483605385 66.8007996380329 159.279335618019 76.7279876470566 23.9944727420807 0 18.2883015275002 4.52021118998528 37.3162506222725 1.49538505077362 171.440451025963 7.88261204957962 28.7287642359734 9.43183767795563 10252.0840081573 28.0966549217701 3.06837725639343 35.2813578248024 0 3.44593799114227 2.87499183416367 4.79327791929245 0 0 2.46469730138779 0.404868066310883 0 12.0942175686359 1.91893839836121 4.14148065447807 30.3183163702488 2.73909628391266 16.4118926823139 14.1990967988968 0.464707851409912 9.40885430574417 0 0.518967747688293 0 2.54573512077332 0 0 0 4.76171177625656 11.2820675969124 1.83181977272034 1.81813365221024 62.4629724919796 0 0 1.23747956752777 59.6131028532982 1.55555719137192 3.8973528444767 0 0 0 0.453624755144119 0
23.6327409744263 69.5271354913712 204.068588852882 4.67489349842072 0 27.7579636275768 406.288367539644 30.9210005104542 108.088869929314 43.4825842380524 48.3655168712139 4.73151856660843 11.7571307122707 59.7663064599037 0 0 171.654090434313 7.52626633644104 64.9574371874332 7.32192769646645 12537.5802789629 2385.63215523958 20528.5745705366 2265.80348894 25.167610347271 167.156517773867 12555.9966389835 3505.71431532502 105.79262599349 853.477388143539 0 0 52.7417567670345 700.144417762756 91.4306127429008 3506.42351743579 550.13402223587 1259.69708770514 901.999638438225 267.251642853022 36.4671128690243 2.49875351786613 223.767651885748 54.3022193908691 136.427442640066 82.5211353003979 18.659727036953 5.26320978999138 0 9.44004333019257 13.7498477697372 120.802107721567 1.10193431377411 0 4.78630244731903 77.5776592493057 8.37435865402222 13.7652123272419 10.656083792448 8.13483563065529 0.582393050193787 2.60187363624573 17.050927311182 0 1042.0762513876 53.7685958147049 2.36986136436462 6.2015987932682 0.581680297851562 393.093250721693 177.853007465601 1373.83377298713 166.278735101223 1.66298866271973 67.4317771494389 652.640735208988 299.991792678833 34.7970605492592 154.479443758726 0.599078595638275 0 11.1831634640694 87.9620568454266 16.6338601708412
234.820294588804 385.985648006201 4982.73275181651 2.26159390807152 0.390941351652145 66.2441169917583 272.078053921461 223.051202118397 55.7252299785614 33.4893853962421 949.53137794137 8.3290042579174 48.4172393381596 571.863406300545 3.67353016138077 171.654090434313 0 570.775266975164 6549.56733223796 7.23150470852852 2112.91787973046 140.989921957254 8184.88426294923 123.773311436176 47.4768175184727 9127.7761837244 6097.62653192878 333.35974702239 537.402265906334 2029.90695351362 13.2023752331734 2.3070924282074 78.3353715538979 2200.02572998405 20.2555124759674 1042.85252183676 1215.59777459502 1528.94972291589 377.898772835732 43.0191527605057 11.7959578633308 12.5730541348457 90.6902847290039 53.2739906907082 95.5679176449776 44.9193512797356 3.17437422275543 0 5.665746986866 1.09631070494652 69.4344092905521 156.527988910675 0 0 3.16643500328064 12.6725212037563 2.58104667067528 5.92365628480911 2.30780470371246 12.7103618979454 0 20.7996232509613 2.92095619440079 0 38.1400680541992 123.594279527664 13.0889823138714 88.931292116642 0 14.428834438324 30.4903191924095 88.1550512909889 14.6725149154663 27.7506694793701 488.356163531542 721.48111140728 28.2756626009941 4.26031479239464 21.1918406188488 0.493531048297882 0 0.447272270917892 28.5910056829453 5.39329624176025
18.9233117699623 48.3539117574692 122.026550292969 0 0 9.98722395300865 26.7265976071358 57.7735077142715 21.6738188862801 16.1761010587215 8084.51086571813 7.16768944263458 413.373666793108 87.8617931008339 0 7.52626633644104 570.775266975164 0 4261.31837716699 1.86460095643997 57.2637428045273 22.82651501894 137.41694098711 13.6024845540524 393.611840873957 9866.10568970442 1556.77839154005 21.9964326620102 60.6853698194027 63.7954619824886 133.811863929033 4.21504598855972 8.42150822281837 564.262335687876 1.9246911406517 184.637184381485 947.284840881824 790.349268049002 183.092425584793 12.841911315918 7.56194388866425 53.112400829792 18.5777570009232 40.4443817436695 32.7074197530746 13.5044196248055 0 0 5.23413968086243 1.07125473022461 14.1409690976143 2.68236267566681 0 0 0 1.72986650466919 0 3.16201233863831 0.635739028453827 106.07587620616 0 196.154269129038 0 0 2.42475610971451 11.9382700026035 54.1426857113838 23.5791378319263 0 1.16378086805344 0.502650618553162 4.31144830584526 2.61344659328461 80.8019137084484 199.355711042881 147.122740834951 6.25648081302643 2.47109058499336 1.37565302848816 14.8068434894085 0 0 6.52367326617241 2.80179259181023
68.5196521878242 145.650080144405 720.791753441095 3.8601376414299 1.78822910785675 33.5964606106281 73.3309530317783 108.831572338939 43.9104052484035 17.781629383564 3811.22282505035 10.4155287146568 151.667520314455 250.577116400003 1.1705410182476 64.9574371874332 6549.56733223796 4261.31837716699 0 1.90837895870209 324.057198137045 54.996444940567 897.788295865059 39.6642016172409 270.186518102884 13984.5485518873 3465.401994735 93.0948349535465 213.077259004116 342.437347054482 45.7069571316242 5.43122053146362 23.8966480493546 2068.78296434879 24.2764104902744 903.490359187126 1544.11491075158 2020.13144040108 560.952096551657 26.2562741935253 9.86294162273407 33.7557451426983 29.4578930139542 70.5498040020466 49.987904548645 24.7511719465256 1.10765671730042 0 5.78090381622314 1.37535652518272 35.6275980472565 18.6924371123314 0 0 0 4.79002273082733 1.99994194507599 4.78177899122238 0 76.8635989129543 0 130.303974717855 5.26099336147308 0 10.8114748001099 19.4158340990543 55.4307079315186 84.9898724853992 0 7.5785054564476 4.18823367357254 17.3543021082878 6.5886521935463 77.4318880140781 421.428681910038 452.073396682739 9.85978773236275 4.86971372365952 3.84225350618362 12.3652876019478 0 0.588023960590363 30.0613595247269 5.05355620384216
45.8893391191959 1.88555112481117 10.8550135791302 27765.9838224053 11.5784437060356 725.546231210232 305.242237299681 388.567602992058 398.243686676025 15167.5319081545 24.7924669384956 24131.7252131402 2.0058314204216 337.817658990622 140.889347076416 7.32192769646645 7.23150470852852 1.86460095643997 1.90837895870209 0 11.4475841522217 6.08512359857559 23.3249467611313 2112.05399897695 1.59135323762894 13.5139013230801 22.8980438709259 4261.12048915029 214.904886931181 32.3543395102024 0 4.84370973706245 18.941135853529 96.0477816462517 16.190014898777 242.073769718409 10.3163548707962 116.844734877348 29.8688914179802 333.205220520496 44.6827420294285 3.03328275680542 37.7877843976021 2.27057564258575 4.32013845443726 0.959159553050995 11.7361906766891 0 0 2.55738416314125 1.88910239934921 0 33.1364023089409 0 2.31833469867706 45.3664323985577 5.3670529127121 34.1615291833878 27.9481565952301 0 24.3704668283463 0 10.1481464207172 1.40447145700455 0.665563225746155 0 1.20678174495697 0 2.50690692663193 0 0 2.38200774788857 70.7708646357059 0 0 1.96535807847977 96.9882526695728 12.1287690103054 5.17577728629112 0 0 0.613325417041779 1.92489305138588 0.667131245136261
360.938147068024 67.9197766184807 2181.24398386478 23.844666659832 0 281.14287084341 2041.04778510332 434.580755114555 160.562406599522 267.375152796507 173.493892997503 16.7490158975124 19.7560737580061 954.658829718828 6.6764377951622 12537.5802789629 2112.91787973046 57.2637428045273 324.057198137045 11.4475841522217 0 1175.13739779592 30869.2529217005 1134.16902032495 24.9613998532295 981.289769768715 3146.27989143133 10171.6333854795 1034.30598595738 20927.6943276823 3.38960406184196 3.80000734329224 284.113852798939 3926.67442601919 196.243409276009 7360.31196087599 671.758414804935 3616.95259848237 1918.95415392518 565.670149683952 96.8550573289394 12.1580193042755 187.542505592108 39.951134711504 104.629435867071 39.3450003862381 18.9449174106121 4.17849451303482 0 25.1832904815674 11.4983071386814 110.802589803934 0.418064802885056 0.496698647737503 7.0076916217804 118.711230933666 10.900053113699 46.5943582355976 11.0062620937824 4.49939787387848 1.93164664506912 3.48425108194351 37.7621785998344 0.901847660541534 686.241088479757 45.80300745368 5.5616172850132 13.0645085573196 1.35308715701103 492.490309268236 144.11296287179 717.098776966333 298.243322432041 0.537417769432068 51.0372184813023 382.931167423725 526.161369234324 99.589752972126 240.310714155436 0.373876214027405 0 25.7824493348598 87.7915658354759 31.4515534937382
54.8869980871677 2718.90564158559 177.876197487116 8.76652526855469 12.0220069885254 33.9493018090725 225.261234849691 36.4149938523769 2799.32652744651 46.1695395112038 85.3405565619469 55.2272564768791 260.797505825758 104.133197486401 57.1972899436951 2385.63215523958 140.989921957254 22.82651501894 54.996444940567 6.08512359857559 1175.13739779592 0 1242.27312985063 6906.20610955358 900.322006374598 244.867144078016 5305.35627278686 1694.12950623035 358.890060395002 992.793891608715 5.88752844929695 1.52837830781937 120.334943413734 372.214483678341 49.5977793633938 1377.14373332262 254.864138662815 613.381349891424 320.308599978685 215.436820119619 16.7981376051903 50.287413328886 79.7293896079063 19.3969335258007 62.308525800705 33.4092484712601 9.91403275728226 2.28902679681778 1.66552937030792 7.69990390539169 12.2486752271652 38.788105905056 4.10639253258705 0 5.09511387348175 59.0268811285496 12.0891032218933 31.3739791512489 10.9188659787178 5.27440947294235 3.27066546678543 11.0963074564934 17.7989593744278 0 202.006609857082 12.5521779358387 0.456220805644989 16.1415197849274 1.73461282253265 129.635717302561 58.3155051767826 218.398184865713 150.097865462303 5.39238765835762 42.0749181807041 199.846823871136 240.086928993464 48.9575594961643 99.3354871869087 0 0 5.14074075222015 42.5662504732609 9.25942251086235
503.159300118685 310.914385259151 17243.039727211 47.2647664546967 1.96670940518379 440.453209757805 3040.8976623714 671.166065365076 168.728801518679 386.976737111807 390.753810405731 31.7306933104992 41.6245958954096 1417.13934844732 12.982316672802 20528.5745705366 8184.88426294923 137.41694098711 897.788295865059 23.3249467611313 30869.2529217005 1242.27312985063 0 1259.66675129533 33.8102220594883 4001.36183544993 23312.7294761539 7041.54213628173 877.715284764767 8964.74789911509 13.9481334984303 1.17916792631149 267.123348593712 3865.01791033149 344.80369746685 12458.7074253261 3519.0444278419 6767.40137925744 4042.04980236292 1053.69716253877 124.799982488155 13.2854090034962 738.304094254971 199.878357261419 509.036033034325 322.688146710396 60.1688768863678 10.1792135834694 3.53084075450897 13.9147905111313 123.13974583149 1115.82535603642 1.99124473333359 0.774587988853455 7.82466214895248 151.306344389915 13.2569021880627 28.4804978370667 19.2017632424831 24.0359061658382 0.628364980220795 21.76761251688 34.0268332064152 0.529326379299164 1383.77511513233 332.934170275927 11.9878595471382 88.8721566796303 0 371.123532891273 389.156512647867 2750.76989012957 223.97217810154 8.17363500595093 348.516233921051 3334.42804470658 406.260054916143 55.7757485806942 173.490896761417 0.380434185266495 1.02460476756096 10.3084607720375 214.502016365528 65.1694525182247
400.644156306982 864.687453448772 224.395253956318 3158.94668349624 96.3248579502106 547.275616407394 5536.84589290619 469.658518224955 11482.1157023013 1883.28641563654 68.1118786931038 1337.83233624697 125.477784961462 729.846274375916 845.982305854559 2265.80348894 123.773311436176 13.6024845540524 39.6642016172409 2112.05399897695 1134.16902032495 6906.20610955358 1259.66675129533 0 322.017936587334 231.551816791296 4094.29013082385 27737.007371217 1397.30138242245 2595.753559798 5.08292055130005 3.51336753368378 362.82884863019 632.678767263889 151.081702411175 2557.37016808987 271.362377673388 918.889027088881 309.659961313009 1129.54735386372 84.3589763343334 19.0799442529678 530.202724516392 15.9519000947475 213.804570287466 26.7064048349857 115.589965850115 38.7055306732655 3.40755850076675 148.823938131332 15.628756403923 55.9564577639103 94.1875007450581 1.46450281143188 91.0235449075699 1279.15555489063 139.156681209803 507.385735541582 263.54110711813 8.93996638059616 79.7274925112724 7.14741939306259 216.415050446987 15.8208083510399 248.703535676003 22.1455958783627 3.3588162958622 10.4838211238384 70.0554988980293 321.946828812361 86.2272329926491 272.038154810667 2227.6139934361 5.6582433283329 54.3682391792536 174.945820063353 2877.94108781219 406.612424582243 603.493277430534 1.41716861724854 1.21485862135887 50.9366494119167 213.562138855457 47.7038824856281
2.09638392925262 2577.46477404237 17.1860936582088 0 1.74545562267303 1.12188795208931 9.55309614539146 11.4803705811501 519.961980834603 4.05432718992233 2248.97036424279 7.37284910678864 9576.66825479269 10.8811547756195 8.53809487819672 25.167610347271 47.4768175184727 393.611840873957 270.186518102884 1.59135323762894 24.9613998532295 900.322006374598 33.8102220594883 322.017936587334 0 1676.66128632426 5265.98888072371 38.3521811664104 18.4911618232727 20.5743760168552 172.304616719484 3.72634065151215 7.09701219201088 176.311980575323 2.86000692844391 118.37221711874 1478.17535451055 479.484777182341 69.1293158531189 31.3908419013023 1.16941392421722 1450.90141832829 47.7780869007111 250.511658877134 105.664108812809 19.4893537759781 3.40404450893402 1.22085654735565 76.7099669575691 0.634932398796082 112.465375572443 26.9473083019257 0.90773132443428 0 0.947148263454437 4.87430456280708 2.21874016523361 6.46799847483635 1.91216105222702 325.431832760572 0 648.373065024614 0 0.304618388414383 4.48697888851166 27.2957212030888 155.467498779297 106.41219907999 0 3.03457799553871 5.32934951782227 10.5179186463356 4.77956366539001 327.105759680271 677.023348718882 606.591912508011 7.20354413986206 2.21035298705101 2.24183422327042 35.5418187379837 0 0 30.8619958758354 1.71836340427399
135.028296709061 808.220942646265 13479.2171297371 11.4044694304466 3.41614204645157 141.401461392641 460.030326932669 284.829676121473 135.086775839329 111.673980414867 11006.92732054 35.138442337513 7494.22368425131 584.854683279991 6.12178483605385 167.156517773867 9127.7761837244 9866.10568970442 13984.5485518873 13.5139013230801 981.289769768715 244.867144078016 4001.36183544993 231.551816791296 1676.66128632426 0 44114.0467758477 500.816890507936 339.490062236786 906.495640724897 2511.92097616196 10.4182235300541 45.2548570334911 3342.77614980936 88.9550061225891 4131.05679750443 6899.28233620524 5837.5677537322 2044.77253425121 126.619921863079 37.3848242759705 231.582108199596 334.413266658783 396.986563950777 518.659188449383 154.585144132376 15.9953101873398 2.11179834604263 60.0163522362709 10.5054057538509 329.564572781324 260.340556919575 1.80649638175964 0.638474345207214 5.13658359646797 35.4262862503529 3.09882998466492 11.6641740202904 3.75179946422577 516.821643769741 1.80069607496262 860.81961029768 20.7778911292553 1.36015129089355 37.2986916601658 289.428876638412 343.379409968853 712.88645029068 0.895006835460663 45.81534537673 28.6056429743767 147.748114436865 25.7173401713371 513.555622816086 3205.50983893871 3698.48675251007 43.8956137001514 12.4656136631966 46.0259760022163 81.0191136598587 0 5.59070616960526 174.654327571392 33.1319523751736
148.013164192438 5359.33264106512 12026.367449075 19.6966963708401 10.3494642674923 159.274504184723 1062.60600933433 252.088582187891 1530.09786388278 198.256462424994 4638.91596308351 67.2277866899967 11188.2969183922 460.288803905249 66.8007996380329 12555.9966389835 6097.62653192878 1556.77839154005 3465.401994735 22.8980438709259 3146.27989143133 5305.35627278686 23312.7294761539 4094.29013082385 5265.98888072371 44114.0467758477 0 3677.6403375566 403.864697098732 1174.84238632023 2134.06571114063 13.8434356153011 111.490364611149 5027.66138154268 373.017943441868 14804.5782132745 7804.54190778732 10621.7390326262 5813.93699982762 905.232475668192 120.661781609058 221.543598413467 1484.33662742376 934.863567352295 1418.51040664315 593.364072233438 81.7669277191162 4.19235557317734 69.4510576426983 23.4307942688465 1052.99627092481 2318.18348869681 2.07401418685913 0 13.5117889046669 170.885960519314 22.3868937790394 36.4638326466084 20.2187235057354 567.541385471821 1.33565449714661 981.974494159222 44.7819278538227 4.10314965248108 616.988770216703 1399.26667013764 444.120810389519 1269.09980225563 0.951996386051178 243.674854636192 508.238975465298 1933.6083842814 143.727490186691 684.046804368496 5483.97760540247 10203.8850995898 238.906006529927 43.0644761323929 175.810119956732 71.1271139085293 0 12.1674621701241 510.669433444738 132.656364351511
633.948518127203 113.030355662107 1239.25728794932 12172.5708453059 21.7813602089882 1227.29332396388 24868.013119936 810.108018428087 3084.98426279426 12187.6209643185 68.3136399686337 904.077034324408 29.9082467556 1401.08739504218 159.279335618019 3505.71431532502 333.35974702239 21.9964326620102 93.0948349535465 4261.12048915029 10171.6333854795 1694.12950623035 7041.54213628173 27737.007371217 38.3521811664104 500.816890507936 3677.6403375566 0 2250.10466581583 14240.1885175407 0.398386687040329 7.88564547896385 626.770353078842 1533.30929201841 245.231918901205 5523.38405627012 384.292748659849 2063.88087004423 797.608890682459 804.279787749052 169.769989401102 11.1978780925274 488.939905673265 21.4724428057671 201.024320334196 38.8712520003319 108.341861844063 36.3731734156609 1.13383316993713 119.524398118258 14.4621819853783 66.4908339977264 148.280420154333 0.619452655315399 61.1942269206047 1194.11106857657 126.120125800371 421.738513559103 246.161853700876 10.5625403225422 71.7937750816345 4.10263472795486 209.616815298796 8.07751116156578 195.49352145195 39.4204807281494 5.17380583286285 10.7624688446522 55.5678542256355 243.535449504852 63.1421322524548 267.970497697592 1999.85725301504 0.617962956428528 51.5486173629761 219.373514950275 2563.94149175286 372.906446456909 601.572286576033 0 2.43357813358307 64.9026259183884 201.320203751326 63.6081214845181
8089.15299832821 33.3227767646313 164.316116809845 187.340946376324 228.670074343681 2019.19553145766 4216.4558481276 3389.26717182994 871.422138422728 1412.71763584018 585.538282632828 431.972922861576 62.1722443699837 9371.39965108037 76.7279876470566 105.79262599349 537.402265906334 60.6853698194027 213.077259004116 214.904886931181 1034.30598595738 358.890060395002 877.715284764767 1397.30138242245 18.4911618232727 339.490062236786 403.864697098732 2250.10466581583 0 8710.67075705528 6.31494775414467 1796.1877040267 13166.7530765831 4400.37133577466 169.856293857098 2886.48015275598 223.234497487545 1985.42593759298 362.226129710674 624.280512958765 1725.45088797808 28.393820732832 113.166280955076 5.15624541044235 62.883758097887 16.7500977218151 23.1959807574749 13.1622364223003 0 35.4748284220695 3.14267200231552 20.0531956553459 8.49767297506332 0 11.2035273015499 213.363519370556 27.0903332531452 111.139943063259 34.5435223281384 6.28274524211884 2.61051172018051 5.44017863273621 55.8804599046707 1.09706395864487 55.7695688307285 10.2830212712288 1.65785151720047 3.82678166031837 4.00981068611145 97.0452618896961 16.5404716134071 58.3176669180393 430.502178370953 1.02665996551514 18.6881710886955 43.6560565829277 601.367126494646 92.4888435602188 162.097899347544 0 0 12.6424224674702 43.4669804871082 28.4387302100658
4450.98380249739 64.1332743167877 1397.47052922845 46.016004472971 2.73329347372055 464.478916764259 17655.9465484619 1253.80770739913 1458.58363872766 360.578517615795 204.875923633575 54.0425338149071 23.4286176860332 4434.40529918671 23.9944727420807 853.477388143539 2029.90695351362 63.7954619824886 342.437347054482 32.3543395102024 20927.6943276823 992.793891608715 8964.74789911509 2595.753559798 20.5743760168552 906.495640724897 1174.84238632023 14240.1885175407 8710.67075705528 0 5.00790536403656 3.49910065531731 890.029075354338 3958.86954391003 154.66065955162 3550.1972374022 303.019446134567 2373.85356581211 766.2356993258 336.236527085304 90.5896571576595 14.8856366574764 222.995789647102 15.9089486002922 114.292011767626 32.0531290471554 34.5546091794968 22.6500012278557 1.27937898039818 59.086825221777 12.4000428318977 38.3536793291569 7.68607619404793 0 10.4764868617058 296.72620716691 41.0329162478447 152.88257586956 34.2839394509792 6.16443681716919 3.52276477217674 2.86292880773544 78.8343679010868 1.92357414960861 200.204714804888 15.2626773118973 2.22066506743431 16.8638198971748 3.81351777911186 256.115603625774 73.7770462632179 233.905328273773 640.510093122721 2.80949440598488 40.2973378896713 174.397308915854 1063.7384737432 144.487809002399 365.380129903555 1.51559916138649 2.41802585124969 25.1981120109558 108.351246237755 30.620284229517
