0 121.724714416011 101.443431811498 82.4749513904147 105.31543815757 71.4859728646942 33.1352465658991 39.4766262429141 67.4448475283641 64.2842140941814 100.909821476581 91.1544350023231 133.177843062217 24.8689589908056 86.521743662791 93.6905070829119 99.2410198202175 136.715822641772 113.909484823811 84.3105459482663 76.4504148157971 71.7404673009675 88.9799260146665 70.6614463450951 102.344180265464 120.445119426148 126.915508405173 74.3373756979249 23.2342274140948 34.5933314911301 155.161102294922 76.5423780670926 29.4595276680968 59.1566985839719 111.466757213623 68.4478059272058 95.529509290838 70.1778294623171 89.3877381200263 68.2248816687922 59.224437685251 127.535633937782 138.971143759974 173.827674357417 159.363274752381 143.857654526617 151.93765231373 159.549957436442 190.707870483398 144.634528484807 149.809221336167 183.126007803574 150.774769939639 0 144.220835739952 141.54971956588 159.25908748025 78.7996015934345 158.676047852648 160.736810950221 0 202.459214970211 167.085707754262 0 138.934536974571 190.547821044922 171.835845947266 206.604058031744 147.301528930664 135.533161470295 107.490032467487 147.729809463985 114.93985725213 169.686751845392 179.59099354685 161.78868174851 128.181733165107 155.242898068472 133.746827776688 0 0 138.784287143139 151.694360893164 156.942306518555
121.724714416011 0 42.4084607581911 146.810269785228 129.67808603533 122.1824839751 121.878309681344 139.483862144486 72.3779109021081 120.264424462738 58.0745261018392 99.3591649187146 46.5818481552295 119.52271814508 105.461644933324 74.8225136944686 51.6630591162521 64.947251808774 54.0194058769438 133.864862030754 90.3311225678546 28.281845226481 64.7167553290405 78.6886614068371 24.7046762709713 46.7283703068535 29.9213186422163 94.2222332066827 121.153981240482 106.977012985561 67.7882163417614 91.487663269043 115.130372012169 57.4189053020395 125.062796857164 70.3258813603411 41.1632688053573 56.4865356452311 57.8704424609369 89.6164231985496 94.9152383842954 44.9532456655679 92.0637114104974 68.2537347465674 83.7786943921004 88.5084353702601 196.941604614258 0 64.9805954665296 0 34.773037783266 81.491694694731 155.515284772383 141.175735473633 163.85173034668 148.66746023673 164.093795776367 132.463795165058 151.608975179124 99.2926932627386 0 79.1005286479498 156.691547252836 138.483557144287 97.4686728727312 80.1781027321339 96.0706898903868 85.8369698796139 0 127.696006774902 58.1516769865718 106.932548106883 144.675586600462 36.6688297449344 70.9206085787695 69.834579747727 159.492347692914 0 150.300549029484 79.1679928079332 0 0 81.5652213824271 146.54772987203
101.443431811498 42.4084607581911 0 123.872079856004 0 114.054029809859 96.7447780163818 116.6424253196 105.976158252154 111.666115438317 82.3668314792481 139.463453630642 91.1605734805391 113.618318306617 131.444928476887 80.9584808675318 37.935965826244 75.4543955828373 57.3877785909985 124.594565851877 65.8239244595251 63.0044586565126 37.2225689457901 98.222868639375 92.6990737061356 28.942658393495 38.3006341850863 82.3748320138273 114.568942778828 84.2157611999192 87.2475170895766 181.50032043457 104.365638966958 59.1797500795728 141.048590989813 69.9233646162334 45.6387248445351 55.553650026591 60.3075841372167 80.7263847426773 91.5616311855683 118.213197249488 119.33513451426 92.0651066538571 105.001172610867 108.413301201012 135.508143318543 126.087728006362 106.300257314809 166.988083918352 63.8367198425712 91.3236651957789 198.566802978516 0 191.940834725368 166.949475904166 180.882003512274 134.493287302622 203.357382747745 133.535230174344 208.329177856445 108.133626016759 183.822046271281 0 115.336945183245 101.688989925731 135.396236245749 111.846246859836 0 140.535931894085 69.6483701749772 116.081777397512 151.077382170794 105.464294091986 98.5776013723396 91.2257119367566 158.021359104117 199.415355544579 146.193806012586 122.701255974106 0 0 107.805495858471 178.015521550847
82.4749513904147 146.810269785228 123.872079856004 0 92.4081858904837 62.9696862379249 43.7088727863122 99.3081387965341 60.4928919019636 22.4441369982788 147.809457950665 36.6458888268753 190.770075662082 102.106983175206 69.927097690919 95.7951650175519 165.349164446684 0 179.83785820034 10.6714255075335 107.054073140771 91.3449374901066 113.825025337742 22.8542296607742 0 160.769894775402 136.626894307574 16.7031384500696 104.116924203875 94.1188549032896 0 128.306884765625 88.5380561486361 102.843640528501 145.924096131528 97.3509749324393 142.252187889759 102.234341758305 116.581182597698 67.825650455452 105.568676728061 0 97.0805273983346 0 159.76026749422 0 103.819001213068 193.552385042417 0 146.901262507485 0 179.039184570312 24.4254938792556 0 156.095562129512 140.670380693688 155.943920223562 82.4764163138136 144.784511775056 180.498672485352 96.5662803435632 0 177.020662576248 111.819986450989 175.97624206543 196.746459960938 0 0 86.5505556021153 129.585913009995 133.390157092046 182.499677157671 112.279350583931 0 0 184.770191257486 131.96098492237 170.618351038224 160.516315779296 0 0 160.434097290039 162.677100531903 192.870071411133
105.31543815757 129.67808603533 0 92.4081858904837 0 12.5238995913369 104.119247301286 28.2223300042582 46.2979882250312 96.0273589812126 75.5435675189132 48.8093359592381 67.5110503748362 38.2195389158981 17.0635487564488 0 175.501892089844 0 74.3147277832031 85.874619369935 0 89.8872374627949 161.955443110716 66.0409811588735 148.365127563477 166.903060815678 133.785321454567 100.430423044959 19.5323075530456 141.444061198926 0 8.48981078489289 126.125335693359 19.5049275066022 135.638539903954 64.2518397829015 79.2998926845779 44.5851896038872 41.6203710191319 10.4903695584158 9.98565199923674 0 71.5987875599002 0 177.724349975586 0 80.4647973530055 0 0 0 0 0 155.768004557949 0 129.382919311523 131.247268355405 0 70.376613084745 136.295852954866 0 143.639846801758 0 157.831527709961 0 0 0 0 0 0 153.302612528341 0 0 102.266512331575 0 0 174.036328274807 127.352676249124 179.777213106765 0 0 0 137.782012939453 0 0
71.4859728646942 122.1824839751 114.054029809859 62.9696862379249 12.5238995913369 0 50.3694183993588 21.6131209824419 59.0702927969804 25.6003676081694 89.1763031292423 32.5033271861414 88.1923267261047 36.3932561662265 22.9867550398288 115.065064222188 124.81815700897 133.643178802245 137.700483671366 56.0665047189333 95.2397446319396 97.3232918341127 105.516897986533 67.3291055443977 159.713918112858 133.666164815725 133.053648511478 66.8949456460783 32.8602975278834 76.7093882061301 129.661255542886 16.290607565332 95.0294263727271 50.0435163020591 139.386229876275 86.4655510686133 98.0629507897522 71.9150491113739 80.2987233028085 16.7958974786153 18.2631746617223 80.6848235453549 117.207050619216 161.216461484092 162.492677723446 167.389621630798 134.108702037625 176.615040468049 0 146.319642987269 0 188.042244921265 143.616184203312 144.43017578125 151.455719334109 144.530730148363 171.430055207362 87.2910887143006 148.488456123545 199.262967376875 114.014940075784 181.085523004965 157.115672639518 119.495383376931 156.648604134806 202.616463208082 195.958312988281 213.577848061116 136.768540115682 162.778987992767 122.699662236539 167.871599422087 119.188319712611 210.021233974871 170.771018693261 177.669385142113 137.659660356011 162.756764766988 158.891982644416 0 0 154.969590366184 165.449324989096 154.044402682315
33.1352465658991 121.878309681344 96.7447780163818 43.7088727863122 104.119247301286 50.3694183993588 0 60.8521939307384 61.8652993260352 28.5552573972187 132.269909580265 60.3825190840531 116.972361727976 46.9309865507374 76.2342980835142 77.8396551508816 114.231910454047 149.073115552649 132.859216706528 46.3598322657145 73.1976906447451 76.0848631655695 84.8819526883193 53.204355932658 162.959891004244 126.193002093885 105.070768925253 37.7760545583424 65.2020875248907 28.164108794155 153.929673772564 105.165737708676 70.0379797157387 82.8325765713047 140.45195097 83.0891409119359 97.8057906682248 85.1275797092399 95.5071882202098 78.4565109033066 87.5567813036619 131.620316020605 123.452547072031 172.404832228894 151.852254793922 154.013202439181 120.057053730498 153.636090428576 0 133.924896427928 161.617342747753 157.273168688282 139.530811161108 125.128486633301 143.902192344629 128.361903006699 155.294366392671 75.2610585038434 139.872641882953 192.149203150417 101.996746358614 177.019424438477 155.076225948916 118.432266235352 147.41932451475 170.851379152875 181.768492544574 184.378875530765 125.164376425399 140.771087054216 126.804702040997 157.505797616951 108.566004227165 177.625894970639 183.723600028198 159.54725417469 125.029915219966 153.742475770801 133.944863835257 0 0 138.654944087919 145.952627398763 181.411953241871
39.4766262429141 139.483862144486 116.6424253196 99.3081387965341 28.2223300042582 21.6131209824419 60.8521939307384 0 77.1120881583749 51.4477161640544 72.4215224872255 71.2942519984687 70.5148117684193 21.2591136376674 35.0521823554701 118.166204955818 121.835745165514 108.28137087638 121.538937557344 86.893699228484 97.4664641265157 101.341778097645 108.654921244232 88.7476128572042 112.256298499896 125.158399831489 129.470677562856 92.960095329262 35.3511022830931 76.4185617025163 122.395626630554 26.7139915902036 78.2642022202637 47.7270500329347 122.485468646942 78.1006309445487 86.881073199184 60.1473850287796 67.7002810521622 29.8431201825872 24.1279338453544 71.1941439866084 154.402722518403 0 168.195911453172 191.381941334046 162.767102957995 177.955832766195 90.8901290893555 175.566021556634 135.7480076985 173.256997101629 153.90958863043 0 184.413994225728 154.150854118561 176.093912937698 99.6960389154138 159.28703788137 155.009185791016 112.275703565384 159.67048752855 178.616784496275 0 153.454885727814 185.842592892698 0 202.708419799805 148.324639418238 164.384063512214 184.599139957892 183.543800608013 140.277216139796 80.0396423339844 162.74357699195 179.058334341842 148.988139468729 181.610209221679 160.03816096635 0 0 164.564889034833 167.680040097504 156.222990487134
67.4448475283641 72.3779109021081 105.976158252154 60.4928919019636 46.2979882250312 59.0702927969804 61.8652993260352 77.1120881583749 0 70.62145691079 130.192073970289 22.231498460459 117.577099521181 87.4185389177919 22.0356400404182 51.0643309844679 119.936011107875 139.69857502415 136.008445109525 55.0347011192052 74.8983357805436 26.6400992404877 98.21799503327 26.6258697195682 99.5033761014598 124.767831858771 95.1884066457615 54.8790211225344 79.558985935818 62.8083104338778 138.660779519178 107.925378744219 69.2177953831934 78.996788270401 140.071611869059 70.0938389459604 91.7775016990993 84.3570233577554 90.2999139834058 26.2388612766171 90.5998494756711 116.893461492496 74.9834490699357 141.714688146018 114.635507085207 127.737515757729 52.2575745394115 118.46901682376 116.963363647461 86.7397193694486 96.0263989512408 129.817607086747 83.8393945025225 81.9244780755706 85.6025759101477 83.7881014572479 111.952484932272 23.3860832828606 87.5733784938999 161.968386791862 26.7253377735659 137.87282174226 106.824315986738 58.6585167962505 95.4601487724609 131.651162942684 0 149.503478098497 62.5775849356824 101.65222124061 62.3824070698235 113.628456247156 63.4499568960107 141.683626117557 146.263102931996 128.823790084264 81.627735173799 99.4469237306323 90.0025736718173 0 166.805267333984 87.6783065685174 104.328499050727 156.531710550742
64.2842140941814 120.264424462738 111.666115438317 22.4441369982788 96.0273589812126 25.6003676081694 28.5552573972187 51.4477161640544 70.62145691079 0 132.471522552932 23.9137862363289 125.996312326829 64.3994594948561 70.9871347299795 101.891698449753 131.544292947667 171.06557337378 162.427840169517 17.2871671444374 92.7690821473074 92.8437757711001 102.54792647775 57.3955297025261 148.629986277515 143.975914835109 133.628160813678 32.6002858156237 96.0661740677494 83.0652505801576 164.094499735493 115.763331107455 88.6525870174794 98.2765283873056 149.460429191867 98.1507166706123 122.854255870612 98.6943127571295 108.275180723349 73.1888589071883 97.5561384409359 127.581544113046 110.185202159667 208.387756347656 163.38822481201 181.30126640638 112.063462787147 172.280060966807 0 145.002017464845 185.387947002316 194.561414011666 113.880875812814 141.742946366901 155.532993898818 142.086320478416 162.444845079679 85.1207297540818 148.28165625812 209.721892155795 53.2012196404561 0 167.547120111545 129.130704776862 155.723718240717 184.856390753715 0 226.094543457031 143.944491551016 167.847844839181 138.828974237884 177.591804073605 120.374314157148 166.72052748179 211.198502680507 183.145142472908 139.589664262868 166.349276228731 150.097125332216 0 0 147.294066847268 155.323819199154 188.424220943034
100.909821476581 58.0745261018392 82.3668314792481 147.809457950665 75.5435675189132 89.1763031292423 132.269909580265 72.4215224872255 130.192073970289 132.471522552932 0 125.186591041114 15.3398553382217 75.6962594927316 103.224142064671 117.858048098781 48.9374389778649 23.6028215232811 26.554113723695 136.151775200915 96.2307957053328 101.059670260303 87.1725513629933 134.040734225838 29.1948853290077 30.7540005181676 47.5737712327119 136.26682998662 73.567698642713 103.665133669552 22.1450283115917 54.0697297711084 93.54388156668 22.1923856670947 132.951952229084 78.6768610930414 21.9437103421473 24.546454523069 44.277034971947 66.3328164439579 49.8234112074594 17.4665013772461 155.559211313811 65.3234273386502 103.800109093662 119.312608128516 0 0 48.635628986254 0 69.420302583095 152.237512513263 0 0 0 195.67170316119 154.341918945312 0 227.420173316122 79.657877699448 137.785705566406 69.8718258798031 174.137972468436 0 156.398875818638 126.72628728312 95.373015429006 102.818240526515 0 181.769095434255 115.767959594727 155.295784188367 179.152708298684 56.8898838534478 95.0593529593845 95.1972142295393 188.446909995487 195.512872670718 181.70088329975 89.5003774363445 0 211.351211547852 119.233785639013 166.015608573533
91.1544350023231 99.3591649187146 139.463453630642 36.6458888268753 48.8093359592381 32.5033271861414 60.3825190840531 71.2942519984687 22.231498460459 23.9137862363289 125.186591041114 0 135.675688977717 85.1915403392756 17.7959519252161 94.3928537992439 148.501333960935 146.292427528169 173.800573221938 13.9031534640009 128.604296060921 64.0334324322431 133.226352384693 25.3750868061938 124.075390958095 158.667270503504 131.88389982193 53.1970371239472 97.1427159714006 102.52025722472 162.959886824621 97.8256337510431 96.9177065076769 97.9155065336495 150.464769951335 91.5106659663005 129.956893270445 105.334607415605 103.348930900911 26.789048578142 91.3361280288287 128.309357615491 64.0809057154481 0 140.171238400682 188.323917400026 78.056808929946 0 0 143.680812551571 0 196.964996337891 101.713930577273 93.8074645996094 109.360723587855 111.563898238744 134.308734367122 57.3132171896263 114.647431069041 0 12.0647660812541 207.474563598633 135.796697583891 159.70768737793 138.041941968873 0 0 0 52.9760907099213 124.008865307419 106.755271911621 119.354844759863 94.4167177319975 0 230.234573364258 152.762978802036 110.68582764302 163.863761529473 143.286389885056 0 0 201.787490844727 120.925333453404 0
133.177843062217 46.5818481552295 91.1605734805391 190.770075662082 67.5110503748362 88.1923267261047 116.972361727976 70.5148117684193 117.577099521181 125.996312326829 15.3398553382217 135.675688977717 0 83.2125347190973 139.891946653057 126.771461974553 79.2230692441946 45.8209364869555 58.8573742621095 178.948332498103 129.576223362245 87.2048322630874 112.475864992286 127.79834299581 16.5393472006753 16.0662656820106 20.4254078500337 129.91536583801 86.7308362198074 128.327463158317 7.64763137445795 61.1475450737727 82.645965838023 27.2719647834098 84.6839881392293 23.8118057022963 26.8539576161672 20.7604658908882 16.1130485892995 58.4347878912172 17.6582302791918 15.1660699066337 97.7898434262329 48.8570375692562 75.1809222667184 50.3614447540606 123.788040161133 62.1150249271074 37.6751630885128 174.051020674756 64.939613109063 116.024979480365 217.534652709961 0 0 191.444426971336 125.473442794521 125.2705781551 158.19499206543 59.1061344520458 169.674255371094 59.1730079202526 137.06293089761 148.005218505859 170.675277709961 119.983659034111 84.2772302780252 93.1503031817709 0 146.562581183457 134.345373484615 148.838357822577 177.389574439558 45.6274653602807 83.9173347238035 86.580287591311 178.338715975438 0 176.539808122863 81.626062167744 0 0 103.510503621346 91.6442856543203
24.8689589908056 119.52271814508 113.618318306617 102.106983175206 38.2195389158981 36.3932561662265 46.9309865507374 21.2591136376674 87.4185389177919 64.3994594948561 75.6962594927316 85.1915403392756 83.2125347190973 0 45.7612981789203 119.842436450442 111.862278464629 115.638067083987 118.475427400477 94.2471536086394 90.0766694956702 96.976221196947 102.043410686444 89.7749724381287 100.342807820186 121.749519330643 130.030403212433 89.0637039693352 35.001554373797 63.8939473374379 109.460427566696 23.1984916976271 58.1256720197676 51.5209291314694 121.459645758792 78.612874283413 87.9659074024391 65.3965496703886 79.4634682037041 45.4111843596396 36.8684769407408 73.022020965076 146.55345230326 171.558782829381 181.529583664629 151.250192893881 153.468022438439 167.102343547586 0 163.180511054854 141.98529562961 179.329530717732 140.76715451154 177.491232566197 194.727379933231 159.944541571356 184.693577932632 102.769875393094 174.498926834294 189.288808286639 106.22111314628 143.723159639623 183.325841499187 140.90449248756 151.326370362404 198.443063483529 188.933149702807 203.149442083685 181.273488711913 156.861819338784 138.076384249284 170.53339509126 139.259593192442 145.374102033435 182.624909624186 171.985562993659 151.823986459777 172.577677231618 153.822169732223 0 0 165.421188615978 173.091943816287 164.937070711857
86.521743662791 105.461644933324 131.444928476887 69.927097690919 17.0635487564488 22.9867550398288 76.2342980835142 35.0521823554701 22.0356400404182 70.9871347299795 103.224142064671 17.7959519252161 139.891946653057 45.7612981789203 0 0 148.678194622525 0 186.377422974161 56.4616971265064 111.537793088609 71.3639590378823 129.426251081853 40.8741577186168 138.962421408227 147.860096012663 128.93544792992 80.1127318478753 64.2265403065133 99.5139455707588 0 44.4851342269151 100.625854799022 80.9475294311147 116.00166431094 41.7404387224836 118.975485002991 88.5634580861012 98.9487668790063 10.7220027640127 46.7890878916936 133.200960523822 76.7991502203863 0 127.630158681034 205.204796104906 75.6927917913774 0 0 170.430849523443 120.477684020996 0 123.96345094489 105.246391434975 122.052320646535 114.585905877312 126.718118760533 63.6112123324773 122.84127136733 190.649658203125 73.4324698537675 0 136.601440429688 0 125.956054859381 0 0 0 104.420069414577 127.106492531076 123.420189632432 158.236143168356 93.2146304616561 0 0 195.332732396119 114.291712441792 157.442160417555 143.363069660777 0 0 0 149.696243286133 0
93.6905070829119 74.8225136944686 80.9584808675318 95.7951650175519 0 115.065064222188 77.8396551508816 118.166204955818 51.0643309844679 101.891698449753 117.858048098781 94.3928537992439 126.771461974553 119.842436450442 0 0 99.4491369905946 129.537061211154 116.359850078949 123.310901690675 23.5575277664343 34.8424053066945 20.5224113069453 39.4123308211703 110.979566651252 108.812366102142 28.7274402977345 40.2477652416606 100.822328301271 75.7238817175906 0 0 85.2274340957486 70.9242942365411 137.184090743346 68.235570354093 51.9600875463769 71.0569973062813 72.2617568417752 79.7552010532191 79.216033449763 134.053267076199 111.700049786555 96.3010264765501 111.897561677249 110.088949491179 113.90780789147 113.540269460169 0 122.666867102567 99.1949793433075 110.089791353857 152.921653867108 0 159.183851231801 139.715214768228 174.425405235787 86.1266682923383 155.725702013044 163.184070934199 105.327781677246 164.709594551958 150.002094358886 0 90.3701776458914 127.229818488361 181.303079241379 168.599575785931 123.98511505127 106.420982314967 60.2554184471274 100.287600904925 115.98690776278 150.522291076842 142.11831088856 101.503043447383 117.724916025537 126.866834653079 112.193352292197 198.893844604492 0 116.555053203292 109.392949881514 164.353669355096
99.2410198202175 51.6630591162521 37.935965826244 165.349164446684 175.501892089844 124.81815700897 114.231910454047 121.835745165514 119.936011107875 131.544292947667 48.9374389778649 148.501333960935 79.2230692441946 111.862278464629 148.678194622525 99.4491369905946 0 48.9936171524462 23.0184202641337 180.319578060596 59.0219058975088 88.9693031604963 32.1352971204341 124.996298387762 72.215637876247 33.712718493968 64.4876313054906 108.947871173069 97.246222870361 70.2122815628355 81.5952618041323 131.583154653316 87.8514098367879 37.5511997385261 146.625136551804 80.554802537641 43.4411373228556 51.3132415873548 70.0467257964405 95.7285993604516 103.659386496254 67.3112844125808 134.811924840996 103.459348634298 119.72213367475 130.85924819989 131.233523855122 0 122.024160959597 173.185550778696 78.6187567416489 113.228667479329 0 0 195.061888610301 175.28084550596 192.256033202502 145.44629833658 201.279533855454 128.432503089149 0 115.813505223482 184.376802748277 0 135.032518464066 113.015270764512 136.322082461044 115.731203674966 0 160.177869749795 96.9462277939287 144.36780220355 180.789237720402 91.553389359847 104.706465049568 104.46507228951 171.292993821137 170.634633709581 166.707953642904 87.4534072875977 0 150.85969543457 129.10694651164 168.299575872966
136.715822641772 64.947251808774 75.4543955828373 0 0 133.643178802245 149.073115552649 108.28137087638 139.69857502415 171.06557337378 23.6028215232811 146.292427528169 45.8209364869555 115.638067083987 0 129.537061211154 48.9936171524462 0 17.0705433950849 184.210033969117 108.056636153075 108.039276336986 94.3500005918231 153.599142077217 42.9019166191282 23.6896725509913 56.8770417035975 147.560115869099 114.557404237771 117.461650484545 46.0314520733761 95.3594045618904 124.359906043825 54.2050853357305 161.760472625494 88.7396687875825 43.1453724590429 52.4674791743516 67.5877202414641 93.2684799888361 80.9462835929908 53.8955368411409 144.743663046871 79.9749102518219 110.437560475747 133.106609301411 0 0 74.6134291054804 178.983123779297 87.1142227635151 140.434324993904 0 0 0 234.85046532616 0 155.692858277102 248.553619384766 89.5954115803365 0 82.4721112811294 0 0 175.742088657922 139.384806077922 99.7688670536968 110.015215920137 0 188.570151862454 101.048942565918 183.607655717805 195.133443719643 65.9188762954686 98.0328730296214 100.968865213019 108.28150824652 219.470740752798 186.236338133437 98.0728274118086 0 0 128.004237015324 152.082991343145
113.909484823811 54.0194058769438 57.3877785909985 179.83785820034 74.3147277832031 137.700483671366 132.859216706528 121.538937557344 136.008445109525 162.427840169517 26.554113723695 173.800573221938 58.8573742621095 118.475427400477 186.377422974161 116.359850078949 23.0184202641337 17.0705433950849 0 155.10621950019 90.1501222309985 102.360367493429 69.2801744805323 134.545707277061 45.7007006743282 27.0294271209386 58.8947589874309 130.739437489211 111.232768181972 97.5690093764257 64.285314343728 94.7715769722398 109.169706505652 43.4564881964857 147.913745074355 81.5312109774366 42.6343019356633 50.0217701506437 60.1800370332755 113.416164727824 111.094652281196 55.0746054589288 141.026407764217 100.650719802907 113.798590997557 119.636689417382 173.578308105469 0 90.0586539237552 171.587462287966 71.9624247734613 134.554991094051 0 0 0 185.044303238292 198.701130337592 145.937915449728 0 100.194606204894 0 86.2326395818292 190.461105876368 0 156.681298363858 121.082475741473 99.9560471817366 109.959545367205 0 156.613470028422 114.133223072863 157.427066520575 170.707577573866 70.8183889177491 99.2353384133886 100.384106793304 187.439267800027 160.198651239989 195.872472413332 100.851780490878 0 179.268981933594 113.19666855866 151.02704840475
84.3105459482663 133.864862030754 124.594565851877 10.6714255075335 85.874619369935 56.0665047189333 46.3598322657145 86.893699228484 55.0347011192052 17.2871671444374 136.151775200915 13.9031534640009 178.948332498103 94.2471536086394 56.4616971265064 123.310901690675 180.319578060596 184.210033969117 155.10621950019 0 134.221210656843 122.309321542911 113.878206961538 18.7133319553833 184.102905050818 165.902041968894 143.665988747183 26.7565508682698 98.3980830663952 98.161816102725 0 124.726228950001 96.2925492206749 102.534806360558 144.493607438941 98.1688399273367 150.986502609812 103.55550452938 107.148880099795 61.9844464713927 102.982177448716 122.904299724727 86.7378228174546 182.132982609445 157.448397688763 150.256500244141 102.506179001318 0 0 166.652902837546 192.265166255403 0 56.0953281743466 0 192.396316207925 136.716807377284 153.12045513639 79.6789053692367 141.452681941122 0 60.1021291651491 0 158.795457337618 119.164480039737 154.234878540039 0 226.941955566406 0 133.637449579491 0 0 172.57977067429 117.180134174616 0 0 188.429281325722 135.542493999542 179.333143136448 146.210514824241 0 0 152.732925415039 147.035232079378 180.757797241211
76.4504148157971 90.3311225678546 65.8239244595251 107.054073140771 0 95.2397446319396 73.1976906447451 97.4664641265157 74.8983357805436 92.7690821473074 96.2307957053328 128.604296060921 129.576223362245 90.0766694956702 111.537793088609 23.5575277664343 59.0219058975088 108.056636153075 90.1501222309985 134.221210656843 0 55.56039937363 37.9203902740098 50.7023061341412 121.997607879467 92.422609207387 76.2097129705194 34.0493127410688 79.3524783420681 33.0131080012823 170.61070638459 143.40633056743 67.9394999335429 43.8264715474715 130.908749373733 63.5957048600858 59.3386948382489 61.0890552467292 65.8196077146779 74.7210399805102 79.1761904485321 114.972427846686 129.380774514496 120.648148721623 130.996998932499 132.837295521056 137.404696381633 141.877573677328 0 128.032045640413 108.19116120445 130.452222094248 166.381759643555 163.975128173828 173.11480921468 145.332853956558 162.212097542091 87.4776448268656 163.144750585587 184.68259113151 146.660322748784 187.801831820974 153.889928241968 125.940277099609 105.703923126437 139.44245599272 191.914989884262 173.923702790746 142.858224050352 116.479090605383 84.3879843464741 120.17390013373 117.876403596318 147.298706054688 156.009651497164 125.493695276971 123.54594351543 135.858476803763 119.275331171665 205.837951660156 0 124.762587852064 129.620268377585 169.641555586959
71.7404673009675 28.281845226481 63.0044586565126 91.3449374901066 89.8872374627949 97.3232918341127 76.0848631655695 101.341778097645 26.6400992404877 92.8437757711001 101.059670260303 64.0334324322431 87.2048322630874 96.976221196947 71.3639590378823 34.8424053066945 88.9693031604963 108.039276336986 102.360367493429 122.309321542911 55.56039937363 0 56.5248886703519 37.022411600171 67.934992057401 96.980504571179 44.2856632704496 53.4506190478074 73.8025183681124 60.3049801318375 103.009664669308 142.257355973653 62.4058158520013 64.7914359839279 124.543340322507 60.6142237782211 58.3036342335039 64.9340308924576 65.9951627478048 67.9445958659244 76.6222563735152 87.6069911080768 91.941984916558 100.444394504648 94.814361523884 85.8555298138594 92.7650647586563 114.139707925284 88.5037612915039 90.9345099155025 72.7425192890694 88.3857492823514 165.32757759511 0 135.159895077581 103.57787384801 118.151848813447 39.3988809847783 124.505066976786 135.631034397556 97.549646237717 118.384771162564 116.296314765491 0 65.2252797020227 116.403107197643 137.101501464844 133.631857074336 188.850586339854 77.6343348987839 44.0152451174334 82.7150737026667 76.2508503030243 106.884119088721 118.820127551277 84.6939372584396 80.5625815969784 93.880074699134 82.9435039013759 0 0 75.836275955967 93.0974092139352 148.451130023164
88.9799260146665 64.7167553290405 37.2225689457901 113.825025337742 161.955443110716 105.516897986533 84.8819526883193 108.654921244232 98.21799503327 102.54792647775 87.1725513629933 133.226352384693 112.475864992286 102.043410686444 129.426251081853 20.5224113069453 32.1352971204341 94.3500005918231 69.2801744805323 113.878206961538 37.9203902740098 56.5248886703519 0 74.9080000956932 109.858991568219 67.063259644938 46.8694261327227 57.4946157950401 95.3976427203323 60.6688506391467 113.307121283342 163.209889202283 84.2868428161779 50.7750076823766 134.411920077634 65.9609937721625 47.0865493348824 58.2558797124719 65.5930097462524 77.2199101915134 85.8244843425528 118.510852065555 122.14437701747 105.89111019541 114.768434778597 118.821319765776 137.869175068474 145.130645548733 140.5247497385 152.646755431522 82.0372639430401 104.926432696123 178.174507980106 223.347122192383 191.290530224297 157.05084377456 186.70880586282 119.727710499783 175.694765012371 162.015550691423 122.424110412598 142.919520555248 165.111279561402 133.3740234375 97.5315594767887 121.40343027134 176.309481160388 142.357182317836 0 122.185493904074 75.4281396933016 110.469193313017 134.377546857973 131.306148842905 127.801765155064 104.790512067179 137.576345556887 150.220107254495 133.316827013611 165.175445556641 199.925268057751 129.951584042963 115.458606494776 153.588388965292
70.6614463450951 78.6886614068371 98.222868639375 22.8542296607742 66.0409811588735 67.3291055443977 53.204355932658 88.7476128572042 26.6258697195682 57.3955297025261 134.040734225838 25.3750868061938 127.79834299581 89.7749724381287 40.8741577186168 39.4123308211703 124.996298387762 153.599142077217 134.545707277061 18.7133319553833 50.7023061341412 37.022411600171 74.9080000956932 0 108.296877530415 126.124994284844 82.8005837466281 21.6347574494334 84.0081229254083 67.3339519607566 152.360440838204 118.311958559658 73.4879557855536 82.5629314828485 139.2950424649 77.1746035872787 94.2174266464201 86.6976542080246 91.5102864277897 49.7469426493912 91.0163943745948 128.449404116043 103.566372543896 147.700748827052 130.179129566809 138.636366582886 105.882492962972 142.929700940187 132.504319048285 119.866337515453 125.428378478645 142.297314332367 112.996959011401 103.039978027344 126.672583043283 113.867952832724 139.170699413962 59.7285776673339 124.766342805002 181.587286223651 82.8319637373788 182.302332481229 137.138381452056 94.5739868278354 105.42969933208 154.819603048565 184.672237563608 187.202857662419 111.527331823952 115.893372333809 87.3456156900696 125.800296182661 92.4564643424148 184.615670655774 166.189071597342 141.242830138284 107.048444592582 132.925261655107 114.686849091548 187.853805541992 187.674495661414 115.68364872412 125.947483077727 181.886415700082
102.344180265464 24.7046762709713 92.6990737061356 0 148.365127563477 159.713918112858 162.959891004244 112.256298499896 99.5033761014598 148.629986277515 29.1948853290077 124.075390958095 16.5393472006753 100.342807820186 138.962421408227 110.979566651252 72.215637876247 42.9019166191282 45.7007006743282 184.102905050818 121.997607879467 67.934992057401 109.858991568219 108.296877530415 0 36.6609209381875 26.6696798271732 131.16262992982 103.161690502129 131.738763115108 36.0464014946037 65.1708913450466 122.894908669215 50.1849792057806 116.591653369091 85.6888221227273 21.1356533042074 44.9702073414107 62.5492374344075 121.785911086907 49.1449966430664 16.9524329621619 106.503704483806 47.4126632355775 75.0282944479087 96.7272189505334 126.319365159473 115.849563598633 33.451354678377 139.583206176758 35.974637039305 87.4803762542329 185.410146916339 0 183.345275878906 166.711195120141 141.812075130688 122.224939442421 175.302138387786 60.0709945786903 0 48.6084737948352 0 149.817687988281 132.801536776617 90.6901818487132 69.8462229059396 76.63481880417 0 129.841964798141 89.9506601280292 124.956819442965 150.496606943143 30.8570361786088 67.657298383951 64.6253600642166 172.798156794663 176.229587487091 174.230654889136 68.5134274126496 0 0 75.5240892233385 149.658782958984
120.445119426148 46.7283703068535 28.942658393495 160.769894775402 166.903060815678 133.666164815725 126.193002093885 125.158399831489 124.767831858771 143.975914835109 30.7540005181676 158.667270503504 16.0662656820106 121.749519330643 147.860096012663 108.812366102142 33.712718493968 23.6896725509913 27.0294271209386 165.902041968894 92.422609207387 96.980504571179 67.063259644938 126.124994284844 36.6609209381875 0 30.0272108828827 115.100063730579 116.466642564855 105.736255358905 18.9825522303117 114.625437975049 112.258619459529 55.3303173621905 145.586833550186 79.3809221450447 42.8417107873385 54.9141196047641 63.7007755454598 104.441549008384 93.8149165014732 53.9550498168989 125.666703624688 86.6349569764094 103.645638559068 119.169728695316 143.077756871571 156.063704031463 78.9704068013249 169.244043628793 67.0944040489303 107.146067965359 207.733361543689 196.275726318359 167.517684453683 182.825413968932 192.925190800565 158.999362341488 190.707427259605 88.9552031970091 200.688787688501 80.3419335886122 179.024281739451 193.112091064453 147.949636186776 105.629774559368 97.0092335875525 99.7572475142821 230.680099487305 162.255764356694 115.02375052557 141.42886193741 175.218732054766 64.7425084537374 90.5825777459387 90.4002638692932 188.202518471597 179.305179562181 164.22456404413 95.3824511667259 0 163.306710196504 103.011748842674 154.895252667426
126.915508405173 29.9213186422163 38.3006341850863 136.626894307574 133.785321454567 133.053648511478 105.070768925253 129.470677562856 95.1884066457615 133.628160813678 47.5737712327119 131.88389982193 20.4254078500337 130.030403212433 128.93544792992 28.7274402977345 64.4876313054906 56.8770417035975 58.8947589874309 143.665988747183 76.2097129705194 44.2856632704496 46.8694261327227 82.8005837466281 26.6696798271732 30.0272108828827 0 80.6981327997591 122.692888786333 103.572133915331 20.6370553943518 96.0595933699686 108.525254550445 63.8309684106367 144.947901113138 77.6885424632234 49.2980887100396 62.7219259639211 68.5711984111749 90.3950404037157 91.3129653432316 59.4079648338762 117.804413110043 88.9528164049141 101.548983138642 110.097300990601 136.840333310712 148.268298484244 94.6530179414942 159.299160831271 56.1952830112292 91.3442795064765 186.22795955863 0 180.432559708787 166.270696906171 181.802845165279 152.240739732885 183.313754780395 92.4123435170284 168.32237603489 82.0717713666414 177.932201130704 188.565475922828 99.8165844698578 102.003117478142 96.9980216500366 101.413896264161 194.430023193359 134.575213907812 65.1553826770826 110.030533002365 145.71571472414 65.6538639498165 90.7455868655053 87.4531915157343 145.795360565019 172.063641073571 148.671188128233 96.19003721747 0 144.740247777703 101.926977758892 165.151820714186
74.3373756979249 94.2222332066827 82.3748320138273 16.7031384500696 100.430423044959 66.8949456460783 37.7760545583424 92.960095329262 54.8790211225344 32.6002858156237 136.26682998662 53.1970371239472 129.91536583801 89.0637039693352 80.1127318478753 40.2477652416606 108.947871173069 147.560115869099 130.739437489211 26.7565508682698 34.0493127410688 53.4506190478074 57.4946157950401 21.6347574494334 131.16262992982 115.100063730579 80.6981327997591 0 86.7886117477621 46.9094619562543 114.564865112305 118.74844934318 75.5503789434893 74.984477846669 141.791934812465 76.0548264714921 83.9592722815928 81.3775920196066 82.1756505841824 78.2414917893866 90.8569808223226 123.391731951915 118.196890084544 151.178816740304 140.745403696696 143.63255456952 120.980164168188 147.551371910763 136.700088500977 126.996218357264 149.762233366332 145.508175782129 72.1572933735998 127.763725280762 141.981465440775 125.722370813173 147.266284207431 76.160971731373 139.314811956938 186.691181807554 102.805302232369 215.586665932746 148.480453741544 116.272326575256 114.174295060173 166.162462399648 221.654901055702 177.922830226756 132.667592619779 123.47430733044 97.8833093459057 136.422283955736 103.977469372305 183.835159301758 171.712974170261 143.828857791467 118.117812040066 140.028377677149 121.890514680205 0 187.400143798486 125.103642816657 135.834337520462 180.895340117579
23.2342274140948 121.153981240482 114.568942778828 104.116924203875 19.5323075530456 32.8602975278834 65.2020875248907 35.3511022830931 79.558985935818 96.0661740677494 73.567698642713 97.1427159714006 86.7308362198074 35.001554373797 64.2265403065133 100.822328301271 97.246222870361 114.557404237771 111.232768181972 98.3980830663952 79.3524783420681 73.8025183681124 95.3976427203323 84.0081229254083 103.161690502129 116.466642564855 122.692888786333 86.7886117477621 0 40.5925002495271 107.361542102845 10.7081733225758 18.0071868533699 39.2496954913868 110.561726131548 65.1425967689246 78.3152754246909 55.0183294164014 66.444458032989 49.5708052548019 20.0995584509766 70.4998046843508 144.922607863299 152.634160540254 158.891910674882 153.84800907359 153.806216851677 172.436827029161 0 145.159335842082 158.197782897877 158.311252306653 164.985152252298 0 186.833435131797 151.811477295635 170.042637050425 91.7062039275888 172.097841805756 164.851819426914 126.978474173527 134.775955754999 169.52695443088 124.814586898449 133.559759339669 188.750070035124 178.661744023386 166.048657476664 150.700033681621 135.386368863299 107.043255204855 148.463809787206 129.931593467113 208.936920166016 170.091975303769 163.236426778733 139.676496330547 160.168497510803 143.048013258449 0 0 147.427210421636 153.29560664083 152.526782574093
34.5933314911301 106.977012985561 84.2157611999192 94.1188549032896 141.444061198926 76.7093882061301 28.164108794155 76.4185617025163 62.8083104338778 83.0652505801576 103.665133669552 102.52025722472 128.327463158317 63.8939473374379 99.5139455707588 75.7238817175906 70.2122815628355 117.461650484545 97.5690093764257 98.161816102725 33.0131080012823 60.3049801318375 60.6688506391467 67.3339519607566 131.738763115108 105.736255358905 103.572133915331 46.9094619562543 40.5925002495271 0 140.438064592543 115.540155219467 53.7120474966089 40.1276412746499 131.051542192126 67.2634321517602 80.7804811868008 64.1634764599243 70.9690245803028 76.9511971139451 82.8851696384745 112.639831419764 133.99682308876 152.892867016642 142.542117897908 151.515144051022 138.27743657257 159.328759781962 174.005788817999 131.626443580806 142.010137358064 149.655606144435 166.627379330884 0 170.035486667065 133.173621984165 155.595893284916 75.0293202511862 160.514987192808 193.637130841762 148.013991499815 175.608262914892 154.476341592311 137.636895283652 116.035828576843 158.884733281781 197.40287494458 169.408315279159 149.603437105086 123.363752766762 93.2859588338896 134.222264739585 116.520425938619 155.051960149967 163.94404079662 148.688800830547 122.939913999111 145.388326633975 126.072079265847 185.113976526529 185.72888997228 128.028591158241 134.865176821075 175.830852469829
155.161102294922 67.7882163417614 87.2475170895766 0 0 129.661255542886 153.929673772564 122.395626630554 138.660779519178 164.094499735493 22.1450283115917 162.959886824621 7.64763137445795 109.460427566696 0 0 81.5952618041323 46.0314520733761 64.285314343728 0 170.61070638459 103.009664669308 113.307121283342 152.360440838204 36.0464014946037 18.9825522303117 20.6370553943518 114.564865112305 107.361542102845 140.438064592543 0 99.7047882080078 161.061965942383 71.9690906553433 0 98.0577671824494 45.7422964066393 65.0962938199506 77.7671788322972 83.399787902832 94.2046279907227 50.1897657190663 155.832097032864 66.557090660019 134.385482182541 166.732084448844 0 0 68.7182212477012 0 116.357498168945 140.506942749023 0 0 218.069122314453 0 230.615859985352 152.584808349609 0 87.2678743601349 0 79.4667625573345 138.82014465332 0 159.295229403544 0 98.1911872408593 116.659540600421 0 0 0 0 162.435684204102 66.3799600453149 102.182747737549 100.102335120376 249.533493041992 0 166.583541870117 95.2792410125394 0 0 105.490028861184 0
