0 6.95734405517578 51.8129946291447 43.0310201644897 8.23284795880318 304.674244165421 3833.43159011006 2898.86341115832 226.451744824648 641.137105256319 36.8410021960735 43.8120777010918 3.18062257766724 13932.8839586675 5.44776141643524 21.2171375751495 102.94790828228 3.46801000833511 29.8666218519211 44.0995412766933 281.870684832335 49.5058087110519 387.279310822487 512.061374217272 2.06723994016647 52.3234497308731 77.9171651899815 678.511369377375 16955.0750013888 11312.5461471081 0.659734785556793 10.9052313268185 138.98722204566 438.596083432436 3.62216871976852 245.020636051893 4.24902275204659 165.180120974779 57.6676677167416 73.4199241697788 22.4218857586384 0.677957594394684 10.9343120455742 1.85604810714722 7.87446302175522 2.10756313800812 1.77962052822113 2.47440075874329 0 3.95427656173706 1.75063762068748 0 5.72934085130692 0 2.22385820746422 35.094551384449 1.16194626688957 31.5680592358112 28.9857602417469 0 2.23835465312004 0 9.2731839120388 0 6.67458155751228 1.4746178984642 0 0.66944807767868 0.397976726293564 11.4973457455635 4.10389146208763 12.1813438534737 78.0977269113064 0 1.0767924785614 8.42654767632484 87.4317670464516 16.1210155189037 26.8413090109825 0 0 2.78640723228455 6.0504452586174 0
6.95734405517578 0 344.078427582979 2.65167182683945 3.61268925666809 8.34383609890938 15.5820095539093 9.68786844611168 535.257517680526 2.00196331739426 208.823263257742 3.31069651246071 657.503052532673 10.0364469140768 12.8462452590466 51.4290230870247 587.779044896364 67.0492955446243 349.184238255024 0.365235686302185 39.310661226511 2360.23895768821 204.306456148624 455.674458712339 2574.58891993761 1225.52617761493 6976.75242528319 72.30114787817 21.8277931213379 48.593756377697 19.6990087628365 0 3.62427240610123 196.315235167742 1.41216480731964 63.9987044632435 239.199818342924 258.335677713156 18.5811420679092 15.4873653054237 0 109.649214923382 65.1971138119698 33.2233049869537 60.0948701798916 10.0253276228905 0.714900135993958 0 1.85332661867142 0.467164725065231 206.153405964375 135.012484550476 0.555582940578461 0 0 5.28624802827835 0 5.15927064418793 3.79772916436195 13.028288602829 0 9.49380293488503 1.27325990796089 0 12.7742512524128 64.2459211945534 11.4320958852768 53.9172473847866 0 9.98670959472656 12.5190160870552 49.3708260655403 4.10930034518242 17.4676786363125 267.114797085524 635.620614081621 1.45002526044846 1.60015806555748 5.90245831012726 0.625011205673218 0 0 31.8500792980194 0.427014499902725
51.8129946291447 344.078427582979 0 2.87048748135567 0.390392154455185 19.4868567883968 350.537580728531 53.4741868674755 59.0174743235111 12.2505802810192 79.173529624939 3.41019839048386 14.6740480363369 67.1164672076702 1.15172338485718 98.8852646350861 4708.20937862992 45.214829325676 475.677403151989 1.13311111927032 959.816601991653 476.657240897417 17606.2543267608 153.843138098717 15.6368793845177 11123.8046445847 11462.9054995775 583.207949370146 111.14261636138 777.838107019663 1.57490864396095 1.18958580493927 30.9790789783001 659.66463726759 0.783818185329437 239.390388011932 268.524134039879 488.9197871387 81.0479705035686 7.10969686508179 5.95017850399017 2.56099957227707 214.100954145193 99.9743159711361 211.788345694542 70.2481786310673 14.4020998477936 2.35866105556488 0.678646266460419 1.1175274848938 146.237077713013 476.233670860529 0 0 0 26.5859174132347 0.947564750909805 13.2269691824913 1.71917727589607 7.83439955115318 0 1.23518240451813 8.395093947649 1.16155433654785 70.4654123187065 122.305258154869 4.57832619547844 22.9996426999569 1.23791873455048 55.021236628294 276.164607822895 500.509349048138 45.5272482037544 8.96964073181152 188.727626025677 1654.02307075262 45.2580603063107 6.39806604385376 35.3010845184326 0 0 0 76.6905983090401 3.08378392457962
43.0310201644897 2.65167182683945 2.87048748135567 0 9.35185125470161 287.085863530636 837.096833139658 130.28457698226 576.81809809804 6885.45235705376 1.19555711746216 2251.01429530978 1.52113258838654 111.471847265959 102.25001013279 1.51596274971962 1.6658718585968 2.65235406160355 0 23086.6000103951 6.2631276845932 13.2849503755569 10.6436689794064 2180.42124667764 0 0.47634881734848 12.112845569849 13557.6004330218 114.951456576586 62.0306739509106 0 1.89783424139023 14.749402821064 27.9798891544342 0 76.7547243237495 0.939045310020447 30.5463300049305 23.3492122888565 233.949720293283 17.0497165322304 0 16.0968226492405 0 3.62037545442581 0 36.4330809116364 0 0 1.32853737473488 0.931850016117096 0 277.347717672586 0 15.9000027179718 70.8773150146008 10.5593411624432 86.2887513935566 238.210436075926 0 182.165489494801 0 6.51795190572739 8.16799637675285 0.924129605293274 0.386568278074265 0 0.444212019443512 49.6035450100899 0.468391090631485 1.82496821880341 2.39945098757744 151.999942839146 0 0.353199988603592 0.368623346090317 134.156931191683 2.74858310818672 4.35041129589081 0 0 0 2.13209450244904 0
8.23284795880318 3.61268925666809 0.390392154455185 9.35185125470161 0 6099.30355453491 24.7340784966946 2087.24697390199 85.7814108729362 26.363733112812 31.6131483912468 99.2772887945175 13.7351446449757 308.919358402491 3769.57554000616 0 0.615545630455017 3.74569648504257 3.21460902690887 4.26935052871704 1.82976821064949 1.4086372256279 6.02276039123535 62.9710854887962 0.276129245758057 5.74577870965004 10.5769702792168 16.0845629572868 466.873437434435 14.6450271010399 0.569356560707092 5307.58554768562 3.11479032039642 2010.59542030096 2.70406746864319 65.4637892246246 8.86152172088623 207.361553281546 34.30052536726 9638.05381429195 2733.82431149483 2.89538967609406 0 0 0 0 0 0 0 0 0 0 0 0 0 0.901806890964508 0.325313687324524 3.98052263259888 1.33271884918213 0 0 0 1.37612521648407 0 0 0 0 0.73998087644577 0 0.532079637050629 0 0 1.70889827609062 0 0 0.880598366260529 0.794841468334198 0 1.47841322422028 0 0 0 0 0
304.674244165421 8.34383609890938 19.4868567883968 287.085863530636 6099.30355453491 0 4503.79521071911 24313.2158841789 488.895352691412 29311.3096467853 83.5809617340565 6020.55992621183 15.7777489721775 2437.34941250086 6508.38310757279 10.1107023656368 40.7409905195236 3.2523333132267 17.2280229628086 1065.05459624529 72.2755083143711 19.741562217474 151.002831816673 886.605268061161 5.01900406181812 28.6607747972012 43.1335165500641 1216.85396912694 1224.76092216372 723.954556018114 1.18200147151947 1173.99203416705 18.1391133069992 1076.27449023724 5.53978496789932 304.957287043333 19.2322388589382 498.478463828564 130.920897156 7649.3026176095 716.25926604867 9.39874958992004 9.51740503311157 0 8.47772216796875 0 9.02965757250786 2.97715330123901 0 4.51707553863525 0 2.26640272140503 43.6341825127602 0 9.91537493467331 112.722377717495 12.7905483543873 68.0050092041492 185.571898579597 2.63939321041107 12.8274986147881 0 18.2640344202518 2.60636425018311 2.95278784632683 3.06668865680695 0 0 25.7412881851196 4.00610110163689 2.40799480676651 5.18256536126137 171.582548588514 0 1.95735189318657 5.72461521625519 190.699991196394 21.4465912878513 16.8606590032578 0 0 1.41023933887482 5.5042524933815 2.91734457015991
3833.43159011006 15.5820095539093 350.537580728531 837.096833139658 24.7340784966946 4503.79521071911 0 6199.31112185121 1103.6931283474 22447.7086541057 43.0212741792202 314.611625373363 12.0106497704983 5692.64449235797 63.3185876905918 115.111712604761 207.807473108172 8.52092948555946 47.4958237111568 546.801384091377 801.222317576408 133.864156201482 1574.74150428176 3914.12496784329 11.6409456133842 164.377410918474 349.715308368206 16123.0654170513 3339.72332566977 18336.0492308438 0 29.5824591517448 348.415727615356 834.543191283941 11.8631046414375 1222.02245309949 30.6411577761173 743.945395052433 446.546686649323 325.12394952774 123.019084274769 3.84336221218109 26.8216609358788 4.67523473501205 20.0722943842411 6.76239204406738 33.9299488663673 0 0.913379371166229 9.15311333537102 5.83787879347801 5.28759351372719 87.0050649642944 1.2028728723526 25.0059469938278 232.569320619106 40.0932323336601 146.117242783308 353.510421991348 1.78785175085068 42.612693965435 0.457519233226776 41.4932397603989 5.69971725344658 14.2982620894909 3.32412678003311 0 2.34773874282837 40.1106913387775 24.1138580143452 14.6125776767731 42.5368663370609 422.851822882891 0 7.55126732587814 27.0631552636623 415.873481303453 35.6186161935329 41.5909304916859 0.429322630167007 0 3.54815006256104 15.1550461649895 1.20768940448761
2898.86341115832 9.68786844611168 53.4741868674755 130.28457698226 2087.24697390199 24313.2158841789 6199.31112185121 0 472.160076439381 5082.17635497451 261.188119143248 814.310294091702 59.5413239002228 24264.6895428002 1038.82734757662 31.6596922874451 116.935748636723 17.089647591114 48.8102821707726 224.136722773314 201.52117267251 39.03510864079 351.879153966904 976.102026075125 7.63093614578247 86.2964816242456 100.87038180232 1124.00486069918 3991.96506789327 2577.76128429174 1.62718445062637 1229.0088840723 63.4297256469727 2360.13753974438 8.82312685251236 594.814681321383 56.0893460512161 1021.85155636072 252.737372040749 2413.86911782622 1039.32487010956 23.5020342767239 16.3732688128948 1.3855397105217 10.3355442583561 3.00001358985901 9.88111400604248 1.0535432100296 0 6.25113028287888 0.621836185455322 3.63652205467224 24.9758768677711 0 21.4722616672516 99.2663206756115 17.483017385006 53.5539734065533 113.931548088789 0 5.91008847951889 2.18947964906693 22.655500203371 0.493974417448044 7.1763396859169 0.402553021907806 0 0.738108217716217 11.0116427540779 17.5262603163719 2.18329435586929 16.5309989154339 195.603548496962 0 6.11231112480164 7.10126122832298 195.691490858793 9.36049577593803 21.7358142137527 0 0 2.47117713093758 10.3868380784988 4.65212553739548
226.451744824648 535.257517680526 59.0174743235111 576.81809809804 85.7814108729362 488.895352691412 1103.6931283474 472.160076439381 0 1186.33278733492 42.9102757126093 877.96206176281 185.673612847924 535.879521787167 1340.28130030632 203.943019598722 47.4071705341339 11.8024859130383 18.2458157241344 288.045327067375 315.586112141609 3140.06668639183 291.30418792367 12922.4503685236 262.326801672578 65.6545956879854 1057.49423351884 2724.13612663746 715.52304494381 997.561855971813 2.28807771205902 11.0945504307747 185.272969335318 224.736761569977 9.764264523983 415.958381742239 63.1761825084686 224.914740949869 165.837645620108 2312.24810114503 68.2752768099308 73.8139932751656 53.0245456695557 3.65788114070892 32.0033159852028 7.11402732133865 72.5214280486107 2.21114259958267 0 23.4892002344131 7.07922011613846 6.6845611333847 91.2230243086815 1.51169693470001 16.5543671250343 238.942607671022 34.4892620146275 460.975896179676 357.253447920084 1.15458625555038 59.993046849966 0.287717998027802 52.1244625449181 7.61248415708542 60.2103020250797 6.75000056624413 0.589542329311371 2.0368512570858 42.3356854319572 118.569331198931 96.9195785224438 97.5443087518215 620.296922653913 2.63145190477371 8.64618083834648 45.4150050878525 544.354022413492 64.5001248121262 128.070552140474 0 0 19.2202762961388 39.0720599889755 8.35492622852325
641.137105256319 2.00196331739426 12.2505802810192 6885.45235705376 26.363733112812 29311.3096467853 22447.7086541057 5082.17635497451 1186.33278733492 0 27.1384907066822 23558.7302106321 2.61156338453293 2351.86626526713 169.282438606024 17.6789329946041 20.5025427043438 1.09484308958054 4.71351557970047 17999.4527390897 47.7676464021206 30.3857464492321 91.5456257164478 2261.92431244254 1.87968343496323 17.9274270832539 31.5042099952698 6342.77052089572 998.971790641546 565.390261441469 0 25.4740695953369 84.7600816488266 318.804573893547 2.73784601688385 367.921031624079 4.44138133525848 240.061974644661 126.156077474356 519.106977194548 68.230425298214 2.84263610839844 27.7718316316605 0 18.5149630308151 3.76634818315506 61.4417190551758 1.74887213110924 0 7.75043106079102 0 1.09252327680588 238.536927491426 0 41.6508677005768 254.688913464546 48.178582161665 176.663274288177 727.89847612381 1.14278903603554 208.88227519393 0 38.6841887831688 9.2723183631897 4.93183821439743 0.730272144079208 0 0.574220776557922 113.625052511692 8.35032775998116 6.47801241278648 10.3733505606651 521.551444202662 0 1.00874000787735 9.45857012271881 477.386134058237 16.2736431360245 12.1438573896885 0 0 1.68121612071991 15.9557772874832 0
36.8410021960735 208.823263257742 79.173529624939 1.19555711746216 31.6131483912468 83.5809617340565 43.0212741792202 261.188119143248 42.9102757126093 27.1384907066822 0 10.7559699416161 8345.8575925827 298.59853219986 3.26715418696404 7.28846335411072 449.108044594526 9706.3222925365 5807.8436537683 1.98806244134903 58.5727142095566 90.0096771419048 128.602080702782 45.1033665090799 3449.84389737248 5636.27317902446 3652.0781442523 31.8886873573065 304.348856449127 88.5589736402035 717.413564175367 43.7283377945423 11.2354011535645 8470.93248221278 0.905374228954315 183.042876780033 6442.98102456331 7835.32328543067 148.557803422213 34.7478464245796 99.956474840641 2527.88152989745 18.3547483682632 66.910169839859 55.7721211314201 8.19698524475098 0 0 10.5125263333321 0 45.3429926037788 10.0856734216213 0 0 0 0.530021607875824 1.74913245439529 2.03292417526245 3.87185263633728 137.829013109207 0 369.056003212929 1.08772385120392 0 0 13.6701576113701 97.8031924366951 88.5956493914127 0 1.9468220770359 1.71509325504303 4.7972614467144 2.91135078668594 191.488274306059 416.893174678087 294.351916581392 5.97678649425507 0.754771292209625 2.4488251209259 34.9948365092278 0 0 25.4676025807858 1.59189760684967
43.8120777010918 3.31069651246071 3.41019839048386 2251.01429530978 99.2772887945175 6020.55992621183 314.611625373363 814.310294091702 877.96206176281 23558.7302106321 10.7559699416161 0 52.0808584094048 336.745808839798 2993.104850173 0 0 0 1.58361840248108 21162.0776018798 0 18.295048892498 4.86344808340073 953.694970995188 0.946573495864868 2.5201068520546 13.4928025305271 666.54987603426 152.381470859051 17.7177950441837 0 18.5408941507339 2.15664449334145 65.6964746117592 1.62712842226028 82.5841012001038 34.812317609787 240.151278614998 67.6140718460083 4032.99745735526 166.824334084988 24.4235636591911 6.50412541627884 0 0 0 12.1420730352402 0 0 0 0 0 68.4401345849037 0 8.96547293663025 18.0936208069324 4.23648571968079 27.6173838376999 73.7676455378532 0 813.309323549271 0 1.17714357376099 0 0.685562431812286 0 0 0 104.885550320148 0 0 0.610293328762054 31.1350906193256 0 0 3.29838007688522 18.2806172668934 1.9990348815918 0 0 0 0 0.559590399265289 0
3.18062257766724 657.503052532673 14.6740480363369 1.52113258838654 13.7351446449757 15.7777489721775 12.0106497704983 59.5413239002228 185.673612847924 2.61156338453293 8345.8575925827 52.0808584094048 0 55.4031591713428 1.33113566040993 8.67719672620296 28.7505463659763 418.305582076311 138.635044723749 0 6.01408603787422 262.386008411646 27.0805546939373 78.8279233425856 10036.5674868226 2444.31485438347 6403.03618192673 19.9111998975277 41.7797299027443 15.9067924916744 3750.28492191434 11.5939970016479 1.97587895393372 844.885294944048 80.5768712460995 1248.76340571046 5756.18943011761 4470.92110821605 3075.96886470914 35.7795467078686 511.875360488892 8304.71434941888 48.5899480581284 91.408449947834 52.315620213747 18.5782601237297 1.67774891853333 0 18.4006424546242 0 25.9210135340691 5.59926778078079 0 0.28897413611412 0 1.40891355276108 0 0.363288700580597 0.800224840641022 138.785676538944 0 424.143440067768 0.83404141664505 0 3.56655728816986 5.69741243124008 104.935140579939 61.1935096681118 0 0.246170520782471 2.58906564116478 5.86316800117493 0.985236257314682 204.704310685396 323.250637620687 196.289578765631 0.622696906328201 0 1.02640557289124 64.8921486735344 0 0 152.486674785614 46.1131694316864
13932.8839586675 10.0364469140768 67.1164672076702 111.471847265959 308.919358402491 2437.34941250086 5692.64449235797 24264.6895428002 535.879521787167 2351.86626526713 298.59853219986 336.745808839798 55.4031591713428 0 146.310676455498 26.1402741372585 124.926164895296 17.5129490494728 66.0279261469841 174.795267820358 237.383780866861 72.2498905360699 394.851595342159 983.179923295975 10.6355229616165 107.303965061903 131.443682819605 1218.52099311352 11688.6399597228 3729.05882874131 2.34173327684402 1200.74048271775 134.898422211409 2627.91855943203 9.7714324593544 904.884192109108 62.2851910591125 1156.80765318871 266.800629258156 1017.90490683913 392.659373432398 14.7607905268669 22.1577679216862 1.42062136530876 18.5274559855461 2.93761110305786 5.92599987983704 0 0 11.1236411929131 1.40405115485191 4.94060337543488 13.2786895930767 0 2.0497123003006 107.875038951635 24.3650384247303 43.7063916921616 58.7911077737808 0 5.45945945382118 2.4427245259285 23.1988866329193 0 6.27410909533501 2.22784078121185 0 1.93146133422852 5.66627275943756 32.0185541212559 3.11336961388588 19.7135842740536 199.438858002424 0.889386355876923 5.21084046363831 15.3642328977585 176.836817204952 25.7735186219215 44.0972502827644 0 0 4.6508868932724 15.1601229310036 0.522972643375397
5.44776141643524 12.8462452590466 1.15172338485718 102.25001013279 3769.57554000616 6508.38310757279 63.3185876905918 1038.82734757662 1340.28130030632 169.282438606024 3.26715418696404 2993.104850173 1.33113566040993 146.310676455498 0 0 0 0 2.10242658853531 115.706389993429 3.78442594408989 37.2454221844673 4.10287028551102 699.244508802891 1.09120947122574 0.32503417134285 18.350680232048 122.315202325583 80.4097799062729 11.7546792626381 0 241.267254471779 0 71.1008912920952 0 9.14864474534988 0.852970540523529 12.5503543615341 7.14673495292664 14075.1466248035 73.0156012773514 0 0.789315581321716 0 0 0 2.97225165367126 0 0 0 0 0.382775068283081 0 0 0 1.79340642690659 1.36169803142548 1.31856656074524 5.14230737090111 0 0 0 0 0 0 0 0 0 2.69755983352661 3.30734795331955 0 0.377887457609177 6.68235477805138 0 0 1.18660360574722 6.16006276011467 0.43917915225029 0 0 0 0 0 0
21.2171375751495 51.4290230870247 98.8852646350861 1.51596274971962 0 10.1107023656368 115.111712604761 31.6596922874451 203.943019598722 17.6789329946041 7.28846335411072 0 8.67719672620296 26.1402741372585 0 0 79.0247908234596 0 19.0786984860897 2.86310607194901 9107.60142853856 2648.86007162929 19772.6827977002 2186.76627573371 9.40713143348694 48.3633525669575 12474.9344442189 3385.48444163799 118.006794720888 495.802926391363 1.46440744400024 0 98.6833497285843 469.71837630868 11.4670088887215 1094.60116043687 143.876886755228 236.753860712051 314.234242290258 13.6015974879265 15.9411960840225 1.68545442819595 95.6231096684933 46.6427280604839 68.5203822255135 21.8772849440575 13.3607698976994 0.782558143138885 0 9.78114154934883 7.49813038110733 23.6179152727127 1.09256440401077 0 1.24522876739502 29.5744481682777 4.26113685965538 13.7198424339294 3.167689204216 0 0 0 4.89265382289886 0 207.984344482422 11.2335258126259 0 2.02593177556992 0.362347930669785 146.057117700577 206.489498376846 592.073641270399 106.277361065149 0.655795753002167 11.0776850879192 230.601792424917 90.3974018096924 19.1967249810696 64.3134846687317 0 0 4.5386528968811 24.3834916353226 3.56671088933945
102.94790828228 587.779044896364 4708.20937862992 1.6658718585968 0.615545630455017 40.7409905195236 207.807473108172 116.935748636723 47.4071705341339 20.5025427043438 449.108044594526 0 28.7505463659763 124.926164895296 0 79.0247908234596 0 272.618139177561 7725.86952573061 1.11376240849495 1780.9800246954 196.872461766005 8490.88529893756 84.4628364741802 39.1286817193031 8698.34967568517 7541.12898057699 238.968190580606 269.361178278923 1904.23864084482 4.88132384419441 1.17061430215836 52.1491020619869 1893.2661908567 4.53408560156822 226.112948000431 306.317402154207 960.527997255325 85.1433339118958 8.74919983744621 7.37154731154442 6.85036480426788 95.7521249353886 77.4698797762394 127.133419424295 18.1778307259083 14.8568571805954 3.53207662701607 0.726353049278259 0 146.442700117826 246.382215231657 0 0 0 16.0466583371162 3.40250343084335 4.08981209993362 0.838847935199738 13.5607599020004 0.735787868499756 0.926576554775238 0.708244383335114 0 22.6090246737003 142.492023646832 5.08418011665344 39.5732201635838 0 15.4663714468479 49.9309712946415 145.22213691473 25.4270087480545 20.5497309565544 340.826388835907 900.589500367641 17.86285546422 0.482238680124283 11.3996090888977 1.60295379161835 0 0 57.037605702877 5.27882236242294
3.46801000833511 67.0492955446243 45.214829325676 2.65235406160355 3.74569648504257 3.2523333132267 8.52092948555946 17.089647591114 11.8024859130383 1.09484308958054 9706.3222925365 0 418.305582076311 17.5129490494728 0 0 272.618139177561 0 6008.6615126133 1.17684030532837 17.2084849774837 18.9403340518475 62.7744192183018 11.0103287696838 525.406769365072 3950.01629027724 1296.09070765972 5.54549968242645 24.8398797214031 24.8845999836922 125.50018003583 1.97585391998291 1.13881278038025 464.061569482088 0 38.5960527062416 411.360459923744 727.685664266348 30.1276487708092 2.27324622869492 6.45230728387833 25.4833081066608 11.1579026579857 25.7288052737713 30.1228112876415 5.50554060935974 0 0 1.081711769104 0 15.8120410442352 8.04190948605537 0 0 1.37517809867859 0 1.08676970005035 0 0.656737565994263 59.3866160809994 0 101.452242195606 0 0 1.09974163770676 7.05083340406418 56.3606172502041 65.6098909676075 0 0.955696254968643 1.4658567905426 4.10185247659683 2.21103399991989 97.8259262442589 235.992991387844 218.708625525236 1.14778247475624 0 0 31.528819590807 0 0 12.4859384894371 0
29.8666218519211 349.184238255024 475.677403151989 0 3.21460902690887 17.2280229628086 47.4958237111568 48.8102821707726 18.2458157241344 4.71351557970047 5807.8436537683 1.58361840248108 138.635044723749 66.0279261469841 2.10242658853531 19.0786984860897 7725.86952573061 6008.6615126133 0 0 179.717164725065 65.7663053870201 741.848109513521 29.3557001054287 479.859584033489 14400.3691862822 4981.08805266023 56.0578991472721 98.4815846085548 305.276405751705 39.9797364771366 4.2690337896347 8.03827059268951 1487.35634741187 1.4397206902504 206.643755972385 749.842268109322 1820.17135307193 55.8501914441586 6.20554739236832 1.60645639896393 16.7381747961044 74.4929130375385 59.2874194383621 125.768740147352 15.3040509819984 3.84434455633163 0.917700588703156 0 0 124.407009184361 47.2246263921261 0 0 1.04994463920593 8.15311339497566 0.797455072402954 3.17642360925674 0 68.555684953928 0.86307567358017 72.0427685379982 0.674709260463715 0 3.45214706659317 86.9677176773548 56.3988499641418 187.328959465027 0 10.2988787293434 16.8188569545746 38.1444332301617 3.25484976172447 123.032081842422 797.12875854969 835.409000009298 3.37593746185303 4.23981168866158 5.37301817536354 8.73494377732277 0 0.437393605709076 53.6782603263855 0
44.0995412766933 0.365235686302185 1.13311111927032 23086.6000103951 4.26935052871704 1065.05459624529 546.801384091377 224.136722773314 288.045327067375 17999.4527390897 1.98806244134903 21162.0776018798 0 174.795267820358 115.706389993429 2.86310607194901 1.11376240849495 1.17684030532837 0 0 4.46215784549713 3.76326707005501 5.82644063234329 923.624327749014 1.33321189880371 1.05470418930054 4.76576933264732 3376.48763760924 105.919400066137 36.8620218038559 0 1.67969650030136 11.5670578479767 26.7371776401997 1.04526662826538 41.201396882534 0 32.1157652437687 21.7792168855667 197.97722452879 8.15922179818153 0.495018810033798 4.7564200758934 0 4.73492267727852 0 23.9293252229691 0 0 2.72919833660126 0 0 726.926122158766 0 8.87939769029617 39.8302262723446 9.45448473095894 41.8839648067951 166.541216611862 0 158.384041011333 0 5.53957080841064 3.29426509141922 0.98981386423111 0 0 0 105.957394510508 3.98647710680962 0.89347243309021 1.42387735843658 101.950742930174 0 0 0 81.7705892324448 0.920119255781174 1.97502279281616 0 0 0 0.693369388580322 0
281.870684832335 39.310661226511 959.816601991653 6.2631276845932 1.82976821064949 72.2755083143711 801.222317576408 201.52117267251 315.586112141609 47.7676464021206 58.5727142095566 0 6.01408603787422 237.383780866861 3.78442594408989 9107.60142853856 1780.9800246954 17.2084849774837 179.717164725065 4.46215784549713 0 1120.55415344238 27931.8852509856 1224.5311768651 9.32003071904182 384.544124007225 2018.08504346013 11148.399192512 883.239206254482 23191.8034992516 0 4.8660289645195 517.123085826635 4347.68322750926 24.0787568092346 2678.4942394495 128.605345934629 1144.73713615537 831.079286545515 70.9390104413033 48.5461241006851 2.82186150550842 79.4796026051044 13.9970071613789 58.7732118070126 11.4503845870495 21.0874953567982 0.976456046104431 0 17.9460516273975 12.9584244787693 40.6232119202614 1.56698822975159 0 1.67762064933777 73.8970607817173 3.44780099391937 45.5709846913815 9.83273288607597 2.26144510507584 0.601729452610016 0 26.520505875349 0 186.871751219034 6.8658581674099 0 7.15872257947922 1.5045320391655 209.865525901318 132.680483102798 276.113427728415 197.849016904831 0 17.0381383001804 162.824474781752 215.657751172781 54.9928612709045 174.11964392662 0 0 9.88937437534332 46.4068459272385 6.69127431511879
49.5058087110519 2360.23895768821 476.657240897417 13.2849503755569 1.4086372256279 19.741562217474 133.864156201482 39.03510864079 3140.06668639183 30.3857464492321 90.0096771419048 18.295048892498 262.386008411646 72.2498905360699 37.2454221844673 2648.86007162929 196.872461766005 18.9403340518475 65.7663053870201 3.76326707005501 1120.55415344238 0 3203.937274158 5842.03697291017 636.152731955051 225.599072948098 6177.78401353955 1051.69113668799 222.639485388994 1039.52768540382 13.8923146873713 0 156.587008863688 576.192549183965 10.8091906309128 819.836430728436 228.453919559717 289.643086820841 224.526301562786 103.782437682152 11.8291908204556 35.0706834197044 57.0424856543541 21.4371783137321 47.6488842368126 17.2104546427727 6.174774736166 2.11599397659302 0.473956823348999 1.97966539859772 31.9538508653641 81.6825451254845 2.49818754196167 0 1.04729101061821 27.9244343042374 3.49545451998711 18.3083097934723 12.9107054173946 1.18543517589569 0.750054836273193 5.01756671071053 0.810283988714218 0 183.658881038427 18.4696657657623 1.15384075045586 5.05366984009743 0.478687912225723 130.031132042408 224.613330513239 357.946713387966 121.258909344673 3.1112072467804 51.0203099250793 356.489077448845 66.2576799094677 20.5898068249226 74.178003937006 0.553926646709442 0 4.79734247922897 31.4954688549042 2.26038053631783
387.279310822487 204.306456148624 17606.2543267608 10.6436689794064 6.02276039123535 151.002831816673 1574.74150428176 351.879153966904 291.30418792367 91.5456257164478 128.602080702782 4.86344808340073 27.0805546939373 394.851595342159 4.10287028551102 19772.6827977002 8490.88529893756 62.7744192183018 741.848109513521 5.82644063234329 27931.8852509856 3203.937274158 0 1528.4579847753 25.4976381957531 2556.02480891347 23218.726905793 6490.10096997023 891.10026845336 9138.05476164818 3.15333658456802 2.82744005322456 346.244942098856 4437.00849080086 80.0785168409348 5389.83282020688 1127.71366140246 1990.22623091936 1624.62205970287 113.622062295675 79.5659881532192 5.6682311296463 407.685319036245 145.826531887054 292.64758554101 93.9786405563354 46.7371538579464 1.75466731190681 0 5.86043718457222 88.5597416162491 358.187415480614 1.22078770399094 0 1.94694322347641 107.356390476227 10.511449277401 50.9942468106747 13.165362238884 13.7750723063946 1.38419070839882 0.407365888357162 18.5348947942257 1.36988025903702 664.736034780741 83.1435767412186 6.37419667840004 18.1170588731766 0 339.759613782167 728.565376013517 2189.59665942192 272.914259791374 11.7048692107201 111.575396448374 1915.10062262416 261.29916036129 45.2986666560173 164.664592653513 0 0 10.6182817220688 99.8860633969307 31.1241954565048
512.061374217272 455.674458712339 153.843138098717 2180.42124667764 62.9710854887962 886.605268061161 3914.12496784329 976.102026075125 12922.4503685236 2261.92431244254 45.1033665090799 953.694970995188 78.8279233425856 983.179923295975 699.244508802891 2186.76627573371 84.4628364741802 11.0103287696838 29.3557001054287 923.624327749014 1224.5311768651 5842.03697291017 1528.4579847753 0 173.896085888147 105.785143613815 2447.66967001557 33391.3355585635 1562.67095717788 2426.03350108862 0.825408071279526 14.187969326973 428.587423652411 707.888359546661 10.7576470971107 1077.32816842198 43.2923609614372 585.370473504066 358.702426284552 1367.95599770546 72.8991293311119 5.46842959523201 179.615661025047 16.5764338672161 118.708769232035 29.8097703754902 92.1811649799347 11.7528732419014 0 73.5468416213989 15.4913297891617 29.3762708306313 199.752546280622 1.24987387657166 75.7508235275745 817.142923295498 144.699793279171 612.000163257122 910.658287078142 2.63355481624603 78.4184193909168 0.71830552816391 203.12809291482 7.89954900741577 134.231892734766 10.1043126583099 3.29486200213432 6.19919493794441 116.078392148018 285.516449183226 140.050933986902 247.551657229662 1761.4049513936 1.30993163585663 17.1658539175987 123.60441544652 1675.05727317929 187.063966661692 312.946492373943 0 0.880762040615082 22.5500437915325 108.058904409409 7.66734364628792
2.06723994016647 2574.58891993761 15.6368793845177 0 0.276129245758057 5.01900406181812 11.6409456133842 7.63093614578247 262.326801672578 1.87968343496323 3449.84389737248 0.946573495864868 10036.5674868226 10.6355229616165 1.09120947122574 9.40713143348694 39.1286817193031 525.406769365072 479.859584033489 1.33321189880371 9.32003071904182 636.152731955051 25.4976381957531 173.896085888147 0 1791.74349820614 4987.12622065842 23.9296481609344 9.55777664482594 18.3281426876783 246.250097990036 3.38279628753662 0 316.697730392218 0 54.3006994128227 1613.45199987292 655.918460190296 26.232924580574 3.82116737961769 6.04026007652283 2029.19186577201 30.7359247803688 110.527786076069 94.9042955040932 14.6924268007278 1.94281351566315 0.389543861150742 36.4035666584969 0 83.1351756751537 8.21910616755486 0.32060033082962 0 0 0 2.03177082538605 0.87598580121994 0 175.642043173313 0 460.76518073678 3.28576415777206 0 0.609870553016663 11.393615424633 161.991136908531 135.862313717604 0 0.911980420351028 8.78645727038383 7.30263724923134 1.04764023423195 368.580815881491 636.012741625309 507.060995727777 0.2488764077425 0 1.43534299731255 50.2979053556919 0 0.40371635556221 39.5700720250607 1.36147844791412
52.3234497308731 1225.52617761493 11123.8046445847 0.47634881734848 5.74577870965004 28.6607747972012 164.377410918474 86.2964816242456 65.6545956879854 17.9274270832539 5636.27317902446 2.5201068520546 2444.31485438347 107.303965061903 0.32503417134285 48.3633525669575 8698.34967568517 3950.01629027724 14400.3691862822 1.05470418930054 384.544124007225 225.599072948098 2556.02480891347 105.785143613815 1791.74349820614 0 44340.2934974134 199.859250068665 133.283107981086 572.336203306913 1626.65743628144 8.27314451336861 30.0188495218754 2209.59566909075 3.12120035290718 559.022476226091 2584.05593702197 3813.18132409453 187.344119638205 17.2591766119003 16.3874849081039 54.6690584421158 274.367521882057 246.613465070724 409.203415185213 78.8798075914383 11.3569959402084 2.33213645219803 7.29680281877518 4.36047291755676 451.606516629457 333.615338504314 0 0 1.13122308254242 12.6628303229809 1.66576138138771 7.19456943869591 2.1779936850071 232.906801998615 0.425052106380463 282.934352189302 15.3752377927303 0 13.9467557072639 333.268964976072 213.338029801846 607.633532196283 0 29.3320407271385 56.1897468864918 157.988048255444 28.79405143857 420.451537996531 2527.58602300286 2950.99787965417 14.4609014689922 6.20163652300835 29.0109082758427 64.6593107581139 0 1.42912012338638 173.06084010005 2.42120373249054
77.9171651899815 6976.75242528319 11462.9054995775 12.112845569849 10.5769702792168 43.1335165500641 349.715308368206 100.87038180232 1057.49423351884 31.5042099952698 3652.0781442523 13.4928025305271 6403.03618192673 131.443682819605 18.350680232048 12474.9344442189 7541.12898057699 1296.09070765972 4981.08805266023 4.76576933264732 2018.08504346013 6177.78401353955 23218.726905793 2447.66967001557 4987.12622065842 44340.2934974134 0 2047.07989247143 255.49592295289 1061.26066747308 1512.73956221342 8.464395403862 97.2957692146301 3935.56291809678 24.1704925298691 1884.0836943984 4081.63318023086 4722.05533120036 566.875971466303 70.3798806965351 32.9195491373539 89.2759003341198 843.530452162027 562.346049964428 1014.04080444574 255.454496741295 83.0241286754608 5.27113544940948 9.16627502441406 6.78530570864677 1218.03853076696 1479.07430592179 1.58649680018425 0.567605078220367 1.62020027637482 113.554814308882 11.190253674984 33.8317341208458 13.6133908480406 251.47753944993 3.55030655860901 296.003007084131 24.1971029043198 0.816023647785187 358.504523336887 796.202940881252 220.318221598864 787.124593168497 0.485157579183578 201.374409347773 881.471478104591 2060.63727143407 145.816998362541 449.565570682287 3434.68960380554 7882.0024265945 150.590199619532 30.0808336138725 115.562191426754 74.3040890097618 0 5.03751274943352 381.127793759108 25.3472904264927
678.511369377375 72.30114787817 583.207949370146 13557.6004330218 16.0845629572868 1216.85396912694 16123.0654170513 1124.00486069918 2724.13612663746 6342.77052089572 31.8886873573065 666.54987603426 19.9111998975277 1218.52099311352 122.315202325583 3385.48444163799 238.968190580606 5.54549968242645 56.0578991472721 3376.48763760924 11148.399192512 1051.69113668799 6490.10096997023 33391.3355585635 23.9296481609344 199.859250068665 2047.07989247143 0 2216.95911315084 14166.8498005867 1.26553124189377 16.8550246059895 919.147401928902 1528.74409559369 29.1962357163429 2077.44492611289 76.4058925807476 1012.1178265512 688.265865027905 444.162754893303 113.391848534346 3.39667209982872 146.803037256002 14.2713803946972 106.420413941145 33.8174088001251 89.3760547339916 7.40209886431694 0 50.6426347196102 11.4356325268745 30.1362270116806 139.712517619133 1.39167875051498 55.4117359220982 632.520492106676 86.3796651363373 390.822016984224 571.727254927158 4.93743786215782 80.1826446056366 0 131.690262109041 5.67490822076797 112.659864485264 11.9655054211617 0.808832406997681 2.73177760839462 93.994736880064 258.652336716652 105.583933919668 217.596605956554 1290.76155385375 0 11.9739304482937 113.830001562834 1230.19415712357 172.35527959466 295.335015177727 0 0 20.1767905652523 77.8111246228218 15.1682415604591
16955.0750013888 21.8277931213379 111.14261636138 114.951456576586 466.873437434435 1224.76092216372 3339.72332566977 3991.96506789327 715.52304494381 998.971790641546 304.348856449127 152.381470859051 41.7797299027443 11688.6399597228 80.4097799062729 118.006794720888 269.361178278923 24.8398797214031 98.4815846085548 105.919400066137 883.239206254482 222.639485388994 891.10026845336 1562.67095717788 9.55777664482594 133.283107981086 255.49592295289 2216.95911315084 0 13145.6108807474 2.2170387506485 2837.00222331285 10967.8406042755 4495.34829866886 29.3148064613342 2553.80764916539 79.4207389652729 1718.9418644011 593.43039047718 1016.59873467684 681.584634929895 9.53573501110077 38.4305928051472 2.1513255238533 34.78460547328 9.30441558361053 11.5215038657188 5.29514932632446 0 10.7770309448242 2.47427150607109 8.02121582627296 9.05688878893852 0 5.6570927798748 124.695009708405 17.4764745533466 70.1822172105312 48.1949063241482 0.590643346309662 3.67434144020081 4.55901822447777 32.429603010416 0 35.9864507615566 2.91442304849625 2.42546188831329 0.437008380889893 0.774166405200958 76.7014192342758 34.3887022435665 48.7220386266708 271.656267136335 4.77740281820297 7.30823504924774 40.7258034050465 280.102492004633 43.5886094272137 100.671732127666 0 0 12.3996525108814 21.6401362419128 2.17101383209229
11312.5461471081 48.593756377697 777.838107019663 62.0306739509106 14.6450271010399 723.954556018114 18336.0492308438 2577.76128429174 997.561855971813 565.390261441469 88.5589736402035 17.7177950441837 15.9067924916744 3729.05882874131 11.7546792626381 495.802926391363 1904.23864084482 24.8845999836922 305.276405751705 36.8620218038559 23191.8034992516 1039.52768540382 9138.05476164818 2426.03350108862 18.3281426876783 572.336203306913 1061.26066747308 14166.8498005867 13145.6108807474 0 0.383085370063782 12.91638854146 1631.49280756712 5663.84763798118 32.7881363034248 1889.63771760464 84.7856557667255 1368.80935120583 719.330180317163 157.897748082876 108.759258419275 4.94878773391247 115.782436639071 13.9957447052002 75.2443521916866 19.1694850921631 10.2752732932568 3.43973496556282 0 21.7379460036755 9.41112193465233 24.8682144284248 4.13036140799522 0 1.04188695549965 161.212632209063 20.7441676557064 96.2719008922577 49.850971698761 1.33969074487686 0.482706606388092 0.707454413175583 43.1712324023247 0.551559090614319 108.749040871859 11.4053099453449 1.98547929525375 2.22475284337997 4.29712587594986 221.683814555407 112.501584917307 200.569557458162 385.737312763929 2.18575024604797 28.612710416317 115.801402896643 390.491821855307 101.542739540339 206.90587630868 0 0 17.6648490428925 29.4741318225861 4.95193496346474
0.659734785556793 19.6990087628365 1.57490864396095 0 0.569356560707092 1.18200147151947 0 1.62718445062637 2.28807771205902 0 717.413564175367 0 3750.28492191434 2.34173327684402 0 1.46440744400024 4.88132384419441 125.50018003583 39.9797364771366 0 0 13.8923146873713 3.15333658456802 0.825408071279526 246.250097990036 1626.65743628144 1512.73956221342 1.26553124189377 2.2170387506485 0.383085370063782 0 0 0 61.5752775669098 0 9.55383878946304 94.601234793663 122.510134905577 2.62349033355713 0.502101302146912 0 10.6792894005775 1.03017902374268 3.79114645719528 5.24382662773132 0 0 0 0 0 4.5347113609314 0.407350540161133 0 0 0 0 0 0 0 13.1602046489716 1.05276048183441 23.0150782167912 0 0 0 0.60030609369278 5.91265553236008 11.6522524952888 0 0.427597850561142 1.26455771923065 0.730261504650116 0 24.527403652668 37.8702962994576 35.211491137743 1.21305358409882 0.98132848739624 0 6.00418084859848 0 0 1.68261176347733 0
10.9052313268185 0 1.18958580493927 1.89783424139023 5307.58554768562 1173.99203416705 29.5824591517448 1229.0088840723 11.0945504307747 25.4740695953369 43.7283377945423 18.5408941507339 11.5939970016479 1200.74048271775 241.267254471779 0 1.17061430215836 1.97585391998291 4.2690337896347 1.67969650030136 4.8660289645195 0 2.82744005322456 14.187969326973 3.38279628753662 8.27314451336861 8.464395403862 16.8550246059895 2837.00222331285 12.91638854146 0 0 3.08070379495621 1849.0036072135 2.10686498880386 83.4073620140553 11.7401491999626 323.105542957783 61.4847794175148 512.771840572357 2302.17650657892 6.4124943614006 1.43960070610046 0 0 0 0 0 0 0 0 0.597755372524261 0 0 0 0 0 0 0 0 0 0 0 0 0 0 0 0 0 0 0 1.82071417570114 1.03433415293694 0 0.591465055942535 0 3.6570480465889 0 0 0 0 0 0 0
138.98722204566 3.62427240610123 30.9790789783001 14.749402821064 3.11479032039642 18.1391133069992 348.415727615356 63.4297256469727 185.272969335318 84.7600816488266 11.2354011535645 2.15664449334145 1.97587895393372 134.898422211409 0 98.6833497285843 52.1491020619869 1.13881278038025 8.03827059268951 11.5670578479767 517.123085826635 156.587008863688 346.244942098856 428.587423652411 0 30.0188495218754 97.2957692146301 919.147401928902 10967.8406042755 1631.49280756712 0 3.08070379495621 0 1010.02573561668 9.2395304441452 957.984423130751 11.9203444719315 507.770125925541 182.951187998056 35.060401558876 36.3819583952427 0.556562185287476 12.4892439544201 0 4.08870780467987 1.91193401813507 0.988404750823975 0 0 2.4943100810051 0 0.576550722122192 0 0 1.43353247642517 25.6637360155582 0 11.5881031453609 4.14879176020622 0 0 0 4.78213256597519 0 16.5086834132671 1.20328497886658 0 0 0 31.4479735791683 9.4592010974884 21.9010970294476 54.4550980627537 0 8.19214352965355 9.39079421758652 63.5179106891155 13.2370756566525 39.4323605000973 0 0 4.23859816789627 4.55637812614441 0
