0 144.95749842398 103.610617831703 83.8098630214539 77.1904115939597 54.2061068201301 30.795776738517 24.2201697460667 74.5703893573425 59.151396114662 101.780351866151 77.2546065600958 91.6438831180206 16.4483504138354 54.3812350525721 108.029642160227 115.779888005262 134.398589651809 127.065510041293 83.0347784557219 84.6424672430263 90.6480931276886 100.078901240773 83.8985262511124 138.055828617839 135.319188457087 138.067675205412 84.791041241455 17.247186965626 24.0027845453554 128.125595092773 82.1190452756273 51.088406744025 60.1374236188486 129.253575382794 73.1606282184702 108.14190982632 68.5736031767936 72.3924284653676 58.3398483779569 67.9948534927915 84.3951187133789 161.375611704529 182.317193745359 163.6243181941 182.246445993969 164.40710385415 159.645116454686 0 179.528515184929 198.385525959317 0 147.529667874878 0 167.039378852125 149.783484952036 178.24986252195 95.1349262548458 160.72170267088 0 140.479873499149 0 169.475280356764 0 145.73841000508 207.880554521611 0 236.03630065918 166.620239257812 141.047330475584 134.288409640002 161.061110117245 138.942308721894 0 180.532928466797 195.527602462383 143.562343245739 163.825535387223 147.554271786099 0 0 174.081162313835 159.932671626019 0
144.95749842398 0 46.5956635425255 116.168379215796 139.862305537463 141.274865584074 122.768728274598 134.669267095654 70.9199091563489 140.428195422084 63.0033723287175 110.214449212819 47.9075874012613 134.194291011436 107.501803030902 68.6813278986445 59.2557331612611 74.4259961175393 60.6727324905958 116.731895446777 93.0063708792116 28.2592907651749 71.6674735743691 78.0945772891326 25.1036850336481 47.0546409136609 34.6380191130147 100.926408160102 137.760392845887 113.930383317515 67.7062935614674 0 127.531976462556 60.0665216824789 146.73021991501 84.2813399990076 47.1473120503665 54.3811622644515 83.4869263825167 109.287077415132 0 47.1949370027389 83.5104782073731 62.9977990597264 72.9129701018745 75.9868867190352 169.562835693359 0 87.0337169879481 112.545692443848 20.8950087917034 57.8825647288509 187.905715942383 0 0 144.812064252639 0 117.972369216514 184.379109831472 93.3771203871852 0 70.7044296170648 157.19337932369 0 122.52910340409 70.147693397965 101.910326967534 78.8759377948559 0 97.310310052068 59.0678772612298 86.1813030503849 177.973310735829 45.8169156220362 63.0587427450915 56.2157813469602 135.296374149646 189.508791075815 131.120935232169 50.3718147277832 0 0 69.5975524359234 160.056060791016
103.610617831703 46.5956635425255 0 127.22162572109 171.060104370117 124.072207853389 97.2927551177975 119.282738528063 97.560673972999 137.371389833349 93.3675957234039 170.234720383456 115.026532465259 119.589491530851 125.541793823242 80.7334994006563 41.7721371247071 86.7544497993299 69.5177564638703 126.881624651976 65.4918326552093 51.6218979188824 32.6005271945694 95.395936975141 83.9104367496412 31.8538710339427 41.4684701386186 81.7962818587414 113.920405175211 80.6902809792844 82.0955754158786 119.979515075684 107.529279566967 63.517764756975 173.934036254883 87.014567684706 54.6219519561056 64.0415543396499 90.8878933307669 105.073168868909 126.336163683944 121.348650026715 115.602016192533 90.5929233472004 106.307222938161 112.837835943071 129.507776404571 113.982934012258 147.917282104492 189.406234741211 61.248863587991 93.2718404408251 0 0 0 156.755893153916 149.942918032154 115.886408672289 201.374765635436 158.906048429964 0 150.62940790377 176.786573525885 169.457748413086 109.853692093545 113.895641966801 146.755624348876 136.891711279586 186.017654418945 132.444507000939 72.3409770540932 111.071823697544 145.200184841022 97.4355283165406 115.683323653989 94.880921107166 161.702093950497 162.423702661897 145.317608383132 0 0 0 113.280941769916 154.315766604363
83.8098630214539 116.168379215796 127.22162572109 0 95.6925892448448 62.7004650828849 46.569055494971 85.9736696074307 54.6736915142035 22.6406505175188 160.271911964517 36.5514245495402 175.091934204102 97.3944937452612 65.0221760869224 111.868298818655 165.600143432617 180.689587445665 0 13.6004637414606 122.28260071846 90.4504376051894 121.994448521749 27.076478470842 0 162.381652832031 146.602701192247 17.314669083118 97.3620941710439 81.9055928411114 0 139.004321149476 92.7561988053662 102.489133094524 0 93.3841554209188 101.288764953613 95.6135733086882 92.2415447500331 61.2144127861441 98.8899761167919 0 114.343670708818 0 157.389065609675 0 97.1945507632946 0 0 179.456321259253 146.316268920898 0 40.2081197905942 0 145.594286761346 133.994214902006 150.204449932637 82.2332723594248 139.474894594654 0 30.7409213902332 0 161.653773192552 130.607358128427 160.854352803221 215.516555786133 0 202.751495361328 92.1570780503638 140.619781494141 146.12106711318 204.562709599531 114.073629039112 0 222.860794067383 155.927764892578 138.460555645687 158.194241776841 160.299041729906 0 0 0 113.07325292744 0
77.1904115939597 139.862305537463 171.060104370117 95.6925892448448 0 10.9283996991699 94.5831541948702 18.0741626569413 53.6975091678993 108.476022602497 62.362998157817 54.7785173789205 67.1366613681692 34.1772710484092 15.5308155471889 0 163.707153320312 85.0361132934328 94.6279020520829 83.5745714905526 146.706049723519 116.593233824451 134.478813706488 75.3722039648817 205.773834228516 109.215022260822 128.116654056636 114.004995592231 28.3929605136933 108.360338945246 96.7949905395508 10.15294212601 84.5373680483452 15.2224167138185 108.726580476957 68.8296417417879 62.5447143475304 34.8363530410956 46.3047503561262 11.2584143623627 9.74792263051917 60.7394952085343 0 0 0 0 0 0 0 0 0 0 0 0 0 156.051681518555 200.389389038086 127.893860620138 136.700942993164 0 0 0 233.123504638672 0 0 0 0 180.396087646484 0 198.276062011719 0 0 188.398983083017 0 0 171.987762451172 167.746964484992 0 182.607245732967 0 0 0 0 0
54.2061068201301 141.274865584074 124.072207853389 62.7004650828849 10.9283996991699 0 43.9728414995462 17.9020376202684 66.15931171815 25.1308658384627 77.6733405425329 27.2260248287327 79.2484122815448 42.5128490936092 14.5431318578863 120.321891236464 129.787067808085 129.637514861873 126.764864871958 43.1482862056219 103.327979962738 98.5332564412396 111.978091116661 71.7168441197448 113.813910184524 124.322774342039 151.987141224994 71.3445283574181 49.8365792498441 66.422868233607 122.959867645662 22.7503935443885 85.5088332901123 39.0287678238644 114.660432972886 77.8440602868811 83.3590027396549 49.2592092350751 63.3718704411742 17.052044660657 24.7682254086461 70.1609689752768 153.462844206615 0 178.255156194456 0 132.149140608128 176.758232845274 0 168.957175035233 0 159.258399821793 140.167607541945 0 159.393342560711 142.648521988432 158.219034114157 90.6588065638474 146.766383155648 206.105302546643 99.0765461322619 0 173.48615693766 138.093811035156 175.164020217622 218.36539311752 0 0 143.464625749744 168.328890940918 151.734451534978 169.121928003682 125.215504448254 0 182.026962116002 196.548884537474 145.199340764625 171.36618190778 162.533007612889 0 0 158.74866519197 146.785583482268 204.968742068696
30.795776738517 122.768728274598 97.2927551177975 46.569055494971 94.5831541948702 43.9728414995462 0 39.5147301747796 59.8335056544943 24.085497514505 141.224211396034 52.7469551726665 120.336958593614 41.888356794289 73.2029711296686 86.4476220826263 118.420484439692 139.540167000161 134.648181365403 45.9108961283037 75.938980458122 82.5922237520386 86.6836785206745 48.9699636523413 149.735069639128 124.190564624929 116.242812989449 37.8277136114874 63.8918700578359 25.6678135488286 0 109.666439827091 73.5334555569608 80.3501740221673 123.71424152255 80.4720370651091 103.886592085907 80.9460383805355 78.5143454991725 69.6097764716832 85.7054165213577 115.979107252272 161.911560878296 149.889424707459 162.18029216881 172.901346169279 103.791298139494 0 199.087219238281 156.463253134415 168.365505315839 176.754231579162 134.246914810134 183.710052490234 149.086711052994 131.700468778884 140.904215567122 83.6535254536644 138.740449776115 184.084188174693 118.112485804736 206.628753662109 150.76999385595 124.28505653067 140.401894128926 187.159106621806 0 219.331048979339 130.620363272834 142.55028639149 125.596195860779 157.506467603457 115.387592537004 0 185.263046717488 161.564795601753 131.953584597709 159.90036547974 143.167727214509 193.455810546875 0 147.320272599244 160.792157982043 235.608312512356
24.2201697460667 134.669267095654 119.282738528063 85.9736696074307 18.0741626569413 17.9020376202684 39.5147301747796 0 76.4104959655304 43.3235146489344 69.8735879278501 61.99134375917 70.5707537684794 17.2073973427045 32.776279713948 119.495017602984 124.646417008645 99.0896532676437 122.335420070105 80.9251522667861 101.457554782157 105.991518805359 112.4355341858 83.9500384012678 107.471900632274 123.721367903871 137.13751775135 87.9637434137875 36.4611874245395 58.8849012967258 103.326993440469 16.3123678238634 75.4330904660831 36.3133935802346 110.168733711981 70.9900851069919 72.590908781657 46.9173360743507 56.9860165088412 30.4597211744173 23.7721603002839 60.7016281147022 171.404917496084 189.66433544502 171.657343726551 185.18557935942 142.535323415425 179.097503662109 0 167.432311900729 158.129577636719 177.054526582922 153.020639654116 0 156.25720153675 142.455614974806 156.649191967605 97.7469491946141 153.345524290269 0 131.67774883761 132.829640201115 176.235820064626 186.53059387207 167.19379407762 205.179183959961 0 145.950225830078 138.553176356041 167.900561219111 145.376916120306 172.116573304311 136.915722856228 0 161.528317266105 189.845035408123 146.967558267755 182.290089173666 150.959602142173 0 0 167.116539255365 169.298398906313 114.206415078444
74.5703893573425 70.9199091563489 97.560673972999 54.6736915142035 53.6975091678993 66.15931171815 59.8335056544943 76.4104959655304 0 69.4989278907707 135.833262678007 20.500376693223 61.4167261656125 82.5863618741655 22.6914534101779 52.0476855659966 122.033012778721 145.987328781051 144.803129409196 57.8308141247599 61.581105094984 29.5118813006063 79.2019298590952 23.8187511378378 103.828446727114 122.408852791003 90.4281225742151 55.4529403925299 81.4111737537244 61.7141539313967 136.316248109239 109.72103278184 69.3653562007754 77.1182645395214 99.6038343306186 62.7751599075804 61.0070728145713 70.8614947711816 57.9461099468632 17.5402630168289 51.4575410014662 39.6418041674738 77.1309549142598 149.626167162796 113.271096940482 123.725134972288 52.2952350384791 80.1910970333721 0 85.6916342234504 86.4971920798189 140.740604898163 79.975133941318 149.091400146484 88.6896479868183 80.3793112542164 108.818368091823 22.7005516959098 87.3700194571747 212.242310774347 58.0254169490765 228.969848632812 104.277153019693 63.5453008352999 74.2397595531307 143.974560793361 211.684219360352 170.501075007657 76.3245663629862 74.5451736268509 34.3415676899187 101.258098725666 60.6780507548695 160.805189415292 160.560934176959 129.454878881283 81.1081629883339 97.0524971003721 79.8250788071976 0 0 75.9208083106404 95.117118580909 91.1895114382087
59.151396114662 140.428195422084 137.371389833349 22.6406505175188 108.476022602497 25.1308658384627 24.085497514505 43.3235146489344 69.4989278907707 0 132.582437491793 19.5111712170297 154.062806372714 60.5118757500568 71.3767330367702 136.507829429228 140.336625031896 149.953493934105 161.822379878932 16.128139659907 113.849364829756 106.068680476407 113.815344596067 61.6243346873745 171.865694343 161.166606048571 157.346229198371 37.9953181900972 93.0381923527286 76.7262416112642 0 119.006240364385 95.2795708856226 101.140804169553 143.022632245926 97.7213572357838 131.905613635279 99.3440464146615 95.8612984076707 72.1562509653835 95.0229093146433 142.574903082862 124.555418599306 0 178.271530951279 173.244283212204 110.12296858952 199.616159397149 0 160.372855772735 0 218.619468811991 111.515070269955 0 156.570362353199 140.205520074204 157.538868003941 96.0423194794693 131.034427862042 205.74110986538 57.0386232542624 0 168.301357060873 124.087485459487 199.321305580746 199.230814909623 0 239.788314819336 87.82559581215 157.401217546496 145.14797176689 196.399757578101 123.417224525002 0 207.337434360893 186.314034853452 143.685504181093 176.605258529637 165.361904986706 0 0 159.411343675637 177.468652812599 0
101.780351866151 63.0033723287175 93.3675957234039 160.271911964517 62.362998157817 77.6733405425329 141.224211396034 69.8735879278501 135.833262678007 132.582437491793 0 132.4229809601 22.8388855760365 72.119361822778 89.1239719312093 131.580063283512 63.3467370440177 22.4692291854137 26.9832422248493 146.39280658158 108.567356629358 99.6079146582417 100.872505925604 151.569954921135 30.1326553747635 40.1461694591885 59.5990193694383 149.977082938794 70.0112869487245 124.973635392184 41.1133377370782 65.319615535587 98.9660197136569 26.3227887813922 240.858474731445 73.4814033633967 24.6714664407054 26.9631400572057 61.7754991642382 68.9156530988918 46.8752007691063 12.2355660586009 160.240358265784 72.6574502290738 105.981555682744 144.640748260963 0 0 77.7483845830883 0 79.1272794313605 135.173225284732 0 0 0 219.568954467773 207.891596204816 159.326351466975 206.293588087058 93.3170207150133 0 68.0551333658712 158.66389465332 0 0 133.132293120925 99.9498676596657 108.97688494928 0 172.027268445689 111.609594865137 155.480511533082 203.680466633287 62.9850646330555 102.250005365447 109.928661623544 212.192476902074 195.776962280273 212.242733613079 100.208869428634 0 0 122.361614483298 119.328979492188
77.2546065600958 110.214449212819 170.234720383456 36.5514245495402 54.7785173789205 27.2260248287327 52.7469551726665 61.99134375917 20.500376693223 19.5111712170297 132.4229809601 0 13.9685548439093 73.7563230770745 18.6952406278285 0 0 0 157.952774047852 13.7224496179923 0 65.7206054900674 140.631743958405 23.2564457514272 148.451232910156 132.687182121445 139.178846544829 48.1393498231776 90.8302932138936 94.6696093300904 0 85.7161267944531 89.2786427979115 82.1911571467119 89.1094421710671 65.8008743555352 36.7526728235403 26.3972370693028 32.4434239933363 17.838385985791 14.7923476976476 17.9737466188645 67.2147801974808 0 0 0 72.1096460259256 0 0 0 0 0 38.6620408412928 0 85.1743373620452 141.760612494205 137.836487248502 62.1923676387275 97.9589350137626 0 10.9586673512206 0 170.057998657227 0 149.68879699707 0 0 0 26.3985638223852 0 0 129.515594482422 101.469883572672 0 0 186.092857201054 131.427387516076 125.723197017306 0 0 0 0 102.46044921875 0
91.6438831180206 47.9075874012613 115.026532465259 175.091934204102 67.1366613681692 79.2484122815448 120.336958593614 70.5707537684794 61.4167261656125 154.062806372714 22.8388855760365 13.9685548439093 0 78.5768732055496 170.323174576674 112.476821597584 96.4997185788629 44.3083151294886 62.1961179245109 0 105.675566477985 87.3233790658778 115.846240609912 127.792611900735 17.2380283489449 20.0275414957163 27.7237729109199 141.850612399049 79.8622507213227 117.419511985395 9.72596683601266 87.5697962957735 64.850911036637 37.1021376736959 73.3951339081444 21.6303104910769 19.6659158733979 18.0696470173369 9.88782112281367 34.8857386489505 15.4745023037656 10.327028804945 71.9529925830083 63.4649199780115 82.1460531933945 38.6790638051843 170.210892898616 0 42.5267530408926 0 69.7370054727911 166.879042748691 0 213.654663085938 0 213.311798981003 0 147.293365478516 174.60481262207 75.6773508165581 0 60.7719422815877 198.310241699219 0 156.035794508716 110.430169291954 83.9996146029052 93.3455979976158 0 220.722793579102 105.473274793877 153.464872520328 179.020900380496 48.5297509570147 86.1264754055392 90.8482072631608 191.421749209451 0 160.287857077239 87.4847776168829 0 0 17.4052875750742 87.1668393156987
16.4483504138354 134.194291011436 119.589491530851 97.3944937452612 34.1772710484092 42.5128490936092 41.888356794289 17.2073973427045 82.5863618741655 60.5118757500568 72.119361822778 73.7563230770745 78.5768732055496 0 39.886152834467 114.65794177706 125.924025392817 112.8482504605 112.468743857707 91.5292987680072 102.587647371248 105.347073220602 112.561103629729 91.5943122970724 118.925739071281 121.797808756359 138.097116849108 94.8762370314681 25.5703907547615 57.0055956118803 109.362215566852 21.6109679762875 58.1965717791187 41.0909544058087 106.6765338691 69.035255684269 78.3650732626539 48.0207226966769 55.7361250856615 36.402221763912 35.0384067030916 62.116546984455 171.829396153679 196.25784031018 170.920304780688 160.73619201334 172.77084371402 0 0 169.336911751606 170.218242267325 190.052146973773 155.608719332575 0 172.49838770197 150.77187478777 160.212067104323 109.812324327456 163.551009951819 0 134.366029514227 138.932868061974 182.161077029376 0 155.403231872273 178.343388540893 0 169.584670640489 152.77222756488 163.615839533752 117.090584618666 178.55643877264 142.438223416148 116.984786987305 176.176106206848 180.715937626753 151.550290188234 167.650477478708 162.454328128826 0 0 184.581685144235 170.517792631839 140.091690063477
54.3812350525721 107.501803030902 125.541793823242 65.0221760869224 15.5308155471889 14.5431318578863 73.2029711296686 32.776279713948 22.6914534101779 71.3767330367702 89.1239719312093 18.6952406278285 170.323174576674 39.886152834467 0 0 0 0 189.167384087012 54.8258658618813 118.867723820455 76.2703038088365 117.635320760909 40.0087669886036 148.524383678111 145.446502685547 126.05487514677 81.2365322719136 51.3097423960081 85.7993059186151 0 38.9620813695338 0 42.4072493782526 0 49.4839588786871 71.5066299438477 67.1770207860469 78.1592503038436 10.4973915572623 27.0264551864284 0 82.6651153564453 0 0 0 56.167010309404 0 0 0 0 143.365081787109 0 0 0 116.326732171929 118.311149597168 98.108702599988 138.226046516335 0 0 0 0 0 0 0 0 0 100.826857379281 133.135820990219 0 168.712707519531 106.638300775187 0 0 162.701780396728 131.859248039387 151.536666870117 0 0 0 0 0 0
108.029642160227 68.6813278986445 80.7334994006563 111.868298818655 0 120.321891236464 86.4476220826263 119.495017602984 52.0476855659966 136.507829429228 131.580063283512 0 112.476821597584 114.65794177706 0 0 106.530757083807 0 121.456049178356 126.993859316333 18.6825513580572 34.6853943794275 19.3644077581387 39.500727340797 106.584952598131 114.117915524678 26.4717364768823 33.9807634929117 95.4784683285238 75.1352008286244 199.97737121582 0 72.7977076410694 63.6467987286539 143.244025427003 71.3911415511164 55.974333136791 75.4958919296194 77.31720239086 85.8070332901824 91.6283936061553 162.332689111138 116.695229102723 88.0429687539553 122.300333846427 110.214825355556 126.02099944951 140.320892333984 0 149.437783751317 97.6314829528084 129.474777030752 164.212269161894 0 148.846481323242 136.39184991552 170.865910664498 89.9852544233206 172.01845109995 0 0 0 157.724365929544 0 92.4358847592018 144.084188429822 0 153.017027867623 178.445266723633 109.664636599547 62.9820397717871 105.021875051938 112.235357300333 229.260177612305 163.507389582246 108.785632446665 124.89332080562 141.494627484564 115.509648585568 0 0 125.756423844813 115.133234016013 156.228540862425
115.779888005262 59.2557331612611 41.7721371247071 165.600143432617 163.707153320312 129.787067808085 118.420484439692 124.646417008645 122.033012778721 140.336625031896 63.3467370440177 0 96.4997185788629 125.924025392817 0 106.530757083807 0 59.8902687415157 24.7009693162135 162.038761614026 55.0135774049865 87.242209775214 36.9399969652624 126.42432578018 79.7214281989245 33.6852683039461 71.4627018987452 108.252004102322 116.622350601136 82.2538017512582 102.404186762233 182.820005515283 103.509539116207 42.9222009248489 153.361340911077 97.4895436558791 56.4466446004177 48.0432014357789 99.6120099920724 132.634525026191 127.751647034705 101.822228265262 139.177474597916 106.221394369208 123.291506254567 136.849834003062 149.62050796971 148.828233421331 206.10920715332 0 77.6129042965987 113.182385403179 0 0 0 168.786962492421 187.717078595539 139.064591224325 198.748262051232 143.938012641524 179.708480834961 159.313850794538 203.324401855469 0 143.904932715079 120.634346663614 135.657552477776 136.393449145435 0 159.597452392079 103.83238464354 139.776232007866 167.724410403422 95.4905138271935 115.021704187543 112.715898803322 179.166909707253 180.583221435547 159.187851264787 131.667587280273 0 0 121.707617850997 197.014957862607
134.398589651809 74.4259961175393 86.7544497993299 180.689587445665 85.0361132934328 129.637514861873 139.540167000161 99.0896532676437 145.987328781051 149.953493934105 22.4692291854137 0 44.3083151294886 112.8482504605 0 0 59.8902687415157 0 16.4387532771317 217.618347167969 111.109362279937 109.760303538588 98.9390367099261 144.39466261283 44.6777895882993 30.6038789431952 63.0388784132587 167.305534769512 114.778244190935 123.605344699982 48.6649083907756 82.5176245507309 131.638081728893 55.8454023879315 0 91.8968749271123 50.0528749505347 53.3005763025291 73.3753346907516 127.435752863906 79.0190244212009 54.9131156148621 135.794899555844 99.0565775284175 119.280441654775 120.704785322709 0 0 68.8389587402344 0 96.0346109210161 140.53022592927 0 0 125.81371307373 0 144.762481689453 0 246.145538330078 100.406979606807 0 78.260416396442 0 0 192.052236218785 129.812343282187 103.604072489111 107.391208960503 0 181.576186971096 163.259648809395 171.978740596717 161.740926085335 73.7534165819718 104.347887955739 107.412547996091 202.96615656966 0 0 103.617688763156 0 0 110.313544655593 0
127.065510041293 60.6727324905958 69.5177564638703 0 94.6279020520829 126.764864871958 134.648181365403 122.335420070105 144.803129409196 161.822379878932 26.9832422248493 157.952774047852 62.1961179245109 112.468743857707 189.167384087012 121.456049178356 24.7009693162135 16.4387532771317 0 0 83.3451895992212 102.751418124319 73.9259515809951 141.917974342964 48.5978457281662 28.2157330595791 66.3598598355466 126.564650617718 120.019164497036 104.988441378241 66.0684819941254 94.8585292856062 105.753597216426 48.5884094555267 166.338946421976 89.9090477636223 48.7987391722235 45.0141916782429 76.8975522948913 118.50231255598 75.3329506210774 73.044152519557 141.659052692197 109.623006413308 118.017772907086 129.651911441235 181.033842075892 127.993896484375 0 0 75.1550021093472 123.155296174652 0 0 240.099029541016 196.959453344107 214.276365302303 185.449366448685 0 111.489847307515 185.863830566406 88.7320318600979 213.003311157227 0 169.098068389172 120.361754503032 110.306321742084 110.423407648699 0 165.24698398803 124.132691345248 152.522880506217 192.784404457679 73.554234624576 103.126313605456 104.59774952765 220.788994186355 172.238577681012 176.534909153157 118.382261404107 0 206.513366699219 115.608630394883 0
83.0347784557219 116.731895446777 126.881624651976 13.6004637414606 83.5745714905526 43.1482862056219 45.9108961283037 80.9251522667861 57.8308141247599 16.128139659907 146.39280658158 13.7224496179923 0 91.5292987680072 54.8258658618813 126.993859316333 162.038761614026 217.618347167969 0 0 116.160366490298 89.8993433204439 144.235233015504 32.8716105232775 177.299119621844 169.156784057617 153.363122849654 29.696290383605 100.851140910271 92.3982895056341 0 120.742080476582 99.9439273385254 103.024114354914 145.897552490234 95.9972500005017 0 105.016294135459 94.3033993720998 56.7284136820905 102.785729888692 110.249923706055 130.671020046545 0 206.764654218667 0 90.0158608594736 0 0 150.862765178191 0 0 16.1727693402409 0 139.87553106557 138.611670930644 157.990397926976 88.345588216158 126.980523513575 0 24.448389308506 0 171.161627568169 113.753995019564 173.172866821289 0 0 0 35.9629433883356 154.315830495361 98.8946304321289 172.377044677734 116.878370508685 0 0 0 127.676544780762 175.211043419252 148.285510992179 0 0 0 207.033599853516 0
84.6424672430263 93.0063708792116 65.4918326552093 122.28260071846 146.706049723519 103.327979962738 75.938980458122 101.457554782157 61.581105094984 113.849364829756 108.567356629358 0 105.675566477985 102.587647371248 118.867723820455 18.6825513580572 55.0135774049865 111.109362279937 83.3451895992212 116.160366490298 0 54.6945746738318 32.4311340945974 47.5940243509 119.980222075311 90.2673470895742 73.9341016064288 26.0624343327175 86.210096021076 28.8053446440262 0 137.772575849891 68.3402831330768 38.2513463689383 126.241593236391 69.523800001234 62.0981837690947 62.7026508056608 72.8152717912349 85.4439337477603 88.8458498145798 111.219603850666 130.722920585871 130.419438953516 137.030857469989 146.648003138426 139.885036017705 196.910583496094 0 141.315286170601 121.707797339021 143.984441716769 158.60487205172 0 155.526123046875 133.951481354914 170.885538352371 89.933151615004 169.987538727992 189.106567306262 142.638305664062 0 155.263027714682 0 85.5950195826957 165.579138541647 0 189.483811214944 197.398144532274 121.860132808039 80.735113627873 127.800957753015 118.948105502786 0 165.011446057005 132.766849755885 129.736515186904 139.214587754713 125.714724076139 0 0 132.533415625334 135.2462541731 173.946026422975
90.6480931276886 28.2592907651749 51.6218979188824 90.4504376051894 116.593233824451 98.5332564412396 82.5922237520386 105.991518805359 29.5118813006063 106.068680476407 99.6079146582417 65.7206054900674 87.3233790658778 105.347073220602 76.2703038088365 34.6853943794275 87.242209775214 109.760303538588 102.751418124319 89.8993433204439 54.6945746738318 0 53.0664357517223 31.5831016735249 69.996864241445 92.54802466682 44.1219358343586 57.5959205853213 82.4247599063766 61.0939631125593 101.961233489601 0 57.8206360716708 56.7320559429617 127.372387678786 58.9593671361781 42.3868215968453 66.8449159955396 64.9083049448829 69.8004634835553 88.1988836356773 90.6275365332069 87.251590552638 57.5110911425587 84.7696016582528 100.168469070963 101.793700160639 83.2821317760669 106.267059326172 108.387512671577 43.8513080827623 78.1558934004017 131.031728930742 0 157.745015553916 105.097756566597 111.804000242321 69.6705581408755 132.999092905656 103.489978257496 169.029678344727 113.898195046265 106.513509763791 0 58.6914129547079 97.6747535683919 133.85641861782 132.981125326708 139.056259155273 76.4985576992459 24.0047146941319 73.3630722120459 76.7927944542471 104.976093766315 115.660039553909 72.572154726534 101.117267222434 103.978618289742 81.0639917508594 142.819976806641 0 66.9883793111576 89.1277930310578 150.048514560907
100.078901240773 71.6674735743691 32.6005271945694 121.994448521749 134.478813706488 111.978091116661 86.6836785206745 112.4355341858 79.2019298590952 113.815344596067 100.872505925604 140.631743958405 115.846240609912 112.561103629729 117.635320760909 19.3644077581387 36.9399969652624 98.9390367099261 73.9259515809951 144.235233015504 32.4311340945974 53.0664357517223 0 67.2922678243996 115.396123475366 67.995612869075 45.6832230203458 57.075971504104 102.053221139416 61.7869998729449 121.15014232691 145.169167057357 80.425082357195 51.6808161282654 137.907426154519 71.9021057468417 50.7871210284524 63.9947503664032 77.047236554691 91.0475937841081 95.0637418365536 114.179844484233 124.299530599424 100.360577817847 122.781272710428 119.968608638141 136.165291544706 168.311860308595 0 153.443980307898 92.7355763928103 112.370719305201 169.026418010741 0 199.521110689963 147.393310174174 178.583701897598 116.432448354181 166.453860076271 178.269691898716 156.926791355457 154.548614501953 178.692124674463 124.418095180626 105.5478026004 136.206569688202 159.099792436089 154.351695054774 0 124.587465763744 76.9216001873206 113.870635396494 129.541682485977 111.542018988622 143.972454672632 109.75324622198 138.695292623753 159.945680979136 136.418836540383 0 0 136.932932072265 131.062549574583 179.598780686928
83.8985262511124 78.0945772891326 95.395936975141 27.076478470842 75.3722039648817 71.7168441197448 48.9699636523413 83.9500384012678 23.8187511378378 61.6243346873745 151.569954921135 23.2564457514272 127.792611900735 91.5943122970724 40.0087669886036 39.500727340797 126.42432578018 144.39466261283 141.917974342964 32.8716105232775 47.5940243509 31.5831016735249 67.2922678243996 0 112.340117671307 129.25345873708 80.4255320060692 21.0184852390844 90.1538115875635 66.8641948338259 142.985695010834 120.264041914974 76.7164722802576 84.118875217064 143.970932770553 81.1122975755646 100.337106073799 86.9529954156874 82.5248717751998 39.3188080536609 96.0188433374135 143.212594302628 126.41419449719 122.91561768217 134.465920189098 132.085663180761 95.0264007558088 144.914644377406 0 132.330801035755 122.859167596813 147.105353686993 111.15237957252 100.446357727051 122.984175783518 110.451264187313 131.324414199392 58.119681639403 116.417677851125 187.582632418032 96.3828099590784 246.883331298828 135.816149231217 109.997507551308 105.399787269647 160.97263658262 206.306256204086 194.150709081002 110.394675738463 114.27247519273 79.1899753165635 128.668000712026 88.716350549456 185.278793334961 168.952497880094 140.015946913219 110.526054144776 134.678386324363 116.954278061269 0 192.068450927734 120.861517731434 131.381137987928 188.474101150478
138.055828617839 25.1036850336481 83.9104367496412 0 205.773834228516 113.813910184524 149.735069639128 107.471900632274 103.828446727114 171.865694343 30.1326553747635 148.451232910156 17.2380283489449 118.925739071281 148.524383678111 106.584952598131 79.7214281989245 44.6777895882993 48.5978457281662 177.299119621844 119.980222075311 69.996864241445 115.396123475366 112.340117671307 0 39.3731500102152 33.601331205575 136.941188509505 102.815418123653 137.677278060343 42.8842096763991 103.965874712883 0 48.93008095198 0 56.7836580557728 21.6346159237052 44.1488401182748 45.151933666482 123.679115869304 88.550745804417 15.6403497181458 96.9253638650803 55.115978100112 74.3727316271811 82.6833716587089 129.389444601525 192.27604675293 27.6686610114978 0 39.3235120299183 100.635144811939 201.847579956055 0 0 0 109.750665779036 124.947285147367 0 67.2430529947588 0 44.4402610865118 138.39987939909 0 148.042602539062 95.9980946031865 69.769420397171 71.7697522144783 0 124.064134245269 85.0431567518737 128.126928240717 126.266960781633 27.397078612507 65.9322894686381 69.2949710580866 211.887908935547 0 141.009510606438 72.2980596263535 0 226.971450805664 62.6656731338126 61.0896873474121
135.319188457087 47.0546409136609 31.8538710339427 162.381652832031 109.215022260822 124.322774342039 124.190564624929 123.721367903871 122.408852791003 161.166606048571 40.1461694591885 132.687182121445 20.0275414957163 121.797808756359 145.446502685547 114.117915524678 33.6852683039461 30.6038789431952 28.2157330595791 169.156784057617 90.2673470895742 92.54802466682 67.995612869075 129.25345873708 39.3731500102152 0 31.3060217238689 117.415250260722 118.916623079412 103.527777901914 14.9179046331464 101.390686365625 122.685602677148 58.4120433615996 172.895082714279 87.51991256076 46.9624794854854 51.9024653041114 76.6351863159987 121.824113837068 86.581949275183 62.7408536224919 129.593408705627 97.4597547588947 109.573228504734 118.120848708613 136.577781511196 152.848782891139 75.7745265332276 183.964149603397 64.8442278484807 102.768331139373 0 0 205.91764831543 176.976499727611 188.590011775233 161.843760279788 222.871790829723 104.788896197387 235.014846801758 84.9928374906144 179.654906152762 0 138.173817580234 109.325407120322 104.790654158322 104.505623516556 0 155.143977611352 109.488756826335 138.328111309174 169.814842599126 67.9728210685725 95.1478804292296 96.2248892510566 172.709983884 176.003302661092 160.289634003546 104.600992424778 0 180.505061235031 104.711135728747 175.547990371983
138.067675205412 34.6380191130147 41.4684701386186 146.602701192247 128.116654056636 151.987141224994 116.242812989449 137.13751775135 90.4281225742151 157.346229198371 59.5990193694383 139.178846544829 27.7237729109199 138.097116849108 126.05487514677 26.4717364768823 71.4627018987452 63.0388784132587 66.3598598355466 153.363122849654 73.9341016064288 44.1219358343586 45.6832230203458 80.4255320060692 33.601331205575 31.3060217238689 0 78.5519111907575 129.822987994451 108.205800412052 24.8366622759252 132.194963920703 104.831721605097 70.6476055637795 152.510131512883 86.5143246658073 55.2513650993942 64.621906942202 88.4232212823505 114.68529069343 114.905782334523 69.3920851632184 120.639109020918 92.1825170245804 107.124372966367 111.58725314429 126.438232085344 130.918895644469 102.857003394256 161.826034252075 57.8231042801626 95.7561996008501 174.769283713927 153.259887695312 199.358908517622 162.934366448385 187.539058442755 129.705272422254 195.405766963045 111.189838153506 148.388393859001 89.3168478369449 175.612025306402 168.43586730957 103.198953511565 108.276110822139 108.832484259949 107.292967356093 192.941452026367 134.223197919198 72.8475496418672 110.87940720633 142.210970767413 73.8439281615042 98.4844773708716 94.8138838713045 147.046246981468 161.400822793905 143.994096924419 110.81210288415 0 130.512616640873 109.508238599262 175.319889950574
84.791041241455 100.926408160102 81.7962818587414 17.314669083118 114.004995592231 71.3445283574181 37.8277136114874 87.9637434137875 55.4529403925299 37.9953181900972 149.977082938794 48.1393498231776 141.850612399049 94.8762370314681 81.2365322719136 33.9807634929117 108.252004102322 167.305534769512 126.564650617718 29.696290383605 26.0624343327175 57.5959205853213 57.075971504104 21.0184852390844 136.941188509505 117.415250260722 78.5519111907575 0 91.5641040777731 41.0778353450788 166.336444658483 130.493333231177 75.0238910639973 73.7621113237218 128.514410750622 81.3317904673251 90.8450387124095 85.3678963195262 84.9472108970188 75.5127926224162 96.0856488526744 126.05536130927 137.817798429987 141.619480990923 145.43112363807 146.622847387177 121.139450361192 152.420376168685 0 138.83108008931 126.775915779048 160.649693782647 130.298073556117 157.665538503607 148.973733846581 126.356413944844 143.946360241606 80.0182034377489 140.256983947142 205.098264891712 97.3694283728181 0 153.457974396311 124.885718213013 122.155692732932 179.590970108322 225.106948366309 197.364610466135 137.686261363958 124.355455350063 100.60418754025 139.814331187894 113.63014030411 0 178.068785670849 147.039143127156 126.88861859712 146.685338976132 126.995596144802 0 0 137.377198765084 140.247072728322 187.392378318922
17.247186965626 137.760392845887 113.920405175211 97.3620941710439 28.3929605136933 49.8365792498441 63.8918700578359 36.4611874245395 81.4111737537244 93.0381923527286 70.0112869487245 90.8302932138936 79.8622507213227 25.5703907547615 51.3097423960081 95.4784683285238 116.622350601136 114.778244190935 120.019164497036 100.851140910271 86.210096021076 82.4247599063766 102.053221139416 90.1538115875635 102.815418123653 118.916623079412 129.822987994451 91.5641040777731 0 34.7222497478432 116.254015631347 15.5844003764486 17.7726238783582 35.729538448315 112.265622987664 57.9181803215031 68.9828615841303 44.3566822346813 50.5184988407919 42.2399860498251 32.605416382015 68.622350365491 167.194063891031 187.325703066278 175.201652997739 173.279910025027 159.87847438017 174.311062772667 0 161.240097469776 176.292289084331 178.528407930967 171.679639638059 0 175.959051352972 154.223164897176 163.944776887861 114.529066867505 174.417972564861 241.103668212891 158.878750845035 129.122569255424 175.583712180916 0 142.671409011757 194.275117579898 172.407584104965 193.476440429688 153.678990740418 144.169106903316 114.803300563803 161.994713158299 138.976989803933 132.176309381685 193.594399545465 171.739666853033 152.246247026704 176.140569789644 148.364306300792 0 0 154.893337804927 164.8396530028 163.102409664095
24.0027845453554 113.930383317515 80.6902809792844 81.9055928411114 108.360338945246 66.422868233607 25.6678135488286 58.8849012967258 61.7141539313967 76.7262416112642 124.973635392184 94.6696093300904 117.419511985395 57.0055956118803 85.7993059186151 75.1352008286244 82.2538017512582 123.605344699982 104.988441378241 92.3982895056341 28.8053446440262 61.0939631125593 61.7869998729449 66.8641948338259 137.677278060343 103.527777901914 108.205800412052 41.0778353450788 34.7222497478432 0 160.966217041016 109.982154995477 43.7642439456525 38.8138447418749 122.649747437676 69.2146906944744 88.4773043480719 63.8437766741367 70.8688328389592 76.0160609123242 81.9552371996807 137.225907443551 145.823762448804 146.868538284433 146.522052393484 150.825989760041 133.41529819968 131.374953060415 0 138.605317888572 134.426157666794 150.915371310828 153.997552583039 0 179.257098011295 131.903340082748 147.627850576599 81.9778397442239 152.749347129495 179.256352615992 175.347457885742 199.056387067591 161.552136290293 137.26155090332 116.847485140868 179.877264356454 193.054641155639 192.903970452222 155.373579211869 123.560349720384 89.4793584048868 133.338081812099 121.691016045752 194.350398725909 177.048223071112 150.73227303754 129.953118683584 149.723948169037 123.00868572883 0 0 139.269120380194 145.973565264931 194.907420336302
128.125595092773 67.7062935614674 82.0955754158786 0 96.7949905395508 122.959867645662 0 103.326993440469 136.316248109239 0 41.1133377370782 0 9.72596683601266 109.362215566852 0 199.97737121582 102.404186762233 48.6649083907756 66.0684819941254 0 0 101.961233489601 121.15014232691 142.985695010834 42.8842096763991 14.9179046331464 24.8366622759252 166.336444658483 116.254015631347 160.966217041016 0 0 0 70.7157531399493 0 107.905785172253 54.5157426297474 62.6120677177504 77.5479617983677 140.367874145508 0 67.3547251379443 127.242622375488 110.922563007914 112.359307356817 0 0 0 0 0 91.3746842460892 161.588470458984 0 0 0 0 0 0 0 103.272459659178 179.918579101562 87.6740836175202 0 0 0 116.263496398926 113.270571220561 111.925050050853 0 198.307479858398 132.029815673828 151.34797668457 0 75.5205969761716 105.467681915053 112.216580347927 199.21516418457 145.441452026367 0 116.887117531258 0 0 126.515763500824 0
82.1190452756273 0 119.979515075684 139.004321149476 10.15294212601 22.7503935443885 109.666439827091 16.3123678238634 109.72103278184 119.006240364385 65.319615535587 85.7161267944531 87.5697962957735 21.6109679762875 38.9620813695338 0 182.820005515283 82.5176245507309 94.8585292856062 120.742080476582 137.772575849891 0 145.169167057357 120.264041914974 103.965874712883 101.390686365625 132.194963920703 130.493333231177 15.5844003764486 109.982154995477 0 0 70.9841566312748 21.8207119233825 94.5359811754005 72.5842631466212 73.5944406160035 40.6761056445573 50.2291552855951 35.3274057901073 16.3013970644971 64.1258277887735 200.898559570312 0 0 0 0 0 0 0 0 207.181976318359 0 0 0 0 0 0 0 0 0 0 0 0 0 0 0 0 0 0 0 203.61867084932 197.667687990824 0 162.876861572266 0 194.028141306129 0 0 0 0 0 0 0
51.088406744025 127.531976462556 107.529279566967 92.7561988053662 84.5373680483452 85.5088332901123 73.5334555569608 75.4330904660831 69.3653562007754 95.2795708856226 98.9660197136569 89.2786427979115 64.850911036637 58.1965717791187 0 72.7977076410694 103.509539116207 131.638081728893 105.753597216426 99.9439273385254 68.3402831330768 57.8206360716708 80.425082357195 76.7164722802576 0 122.685602677148 104.831721605097 75.0238910639973 17.7726238783582 43.7642439456525 0 70.9841566312748 0 26.7913137733393 79.260167301124 42.6688705233704 52.2852632349639 32.5773713942798 40.8717604738793 44.3346589046611 49.8033589377642 54.1019439697266 147.442978538887 0 126.811274201926 154.08855493861 112.088226318359 0 0 161.728583245727 0 137.511291503906 0 0 170.288980314533 146.715802143401 0 112.229848423418 162.789638938298 0 0 0 192.833965034516 0 115.870390163951 177.653001652389 0 0 0 131.333382387479 124.411595791572 148.131007034918 133.528477248092 0 175.444130713257 146.688659077038 135.12534852497 152.848316385808 132.047793085484 0 0 136.833039255757 163.825809162352 0
