0 2.60997462272644 198.689594358206 32.8993726372719 3.61516115069389 151.024972319603 7777.76688411832 1961.55104589462 99.8162705302238 288.533630073071 26.1107712984085 11.5175996422768 3.70125025510788 9803.32395014167 4.19569092988968 21.5877778530121 81.1402874588966 1.89410531520844 14.3147932887077 50.8796936273575 207.28784185648 29.2432792782784 505.863470762968 226.472153663635 0 32.4596075117588 87.036571264267 815.693903148174 12181.4265929759 3811.23765665293 0.541628360748291 8.03114598989487 135.127478212118 263.777165204287 12.3778180480003 347.952978104353 21.8619835078716 318.633974462748 58.6623592674732 43.7871342301369 30.9379666447639 1.38263773918152 13.2482472658157 0 0 1.40034872293472 1.00133216381073 0 0 0 0.543130815029144 1.23277592658997 1.96527111530304 0 4.27846956253052 24.9179845154285 4.36180037260056 10.7263144850731 0.727715253829956 0 1.52541792392731 0 1.65881925821304 0 7.55075806379318 0.47597873210907 0 0 0.69730019569397 9.12869119644165 5.80402058362961 3.98117938637733 33.5467183291912 0 0 8.82032829523087 46.9055964052677 4.00592204928398 6.43885913491249 0 0 0 2.79483240842819 3.56486904621124
2.60997462272644 0 197.167993783951 7.7804696559906 5.91738948225975 10.1192907094955 30.9991217851639 8.53714901208878 1215.3309957087 6.97547471523285 267.15871822834 31.1521466076374 720.141365975142 9.79066807031631 59.2775495350361 186.422365248203 192.514425098896 98.9362795948982 262.429170638323 1.23628783226013 35.4557172358036 3303.34577962756 133.483687579632 520.074704527855 2277.07487654686 1029.76464614272 8174.36818984151 104.867133200169 19.6935866773129 41.1379484832287 37.737942636013 0 1.2122842669487 123.127417236567 5.72774237394333 197.145392090082 193.044919312 345.904605358839 104.450389742851 110.888954311609 5.09698951244354 186.458852887154 46.091687977314 27.0158160328865 10.6845715045929 27.014151930809 2.71928098797798 0 2.38866150379181 0 302.511412680149 87.5110105872154 0.505078375339508 0 0 1.06103292107582 0.362491011619568 2.69953939318657 2.96739047765732 28.4953102469444 0 45.799313813448 2.63930630683899 0 7.1792808175087 52.5676189661026 18.9318076372147 55.4048010408878 0.756064116954803 2.24698677659035 21.4874397218227 28.8624117076397 11.2891310751438 47.4331913590431 453.455030292273 1256.26108771563 5.05800598859787 2.00780934095383 7.57703831791878 3.54551357030869 0 0 20.9725220799446 2.3598513007164
198.689594358206 197.167993783951 0 0.387067139148712 0.479930728673935 67.2816705107689 526.231582820415 396.899477481842 15.4520182609558 10.6389271318913 172.196713000536 2.04738402366638 47.6994162201881 484.214150339365 0 81.9374871253967 4503.48763999343 81.6870341002941 483.425499081612 4.00747418403625 2299.69391977787 182.404278963804 13706.3107270002 67.5549409985542 7.96404391527176 6144.35695981979 6142.40686225891 498.145925164223 572.102791875601 1436.78508025408 19.7365494370461 5.99188217520714 45.6929958760738 757.411609083414 54.3353006541729 2696.48176389933 1898.34919339418 2893.6804228127 1213.73684155941 188.150163769722 33.9206363558769 8.03029817342758 23.4684777259827 9.68527656793594 5.96801471710205 14.2886768579483 2.57196831703186 0 0 1.85395818948746 144.077241122723 352.667241215706 0.935952007770538 0 0 22.7001442909241 2.3457119166851 1.81082731485367 2.61274003982544 11.5329442620277 0 7.02588737010956 7.89938080310822 0.354206323623657 27.3897240459919 56.6143345236778 4.46364331245422 13.0877277553082 0.744617342948914 18.1285839378834 37.3991546034813 201.176015973091 23.4030623435974 5.51871180534363 160.157780170441 1112.70079129934 18.5594580173492 6.33428251743317 18.3529037535191 0.64194118976593 0 0 11.0450005531311 18.4549642503262
32.8993726372719 7.7804696559906 0.387067139148712 0 0.748492151498795 764.075442284346 1313.24863508344 248.591940760612 607.200509130955 14107.9956633151 7.37985879182816 1495.21589833498 1.61306512355804 196.136704146862 44.9645291566849 10.2738173007965 0.464024990797043 1.0186961889267 0 31767.8364497125 3.25126886367798 28.9726772606373 6.24906411767006 3727.89571917057 0.965353727340698 5.75781619548798 14.2456375360489 16432.6853336692 238.269952356815 10.9141664206982 0 2.782171189785 20.5947060883045 86.4359773397446 20.2741022109985 390.53190907836 4.26604062318802 150.912011325359 9.81295916438103 131.359461307526 27.6288579404354 0 37.6748261451721 0 2.02442371845245 0 13.1831382513046 0 0 2.88520109653473 1.04547929763794 0.656119704246521 187.5083360672 0 15.9087245464325 90.9012326002121 18.3957099914551 103.726746737957 30.101084113121 0 101.068040251732 0 8.87853142619133 2.88272017240524 5.24935096502304 0 0 0 24.4310117959976 1.45900857448578 3.57001540064812 3.20973742008209 182.73768144846 0 0.388162165880203 1.21113801002502 139.915412783623 7.38665181398392 2.20321714878082 0 0 1.20011150836945 3.04513987898827 1.80985218286514
3.61516115069389 5.91738948225975 0.479930728673935 0.748492151498795 0 2630.87743788958 14.1219391226768 1461.78226494789 75.3653817772865 21.1936741471291 41.95113748312 73.6373331844807 4.55702829360962 139.049059927464 4152.97199416161 0 1.34993600845337 2.9013899564743 3.51575154066086 4.89810848236084 0 4.16381108760834 1.52901655435562 23.4942609667778 1.59664106369019 0 8.58104702830315 7.5652329325676 354.374451100826 5.53298217058182 0 1400.96921753883 0 968.341178774834 1.11375653743744 45.1133478283882 1.06335580348969 132.734373867512 3.47745102643967 7637.65427362919 2652.1732968688 5.51393586397171 0 0 0 0 0 0 0 0 0 1.72456502914429 0 0 0 0 0 1.26823627948761 0 0 0.687229692935944 0 1.13308560848236 0 0 0 0 0 0 0 0 0 0.932045668363571 0 0 0 0.265320479869843 0 0 0 0 0 0 0
151.024972319603 10.1192907094955 67.2816705107689 764.075442284346 2630.87743788958 0 4125.75473685563 23238.540509358 215.086885690689 21231.1034206748 84.1932323873043 8185.61397260427 3.35391980409622 2031.08201900125 2417.29164004326 18.9149644672871 14.6426568627357 8.224216401577 20.1991345882416 1362.34879776835 52.2138269543648 21.2832729518414 155.667606145144 533.206375390291 4.59735107421875 23.3146621286869 58.3531391918659 1245.42775538564 1212.52061247826 206.372450500727 0.872860610485077 1665.09279178083 18.8936893045902 956.334492519498 63.2245327830315 463.158413290977 24.3230821490288 427.77809715271 32.5764346122742 5095.76403477788 1921.19550079107 8.05934208631516 12.7290616035461 0 2.24442753195763 0 4.4269917011261 1.39714780449867 0 3.9226633310318 0 2.42526194453239 19.4199810922146 0.791346698999405 3.83307400345802 85.2469679415226 16.7269310057163 47.555611371994 17.4789646267891 0 16.5399333536625 0 6.80220010876656 1.19121292233467 3.7648389339447 0.371180146932602 0 0 9.11240947246552 6.61886575818062 2.67025351524353 3.67292499542236 118.766611099243 0 0.3398277759552 3.4248303771019 115.524767160416 6.81588909029961 3.54129394888878 0 0.810364007949829 1.95109796524048 2.01026850938797 1.51044037938118
7777.76688411832 30.9991217851639 526.231582820415 1313.24863508344 14.1219391226768 4125.75473685563 0 6348.99742072821 1531.37661513686 17233.9730189741 55.1779660582542 521.178405016661 10.1526723504066 10559.5807579011 91.401458054781 431.144880115986 80.7432835400105 10.3012575507164 20.5906999111176 1693.82769817114 743.480204284191 344.87576559186 2216.24005559087 5234.85264748335 4.81155079603195 68.3564658761024 911.137940853834 24092.5169013739 4503.90033507347 10869.5891560316 1.24036943912506 31.7597049325705 683.444565862417 1008.63228935003 163.405085533857 3109.30249541998 138.726527750492 1652.85273453593 274.373177021742 567.071079343557 196.011683940887 4.22783300280571 94.5536307990551 4.50524771213531 7.02462309598923 13.8672432303429 39.1275769770145 10.0933620929718 0 24.0765428841114 4.42310845851898 9.79544439911842 53.9220765829086 0.825916707515717 38.4166609346867 536.678961873055 75.9834652543068 223.559192866087 64.9678509533405 0 16.2050548195839 0 77.3318583369255 2.6670024394989 70.6178825497627 0.821434497833252 0 3.29114240407944 32.2873523831367 59.4254887700081 48.9023647904396 71.0964933335781 770.535845696926 0 4.99981185793877 89.1945071816444 827.95460793376 92.9519662559032 88.5325067639351 0 0.712922662496567 13.6853719353676 44.807323127985 17.2322408854961
1961.55104589462 8.53714901208878 396.899477481842 248.591940760612 1461.78226494789 23238.540509358 6348.99742072821 0 198.052397638559 5687.78554430604 471.108474940062 1157.40654584765 43.8461136519909 19338.1873778552 1165.16320177913 36.0006105899811 149.204282730818 30.8999117910862 71.9460723996162 575.670413911343 395.706806987524 73.5292537659407 939.243160426617 616.398275673389 5.48461109399796 136.526241451502 245.196955725551 1537.11697345972 4042.37884368002 1833.86878615618 10.755591571331 1392.22073233128 62.4084904193878 2380.30588741601 46.8857288658619 1319.19886907935 85.0287195146084 1193.97635674477 106.829912424088 3196.05006846786 2246.84106251597 34.4530750513077 23.1066931784153 0 0.576859176158905 0.312940210103989 3.55765774846077 0.959827601909637 0 3.7932103574276 1.04198336601257 3.12669959664345 10.8910443484783 0 4.15153330564499 107.644919216633 15.3134194016457 34.6958497166634 12.0004972219467 0 4.38333436846733 0.432092636823654 18.6909809708595 0.267645925283432 17.0357103645802 1.62074661254883 0 0.540214657783508 4.05338737368584 20.5077088177204 6.48332789540291 20.2430819869041 139.065830141306 0 1.44944453239441 34.8862713873386 150.34414640069 14.8304072022438 17.4027148485184 0 0 2.22738528251648 4.98782750964165 7.18637871742249
99.8162705302238 1215.3309957087 15.4520182609558 607.200509130955 75.3653817772865 215.086885690689 1531.37661513686 198.052397638559 0 577.709663033485 27.5994902849197 1494.21166372299 115.274225234985 190.15771484375 1511.8963752389 148.211554944515 9.72483253479004 9.83322286605835 23.0040248632431 270.017157018185 60.1472281813622 6637.28788259625 114.441106230021 15520.0519220531 354.581934094429 79.26065325737 1119.44805184007 2788.59638383985 345.492445409298 400.909494310617 8.35841926932335 5.50120890140533 108.49193406105 126.472550392151 17.6293943524361 1088.69583496451 52.2152466773987 209.88865929842 99.3933991789818 2938.21867969632 32.9498873353004 45.930900990963 99.0832303166389 6.10599064826965 2.57916030287743 11.7605611979961 49.6199951171875 6.56179285049438 0 14.3501939475536 3.52090167999268 4.06612566113472 124.666272759438 0 28.9891382753849 363.395114779472 54.6548137962818 623.824228495359 96.3597232103348 1.48372796177864 54.0637939572334 3.15414553880692 56.7711388766766 5.83402580022812 24.9447726011276 0 0.973777741193771 0 36.5746058821678 15.5067482292652 49.1400930583477 25.9519429504871 714.233714640141 1.34669673442841 18.4248367846012 44.2901326715946 526.33097422123 52.6949811577797 65.7195997238159 0 0 8.9488462805748 35.3879791200161 5.00033813714981
288.533630073071 6.97547471523285 10.6389271318913 14107.9956633151 21.1936741471291 21231.1034206748 17233.9730189741 5687.78554430604 577.709663033485 0 49.4283638596535 21758.7649904788 8.79941308498383 4726.21390257776 239.51766961813 24.0866530537605 5.05450296401978 2.99783056974411 4.77233335375786 36294.6180920005 22.7080401480198 45.0644777715206 44.459448158741 1392.99265983701 1.44763308763504 12.4646433889866 49.237643122673 7398.35637292266 989.830322533846 99.8935127109289 0 36.0486133396626 50.8604320585728 428.996622979641 85.3240112662315 873.845040380955 21.0212851166725 636.203340470791 51.7657645344734 539.910556614399 101.468425601721 1.07436138391495 44.2676737308502 1.75909352302551 1.18174302577972 1.45227420330048 15.1736623644829 0 0 3.46532154083252 0 1.78300440311432 85.8157583475113 0.859876096248627 14.5305980145931 129.370114982128 17.0686929225922 105.805960863829 198.397078812122 0 28.2457227110863 0 18.1644552946091 1.49582350254059 3.65510922670364 0 0 0 42.4571382403374 4.02200761437416 4.13135951757431 5.88386687636375 202.662638068199 0 0 1.28038319945335 168.153311192989 10.7317480444908 9.37889724969864 0 0 1.05156183242798 6.68077126145363 3.0829684138298
26.1107712984085 267.15871822834 172.196713000536 7.37985879182816 41.95113748312 84.1932323873043 55.1779660582542 471.108474940062 27.5994902849197 49.4283638596535 0 35.8960005640984 9467.71071946621 328.803692489862 5.29567039012909 11.5317090153694 1465.89072054625 8381.47679445148 4488.1029008925 18.2323633730412 109.354744672775 45.3792994022369 414.040578573942 15.9344800412655 1961.26513123512 9817.59776636958 3648.86049982905 40.6577466130257 381.891849204898 123.01900562644 1473.07109129429 62.4764237999916 10.1475193500519 10763.5214211345 7.26503622531891 352.535148233175 6004.00784766674 9872.96162581444 348.121039301157 117.217309057713 178.898426413536 4692.99813038111 11.0007120370865 135.679350614548 11.5567960143089 2.84320938587189 0 0 19.8462021350861 0 49.468188136816 8.40828996896744 0 0 0 2.34317833185196 0 2.44011425971985 0 100.737373173237 0 291.760414689779 2.50304472446442 0 0.73839944601059 8.94148910045624 49.3189633190632 26.6986119449139 0 0 5.2879895567894 2.88172805309296 1.47456726431847 204.210564851761 291.214866727591 304.499614208937 1.29927060008049 0.674819827079773 0.392916053533554 33.3677418231964 0 0 5.00456154346466 4.02789998054504
11.5175996422768 31.1521466076374 2.04738402366638 1495.21589833498 73.6373331844807 8185.61397260427 521.178405016661 1157.40654584765 1494.21166372299 21758.7649904788 35.8960005640984 0 10.9774069786072 546.563774913549 4338.35617083311 3.22532784938812 3.15114435553551 0.562225103378296 5.20022743940353 26712.319327563 2.94092535972595 80.6162136793137 8.62342068552971 748.927022635937 4.91428595781326 8.13952174782753 41.4765554368496 642.765449762344 362.88593775034 11.0313974916935 0 26.0221983492374 9.81515622138977 215.627622872591 1257.76059621572 453.076979070902 6.37397459149361 267.491014510393 16.9144963622093 3594.40186238289 73.2006524205208 1.18115842342377 18.8693293333054 0 1.64889299869537 0 9.38889598846436 0 0 0.816430568695068 0 0 149.414275467396 0 13.1852756440639 30.8122376799583 6.28335279226303 91.079453766346 151.341529667377 0 641.895045399666 0 6.24908727407455 2.26389968395233 1.84492754936218 0 0 0 163.556410908699 0 0 0 84.6936720609665 0 0.707462072372437 1.0298947095871 41.9299085438251 3.75730979442596 0.848447263240814 0 0 0 0 1.03476512432098
3.70125025510788 720.141365975142 47.6994162201881 1.61306512355804 4.55702829360962 3.35391980409622 10.1526723504066 43.8461136519909 115.274225234985 8.79941308498383 9467.71071946621 10.9774069786072 0 26.3003209531307 6.54520237445831 11.1327920854092 130.149954020977 312.19430154562 211.514699310064 1.41901475191116 12.7907582521439 183.927474975586 56.0052516162395 40.6953975558281 8223.74691790342 2755.39616030455 6583.38331767917 13.6938088834286 24.7337768673897 13.8538661003113 6288.76257443428 4.49912023544312 0.46560063958168 2340.84222692251 130.240430235863 772.402272313833 4162.38047403097 3509.38920304179 741.114137649536 43.5189622342587 295.010716676712 5989.15421849489 23.3357871770859 467.321479678154 17.0401960015297 15.7533145546913 0 19.5102595090866 50.8621839284897 0.689075827598572 69.380240291357 4.88812279701233 0 0 0 1.19212365150452 0 1.62423035502434 0 276.191373765469 0 746.4901227355 0.666743695735931 0 0.326944142580032 10.1891077160835 103.707482486963 42.6945989727974 0 0 7.47585663199425 3.13137921690941 3.24040865898132 569.940052360296 411.702525049448 427.60319647193 0 0 0.896036893129349 88.3475664258003 0 0 8.08890557289124 68.8596177995205
9803.32395014167 9.79066807031631 484.214150339365 196.136704146862 139.049059927464 2031.08201900125 10559.5807579011 19338.1873778552 190.15771484375 4726.21390257776 328.803692489862 546.563774913549 26.3003209531307 0 81.6337798535824 58.5999554991722 206.691653966904 24.4897820055485 93.6810901165009 607.919960528612 483.714430361986 98.0981644392014 1110.43947437406 645.727796539664 6.30951434373856 132.760438889265 296.547739490867 1759.12217402458 16967.5502622724 3466.20455905795 3.97853147983551 1033.81141355634 161.16184964776 1730.03653275967 50.1499107182026 1416.89094486833 114.455495655537 1354.0949563086 110.168972313404 642.664342939854 428.70149987936 12.9365253448486 17.5861730873585 0 0.498048663139343 1.64226999878883 1.97101193666458 1.55761420726776 0 2.66991291940212 0.362877994775772 3.212118268013 5.19506913423538 0 2.89467418193817 57.0731543898582 14.0977501869202 28.6813322901726 6.98557396233082 0.686519682407379 3.4213225543499 1.27579474449158 10.9592536389828 0 15.8974438011646 0.727954745292664 0 0.805022835731506 2.2749180495739 18.2067548036575 11.7922632694244 19.9160346984863 113.75742816925 0 3.79801958799362 16.9862879514694 140.371763765812 15.1133618950844 22.076308786869 0 1.28558969497681 1.27049526572227 6.16938984394073 5.85175892710686
4.19569092988968 59.2775495350361 0 44.9645291566849 4152.97199416161 2417.29164004326 91.401458054781 1165.16320177913 1511.8963752389 239.51766961813 5.29567039012909 4338.35617083311 6.54520237445831 81.6337798535824 0 1.29325848817825 0 1.35327923297882 1.64964658021927 143.184665203094 1.78616333007812 155.116031944752 3.79088848829269 652.831277132034 9.97305673360825 2.99395498633385 67.614880412817 94.9839438796043 169.608464598656 8.94905015826225 0 190.056660562754 0.514599561691284 81.0817846059799 1.49662625789642 81.3721643686295 2.14236432313919 22.3747061491013 0 16750.7046236694 293.324977278709 3.39274573326111 2.37590497732162 0 0 0 8.36216014623642 0 0 0 0 0 1.65569734573364 0 0.793802618980408 9.64353150129318 0.611131608486176 22.9202694892883 4.47631621360779 0 3.92327308654785 0 0 0 1.28056848049164 0 0 0 1.55255568027496 0.61803936958313 0 3.0404257774353 22.6327766478062 0 1.57820421457291 1.39601624011993 5.37580126523972 0 0 0 0 0 3.20735836029053 0
21.5877778530121 186.422365248203 81.9374871253967 10.2738173007965 0 18.9149644672871 431.144880115986 36.0006105899811 148.211554944515 24.0866530537605 11.5317090153694 3.22532784938812 11.1327920854092 58.5999554991722 1.29325848817825 0 67.4884019196033 3.34804725646973 19.8975060880184 2.31522655487061 7560.28301563859 5443.62993332744 12723.1933039427 3140.66318419576 11.5125253796577 40.4638455808163 7498.7001631856 5093.19390240312 200.528383851051 572.787740945816 1.74007466435432 0 85.6171010136604 345.123996526003 67.4954176545143 2436.07467010617 436.667732208967 768.397585064173 373.263418287039 140.244414567947 50.6624168157578 2.24810457229614 81.2594457268715 4.65569674968719 0 15.6995800733566 8.59910464286804 0.829615771770477 0.57403439283371 11.2153681814671 15.4767116904259 31.2281161546707 0.711735904216766 1.17517197132111 1.32031270861626 75.0338428318501 6.59884738922119 32.5934064686298 3.81380680203438 0.72879296541214 2.15865254402161 0.75919845700264 16.3310173749924 0 664.934315919876 6.0468288064003 2.3547260761261 4.10358375310898 0 425.861588329077 351.34846547246 820.879433304071 224.435472428799 0.654785990715027 16.8363355398178 497.090914815664 315.194995969534 47.5374397933483 159.313783764839 0 0 8.61840948462486 26.1979226768017 19.5976975858212
81.1402874588966 192.514425098896 4503.48763999343 0.464024990797043 1.34993600845337 14.6426568627357 80.7432835400105 149.204282730818 9.72483253479004 5.05450296401978 1465.89072054625 3.15114435553551 130.149954020977 206.691653966904 0 67.4884019196033 0 578.068396985531 6370.95843884349 2.38021206855774 1784.60837885737 66.3819738030434 9112.17022296786 27.0287437140942 41.8721684515476 5638.24823474884 4269.08373847604 189.574214965105 423.647138357162 1394.96190428734 45.2760069966316 1.02059179544449 52.0837016701698 2187.3185929358 23.5865494906902 974.540317237377 1048.25677359104 2479.21358549595 530.790638267994 40.1865057945251 15.5049199163914 25.7538180351257 11.5952894687653 9.03066575527191 5.16239023208618 9.53093242645264 0.737990498542786 0 0 0 58.7207417488098 86.6126189231873 0 0 0 0.765367925167084 0.564582467079163 1.86795207858086 0 6.11734712123871 0 8.02519524097443 0 0 3.85445392131805 17.5259849429131 4.80702006816864 17.492048561573 0 2.96009969711304 6.68866980075836 33.9986306428909 5.60548686981201 8.39767342805862 138.152750074863 406.386779814959 3.09183722734451 1.0049219429493 2.44584953784943 2.38145637512207 0 0 4.58829760551453 3.52339261770248
1.89410531520844 98.9362795948982 81.6870341002941 1.0186961889267 2.9013899564743 8.224216401577 10.3012575507164 30.8999117910862 9.83322286605835 2.99783056974411 8381.47679445148 0.562225103378296 312.19430154562 24.4897820055485 1.35327923297882 3.34804725646973 578.068396985531 0 3920.49666926265 0 23.7402682602406 11.2931292355061 118.180696129799 4.36536201834679 312.59442576766 6100.14084199071 1298.61304339767 10.215703099966 29.6335082352161 31.1789280176163 150.109616518021 2.60922902822495 0.522000074386597 501.414094418287 3.25565749406815 122.552627444267 739.986626476049 968.517520338297 116.625987261534 5.41884469985962 5.92430430650711 30.4821099638939 0 24.3203725814819 4.14041745662689 2.80054938793182 0 0 2.3936333656311 0 27.2025627493858 6.26100128889084 0 0 0 0.980530560016632 0 2.18974494934082 0 32.2971755862236 0 67.0704119205475 0 0 0.72187066078186 1.97876691818237 30.2276431918144 19.7941869497299 0 1.92086279392242 0.944375276565552 1.47442770004272 0 71.1456993222237 178.216999828815 199.063118904829 0.517799854278564 0 0 13.8980554938316 0 0 3.72005569934845 2.80183470249176
14.3147932887077 262.429170638323 483.425499081612 0 3.51575154066086 20.1991345882416 20.5906999111176 71.9460723996162 23.0040248632431 4.77233335375786 4488.1029008925 5.20022743940353 211.514699310064 93.6810901165009 1.64964658021927 19.8975060880184 6370.95843884349 3920.49666926265 0 0.93091881275177 219.890715509653 36.3167780637741 1034.39629346132 13.3725840449333 209.69395339489 12046.4540497661 2784.73882299662 26.4093889296055 117.016800105572 254.998063594103 110.074904114008 3.15725922584534 18.0134818851948 1896.38095456362 7.21694505214691 697.767428964376 1303.99294808507 3000.23020476103 485.491940617561 35.3204220533371 14.8072473406792 34.4511330127716 8.19929349422455 12.7813820540905 8.18734690546989 10.4490063786507 1.49351096153259 0 1.147665143013 0 53.8968232274055 25.1109446287155 0 0 0 0.655162990093231 0 1.55971527099609 0 8.94395875930786 0 26.1962476372719 0 0 0 4.56524902582169 25.0786145925522 37.6517830491066 0 0 5.15857475996017 9.68422567844391 2.36875009536743 54.5570807754993 310.183874189854 391.447434455156 1.90792387723923 0 0.980711102485657 4.42885583639145 0 0.728778660297394 3.60142576694489 7.15273588895798
50.8796936273575 1.23628783226013 4.00747418403625 31767.8364497125 4.89810848236084 1362.34879776835 1693.82769817114 575.670413911343 270.017157018185 36294.6180920005 18.2323633730412 26712.319327563 1.41901475191116 607.919960528612 143.184665203094 2.31522655487061 2.38021206855774 0 0.93091881275177 0 0.973464965820312 11.6257856488228 1.58409169316292 1035.82483944297 0 2.77950483560562 8.97220915555954 4673.98264709115 287.537789344788 18.4891307651997 0.61899608373642 6.12780249118805 9.3022862970829 140.708282679319 158.689998865128 316.491867423058 3.59179437160492 184.138539522886 16.2968059778214 247.148015230894 27.0300060510635 0 30.8087319731712 0 1.27300500869751 0 7.37741866707802 0 0 0 0 0 108.019125819206 0 11.1873487830162 46.1401219367981 11.7693071365356 70.8583878278732 16.6417779028416 0 136.597203433514 0 4.69884678721428 0 0 0 0 0 7.46107196807861 1.08295226097107 1.63548934459686 0 68.6322908103466 0 0 0.803060114383698 59.8401125371456 3.8883763551712 1.52433717250824 0 0.78797060251236 0.402472019195557 0 0.648729681968689
207.28784185648 35.4557172358036 2299.69391977787 3.25126886367798 0 52.2138269543648 743.480204284191 395.706806987524 60.1472281813622 22.7080401480198 109.354744672775 2.94092535972595 12.7907582521439 483.714430361986 1.78616333007812 7560.28301563859 1784.60837885737 23.7402682602406 219.890715509653 0.973464965820312 0 907.924357891083 26849.4751738608 241.425609886646 1.55707341432571 352.50048661232 2148.53624308109 5424.94679129124 1014.67296728492 15277.757942766 1.93438348174095 5.75685665011406 221.071883887053 3661.83151805401 203.083748519421 7055.93058022857 1154.76365405321 4392.9372856617 1451.88759815693 372.396354705095 174.568152993917 2.66538244485855 60.8164075314999 3.32392501831055 0 7.76283052563667 9.24608880281448 0.419760853052139 0 2.3763287961483 10.5879982709885 35.667430639267 0.511907398700714 0 2.25530475378036 50.8760739862919 3.37871181964874 14.2586616575718 1.12169760465622 0 2.90275597572327 1.03711396455765 16.7278527319431 0.433299213647842 424.16219329834 4.64577639102936 0 3.54409131407738 0.552686333656311 307.601220875978 173.660441368818 376.153630197048 142.234621226788 0 10.9175142645836 251.909565418959 189.818317353725 40.4115875661373 99.4031203687191 0 0 3.53368970751762 12.262650847435 38.8790476620197
29.2432792782784 3303.34577962756 182.404278963804 28.9726772606373 4.16381108760834 21.2832729518414 344.87576559186 73.5292537659407 6637.28788259625 45.0644777715206 45.3792994022369 80.6162136793137 183.927474975586 98.0981644392014 155.116031944752 5443.62993332744 66.3819738030434 11.2931292355061 36.3167780637741 11.6257856488228 907.924357891083 0 2162.21546801925 7760.29830691218 462.014644235373 150.603095412254 7806.51866206527 2056.02083441615 236.916654497385 579.456430524588 7.86417883634567 0.932909429073334 84.7239810824394 207.064180791378 32.6389514803886 1012.2898158133 189.555015802383 454.550088524818 177.315710544586 331.897908210754 22.9298892319202 52.3746509253979 54.7231351733208 4.48327910900116 3.13006973266602 5.77398952841759 10.7335298061371 5.33273935317993 0 3.92869845032692 70.4756624698639 85.7982232272625 7.15598329901695 0 2.10079774260521 66.5247594714165 8.63960492610931 36.3003330826759 4.59371376037598 4.8063645362854 0 3.02199256420135 13.295795917511 0 547.940850347281 14.1340607404709 1.6756694316864 2.30986791849136 1.14437222480774 208.833083540201 450.025118798018 631.871811777353 174.165848881006 4.59585344791412 35.1787607073784 694.144615083933 198.737505614758 30.1445546448231 83.5084183216095 0 0 7.28874808549881 32.3658792674541 7.27547538280487
505.863470762968 133.483687579632 13706.3107270002 6.24906411767006 1.52901655435562 155.667606145144 2216.24005559087 939.243160426617 114.441106230021 44.459448158741 414.040578573942 8.62342068552971 56.0052516162395 1110.43947437406 3.79088848829269 12723.1933039427 9112.17022296786 118.180696129799 1034.39629346132 1.58409169316292 26849.4751738608 2162.21546801925 0 858.903139412403 19.8815977573395 2039.5365228653 15945.9888750613 6525.07098290324 1635.29597201943 8274.12770715356 19.1793767809868 6.04502266645432 227.33035415411 4208.13354712725 425.128277897835 12997.7188052535 5254.90601247549 10138.743673116 4637.11583662033 1087.7062292397 269.468130290508 9.11984837055206 63.0281540155411 3.04869124293327 9.39084419608116 27.7747130692005 6.29430305957794 0.760965526103973 0 8.09717062115669 112.321529060602 354.360941141844 0 0 0.757147341966629 114.866246491671 31.7259892225266 26.889644742012 9.12491628527641 7.68794751167297 0 4.92710074782372 37.2170704007149 0.272663444280624 696.452282726765 55.3298495709896 2.63010600209236 12.6557769477367 1.13118159770966 256.229530572891 505.819191008806 2177.33397960663 147.452088236809 7.15572834014893 93.4023772776127 2948.55608594418 193.137530207634 22.3303218781948 103.816976547241 0.468968093395233 0 2.79301846027374 24.7677357196808 116.953694164753
226.472153663635 520.074704527855 67.5549409985542 3727.89571917057 23.4942609667778 533.206375390291 5234.85264748335 616.398275673389 15520.0519220531 1392.99265983701 15.9344800412655 748.927022635937 40.6953975558281 645.727796539664 652.831277132034 3140.66318419576 27.0287437140942 4.36536201834679 13.3725840449333 1035.82483944297 241.425609886646 7760.29830691218 858.903139412403 0 104.778315067291 57.0496015846729 2514.73142683506 28237.5815761983 982.066826045513 966.002374649048 4.40151160955429 7.38839817047119 263.137744277716 410.817959159613 64.149354070425 2261.84823387861 71.642786771059 581.816759228706 138.678261101246 1061.04400807619 77.065145611763 9.22227439284325 426.283788233995 1.72762697935104 31.8927861452103 44.2023096084595 82.1067340970039 21.4120130836964 0.945184051990509 59.5665644407272 10.9741567969322 14.8173792362213 202.779949873686 1.39926663041115 99.6091400682926 1314.52187046409 232.482227951288 746.288318842649 215.220007270575 0 70.5099660754204 1.3994472026825 220.393296062946 17.6202696859837 276.50961253047 6.9027207493782 0.319923311471939 2.78401067852974 109.75636523962 278.665208280087 185.815155416727 211.109922707081 1967.69456827641 0.425735682249069 10.5127792656422 128.74707762897 2120.61160567403 211.555614471436 295.52987959981 0 5.63990384340286 36.3713012039661 106.008224308491 17.0430089235306
0 2277.07487654686 7.96404391527176 0.965353727340698 1.59664106369019 4.59735107421875 4.81155079603195 5.48461109399796 354.581934094429 1.44763308763504 1961.26513123512 4.91428595781326 8223.74691790342 6.30951434373856 9.97305673360825 11.5125253796577 41.8721684515476 312.59442576766 209.69395339489 0 1.55707341432571 462.014644235373 19.8815977573395 104.778315067291 0 1443.6340713203 5440.86516797543 15.5041218996048 1.73899561166763 5.36963587999344 329.507326096296 0 0 172.683378398418 1.8170970082283 43.4658802449703 1312.19184222817 512.473798960447 30.5605610013008 21.5088509321213 0 4206.33265018463 16.4504159092903 324.850793838501 15.6609997749329 8.00276386737823 0 0 34.8464606404305 0 96.5513721108437 3.78324526548386 1.31257879734039 0 0 0.693543314933777 0 4.04625728726387 0 174.388455629349 0 485.965699762106 0 0.387450039386749 1.05659985542297 9.05051934719086 90.2546667456627 52.4425045251846 0 1.28216195106506 5.15208226442337 1.1913657784462 1.16074225306511 346.342786669731 487.450685918331 521.697694063187 1.26210409402847 0 0.49448561668396 70.6419100761414 0 0 14.3442175388336 0
32.4596075117588 1029.76464614272 6144.35695981979 5.75781619548798 0 23.3146621286869 68.3564658761024 136.526241451502 79.26065325737 12.4646433889866 9817.59776636958 8.13952174782753 2755.39616030455 132.760438889265 2.99395498633385 40.4638455808163 5638.24823474884 6100.14084199071 12046.4540497661 2.77950483560562 352.50048661232 150.603095412254 2039.5365228653 57.0496015846729 1443.6340713203 0 24140.4862040579 89.6062732040882 189.664275586605 385.016673177481 2371.53624746203 13.3639509379864 22.3944981694221 2196.63997361064 45.3302969932556 2229.3012932241 4318.33171021938 5369.70702752471 1341.83483162522 71.7490655779839 25.6488148570061 91.4286636412144 81.8830105662346 129.153654098511 51.5749594271183 79.8349332213402 1.46295183897018 0 5.77830994129181 0.59461373090744 437.133348464966 133.881269931793 0 0 0 4.17693462967873 1.85122859477997 6.9858435690403 0 129.687620103359 0 268.104199051857 4.15683048963547 0 10.6594354808331 126.234969735146 156.813303589821 229.311529248953 0 9.39348286390305 34.1699309647083 52.2635316550732 10.8142726123333 334.305506944656 2048.47291103005 3042.81797915697 10.7371183037758 1.10572016239166 5.99770584702492 51.2472297251225 0 0 56.5555714666843 24.6844691634178
87.036571264267 8174.36818984151 6142.40686225891 14.2456375360489 8.58104702830315 58.3531391918659 911.137940853834 245.196955725551 1119.44805184007 49.237643122673 3648.86049982905 41.4765554368496 6583.38331767917 296.547739490867 67.614880412817 7498.7001631856 4269.08373847604 1298.61304339767 2784.73882299662 8.97220915555954 2148.53624308109 7806.51866206527 15945.9888750613 2514.73142683506 5440.86516797543 24140.4862040579 0 2433.48836317658 421.377124488354 1008.42622840405 2590.60915544629 6.3502870798111 77.9375698566437 2988.40523830056 282.520562499762 8601.24607038498 7590.34106656909 10566.4197410047 4088.76671651006 651.153498589993 151.747538477182 165.652984678745 230.450773090124 228.7268473804 90.9704557061195 173.209352314472 12.3776561319828 2.42315804958344 11.8128136992455 11.513183504343 1344.77242028713 1565.1317755878 1.38569644093513 0.415306031703949 4.09941583871841 117.664886802435 22.271009683609 27.45979398489 2.73956483602524 199.80843397975 1.62042701244354 336.105580419302 34.8583470284939 0.870763540267944 367.920733362436 428.753386408091 206.761206030846 370.383393734694 2.4679571390152 143.748394817114 622.012237548828 1977.80362412333 117.296864300966 415.273741781712 3359.73117744923 10359.9900727868 122.330215364695 17.9731367826462 121.206971555948 61.7848599255085 0 3.16545858979225 125.985045492649 79.5673282146454
815.693903148174 104.867133200169 498.145925164223 16432.6853336692 7.5652329325676 1245.42775538564 24092.5169013739 1537.11697345972 2788.59638383985 7398.35637292266 40.6577466130257 642.765449762344 13.6938088834286 1759.12217402458 94.9839438796043 5093.19390240312 189.574214965105 10.215703099966 26.4093889296055 4673.98264709115 5424.94679129124 2056.02083441615 6525.07098290324 28237.5815761983 15.5041218996048 89.6062732040882 2433.48836317658 0 2256.65055289865 17095.4985787272 2.14705753326416 14.9597937166691 619.580226153135 1384.48888519406 179.450831443071 5464.35927468538 301.544263362885 1803.57252603769 558.400503307581 569.510423600674 179.629287093878 0 327.359820723534 3.94578927755356 29.8182564675808 31.9604250788689 63.2992115020752 14.6126640439034 2.27490448951721 69.6182897984982 18.7586069703102 30.1058496534824 113.95362636447 0 60.1411537230015 902.695031642914 140.293543040752 437.602572500706 122.31841853261 1.88318943977356 56.9046502709389 0.970173090696335 149.300642967224 9.70076882839203 517.446863442659 10.1793981194496 0 1.75284463167191 37.9935574531555 467.635275214911 230.298303723335 351.71403041482 1553.23621159792 0 14.1199344396591 245.495129793882 1676.65051048994 232.775117307901 440.487392514944 0 0.907939255237579 32.1328463852406 91.7125525772572 32.7393888235092
12181.4265929759 19.6935866773129 572.102791875601 238.269952356815 354.374451100826 1212.52061247826 4503.90033507347 4042.37884368002 345.492445409298 989.830322533846 381.891849204898 362.88593775034 24.7337768673897 16967.5502622724 169.608464598656 200.528383851051 423.647138357162 29.6335082352161 117.016800105572 287.537789344788 1014.67296728492 236.916654497385 1635.29597201943 982.066826045513 1.73899561166763 189.664275586605 421.377124488354 2256.65055289865 0 14230.3146337271 2.34363234043121 1907.07824960351 13622.6920863092 3444.29451173544 131.797695726156 2582.58013898134 152.533586144447 2440.79856744409 205.775032430887 792.482078462839 1335.85153833032 20.4423533678055 35.3587126135826 1.1128009557724 0.695617735385895 2.36739408969879 7.12650844454765 3.00353738665581 0 6.46760150790215 3.06561768054962 3.15090471506119 6.73717501759529 0 3.6271852850914 105.500002801418 8.62651020288467 34.5741603970528 10.7445016503334 0 0 0 22.7020637094975 0 48.0769094526768 0 0 0 3.40988251566887 41.9241779744625 33.4567952156067 29.7910400629044 181.914724141359 0.728859484195709 2.53248569369316 39.7612139880657 218.212005764246 22.9496024847031 45.2883639633656 0 0 2.59014999866486 13.2433087527752 9.86415234208107
3811.23765665293 41.1379484832287 1436.78508025408 10.9141664206982 5.53298217058182 206.372450500727 10869.5891560316 1833.86878615618 400.909494310617 99.8935127109289 123.01900562644 11.0313974916935 13.8538661003113 3466.20455905795 8.94905015826225 572.787740945816 1394.96190428734 31.1789280176163 254.998063594103 18.4891307651997 15277.757942766 579.456430524588 8274.12770715356 966.002374649048 5.36963587999344 385.016673177481 1008.42622840405 17095.4985787272 14230.3146337271 0 4.9624425470829 13.6066009998322 995.727209359407 4708.71333369613 162.213132172823 5001.1872061789 388.803570330143 3120.38102531433 744.650685995817 332.156954735518 169.682168871164 5.78194755315781 49.0794465243816 0.766327321529388 7.47527593374252 6.58761087059975 6.29308477044106 3.22154146432877 0 8.43914294242859 2.86329817771912 9.90451166033745 5.27194479107857 0 3.83106333017349 106.705472975969 19.7312727272511 46.2326845824718 4.14018756151199 0 0 0 24.829047948122 1.04229640960693 143.146276950836 9.06616741418839 0.458186596632004 0.583435595035553 0.4491226375103 131.497973114252 66.4385114312172 149.13680139184 230.510804325342 2.53949558734894 4.68870669603348 96.9519029259682 274.173963069916 40.2372268140316 80.6861892044544 0.518324553966522 0 3.05498248338699 23.1074101626873 19.7271883785725
0.541628360748291 37.737942636013 19.7365494370461 0 0 0.872860610485077 1.24036943912506 10.755591571331 8.35841926932335 0 1473.07109129429 0 6288.76257443428 3.97853147983551 0 1.74007466435432 45.2760069966316 150.109616518021 110.074904114008 0.61899608373642 1.93438348174095 7.86417883634567 19.1793767809868 4.40151160955429 329.507326096296 2371.53624746203 2590.60915544629 2.14705753326416 2.34363234043121 4.9624425470829 0 1.16662764549255 0 71.8724763095379 0 20.0965534746647 300.539287686348 205.433305203915 6.96730208396912 0.6809161901474 0 28.7904092073441 1.95172834396362 24.8318948149681 3.87634962797165 1.45531642436981 0 0 3.93824428319931 0 3.98129573464394 1.7107959985733 0 0 0 0 0 0 0 24.4648194909096 0 63.3423749506474 0.453210741281509 0.468917071819305 0 2.01380890607834 17.6339832544327 9.45370519161224 0 0.729349076747894 0 1.88608139753342 0 53.1810723543167 80.1263189017773 87.2385514378548 0 0 0 7.1414589881897 0 0 0 0
8.03114598989487 0 5.99188217520714 2.782171189785 1400.96921753883 1665.09279178083 31.7597049325705 1392.22073233128 5.50120890140533 36.0486133396626 62.4764237999916 26.0221983492374 4.49912023544312 1033.81141355634 190.056660562754 0 1.02059179544449 2.60922902822495 3.15725922584534 6.12780249118805 5.75685665011406 0.932909429073334 6.04502266645432 7.38839817047119 0 13.3639509379864 6.3502870798111 14.9597937166691 1907.07824960351 13.6066009998322 1.16662764549255 0 2.22126179933548 1102.33353886008 3.0274461209774 99.4324377775192 7.21409165859222 185.775050699711 6.35245275497437 387.287656128407 1788.91158181429 4.92612993717194 0 0 0 0 0 0 0 0 0 0 0 0 0 0.52683037519455 0 0.584656238555908 0 0 0 0 0 0 0 0 0 0 0 0 0 0 3.04224136471748 0 0 0.623055636882782 1.96692186594009 0 0.440807521343231 0 0 0 0 0
135.127478212118 1.2122842669487 45.6929958760738 20.5947060883045 0 18.8936893045902 683.444565862417 62.4084904193878 108.49193406105 50.8604320585728 10.1475193500519 9.81515622138977 0.46560063958168 161.16184964776 0.514599561691284 85.6171010136604 52.0837016701698 0.522000074386597 18.0134818851948 9.3022862970829 221.071883887053 84.7239810824394 227.33035415411 263.137744277716 0 22.3944981694221 77.9375698566437 619.580226153135 13622.6920863092 995.727209359407 0 2.22126179933548 0 652.098959594965 45.7515645325184 471.806851923466 24.3358148336411 420.031041204929 56.7598322033882 45.0751579105854 33.7230572998524 0 8.4726370871067 0 0 0.576899826526642 0 0 0 2.67895758152008 1.70148205757141 3.13616347312927 0 0 0.507357239723206 24.3199437260628 2.6640927195549 12.7603903412819 2.40449786186218 0 0.811695396900177 0 5.34579372406006 0.791685223579407 15.1981574594975 0 0 0 0 20.4054040908813 4.90602368116379 18.3937170505524 26.3529554605484 0 0.545592129230499 8.32052594423294 36.3576835393906 7.19806605577469 6.86159229278564 0 0 0.795327126979828 2.29053872823715 3.43138700723648
