0 146.899580996651 104.185656209607 85.005978093642 92.5284836369075 65.2518227361683 31.3521141778925 46.0612671025856 74.9267003376196 60.7531375883949 105.908882613404 89.2497938671191 141.10260570352 26.1963043317181 83.2856519927747 103.478775577126 113.403851255677 195.53473376968 131.839153761662 62.4001943180862 90.0857686207543 90.1992857496631 94.2939583296267 75.8915105853869 0 128.789162772213 119.949926268561 75.3131490906135 23.6736290513769 34.9702238437544 220.943161010742 91.3641992548704 54.4496762362989 68.3658789392495 150.194676371429 86.4971064812778 93.5894866545712 79.7826455442299 93.5381005054255 75.9968740277931 77.2994409053579 176.836761474609 151.337778612757 0 0 174.549291227643 160.450088500977 0 0 0 144.690216064453 140.567993164062 169.110527072282 0 181.176517764872 145.942935535886 182.298184575378 102.19705497443 172.819946289062 0 144.96696472168 0 185.225833254789 0 153.614905967334 183.925674438477 0 0 193.134307861328 154.938805458232 91.3387070682057 181.884754057911 152.995180141273 0 0 161.108125476508 155.417429248462 179.144014131596 146.914095981585 0 0 0 159.424330954273 168.77874503179
146.899580996651 0 47.2286357894853 127.524574608248 132.427253709293 123.998144854485 124.203745283163 149.632046236237 70.6844330194738 141.674258218497 61.9598495202252 104.558799045828 47.8650421739958 140.901996101919 105.800935134544 65.2108069117282 53.8141827339127 66.4843570429784 58.7546507284844 113.078994750977 92.4540901328085 26.8177248290402 72.9796171213902 82.7736780419778 26.3488246118135 46.9784407711771 33.4587478183871 102.551071368716 128.884445213112 106.769829454265 64.7480049641813 0 153.386753013326 60.5324202729331 162.714175452833 82.0108849220172 54.8378206635667 62.0503489785772 67.2402480576728 96.2484685903201 91.1542051030571 42.8774406030716 97.9434167661022 66.7902278249261 84.4490413275915 77.3813192364758 120.213339195143 0 59.2689424188903 0 21.1489110318804 61.8807662888507 189.290374755859 0 0 207.519168723432 244.88835144043 126.186814145222 205.870888018115 82.661657998295 0 81.8259422657104 153.666415438166 0 113.504994044707 65.4397027931061 88.5735418094148 77.6089133261882 191.972152709961 106.448868111645 63.8371477145208 94.7475038919991 121.591076962073 45.9897857995127 62.4046427911072 58.1375790492255 159.522872273827 134.480398973938 132.058268643026 106.933835435687 0 0 74.9241317300833 165.1515236177
104.185656209607 47.2286357894853 0 127.250877380371 184.235168457031 128.12866670457 98.5799701493785 128.615771941669 106.958962343758 172.701139522843 87.3137761732111 174.424750448588 95.087524030204 122.979011890185 0 97.169046936654 40.646613858782 83.5418164394715 65.5197545996933 185.860418392525 71.944237861623 65.2359816484746 39.6463757146645 113.778394605052 90.3459101293763 35.2929302922375 36.739112686418 91.7090137471094 110.165148263209 84.7118820083603 92.9408031123474 150.689324836282 101.555207776076 69.2539055330804 151.379796289058 76.5489813295466 48.458526435466 59.6991731912667 64.6345501795295 87.1788771243305 87.2284829535848 102.570461651484 142.192994269832 114.745005455016 127.464491477101 133.470775169759 177.800681324445 0 0 168.194937500692 68.3554598280533 102.164072990114 216.682968139648 0 0 163.799940570897 198.195606893774 136.074842600047 204.419432094644 144.154379204944 0 137.293366580381 173.750279948397 175.753646850586 137.430696137453 110.662817712874 135.037204532273 129.101883593535 212.937042236328 149.691905021393 106.505621369533 118.286672949206 164.32335543882 124.183501925276 109.433226569076 100.311464108569 172.207083409087 195.662852601403 162.59482682084 163.143371582031 0 0 119.030273103037 160.056058008882
85.005978093642 127.524574608248 127.250877380371 0 130.980935655502 63.9635957358389 44.8287277739096 96.6505739453653 63.2546276991154 27.7154467535567 146.141334991739 46.9104510893732 155.979461669922 95.3420751443035 77.2224671577922 89.8174817331456 156.155487060547 201.015289306641 0 13.0393426422979 150.093468716562 109.697757920043 121.099082820296 31.8893781282963 163.184036254883 167.843790884564 131.928908472833 20.9790945165006 98.9228258563341 97.7780160253582 0 127.264900066971 93.5508442172166 100.139134865483 103.75322861593 83.9165516486257 156.744848844946 96.1231585713084 112.818255875531 80.4948226270935 98.3446593819564 0 85.064307475467 0 196.477950683944 0 117.951622501332 0 0 180.053288484949 169.541351318359 229.240921020508 41.4774192098507 0 161.628860527249 149.504632168281 173.861977222418 84.6625139670177 151.970391080643 0 30.4767619004504 0 173.479243295232 128.055617160015 189.278996207822 0 0 0 56.7410541600935 157.996138054411 128.619240386909 149.839885714606 123.781230579738 0 205.294769287109 178.16828918457 145.19574717326 199.593726113894 172.843917674462 0 0 177.221252441406 141.810977791041 139.538242958936
92.5284836369075 132.427253709293 184.235168457031 130.980935655502 0 15.6949966908356 102.476587211944 21.6650918092167 52.1387511209084 106.572472279907 58.2667284438323 56.5674110288915 74.0037809228072 31.7295046267812 15.0366944200745 0 115.409034729004 90.4359104520597 104.227486116276 91.9962774786075 0 102.087545557859 171.721236275462 75.6431482421276 172.766967773438 0 123.637803100383 133.2024516916 25.4049251073379 116.754742677905 0 13.2200848794696 0 16.5724718830396 76.0369491577148 71.5861529500027 101.13402557373 38.85046739583 45.7041572515605 11.3757927766655 9.0039951046886 55.9264644989173 0 0 0 0 0 0 0 0 0 218.692276000977 0 0 0 0 0 139.546051025391 0 0 156.69108581543 0 195.830429077148 0 0 0 0 0 0 0 0 0 214.611771519915 0 0 0 212.727066040039 0 0 0 0 0 0 0
65.2518227361683 123.998144854485 128.12866670457 63.9635957358389 15.6949966908356 0 58.8477148983571 20.3514432708332 80.755938154468 37.2763497593863 85.7882033444437 30.8457457538072 121.922386002304 50.7655107739917 23.8753861736764 126.565327430007 147.995925228389 136.985381419084 122.214765723057 48.2134093258121 121.844502908086 120.836459093388 122.35712558143 81.6576245875485 121.092373868468 144.198493127935 145.472892964111 80.3285806885441 50.1051996191865 93.8305435546312 104.989677429199 18.1289685513572 113.014068783435 41.1904625459196 69.0615523736685 87.5809539288205 110.223328855195 66.6206013658084 80.4055186589649 19.0982154231654 20.3505779306255 74.2294462313956 132.696926647221 0 226.023439764435 0 145.887729396167 190.717898182578 0 170.861031620674 0 211.81628738455 161.139032727229 223.56225944978 188.730754010351 162.114523860492 188.007613109118 105.604160720054 184.768850609221 0 110.611725132354 0 215.179388161854 149.743567907946 182.900118778939 188.028793334961 0 0 171.628806480632 198.387763629334 153.614376022303 183.620299247503 150.644955740556 0 225.72346496582 226.001600386429 168.532241436914 192.320233389894 184.5819633338 0 230.944519042969 164.007965087891 193.002642660652 191.310412629937
31.3521141778925 124.203745283163 98.5799701493785 44.8287277739096 102.476587211944 58.8477148983571 0 61.5783944108815 63.3444781726773 27.082056392802 138.799659418265 60.9140318951425 132.808449131727 47.6705167951877 82.0543262953055 80.3201431301282 118.636217247429 152.561380426644 146.896950594514 29.9186249560276 79.8829296160249 79.1066626267352 85.9686780713461 51.1402696850175 142.16570627135 134.501468098886 102.479682488712 38.5855248581598 69.3470289126243 28.4058233413604 187.619268024286 124.426034198618 64.3832007841206 81.7714318527726 144.585154371269 83.3543655314223 97.6394191818547 85.8879696643201 91.1316547122579 81.9438574931239 89.9948706535694 128.778222280112 143.168710138378 196.594984371843 171.80196206803 157.43415707244 139.481503834222 174.913845876064 0 158.861048912765 165.632152190412 156.369909834759 150.867009951037 200.97883605957 171.357320774484 141.114853073228 172.05036243905 86.3760690580821 166.246222702349 0 153.631009516512 0 176.34401433772 124.445063371245 141.825553287465 190.352081298828 0 199.067111268478 148.79630897214 152.593685859618 119.215637937236 163.684116755747 128.23449597105 0 191.065066340267 163.746951861697 143.203695285662 169.194422870052 152.70330440319 0 222.195554129682 149.10279931805 151.546415042202 181.779792743165
46.0612671025856 149.632046236237 128.615771941669 96.6505739453653 21.6650918092167 20.3514432708332 61.5783944108815 0 98.3452931373625 47.5754819931522 73.5980417069332 74.3854191703675 83.6648834950613 26.0081306893127 35.0048164969062 129.128779824358 133.760895026809 109.016361963543 127.371742621591 75.762747567261 113.470528973549 111.566834949118 119.670439341457 96.1285810335913 108.601289433548 128.834482265314 137.671723375087 96.9808682401941 50.9758404875371 81.8851646951144 117.669122630079 20.9039954072484 100.177402057143 40.9870331728565 135.289967907194 82.9566436812957 105.098459557447 60.1480420179954 97.0028710957001 29.8731409313933 26.9506362916039 71.952909487461 169.601692123854 0 218.7080078125 175.990295410156 148.506764395069 188.681350708008 0 201.82549545821 174.279938255386 200.532720123062 176.982057694457 0 208.246768529858 172.772289521041 211.968085533226 122.067223752057 189.665608114899 0 128.579757396778 184.863815307617 203.907368987238 229.058700561523 176.483729556746 218.5844692628 0 243.632736206055 196.403011198105 186.059092399394 142.828785890825 185.089457998847 161.070173738142 0 171.187090723009 187.141430933618 172.831231826813 197.916507928065 191.782394105507 0 0 184.088667122689 202.413122191442 185.286878484742
74.9267003376196 70.6844330194738 106.958962343758 63.2546276991154 52.1387511209084 80.755938154468 63.3444781726773 98.3452931373625 0 79.9306974244623 134.281927243553 20.0213192467773 106.942047186082 98.7102650569847 26.3998011513091 55.100024882971 129.830755646598 141.95662082625 135.966534477363 61.7634930586087 79.849697742018 31.0107171331775 97.5195451165931 26.9864420980068 102.412375164536 120.081213955408 90.84100940885 62.4665845964724 88.9944323965567 65.4592614875752 136.652312269951 103.549596245686 75.5465632594143 85.5747828389784 150.618284418335 42.2315487572864 110.096509059973 94.5561994148083 46.6929572130073 18.0057350248781 69.6880003375452 108.355762899338 76.2397260904116 118.912230635365 131.571540296746 109.366492738039 58.2721570659817 138.197373033257 0 114.190365088111 100.425077857609 115.727398413507 97.732154968257 0 109.894546047574 91.4322661453403 122.516878468453 22.1020230264294 109.142535277419 176.069960443856 78.4352470258534 170.08552880697 129.039582075431 68.8834241079555 88.0723735656619 0 208.224401564466 0 91.995139057405 106.482746510243 41.9990125181605 124.336553658594 66.1403351391285 176.976161277769 174.144907296329 156.888632150999 93.7823979580809 123.007915061865 96.2016657746787 0 0 91.3093551089769 106.188507628803 172.675674404773
60.7531375883949 141.674258218497 172.701139522843 27.7154467535567 106.572472279907 37.2763497593863 27.082056392802 47.5754819931522 79.9306974244623 0 139.415217146773 32.8377722029887 154.132894089065 42.9649474099943 71.5072238421158 110.226245796485 160.971190339037 171.400045997613 184.01442272063 18.5417976948377 147.850191322283 112.79646813163 138.233735487265 65.9545975611072 177.012954062674 182.040626866861 143.038226518138 38.3947108707293 103.193398632349 113.888381920529 0 120.979684131216 103.750980621155 98.0450457521369 108.833248349554 100.184049202453 147.110476598652 98.4807779741896 110.289491985407 78.9485407997442 99.200408928906 139.549245855814 108.853383544417 231.97883605957 211.533660888672 179.3759765625 128.538739728225 0 0 183.49531092147 0 235.693157526847 80.60744697678 159.799819946289 179.462681557424 160.305056614956 188.643049134675 101.46294805109 41.5589603341482 0 105.611434672181 0 197.344102636285 121.718597412109 200.841149980355 0 0 0 58.9680133281959 177.474258754579 193.028670122637 203.736993051037 141.23280133118 0 0 228.919201042691 164.733377289934 200.374906410853 186.25009364369 0 0 179.530578613281 167.319904504959 197.309724705942
105.908882613404 61.9598495202252 87.3137761732111 146.141334991739 58.2667284438323 85.7882033444437 138.799659418265 73.5980417069332 134.281927243553 139.415217146773 0 115.265681937539 21.0682471607854 79.8424729963931 135.434848651931 139.329969490966 58.4259053947756 26.464072177274 38.633116671464 134.770225674324 98.6375255471947 105.089479610891 94.0187607518899 138.321912523738 29.0349965324184 37.3037760942118 63.2850836037984 146.8404536998 71.352124824583 116.723165573174 34.122285831316 63.9526459163126 113.127794966165 23.7516880936918 153.021473614315 91.6803987161613 26.8474851458278 27.3765751585319 56.7301050910066 61.6029639971642 41.8931670665481 15.6935056938184 157.065090379828 55.0382376555975 121.336833975221 144.52243847794 0 0 52.1866690296868 0 92.3558571412551 158.685440189625 0 0 0 221.900352170399 0 203.304574038027 0 83.9644454604958 0 76.5338430116086 210.896654101762 0 181.810073852539 141.887232409766 102.718769714935 119.831227588323 0 0 137.906971009697 173.127105696948 213.445330764641 57.0139596560587 105.757672103763 109.640118961688 230.090941064298 216.637664794922 225.537368774414 105.702950202649 0 0 95.8642543617757 163.07227185392
89.2497938671191 104.558799045828 174.424750448588 46.9104510893732 56.5674110288915 30.8457457538072 60.9140318951425 74.3854191703675 20.0213192467773 32.8377722029887 115.265681937539 0 152.061863066004 89.4604075710038 18.6927786247366 138.222925193245 183.839309171367 142.96549987793 147.465249282978 16.5373444767815 156.387733797998 74.6900322850258 140.467911753438 37.8182406430547 134.616075139046 163.530975706558 125.255313290753 59.6702755932869 95.8402825409796 127.114649817413 0 111.522221211583 97.6919613507295 91.869173589911 15.0674663125901 64.7134664138649 131.769060333359 89.8159614782594 88.1115267432406 21.0171088605313 87.6914931666146 137.676788330078 67.0464449418094 0 145.951073537676 0 97.5125922845319 0 0 81.1261367797852 0 0 25.9965839592259 0 101.087903697701 136.006639789697 112.409144029803 45.0544228473778 31.6591536378948 0 15.7793216506301 0 171.080290117922 41.2561362687678 131.261121832747 0 0 0 15.9716176015081 0 0 0 89.2519155912275 0 184.666793823242 208.962890625 108.57679299477 183.987709262069 227.830200195312 0 0 0 0 170.644271850586
141.10260570352 47.8650421739958 95.087524030204 155.979461669922 74.0037809228072 121.922386002304 132.808449131727 83.6648834950613 106.942047186082 154.132894089065 21.0682471607854 152.061863066004 0 94.7461466641225 146.419825177481 127.587279150921 83.0236402056945 57.7806215873204 70.9154755782333 170.838095050954 147.076785425312 85.4515831486735 112.8567255407 137.642797368822 21.9932085163988 31.0693586008817 36.1368184023687 146.989149939156 80.7453744849322 131.087125712548 10.8426531571747 79.9408768807652 150.068466186523 19.6509668285891 86.9532197870565 26.5565887229406 24.0854481012837 24.6663372892617 17.2902673868556 73.5694555519434 14.5951823058945 12.8791419503451 68.9304202009625 47.5009967331694 107.135815895864 88.149026478537 0 34.3305496150584 48.6566579277425 184.779846191406 80.7655324262233 132.929105138204 0 0 0 201.673653673635 0 154.852190034684 0 73.5189575509171 0 65.3919659428922 244.934463500977 0 179.099090576172 120.995004000385 93.9038559378161 105.062796693196 0 0 144.041627085965 162.035502075915 180.166352080883 48.5774972681904 94.4876275999406 99.1309474032397 0 0 204.119629996161 87.613747230211 0 0 103.739079108165 89.9059685071805
26.1963043317181 140.901996101919 122.979011890185 95.3420751443035 31.7295046267812 50.7655107739917 47.6705167951877 26.0081306893127 98.7102650569847 42.9649474099943 79.8424729963931 89.4604075710038 94.7461466641225 0 56.3704573295689 125.137391413506 129.679338361939 125.626714368104 125.906840775526 68.3808550741043 111.545031389455 104.748524592667 116.40431473689 97.087417396684 113.83908345737 134.289954046593 137.907368835488 96.2210116316745 33.9484799704155 72.0573728534399 144.092476793034 18.6817336866047 69.4062282514918 49.7188668601309 141.062042443032 84.6322115177551 106.771401384034 63.3346053265803 97.8345038251682 49.4970878948583 42.1135506856631 81.1974449642854 187.191244086787 0 217.242935180664 201.565808710302 204.105903233973 113.762916564941 0 186.134572375451 198.595840454102 221.915301211476 206.681569612635 0 205.892658851311 172.858347798006 198.740861183198 117.527018665821 194.686804074917 229.730941772461 139.148595410499 149.44563293457 212.754208043954 0 173.631298731164 205.803421020508 0 238.600814819336 193.453039988794 185.47580540549 143.179787472248 188.994879674779 163.785037249412 0 199.154354615725 184.699608624298 176.854139903825 203.933505389447 180.511027267494 0 229.810974121094 177.440598369152 188.521691125631 183.624365863189
83.2856519927747 105.800935134544 0 77.2224671577922 15.0366944200745 23.8753861736764 82.0543262953055 35.0048164969062 26.3998011513091 71.5072238421158 135.434848651931 18.6927786247366 146.419825177481 56.3704573295689 0 98.5662948509957 0 100.932670593262 126.367612706417 54.3525502445485 172.736325939152 74.3658856518017 127.011836223346 47.1241450344022 125.504846462274 137.192093763967 118.083263520554 85.8274832018022 52.0406453971406 96.1513623409602 0 38.3368326127338 121.193519592285 49.9886680169728 62.4582687696158 50.3724406351288 170.74302269741 76.8774459017497 0 11.1148488797077 23.2542374352097 88.9745902736394 55.2525147173076 0 0 0 76.0745541617125 0 0 0 0 0 139.347706873115 0 211.427627563477 124.693798539999 158.259506225586 55.9980341926815 138.062535388968 0 68.550973101868 0 0 0 182.727523803711 0 0 0 108.717437744141 145.245574951172 0 162.848926575733 96.0053201771113 0 200.328613962927 210.165298461914 126.312394366518 0 0 0 0 0 136.984747102285 0
103.478775577126 65.2108069117282 97.169046936654 89.8174817331456 0 126.565327430007 80.3201431301282 129.128779824358 55.100024882971 110.226245796485 139.329969490966 138.222925193245 127.587279150921 125.137391413506 98.5662948509957 0 104.302496938552 131.252917307848 119.412698159144 99.2513075003523 24.1567074438938 33.2312236028544 22.3383937481927 38.6141251288645 107.194542123884 122.27431128134 38.8832396885158 40.6042906394656 97.3187464948571 77.8923467516282 122.749285939907 0 83.9200041440067 73.2514432343667 147.122950962101 75.7654331290061 55.4188277374221 77.353682183682 76.9914320795141 89.236104222288 85.5263756949296 103.031143494163 127.588043958918 146.364610594749 0 134.00345957653 117.19244661538 117.107803344727 169.953887939453 139.083940188838 123.816124762706 128.653182039227 183.107986450195 137.267074584961 182.540153399236 150.914786287198 175.892503661758 103.293799290364 170.305074288236 186.731735229492 95.8715383053651 204.511724826699 176.164766994794 0 111.040119744764 157.596451066246 197.808664102296 176.985687752678 0 121.590223723738 68.407467083247 119.246612758344 119.595559334211 207.948791503906 166.220441366262 118.012233097147 129.370385131264 145.525238775867 124.34875381453 0 0 123.278631571946 128.339763719755 163.546941600949
113.403851255677 53.8141827339127 40.646613858782 156.155487060547 115.409034729004 147.995925228389 118.636217247429 133.760895026809 129.830755646598 160.971190339037 58.4259053947756 183.839309171367 83.0236402056945 129.679338361939 0 104.302496938552 0 52.5975287122248 26.2209264579218 144.435275048379 56.1258409124145 90.1411560204081 34.6812294114269 130.570350376776 70.7920206420913 35.5642426494879 64.6265264548229 103.370781648131 107.609018035878 75.1356330757143 87.7977521256076 163.845635683434 98.6802180854566 44.4128371513864 160.378230902218 81.6001291878712 51.9329477657672 55.5476765805876 65.153969546531 94.7884501006364 104.026492825323 73.7744270196496 133.883090931697 129.452812375934 122.24422868028 127.266246660551 160.081451416016 0 0 0 71.8909002700935 107.706182887725 0 0 0 217.518905639648 194.888259887695 147.362757691598 0 128.493268485504 0 127.682940265645 0 0 135.258922308344 115.043958407299 134.965919263646 130.553965829318 0 138.10850899153 102.492375098009 134.693740527694 179.577092347603 97.1679907487375 110.714630573155 110.057560844609 200.085826637979 230.603513530215 194.317248498749 134.969698906068 0 0 158.726615485144 174.779413075398
195.53473376968 66.4843570429784 83.5418164394715 201.015289306641 90.4359104520597 136.985381419084 152.561380426644 109.016361963543 141.95662082625 171.400045997613 26.464072177274 142.96549987793 57.7806215873204 125.626714368104 100.932670593262 131.252917307848 52.5975287122248 0 21.614803371428 0 122.205111941941 102.700777717434 93.2753590338778 159.202448104266 51.4315017194988 31.6966193538561 67.3192909972145 154.910265390719 119.777273751948 124.658089884743 56.6156509428865 129.405818229075 125.373023986816 61.9907336225763 158.0851741958 97.4523302171012 48.472672000117 57.5563305161907 74.6974395969924 112.036827938118 81.3596080713478 66.5610139412201 0 81.3668333989696 128.29783663608 165.666569507601 0 0 111.580554640916 0 89.9766913791245 153.006897979929 0 0 0 199.068710327148 0 196.528276681548 0 103.976522415205 0 93.7535332758578 0 0 184.452499389648 137.233263841485 113.393768674616 118.429983001433 0 196.345494426531 206.702743530273 162.425827026367 0 75.7740609209337 108.417248341834 115.418064609569 224.109497070312 0 0 113.997324919359 0 0 103.549633855232 169.923065331832
131.839153761662 58.7546507284844 65.5197545996933 0 104.227486116276 122.214765723057 146.896950594514 127.371742621591 135.966534477363 184.01442272063 38.633116671464 147.465249282978 70.9154755782333 125.906840775526 126.367612706417 119.412698159144 26.2209264579218 21.614803371428 0 169.745223999023 90.3968333383691 94.3807744543214 72.6395974153191 143.528654437824 56.0030256553315 29.5330485206786 67.7083839061647 129.136855779424 120.402405623787 98.61589055327 68.5706837527673 122.473111613293 127.251899839833 53.3268265306619 145.684403261219 85.6964302304792 53.235395385277 54.737292029192 65.9841796401278 104.141988765998 88.6869549051088 71.8066785371226 148.002732712571 114.373663367458 137.413770153613 135.1404845785 122.010902404785 0 109.878242492676 0 85.7781799528009 131.831662558744 0 0 0 192.076675415039 0 169.699645996094 0 140.614798042875 0 118.704552016522 0 0 0 123.16468474131 123.640661972876 122.496891674943 0 0 142.502677094021 157.40464214283 197.56513437491 82.8152070950109 110.343938485495 113.309966016329 217.512003893355 0 159.422882080078 117.101816488034 0 196.95881652832 139.073200459858 174.087925530823
62.4001943180862 113.078994750977 185.860418392525 13.0393426422979 91.9962774786075 48.2134093258121 29.9186249560276 75.762747567261 61.7634930586087 18.5417976948377 134.770225674324 16.5373444767815 170.838095050954 68.3808550741043 54.3525502445485 99.2513075003523 144.435275048379 0 169.745223999023 0 203.577423095703 105.341085369333 178.003284703022 32.7218884502271 0 161.956251212312 142.011305775492 26.7601324302682 91.9910368286421 124.490599656492 180.925247192383 112.358397964298 82.5938938169431 89.3383455032897 40.5727163802733 85.829150721431 103.48618282604 87.5601314917797 86.5220677262034 61.7398284543295 92.5215762485575 0 95.6863327586587 0 157.472793579102 0 140.489076888881 0 0 0 0 0 40.0047558213066 0 163.075957033171 140.841324797473 168.364775801852 79.8600034696104 164.862434168695 0 20.103135537327 0 172.938915851302 0 0 0 0 0 162.391165840906 219.25700378418 160.872467041016 0 123.850164402048 0 0 223.712249755859 150.984930921903 171.984147803013 135.903362775614 0 241.421005249023 176.163848876953 0 140.527542114258
90.0857686207543 92.4540901328085 71.944237861623 150.093468716562 0 121.844502908086 79.8829296160249 113.470528973549 79.849697742018 147.850191322283 98.6375255471947 156.387733797998 147.076785425312 111.545031389455 172.736325939152 24.1567074438938 56.1258409124145 122.205111941941 90.3968333383691 203.577423095703 0 61.918455917335 40.9290468169757 72.5512611737398 120.523617401546 95.2814525559927 81.1863785842541 38.0189618589634 90.4201129879224 38.4549632870605 173.658645763431 138.40434475162 78.9808460979223 45.7394517786607 146.248181512374 73.1601466175918 56.7613455185768 62.5498478853645 73.5255519638687 83.2454991612761 83.5135837890049 132.291697909556 146.294650353786 132.348791190266 0 164.920997618883 129.610682417253 161.258346557617 0 146.710779034972 131.416105406977 141.446556024976 151.799697875977 0 199.948270035521 160.990655948824 196.47558090687 125.686064298859 203.005325222617 0 122.248075022185 189.274255064091 173.690653604062 155.901260375977 121.853937570309 161.092861239148 0 178.568003321435 185.75309753418 137.573322994202 83.5730524121972 136.403448252996 134.043650697622 0 177.506133812465 136.808160338348 143.890877564314 152.3968201735 134.613445648538 0 0 144.31199478376 132.157648167561 170.398572338332
90.1992857496631 26.8177248290402 65.2359816484746 109.697757920043 102.087545557859 120.836459093388 79.1066626267352 111.566834949118 31.0107171331775 112.79646813163 105.089479610891 74.6900322850258 85.4515831486735 104.748524592667 74.3658856518017 33.2312236028544 90.1411560204081 102.700777717434 94.3807744543214 105.341085369333 61.918455917335 0 57.7259227216463 38.3346905847429 66.092356242148 87.3833480928109 38.8068739923353 63.6697171263827 83.3187322148204 65.0951202334851 103.047021648991 112.695678710938 64.8371091900917 66.9505383262762 138.074286112863 65.3891407306405 63.0790204751026 68.095312750847 66.8194151455193 67.7457813826361 73.3689508151688 79.8878664969433 106.021848409986 105.867685967178 134.60281158251 134.019908186287 95.9782712743834 124.838833166594 0 108.370598607674 26.9952824612671 79.3672555032052 147.521717964527 0 148.552796942342 126.801784269904 149.458687072345 74.5021154229267 141.721625516063 118.594084690437 0 107.70329907922 132.807356797371 0 63.8476025824526 82.450596365515 155.381561279297 130.726575744019 182.815835052829 89.3256047374233 19.8523045267138 73.8005868343525 91.5498715501649 116.839437123336 114.412335006359 67.6171269154835 105.511718622556 119.654610382486 91.897883523819 0 0 121.270643029693 76.2677995004205 176.863934128363
94.2939583296267 72.9796171213902 39.6463757146645 121.099082820296 171.721236275462 122.35712558143 85.9686780713461 119.670439341457 97.5195451165931 138.233735487265 94.0187607518899 140.467911753438 112.8567255407 116.40431473689 127.011836223346 22.3383937481927 34.6812294114269 93.2753590338778 72.6395974153191 178.003284703022 40.9290468169757 57.7259227216463 0 76.9387570645 117.972927478068 70.2646795086969 46.5770746894549 60.4084405421976 101.685602122101 65.4579340742415 127.831745897104 158.547106125152 93.3428045871539 55.7922212974738 147.031231576781 72.6287918466307 49.5282956721465 60.6322087452871 67.1226613609502 82.6349155121614 83.4139045145197 100.716358444126 162.727678732199 160.213083602455 162.227288340683 156.493460588276 173.433125904385 178.672073364258 0 164.731850036002 84.0587920837954 114.479907095121 0 0 213.554840111267 167.915979882715 192.032622030035 146.134882126324 188.390280406315 171.544822513358 0 175.038763267688 186.237720183223 204.249084472656 117.695690687173 133.612354807408 189.681238028255 151.424271266074 238.488693237305 140.246004892705 76.9106624956161 119.072376611409 152.847285816717 148.665455645179 135.862559125813 108.967091445215 154.554303953814 176.873905490469 146.887033710994 188.003463745117 0 163.318256321617 130.661934725522 156.38396358357
75.8915105853869 82.7736780419778 113.778394605052 31.8893781282963 75.6431482421276 81.6576245875485 51.1402696850175 96.1285810335913 26.9864420980068 65.9545975611072 138.321912523738 37.8182406430547 137.642797368822 97.087417396684 47.1241450344022 38.6141251288645 130.570350376776 159.202448104266 143.528654437824 32.7218884502271 72.5512611737398 38.3346905847429 76.9387570645 0 116.493601846258 133.389476584362 82.5513547856628 25.3582690894147 90.0170424717124 71.1149680538089 156.64612929774 133.41565461936 77.2062267956036 83.0133368027332 150.587545672128 70.0410286886957 101.514558932909 91.699721145555 94.3486715264336 44.8838954391197 92.8984936682636 128.717279489501 113.935182274611 175.639829839844 164.400049690233 150.088687867687 105.671401788783 158.002573976275 174.588983140466 145.809066528757 148.309978835737 176.022403754314 129.392177756643 180.93741590731 150.105703047984 123.884905378811 156.259189420524 64.261212320484 142.545025929443 0 112.795971794111 157.508331298828 155.935371914413 115.985871706013 120.971444090025 173.664136854022 244.652770996094 205.375861727477 127.988477828256 132.503076743328 74.2958132858012 138.665034779809 104.885126133162 191.040054321289 189.853737195257 147.581560022408 124.833833684853 152.477016599108 132.547954233911 0 188.504353082985 132.073672168944 140.600861573784 205.34998213647
0 26.3488246118135 90.3459101293763 163.184036254883 172.766967773438 121.092373868468 142.16570627135 108.601289433548 102.412375164536 177.012954062674 29.0349965324184 134.616075139046 21.9932085163988 113.83908345737 125.504846462274 107.194542123884 70.7920206420913 51.4315017194988 56.0030256553315 0 120.523617401546 66.092356242148 117.972927478068 116.493601846258 0 43.4676506618336 33.7851689302063 131.060520762034 118.946256588808 137.089185195445 46.5139654041534 0 0 40.315423810558 134.215601944726 94.9793325011126 18.9342347738261 39.7542534583603 60.8893504437096 124.578764325521 0 15.2452179814803 113.677617898847 33.3212508144957 76.5432133804106 102.437775126366 0 0 29.1565413563065 0 51.5538685520836 112.017255171382 190.591796875 0 0 182.678115844727 0 152.938481436322 0 58.2643693010474 0 50.6712805434392 0 165.889724731445 149.365371704102 90.0224506981045 70.4702647512794 83.2394339747134 0 158.821548461914 113.268604491542 141.214785314808 164.754422959695 28.1674342289548 74.0216774918655 76.9656565996703 215.308131006944 0 135.631423950195 71.2542798934737 0 0 71.4003802541543 0
128.789162772213 46.9784407711771 35.2929302922375 167.843790884564 0 144.198493127935 134.501468098886 128.834482265314 120.081213955408 182.040626866861 37.3037760942118 163.530975706558 31.0693586008817 134.289954046593 137.192093763967 122.27431128134 35.5642426494879 31.6966193538561 29.5330485206786 161.956251212312 95.2814525559927 87.3833480928109 70.2646795086969 133.389476584362 43.4676506618336 0 37.6894947122373 131.662439868892 120.719732437587 108.717739479514 23.149616614705 110.696223870899 120.399502771349 61.6649613699774 151.991059982731 80.920352695937 49.2730263975679 58.2231858270807 64.9226430470739 99.2680944629142 88.5068937977882 68.9570122296638 136.472608455975 91.6611988528549 124.266797367441 120.868685365772 217.123090480517 0 101.858520001787 169.986053466797 70.8062424520059 110.337046908935 0 0 0 181.913301073239 206.868170568126 163.467808629238 0 111.262304997479 0 95.6400256614696 196.192906011469 0 161.831819247417 104.876953478996 108.885697702861 108.968698960381 0 156.317648772606 121.755319685652 144.429946847997 175.667873128467 73.5382192456687 98.9137590513761 98.7573823476579 194.672842550668 243.966740846668 180.140799701632 112.565269528536 0 0 107.308685907825 157.963615965122
119.949926268561 33.4587478183871 36.739112686418 131.928908472833 123.637803100383 145.472892964111 102.479682488712 137.671723375087 90.84100940885 143.038226518138 63.2850836037984 125.255313290753 36.1368184023687 137.907368835488 118.083263520554 38.8832396885158 64.6265264548229 67.3192909972145 67.7083839061647 142.011305775492 81.1863785842541 38.8068739923353 46.5770746894549 82.5513547856628 33.7851689302063 37.6894947122373 0 85.5438706874486 125.354876539319 101.732408645643 26.4852033943623 127.826878373793 112.777242421356 72.1338889394186 153.252983817991 79.9482369307021 54.6876531807187 65.0977561570792 70.6510648934623 92.4098521566986 86.3611447938817 71.9241077245782 139.427091700524 100.825940054132 127.585219557827 119.211150993126 158.042715661247 169.203757460423 90.0148967582288 168.538594623007 64.3954426690904 99.0402554411151 200.156214630322 194.285522460938 203.15890100744 164.790340798699 194.922342292974 140.624863501955 218.615730294361 115.700169936413 180.134865692817 103.579689579346 185.516916730348 218.345406211591 115.37613439817 108.716373052171 114.194011609404 111.858988111251 186.650574955885 142.20734798372 69.3316602128908 110.239250108702 157.813103148429 75.4722397101214 98.4127923354003 96.90566788455 164.956252893615 191.048362618456 149.329559121541 115.870740633393 0 183.818729435786 114.331426119579 165.980065980632
75.3131490906135 102.551071368716 91.7090137471094 20.9790945165006 133.2024516916 80.3285806885441 38.5855248581598 96.9808682401941 62.4665845964724 38.3947108707293 146.8404536998 59.6702755932869 146.989149939156 96.2210116316745 85.8274832018022 40.6042906394656 103.370781648131 154.910265390719 129.136855779424 26.7601324302682 38.0189618589634 63.6697171263827 60.4084405421976 25.3582690894147 131.060520762034 131.662439868892 85.5438706874486 0 93.2621950136538 42.9248210745347 173.369705347219 144.471038446927 80.9551619710261 76.9113428461269 150.809939526829 79.1822156457859 80.4155052804151 88.4066202209123 87.546784377765 87.8496578493877 96.1598247499421 0 137.28786534576 176.57836936621 182.683557786001 155.541930245907 131.155917072413 171.029490026624 158.061782836914 156.970185494622 129.293378234053 165.325152509991 139.923719141231 0 178.867088030137 146.12697025424 176.663539648407 91.4337632260616 164.5388176281 235.06494140625 95.5293532014118 205.542744210376 174.34160951761 129.839434012721 125.95534052435 185.330163540474 0 194.456958705628 162.209535572062 139.444745526194 93.2087128307827 142.051249059314 128.791475689349 0 177.763128467505 149.57300756467 141.760160874291 163.884700853985 139.200242307735 0 204.262979940766 143.656506038629 142.561402800492 191.599451731766
23.6736290513769 128.884445213112 110.165148263209 98.9228258563341 25.4049251073379 50.1051996191865 69.3470289126243 50.9758404875371 88.9944323965567 103.193398632349 71.352124824583 95.8402825409796 80.7453744849322 33.9484799704155 52.0406453971406 97.3187464948571 107.609018035878 119.777273751948 120.402405623787 91.9910368286421 90.4201129879224 83.3187322148204 101.685602122101 90.0170424717124 118.946256588808 120.719732437587 125.354876539319 93.2621950136538 0 37.0665535893735 117.558964520621 14.55912089308 20.9405385714542 38.6900594363997 117.86853990928 69.4941327842815 91.7898968032816 56.1534704994135 77.8106013197638 47.0401208792748 28.390174546499 68.1820921161844 168.65956105398 104.291687011719 244.783386230469 204.368991945933 153.967135750176 182.275117822387 0 185.709854786676 144.510302402371 170.431329537939 184.073065078603 0 207.262203686581 174.517014129231 205.583314366145 118.368607334428 188.720918998074 0 0 0 196.456525575091 0 144.250081853496 0 0 0 204.992063454403 158.735143414754 111.19033487048 168.120305739449 153.08394561346 167.85823059082 177.785019331901 172.92706096501 165.082570753298 189.836179128838 157.492172827166 0 0 157.390365602133 163.810237933529 169.577531632441
34.9702238437544 106.769829454265 84.7118820083603 97.7780160253582 116.754742677905 93.8305435546312 28.4058233413604 81.8851646951144 65.4592614875752 113.888381920529 116.723165573174 127.114649817413 131.087125712548 72.0573728534399 96.1513623409602 77.8923467516282 75.1356330757143 124.658089884743 98.61589055327 124.490599656492 38.4549632870605 65.0951202334851 65.4579340742415 71.1149680538089 137.089185195445 108.717739479514 101.732408645643 42.9248210745347 37.0665535893735 0 148.865821391538 124.704314869764 55.6585174020106 40.7584860202291 136.859055037674 68.4289773866644 72.8652320722667 63.5385187140945 70.2906088214749 79.6416925311832 77.1066836250922 112.954948956272 153.288958747829 152.856430053711 172.685676076587 174.044971059629 128.774205819109 163.954799364928 0 168.316806409713 140.98976758734 157.42150477328 167.278805849764 0 202.400360105986 149.820191345963 179.189958521213 105.604431611608 181.738677663571 0 0 0 168.252103763565 117.356857299805 132.457692141362 178.715431265786 216.060699462891 186.432830810547 155.846496582031 137.426451912731 96.3894784183576 143.46379268746 131.709778719413 164.669137690243 167.017864527983 155.67967415767 144.113972650572 161.068140735539 138.758069794864 191.7666015625 0 171.992815505951 146.76195383837 166.447802067291
220.943161010742 64.7480049641813 92.9408031123474 0 0 104.989677429199 187.619268024286 117.669122630079 136.652312269951 0 34.122285831316 0 10.8426531571747 144.092476793034 0 122.749285939907 87.7977521256076 56.6156509428865 68.5706837527673 180.925247192383 173.658645763431 103.047021648991 127.831745897104 156.64612929774 46.5139654041534 23.149616614705 26.4852033943623 173.369705347219 117.558964520621 148.865821391538 0 107.603152874698 0 73.5190073520503 0 127.96927439682 52.3910712836526 63.8175678064807 83.8281898022086 98.0830078125 0 62.0011139139541 143.097812947545 82.8158728718469 120.205417464451 153.841186523438 0 0 80.0764287845835 0 102.091951308538 133.341705322266 0 0 0 0 0 0 0 100.895342720285 0 89.1199531318302 203.690948486328 182.450347900391 0 135.925464976276 108.314843915856 112.41126971504 0 192.179840087891 0 193.577234572872 0 74.9225413790637 112.382658537497 114.647765543926 0 0 0 107.175090978978 0 0 0 0
91.3641992548704 0 150.689324836282 127.264900066971 13.2200848794696 18.1289685513572 124.426034198618 20.9039954072484 103.549596245686 120.979684131216 63.9526459163126 111.522221211583 79.9408768807652 18.6817336866047 38.3368326127338 0 163.845635683434 129.405818229075 122.473111613293 112.358397964298 138.40434475162 112.695678710938 158.547106125152 133.41565461936 0 110.696223870899 127.826878373793 144.471038446927 14.55912089308 124.704314869764 107.603152874698 0 75.1397819464875 24.8859680673174 134.711589932234 76.9392354363004 71.5689722059179 46.5680979003617 51.6336480253398 34.8027814975751 17.3972436245423 57.3244536777365 0 0 0 0 0 0 0 0 0 0 0 0 0 207.560958862305 0 153.664642333984 0 0 0 0 0 0 0 0 0 0 0 0 0 0 194.802819481831 0 0 169.769104003906 211.788191853431 0 220.167999267578 0 0 0 0 0
54.4496762362989 153.386753013326 101.555207776076 93.5508442172166 0 113.014068783435 64.3832007841206 100.177402057143 75.5465632594143 103.750980621155 113.127794966165 97.6919613507295 150.068466186523 69.4062282514918 121.193519592285 83.9200041440067 98.6802180854566 125.373023986816 127.251899839833 82.5938938169431 78.9808460979223 64.8371091900917 93.3428045871539 77.2062267956036 0 120.399502771349 112.777242421356 80.9551619710261 20.9405385714542 55.6585174020106 0 75.1397819464875 0 27.1541868262218 103.51655488046 50.5767538319371 74.0538016883779 41.3379982202183 56.1809298878528 52.1825181563174 45.423689074549 0 158.071037792048 0 0 166.419677734375 0 0 0 180.13308827569 104.904251098633 162.798141125454 0 0 209.086380004883 161.869369805908 197.006731228138 103.180069090639 188.413879430504 0 238.992065429688 0 189.995671660698 129.458892822266 141.792398490658 0 0 0 0 140.16767226314 102.324244246113 152.74265385484 144.92759793329 0 236.797286987305 150.146768747855 153.830875059454 166.063124943698 147.762229928763 0 0 172.724853515625 166.159331194545 132.290183069832
