0 7.88076663017273 165.268929481506 54.0049196183681 8.46649715304375 401.3021658957 4929.33155804873 3892.8973146975 288.656831771135 512.283758014441 29.0943959057331 70.2521377801895 6.70240142941475 18406.5872511864 14.1393059492111 20.8832835555077 271.456412017345 4.82521039247513 87.6068103909492 62.257525652647 305.243550151587 131.623104125261 546.679397016764 403.23174610734 0.392914056777954 125.959773272276 136.300886213779 502.742559075356 10098.5411703587 4650.10984700918 0 10.4865600168705 301.140210658312 444.220868259668 14.0340499579906 479.10374045372 2.48440927267075 450.144145131111 5.64081388711929 158.408258587122 32.1585955321789 3.33488094806671 8.34756511449814 1.11435759067535 7.60243892669678 1.25392615795135 4.8013162612915 0 0 8.75063127279282 1.98139703273773 3.79815661907196 7.11923843622208 0 4.64471703767776 67.8463090658188 8.34817609190941 35.1035701036453 9.87902289628983 0 1.89558982849121 0 15.6702917814255 0 18.9699792861938 1.16677153110504 0 0 5.41091823577881 22.9786837100983 19.064313352108 10.4462704658508 111.466846525669 0 6.70137131214142 13.1602816879749 154.257663309574 18.6823481917381 30.9830030500889 0 0 2.59519469738007 9.68307864665985 0.862475246191025
7.88076663017273 0 177.927538454533 3.82376244664192 1.05635595321655 5.32553547620773 30.4618112444878 12.0405865609646 1262.55336686969 7.94957581162453 185.693254590034 16.4850991368294 866.620069891214 14.1222784221172 47.3618839383125 149.236303806305 182.214955568314 22.6064423322678 84.0914056301117 0.435063719749451 65.4113022089005 3531.96193489432 258.740667909384 1060.19504573941 2640.01174157858 389.928773760796 6243.91295686364 128.686634689569 15.1433868408203 50.4609431922436 75.1875346302986 0 4.86938884854317 85.4402362108231 3.75189530849457 59.9105502963066 83.4743219614029 61.6396014690399 3.1006435751915 61.8741784095764 2.86083924770355 178.651166975498 18.4919056892395 14.1103380918503 17.0828641653061 6.71670490503311 0 0 0 0 52.4998368620872 39.4482321739197 3.66223451495171 0 0.430329382419586 4.68040558695793 1.12860989570618 0.838747680187225 3.28985971212387 6.99462568759918 0 6.34915202856064 0 0 3.30773836374283 11.7415578365326 1.04608142375946 5.25302648544312 2.05998164415359 2.91426402330399 13.2460951805115 26.3474445939064 10.8316789269447 12.8980721235275 50.7152708768845 213.909762382507 18.2112282812595 2.09702253341675 1.64391213655472 4.74331825971603 0 0 6.16152048110962 1.00333744287491
165.268929481506 177.927538454533 0 23.5263492465019 0 129.350424677134 1336.89870154858 156.969880223274 41.0650793612003 130.991743803024 196.9535625875 16.444402307272 33.2932510077953 330.132749378681 1.15845623612404 67.1450390517712 6128.98529520631 41.7322160899639 634.044964939356 6.13433989882469 1568.28637948632 160.075175404549 13294.8141227961 115.732345223427 16.7492330372334 11346.4897008836 11896.6861300766 761.751218467951 129.727716356516 1027.51070991158 10.8952205181122 0.403906404972076 19.3004224300385 854.039553076029 19.1782428622246 733.108435958624 129.863357067108 306.03740555048 5.43223685026169 165.313307642937 22.0428884029388 8.17923802137375 108.981028676033 35.4809430837631 93.1770046651363 37.4557092785835 7.58185771107674 0 0 2.19874966144562 159.097594976425 442.635964870453 0.594270646572113 0 0 17.7966180443764 1.69915950298309 9.30002138018608 2.52718603610992 7.61401700973511 0.886161327362061 2.79083424806595 10.0685359239578 0.641706883907318 65.5600558817387 85.9597460925579 4.53062349557877 29.5485637784004 0 44.4402117431164 134.294229745865 247.925760686398 39.9133979976177 3.3064877986908 200.308541178703 1423.92074203491 37.4930603206158 6.38553297519684 25.1593432128429 0.490367144346237 0 2.94287967681885 25.9199892878532 10.6795319318771
54.0049196183681 3.82376244664192 23.5263492465019 0 2.67977181077003 189.971545100212 636.844924807549 130.871114760637 623.11048579216 6213.85306608677 0 3078.4682469368 0.279297649860382 133.987093567848 81.0295588076115 14.5443202257156 10.1341236531734 0 0 35554.4601082206 19.94431874156 17.193379253149 29.4192843735218 2545.21739047766 0 11.3796693384647 28.0122803449631 14449.2778211832 142.608898550272 33.812512665987 0 0.824536919593811 7.41645151376724 29.8120033442974 6.21321439743042 153.611525684595 0 79.972103625536 1.62088078260422 218.061798602343 5.58341348171234 0 17.8076444864273 0 1.13258835673332 0.482147604227066 37.5257549583912 1.02227583527565 0 0 4.20596691966057 0 352.621281653643 0 35.4641750752926 80.3767504394054 18.5243182182312 53.139580488205 114.538078576326 0.388926953077316 63.0007075071335 0 13.3214462399483 1.90681889653206 1.68244612216949 0 0 0 86.1053518652916 0.426715731620789 5.3204462826252 3.65289321541786 126.690616846085 0 1.01722455024719 7.30910840630531 160.516254097223 2.42710015177727 3.22391802072525 0 0 1.75673925876617 1.99739256501198 1.64393281936646
8.46649715304375 1.05635595321655 0 2.67977181077003 0 802.488355517387 7.8878348171711 436.309553861618 14.731104016304 10.9749478697777 5.56295108795166 23.4292519688606 0.974209129810333 148.818288236856 1857.91253125668 0.368298918008804 0 0 0 4.79142990708351 0 0.881837964057922 1.01088392734528 6.60876244306564 0 0.830425918102264 0.773501724004745 4.52673372626305 257.091333627701 9.74006122350693 0 1657.31195229292 0 1174.52612793446 2.79076153039932 49.6927328705788 0 59.0343881249428 18.2691733837128 3686.97080770135 4765.52455353737 0 1.29152917861938 0 0 0 0 0 0 0 0 1.0994690656662 0 0 0 0.366169959306717 0 1.01223945617676 0 0 0.442052394151688 0 0 0 0 0 0 0 0 0 0 0 1.79199922084808 0 0 0.49393293261528 0.894888818264008 0 0 0 0 0 0 0
401.3021658957 5.32553547620773 129.350424677134 189.971545100212 802.488355517387 0 4853.60292354226 18562.6515710354 348.962396532297 22228.0868504345 34.5827967226505 13050.7303381264 22.4660788476467 3208.39160656929 2247.69425886869 11.4846842288971 110.810345441103 1.57391428947449 17.6258197426796 735.601093232632 133.453329384327 37.9964082837105 275.739740490913 460.175370186567 4.30561685562134 71.9244057238102 94.3662467300892 735.993603736162 594.44309926033 371.650567620993 0.356070965528488 2154.41117110848 27.5782798528671 1101.62181946635 8.18541511893272 341.31368035078 3.62527048587799 340.133765608072 23.7203507721424 5151.46961709857 1176.74173527956 6.52104359865189 9.02378642559052 0 7.79766198992729 2.73899126052856 20.6844964623451 1.85962450504303 0 3.56771177053452 0.661015868186951 4.26637753844261 42.7895366847515 0.768657863140106 37.7650921344757 112.899269491434 27.181106030941 53.7457951903343 114.166221886873 0 71.5542657375336 0 29.7007297575474 3.81731528043747 8.31545501947403 0 0 0 39.01225066185 10.1820626556873 12.8763046264648 8.34916877746582 198.488102853298 0 1.84116986393929 16.8773718774319 194.039135992527 7.94296377897263 13.4216438829899 0 0.551005661487579 1.02250683307648 4.02650499343872 1.36758348345757
4929.33155804873 30.4618112444878 1336.89870154858 636.844924807549 7.8878348171711 4853.60292354226 0 3402.61074724793 2277.59472483397 14900.274669826 41.9402323067188 1155.85802361369 15.2288025617599 8734.52302613854 147.219400078058 296.634044080973 544.116069495678 5.0523310303688 87.4629874825478 387.368390500546 2421.21470198035 347.790571659803 3390.12460589409 4721.05638286471 6.93820521235466 421.115715682507 1150.6458016336 23916.1650748253 2995.32680884004 14759.6046990752 1.33605235815048 14.6179211139679 274.814006388187 562.843400061131 44.8115092813969 1832.43622979522 28.6861199736595 639.335511177778 5.05423027276993 527.696991503239 53.1945895254612 2.64668527245522 119.996113061905 10.7679823338985 90.8782493472099 25.7214638590813 91.5423866212368 10.0271334946156 0 43.7726942300797 14.2619267106056 52.6308383643627 110.18283444643 0 133.223096102476 882.625782847404 125.347914278507 343.310035288334 325.22836831212 5.71838104724884 140.86909866333 2.2543523311615 191.060461580753 10.1118820905685 81.7481749653816 12.6532868146896 0 3.5742826461792 136.013590097427 103.556624025106 115.140993505716 157.951785564423 1434.20630380511 0.457371741533279 18.858331143856 175.954109728336 1417.36150917411 90.8879047632217 183.30811420083 0 0.290027320384979 12.2234920561314 69.1296530663967 6.04322853684425
3892.8973146975 12.0405865609646 156.969880223274 130.871114760637 436.309553861618 18562.6515710354 3402.61074724793 0 390.858116149902 3906.61831209064 162.061728268862 1699.01381978393 89.8513927161694 32255.9281186163 990.49811732769 22.2793611288071 282.877839714289 5.41049772500992 88.9281417876482 380.307476788759 290.557236790657 91.9257840514183 528.635286122561 578.52235814929 4.20237696170807 150.391908794641 135.928874254227 700.56316691637 2779.69595125318 1719.3095292747 0 1110.93160265684 54.7159012258053 2414.77948445082 25.7413703203201 748.551828742027 13.1329027414322 1144.76901084185 69.8475602567196 2868.59741681814 975.639633029699 34.6483420133591 28.5964778065681 0.413465291261673 16.468115657568 3.09747740626335 13.807976514101 0 0 8.3401170372963 1.49772664904594 9.58238872885704 19.6307382583618 0 16.3385185599327 126.255728363991 14.671675413847 41.8191444575787 54.2320121824741 0.931386411190033 22.8896544873714 0.482971847057343 33.5255388021469 1.16712331771851 19.8601958751678 0.858027398586273 0 0 22.642049908638 20.2565044760704 26.7218636274338 18.6280098259449 216.820326924324 0 7.51167619228363 25.4036587178707 226.421725422144 26.022330313921 32.4396589696407 0 0 1.39556619524956 5.19702440500259 1.30320993065834
288.656831771135 1262.55336686969 41.0650793612003 623.11048579216 14.731104016304 348.962396532297 2277.59472483397 390.858116149902 0 1414.29381486773 62.0275966525078 2062.83189579844 176.826866745949 502.696103334427 1598.60170540214 83.7031562924385 37.9141418337822 2.46031334996223 10.6846686899662 494.646645247936 119.729377090931 3665.20070406795 150.863663136959 12386.0796032846 406.908710151911 102.202845364809 1340.11593782902 3514.02864080667 572.927505284548 762.975025981665 17.3016599416733 2.18972289562225 96.3288158476353 104.79326453805 10.0237580835819 422.549113124609 12.8768224716187 135.611962974072 0.880498379468918 1171.38485565782 7.0910117328167 13.9771380722523 53.1894328296185 9.06877598166466 45.1972235441208 3.28545522689819 42.7578224539757 8.39173018932343 0.40978991985321 18.5018113851547 19.0865857303143 27.5837581753731 92.0124257802963 0.799951791763306 32.9013594090939 321.000093460083 46.2666826844215 238.566282987595 141.366327136755 3.63197994232178 75.7946134507656 1.85653352737427 71.0000357925892 2.91443362832069 18.2395728230476 4.63831448554993 1.97520750761032 1.5216948390007 53.9381321668625 37.9197423756123 37.6471934616566 46.8818197548389 669.197237581015 1.04125484824181 32.0397857129574 98.627995878458 502.513552337885 54.2386065423489 71.8565345406532 1.31453227996826 0 4.96870464086533 23.3330319225788 5.23638615012169
512.283758014441 7.94957581162453 130.991743803024 6213.85306608677 10.9749478697777 22228.0868504345 14900.274669826 3906.61831209064 1414.29381486773 0 14.7006290853024 15959.704231441 12.5843564271927 3178.1802021265 223.717624694109 23.3981432020664 51.033467233181 0 13.2565142214298 16837.2247999907 150.696684002876 45.6178958117962 252.166794031858 1853.98886477947 2.430609613657 53.7474282085896 128.603717118502 11839.5879747868 1279.32798629999 252.632600486279 0 18.3218662142754 56.4734332859516 335.716934204102 45.3611158430576 1323.38953512907 7.2287260890007 713.02718693018 4.90382754802704 906.795791685581 63.3048844635487 1.97973012924194 63.5149598419666 1.29077416658401 14.7639261186123 0 100.522860407829 2.21993988752365 0 5.37974888086319 5.49237734079361 12.1777527034283 213.197973787785 0 132.680757910013 320.425292938948 69.0675514936447 250.33998978138 558.659137487411 0.486287087202072 379.718312770128 0.465743511915207 67.2072955071926 10.7886620759964 9.67842015624046 1.04064738750458 0 0.626317858695984 225.187057316303 10.7336373329163 20.5166516900063 26.4909776449203 682.215105652809 0 2.14603811502457 23.1139536499977 563.467357039452 18.8638160526752 24.8733220696449 0 1.3064432144165 3.33163547515869 23.0139691829681 4.80924832820892
29.0943959057331 185.693254590034 196.9535625875 0 5.56295108795166 34.5827967226505 41.9402323067188 162.061728268862 62.0275966525078 14.7006290853024 0 6.98749017715454 8359.13165557384 162.397333741188 4.13406783342361 11.873277425766 695.810720980167 5622.81496828794 7596.48798409104 2.45912843942642 59.7951528728008 109.504442662001 178.810837447643 55.6874433457851 2439.15688997507 7331.27828872204 3981.36455205083 22.184076666832 120.482407718897 109.160960704088 1222.50219482183 12.0780267119408 5.60974285006523 5633.39841899276 16.0873740911484 766.50428467989 5635.37600085139 13329.1828990281 343.302273213863 65.7702614963055 25.4397987723351 5444.02490001917 8.51072710752487 264.852292180061 20.0966546535492 3.22883719205856 1.03246033191681 0 31.9383363723755 0 65.1734072566032 11.6874516010284 0 0 0.939493298530579 2.01192751526833 0 5.37831217050552 0 246.931312054396 1.56798076629639 520.793830007315 0 0 0.747030973434448 7.61786210536957 77.718689084053 18.0500546693802 0 2.47023731470108 8.40466764569283 1.30441662669182 1.47771242260933 211.174137532711 361.964961349964 319.837658584118 1.24792581796646 0 2.55530941486359 121.22042709589 0 0 11.2684081792831 10.9930074214935
70.2521377801895 16.4850991368294 16.444402307272 3078.4682469368 23.4292519688606 13050.7303381264 1155.85802361369 1699.01381978393 2062.83189579844 15959.704231441 6.98749017715454 0 18.7649809122086 714.802670150995 2263.5902774334 8.59338819980621 8.32572036981583 0 1.94325050711632 22417.2374929488 18.1582498252392 45.9026771485806 22.3296448290348 3094.30579069257 10.732428252697 10.0512544512749 33.258661031723 1765.65272110701 254.68874245882 39.5545311868191 1.74388241767883 25.9814085662365 7.25683370232582 226.294692933559 8.53844913840294 239.629569023848 4.87981826066971 362.893568575382 18.1683658361435 4051.00917097926 48.6835034787655 3.54127222299576 12.0520640015602 0 2.18931025266647 0.431503564119339 22.5691520273685 0.516048073768616 0 0 1.16153144836426 0 611.606105327606 0 21.9270443320274 55.9322398304939 17.9945305585861 33.2840792834759 215.884421765804 0 1196.88719278574 0 5.070442289114 2.17123401165009 0 0 0 0 308.674098134041 3.88750141859055 3.47591876983643 4.61174121499062 108.441227972507 0 1.60052514076233 4.3575336933136 108.571105003357 3.80531051754951 0.933131754398346 0 0 0.785990655422211 0 0.312928766012192
6.70240142941475 866.620069891214 33.2932510077953 0.279297649860382 0.974209129810333 22.4660788476467 15.2288025617599 89.8513927161694 176.826866745949 12.5843564271927 8359.13165557384 18.7649809122086 0 67.6344672441483 7.48522186279297 7.06915816664696 35.7014860212803 145.511832624674 87.0782532691956 3.96190470457077 5.66435500979424 355.505476564169 17.2882070839405 100.996298283339 6979.84114199877 1084.86546465755 6946.46282407641 11.4764375984669 36.5905462503433 7.60670444369316 3181.08410364389 7.50281101465225 0 1263.96748715639 63.7307526767254 885.298008620739 2657.56977629662 2603.06984186172 596.557008624077 138.742190331221 507.514120697975 5601.1149096489 8.88415765762329 434.05713558197 26.0060186982155 3.50969564914703 2.14901387691498 0 46.3603863120079 0 59.1630100607872 3.75313985347748 0 0 0 0 1.05748343467712 2.17656075954437 0 324.903230279684 0 775.050113648176 1.67535269260406 0 0 9.70167225599289 110.871083855629 9.45753020048141 0 0 9.27766880393028 2.98933380842209 2.36722242832184 324.329595923424 409.715176999569 321.353837013245 2.20874261856079 0 1.65999460220337 138.543432742357 0 0 11.1834143996239 19.0205290913582
18406.5872511864 14.1222784221172 330.132749378681 133.987093567848 148.818288236856 3208.39160656929 8734.52302613854 32255.9281186163 502.696103334427 3178.1802021265 162.397333741188 714.802670150995 67.6344672441483 0 149.100580394268 33.5429558455944 516.894005358219 6.82847955822945 114.868335366249 290.589761286974 509.312807530165 172.657795846462 929.46503958106 762.970542669296 7.62221074104309 252.120139658451 233.318467855453 963.797003924847 10772.0371956229 3622.65393018723 2.10318756103516 507.356609731913 152.239769130945 2578.49632644653 52.6778254508972 1367.40717101097 20.7281472086906 2327.24027115107 61.6511061489582 1180.94681331515 393.401344746351 22.9913372695446 34.1843713521957 4.38397985696793 15.8932656645775 7.45343315601349 12.9863266944885 2.06423759460449 1.12928771972656 16.5069727301598 2.4345771074295 14.5301829874516 20.8413216769695 0 30.0595267117023 151.617192476988 17.6986262798309 59.4066432714462 63.8178984224796 3.43786951899529 22.6180684268475 0 28.604052990675 0 22.7899936437607 3.93709003925323 0 0 13.5256460011005 33.1759041845798 43.5778618454933 24.6112903952599 244.509519606829 0.518720805644989 6.86573499441147 35.0706212520599 257.892502099276 26.1345176100731 52.7119858264923 0 0 3.06960734724998 14.335211545229 5.3384036719799
14.1393059492111 47.3618839383125 1.15845623612404 81.0295588076115 1857.91253125668 2247.69425886869 147.219400078058 990.49811732769 1598.60170540214 223.717624694109 4.13406783342361 2263.5902774334 7.48522186279297 149.100580394268 0 1.4732928276062 2.32663038372993 0.532492756843567 2.40034130215645 135.427408576012 8.90805351734161 74.5255489051342 15.5032685399055 905.726310700178 13.4361765384674 3.97591906785965 65.0157775878906 211.358369261026 79.3051508069038 19.9649262428284 3.66575792431831 238.883173555136 1.19282603263855 138.151097804308 189.664233744144 21.0726921260357 0.770674407482147 25.7494249939919 0.885341763496399 16429.597664237 255.324788749218 3.52868151664734 0.632341146469116 0.710120618343353 1.8221697807312 0 2.52015918493271 0 0 0 0 0.819016754627228 6.53308689594269 0 1.63058212399483 8.75372913479805 1.02937126159668 2.88669991493225 1.98501110076904 0 2.0893315076828 0 0 0 1.71461343765259 0 0 0.860576510429382 1.34785395860672 0.550139009952545 0 2.30629587173462 7.57464194297791 0 1.79704433679581 5.56332021951675 9.20393577218056 0 0 0 0 0 0 11.1163448691368
20.8832835555077 149.236303806305 67.1450390517712 14.5443202257156 0.368298918008804 11.4846842288971 296.634044080973 22.2793611288071 83.7031562924385 23.3981432020664 11.873277425766 8.59338819980621 7.06915816664696 33.5429558455944 1.4732928276062 0 97.1993633806705 3.28538858890533 24.6703516244888 5.8856261074543 8846.2381811142 3215.70739004016 19914.4530504942 2234.96340477467 23.0155047774315 46.5739444196224 11408.3903508484 2609.63090124726 103.567263156176 316.895136535168 0 0 32.4180128872395 211.924577653408 1.31287562847137 90.27439057827 6.02810978889465 72.1753856539726 0 10.42524933815 1.16433453559875 3.45408749580383 108.718292862177 34.1015200018883 110.518745958805 57.7342695593834 23.3955045640469 2.42851686477661 0 17.3137876987457 31.6299886703491 180.161918222904 2.64582684636116 0 3.56708127260208 53.2749944925308 6.65892434120178 41.0156149864197 6.76042431592941 1.63618505001068 1.84366011619568 0.548492968082428 17.3253264129162 1.2450498342514 1109.8783711195 36.4234595894814 1.30226176977158 3.48452758789062 0.997107714414597 367.592747867107 529.020484983921 1615.14323469996 236.97357583046 4.30648589134216 34.6115526556969 785.021743923426 237.22261556983 27.9590798318386 143.773323565722 0.418934792280197 0 9.21856534481049 49.2405008673668 3.96822902560234
271.456412017345 182.214955568314 6128.98529520631 10.1341236531734 0 110.810345441103 544.116069495678 282.877839714289 37.9141418337822 51.033467233181 695.810720980167 8.32572036981583 35.7014860212803 516.894005358219 2.32663038372993 97.1993633806705 0 191.196443974972 8567.32386517525 2.47865176200867 2021.3696590066 108.709658384323 8971.87948846817 69.2969725131989 28.2067056894302 7072.74096530676 5417.85233473778 223.669679731131 407.423644453287 1530.20527732372 6.04409521818161 0 47.0937797725201 1788.98759233952 1.36776351928711 144.405257612467 31.1202839016914 381.690517604351 2.6091057062149 34.1677326261997 4.74544608592987 1.32684797048569 23.7513169646263 15.380979180336 41.2647117972374 10.1266538500786 3.76278710365295 0 0 1.2754453420639 96.2028968334198 168.13166859746 0 0 0 14.4184027612209 0.716001629829407 2.49641406536102 0 2.79984319210052 0 3.63843894004822 3.25831839442253 0.669759333133698 32.6060470342636 36.6501968502998 1.20464324951172 7.45601409673691 0 12.4495126605034 37.1574684977531 82.7981589138508 6.54742825031281 8.55320823192596 156.662267565727 578.306902050972 16.4458877444267 0.869465947151184 8.84536159038544 5.65757486224174 0 0 6.41489636898041 0.510913610458374
4.82521039247513 22.6064423322678 41.7322160899639 0 0 1.57391428947449 5.0523310303688 5.41049772500992 2.46031334996223 0 5622.81496828794 0 145.511832624674 6.82847955822945 0.532492756843567 3.28538858890533 191.196443974972 0 6854.36466771364 0 10.2479866147041 8.78790539503098 49.7895328998566 3.27437853813171 191.779996693134 4398.19926956296 770.772074490786 5.45047262310982 7.48622894287109 25.2308885455132 66.9198580682278 0 0.687191784381866 193.774739265442 3.25747126340866 128.329912960529 157.617064654827 376.21173158288 50.6165055632591 4.08135795593262 1.62589967250824 26.1861606240273 0 17.2528722286224 5.22049355506897 0.578661203384399 0 0 2.48490643501282 0 5.30114233493805 0 0 0 0 0 1.47652351856232 0 0 29.8274010419846 0 87.9601534605026 0 0 0.87403392791748 0 27.6754160523415 4.53281491994858 0 0 4.41842353343964 1.87015622854233 0 34.0314856767654 114.585283875465 87.027288377285 1.18089044094086 0 0 13.0062086582184 0 0 0.842200040817261 2.6841983795166
87.6068103909492 84.0914056301117 634.044964939356 0 0 17.6258197426796 87.4629874825478 88.9281417876482 10.6846686899662 13.2565142214298 7596.48798409104 1.94325050711632 87.0782532691956 114.868335366249 2.40034130215645 24.6703516244888 8567.32386517525 6854.36466771364 0 0.66113007068634 274.705423086882 28.5554774999619 834.00402238965 15.7538078427315 134.26170784235 12702.6462690234 2288.85350903869 38.4014272689819 152.825157493353 327.662403643131 15.3422411680222 0 20.9437394142151 1396.1986746788 4.96097046136856 126.449310749769 55.7374935746193 588.71878990531 34.8013691902161 11.6305992007256 4.53982138633728 14.4340291023254 14.0697649717331 6.37935847043991 9.71925872564316 2.87834131717682 0 0 0 3.05876481533051 38.9130942225456 22.5473581552505 0 0 0 1.3997757434845 0.982326626777649 1.06763017177582 0 4.25279235839844 0 8.16152632236481 1.05175977945328 0 9.06397205591202 16.23073387146 8.10725378990173 17.1145237088203 0 3.83601224422455 6.45047390460968 19.859426766634 4.61991989612579 18.6178613305092 159.440924704075 241.169607996941 7.52163463830948 0 1.74463766813278 4.35223460197449 0 0 4.83698219060898 0
62.257525652647 0.435063719749451 6.13433989882469 35554.4601082206 4.79142990708351 735.601093232632 387.368390500546 380.307476788759 494.646645247936 16837.2247999907 2.45912843942642 22417.2374929488 3.96190470457077 290.589761286974 135.427408576012 5.8856261074543 2.47865176200867 0 0.66113007068634 0 9.17168161273003 12.1187123954296 18.3397858440876 3034.2518452704 0.437860757112503 0.989809155464172 11.8660333156586 7063.28958401084 222.028421968222 25.4463678300381 0 6.32466197013855 4.67190739512444 68.5345722436905 2.28806087374687 220.648778051138 0 119.2988948524 2.80800038576126 453.989862531424 14.6556976735592 0.554415822029114 11.1726344227791 0 0.336307048797607 0 30.5653161406517 0 0 0 0.523110151290894 0.785238146781921 211.290539801121 0 19.081678122282 50.3754315972328 10.7556477487087 45.0956083536148 94.8978919684887 1.43709218502045 155.240336537361 0 9.54610323905945 0 4.16043603420258 0 0 0 68.4649714827538 1.14890760183334 2.1122237443924 2.19108992815018 113.224820494652 0 0 5.29583477973938 93.8378188610077 2.8153510093689 2.99905386567116 0 0 0 2.25335770845413 0.585921168327332
305.243550151587 65.4113022089005 1568.28637948632 19.94431874156 0 133.453329384327 2421.21470198035 290.557236790657 119.729377090931 150.696684002876 59.7951528728008 18.1582498252392 5.66435500979424 509.312807530165 8.90805351734161 8846.2381811142 2021.3696590066 10.2479866147041 274.705423086882 9.17168161273003 0 1259.39532119036 33243.2649613321 1036.66557723284 6.97788998484612 346.360786736012 2518.42976659536 8060.4675116241 716.109097242355 18603.7538203001 2.62885564565659 0.409437149763107 214.231827050447 2486.15885865688 4.6665503680706 295.439517647028 11.2454670667648 556.496380835772 3.19723951816559 39.3639725446701 3.08263903856277 0.531323790550232 98.9469971358776 14.1619249284267 55.667906999588 19.5763035416603 29.7380813360214 1.4948650598526 0.9859778881073 19.1332423090935 17.8716991841793 84.7483011186123 7.06357526779175 0 4.38619032502174 77.7579011321068 7.65822699666023 45.6652881503105 2.84415891766548 4.10716778039932 0.457987546920776 1.53419131040573 21.1226705610752 0.82870027422905 608.18893763423 18.1778221726418 0.788000524044037 3.09043425321579 3.15988850593567 355.865806132555 267.956398189068 568.454809308052 284.055355966091 2.02646034955978 22.7303020656109 267.084668695927 251.142288178205 43.5152343511581 144.059239149094 0.432028084993362 0 11.4827116131783 40.1301989555359 5.11818560957909
131.623104125261 3531.96193489432 160.075175404549 17.193379253149 0.881837964057922 37.9964082837105 347.790571659803 91.9257840514183 3665.20070406795 45.6178958117962 109.504442662001 45.9026771485806 355.505476564169 172.657795846462 74.5255489051342 3215.70739004016 108.709658384323 8.78790539503098 28.5554774999619 12.1187123954296 1259.39532119036 0 1899.82430878282 7248.64591655135 707.732045054436 145.711498349905 5249.19373118877 1710.29816100001 429.186559706926 966.749222010374 24.0294932723045 0.485441982746124 139.367993831635 282.952866613865 3.97411584854126 269.72134950757 29.7766954004765 144.224686652422 0.952145457267761 125.515254259109 3.0861448943615 37.2502620816231 97.215075224638 22.1927824020386 89.8226454257965 28.2027503252029 21.4386862814426 4.61294150352478 0 19.7619502544403 30.8991537988186 103.091300606728 1.24925285577774 0 5.44662880897522 104.909323573112 7.96985390782356 63.5161641538143 14.2603095769882 3.62093114852905 0.506450593471527 5.12615633010864 37.8525067865849 2.13522756099701 519.672775685787 16.448089659214 1.73778408765793 8.09783095121384 0.463083624839783 276.46961170435 471.223165810108 712.754651457071 352.620254963636 4.86510264873505 46.6085495054722 488.734692633152 282.011066138744 47.5630837678909 165.258516937494 0.758453607559204 0 19.3352017402649 34.8952850699425 4.25004944205284
546.679397016764 258.740667909384 13294.8141227961 29.4192843735218 1.01088392734528 275.739740490913 3390.12460589409 528.635286122561 150.863663136959 252.166794031858 178.810837447643 22.3296448290348 17.2882070839405 929.46503958106 15.5032685399055 19914.4530504942 8971.87948846817 49.7895328998566 834.00402238965 18.3397858440876 33243.2649613321 1899.82430878282 0 983.505454659462 14.7513096630573 2328.06400692463 17719.144036144 5673.21771371365 753.032198578119 6756.41356495023 2.43990743160248 2.25718253850937 147.976626306772 2724.53767940402 14.3949940800667 326.207658588886 39.5731139183044 895.833711355925 2.40037453174591 67.6011982560158 6.11174449324608 2.07144856452942 309.73481631279 84.4043816328049 346.083890378475 128.00754481554 43.611348003149 0 1.3451144695282 22.474674642086 80.8432066440582 769.968066096306 3.82023340463638 0 6.83208620548248 140.290064543486 19.6869279742241 55.3950590789318 15.0327570438385 10.2348840236664 1.8783785700798 2.57974296808243 37.4900770783424 2.07514971494675 1473.97824168205 110.480369597673 0.537292540073395 15.7915971875191 0.347144305706024 364.032323509455 917.880897253752 3189.90717363358 271.831879019737 9.19945561885834 101.130944132805 3249.53008911014 269.389241814613 31.2252372205257 162.560540467501 2.07416754961014 2.13568446040154 5.53888094425201 84.2776955068111 12.4680507183075
403.23174610734 1060.19504573941 115.732345223427 2545.21739047766 6.60876244306564 460.175370186567 4721.05638286471 578.52235814929 12386.0796032846 1853.98886477947 55.6874433457851 3094.30579069257 100.996298283339 762.970542669296 905.726310700178 2234.96340477467 69.2969725131989 3.27437853813171 15.7538078427315 3034.2518452704 1036.66557723284 7248.64591655135 983.505454659462 0 221.226589411497 84.5386699140072 2307.67223095894 34524.5455207527 1076.52108758688 1285.45434200764 15.1051454246044 4.26171624660492 292.238540261984 293.648652106524 29.9373680949211 945.444992601871 10.7195286154747 263.94032600522 1.75216370820999 1001.40767836571 26.9464590549469 17.3340813219547 237.165709406137 4.57530844211578 155.150145620108 45.7026760578156 155.993443578482 6.73905485868454 0 81.3405719995499 27.7522774636745 65.6980947852135 462.526416033506 0 191.898905098438 1234.1257147193 179.29244273901 688.066116601229 476.025133043528 17.3419521152973 199.654367178679 0 323.024840652943 11.7524406611919 200.186770409346 13.2944594025612 1.04217612743378 4.91445529460907 165.053083509207 255.71248960495 296.302689254284 306.550276398659 2427.11328196526 2.36470526456833 25.5885143876076 197.229676097631 2034.8750218749 205.611963361502 404.650238931179 1.5269672870636 1.00500440597534 28.3392924070358 108.596099466085 4.27568545937538
0.392914056777954 2640.01174157858 16.7492330372334 0 0 4.30561685562134 6.93820521235466 4.20237696170807 406.908710151911 2.430609613657 2439.15688997507 10.732428252697 6979.84114199877 7.62221074104309 13.4361765384674 23.0155047774315 28.2067056894302 191.779996693134 134.26170784235 0.437860757112503 6.97788998484612 707.732045054436 14.7513096630573 221.226589411497 0 846.354517161846 5068.80367514491 31.0704574733973 5.9004815518856 15.6584829390049 241.683513402939 0 3.48652845621109 101.422222852707 3.15385627746582 149.961142987013 751.817916929722 467.965049386024 95.6228961348534 23.0205846726894 6.87287843227386 1945.49957698584 23.7402666211128 150.857745230198 28.9312658309937 8.91815131902695 2.01540672779083 4.94325423240662 22.5674349069595 0 53.2830919921398 14.9814348816872 0 0 0 0 0.68326997756958 1.44377088546753 0 199.894317805767 0.65641987323761 314.085508078337 0.637633204460144 0 4.99661755561829 5.42483443021774 62.2340891957283 18.273994743824 0 0.928556203842163 12.5828324258327 8.40787771344185 3.77318602800369 203.315407991409 394.53879070282 334.706088006496 2.95787024497986 0 0 72.9993448853493 0 0 11.5032974481583 0
125.959773272276 389.928773760796 11346.4897008836 11.3796693384647 0.830425918102264 71.9244057238102 421.115715682507 150.391908794641 102.202845364809 53.7474282085896 7331.27828872204 10.0512544512749 1084.86546465755 252.120139658451 3.97591906785965 46.5739444196224 7072.74096530676 4398.19926956296 12702.6462690234 0.989809155464172 346.360786736012 145.711498349905 2328.06400692463 84.5386699140072 846.354517161846 0 32412.4635420144 169.061157166958 161.574742019176 435.371260374784 1986.13443505764 1.61227262020111 20.3123427927494 1446.60102158785 58.3646558821201 1669.46372139454 839.344871163368 2044.40180709958 282.044848352671 123.555367380381 46.5072047114372 82.3307127952576 119.973313570023 102.937702655792 105.85829782486 35.6211666464806 2.89950329065323 6.08464598655701 6.47575306892395 3.27519780397415 398.617536485195 198.03358745575 0 0 1.38218599557877 10.4618409872055 0.877962946891785 7.36159044504166 1.12539577484131 184.196723461151 0.899357110261917 338.700662970543 7.32194244861603 0.87010645866394 19.6298260688782 128.846120119095 132.908319711685 209.640593826771 0 12.0297338366508 27.1739290952682 66.6791934370995 14.2184962630272 288.074053883553 1729.4625839889 2314.71287485957 10.9264048337936 5.65347403287888 13.1751318573952 85.42091396451 0 1.0541113615036 61.5128750801086 9.58374321460724
136.300886213779 6243.91295686364 11896.6861300766 28.0122803449631 0.773501724004745 94.3662467300892 1150.6458016336 135.928874254227 1340.11593782902 128.603717118502 3981.36455205083 33.258661031723 6946.46282407641 233.318467855453 65.0157775878906 11408.3903508484 5417.85233473778 770.772074490786 2288.85350903869 11.8660333156586 2518.42976659536 5249.19373118877 17719.144036144 2307.67223095894 5068.80367514491 32412.4635420144 0 2318.66804122925 214.912295043468 772.988324910402 4037.67191037536 0.34231635928154 56.3392993509769 2953.27919876575 121.015906572342 3276.78199750185 1401.44129654765 2839.36899849772 344.034985303879 416.171013951302 87.0802944004536 148.98836606741 679.86258482933 346.591674953699 813.661613196135 247.176394224167 44.9238649904728 11.3816449642181 13.9831253886223 17.5729095041752 1811.62951225042 2612.8073092401 7.93176573514938 0 4.91150411963463 134.713370472193 19.4644294381142 42.5035117864609 14.1860230267048 262.649545311928 3.06628185510635 514.555687487125 39.0120090544224 0.962080419063568 665.715282589197 649.185431003571 242.535657197237 423.219891488552 2.27628296613693 191.33926281333 959.452492594719 2455.69515839219 166.192509829998 559.253828167915 4376.75026583672 12201.7278719544 173.148242205381 23.3599402606487 151.736403018236 139.034017831087 0 1.57857024669647 255.742054253817 62.5390460789204
502.742559075356 128.686634689569 761.751218467951 14449.2778211832 4.52673372626305 735.993603736162 23916.1650748253 700.56316691637 3514.02864080667 11839.5879747868 22.184076666832 1765.65272110701 11.4764375984669 963.797003924847 211.358369261026 2609.63090124726 223.669679731131 5.45047262310982 38.4014272689819 7063.28958401084 8060.4675116241 1710.29816100001 5673.21771371365 34524.5455207527 31.0704574733973 169.061157166958 2318.66804122925 0 1672.50536137819 7143.82974213362 3.41776406764984 2.22280442714691 522.440562933683 830.983967572451 42.0940849483013 1643.77340894938 22.8720852434635 505.682679235935 1.25649148225784 484.652167469263 27.3505155146122 6.15564975142479 244.601664453745 16.9858776628971 127.6954857409 28.0381339490414 148.864060819149 11.9642928242683 0 86.057433962822 16.6073275506496 64.7774286568165 372.157850652933 0 166.922440439463 1127.44969594479 151.003217816353 475.025676131248 484.554172247648 9.34849387407303 159.544145166874 3.7688435614109 301.996997654438 12.2848460376263 340.965836405754 19.1465854346752 0.49508136510849 5.19749295711517 149.522822618484 356.60834467411 347.628458797932 411.945453494787 2288.7224598825 0.722896754741669 16.8840982019901 275.966396838427 2035.74596989155 192.213078230619 496.674318760633 0.948270320892334 3.62494915723801 30.4978866577148 112.470341265202 8.56100824475288
10098.5411703587 15.1433868408203 129.727716356516 142.608898550272 257.091333627701 594.44309926033 2995.32680884004 2779.69595125318 572.927505284548 1279.32798629999 120.482407718897 254.68874245882 36.5905462503433 10772.0371956229 79.3051508069038 103.567263156176 407.423644453287 7.48622894287109 152.825157493353 222.028421968222 716.109097242355 429.186559706926 753.032198578119 1076.52108758688 5.9004815518856 161.574742019176 214.912295043468 1672.50536137819 0 9755.85073664784 3.68190985918045 1119.91250059009 10901.0484044552 4276.83612504601 60.6490609943867 1951.99704569578 14.2401397228241 2900.11383503675 42.0716933608055 857.234950363636 715.896443605423 11.4632871747017 39.5060876309872 0.563410103321075 35.113392829895 7.02862322330475 7.09503966569901 0 0 12.8444498479366 3.06952366232872 18.8110907375813 13.211244314909 0 12.8327994942665 166.469836950302 15.4880832135677 67.2793254256248 16.7134352624416 1.10153245925903 5.04800423979759 0 31.82324680686 0 62.6787222027779 3.98609271645546 0.527061700820923 0 4.07883819937706 85.216510117054 66.3469454944134 55.2312205135822 323.559222012758 0 5.6187139749527 28.3745610713959 314.00237339735 37.0140768289566 108.356399774551 0 0 5.37353211641312 18.4125355780125 4.30231630802155
4650.10984700918 50.4609431922436 1027.51070991158 33.812512665987 9.74006122350693 371.650567620993 14759.6046990752 1719.3095292747 762.975025981665 252.632600486279 109.160960704088 39.5545311868191 7.60670444369316 3622.65393018723 19.9649262428284 316.895136535168 1530.20527732372 25.2308885455132 327.662403643131 25.4463678300381 18603.7538203001 966.749222010374 6756.41356495023 1285.45434200764 15.6584829390049 435.371260374784 772.988324910402 7143.82974213362 9755.85073664784 0 0.475820362567902 7.27540901303291 834.99156281352 3139.28852078319 20.4824800789356 1020.59601897001 12.3118597269058 676.417784631252 8.62427398562431 139.455738723278 17.6747472286224 1.70152226090431 66.6078512072563 2.91573882102966 81.9138921499252 23.7989308238029 38.3862756490707 6.66838848590851 0 35.3654855489731 14.6629936993122 57.2854861021042 4.20191103219986 0 9.4527802169323 252.338408619165 22.8842421472073 96.0309897959232 19.0191087126732 2.05269950628281 3.64641755819321 0.68315601348877 57.8305069506168 1.66504889726639 194.644046425819 13.7039387822151 0 0 7.40239530801773 220.933109343052 214.475233793259 215.238182902336 550.120301693678 0 10.8761077225208 119.941474229097 565.714959442616 92.9844456911087 242.789553254843 0 0 12.3572449684143 50.4827037155628 10.0272977948189
0 75.1875346302986 10.8952205181122 0 0 0.356070965528488 1.33605235815048 0 17.3016599416733 0 1222.50219482183 1.74388241767883 3181.08410364389 2.10318756103516 3.66575792431831 0 6.04409521818161 66.9198580682278 15.3422411680222 0 2.62885564565659 24.0294932723045 2.43990743160248 15.1051454246044 241.683513402939 1986.13443505764 4037.67191037536 3.41776406764984 3.68190985918045 0.475820362567902 0 0 0 64.5965999960899 1.02238631248474 57.751836001873 142.785190701485 161.746931433678 18.8459576368332 4.75491988658905 0.871707081794739 27.5958954691887 2.70908480882645 24.4699755907059 2.35530650615692 0.619701504707336 1.45898258686066 0 2.59785634279251 0 2.84339189529419 0 0 0 0 0 0 0 0 57.3020887970924 0 101.602109909058 0 0.590307950973511 0 0.590521991252899 29.6159057617188 2.11187350749969 0 0 0 1.16884207725525 0 38.739854156971 95.6693369448185 87.3221710026264 0 0 0 14.3208181262016 0.97847455739975 0 4.03259575366974 0
10.4865600168705 0 0.403906404972076 0.824536919593811 1657.31195229292 2154.41117110848 14.6179211139679 1110.93160265684 2.18972289562225 18.3218662142754 12.0780267119408 25.9814085662365 7.50281101465225 507.356609731913 238.883173555136 0 0 0 0 6.32466197013855 0.409437149763107 0.485441982746124 2.25718253850937 4.26171624660492 0 1.61227262020111 0.34231635928154 2.22280442714691 1119.91250059009 7.27540901303291 0 0 1.55956196784973 1393.19729828835 2.56722092628479 64.8025605678558 0 196.685119867325 2.26118701696396 534.556933641434 2858.78217104077 0 0 0 0 0 0 0 0 0 0 0 0.406893789768219 0 0 2.70959240198135 0.367293149232864 0 0 0 0 0 0 0 0 0 0 0 0 0.360740959644318 0 0 2.13233327865601 0 0 0.39753395318985 0 0 0 0 0 0 0 0
