0 2.70923495292664 84.6286107897758 5.69439896941185 3.42029878497124 108.775322675705 4402.76860699058 920.280643731356 19.9630855321884 280.80701944232 11.868876516819 15.6167637705803 0 16039.3093582094 4.20996853709221 10.9377704560757 72.0085680186749 0 5.89211398363113 12.0542637109756 189.825502961874 2.84782934188843 328.307569354773 65.3205824196339 0.799836337566376 40.788212031126 33.6515164971352 156.584226608276 14743.5122800469 3581.39942124486 0 10.223521232605 487.572422891855 601.020789712667 4.57467412948608 303.059883981943 11.2390741705894 153.132291436195 77.9508302807808 156.287367671728 58.6336425244808 1.1241329908371 0 0.628070533275604 0 0 0 0.92103236913681 0 0 0 0.74328625202179 0 0 0 0.915931403636932 0 2.1777885556221 0 0 0 0 1.83912116289139 0 0.500695645809174 0 0 0 0 0 0.685348212718964 0 15.6912346184254 0 0 4.28925755620003 12.4279527962208 2.22057354450226 0.538363814353943 0 0 0.485855102539062 0 0.822405934333801
2.70923495292664 0 604.00539830327 0.759518206119537 0 0 8.72048264741898 3.54260760545731 449.146976172924 2.27930447459221 316.321970582008 4.51645743846893 1041.1105184257 4.77350395917892 2.23721516132355 108.774890989065 492.427573502064 54.6314907968044 227.972781866789 4.8895565867424 39.7120920419693 2138.10186238587 278.861855894327 467.847903937101 2393.74050971866 1244.62652891874 8486.00494047999 43.5267331302166 4.28107240796089 26.7682628631592 37.4423871934414 0 0 266.800106018782 5.48934045433998 241.401623249054 302.808289349079 403.754332780838 157.679956018925 10.6757423579693 8.50998228788376 124.539804726839 18.3908371925354 28.4798706173897 28.1369486451149 7.46029341220856 0 0 0.430348604917526 0.480544805526733 157.114514648914 96.0474752783775 0 0 0 0.87376207113266 0 1.50062203407288 0 7.85237997770309 0 25.6129964888096 0.683197736740112 0 7.74989250302315 50.9916272163391 2.47485437989235 17.0451918840408 0 4.93511462211609 18.0268370509148 42.8573002815247 0.561996400356293 38.6025904417038 208.185775458813 475.271686434746 1.97688323259354 0.739068508148193 4.91829738020897 2.72590544819832 0 0 76.7727130055428 1.01731112599373
84.6286107897758 604.00539830327 0 0 0.648191452026367 14.1314103603363 332.297762900591 120.727874189615 21.4552576243877 20.2359410226345 38.4429641366005 0.495970338582993 14.8134459555149 190.464485138655 0.507578492164612 99.00741776824 2396.54488682747 56.0426016449928 405.608876734972 0 1020.05529850721 159.488825917244 11126.0739557743 64.8447495996952 20.1019390523434 10193.0639936924 7822.46444743872 328.520056396723 149.708185970783 1058.47673991323 7.13736227154732 0 27.5251460075378 235.618050932884 2.58508870005608 354.697841197252 194.942512601614 498.100607633591 270.616867929697 11.1700817942619 8.39499700069427 3.19044637680054 32.8319936394691 29.9782056808472 31.0019087791443 10.2900570631027 0 0 1.17473542690277 0 91.2073273062706 160.555637538433 0 0 0 0.585942983627319 0 0 0 1.42190980911255 0 3.84513053297997 0 0 18.9664115905762 37.8911527991295 1.48528844118118 5.1691517829895 0 5.22799897193909 23.589464366436 84.5134157538414 3.36909288167953 5.21606749296188 78.761187851429 530.23383936286 1.16069638729095 0.515282034873962 0.57157701253891 0.591734230518341 0 0 73.9501700997353 0
5.69439896941185 0.759518206119537 0 0 2.5659966468811 238.047641843557 350.129894584417 63.8617911934853 584.134480476379 11467.8948574066 0 871.865668118 0 37.741959810257 57.8924445509911 3.7116856276989 0 0 0 29565.6610632837 3.83202141523361 4.30120116472244 5.08409556746483 3518.695594877 0 0 2.43989625573158 11748.3535422683 21.6590051054955 2.65656614303589 0 0.767184406518936 0.797143280506134 15.9092105031013 1.48389792442322 27.1776531636715 0 6.93674689531326 2.94438749551773 138.458148032427 2.12739825248718 0 0 0 0 0 7.64403226971626 0 0 0 0 0 20.0733659863472 0 0.970344483852386 13.7501884996891 0 22.6565602719784 24.0919528305531 0 64.6380972862244 0 0 0.997151374816895 0 0 0 0 10.690072953701 0 0 0.464372932910919 148.805287688971 0 0 0.847143888473511 29.7137007713318 0 0 0 0 0 0 0
3.42029878497124 0 0.648191452026367 2.5659966468811 0 5645.5091124773 16.089102268219 2194.2579113543 45.1372017860413 22.5036892592907 3.41618537902832 136.027657151222 1.26474678516388 432.609147101641 5141.20410692692 0 0 0 0 7.43075627088547 0 0 1.17033743858337 18.67029312253 0 0.754345118999481 0 1.05981731414795 322.937542110682 4.38296663761139 0 2771.45584630966 0.661583364009857 994.015730768442 4.69496282935143 29.0339132547379 1.38536703586578 3.61847072839737 1.01278412342072 8046.20558583736 2283.1745762825 0 0 0 0 0 0 0 0 0 0 0 0 0 0 0 0 0 0 0 0 0 0 0 0 0 0 0 0 0 0 0 0 0 0 0 0.500234007835388 0 0 0 0 0 0 0
108.775322675705 0 14.1314103603363 238.047641843557 5645.5091124773 0 1966.70752936602 34796.4073956907 99.9854229390621 17572.1139444113 5.74393397569656 4637.0218526125 1.51077163219452 3314.03306445479 6203.56364020705 6.2064223587513 6.47936794161797 0 0 813.322027385235 28.7644645273685 5.30592063069344 46.0779207348824 248.49912199378 0 5.8689814209938 8.35100075602531 828.254270493984 564.691440165043 107.706423610449 0 490.281462877989 7.76575636863708 461.102612584829 250.580065399408 173.07962846756 1.63574895262718 46.5494601428509 15.9073373377323 7783.6397318244 663.459325671196 0.910966753959656 2.54708495736122 0 0 0.476125091314316 0 0 0 0 0 0 1.26007175445557 0 0.878595650196075 2.9400560259819 0 8.83716943860054 3.03264629840851 0 0.546737611293793 0 0 0 0 0 0 0 0.734796464443207 0 0 0 21.1095704138279 0 0 1.04235577583313 9.62006917595863 0 1.07320296764374 0 0 0 0 0
4402.76860699058 8.72048264741898 332.297762900591 350.129894584417 16.089102268219 1966.70752936602 0 3523.36356794834 340.105795443058 12143.5704192221 7.96176385879517 207.114364534616 3.27390339970589 5546.91894218326 28.9227857887745 140.799995243549 62.5436260998249 0 9.47953197360039 218.303929716349 780.126974999905 62.8630985319614 1391.45489788055 2827.1999335289 2.17078956961632 67.8355748951435 291.067268908024 16679.1497490406 2740.86948595941 16031.024872914 0 8.13816177845001 230.064232379198 685.285425156355 23.3990014195442 811.65426030755 28.0789564847946 279.060558289289 212.123383909464 313.724849104881 92.5660653114319 0 10.7361146807671 2.70906394720078 3.87395238876343 2.28018307685852 0.8769251704216 0 0 7.14504432678223 0 2.58369606733322 5.87547469139099 0 0 17.674555182457 0 21.2401033043861 8.42940530180931 0 1.30251950025558 0 1.95102477073669 0 3.2923446893692 0 0 0 4.59425884485245 1.79058051109314 1.92136508226395 4.7631813287735 120.732747793198 0 0.483667939901352 9.63034412264824 57.8569926321507 10.1760945320129 4.070506721735 0 0 2.52463805675507 5.5546293258667 0
920.280643731356 3.54260760545731 120.727874189615 63.8617911934853 2194.2579113543 34796.4073956907 3523.36356794834 0 23.016633450985 5528.57362875342 54.7031451761723 1128.19184172153 10.9384971857071 19893.9088836312 857.233800917864 6.17586174607277 59.7144348323345 1.2741767168045 10.6536244452 337.483055055141 184.541124165058 3.23530280590057 319.350404888391 77.4311239421368 1.21149492263794 40.4342075586319 31.8947857916355 325.976827770472 2074.11790272593 790.183795362711 0.603694796562195 579.709408760071 24.7405647039413 849.772401899099 25.3797589540482 360.375711917877 7.72795122861862 163.019650429487 43.1066972613335 2357.06270056963 1084.65455892682 1.85715687274933 0.918024837970734 0 1.26396644115448 1.41997593641281 0 0 0 0 0 0 0.390778988599777 0 0.40690416097641 0 0 2.78907492756844 0 0 0 0 1.21339422464371 0 0 0.945478498935699 0 0 0 0 0 0 9.46047946810722 0 0 0.931939721107483 7.66247430443764 0.81889945268631 0 0 0 0.814051866531372 0.597624361515045 0
19.9630855321884 449.146976172924 21.4552576243877 584.134480476379 45.1372017860413 99.9854229390621 340.105795443058 23.016633450985 0 617.899884700775 30.6281158924103 1485.1151279211 80.8501947969198 30.4026380777359 1248.72608730197 56.9973546564579 22.8448268771172 8.43792390823364 13.5794209241867 829.564790606499 26.6238640546799 2375.16523572803 61.0890169143677 15115.4615900517 134.019057363272 82.6973451972008 400.699190407991 1657.22091287374 102.534616738558 181.594448924065 1.09378755092621 0 35.3171976208687 64.1868613958359 4.11262083053589 250.906438887119 19.9402026236057 47.3653692901134 41.1696843206882 1938.87353265285 4.53810331225395 5.28453522920609 27.6604725122452 0 0 5.69648313522339 31.3997759222984 4.73496240377426 0 14.9577404856682 0.62884384393692 1.10463654994965 56.3895129859447 0 6.92459860444069 90.0224457681179 5.00214439630508 319.343256086111 71.1263186335564 1.02084898948669 20.5010977983475 0.506681561470032 10.4784447550774 8.69407188892365 11.6390542387962 0 0 0 28.8829383552074 2.03067409992218 19.8331255912781 5.75196018815041 694.966371119022 0 1.78759235143661 10.8274841606617 239.214415043592 24.6751165688038 7.79393923282623 0 0 4.48140639066696 12.6511596441269 0
280.80701944232 2.27930447459221 20.2359410226345 11467.8948574066 22.5036892592907 17572.1139444113 12143.5704192221 5528.57362875342 617.899884700775 0 4.76659202575684 11535.5818561316 2.29809632897377 1678.6316024363 150.65495890379 15.0408527553082 5.75610026717186 0.440661579370499 1.22882211208344 32594.4755247533 49.252150863409 17.2189347445965 113.059420764446 1613.78827267885 0 9.46207824349403 27.4980015158653 11834.2125752866 551.870464742184 232.118411839008 0 10.861979663372 28.2074493169785 406.05027115345 90.6244615912437 387.525649875402 5.67959320545197 100.479021340609 66.123442620039 603.796141982079 100.575585305691 0.995245456695557 1.50726580619812 0.570619702339172 0 0 6.72818601131439 0 0 0 0 0 25.2882325053215 0 2.59047043323517 32.0572766065598 0 41.2991163432598 21.1386099457741 0 7.23483031988144 0 0 2.71631115674973 0 0 0 0 8.54012542963028 0.581037640571594 1.48477631807327 1.1157950758934 211.576127588749 0 0 0 59.6773910224438 0.419028520584106 0 0 0 0 0 0.640759170055389
11.868876516819 316.321970582008 38.4429641366005 0 3.41618537902832 5.74393397569656 7.96176385879517 54.7031451761723 30.6281158924103 4.76659202575684 0 1.08142554759979 16682.5079340041 100.752966731787 0 2.67795273661613 423.672789037228 8625.1873396337 3498.68306231499 5.24377119541168 7.86466759443283 94.8443419337273 35.0635103285313 27.8682343512774 1618.28580540419 8381.65897452831 2342.40716031194 2.86309576034546 71.9310369193554 11.3151569664478 1848.98000332713 5.59097683429718 4.91730916500092 7530.51071557403 5.74633073806763 245.167427182198 3007.30342924595 8332.33181813359 471.414210945368 50.9398489296436 94.873908162117 3796.91992372274 0.589598774909973 66.5233320593834 16.8437843322754 0 0 0.707760095596313 9.10342967510223 0 7.4459952712059 1.0362197458744 0 0 0 0 0 0 0 221.036378234625 0 487.891321897507 0.798279047012329 0 0.735239386558533 2.24553662538528 56.2617587447166 17.3215290606022 0 0 2.79604279994965 4.88311582803726 0 148.120853245258 170.06406840682 110.859167039394 0.744176983833313 0 0 33.1995968818665 0 0 10.9902256429195 0
15.6167637705803 4.51645743846893 0.495970338582993 871.865668118 136.027657151222 4637.0218526125 207.114364534616 1128.19184172153 1485.1151279211 11535.5818561316 1.08142554759979 0 2.00003188848495 369.737565666437 4174.21323814988 0.360484629869461 0 0 0.513170480728149 27710.8501228392 0 15.5790854692459 2.38560736179352 1155.67886075377 0.69801789522171 2.47054886817932 2.18137899041176 402.452190607786 73.5087919235229 4.75009554624557 0 5.0358704328537 0.644975781440735 77.3539445698261 1327.58824253082 104.094240635633 0 14.4074503779411 7.36471980810165 5521.03983846307 34.8368914723396 0 0.848878860473633 0 0 0 5.74980944395065 0 0 0 0 0 13.6963365972042 0 2.44449180364609 4.82770851254463 0 13.7878551483154 19.5586104691029 0 208.522882938385 0 0 1.1700718998909 0 0 0 0 16.3078516125679 0 0 0 45.3055025339127 0 0 0 13.6719976961613 0 0 0 0 0 0 0
0 1041.1105184257 14.8134459555149 0 1.26474678516388 1.51077163219452 3.27390339970589 10.9384971857071 80.8501947969198 2.29809632897377 16682.5079340041 2.00003188848495 0 29.07872569561 0.36496701836586 6.93305772542953 45.540606379509 423.280399501324 194.928956061602 1.09042227268219 6.88764116168022 238.911723077297 16.8106683790684 67.7211816459894 5111.61278542876 5275.73623132706 6667.05627721548 9.42516475915909 15.9466026425362 4.26229944825172 6548.54478779435 0 0 1801.22509381175 29.486809656024 1240.65572920442 4049.55809864402 4164.71595317125 1284.51912367344 113.66640907526 836.195285499096 7642.09586256742 103.280924141407 153.019759774208 63.2158822119236 38.6325121223927 0 5.53112405538559 47.1116562783718 0 13.3128519654274 3.77365335822105 0 0 0 0.776028633117676 1.20852339267731 0 0 409.074522733688 0 721.734543055296 1.1094092130661 0 0 5.18294411897659 111.967931032181 25.4824922978878 0 0 0.948126047849655 3.0435878932476 1.13433837890625 296.941305845976 306.99371907115 154.874212741852 0 0.956560492515564 0 53.7486162483692 0 0 127.913453996181 2.43236419558525
16039.3093582094 4.77350395917892 190.464485138655 37.741959810257 432.609147101641 3314.03306445479 5546.91894218326 19893.9088836312 30.4026380777359 1678.6316024363 100.752966731787 369.737565666437 29.07872569561 0 307.499111801386 17.58789524436 107.962105870247 6.99327605962753 20.7185136675835 163.71245765686 330.358851611614 7.93438023328781 566.056075677276 95.3921531438828 0.853995561599731 75.1889163255692 65.9495202600956 278.990964621305 7185.46933871508 1724.3427439034 0 375.15812343359 169.101566433907 2156.17645397782 22.1954554915428 1141.33260026574 23.6882781386375 322.900367736816 130.713494360447 1815.84006041288 1019.31399607658 6.36994951963425 7.13423496484756 2.48041701316833 1.94861459732056 0.872192144393921 2.56494346261024 0 0 3.28228968381882 0.945995390415192 1.80426609516144 0 0 0 2.73646369576454 0 6.95532110333443 0 0 0 1.59099555015564 1.87697643041611 0 1.81807011365891 0 0 0 0 0 0 0.398108750581741 23.9224824011326 1.27568900585175 0.68907356262207 3.05415326356888 13.1589390337467 4.42521348595619 1.64885801076889 0 0 0.952089905738831 1.88409531116486 1.98221738636494
4.20996853709221 2.23721516132355 0.507578492164612 57.8924445509911 5141.20410692692 6203.56364020705 28.9227857887745 857.233800917864 1248.72608730197 150.65495890379 0 4174.21323814988 0.36496701836586 307.499111801386 0 0.942702919244766 0 0 0 202.81422445178 1.20240259170532 17.9265693128109 3.399578332901 739.036351829767 1.52548968791962 0.254009783267975 7.46763190627098 81.2244497835636 33.3114952743053 4.74008494615555 0 31.6173779964447 2.35801815986633 20.6535816192627 3.99465274810791 12.1169584989548 3.57190412282944 2.48330187797546 4.88135725259781 21827.5615956783 70.7470402121544 0 0.948612749576569 0 0 0.609820604324341 1.42259299755096 0 0 0 0 0 0 0 0 0.389169812202454 0 1.55532905459404 1.75128850340843 0 0.687832474708557 0 0 0 2.27251017093658 0 0 0 0.538773357868195 0 0 0 12.4625762999058 0 0 0 1.70586937665939 0 0 0 0 0.671358525753021 0.970684468746185 0
10.9377704560757 108.774890989065 99.00741776824 3.7116856276989 0 6.2064223587513 140.799995243549 6.17586174607277 56.9973546564579 15.0408527553082 2.67795273661613 0.360484629869461 6.93305772542953 17.58789524436 0.942702919244766 0 79.7470310628414 1.66705024242401 7.30595287680626 0.459980219602585 7653.389418751 2053.56019887328 12070.3795364201 2566.45425260067 13.7302722930908 54.2380508184433 8926.27294695377 3079.28786039352 44.8436894714832 238.735274255276 0.495795398950577 0 21.3536792397499 289.244262725115 27.2625707387924 1005.01596385241 141.13527071476 775.409137487411 471.693770468235 56.526937186718 2.33391153812408 1.04740273952484 32.306521832943 10.328163087368 24.5168884396553 8.56752967834473 3.71397840976715 2.58647084236145 0 0.996256113052368 9.16651928424835 26.2608545422554 0 0 0 3.71253222227097 0.436585932970047 1.07155111432076 0 0 0 0 0 0 194.701228439808 2.48094695806503 0 0 0.410246849060059 27.7402561604977 272.860482633114 301.127655297518 16.933085590601 0.34308397769928 5.56101548671722 195.499489337206 21.6308553516865 1.43029779195786 7.75088840723038 0 0 1.09334373474121 28.9439989030361 3.94528210163116
72.0085680186749 492.427573502064 2396.54488682747 0 0 6.47936794161797 62.5436260998249 59.7144348323345 22.8448268771172 5.75610026717186 423.672789037228 0 45.540606379509 107.962105870247 0 79.7470310628414 0 201.421799123287 7886.76934114099 0 709.113199621439 147.347979903221 5804.33713513613 44.3111099004745 65.7900535464287 3030.35610696673 2734.1118363142 105.617437213659 237.630951285362 686.891503870487 15.9639635384083 0 51.1354665756226 1936.80507400632 8.73162350058556 348.658150523901 173.129025310278 1055.75051409006 367.445543646812 17.7890481948853 4.66320207715034 2.93735712766647 3.76476961374283 11.8871045708656 5.1953250169754 8.51556158065796 0 0 0 0 42.9795086979866 49.0986797809601 0 0 0 0 0 0 0 4.8135923743248 0 12.076463162899 0 0 1.60751110315323 25.173837184906 2.11466324329376 11.2031841874123 0 2.8280913233757 7.13393950462341 18.6714010238647 1.69117704033852 27.4211378097534 93.4626178145409 229.097928404808 2.58652171492577 0 0.47316312789917 2.93477964401245 0 0 33.2755907475948 0
0 54.6314907968044 56.0426016449928 0 0 0 0 1.2741767168045 8.43792390823364 0.440661579370499 8625.1873396337 0 423.280399501324 6.99327605962753 0 1.66705024242401 201.421799123287 0 6506.23119151592 0 6.89194837212563 9.44505989551544 26.3359714746475 4.73900553584099 338.216098040342 8675.53804934025 577.804761856794 0.877184480428696 1.10706496238708 7.02987051010132 125.537819743156 0 1.02790081501007 238.698502808809 0 31.2551137208939 78.1582510471344 522.219996780157 49.4956108927727 0.665364146232605 2.78118896484375 16.0450338721275 0 3.44053781032562 1.64409452676773 0 0 0 0.536977648735046 0.758803367614746 0.971442729234695 0 0 0 0 0 0 0 0 37.013361364603 0 102.931520462036 0 0 0 1.91397732496262 23.0003592967987 4.57825264334679 0 0 0.657293200492859 0 0 69.6014541387558 109.300075680017 57.2965662181377 0 0 0 10.1349699497223 0 0 3.57835364341736 0
5.89211398363113 227.972781866789 405.608876734972 0 0 0 9.47953197360039 10.6536244452 13.5794209241867 1.22882211208344 3498.68306231499 0.513170480728149 194.928956061602 20.7185136675835 0 7.30595287680626 7886.76934114099 6506.23119151592 0 0 72.6985951066017 53.0874524861574 294.142081856728 15.4604126811028 386.474295318127 7855.3419405818 1585.71562325954 20.9439328610897 27.3368161916733 62.3749496340752 61.6028534173965 0 5.90287089347839 973.186826407909 0.771026492118835 71.7623989582062 76.9366647303104 764.466246128082 86.5182779431343 3.02320957183838 5.13722836971283 9.59790182113647 0 7.81315338611603 15.0483705997467 1.49590700864792 0.695621252059937 0 0 0 10.8121515214443 10.6358132958412 0 0 0 0 0 0 0 21.654354929924 0 49.254254758358 0 0 0 9.84904617071152 23.2100120186806 19.1253879070282 0 0 0 1.26535105705261 0 101.094280868769 238.163448780775 183.746636271477 0 0 0 8.22043430805206 0 0 16.9275597333908 0.699381947517395
12.0542637109756 4.8895565867424 0 29565.6610632837 7.43075627088547 813.322027385235 218.303929716349 337.483055055141 829.564790606499 32594.4755247533 5.24377119541168 27710.8501228392 1.09042227268219 163.71245765686 202.81422445178 0.459980219602585 0 0 0 0 0.912805825471878 9.04674875736237 2.98070502281189 2777.62760323286 1.96019411087036 0 3.18105906248093 3779.19876787066 79.9885870814323 7.32454660534859 0 2.57721716165543 1.86542466282845 63.6854475140572 62.6166859865189 61.0545647740364 0 15.9763419926167 15.9092681407928 385.893622100353 8.6100447177887 0 3.30071076750755 0 0 0 5.62052398920059 0 0 0 0 0 28.5760494470596 0 3.67367142438889 22.0136769115925 0 38.6058966517448 21.1653976142406 0 40.5681421160698 0 0 0.935734331607819 0 0 0 0 13.732748568058 0 0 0 184.118666321039 0 0 0 68.0278657972813 0 0 0 0 0 0 0
189.825502961874 39.7120920419693 1020.05529850721 3.83202141523361 0 28.7644645273685 780.126974999905 184.541124165058 26.6238640546799 49.252150863409 7.86466759443283 0 6.88764116168022 330.358851611614 1.20240259170532 7653.389418751 709.113199621439 6.89194837212563 72.6985951066017 0.912805825471878 0 400.279552042484 17675.1333173215 715.536285400391 6.13565891981125 250.152289807796 1144.86522901058 9543.63317355514 534.175270467997 15137.6454782486 1.12451007962227 1.64525890350342 134.4374383986 3075.44890639186 67.3871004879475 2181.33994850516 196.183869689703 2112.23098561168 1069.47054201365 160.465007990599 15.6836840510368 0 14.5067551732063 0 6.80151292681694 6.47507983446121 0 0 0 0 1.0518753528595 7.88178917765617 0 0 0 2.95107406377792 1.8426026403904 3.30482622981071 0 0 0 1.07025748491287 0.682329654693604 0 38.0431029498577 0.986376285552979 0 0 0.777821898460388 11.339451789856 22.2230403423309 57.8833674788475 14.1161052882671 2.11287239193916 5.92778074741364 57.9059343636036 8.30221137404442 1.33648931980133 2.35476902127266 0 0 0.94740617275238 11.2427672743797 3.04831853508949
2.84782934188843 2138.10186238587 159.488825917244 4.30120116472244 0 5.30592063069344 62.8630985319614 3.23530280590057 2375.16523572803 17.2189347445965 94.8443419337273 15.5790854692459 238.911723077297 7.93438023328781 17.9265693128109 2053.56019887328 147.347979903221 9.44505989551544 53.0874524861574 9.04674875736237 400.279552042484 0 1339.54187768698 5138.88759455085 456.399850398302 253.612132236362 4635.41073255241 574.580839216709 24.622122168541 98.2487896680832 12.6502447724342 0 8.94598746299744 189.510445058346 7.71025687456131 523.903671115637 214.739519685507 494.801322877407 333.245976030827 34.7269680500031 3.65295612812042 36.1163246929646 28.2910140752792 14.9101530611515 29.8932346701622 15.5814171433449 0 1.03464245796204 0 1.23798298835754 13.6151940524578 44.0039992332458 0.687148153781891 0 0.317806363105774 2.78140139579773 0 1.86876583099365 0.623258173465729 0 0.653960704803467 5.24991989135742 1.60954815149307 0 76.35910820961 8.37371319532394 1.72098851203918 1.51232945919037 0 8.22387361526489 73.861615896225 196.853471964598 26.3855869174004 3.84768199920654 13.3138734102249 254.198475897312 13.3406589627266 0.50599879026413 6.32675349712372 0.598119616508484 0 0 20.7402011156082 0
328.307569354773 278.861855894327 11126.0739557743 5.08409556746483 1.17033743858337 46.0779207348824 1391.45489788055 319.350404888391 61.0890169143677 113.059420764446 35.0635103285313 2.38560736179352 16.8106683790684 566.056075677276 3.399578332901 12070.3795364201 5804.33713513613 26.3359714746475 294.142081856728 2.98070502281189 17675.1333173215 1339.54187768698 0 1027.08487355709 15.2043356597424 1442.8546564877 14102.5515325665 5449.46163263917 700.491026878357 8198.90350502729 0.990028202533722 1.35523271560669 147.3013869524 3208.54144415259 97.4684302210808 4340.49296957254 1043.67273133993 4298.32701486349 2840.84206020832 270.542099267244 37.9044731259346 4.34505051374435 107.613767951727 48.7267268896103 87.771128565073 48.6646907925606 3.98287415504456 0 0 0.949634909629822 47.3294354081154 265.494565069675 1.3369060754776 0 0 4.2583312690258 0 6.10346519947052 0 0 0 1.01194071769714 0 0 238.992071807384 21.4096789360046 0.386494070291519 1.9337694644928 0 32.5668352842331 202.945896685123 656.611678391695 31.1695338487625 5.25495755672455 34.8775205016136 910.526229441166 28.3929587006569 0.933769464492798 18.6832616329193 1.16364812850952 0.75816136598587 2.01375651359558 76.6852319836617 10.9900109171867
65.3205824196339 467.847903937101 64.8447495996952 3518.695594877 18.67029312253 248.49912199378 2827.1999335289 77.4311239421368 15115.4615900517 1613.78827267885 27.8682343512774 1155.67886075377 67.7211816459894 95.3921531438828 739.036351829767 2566.45425260067 44.3111099004745 4.73900553584099 15.4604126811028 2777.62760323286 715.536285400391 5138.88759455085 1027.08487355709 0 128.628400504589 96.6771338135004 1943.37197566032 35311.4780317247 276.627749234438 658.576159805059 3.41597262024879 0.863316178321838 105.848839998245 240.535261869431 16.4868957996368 635.786306798458 41.3101733475924 197.017617046833 147.448648482561 1029.52796632051 11.0857477486134 4.67866510152817 68.123611330986 1.10017311573029 7.82012635469437 0 44.8132839500904 5.07793319225311 0 33.9143413007259 4.69843947887421 10.3283541500568 51.1388610601425 0 1.70534372329712 163.325971990824 4.23060256242752 258.292346209288 75.6147024333477 1.97003960609436 19.6199412941933 1.39735147356987 33.0222278833389 6.87464499473572 34.3435637652874 1.04258489608765 0 0 25.1320730149746 8.30652299523354 22.2817530930042 27.7579638957977 1244.47602143884 1.35965794324875 3.86649671196938 30.1327563226223 534.457242697477 57.3828820288181 30.3481520712376 0 0 10.6270959973335 32.1510364413261 5.04063931107521
0.799836337566376 2393.74050971866 20.1019390523434 0 0 0 2.17078956961632 1.21149492263794 134.019057363272 0 1618.28580540419 0.69801789522171 5111.61278542876 0.853995561599731 1.52548968791962 13.7302722930908 65.7900535464287 338.216098040342 386.474295318127 1.96019411087036 6.13565891981125 456.399850398302 15.2043356597424 128.628400504589 0 1801.33856734633 3480.42440101504 12.7673080861568 2.65857562422752 1.456568390131 168.983152210712 0 0 154.879270046949 0 25.6538808941841 2070.26705154777 305.807440251112 19.747787296772 1.71546202898026 2.56987446546555 839.484052836895 4.47524186968803 38.9630411267281 8.18274527788162 1.0063568353653 0 0 4.97685039043427 0 26.3074523210526 14.3393451571465 0 0 0 0 0 0.490855723619461 0 109.015109062195 0 265.792186141014 0 0 2.002869784832 4.58134067058563 49.7943593263626 33.4697772264481 0 0 2.12369555234909 5.51277700066566 0 206.682050675154 300.885729074478 212.754369586706 0 0 0 23.3544300198555 0 0 25.498686850071 0
40.788212031126 1244.62652891874 10193.0639936924 0 0.754345118999481 5.8689814209938 67.8355748951435 40.4342075586319 82.6973451972008 9.46207824349403 8381.65897452831 2.47054886817932 5275.73623132706 75.1889163255692 0.254009783267975 54.2380508184433 3030.35610696673 8675.53804934025 7855.3419405818 0 250.152289807796 253.612132236362 1442.8546564877 96.6771338135004 1801.33856734633 0 24805.73958534 87.9580028951168 89.0871565341949 259.698708027601 3499.78918018937 0.563536822795868 15.6025231182575 1321.6614407897 3.61413717269897 341.454407781363 327.451613754034 1806.00803568959 300.049146324396 13.3284274041653 11.700303375721 38.5160450935364 12.1200416088104 41.4286170899868 31.4234780073166 10.8300194144249 0 4.63608801364899 2.81343472003937 0 70.8305232822895 62.5182194709778 0 0 0 0 0 1.5197845697403 0 142.950680762529 0 419.018186628819 0 0 4.1588688492775 50.2745005190372 124.524070858955 108.248694628477 0 1.730104804039 10.8558486104012 14.5863300561905 1.39932918548584 445.305068194866 1004.59329995513 975.048785030842 1.65054720640182 0 1.68713241815567 48.3655036389828 0 0 125.905676186085 1.81686741113663
33.6515164971352 8486.00494047999 7822.46444743872 2.43989625573158 0 8.35100075602531 291.067268908024 31.8947857916355 400.699190407991 27.4980015158653 2342.40716031194 2.18137899041176 6667.05627721548 65.9495202600956 7.46763190627098 8926.27294695377 2734.1118363142 577.804761856794 1585.71562325954 3.18105906248093 1144.86522901058 4635.41073255241 14102.5515325665 1943.37197566032 3480.42440101504 24805.73958534 0 2003.00091084838 91.4253569245338 413.188151925802 3293.90698024631 0.514483869075775 23.2814474701881 2100.06936174631 54.2623751759529 2778.30293318629 1707.47489580512 4107.87911900878 2126.77023199201 113.743318021297 39.5433756113052 45.6325369477272 165.654457449913 161.974865853786 221.793001353741 105.079625725746 4.46891689300537 5.8978019952774 0.451072722673416 1.59440642595291 387.75334879756 818.492316067219 0.643039703369141 0 0 15.7687993049622 0 7.07169380784035 0.530802488327026 107.206775575876 0 309.620753109455 0.555497944355011 1.38620209693909 145.344577670097 160.247802644968 118.570516139269 127.618166059256 0 52.4280624091625 222.633219748735 901.121541887522 22.1434012949467 489.427037298679 1298.43446144462 3321.27881926298 22.9354490041733 4.08096206188202 21.9151877164841 32.3980951905251 0 0.967164427042007 365.440030306578 6.94524082541466
156.584226608276 43.5267331302166 328.520056396723 11748.3535422683 1.05981731414795 828.254270493984 16679.1497490406 325.976827770472 1657.22091287374 11834.2125752866 2.86309576034546 402.452190607786 9.42516475915909 278.990964621305 81.2244497835636 3079.28786039352 105.617437213659 0.877184480428696 20.9439328610897 3779.19876787066 9543.63317355514 574.580839216709 5449.46163263917 35311.4780317247 12.7673080861568 87.9580028951168 2003.00091084838 0 563.368656903505 9227.29522997141 1.02904808521271 0.644468992948532 248.215917110443 1078.14729851484 48.279238820076 1614.72341051698 94.8245131373405 726.517262428999 515.92635384202 274.220029354095 23.2336364090443 2.19171929359436 74.2156135439873 2.41202276945114 12.0599927604198 3.58728352189064 23.0330467522144 2.22378349304199 0 39.569823294878 1.59994292259216 13.9375913143158 25.3620874583721 0 1.78814285993576 83.4209974110126 4.21320390701294 145.360428869724 23.8395771384239 0.35691311955452 7.32629969716072 1.2044951915741 15.7611036300659 6.0351103246212 33.1084696948528 0 0 0 12.4668395221233 6.94374066591263 15.1065318584442 30.1598708927631 725.564782500267 0 4.33341956138611 21.1785591542721 332.128306746483 66.4271273314953 23.6137607097626 0 0 17.1636166572571 41.0924170315266 4.86704045534134
14743.5122800469 4.28107240796089 149.708185970783 21.6590051054955 322.937542110682 564.691440165043 2740.86948595941 2074.11790272593 102.534616738558 551.870464742184 71.9310369193554 73.5087919235229 15.9466026425362 7185.46933871508 33.3114952743053 44.8436894714832 237.630951285362 1.10706496238708 27.3368161916733 79.9885870814323 534.175270467997 24.622122168541 700.491026878357 276.627749234438 2.65857562422752 89.0871565341949 91.4253569245338 563.368656903505 0 9977.25022321939 0.372555404901505 3153.97655230761 8809.05410122871 3480.08514720201 23.389354929328 1869.94688034058 39.0546753704548 694.83516600728 285.661503642797 864.742563486099 1308.81934306026 1.56874638795853 4.42301851511002 0.508857667446136 0 0.530942261219025 2.45762848854065 0 0 3.88196831941605 0.685778737068176 0.367835581302643 0 0 0.843682914972305 4.72162336111069 0 13.0393926799297 0 0 0 0 2.76420801877975 0 4.98279428482056 0 0 0 0 0.879995048046112 2.34488517045975 1.02450585365295 63.6324137747288 0 1.54201519489288 6.49250543117523 34.9063438475132 8.90230053663254 1.71142119169235 0 0 3.2944703400135 3.26742857694626 1.45948910713196
3581.39942124486 26.7682628631592 1058.47673991323 2.65656614303589 4.38296663761139 107.706423610449 16031.024872914 790.183795362711 181.594448924065 232.118411839008 11.3151569664478 4.75009554624557 4.26229944825172 1724.3427439034 4.74008494615555 238.735274255276 686.891503870487 7.02987051010132 62.3749496340752 7.32454660534859 15137.6454782486 98.2487896680832 8198.90350502729 658.576159805059 1.456568390131 259.698708027601 413.188151925802 9227.29522997141 9977.25022321939 0 0 5.67589983344078 628.155629307032 4233.79734045267 56.8633660674095 1785.78398287296 115.725023418665 1527.83217301965 732.020568341017 226.583062499762 30.9820637404919 0.508114695549011 15.9157821238041 2.64101040363312 3.50192683935165 1.75223517417908 1.07494688034058 2.41163146495819 0 8.61233940720558 3.21584966778755 4.60561969876289 0.909147202968597 0 0 12.3445039689541 0 23.6560636460781 0.463523238897324 1.03644743561745 0.99119359254837 0 7.90389248728752 1.9369301199913 5.14185717701912 0 0 0 0 3.56634390354156 5.20312666893005 18.4684666991234 93.8140258491039 0 3.13518732786179 33.6559666395187 61.0328559279442 12.301502853632 3.8979868888855 0 0 2.06155294179916 8.99426716566086 1.5728457570076
0 37.4423871934414 7.13736227154732 0 0 0 0 0.603694796562195 1.09378755092621 0 1848.98000332713 0 6548.54478779435 0 0 0.495795398950577 15.9639635384083 125.537819743156 61.6028534173965 0 1.12451007962227 12.6502447724342 0.990028202533722 3.41597262024879 168.983152210712 3499.78918018937 3293.90698024631 1.02904808521271 0.372555404901505 0 0 0 0 39.1197746098042 0 4.66198959946632 40.1872003078461 84.8272081911564 5.33705443143845 0 0 9.99267393350601 0 2.88585215806961 0 0 0 0 2.44794231653214 0 1.31224012374878 0 0 0 0 0 0 0 0 14.9431791007519 0 57.9331871569157 0 0 0 1.13998484611511 8.26792231202126 2.81558385491371 0 0 0 0.786097645759583 0 27.9873283803463 24.6983417868614 30.816526979208 0 0 0 4.09179812669754 0 0 3.12620919942856 0
10.223521232605 0 0 0.767184406518936 2771.45584630966 490.281462877989 8.13816177845001 579.709408760071 0 10.861979663372 5.59097683429718 5.0358704328537 0 375.15812343359 31.6173779964447 0 0 0 0 2.57721716165543 1.64525890350342 0 1.35523271560669 0.863316178321838 0 0.563536822795868 0.514483869075775 0.644468992948532 3153.97655230761 5.67589983344078 0 0 3.03080734610558 642.65544167161 0.816877216100693 32.2964401245117 0 9.32582426071167 7.78175818920135 106.464865893126 2012.12207263708 3.14897948503494 0 0 0 0 0 0 0 0 0 0 0 0 0 0 0 0 0 0 0 0 0 0 0 0 0 0 0 0 0 0 0.316007226705551 0 0 0 0 0 0 0 0 0 0 0
487.572422891855 0 27.5251460075378 0.797143280506134 0.661583364009857 7.76575636863708 230.064232379198 24.7405647039413 35.3171976208687 28.2074493169785 4.91730916500092 0.644975781440735 0 169.101566433907 2.35801815986633 21.3536792397499 51.1354665756226 1.02790081501007 5.90287089347839 1.86542466282845 134.4374383986 8.94598746299744 147.3013869524 105.848839998245 0 15.6025231182575 23.2814474701881 248.215917110443 8809.05410122871 628.155629307032 0 3.03080734610558 0 1028.47824007273 15.9903246313334 647.805447429419 26.179374396801 269.911690622568 202.639623582363 96.7059643864632 34.7507682442665 1.14698958396912 0 2.41008460521698 0.856106340885162 0 1.62699317932129 0 0 1.39157649874687 0 0 0 0 0 0.96561324596405 0 5.59034109115601 0 0 0 0 1.60346934199333 0 0 0 0 0 0 0.513255655765533 1.34873652458191 0.834388613700867 22.8007950484753 0 0 1.5532374382019 7.21382573246956 0 0 0 0 0 0 0
601.020789712667 266.800106018782 235.618050932884 15.9092105031013 994.015730768442 461.102612584829 685.285425156355 849.772401899099 64.1868613958359 406.05027115345 7530.51071557403 77.3539445698261 1801.22509381175 2156.17645397782 20.6535816192627 289.244262725115 1936.80507400632 238.698502808809 973.186826407909 63.6854475140572 3075.44890639186 189.510445058346 3208.54144415259 240.535261869431 154.879270046949 1321.6614407897 2100.06936174631 1078.14729851484 3480.08514720201 4233.79734045267 39.1197746098042 642.65544167161 1028.47824007273 0 28.7844662964344 1637.4160066545 540.401570469141 13980.9087995589 663.962614089251 675.057255327702 2939.73478427529 717.632549345493 24.8300810456276 10.6386475563049 8.54787838459015 7.3069099187851 1.17021894454956 0 1.13996469974518 0.836519122123718 10.1110654473305 35.2300076782703 0 0 0 2.24021142721176 0 4.75732389092445 0 3.86956661939621 0 8.65080857276917 0 0 5.91542506217957 5.83774691820145 4.98716098070145 2.1707050204277 0 2.28588044643402 6.60165840387344 40.6145845651627 25.4799195826054 16.6211084127426 55.0106312632561 162.755416125059 14.3220616877079 1.81518054008484 4.17728841304779 5.12870615720749 0 1.37333369255066 26.0384984016418 3.34716010093689
4.57467412948608 5.48934045433998 2.58508870005608 1.48389792442322 4.69496282935143 250.580065399408 23.3990014195442 25.3797589540482 4.11262083053589 90.6244615912437 5.74633073806763 1327.58824253082 29.486809656024 22.1954554915428 3.99465274810791 27.2625707387924 8.73162350058556 0 0.771026492118835 62.6166859865189 67.3871004879475 7.71025687456131 97.4684302210808 16.4868957996368 0 3.61413717269897 54.2623751759529 48.279238820076 23.389354929328 56.8633660674095 0 0.816877216100693 15.9903246313334 28.7844662964344 0 1040.53457042575 177.143970161676 110.943863242865 1289.37778306007 348.643345683813 80.9965932518244 3.87830144166946 239.774059832096 62.8344673514366 142.583720713854 221.691197484732 103.451941728592 13.5131548941135 1.87328168749809 0.302882820367813 0 2.39985644817352 0 0 0.845982193946838 4.59603708982468 0.369740068912506 0 0 0 0 0.689824521541595 0.643723547458649 0.923628568649292 1.56831818819046 0 0 0 0 5.35381719470024 2.24190691113472 11.9681323170662 1.4274645447731 0.510478913784027 1.90240347385406 12.3944964110851 0.961028337478638 4.22432312369347 2.80889245867729 0 0 0.360660463571548 20.0148178935051 17701.5251780152
303.059883981943 241.401623249054 354.697841197252 27.1776531636715 29.0339132547379 173.07962846756 811.65426030755 360.375711917877 250.906438887119 387.525649875402 245.167427182198 104.094240635633 1240.65572920442 1141.33260026574 12.1169584989548 1005.01596385241 348.658150523901 31.2551137208939 71.7623989582062 61.0545647740364 2181.33994850516 523.903671115637 4340.49296957254 635.786306798458 25.6538808941841 341.454407781363 2778.30293318629 1614.72341051698 1869.94688034058 1785.78398287296 4.66198959946632 32.2964401245117 647.805447429419 1637.4160066545 1040.53457042575 0 9972.9246122539 2105.64278587699 4393.1589615643 4392.82232221961 1693.28902894258 360.281428337097 294.825641453266 50.3534415960312 75.9114707708359 126.647757977247 27.9625025689602 4.28291726112366 2.12700080871582 3.30639725923538 17.2164866328239 53.7218170762062 1.49470818042755 0 1.1057014465332 9.57486727833748 2.38357794284821 21.0807731449604 3.05501943826675 2.20554620027542 0.961198806762695 9.37396800518036 4.51134765148163 0.429113507270813 15.9167098402977 5.02801704406738 0 3.70613038539886 1.96109712123871 5.55999481678009 19.513488471508 111.029373645782 65.2605330049992 4.38075506687164 26.34192019701 183.75738927722 46.9924602210522 20.1125239133835 5.21580535173416 0 0 0.396859914064407 46.7285256385803 112.994006812572
11.2390741705894 302.808289349079 194.942512601614 0 1.38536703586578 1.63574895262718 28.0789564847946 7.72795122861862 19.9402026236057 5.67959320545197 3007.30342924595 0 4049.55809864402 23.6882781386375 3.57190412282944 141.13527071476 173.129025310278 78.1582510471344 76.9366647303104 0 196.183869689703 214.739519685507 1043.67273133993 41.3101733475924 2070.26705154777 327.451613754034 1707.47489580512 94.8245131373405 39.0546753704548 115.725023418665 40.1872003078461 0 26.179374396801 540.401570469141 177.143970161676 9972.9246122539 0 9114.2706092 9496.47024822235 324.077133148909 243.885533392429 482.717578589916 47.917660176754 23.1581379175186 23.793605029583 12.9001646637917 0.644523859024048 0 2.12943935394287 0 17.5777288079262 27.8044757246971 0 0 0 1.0670690536499 0 0 0 42.4337138235569 0 76.9006865620613 0 0 4.42978024482727 4.67850369215012 2.58335787057877 2.99953123927116 0 0.816307961940765 6.69866210222244 32.9461275935173 2.28204554319382 20.9735819101334 33.6268123984337 90.8513376712799 1.59913128614426 0 2.36496448516846 3.81291902065277 0 0 14.4999719262123 19.8307303786278
