0 118.209734717111 102.96129090861 75.6649280877962 83.7296869578326 58.8712399430065 27.8270047055226 37.442789754143 66.0258128828412 50.5281139951059 91.033563312082 56.8411440180227 0 13.9502225028728 46.2005370493014 111.559595282029 104.825343843031 0 127.132124034178 81.2029077723391 82.6994888386221 77.7749647717991 93.5851688477879 78.8645295020178 138.361068725586 118.716805039323 128.718858946042 76.8247330424988 15.2762270865601 26.6803553317477 0 77.9304945115145 33.13565395944 48.5699654384116 96.5260842124485 64.7205962301454 82.244402486326 63.7124406209205 66.7948511739161 41.9498950180627 54.8724031049189 87.490894109156 0 144.109481811523 0 0 0 145.898849487305 0 0 0 159.385040283203 0 0 0 100.872779846191 0 105.519404625995 0 0 0 0 147.280443662047 0 107.38916015625 0 0 0 0 0 131.748809814453 0 119.611102103431 0 0 150.634492293349 126.361989981083 136.224927405316 118.97403717041 0 0 143.91667175293 0 129.886764526367
118.209734717111 0 42.2845875258344 162.545974731445 0 0 120.948420624908 134.251876526899 75.3925972440305 138.363840941423 55.6651031920671 97.9630002826607 42.9335686461923 141.431347212758 110.473532421082 71.3949068417099 52.3508952565722 65.2215503229322 52.3933725502703 126.969001212216 90.7350313430546 32.6333068893291 58.9844784959371 86.6031170055354 24.4570635754926 47.5477457989893 27.7047060941686 105.616950136382 126.185444075051 96.7839756303896 64.8153744430572 0 0 45.2297384895623 116.888078247503 70.1526116657649 45.1561364330018 48.6857174444771 59.566125837157 98.0235507976382 75.1389677345515 48.6507113149678 85.3503725591174 60.0307232302367 68.1018025426535 70.2418286260446 0 0 73.2804565429688 139.589645385742 20.4918330085714 59.9643995722654 0 0 0 129.472549438477 0 65.9670028686523 0 83.5116530736403 0 80.1600720907682 156.036651611328 0 81.3136434602306 71.7988291304032 93.8341794583883 72.7209792166788 0 86.0778576731097 57.6163744524288 73.507708829463 120.428405761719 44.7600554616267 65.5762032774742 55.831545422552 138.188314120026 97.5683288574219 114.708217264522 96.2939292522602 0 0 57.205638823375 144.252455880216
102.96129090861 42.2845875258344 0 0 132.824813842773 131.660062536332 97.8320040958286 122.619102309001 101.32413253262 115.415052233954 75.1490861367927 146.87873840332 95.7638943446825 115.077394762028 130.629776000977 86.3340859429434 35.7781698265363 63.4535000532611 49.9589072544883 0 64.0958182474542 66.7862688277849 28.7278782106238 105.794291548339 71.4007280353365 21.9663074200855 37.279528636925 87.4598226058189 107.274597715083 72.2083794984233 86.0208112555983 0 102.646692585218 53.8551519478052 113.847936050285 75.7359448029833 44.5704611324826 53.5265071624039 66.7256932585402 110.413755412791 96.9927298069179 79.807931560171 114.030539895189 96.3701087983125 95.7498319564515 100.034037781828 0 0 103.525390625 0 52.7913531685753 90.7743083733214 0 0 0 167.358367919922 0 0 0 131.917408018446 0 105.416388711279 0 0 111.864811703284 103.937839086089 118.064420475266 100.984680290254 0 119.301361411448 85.1298536821654 107.609471866145 152.417047583915 87.1836512002544 99.2555217273122 88.5213943137502 140.413625737939 160.623001098633 152.279434204102 142.634460449219 0 0 84.0345969811281 0
75.6649280877962 162.545974731445 0 0 91.8828978828716 52.3436198991272 36.4951619369314 80.5789981338044 60.7215899885094 20.3145218840015 0 40.9409024872655 0 98.3788605075169 71.4271351352699 84.4784397971013 0 0 0 11.4584193252799 102.535661661119 109.207468931939 113.182406798597 20.6501375871751 0 0 117.447008847085 17.1705161747189 107.648313027011 93.9038852386754 0 128.027420578919 108.514476449873 96.5956399344765 42.1923238391955 90.6720878420817 0 103.169664155399 100.259681021553 65.5041405017785 117.942917154133 0 0 0 0 0 121.3025705273 0 0 0 0 0 150.993129065219 0 153.026062011719 138.752823759284 0 95.9868315518141 152.266708335229 0 18.0016441834175 0 0 125.886520385742 0 0 0 0 142.358280879604 0 0 175.946807861328 109.608144937398 0 0 194.942474365234 140.022089488229 0 0 0 0 0 0 0
83.7296869578326 0 132.824813842773 91.8828978828716 0 10.501082113828 103.971156659477 14.0292517726209 50.4154903727006 99.0686128047304 74.0446639450377 52.9303546441208 42.3425636291504 27.8944686986342 14.0073982245173 0 0 0 0 89.046840646379 0 0 162.221911240398 65.9911635272673 0 190.856979370117 0 130.598738018317 19.5943571030428 117.531807391109 0 9.50974078709716 52.4490013122559 8.1057388994279 67.70642399057 61.8060718688031 74.4412384033203 41.0963073007229 41.0517539978027 10.7975032340419 8.4204278089128 0 0 0 0 0 0 0 0 0 0 0 0 0 0 0 0 0 0 0 0 0 0 0 0 0 0 0 0 0 0 0 0 0 0 0 126.252395629883 0 0 0 0 0 0 0
58.8712399430065 0 131.660062536332 52.3436198991272 10.501082113828 0 48.7276337826948 16.4516672687585 54.82520603758 24.297297315126 83.5233556230847 30.510056846194 102.345256984816 34.9817133038307 16.8774319987569 103.891011096938 153.073687743547 0 0 49.4066614539897 109.156275426411 107.409008054412 124.041980821676 59.6714545489999 0 148.575621954294 134.331192774341 54.8703184803943 39.6835094204472 86.6332361493273 0 20.220055003063 84.8930456986148 41.1557361595037 15.3034618999978 78.9906931130159 102.57120150652 84.3724925301694 83.8188170984196 17.6742569930649 27.0843085771984 86.5619277954102 162.249592241779 0 0 108.416473388672 0 0 0 0 0 0 152.317185678938 0 165.881790161133 152.349079211361 0 109.032362165331 156.988287901903 0 161.473709106445 0 0 0 0 0 0 0 160.923446655273 0 0 0 121.581089532445 0 0 188.150161743164 146.685593257367 0 167.342013764163 0 0 0 0 0
27.8270047055226 120.948420624908 97.8320040958286 36.4951619369314 103.971156659477 48.7276337826948 0 52.7687630623544 58.7093159090684 25.3551324150487 132.214162574253 48.1389872926267 157.156482818056 44.3800917397694 78.4956530538936 82.4854256613928 108.893160450592 0 142.44045659891 37.344034590487 74.3720191295139 78.7300807753273 84.4695223788889 43.0767353329197 155.958195508994 122.786951735222 104.978356066942 32.0200706036784 51.2565031612629 18.4197552541255 0 115.581433360851 58.5629671992386 72.5913892887339 121.936454990721 80.9177928485606 96.2927353016273 79.42584092827 80.3236681461122 71.9358592190641 80.4121365948656 0 150.244527654254 167.149807571293 161.693775860563 137.135836991245 90.3031005859375 0 0 134.475533438407 0 145.335968390245 150.414317192649 0 0 133.458237002028 0 93.4527840358813 141.476796478083 0 127.404181441512 0 142.557777795914 0 170.360473810337 0 0 0 128.978263156429 188.033915712442 105.356569956755 152.638769548414 106.008763521222 0 205.799987792969 153.386783332881 126.972237846767 149.082194557154 145.031144980984 0 0 126.929534544123 141.717431151186 0
37.442789754143 134.251876526899 122.619102309001 80.5789981338044 14.0292517726209 16.4516672687585 52.7687630623544 0 81.7456763326163 35.5349286845273 70.6018516910377 50.0122700911247 64.6895225129485 17.6055680701467 33.6260173274929 121.433882428894 127.291414126221 128.398849487305 130.657300831308 70.029459836726 104.7413521689 122.82808381834 113.172786855972 80.920088210796 120.105827331543 140.553693600105 147.18694061772 80.3101493944236 31.5424024577536 75.514621472262 201.323486328125 11.4688872361896 68.5058561507154 43.411499763338 56.2194532983399 74.0070742441278 109.168531723011 68.6914478212391 72.7322054659301 28.6495666143907 24.7889906245839 60.5191665722152 152.127914428711 0 221.973342895508 96.0064413159273 0 0 0 0 0 0 217.319931030273 0 176.226181030273 0 0 111.318358506067 0 0 0 0 153.021574934366 0 0 199.026748657227 0 0 0 0 0 0 136.078190551435 0 0 179.11393737793 157.821354365161 174.464141845703 0 0 0 161.189453125 144.76123046875 0
66.0258128828412 75.3925972440305 101.32413253262 60.7215899885094 50.4154903727006 54.82520603758 58.7093159090684 81.7456763326163 0 67.5136211771649 128.383538623608 21.1487449869936 120.757207816403 86.509834434503 21.9961513383787 54.4904172014127 113.245108615137 143.043363537889 130.741330823581 50.1699623684775 65.7673174505365 29.9588305811853 83.8554109217036 19.0114516497418 103.932784794997 120.026356653622 95.2714184365615 51.0211665949783 69.4497674995376 56.8497185718737 135.229998684571 0 60.4562382927362 71.924122758019 134.023126632651 50.6988048553929 105.943996093287 85.2970483242451 81.3430027818763 16.7965766562842 75.3803671525169 126.3248463423 85.1667714502394 0 0 126.535599506704 57.3926559058752 123.316969714082 0 80.1873828384814 105.048439025879 128.558939628077 90.9633785013416 0 107.227448248541 81.1660974269728 100.888810836583 25.4056367166305 94.7194563087596 131.500610351562 69.9800072125241 148.965133666992 92.344062085225 69.310862821293 78.4312757556716 0 0 0 83.7579335313306 93.2317383985943 25.8854620398404 94.1438607188298 48.4435897053578 0 166.963385733641 111.017076643501 79.2509826483103 91.6082239095603 77.2052266506954 0 0 81.3842936688621 83.8698798662583 0
50.5281139951059 138.363840941423 115.415052233954 20.3145218840015 99.0686128047304 24.297297315126 25.3551324150487 35.5349286845273 67.5136211771649 0 117.294778483017 23.7190039288521 130.085539903756 61.5911756599083 69.9368842574588 106.517022978456 141.162468795951 184.759429931641 125.362060546875 13.2127986239095 94.7330589674777 91.2221179006071 108.618440442186 47.1269312836663 0 141.250658170898 136.040468178068 28.7227105113201 84.4610415647554 73.4323291920796 0 112.323884762135 80.4830166337568 82.7436500374635 39.8673333302988 91.9695418302279 98.2798321085544 90.5490970888445 83.4542784563415 69.9834133424004 87.7805065926983 110.575309753418 106.644771482662 139.56103515625 0 0 112.570950251041 0 0 0 0 0 155.252184263532 0 164.242293238568 149.796665967664 0 103.633822879389 160.986041840114 0 108.63533549351 0 0 107.733127633528 0 0 0 0 148.480592279335 194.977172851562 120.171551902678 203.099299458936 116.165642348823 0 0 0 146.069660021519 160.408401489258 0 0 0 0 0 172.226364135742
91.033563312082 55.6651031920671 75.1490861367927 0 74.0446639450377 83.5233556230847 132.214162574253 70.6018516910377 128.383538623608 117.294778483017 0 139.176620483398 14.3875411616634 68.7933084189016 0 126.996358952562 47.5343293869466 16.1038445124894 23.8891713128969 130.57049170014 105.371825145362 92.4889989008199 91.4689457710126 137.902883502625 31.0361371237479 24.206267930267 43.6688155912825 165.944490655642 68.6927965613909 108.737614761144 19.7445816984092 65.247673774885 79.2204516998712 18.7160609916552 95.6659081290222 53.6755914518044 21.9900491296033 21.894404119614 35.2115098320533 58.5672609635208 36.3289241830359 13.9487542842115 93.0564041137695 47.9692748076285 79.3608665422792 0 0 58.8700065612793 55.1360409590884 0 82.8697795281096 135.549046498953 0 0 0 0 0 0 0 64.140461739559 0 58.4577256474401 152.985717773438 0 115.470344543457 141.347537939485 83.2166601229539 99.7169150129379 0 0 142.016036596179 133.906956618487 0 47.8704415839025 86.1184827240013 92.7563529828043 200.404251098633 0 0 89.8724082917534 0 0 103.39355894538 0
56.8411440180227 97.9630002826607 146.87873840332 40.9409024872655 52.9303546441208 30.510056846194 48.1389872926267 50.0122700911247 21.1487449869936 23.7190039288521 139.176620483398 0 129.053671441153 68.845796286641 18.8161393451081 139.228500366211 0 0 201.419418334961 15.1341558319935 0 82.9877322780649 144.201284531301 22.8645526372237 136.209091186523 151.997806979468 125.03053409653 47.5096021283048 89.7606105264425 110.014515299777 0 96.5402117626748 104.809700012207 84.1527963840865 12.2514367508915 64.9667565469125 0 94.1290852028687 99.6012828493805 19.8440238962233 83.0593494054823 0 131.659973144531 0 0 0 71.7303046090174 0 0 0 0 0 124.047970235833 0 37.0352439562493 112.795969956543 0 73.0717321630089 79.6312982557064 0 10.2781565911482 0 0 61.3645807297802 0 0 0 0 54.102832955837 0 0 0 90.2737265754849 0 0 0 111.514121876239 0 0 0 0 0 0 0
0 42.9335686461923 95.7638943446825 0 42.3425636291504 102.345256984816 157.156482818056 64.6895225129485 120.757207816403 130.085539903756 14.3875411616634 129.053671441153 0 71.0790537013287 147.962112426758 121.625676067007 73.0362002415853 38.5852026121322 49.9169327291222 189.523101806641 104.323770349053 81.7229669095405 107.190891677118 129.52790747517 19.5470813054845 17.5024542063405 25.5670295510632 127.536371185836 73.1550546416214 119.676768940664 9.91283372190931 0 0 20.4295117583227 69.6741457404539 19.7769571234848 18.0464330259524 20.4018255537998 17.8613115541731 33.0084639708168 14.7636099260495 10.1531540021925 21.9229775119367 38.0856288927781 44.3027326819022 32.5895215988487 0 50.7427845887838 25.50193347342 0 70.3985032438009 108.070867358131 0 0 0 104.537666320801 118.28067779541 0 0 55.4178903172959 0 51.0855514777076 79.1581573486328 0 0 100.777725557325 71.6385789511975 82.5657857374803 0 0 102.159265897797 144.848325098216 161.453909713253 37.9307290681803 76.625888236036 85.0553341725241 0 81.3549346923828 0 78.6179894427867 0 0 27.1088012152232 69.5401383522815
13.9502225028728 141.431347212758 115.077394762028 98.3788605075169 27.8944686986342 34.9817133038307 44.3800917397694 17.6055680701467 86.509834434503 61.5911756599083 68.7933084189016 68.845796286641 71.0790537013287 0 39.8661109752845 120.331459849269 120.330709436605 98.3447967072828 128.432012424305 83.6864791351177 99.5730999587589 108.792617954547 107.42951213697 93.9053397625795 76.1536483764648 130.853092866474 139.119725429318 89.509390511131 30.6149085369412 69.0873223625863 0 19.8496776368396 56.1716221259329 43.0611190687317 99.7705704662825 68.0310664896052 84.0326555376403 62.033302282644 64.6349249561993 33.6754651077423 29.5754336191637 70.7517570809653 143.903290211829 98.2388184244038 106.202373659875 110.818046569824 154.718713399898 0 0 169.255883912929 149.603515625 188.402725219727 0 0 0 149.606278558087 0 118.173866225385 0 0 0 123.663551330566 200.068668910741 0 161.153799630624 0 0 0 0 0 0 143.080673217773 138.149011834978 152.219268798828 242.007629394531 210.168281349394 147.707575512034 178.257605178542 155.868751431193 0 0 157.866302490234 157.456927731385 134.215984610493
46.2005370493014 110.473532421082 130.629776000977 71.4271351352699 14.0073982245173 16.8774319987569 78.4956530538936 33.6260173274929 21.9961513383787 69.9368842574588 0 18.8161393451081 147.962112426758 39.8661109752845 0 124.980131580913 0 0 0 60.7147913927554 168.984176635742 73.3379117683636 130.921172147073 38.0809983172185 129.321975708008 187.013046264648 129.061207119008 76.9897858564229 45.171966401023 105.683337259343 0 43.6529563067994 86.4354629516602 49.3089578030497 38.8183808896187 36.4125243712053 50.7613955735274 67.5272888878454 43.0203520537536 10.3540690568496 29.3051895327114 0 36.8949851989746 0 0 53.9027214050293 57.7587242126465 0 0 0 0 0 0 0 0 110.746109008789 0 63.2187393658237 126.935368577121 0 84.023567199707 0 0 0 151.357074912226 0 0 0 113.619239807129 0 0 0 88.5490057302262 0 0 0 105.911905215732 0 0 0 0 134.07341003418 130.971466064453 0
111.559595282029 71.3949068417099 86.3340859429434 84.4784397971013 0 103.891011096938 82.4854256613928 121.433882428894 54.4904172014127 106.517022978456 126.996358952562 139.228500366211 121.625676067007 120.331459849269 124.980131580913 0 93.655956887501 134.786956082223 104.591203829901 128.564895629883 15.9912392508465 35.4594461717435 18.3542722381685 36.8104843697921 94.135501480177 101.016254082354 28.5723652059936 37.1485755340001 100.737583542385 70.1852995373876 109.931465148926 0 77.6732290125054 64.4219778956731 124.067469985528 73.6304323022994 56.6661294580662 65.2577530679418 71.1501065994906 83.082128757465 119.237093985441 96.4984970092773 115.157178185577 94.389325383213 98.7033406675818 118.078011159958 114.371227611263 118.461904093904 0 121.71234425695 68.2382365478905 98.6044155979605 0 0 0 158.868928771283 148.681823730469 113.199042470683 0 0 0 0 0 0 90.1801010703532 163.115127688464 0 0 149.309677124023 108.300444576905 53.967836879569 95.7674400130174 115.28917414882 117.582084655762 143.885871380534 96.064138884269 118.34949821055 145.831629235435 106.700207874608 0 0 146.093417106807 108.482991434075 154.293496744216
104.825343843031 52.3508952565722 35.7781698265363 0 0 153.073687743547 108.893160450592 127.291414126221 113.245108615137 141.162468795951 47.5343293869466 0 73.0362002415853 120.330709436605 0 93.655956887501 0 49.6128831283214 15.840584674444 0 58.1423355882617 78.6629250770246 27.4036231293953 124.016883146977 60.7112460578206 35.721525080045 62.555665300505 106.43267598522 101.860757711156 70.1960647472396 83.0086524735908 0 89.2281602253952 30.4144896066301 137.333517440543 75.0491956217201 49.5500678114318 44.4999006372423 62.4708452994821 102.469576852381 93.5297953279437 94.5162429836664 112.284546469781 103.150570573188 112.16858669915 119.800901569505 0 0 0 0 71.0828348522509 103.862291200496 0 0 0 0 0 0 0 126.101541732275 0 99.7964421472092 0 0 152.552505012529 108.541519286742 128.6641144381 120.256430228601 0 162.981346824616 108.609339307586 126.497491621137 206.930635639974 66.5123062452145 104.418432275018 100.514873241749 193.838200860785 0 141.982666015625 129.87105405363 0 0 97.1180412675051 0
0 65.2215503229322 63.4535000532611 0 0 0 0 128.398849487305 143.043363537889 184.759429931641 16.1038445124894 0 38.5852026121322 98.3447967072828 0 134.786956082223 49.6128831283214 0 11.6236340622867 0 122.319063437433 101.379637581709 89.2205252743641 150.439744936487 41.298417006803 17.1100974381378 53.4489926766313 142.224418124079 190.619003295898 116.407856475846 46.3320506535265 0 146.882675170898 49.8193466975366 0 82.9908317975143 44.1927106529242 47.5753100185295 58.5092636535756 106.180847167969 69.0368628914286 54.0085586852431 0 93.9111266807745 94.1763213467073 0 0 0 72.7838439941406 192.018432617188 79.3827594551779 0 0 0 0 0 0 0 0 81.9988399800062 0 71.210840652684 0 0 0 121.131133478836 91.5361859430285 90.5977981037541 0 0 182.038955688477 0 0 58.5546253681902 93.3165851247946 95.8251650683229 0 0 0 90.6563560794072 0 0 96.381931693809 0
127.132124034178 52.3933725502703 49.9589072544883 0 0 0 142.44045659891 130.657300831308 130.741330823581 125.362060546875 23.8891713128969 201.419418334961 49.9169327291222 128.432012424305 0 104.591203829901 15.840584674444 11.6236340622867 0 0 88.0125100363717 90.7462782641031 60.5679765427087 135.568807773523 42.5437122748527 22.9006535083751 55.9934079518828 111.331942884577 120.088652939032 92.5651865124013 58.9232723597743 0 102.208293665581 34.7868851086504 237.397079467773 85.191926994778 52.6096086805662 45.5769246187531 65.4544950335166 113.225662316328 90.4157565663742 62.7732058287389 0 88.5801170616002 112.511722387312 128.008487180296 146.11882019043 0 0 0 60.2201224156416 112.986754655446 0 0 0 0 0 0 0 95.0427493419984 0 75.5735063574996 0 0 0 110.12994515003 97.905086007892 96.4571546102705 0 0 0 137.594833374023 0 60.6563874289953 91.7446028177684 91.393916791778 0 0 0 98.7636837426442 0 0 98.3590125904797 174.292190551758
81.2029077723391 126.969001212216 0 11.4584193252799 89.046840646379 49.4066614539897 37.344034590487 70.029459836726 50.1699623684775 13.2127986239095 130.57049170014 15.1341558319935 189.523101806641 83.6864791351177 60.7147913927554 128.564895629883 0 0 0 0 116.953847363705 101.382671023463 134.118376294506 18.5791389889185 162.717056274414 0 117.231768381872 21.6968796689858 97.6110940227664 106.825795845857 0 120.028551383027 87.2242030403113 92.084230676972 32.5874278656709 96.4699329468976 0 97.1562449020192 98.0894851300406 58.5722514473462 96.8427498791155 0 88.508191389577 0 0 0 100.468535589712 0 0 0 0 0 143.25564959839 0 136.751886057987 138.15914850331 0 87.1674652532579 139.603273388183 0 33.4077811238254 0 0 100.661476135254 0 0 0 0 135.320493337323 0 0 0 102.70244171982 0 0 0 135.290438787493 0 0 0 0 0 0 0
82.6994888386221 90.7350313430546 64.0958182474542 102.535661661119 0 109.156275426411 74.3720191295139 104.7413521689 65.7673174505365 94.7330589674777 105.371825145362 0 104.323770349053 99.5730999587589 168.984176635742 15.9912392508465 58.1423355882617 122.319063437433 88.0125100363717 116.953847363705 0 52.9774316850379 34.5921124629506 38.0452941506335 126.344989135623 85.4896464770525 68.3125158013793 22.7863497882994 81.1968124755567 27.8828573407183 136.233461536909 136.048065185547 70.6469836228475 34.6819671505366 118.64119205471 68.9247083041179 55.2159713855784 54.6794656193297 65.3207891626304 79.9289171587944 99.8387036495964 0 122.617150408019 0 113.760521702252 125.494965372735 0 0 0 0 138.899871826172 124.198979844979 0 0 0 169.232367632961 162.473577755859 99.8698232300341 0 0 0 147.714913836467 132.742492675781 0 99.0632419053734 141.98420715332 0 0 144.741516113281 120.822474648548 71.8995984502024 117.001351007584 137.302476661158 121.153263978917 164.580965591823 120.482672473053 126.067889253625 162.412078857422 111.853882625255 0 0 166.027542114258 122.133177041845 153.900662185574
77.7749647717991 32.6333068893291 66.7862688277849 109.207468931939 0 107.409008054412 78.7300807753273 122.82808381834 29.9588305811853 91.2221179006071 92.4889989008199 82.9877322780649 81.7229669095405 108.792617954547 73.3379117683636 35.4594461717435 78.6629250770246 101.379637581709 90.7462782641031 101.382671023463 52.9774316850379 0 52.4347993295138 31.7489368234676 67.8293278192687 83.4201855342872 44.0037546309881 56.662076672422 89.2365314058281 66.5516180423621 110.517245479616 0 69.0792360537718 54.4946173445032 121.462630524175 62.8087179253811 54.9863732318131 52.3013084852047 58.2042513874363 71.357295964823 92.5438903173074 86.860081038664 78.9264446980433 61.3140629388812 59.1330803225513 67.9317780928435 0 74.2118301391602 0 75.4196090698242 47.3951994939726 54.6807807093302 186.744426394745 0 142.609405517578 133.604582951329 0 59.7312796847048 159.883758544922 0 107.76545715332 109.771840116427 138.628964483368 0 56.2987270786011 72.8325361318312 149.522061177206 111.23814705539 0 79.2041788798838 21.257669735574 63.6407678843084 49.0899971767595 94.7466529385401 103.731515153497 53.171857513434 92.8780625996996 153.195114135742 100.810304097919 155.36946105957 0 0 75.5392803639182 0
93.5851688477879 58.9844784959371 28.7278782106238 113.182406798597 162.221911240398 124.041980821676 84.4695223788889 113.172786855972 83.8554109217036 108.618440442186 91.4689457710126 144.201284531301 107.190891677118 107.42951213697 130.921172147073 18.3542722381685 27.4036231293953 89.2205252743641 60.5679765427087 134.118376294506 34.5921124629506 52.4347993295138 0 65.1968200932272 95.9961877836663 61.714301424788 35.2415643463929 52.678712283445 93.110354493949 48.2796182694823 98.6827908850019 149.954288187677 82.8425017149177 41.9305008864768 123.483532214326 70.4244031058357 50.4846785078122 54.9422743787606 65.0685003318946 83.2198376494221 92.3444953024189 87.8467792164985 118.886728034746 98.5836001177417 106.585552096718 116.984028196622 104.967583128882 0 0 149.126525878906 75.4946292392312 96.2159280681538 213.121536254883 0 0 146.189396812469 0 98.7866413827271 0 0 0 183.691192626953 0 0 98.9779832469963 114.864315487631 214.117294311523 142.83140620751 0 120.878588038711 69.0261065342481 105.071662983479 131.213121642342 98.8926018112992 124.976924056175 95.9797145996049 146.685984191334 170.495330810547 151.825715211257 188.962478637695 208.636779785156 135.425438113331 104.79448077885 135.585322842565
78.8645295020178 86.6031170055354 105.794291548339 20.6501375871751 65.9911635272673 59.6714545489999 43.0767353329197 80.920088210796 19.0114516497418 47.1269312836663 137.902883502625 22.8645526372237 129.52790747517 93.9053397625795 38.0809983172185 36.8104843697921 124.016883146977 150.439744936487 135.568807773523 18.5791389889185 38.0452941506335 31.7489368234676 65.1968200932272 0 116.415378434868 132.070711992891 78.9266263906894 18.5109445400581 78.9043118688034 65.9938640452144 156.239325366623 139.392486572266 67.9307935401457 73.029251085597 132.518718723826 74.5956443996531 98.1027137113372 83.1610504181786 83.4859108464016 36.5248525414138 89.2540991369146 149.338089470775 123.49667529039 138.844482421875 125.307568147847 0 86.2440925715468 126.223416967652 0 109.694882517678 129.119225029273 138.417787976186 119.681075095671 0 135.075834000534 108.705385532649 125.589952314775 65.3978100719049 122.206724860888 150.466995239258 64.1238041683921 147.676659992084 131.206663847141 82.5640655216269 110.52599413952 156.897491455078 0 0 109.893354571291 114.484875058582 84.4756600165389 123.439244639793 85.028286970746 151.36564232962 166.615909499227 137.595739017836 105.360571877235 124.403198134865 114.715124183986 0 0 118.04391795834 118.175882929906 180.169949474776
138.361068725586 24.4570635754926 71.4007280353365 0 0 0 155.958195508994 120.105827331543 103.932784794997 0 31.0361371237479 136.209091186523 19.5470813054845 76.1536483764648 129.321975708008 94.135501480177 60.7112460578206 41.298417006803 42.5437122748527 162.717056274414 126.344989135623 67.8293278192687 95.9961877836663 116.415378434868 0 36.8596186315757 30.4737722325767 131.272760518408 123.249978913581 119.974937884275 43.4204060450498 0 0 44.7453640151013 0 86.2047336737686 12.9652231571637 41.1752101701592 70.8485489797412 141.109919409351 65.4293405640264 19.0900204127899 123.031256504112 39.5730792504409 60.2457422253578 36.5381889343262 0 0 39.685980340496 0 52.1731930018754 90.2820007072858 0 0 0 0 0 127.655548095703 0 47.5248045933166 0 40.3475823256361 0 0 107.98567901558 91.4094156969378 59.9067127590171 72.8309207274307 0 0 71.602722650357 114.446928576214 0 25.8668102408376 63.5012987326829 71.7700208731017 0 0 0 72.7070486000297 0 0 78.7930518003386 0
118.716805039323 47.5477457989893 21.9663074200855 0 190.856979370117 148.575621954294 122.786951735222 140.553693600105 120.026356653622 141.250658170898 24.206267930267 151.997806979468 17.5024542063405 130.853092866474 187.013046264648 101.016254082354 35.721525080045 17.1100974381378 22.9006535083751 0 85.4896464770525 83.4201855342872 61.714301424788 132.070711992891 36.8596186315757 0 28.5715279029504 115.223677296972 115.563583847134 90.8937502419083 15.6581086851604 168.03759765625 98.4486963390127 46.7645083001109 150.523876189687 80.9096578968859 51.2554773560089 51.4693704571493 67.3608816542691 125.656542518124 95.6605300952033 59.8555618620019 129.250409119566 91.5396157881626 98.9230319793205 105.202092636588 0 124.490031424054 71.8405930270878 0 65.5073338535989 108.020949732904 0 0 0 0 0 140.833999633789 0 85.6731083295881 0 71.9900972741615 0 0 137.577609081832 105.456007413543 90.8232071898102 95.2586340139437 0 131.575332584465 101.916174691486 136.116109579978 137.816497802734 54.5701456043737 86.333668983275 87.5420501478563 170.369578375108 0 141.032284933446 98.7246216401392 0 0 91.2950077469625 156.649191175085
128.718858946042 27.7047060941686 37.279528636925 117.447008847085 0 134.331192774341 104.978356066942 147.18694061772 95.2714184365615 136.040468178068 43.6688155912825 125.03053409653 25.5670295510632 139.119725429318 129.061207119008 28.5723652059936 62.555665300505 53.4489926766313 55.9934079518828 117.231768381872 68.3125158013793 44.0037546309881 35.2415643463929 78.9266263906894 30.4737722325767 28.5715279029504 0 76.4193808340395 123.814902627028 90.8784495556133 17.4485191591702 114.7529296875 110.198107517523 54.952755830623 128.283765739541 76.6564043753224 52.7949108300097 58.3338738844334 68.5818079660573 90.5236374592229 87.5827553905014 65.3311683011973 114.196390083068 88.051081767127 96.5111336669752 103.681579828984 128.700061587241 103.740601558701 62.3085899353027 158.597712193681 53.3649802371153 87.7635469104481 208.521667480469 0 0 156.388883410039 0 110.520571933037 161.689697265625 84.8414191065907 0 74.982721995078 166.809906005859 126.271286010742 97.8949062612367 100.430598483244 90.0762859061129 97.0084684892939 0 117.810114285861 70.9635269269588 98.4409710614964 142.875960049744 54.8083284912622 87.0176111967844 85.5715944297139 147.469869181577 164.806452451438 130.770558436888 100.925637479575 0 159.097138222807 84.6730851598042 150.353985998854
76.8247330424988 105.616950136382 87.4598226058189 17.1705161747189 130.598738018317 54.8703184803943 32.0200706036784 80.3101493944236 51.0211665949783 28.7227105113201 165.944490655642 47.5096021283048 127.536371185836 89.509390511131 76.9897858564229 37.1485755340001 106.43267598522 142.224418124079 111.331942884577 21.6968796689858 22.7863497882994 56.662076672422 52.678712283445 18.5109445400581 131.272760518408 115.223677296972 76.4193808340395 0 85.3200306593823 38.7522867723405 216.566909790039 172.28546382099 67.2251915579916 62.8346129911511 127.215747756973 75.7759846082317 82.3192160224698 70.2419634334944 77.9136372160356 79.7079040153984 91.0743198680296 143.889241379085 132.043097540874 159.319253087082 131.949038844753 139.622006789023 107.084279068392 129.79597187514 0 117.514215695164 141.955942903877 139.834275091213 145.72550738414 0 137.657977026856 122.921664420496 153.439918644132 80.9178437079511 144.932547801839 183.512496948242 100.32060890564 152.192886352539 131.683529475203 124.666958326631 110.002460088516 0 0 0 139.963591428269 122.429582057348 81.7542984948207 136.921833685651 100.942939551979 0 175.689704826578 133.387126728226 117.360707215351 133.790385249757 121.363920920722 0 0 120.933993272912 123.680265060064 147.660151288862
15.2762270865601 126.185444075051 107.274597715083 107.648313027011 19.5943571030428 39.6835094204472 51.2565031612629 31.5424024577536 69.4497674995376 84.4610415647554 68.6927965613909 89.7606105264425 73.1550546416214 30.6149085369412 45.171966401023 100.737583542385 101.860757711156 190.619003295898 120.088652939032 97.6110940227664 81.1968124755567 89.2365314058281 93.110354493949 78.9043118688034 123.249978913581 115.563583847134 123.814902627028 85.3200306593823 0 26.2529604255189 142.197860717773 14.1835722795335 19.4718223414281 32.6789685212753 97.9761788084312 59.6929062229362 68.550070265037 52.5429299009499 55.7701992440601 40.4928691731135 22.653789769171 74.7580881301023 153.448455753867 116.06689453125 0 119.972221374512 148.131552489479 0 0 140.337323704124 120.770736694336 192.454635620117 0 0 146.938885116389 123.390315058962 0 90.3685690954594 0 0 0 0 158.363892679647 0 176.163705096553 0 0 0 0 195.5419921875 102.194656352368 190.857116699219 121.119315458644 0 180.432998657227 174.631523895343 139.190886148174 149.061345528082 164.035540221118 0 0 152.580791988159 155.886724525099 153.514874001145
26.6803553317477 96.7839756303896 72.2083794984233 93.9038852386754 117.531807391109 86.6332361493273 18.4197552541255 75.514621472262 56.8497185718737 73.4323291920796 108.737614761144 110.014515299777 119.676768940664 69.0873223625863 105.683337259343 70.1852995373876 70.1960647472396 116.407856475846 92.5651865124013 106.825795845857 27.8828573407183 66.5516180423621 48.2796182694823 65.9938640452144 119.974937884275 90.8937502419083 90.8784495556133 38.7522867723405 26.2529604255189 0 0 133.136269666266 48.6067435466539 32.8445479315858 109.022281548752 61.1071092045807 61.3316656741384 50.5332336723259 59.8296871561891 70.0817439215366 80.1101718766662 158.625198364258 129.636612150438 130.545864925668 141.065640613679 118.220640624323 107.212013244629 179.852886851407 0 127.714785185523 105.960202786174 124.519248906277 149.306564331055 0 0 114.058843180602 0 85.989784404194 123.135345458984 196.661378934422 119.110877990723 0 138.093361202274 113.926849865175 107.292631084971 0 0 0 0 123.394926736416 70.7892113549344 139.720533377278 108.404278160039 0 174.044040664376 139.993311828645 121.707422801205 147.34044809185 128.106176971093 0 0 122.82864399579 124.283480113422 134.394535635545
0 64.8153744430572 86.0208112555983 0 0 0 0 201.323486328125 135.229998684571 0 19.7445816984092 0 9.91283372190931 0 0 109.931465148926 83.0086524735908 46.3320506535265 58.9232723597743 0 136.233461536909 110.517245479616 98.6827908850019 156.239325366623 43.4204060450498 15.6581086851604 17.4485191591702 216.566909790039 142.197860717773 0 0 0 0 65.3574244452439 0 108.463071521644 54.9098437807586 62.2436033660581 74.5490288551852 0 0 59.752011221328 0 69.7625836550652 0 0 0 0 76.9776184526411 0 118.179409273787 0 0 0 0 0 0 0 0 87.1899293904582 0 75.3711138921933 0 0 0 115.344863891602 95.8311929448673 106.919257286151 0 0 0 111.770812988281 0 66.1638671118201 96.1929177221603 104.91177415877 0 0 0 98.1024412579308 0 0 110.197589352343 0
77.9304945115145 0 0 128.027420578919 9.50974078709716 20.220055003063 115.581433360851 11.4688872361896 0 112.323884762135 65.247673774885 96.5402117626748 0 19.8496776368396 43.6529563067994 0 0 0 0 120.028551383027 136.048065185547 0 149.954288187677 139.392486572266 0 168.03759765625 114.7529296875 172.28546382099 14.1835722795335 133.136269666266 0 0 54.1306636536134 15.2929755509398 96.1403136283504 79.4869490671273 0 39.49060587486 59.3854260754686 39.6811867861843 16.7847891219607 53.9642259633766 0 0 0 0 0 0 0 0 0 0 0 0 0 0 0 0 0 0 0 0 0 0 0 0 0 0 0 0 0 0 187.742919921875 0 0 0 0 0 0 0 0 0 0 0
33.13565395944 0 102.646692585218 108.514476449873 52.4490013122559 84.8930456986148 58.5629671992386 68.5058561507154 60.4562382927362 80.4830166337568 79.2204516998712 104.809700012207 0 56.1716221259329 86.4354629516602 77.6732290125054 89.2281602253952 146.882675170898 102.208293665581 87.2242030403113 70.6469836228475 69.0792360537718 82.8425017149177 67.9307935401457 0 98.4486963390127 110.198107517523 67.2251915579916 19.4718223414281 48.6067435466539 0 54.1306636536134 0 24.0762324536443 77.1975388411245 39.7239233672768 37.1165097201955 34.7439203842062 35.3966261331523 40.7686329883781 44.9082324087196 60.5917472839355 0 163.033117189833 94.5619125366211 0 96.1989898681641 0 0 135.455828712668 0 0 0 0 0 132.402221679688 0 99.3762144444228 0 0 0 0 126.662236798732 0 0 0 0 0 0 138.503448486328 97.7631353941963 205.89501953125 113.410786041358 0 0 92.1106086933264 124.605807355819 0 0 0 0 0 0 0
48.5699654384116 45.2297384895623 53.8551519478052 96.5956399344765 8.1057388994279 41.1557361595037 72.5913892887339 43.411499763338 71.924122758019 82.7436500374635 18.7160609916552 84.1527963840865 20.4295117583227 43.0611190687317 49.3089578030497 64.4219778956731 30.4144896066301 49.8193466975366 34.7868851086504 92.084230676972 34.6819671505366 54.4946173445032 41.9305008864768 73.029251085597 44.7453640151013 46.7645083001109 54.952755830623 62.8346129911511 32.6789685212753 32.8445479315858 65.3574244452439 15.2929755509398 24.0762324536443 0 87.3970307152008 42.8135586376916 26.8885595867923 12.4120689231496 28.7078694660846 31.180999013947 8.66619130845604 17.1670441180492 98.2644368619302 82.216188641985 77.0681102189593 102.290158445823 180.700057983398 0 63.0099754333496 117.359466552734 71.7681937724594 93.6903500494662 0 0 0 132.288935916168 0 84.4508405477313 0 83.930919387793 0 84.1575674610799 0 0 93.6373233520822 102.827167818936 92.8631112072783 105.588343672216 0 116.876547242914 83.4275750572056 98.1130440861056 102.66206359609 60.1904446992377 94.239967608446 87.6170322635358 121.657093818356 164.131715478694 138.618179431438 116.133126788209 0 138.469024658203 85.1905205933626 100.413665418119
96.5260842124485 116.888078247503 113.847936050285 42.1923238391955 67.70642399057 15.3034618999978 121.936454990721 56.2194532983399 134.023126632651 39.8673333302988 95.6659081290222 12.2514367508915 69.6741457404539 99.7705704662825 38.8183808896187 124.067469985528 137.333517440543 0 237.397079467773 32.5874278656709 118.64119205471 121.462630524175 123.483532214326 132.518718723826 0 150.523876189687 128.283765739541 127.215747756973 97.9761788084312 109.022281548752 0 96.1403136283504 77.1975388411245 87.3970307152008 0 57.3837301324934 80.2784773050871 70.3350000152213 60.3297544283813 43.917012155674 57.1833993349155 81.1054460205999 61.11684248246 89.2144238585327 77.9624062733902 70.4027323480569 58.1720544529726 72.4127574797553 67.3655895876549 96.4755706787109 0 217.29907312267 0 0 160.910797119141 138.154699619943 166.950653076172 0 0 0 0 90.5060424804688 105.938735961914 64.0776748657227 132.275673833412 0 0 0 0 147.279696732909 132.700702215737 138.750699152986 172.257691848242 137.096481323242 134.246346977876 136.280483889875 145.996399217265 111.176464199464 105.725987579354 0 0 113.200294494629 80.0835018053614 20.929899518749
64.7205962301454 70.1526116657649 75.7359448029833 90.6720878420817 61.8060718688031 78.9906931130159 80.9177928485606 74.0070742441278 50.6988048553929 91.9695418302279 53.6755914518044 64.9667565469125 19.7769571234848 68.0310664896052 36.4125243712053 73.6304323022994 75.0491956217201 82.9908317975143 85.191926994778 96.4699329468976 68.9247083041179 62.8087179253811 70.4244031058357 74.5956443996531 86.2047336737686 80.9096578968859 76.6564043753224 75.7759846082317 59.6929062229362 61.1071092045807 108.463071521644 79.4869490671273 39.7239233672768 42.8135586376916 57.3837301324934 0 30.3421795433953 32.5555722230884 23.9542040006017 27.9694833410133 36.9653280427437 22.2591844728873 43.9746732215863 83.3892190971535 66.9700712678767 58.7008268446396 50.5474734277161 87.5139053043751 54.9707502264722 122.27750836728 84.7024625528363 113.503432735499 126.934594425252 0 117.923149108887 141.916387613265 132.949813022042 97.2276889716629 133.244314102338 104.287546839965 56.7548370361328 60.7781539454506 134.059341003874 109.933631896973 110.730477830717 127.324735216815 0 113.149545524956 89.8272664375847 119.18075856402 89.1991673313836 118.331037805753 111.442158581588 85.764233075566 125.519625783269 112.239730878302 126.486899918348 144.192245013274 136.736054531828 0 0 148.319229125977 92.5945225471031 66.7077934973583
82.244402486326 45.1561364330018 44.5704611324826 0 74.4412384033203 102.57120150652 96.2927353016273 109.168531723011 105.943996093287 98.2798321085544 21.9900491296033 0 18.0464330259524 84.0326555376403 50.7613955735274 56.6661294580662 49.5500678114318 44.1927106529242 52.6096086805662 0 55.2159713855784 54.9863732318131 50.4846785078122 98.1027137113372 12.9652231571637 51.2554773560089 52.7949108300097 82.3192160224698 68.550070265037 61.3316656741384 54.9098437807586 0 37.1165097201955 26.8885595867923 80.2784773050871 30.3421795433953 0 17.2309139322888 20.6826594615387 39.9591629698283 33.9946901795967 16.1197838432432 74.1410883068486 51.5140009256984 90.5892093264204 90.3683343652787 61.7395782470703 0 26.0161008759698 0 59.0157523797312 88.2697051840235 0 0 0 146.087142944336 0 0 0 42.4888752929291 0 43.1603614959524 0 0 93.8182762288139 99.5880359982043 89.5640445405069 109.173669758412 0 159.126510620117 62.4038468045775 105.69316001742 124.35778689107 39.4616029446522 101.061281280877 89.2721349554788 150.859990240734 0 127.335602664679 91.4139969420636 0 0 66.5528051353561 97.9171164559155
