0 14.5627171397209 253.543391615152 50.8608525693417 15.5789259672165 130.810574948788 4111.2615557313 1611.83578279614 148.700186342001 164.873308092356 51.0018365681171 41.8891279995441 3.48837950825691 15994.3708322346 8.61984726786613 27.2302051484585 146.564013630152 1.98817077279091 29.6679987609386 53.7818515300751 438.379020363092 70.1802045702934 809.375604838133 308.183169960976 3.65105664730072 85.5093019604683 129.764039814472 486.262474089861 9188.81923258305 3436.18013608456 1.03629839420319 35.2819708883762 536.333424121141 580.642214536667 20.8572756946087 386.074691027403 12.4932130873203 515.146270304918 22.9898124337196 90.3800084292889 62.8747905045748 0 18.1147783994675 0 15.720253944397 2.34198755025864 1.67569386959076 2.29257833957672 0 4.35564094781876 0.843632817268372 3.95144164562225 0.654908180236816 0 0.656627714633942 15.0056754052639 5.86877429485321 17.7740595638752 6.8953301012516 0 0 0 15.7482478320599 0 15.1517162322998 0.752528071403503 0 0 0 16.5078494548798 6.06808349490166 16.8399899303913 77.9002477824688 0.528989613056183 3.94872149825096 13.8071900308132 86.2374425530434 16.1944990456104 13.2812776863575 0 0 4.20515120029449 10.16324827075 5.01943230628967
14.5627171397209 0 647.935467749834 4.59101673960686 3.26696068048477 11.8773818314075 68.4891011565924 28.200234234333 912.592556610703 7.4122685790062 362.541500538588 11.9135878384113 837.592028617859 28.6028108298779 50.8675979077816 182.115640074015 531.095226019621 52.0102667510509 131.997197628021 3.11749383807182 138.42680773139 4629.9423712194 759.603332102299 1059.37232995033 4000.14243686199 1077.41067302227 8682.19807592034 175.550389483571 27.2314894199371 97.3361404538155 21.7890274524689 0.323690533638 8.0782653093338 239.586027860641 11.2320364713669 590.098091006279 197.79571646452 579.689993619919 119.994379073381 83.3484693169594 4.71546164155006 205.368963330984 30.9928558468819 13.7560850381851 47.8599032759666 13.7811823785305 0.687779426574707 0 1.5448192358017 0 78.3442104458809 63.0653837621212 2.01543891429901 0 0.315769642591476 4.54159674048424 1.54234686493874 15.1372001171112 0.310541391372681 25.3199160695076 0 26.2773571312428 3.4089837372303 0 6.64879283308983 41.2185604572296 12.3123200237751 25.4336356818676 0.350005447864532 9.99375370144844 12.208652228117 36.5768703520298 3.2397333085537 57.5103039741516 123.481737703085 249.310641974211 10.9338245987892 0.42382600903511 6.30458110570908 2.42155569791794 0 1.15771663188934 18.539227604866 10.1988026499748
253.543391615152 647.935467749834 0 13.6328493952751 2.06840544939041 119.532806783915 1409.71399322152 375.518572092056 66.5411894917488 50.135575056076 144.065727651119 5.96708354353905 61.2950762808323 427.720755368471 4.09860387444496 262.629191428423 3450.45341768861 53.56429079175 373.730480253696 4.70579016208649 3086.43814209104 429.650289922953 23977.0921185315 257.381527841091 74.1738122701645 14646.0922302902 15722.4156988561 1562.08103859425 289.275417342782 1792.8405623436 16.3022352159023 7.43920052051544 38.9491695165634 810.92812204361 69.7390700280666 2321.20548823476 322.933279424906 1780.84614214301 347.699607074261 68.5969131588936 24.3967197835445 3.41083246469498 152.761766910553 89.1131404936314 166.031265258789 57.9616802930832 2.45979875326157 5.92718231678009 0 0 124.48754259944 313.842171877623 1.15648484230042 0 0.413248836994171 18.3875589072704 5.75067272782326 9.27268022298813 2.65696695446968 11.0040284693241 0 11.2037872374058 7.92144265770912 0 77.4169530272484 140.4805727005 1.21076619625092 50.5863352417946 0.962277352809906 60.0559791922569 107.473754703999 367.059264242649 27.1213324666023 18.8451845347881 144.902641773224 1010.36437922716 63.2015411257744 12.2978056669235 27.6957617104053 1.14787048101425 0 3.57577502727509 65.4438472092152 42.8527158498764
50.8608525693417 4.59101673960686 13.6328493952751 0 9.20663496851921 245.231637448072 959.728087902069 207.310095220804 435.085176944733 15168.4119839668 2.61615335941315 1737.3940076232 1.08765870332718 132.185271590948 74.0247562229633 9.74103417992592 2.18474984169006 0 2.16774731874466 31286.8236391246 21.2214952409267 15.2440474927425 32.46738499403 3587.92472299933 2.01046150922775 2.09016343951225 19.7433631718159 14363.7196760774 152.616017729044 22.8756726682186 0 2.40852639079094 16.4134365022182 53.2399647533894 33.056132286787 295.570050239563 1.00407332181931 96.6328257620335 3.67120951414108 138.149656951427 15.6795234084129 0 21.5435962975025 0.574039578437805 1.65581628680229 1.70153170824051 24.3426504731178 0 0 2.62286299467087 0.567459106445312 0.999466717243195 162.642717659473 0 8.84658974409103 67.7097925245762 18.349689334631 89.9187542200089 73.5269131660461 0.308084636926651 18.119330406189 0 23.8563464581966 9.04633277654648 0.793874084949493 0 0 0 12.372247338295 2.12043884396553 2.24612456560135 6.98262438178062 150.652130693197 0 0 2.84203457832336 153.873647123575 6.4846131503582 4.15067890286446 0 0 0 3.81795716285706 2.31590807437897
15.5789259672165 3.26696068048477 2.06840544939041 9.20663496851921 0 1638.23329529166 24.3795112371445 714.462889283895 140.379806429148 20.479820728302 27.0868459045887 95.5129478871822 0 259.250706583261 4033.35583490133 0 0 0.397543102502823 0.844859898090363 5.51849830150604 2.00436824560165 18.001451164484 0.853053867816925 55.3379781544209 1.12419760227203 3.24401748180389 6.1808834373951 28.165985584259 482.548722684383 4.01261767745018 0 2949.98792269826 0.6876620054245 1736.37317025661 2.91913783550262 49.7158462703228 2.20584571361542 196.430592358112 5.14310193061829 8655.63045173883 2537.17492461205 0 1.45996224880219 0 0.414623647928238 0 2.66033113002777 0 0 0 0 0 1.44509160518646 0 0 0.557355225086212 1.20222514867783 0.920819103717804 0.834777534008026 0 0 0 0.961980223655701 0 0 0 0.443681657314301 0 0 0 0 0 1.00179886817932 0 0 1.80518251657486 2.81131571531296 0.58583927154541 0 0 0 0 0 0
130.810574948788 11.8773818314075 119.532806783915 245.231637448072 1638.23329529166 0 5740.92529886961 30085.3057199121 356.9856582582 19988.8481405377 55.300305634737 5752.12437176704 4.92395734786987 1567.8137922883 2207.62184995413 32.2480084002018 24.6371397078037 3.36321169137955 5.86699724197388 635.495065718889 147.203552961349 41.0689253211021 233.596255511045 406.445003598928 3.84345537424088 33.8334464430809 89.4305355548859 1468.87410461903 659.748560845852 239.59004214406 0.593317151069641 3019.95415660739 19.0960964858532 810.856684327126 1329.53711751103 236.586189925671 6.3767916560173 383.049567908049 9.3552565574646 3229.92453303933 1412.74835371971 5.47724202275276 16.1664097309113 0 6.26661524176598 2.00625440478325 7.81177660822868 2.45617496967316 0 4.52951064705849 0 0.731106281280518 10.8046632707119 0 7.54466980695724 70.3577027618885 16.1138466894627 40.4601542651653 34.3870888948441 0 14.5699531137943 0 15.8723390698433 3.49670144915581 10.7049323022366 0 0 1.2911205291748 5.30787944793701 4.85249841213226 4.15417692065239 17.2393380701542 143.669205695391 0 1.67804276943207 11.1834569573402 151.049988210201 20.423590362072 11.9017311632633 0 0 1.87478363513947 3.24575540423393 3.28630328178406
4111.2615557313 68.4891011565924 1409.71399322152 959.728087902069 24.3795112371445 5740.92529886961 0 6526.62368321419 1368.7546120733 16350.1603358388 52.7310034930706 1210.47101691365 9.06503826379776 9055.53096744418 176.336572378874 363.751200258732 208.007173627615 4.28248652815819 30.225713968277 1180.84245526791 2410.27741980553 309.80450463295 3436.24555593729 4834.28769984841 15.7718251049519 306.937992870808 1049.5215472728 25927.1542232335 3175.93707674742 15849.9461366832 1.2981239259243 60.8266826272011 368.748600423336 804.142229735851 216.023901134729 2704.61129015684 33.866556674242 1177.79368159175 57.9246810376644 471.395247817039 138.11378633976 5.48311033844948 108.526667386293 6.01553216576576 94.680819183588 10.4971703290939 37.68416005373 9.36408054828644 0 33.2033931016922 8.05348387360573 21.190762758255 61.4213761687279 1.54515254497528 49.718923330307 331.37015876174 93.615100890398 214.413693994284 116.958717137575 2.69436150789261 18.5786620676517 0 87.5359072387218 7.26055762171745 85.9965322613716 7.75329792499542 1.0302472114563 3.03946268558502 18.7570104300976 78.0823156535625 51.6149631142616 93.6227186620235 774.389564067125 0.473848253488541 11.5240971446037 77.9722514748573 861.879214555025 134.720744520426 126.175553709269 0 0.996612071990967 30.5505776107311 64.8870742917061 30.3989349901676
1611.83578279614 28.200234234333 375.518572092056 207.310095220804 714.462889283895 30085.3057199121 6526.62368321419 0 409.235001415014 3825.72420331836 204.34373536706 1436.49545204639 14.5284224301577 15490.3294962347 827.676650673151 45.2004112899303 168.983541607857 9.08997997641563 25.7888722419739 373.37557503581 551.742049396038 75.6624814718962 1039.45759037137 681.697989732027 10.5775020420551 127.192558050156 215.256677478552 1341.226716429 3672.77530843019 1603.43247944117 0.775120079517365 3154.22514277697 75.0313174426556 1879.21018281579 238.269162684679 588.584560632706 20.6053698062897 1030.33261629939 19.9901940822601 2203.13306936622 1718.11262851954 14.2572958171368 34.1202028989792 5.41856750845909 18.882564842701 3.73428621888161 7.37355205416679 4.17503899335861 0 10.2954639196396 0.304575949907303 4.33116617798805 6.33826518058777 1.43922770023346 5.04733496904373 86.6105067431927 25.5892463028431 66.3725959956646 22.8866527974606 0 6.45800486207008 0.931557267904282 29.1523146927357 0 24.491969794035 2.803825289011 0 0 6.9127551317215 31.4986677467823 13.0495171546936 31.6127737462521 249.715586155653 0 5.74393707513809 30.3688289523125 267.212283611298 40.4324943721294 53.738322108984 1.25091993808746 0.656269073486328 5.47344186902046 16.8641457557678 6.03685680031776
148.700186342001 912.592556610703 66.5411894917488 435.085176944733 140.379806429148 356.9856582582 1368.7546120733 409.235001415014 0 366.181613117456 84.21408174932 1305.49109345675 140.937691658735 311.904618531466 1396.46835628152 159.408428639174 37.3279368579388 7.93199625611305 11.5186532884836 293.96312007308 304.98301923275 4271.13050547242 238.770364612341 11975.1623724699 420.524558201432 67.3151237219572 652.01988054812 3503.65230971575 588.118355900049 837.214141756296 5.92937964200974 9.8055365383625 137.275517344475 140.26431825757 31.0447347760201 860.288657814264 9.21697463095188 233.235977202654 11.1501127183437 1873.18222686648 27.0493215024471 28.1649403274059 95.5654177069664 6.8883173763752 21.5849158763885 4.50981020927429 87.6027733981609 6.34155681729317 0 15.3217501044273 17.1745623350143 9.27343568205833 86.9103764295578 2.29610621929169 42.814780831337 268.042066544294 52.0525296032429 652.271641641855 188.566942751408 0.40322357416153 73.6584357023239 2.49947553873062 47.504556119442 28.2608807384968 62.6066787838936 4.44775241613388 2.14976984262466 5.00267174839973 40.8016330003738 41.2865191698074 69.9523976147175 55.8383441865444 760.067699700594 4.42630314826965 7.47343173623085 54.6461255550385 683.403136909008 80.6953485310078 86.468522131443 1.26497426629066 0.385333389043808 14.801259636879 41.7416740953922 4.2073118686676
164.873308092356 7.4122685790062 50.135575056076 15168.4119839668 20.479820728302 19988.8481405377 16350.1603358388 3825.72420331836 366.181613117456 0 27.135342925787 18572.5391644835 4.12551498413086 1465.22466754913 198.765697211027 27.8314942121506 7.11173793673515 0.902914017438889 8.40600776672363 26526.4097718298 84.3835120499134 26.3852493315935 131.001171350479 1085.75078675151 1.0490015745163 14.322553396225 67.8392291665077 13831.7993568182 663.450066268444 117.846399366856 0 35.622974216938 52.1286521852016 303.854596316814 1558.38315039873 941.265880227089 6.22671699523926 350.23523786664 18.5271649956703 464.243136316538 99.8857644498348 0.589253842830658 21.7188905477524 0.552455186843872 2.01083010435104 2.88387644290924 28.4223183989525 0.312876492738724 0 2.22560086846352 0 1.45692455768585 74.020413339138 0 15.5958082079887 102.837367147207 37.3865844607353 90.3390422165394 56.0159639418125 0 54.8231131434441 0 19.8343970775604 5.65218651294708 8.11544287204742 0 0 0 11.3605516552925 2.96663439273834 4.54927915334702 13.9571259915829 224.726114064455 0.325946718454361 0 6.54725247621536 198.428434789181 15.228942155838 12.3026352524757 0 0 1.4194210767746 15.1693795919418 7.74391555786133
51.0018365681171 362.541500538588 144.065727651119 2.61615335941315 27.0868459045887 55.300305634737 52.7310034930706 204.34373536706 84.21408174932 27.135342925787 0 31.3444636464119 7530.55019417405 276.017357438803 2.70472097396851 13.1575157344341 1372.65836650133 9415.1351338625 7388.1851079464 11.5179472565651 73.9074593782425 238.637859761715 341.189098864794 66.3883863091469 3085.77677217126 9008.17005124688 3173.07174158096 38.5282466411591 313.597938895226 76.2706470191479 954.295125037432 97.3934190273285 5.3741542994976 10399.437030226 12.0214319527149 761.759774446487 5469.2275185287 11559.7367578447 771.109212458134 139.296182543039 97.8133118450642 3043.61578604579 4.16773760318756 46.3096568882465 42.0950028300285 2.52679324150085 0 2.50848132371902 21.1367353200912 1.2523295879364 18.4495561122894 7.98030334711075 0 0 0 2.51647251844406 0.572909355163574 1.4183876812458 0.430211573839188 331.108439475298 0 591.091661900282 3.2907794713974 0 6.53976884484291 5.74112898111343 76.7617304623127 21.8342736661434 0 2.66186547279358 3.1733785867691 4.29612791538239 2.98249742388725 81.6734454929829 254.233021825552 138.874266296625 3.55939865112305 1.35513854026794 0 44.8930131196976 0 0 23.0171914696693 10.2869593501091
41.8891279995441 11.9135878384113 5.96708354353905 1737.3940076232 95.5129478871822 5752.12437176704 1210.47101691365 1436.49545204639 1305.49109345675 18572.5391644835 31.3444636464119 0 5.8107867538929 435.108784675598 3620.51596868038 0.779271304607391 0 0 0 21929.2465061843 12.2366580069065 35.361328959465 18.1958541572094 312.94518840313 1.52183711528778 3.09134989976883 16.0252065956593 1005.49262171984 363.915169000626 14.0879931151867 0 40.2226957380772 3.40442118048668 164.7276917696 1123.7474565506 337.106547892094 1.74929636716843 233.374648928642 5.74061381816864 2502.19854110479 51.8910101652145 0.795363545417786 25.9490154385567 0.507652878761292 1.81081148982048 0 31.2309042811394 1.66625213623047 0 0 0 0.31859889626503 371.269050210714 0.77289080619812 17.3945850133896 19.4631434082985 2.90994584560394 25.9641945362091 26.1400610208511 0 323.00757586956 0 1.45445400476456 8.48566949367523 0.665876984596252 0 0 0 184.186727464199 0.80120176076889 0.397970646619797 1.42070090770721 57.853138178587 0 0.344889670610428 4.02676972746849 96.6872864067554 3.5307275056839 2.55968508124352 0 0 0.650379300117493 0 3.62968981266022
3.48837950825691 837.592028617859 61.2950762808323 1.08765870332718 0 4.92395734786987 9.06503826379776 14.5284224301577 140.937691658735 4.12551498413086 7530.55019417405 5.8107867538929 0 24.21463778615 4.07544195652008 9.16198071837425 111.776662319899 468.672090291977 301.007498532534 0.390757590532303 17.0709700286388 374.365853071213 52.1858392059803 99.6495309919119 8119.52490136027 3735.96493017673 8185.13000386953 12.2455549687147 24.5312149524689 13.5101113915443 3503.72834798694 2.71431314945221 1.08781206607819 1028.76082962751 43.6212202906609 1349.82020550966 1954.77465063334 2660.4303226769 624.088249981403 55.8264201283455 184.171373903751 4020.96735942364 22.5346142649651 40.5820549726486 54.4274903833866 5.30237644910812 1.11143147945404 0.460069686174393 39.8464079499245 1.14022982120514 11.7035998702049 1.01053637266159 0 0 0 0.523499488830566 0 3.00710147619247 0 362.929680764675 0 638.362073838711 0 0 1.96563935279846 7.00268089771271 80.7710550427437 42.5452752709389 0 3.00131356716156 8.12904393672943 5.10446208715439 0.400327533483505 127.666981130838 232.047867655754 163.314751237631 1.39007204771042 0.917592704296112 0.657282054424286 51.5134726464748 0 0 18.5541733503342 29.8083572685719
15994.3708322346 28.6028108298779 427.720755368471 132.185271590948 259.250706583261 1567.8137922883 9055.53096744418 15490.3294962347 311.904618531466 1465.22466754913 276.017357438803 435.108784675598 24.21463778615 0 124.715861052275 50.0875511467457 178.030828207731 13.9953756928444 41.2315190732479 200.84967109561 636.55192899704 84.5311160385609 1133.57408604026 632.71654419601 10.9674263894558 147.478464871645 229.560196757317 1159.50919035077 15602.4281985462 2412.47388577461 3.56323462724686 2471.19632387161 164.620002985001 2418.1307720542 61.5453476905823 1235.59818172455 31.2159576416016 1565.61097621918 51.3867418766022 805.529126942158 749.013651430607 22.1528609395027 37.5764698982239 0 21.8250815272331 6.57482320070267 4.19779866933823 1.10175883769989 0 14.1769742369652 5.11212563514709 6.54509902000427 7.4848370552063 0 6.4299044907093 70.5230371057987 27.3767333030701 30.9540954232216 20.5094864666462 0.605552136898041 0.92305588722229 0 24.3851481378078 2.17232400178909 30.7328903675079 3.59710982441902 0 0 5.7273117005825 32.8166958093643 8.74947705864906 45.5079570114613 175.311550736427 0 5.12166348099709 28.8030390143394 208.534308344126 30.210807710886 38.4372021853924 0 0 10.433765232563 25.0035538375378 10.8564915060997
8.61984726786613 50.8675979077816 4.09860387444496 74.0247562229633 4033.35583490133 2207.62184995413 176.336572378874 827.676650673151 1396.46835628152 198.765697211027 2.70472097396851 3620.51596868038 4.07544195652008 124.715861052275 0 4.26758915185928 0.39711919426918 0 2.21234211325645 79.2746851742268 6.62311446666718 119.63909009099 7.347765147686 630.704759865999 10.6903886795044 4.58215987682343 36.3748254776001 239.77673009038 74.0723377466202 17.2670254409313 0 162.236112564802 1.81652089953423 56.2051885724068 23.5965050458908 73.039139777422 3.78812351822853 32.12255230546 0 11469.639447391 104.402450352907 0.3850919008255 5.74192106723785 0 0 0 22.2341642975807 0 0 0 0 0.56832230091095 3.71192169189453 0 1.41262227296829 11.9817515611649 0.989765226840973 13.2882823944092 4.32291102409363 0 0.709796607494354 0 0.338346630334854 4.37434417009354 2.24083971977234 0 0 1.39094340801239 2.88203448057175 0.797070920467377 2.11728379130363 0.672623813152313 16.3009165227413 0 0.981157600879669 0 10.3262466490269 0.389248162508011 2.00509065389633 0 0 0 0 0
27.2302051484585 182.115640074015 262.629191428423 9.74103417992592 0 32.2480084002018 363.751200258732 45.2004112899303 159.408428639174 27.8314942121506 13.1575157344341 0.779271304607391 9.16198071837425 50.0875511467457 4.26758915185928 0 52.2052100598812 1.44305855035782 10.9512616693974 1.99088451266289 12050.8699539006 3914.31898629665 26436.2803607881 2779.47099092603 27.3378054499626 53.5796770751476 10649.0420345366 3069.79762366414 152.54210293293 461.78560757637 0.829366087913513 0.829966634511948 41.7874111235142 230.008825004101 12.2590128183365 494.734922796488 21.2085007429123 245.210386157036 17.1879729628563 16.8033710122108 9.86008912324905 1.02175348997116 151.21162289381 35.9598521590233 80.119488209486 59.4575486183167 15.1893486380577 0 0 5.77440369129181 9.73901432752609 23.9465654790401 1.06274485588074 0 2.25383937358856 40.7241809368134 1.37901157140732 14.8937632441521 2.33590391278267 1.92407089471817 0.464006036520004 0 9.6053269803524 0 389.402661561966 11.2422536611557 1.09133458137512 1.57450291514397 0.505733907222748 164.433103591204 175.920434504747 699.365898758173 79.4986452758312 0.876674294471741 11.1328893899918 281.981401801109 149.325278103352 19.8658377230167 57.4589484632015 0 0 11.3740195333958 47.4945993721485 11.4339892864227
146.564013630152 531.095226019621 3450.45341768861 2.18474984169006 0 24.6371397078037 208.007173627615 168.983541607857 37.3279368579388 7.11173793673515 1372.65836650133 0 111.776662319899 178.030828207731 0.39711919426918 52.2052100598812 0 545.71658372879 12066.7842409313 0.782584190368652 1260.62457713485 191.917702436447 15268.5848167539 76.97174218297 169.456285119057 8978.53829166293 5646.58900558949 171.929894059896 338.845799416304 1370.4344227016 34.9019743204117 5.44566079974174 49.5333144068718 2071.26467114687 23.8996630907059 651.775095850229 238.913654208183 1739.81787243485 231.911484152079 24.4863122105598 6.20966395735741 2.99544975161552 35.8942562937737 25.4166313409805 63.1094826757908 20.0366908311844 1.19345605373383 0 0 0 80.0980978012085 82.6459217369556 0.462699145078659 0 0 2.17568898200989 1.29732245206833 0.56501305103302 0 16.4458584785461 0 20.1250482797623 0.55235493183136 0 16.5317025482655 69.2012768685818 12.4454571008682 49.904068082571 0 10.3004840910435 10.3055000603199 59.6221637129784 9.1777446269989 35.5150115191936 206.214064598083 291.212810695171 11.6824079751968 3.48389694094658 6.82891154289246 2.63285624980927 0 0 20.4329777956009 12.5951794683933
1.98817077279091 52.0102667510509 53.56429079175 0 0.397543102502823 3.36321169137955 4.28248652815819 9.08997997641563 7.93199625611305 0.902914017438889 9415.1351338625 0 468.672090291977 13.9953756928444 0 1.44305855035782 545.71658372879 0 6419.88818350434 0 16.0943061113358 24.4722400307655 98.2774174809456 8.26229292154312 447.970565915108 5420.69211629033 991.486399978399 6.44643592834473 17.9464403390884 18.4334979057312 172.254440367222 3.69164609909058 0 349.875234097242 1.42080172896385 132.66872343421 371.89361718297 679.863722532988 116.962208390236 3.52410888671875 2.22432148456573 28.9385159313679 0 6.16410213708878 17.1856858730316 3.12616974115372 0 0 1.44923651218414 0 1.64338186383247 1.32978641986847 0 0 0 0 0 1.64648604393005 0 96.4887173175812 0 164.82705911994 0 0 0 1.47567301988602 56.8195832967758 10.5822187662125 0 2.0811864733696 1.19264054298401 3.79120129346848 0 37.6299779415131 164.424898087978 88.9928132891655 1.0847502052784 0 0.65874582529068 33.0941550135612 0 0 11.3065136671066 6.11836647987366
29.6679987609386 131.997197628021 373.730480253696 2.16774731874466 0.844859898090363 5.86699724197388 30.225713968277 25.7888722419739 11.5186532884836 8.40600776672363 7388.1851079464 0 301.007498532534 41.2315190732479 2.21234211325645 10.9512616693974 12066.7842409313 6419.88818350434 0 0 165.157097309828 45.9108297228813 1147.21704807878 19.034461170435 551.150530129671 9832.75289869308 2510.55038410425 35.9588259160519 61.2650878429413 184.83656963706 112.316912353039 2.88976758718491 6.386554479599 1429.33009195328 13.9816110432148 463.530980318785 540.988535225391 1595.16237956285 293.842542141676 9.91276133060455 4.11351007223129 12.9751687645912 13.1333274245262 16.6428235471249 48.7460009455681 11.4297368228436 1.09267640113831 0 1.40397620201111 1.61750555038452 16.6820709705353 11.2504696249962 0 0 0 0.810253083705902 0.308392822742462 0.84746652841568 0 59.8798508048058 0 89.0778788328171 1.85487830638885 0 4.10087144374847 19.9249196052551 68.4617584943771 63.109594732523 0 2.26275253295898 3.67687940597534 13.050822019577 3.61411666870117 68.9323297441006 270.836474061012 212.585566401482 4.12080469727516 0 3.43801581859589 15.7401372790337 0 0 21.1833705306053 5.41898089647293
53.7818515300751 3.11749383807182 4.70579016208649 31286.8236391246 5.51849830150604 635.495065718889 1180.84245526791 373.37557503581 293.96312007308 26526.4097718298 11.5179472565651 21929.2465061843 0.390757590532303 200.84967109561 79.2746851742268 1.99088451266289 0.782584190368652 0 0 0 4.45107072591782 11.2157461345196 15.4108378887177 1627.88172191381 1.90444001555443 2.09245553612709 13.8458600640297 5499.27894455194 180.875600516796 23.427841514349 0 8.9874332845211 10.0891196727753 102.757342547178 150.715011864901 246.735679209232 0 91.5063889324665 5.60546872019768 184.40801474452 17.3646625578403 0 9.78706353902817 0 0.999895930290222 0.892566800117493 11.0795087814331 0 0 2.82651627063751 1.12464201450348 0 103.038036525249 0 8.82993802428246 82.3554466068745 14.1480833292007 55.4711485505104 34.8874934315681 0 17.6703410744667 0 14.3237781822681 4.22066158056259 2.59965467453003 0 0 0 11.8871515989304 1.45922103524208 0.891369462013245 2.78439962863922 127.452842414379 0 0 0 105.599735856056 3.9854217171669 3.60711032152176 0 0 1.32460153102875 3.01799401640892 0
438.379020363092 138.42680773139 3086.43814209104 21.2214952409267 2.00436824560165 147.203552961349 2410.27741980553 551.742049396038 304.98301923275 84.3835120499134 73.9074593782425 12.2366580069065 17.0709700286388 636.55192899704 6.62311446666718 12050.8699539006 1260.62457713485 16.0943061113358 165.157097309828 4.45107072591782 0 1615.48890885711 38987.3678014576 1850.28149241209 22.1585876643658 619.685387551785 2826.64000818133 11534.2078502774 1196.99683365226 21196.8239237964 3.40960109233856 4.18024206161499 351.364672005177 3731.78349149227 67.1045745015144 2055.10049146414 51.0146815776825 2268.84998080134 77.5850684642792 112.557362765074 44.3485182523727 4.71452465653419 200.105900347233 22.4646787643433 109.672724455595 41.016338288784 13.4686898589134 11.6176347732544 0 17.4926699995995 18.5396095514297 47.8494587540627 2.86646577715874 0 1.87812727689743 28.9219533801079 14.046010196209 36.8447281718254 4.54306641221046 0.632896900177002 1.05705809593201 0.982313215732574 17.0653892457485 2.76766699552536 383.506406694651 18.8470368385315 1.60939565300941 8.07415002584457 0.396240264177322 270.054085820913 151.112482130527 454.856426924467 199.084046632051 0.534423351287842 24.2413303256035 231.40086966753 339.86570635438 62.65376329422 150.194887667894 0 0 23.5017756223679 88.7772746682167 30.5955994129181
70.1802045702934 4629.9423712194 429.650289922953 15.2440474927425 18.001451164484 41.0689253211021 309.80450463295 75.6624814718962 4271.13050547242 26.3852493315935 238.637859761715 35.361328959465 374.365853071213 84.5311160385609 119.63909009099 3914.31898629665 191.917702436447 24.4722400307655 45.9108297228813 11.2157461345196 1615.48890885711 0 3037.8988186121 8423.42482151091 1199.00097620487 259.10935151577 7553.8956105113 1657.97318693995 301.636613190174 869.467701584101 12.4944816231728 0.315745323896408 90.4428941905499 292.907950282097 33.181257724762 986.823072373867 124.639547616243 561.697716653347 56.1222489178181 216.632606595755 11.6211470067501 47.296766012907 127.099012136459 44.6140606999397 78.541152626276 40.5151104927063 13.896485209465 2.12898683547974 0 0.956070274114609 39.208007901907 42.7787983417511 1.38180738687515 0 0.727730989456177 16.2360318601131 8.23739415407181 52.1902574002743 3.70257061719894 6.08558622002602 0 10.6200190782547 7.05705946683884 0 388.193388551474 31.4071606397629 2.78095003962517 9.62571305036545 2.77028954029083 127.361937493086 224.09973487258 477.65533220768 85.0348177552223 8.51976329088211 42.8890563547611 330.054527163506 81.4533070623875 10.3050063550472 64.7689428329468 0 0 3.851975440979 45.6091865599155 13.1560332775116
809.375604838133 759.603332102299 23977.0921185315 32.46738499403 0.853053867816925 233.596255511045 3436.24555593729 1039.45759037137 238.770364612341 131.001171350479 341.189098864794 18.1958541572094 52.1858392059803 1133.57408604026 7.347765147686 26436.2803607881 15268.5848167539 98.2774174809456 1147.21704807878 15.4108378887177 38987.3678014576 3037.8988186121 0 1571.57210695744 69.9472397863865 3692.84706380963 22989.4320789278 6877.1507294476 1545.22194716334 11287.097063899 14.5779819786549 14.1864753067493 269.561041414738 4447.80146947503 93.3725890219212 2394.79316076636 297.516258955002 3906.42287576199 293.299021571875 148.87997046113 45.0880361497402 2.26655051112175 445.134076923132 156.388358265162 423.008478850126 169.524859845638 31.1897028386593 8.8805418908596 1.45981228351593 7.00432497262955 86.7709057629108 255.327286034822 0 0 0.980630904436111 71.8110104203224 9.44048398733139 29.1332677602768 10.6039979755878 5.12540259957314 3.64044535160065 5.33731460571289 22.771575152874 0.432453840970993 722.392550319433 125.09151378274 7.4005982875824 36.0458167493343 0.342502057552338 262.013419032097 405.863883167505 1737.48020264506 180.004145205021 8.62369763851166 116.710162073374 1796.34523907304 287.079161077738 41.3332956433296 130.520427286625 2.0735656619072 0 6.57805609703064 150.440464824438 45.13912281394
308.183169960976 1059.37232995033 257.381527841091 3587.92472299933 55.3379781544209 406.445003598928 4834.28769984841 681.697989732027 11975.1623724699 1085.75078675151 66.3883863091469 312.94518840313 99.6495309919119 632.71654419601 630.704759865999 2779.47099092603 76.97174218297 8.26229292154312 19.034461170435 1627.88172191381 1850.28149241209 8423.42482151091 1571.57210695744 0 294.234521627426 109.013410568237 2198.18452560902 42701.1946217716 1300.95729893446 1917.37663799524 1.76992639899254 14.4821085035801 388.798944056034 354.616180121899 72.1269538104534 2313.2648242414 25.7034135460854 703.76201236248 30.6916249394417 819.019182026386 45.089144974947 17.6421957165003 187.233254611492 17.9830333590508 132.161047875881 26.6988687217236 73.1001096665859 28.8087337017059 0 71.3672516047955 16.7235895395279 36.8691685497761 103.370484292507 0 83.8245759010315 596.315072625875 157.884413659573 521.417009294033 227.940695911646 6.09270060062408 65.4134894907475 1.61701580882072 165.760121673346 21.6656899154186 223.030109196901 8.10732352733612 0.45349970459938 4.62163984775543 43.5086277425289 149.494630992413 112.334643542767 220.781904071569 1767.15013337135 0.980027467012405 21.0045619606972 159.841030985117 1598.70802411437 222.59281912446 264.283182799816 0.507622599601746 0.825717955827713 43.1017790436745 113.973593115807 22.2781955599785
3.65105664730072 4000.14243686199 74.1738122701645 2.01046150922775 1.12419760227203 3.84345537424088 15.7718251049519 10.5775020420551 420.524558201432 1.0490015745163 3085.77677217126 1.52183711528778 8119.52490136027 10.9674263894558 10.6903886795044 27.3378054499626 169.456285119057 447.970565915108 551.150530129671 1.90444001555443 22.1585876643658 1199.00097620487 69.9472397863865 294.234521627426 0 1652.31130152941 5088.74249356985 36.3999423980713 14.7638147473335 18.1705517619848 185.823576152325 1.42171514034271 2.52700185775757 181.68752938509 0.721064507961273 84.987498998642 813.244212567806 449.541410416365 72.2013722360134 35.1018869280815 2.39846709370613 2057.94661909342 17.6124448180199 61.2967248558998 103.315287590027 9.65520322322845 0 0 17.1227222383022 0 45.5388569235802 13.5506907105446 1.00437211990356 0 0.335148006677628 1.73683819174767 1.42706346511841 3.50506693124771 1.23603248596191 233.505628883839 0 484.462979674339 0.469138413667679 0 2.11424571275711 17.1610549688339 171.606341511011 100.134071648121 0 0.629698812961578 2.68522587418556 12.4629971385002 3.81985521316528 244.643034160137 591.449136197567 324.845674395561 0.976315438747406 0 4.08290940523148 67.8818823993206 0 0 60.6868772804737 1.49753934144974
85.5093019604683 1077.41067302227 14646.0922302902 2.09016343951225 3.24401748180389 33.8334464430809 306.937992870808 127.192558050156 67.3151237219572 14.322553396225 9008.17005124688 3.09134989976883 3735.96493017673 147.478464871645 4.58215987682343 53.5796770751476 8978.53829166293 5420.69211629033 9832.75289869308 2.09245553612709 619.685387551785 259.10935151577 3692.84706380963 109.013410568237 1652.31130152941 0 28910.7340785861 221.44867426157 178.160862982273 626.947775781155 2073.51154711843 5.49607455730438 17.8300189673901 1554.1595647037 46.0403419435024 1327.5766735673 1070.80967366695 2819.3088504374 559.81144464016 23.8486923575401 6.55062180757523 34.4682778120041 83.5492307543755 81.6158300042152 240.002180606127 30.8455753326416 3.11674749851227 2.27433931827545 9.4400589466095 1.1860431432724 179.570526391268 121.46243596077 0 0 0 5.80727580189705 3.15923926234245 3.49208629131317 0.592825472354889 242.481906712055 0 339.97856515646 8.54973646998405 0 19.8756591975689 120.376976788044 211.869224667549 293.118112385273 0 11.6684700548649 11.0478972196579 61.2886187434196 9.06944769620895 242.207633882761 1241.49386566877 1110.89676102996 10.145687609911 3.17554545402527 24.9672204554081 62.9574605226517 1.13425183296204 1.41970044374466 91.3125260174274 32.4837116897106
129.764039814472 8682.19807592034 15722.4156988561 19.7433631718159 6.1808834373951 89.4305355548859 1049.5215472728 215.256677478552 652.01988054812 67.8392291665077 3173.07174158096 16.0252065956593 8185.13000386953 229.560196757317 36.3748254776001 10649.0420345366 5646.58900558949 991.486399978399 2510.55038410425 13.8458600640297 2826.64000818133 7553.8956105113 22989.4320789278 2198.18452560902 5088.74249356985 28910.7340785861 0 2170.78863972425 301.485027626157 1171.22105202079 2283.08145421743 7.60255980491638 59.200111925602 2803.1471054256 201.031525075436 5816.8793708384 1737.29745021462 5897.08183351159 1151.52461823821 211.119372099638 53.9066944420338 81.7367328703403 551.448565334082 318.440429985523 942.5059504807 260.208567857742 43.9089283943176 12.4131478071213 11.9821507930756 11.1115653514862 688.770442515612 1111.99909690022 1.46503266692162 0 3.28785970807076 71.6142153739929 19.2744583487511 19.3653272092342 7.05551546812057 185.984682321548 0 275.962334096432 28.6397362351418 0 349.901643872261 529.550853848457 178.294951379299 403.385987609625 1.16698706150055 195.901442468166 457.998113691807 1766.15215590596 122.035553485155 323.732569307089 1485.64755877852 4510.66463565826 158.558001071215 30.1577470302582 113.780754297972 68.7219786942005 0 6.06775188446045 303.036392897367 106.15681245923
486.262474089861 175.550389483571 1562.08103859425 14363.7196760774 28.165985584259 1468.87410461903 25927.1542232335 1341.226716429 3503.65230971575 13831.7993568182 38.5282466411591 1005.49262171984 12.2455549687147 1159.50919035077 239.77673009038 3069.79762366414 171.929894059896 6.44643592834473 35.9588259160519 5499.27894455194 11534.2078502774 1657.97318693995 6877.1507294476 42701.1946217716 36.3999423980713 221.44867426157 2170.78863972425 0 1694.2796164155 11001.1246758103 2.76871708035469 16.9132865965366 513.850487977266 888.717265605927 116.600708454847 3114.23027569056 22.8715815544128 1179.71494057775 54.5007608532906 444.551676303148 106.564186871052 4.89935410022736 340.874800801277 20.3531081676483 187.931294709444 47.3843831717968 105.01136225462 41.1133740544319 1.42906376719475 89.81404748559 20.4762602746487 46.5755966305733 229.982437729836 0.493499845266342 72.0508319139481 789.110692977905 228.620735257864 493.551685005426 304.670768469572 0.974349319934845 70.2199438810349 0.855972170829773 211.075534582138 28.4110221266747 285.030162274837 18.7694000899792 0 7.76925987005234 53.0651084780693 250.791406810284 124.857172548771 307.486136466265 2043.34725779295 2.62713664770126 21.1557401120663 183.926496207714 2239.35252422094 337.383288890123 406.566132605076 0 4.54339447617531 67.9621170461178 209.635416328907 33.151691287756
9188.81923258305 27.2314894199371 289.275417342782 152.616017729044 482.548722684383 659.748560845852 3175.93707674742 3672.77530843019 588.118355900049 663.450066268444 313.597938895226 363.915169000626 24.5312149524689 15602.4281985462 74.0723377466202 152.54210293293 338.845799416304 17.9464403390884 61.2650878429413 180.875600516796 1196.99683365226 301.636613190174 1545.22194716334 1300.95729893446 14.7638147473335 178.160862982273 301.485027626157 1694.2796164155 0 11764.3982087374 0 4319.87774302065 12638.6387975514 5589.70229421556 89.9962138533592 1833.65069207549 39.9936634898186 3101.62302139401 90.2463182210922 753.696417093277 1487.786383003 12.6800765395164 53.834694892168 4.37398260831833 33.8685805499554 6.64272880554199 9.12012293934822 4.65524768829346 0 12.0002684593201 4.69925731420517 10.5458926856518 9.48718482255936 0 6.04544451832771 63.1187671124935 20.1096854358912 33.1815360486507 8.91351872682571 1.31737971305847 6.62735894322395 0.564935863018036 21.3581651449203 1.5496518611908 48.8971384763718 1.28719365596771 0.985699474811554 2.62699007987976 2.97093665599823 65.9788015186787 24.7675862908363 65.9315133988857 225.99361166358 0.818590760231018 3.74800038337708 40.8280503749847 276.380299985409 44.9249065518379 80.8528976738453 0 0 12.7538264989853 39.3476001322269 22.4097899496555
3436.18013608456 97.3361404538155 1792.8405623436 22.8756726682186 4.01261767745018 239.59004214406 15849.9461366832 1603.43247944117 837.214141756296 117.846399366856 76.2706470191479 14.0879931151867 13.5101113915443 2412.47388577461 17.2670254409313 461.78560757637 1370.4344227016 18.4334979057312 184.83656963706 23.427841514349 21196.8239237964 869.467701584101 11287.097063899 1917.37663799524 18.1705517619848 626.947775781155 1171.22105202079 11001.1246758103 11764.3982087374 0 1.80554187297821 9.13092190027237 1001.89476162195 3907.61365196109 107.849250614643 2665.49865445495 51.2839957773685 2450.44696220756 97.0783658921719 163.505371451378 79.5520054996014 2.35299944877625 128.333704978228 15.5216351747513 90.7517119646072 29.2324046492577 13.9497344791889 4.70711308717728 0 28.5519137680531 11.1826937794685 25.6838572323322 2.92199656367302 0 2.70715886354446 85.7613605260849 26.1520767211914 67.9341233670712 11.6003401279449 0.76493513584137 1.70659995079041 1.34530451893806 39.1515107154846 0.98488575220108 197.117449700832 10.5102709233761 0.995306551456451 2.71818333864212 1.23366868495941 177.158576875925 73.9860212504864 208.1833537817 400.959783285856 2.04030057787895 12.5976625978947 154.489685505629 501.194619208574 70.9027784764767 176.517946332693 0 0.964194536209106 24.6365129053593 74.2705890536308 32.5114312469959
1.03629839420319 21.7890274524689 16.3022352159023 0 0 0.593317151069641 1.2981239259243 0.775120079517365 5.92937964200974 0 954.295125037432 0 3503.72834798694 3.56323462724686 0 0.829366087913513 34.9019743204117 172.254440367222 112.316912353039 0 3.40960109233856 12.4944816231728 14.5779819786549 1.76992639899254 185.823576152325 2073.51154711843 2283.08145421743 2.76871708035469 0 1.80554187297821 0 0 0.820882976055145 38.3235422968864 0 19.2512366771698 70.2096951603889 133.469761639833 19.1110710501671 0.495376795530319 0 4.46090656518936 0 1.86575245857239 7.69865480065346 1.23774564266205 0.741995096206665 0 0.863869249820709 0 0.953711450099945 0 0 0 0 0 0 0 0 21.1151030063629 0 32.9570903778076 0 0 0 1.80738282203674 14.5345338284969 4.5948092341423 0 1.27022364735603 0 0 0 7.7586989402771 40.0118433833122 22.1368491351604 0 0 0 6.78444987535477 0 0 0 0
35.2819708883762 0.323690533638 7.43920052051544 2.40852639079094 2949.98792269826 3019.95415660739 60.8266826272011 3154.22514277697 9.8055365383625 35.622974216938 97.3934190273285 40.2226957380772 2.71431314945221 2471.19632387161 162.236112564802 0.829966634511948 5.44566079974174 3.69164609909058 2.88976758718491 8.9874332845211 4.18024206161499 0.315745323896408 14.1864753067493 14.4821085035801 1.42171514034271 5.49607455730438 7.60255980491638 16.9132865965366 4319.87774302065 9.13092190027237 0 0 2.72889116406441 2807.19989681244 3.71049717068672 123.818925827742 8.70550113916397 575.913821130991 10.1575589776039 492.952278226614 3235.32847484946 3.28471356630325 0.680893898010254 0 0.457099080085754 0.74803626537323 0 0 0 0 0 0 0 0 0 0.357457220554352 0 0.446506351232529 0 0 0 0 0 0 0 0 0 0 0 0.767431646585464 0 0 3.78530114889145 0 0 1.02229967713356 2.94912058115005 0.371980786323547 0.906030893325806 0 0 0 0 1.10976588726044
