0 128.425407298169 105.346817721791 93.6730516909114 68.0402089544254 70.242544611405 37.4509554523266 41.1623610958051 78.5237939448265 82.9721227963825 87.7033833364847 94.3459091897761 124.340411072919 16.8565986165281 94.2076027517052 97.1331286618452 110.014092079237 125.675250128303 127.359927985321 82.3102205455849 87.9833169442181 89.4986040726455 96.5760549706112 84.3212535982982 160.489803879736 128.832308108803 128.869109071891 83.613674660155 23.9216805051562 46.7872916947503 169.415191650391 75.1767732048491 33.0399884761758 56.9524413849348 120.853315939611 69.8570016602222 92.6085023417205 63.2797219411723 89.8241406990801 53.518200202935 58.1061797182783 0 152.690619077291 0 155.116614653875 156.688402825969 141.212343154248 184.157172261938 0 172.727693614763 199.4931640625 158.562794383548 153.652481079102 0 202.709899902344 150.162447105275 176.294649804226 97.1145979060211 169.031513198022 0 0 0 184.573533225619 0 135.139827619073 197.206649780273 0 0 0 144.601836786114 114.743770830104 168.292531686158 128.427773648596 144.128890991211 180.24593401064 172.161347171507 139.843030432581 158.164265471451 155.377295294006 0 0 135.535871018103 163.148939402375 142.432202284932
128.425407298169 0 47.7161813969225 114.016198241877 138.63649166582 131.386885067409 110.384670529855 140.296968192253 70.264088128598 140.441346397775 56.923158977291 105.284490425562 51.9959871890859 134.312965587702 104.663599692339 59.7827032294275 56.7166458839318 69.605762603447 65.4102597759862 134.568433489084 86.0785902926912 27.9517720917982 65.8847901225061 75.9885265486572 27.7677297034934 46.0668609049684 31.9250218232858 93.3914246600257 125.27334730779 105.721041108256 67.3020656165777 158.04231262207 110.680253100074 58.2901464085775 131.078414172224 71.3961993098709 52.1305791360346 56.7705011161383 59.1452732336926 93.2360963338941 69.356668197272 49.8946822773475 95.9278246019281 70.7228821780979 78.8359776831363 90.3365640091346 134.333435058594 0 46.3300590515137 0 22.1823160102734 63.1675071322386 143.97449558276 0 183.831176757812 140.736088922653 178.585930660714 69.1319221491054 173.102188110352 77.7407924656798 0 61.8453918773485 168.235844004355 0 107.136402434409 73.2125831577772 98.0289442015706 81.6707405536352 164.675582885742 143.174585471579 41.6141683854147 98.3717629721668 118.94525447244 42.9588216411344 71.0671752200098 61.5806592720324 148.835527816297 196.280807495117 144.109944149348 96.7306889851066 0 102.087455749512 76.9975059990197 142.806180507158
105.346817721791 47.7161813969225 0 125.946037092723 169.609228170067 127.556777757049 95.0868014819084 123.025841307826 101.011172104148 127.844729325849 83.2750920209219 142.639002733797 95.1274164525795 119.340995411872 150.416124266019 68.833424474043 45.4188620867309 79.4809480530755 67.0487211093867 113.622121471846 63.1810986260122 61.6206755978188 34.8933666911609 88.7706191958256 74.4692213949711 26.8468526340341 38.9190089269767 79.083476786461 112.430381886178 79.8067767072636 92.791306462065 174.890400396758 112.590591324273 60.9706070680625 138.026809588539 70.5193669294073 50.6948720736212 56.8628109996649 58.8595041353421 84.1384305821557 95.6669658146714 79.4635097955623 122.101451439865 98.1153229400152 107.229402041471 111.155834171063 146.125274605576 146.425487746567 0 0 60.0665706468248 96.0149338774967 223.695373535156 0 204.130462646484 167.54837779549 188.600588340876 133.573337873354 188.348538771675 135.146498686315 0 128.929371274304 177.300992211038 0 125.800849245603 112.15464773528 133.15723394123 125.22540806447 239.463256835938 134.843287345098 79.7332199792421 116.084753184991 137.342713972362 98.0917500766478 108.41098989861 95.5657432340871 143.22454377081 179.482134398126 147.179564668132 138.011423220665 0 127.83502456568 114.486776992674 157.527568906136
93.6730516909114 114.016198241877 125.946037092723 0 100.800473642612 68.7330672708568 50.6264497036627 95.9378975033109 57.6500890398332 24.1976254952884 148.492524899535 45.5371916468017 126.335219018196 100.58143059082 75.480009330424 116.778689490863 171.270045288949 0 207.896762009112 13.4646285672166 105.745398881403 91.4518309930671 120.016270180978 23.3130577333521 144.533295332976 143.233904700286 127.077517545895 22.0868906439142 107.739816201211 108.340095676354 0 155.473547312875 93.2944250673594 105.618725738792 89.3094078562655 93.2524820795087 135.124744036411 102.326544382684 97.6974466146256 72.337208894468 103.228910416531 0 85.4728293825745 165.896484375 184.251227564288 177.979525448582 95.3963193129202 0 0 147.845292409573 180.160095214844 166.641815185547 25.7392409132363 0 163.61406775113 131.66698515035 155.107797165924 84.2133839408909 148.699304527088 189.29052734375 116.692407746026 0 153.709473996492 110.799130233458 157.392120361328 0 0 0 140.38395862117 180.213899865847 142.579070270357 179.885611808778 109.127525441542 0 0 173.929668959235 136.338070400087 177.714465430681 152.262388747193 0 0 0 166.60744408979 177.746889402753
68.0402089544254 138.63649166582 169.609228170067 100.800473642612 0 17.4206635946568 109.095995735061 30.687888939075 52.9977404187029 104.367454607499 61.8786030282084 62.6957089337143 0 35.7532804862505 16.993226586996 0 0 182.010375976562 127.215614318848 112.04629516018 146.023770448157 98.115703058611 171.605398130431 78.9245131530055 163.187657260205 133.153133284563 155.136899954035 115.484154341156 28.0602376061301 112.664895658716 0 11.7124185740519 147.02033996582 15.1281247165868 83.3919923458275 65.280548854224 75.2918966574118 36.6815679660403 45.1916472284252 12.3324461912669 11.4742790473053 0 75.9305114746094 0 193.46501159668 0 89.8708318179684 0 0 0 0 0 139.476913452148 0 0 122.798873901367 192.05266433001 72.0042419433594 149.710403442383 0 0 0 212.851501464844 0 0 0 215.619705200195 0 0 0 0 0 81.3552169799805 0 0 220.94646649737 159.504896391191 215.266357421875 0 0 0 0 0 0
70.242544611405 131.386885067409 127.556777757049 68.7330672708568 17.4206635946568 0 49.3469578541843 19.1751075314697 64.1623536193245 27.8293116360709 70.6874471839473 37.7892882630221 108.048693528309 48.5310507657204 23.8315579132348 113.975283082493 147.912215487248 114.939332924211 128.021837361503 52.0618088698313 110.821919488013 104.910070415957 120.598115263726 77.5482406845861 176.660680144798 148.214069360765 137.665165376269 69.3627953275506 59.0484658986703 93.2701567447984 111.368286132812 14.439443335882 103.137714346166 34.7593582877173 18.7941199685394 90.6159280880646 116.622624121103 62.5408825381462 82.1914849061561 23.5721117598666 20.5361111582507 100.387478006943 133.160330749902 0 173.854275260517 184.998872109093 116.237674430723 196.581274684996 0 165.700142372574 0 218.974822998047 125.722458950201 0 154.567789332437 144.193941939033 166.629457028131 103.574315712559 164.070090277952 0 84.981425529329 0 155.589909733076 128.790678321491 160.232704000716 0 0 223.390057490601 160.360586405699 166.017919666033 125.29061183451 184.899518282822 127.059099013833 0 210.885006569763 189.964957942189 146.678159126283 183.752158320448 168.914239541517 0 0 155.984126822931 176.613078834559 211.176600487319
37.4509554523266 110.384670529855 95.0868014819084 50.6264497036627 109.095995735061 49.3469578541843 0 57.6548543385629 60.4576163013149 22.6261398455415 132.711620905894 47.1796264146088 145.656624801267 43.7497977435557 76.4810734090144 81.5582037159038 114.103421484724 132.890542975464 139.423879530533 35.1776826031806 74.9492952526347 79.6508955075859 85.6550449090334 53.6768945618003 145.125210565868 123.605009500977 108.051446145517 40.756417159387 67.4968023777886 26.4662588561587 187.495230234273 118.893071260974 69.9632457068063 84.8531062325475 88.7095047686072 77.5396065901424 110.805683738288 85.6485497229872 96.8582346058438 78.1494243472436 91.9374126717907 119.735107182279 138.166731845627 156.483680086378 151.079984387806 148.312876907795 116.849087146118 167.186996908381 0 138.729287447859 151.712897630059 159.406063522803 136.505275516853 184.806259155273 149.566577268106 125.387345868115 148.226666861458 79.7711121343619 143.212070754171 197.941872384225 123.342640543939 0 156.030998775414 133.37234753778 131.059547440278 179.307101951523 212.362243652344 210.329752146982 134.094859579339 136.951378277131 112.093462822084 154.730515640278 108.116753054238 239.137451171875 195.515466864528 159.227491713935 122.927815496397 153.588716568119 130.426753643673 0 230.154739379883 145.998468144464 148.734906452984 168.772859065922
41.1623610958051 140.296968192253 123.025841307826 95.9378975033109 30.687888939075 19.1751075314697 57.6548543385629 0 80.6747383549439 48.0664173922 80.5195832493036 68.8888672557261 101.359532091078 28.1201159420827 40.5958717977453 114.240378605174 128.906142658629 126.130031969662 138.268329523698 83.4612154345883 107.02888292283 109.491661932695 114.158216083149 88.9529195837164 155.467734424382 145.045493811019 140.732129383382 89.4183518276902 44.0964107746201 77.9810074006406 102.891174316406 24.6286154249543 89.2359024860907 44.8126618516561 50.2871136042181 83.236488759067 88.677516409189 62.4142971316871 84.7433544166774 34.8034013566122 27.9365991834278 83.6818147750289 160.037160443217 167.670617444192 168.71388258208 169.648255372577 145.038451704441 186.065107238347 0 164.736176157474 216.838256835938 188.388190181762 147.840248129086 202.691665649414 162.940383568282 148.936410553781 168.982555436811 104.817764119568 172.157947548563 0 149.35676926731 232.777130058793 183.978540364276 0 149.938051789687 187.996946324165 0 0 164.689332965954 166.277284327164 149.668577713399 178.900382443647 130.922845058752 0 209.401642314922 180.973359466419 145.579764913815 180.029933706605 155.772493288677 153.681564331055 235.168350219727 177.557759889606 170.059663953783 141.377209691255
78.5237939448265 70.264088128598 101.011172104148 57.6500890398332 52.9977404187029 64.1623536193245 60.4576163013149 80.6747383549439 0 72.9945390879964 127.81446978409 22.0233364247578 121.532415040797 87.8527824485452 26.7734024903327 54.178721486805 120.17436103031 131.930022543547 132.444758454148 47.5323338931356 64.2292554046622 26.5717622221139 84.3529756333423 22.1349872772398 105.189043313307 120.70475455183 93.9165527768033 51.2972883187181 80.568225396917 62.5563054486092 136.13453687171 113.766240933026 70.7163398248212 84.9018077602671 112.893076879868 62.4277478535113 119.229350426722 81.0005935394903 106.616306536963 21.8831792703916 82.9037608081818 123.170750328528 71.3676540571333 114.686755470516 88.4648984989031 148.165991238484 48.242325498514 108.512191840154 0 101.467648888117 90.7237764636926 129.889416177148 85.9457827867978 69.9663511089635 97.7974456040216 76.4213517989924 94.4129539446514 17.0251903256982 90.8525634027817 147.901214599609 66.8454867418502 144.234190357816 104.3737786453 61.8074917694716 67.7971919428045 133.298451738742 143.180792661821 153.285542287414 82.3739428188048 90.8575124101478 44.8652026073983 102.224404732827 47.7110360082896 123.00575211206 143.489187380632 121.57981383052 71.5535863128367 98.8164619203975 76.8899311655424 151.860907951262 138.057189941406 80.511534877052 92.6808534266808 181.851854638155
82.9721227963825 140.441346397775 127.844729325849 24.1976254952884 104.367454607499 27.8293116360709 22.6261398455415 48.0664173922 72.9945390879964 0 133.354220713225 28.5218355058313 128.147160015501 64.5605587787913 68.0111364854048 114.526768209745 158.541336761136 180.874709144273 156.152870223783 15.5816609445537 106.664145893732 97.5898523333528 118.80703903192 59.2584735299838 195.073847711193 158.252264164091 133.947548976101 34.9285053074407 104.643153033746 103.480705721997 0 125.276276506868 93.6188083463939 102.356943974189 23.6544355980451 96.8945786520134 129.196007856754 99.9988531005621 107.878476552025 72.9974844737583 102.899160066537 133.696670532227 106.051498687924 170.334381103516 148.282651409508 172.009364671308 111.769176726831 204.549087524414 0 160.817532445628 0 168.283004760742 79.8049512082466 0 155.964294154134 141.84138828809 159.730738486699 91.8433765640044 157.801082790918 0 50.8639567683197 0 163.526059485616 133.234617039486 168.901675509919 0 0 0 144.845587115868 152.037427226156 136.178376857451 186.981679137768 122.068585988207 210.643905639648 0 169.054422308054 141.309978827886 175.896001285628 150.194533519017 0 0 144.414218825751 172.07932055536 178.108229575659
87.7033833364847 56.923158977291 83.2750920209219 148.492524899535 61.8786030282084 70.6874471839473 132.711620905894 80.5195832493036 127.81446978409 133.354220713225 0 128.968143037692 19.9480894917574 77.7233568706407 167.413358435102 126.887719380252 53.5443840428057 21.9416594406496 23.3596986469914 129.878522494676 100.095221487946 94.4381781789909 80.2995855876885 139.484464618885 26.8883587132276 28.1962233672492 54.6557903885469 138.574640478103 70.9341661392368 107.782428256124 30.0301039665272 62.7127731820107 113.327412218611 21.8478587165936 123.38238316872 70.0595054327907 22.8254560459709 24.1867041767918 39.15450343537 58.1556226297956 40.7528041832414 13.486696589818 137.440269863489 49.7987451217625 91.7347268879758 107.435148671395 0 174.841120966037 46.0839832110544 190.071779479352 79.3236087960004 134.4099367168 0 0 0 224.566092575421 236.735412597656 154.419177261171 239.178619384766 67.8743550703888 0 66.7069024310087 127.031048382242 0 177.860199576803 130.070710104687 91.2644003432853 109.654208111361 0 182.690111070513 126.252575183525 177.138854472629 179.194085659495 59.3443297658069 92.6209124703922 99.9989274013667 175.029699968574 204.970376592431 0 87.8177193539517 0 0 107.616825048532 120.872621892991
94.3459091897761 105.284490425562 142.639002733797 45.5371916468017 62.6957089337143 37.7892882630221 47.1796264146088 68.8888672557261 22.0233364247578 28.5218355058313 128.968143037692 0 160.721640280708 93.0569096889731 17.6317723134756 115.256539904742 0 0 0 16.6589955221534 134.474609695817 75.7895614587107 143.736310920028 50.6059940209379 129.8083772782 171.266775560951 136.272880587077 54.9242928510348 99.5427419502976 133.016532695042 0 109.093290393268 97.9809719188979 101.555371771738 21.1190327497557 95.2836684712292 136.554559539325 99.2464646520061 113.617293730974 27.8313540424903 94.5464175828568 137.218231201172 63.9385639941987 130.313934326172 194.756343754586 0 66.4484856491459 155.802477080796 0 0 0 195.117630004883 14.2466715765886 91.7003936767578 67.6109610580893 116.216728998129 155.201191010917 74.7516092974373 106.055015055556 0 13.3433822516119 0 175.166494626698 86.4231048844637 161.904678344727 0 0 0 11.0456710620229 178.155487060547 179.668228149414 135.906860351562 70.9651025224703 0 216.865844726562 185.153472250081 98.7521695471117 140.46487625819 169.178012095298 0 0 178.232788085938 0 185.001648401955
124.340411072919 51.9959871890859 95.1274164525795 126.335219018196 0 108.048693528309 145.656624801267 101.359532091078 121.532415040797 128.147160015501 19.9480894917574 160.721640280708 0 90.9650804647879 155.745057236954 129.148840359367 81.8628548395674 44.3416122873148 56.0526624537566 136.287689208984 141.055221626105 90.9910759093732 112.282986855764 134.169737448142 19.9557939976333 24.5709457095846 30.30079251721 147.198233792895 82.718129841802 141.341082065928 10.2006514016322 75.1891812842826 96.3631591796875 22.2352566364919 75.3347008039471 26.7928091788251 26.9056339667336 21.5783140531246 17.2825694505502 64.2289544771805 12.8271561488706 11.2394312820226 87.7308174843955 51.3862723334973 87.6360000719996 93.5473887753915 225.524322509766 197.161712646484 52.387084209575 193.66796875 72.7737799322144 115.462049787839 0 0 0 164.785537719727 0 151.947150053017 0 67.7643994677097 0 67.5764715360325 0 0 169.894698905929 119.916725850741 84.7352979074503 103.703312136243 0 167.986785261813 115.956934896911 160.708550179408 205.88346862793 45.3402183164788 85.0520018461999 93.3136317127186 214.575551958212 156.077651977539 151.873397827148 86.9598467537018 0 0 88.7798305777918 86.5780256285206
16.8565986165281 134.312965587702 119.340995411872 100.58143059082 35.7532804862505 48.5310507657204 43.7497977435557 28.1201159420827 87.8527824485452 64.5605587787913 77.7233568706407 93.0569096889731 90.9650804647879 0 61.9581131733668 121.164299859048 131.408038527119 124.666505569947 124.265077780081 94.0686702819952 103.694941978976 104.374199615407 112.558420490289 92.7398604188186 124.062203240029 140.639215931827 140.082648519925 90.3584688487912 26.4832508491409 75.0890637652411 109.897058776769 21.2999349786575 63.4330641974889 46.6256542124738 121.557179351556 74.3334539539347 94.4139722075622 60.2623047539303 77.8215107582384 44.1504136511253 38.516455511291 70.856705332426 164.020424819306 0 170.468964722836 164.59398282389 156.37694597124 181.668402245976 0 163.177905227692 132.930725600846 193.805261183984 152.194861235272 0 172.038348939215 149.942023208019 173.974970072781 106.303432206175 171.480766023355 157.78466796875 167.996686595845 0 178.374788961678 145.629067943897 149.525409811013 204.428211835787 0 0 151.331475744079 158.432191756881 131.532301417627 181.798062176012 133.578473262139 0 192.446136361351 187.16479153397 146.800826837909 178.89835543205 150.569014941923 0 0 165.318424334931 171.031027654002 161.620948677826
94.2076027517052 104.663599692339 150.416124266019 75.480009330424 16.993226586996 23.8315579132348 76.4810734090144 40.5958717977453 26.7734024903327 68.0111364854048 167.413358435102 17.6317723134756 155.745057236954 61.9581131733668 0 114.117143662561 167.327194213867 0 154.103037759754 65.5601448909389 145.564134922409 76.6513346952671 132.973410227268 46.0725147168894 151.011447910932 159.942161986464 128.837978108727 78.3332827082487 79.5046636555137 101.561691947172 0 40.8030315459549 133.225123862419 59.8383897906872 35.9503000385446 55.2174962962533 104.835739867855 78.8900433865671 0 12.7233456167206 31.0011314519715 169.566024780273 52.8855373588017 0 0 0 72.3920267828129 0 0 0 0 193.10383605957 102.3921606872 0 146.394650241725 112.048166099995 157.171325683594 62.2988071226339 119.347705776222 0 72.4934234619141 0 222.040603637695 84.9692036539149 102.150634765625 0 0 197.00602722168 112.094093536959 118.55339050293 68.1703115792427 166.774307250977 79.875775189824 0 225.022598266602 0 114.18005326574 198.850555419922 201.158342171064 0 0 0 0 0
97.1331286618452 59.7827032294275 68.833424474043 116.778689490863 0 113.975283082493 81.5582037159038 114.240378605174 54.178721486805 114.526768209745 126.887719380252 115.256539904742 129.148840359367 121.164299859048 114.117143662561 0 100.665548486842 140.376577427008 113.435732254868 106.86596457544 18.2266966746934 32.674751011986 21.5446860318934 33.1618545629766 103.411727463629 102.234589390151 25.6710043907854 34.2218411369808 92.0758638981286 72.1368670743654 176.64338684082 149.713486628181 73.4626242791387 68.6959666922421 163.105483716196 69.5208936481542 81.6552341057235 76.960652868137 85.1867271720536 92.0202077124644 92.2160862438687 118.471838666648 110.387554168187 101.469107649119 107.859216838297 108.203940390209 118.907037196451 0 0 117.848027506168 95.1315507234085 123.945966291337 169.006607055664 0 144.499345516199 143.957197199051 171.184054742167 81.7228343973587 163.732212289712 190.083106725616 101.021858215332 0 158.184988878946 0 96.3527829505694 139.998419048566 167.855377197266 186.987133940258 176.905639648438 109.866484996577 64.2500771511169 104.072552528607 100.899278483192 111.373558044434 136.197221756545 104.83449989617 116.929295871865 139.031650412878 115.205104080272 0 0 113.519201787098 109.536880126966 159.807981310476
110.014092079237 56.7166458839318 45.4188620867309 171.270045288949 0 147.912215487248 114.103421484724 128.906142658629 120.17436103031 158.541336761136 53.5443840428057 0 81.8628548395674 131.408038527119 167.327194213867 100.665548486842 0 54.7052575596903 20.7369056039249 191.456939697266 64.5617961552081 84.4433306421837 24.9386136800706 121.46491880817 67.2258333807861 36.2092974133534 66.3263685219554 114.770785947156 109.385423106947 79.3835026921391 89.1970506758243 149.348530408425 103.565285063073 40.7815592838511 143.074654153512 79.363628349043 54.7828489581458 54.126858744756 59.6971922467092 103.252583186118 124.238985195862 84.6143483688915 144.661958842743 111.926312347082 119.186290419229 125.071563827147 171.359771728516 0 0 0 69.1493733406275 113.262265093979 176.131988525391 0 0 156.770574957833 169.551156607777 174.25390625 0 115.678146722876 0 110.364898152583 180.913955688477 0 150.557748815136 126.667879724893 132.234360638739 118.503263457794 0 169.058423677161 106.580713274062 145.244286870894 180.187170515548 88.0857153559155 107.803828149297 110.051375581192 186.190470133915 166.616012061393 173.660122517174 116.174275820781 0 0 118.103752967885 166.583594603964
125.675250128303 69.605762603447 79.4809480530755 0 182.010375976562 114.939332924211 132.890542975464 126.130031969662 131.930022543547 180.874709144273 21.9416594406496 0 44.3416122873148 124.666505569947 0 140.376577427008 54.7052575596903 0 16.739616543765 0 114.377055622522 102.411934985771 83.7827472042859 148.910969383069 41.8621906852042 27.7319256907072 59.866358534568 159.76264773093 111.967088579468 122.968806665111 48.6370922226072 96.3238078619132 0 54.6652355952666 119.977459505016 84.6458035000244 44.8921930576396 52.4200538049091 59.7594736407184 140.91772675622 90.3532652957979 48.9669781474431 0 98.9703277319949 111.553578043478 116.989907871354 0 0 77.0919638413886 0 90.7649528409702 187.790786743164 0 0 0 0 0 209.371780395508 0 89.5754331815534 0 80.8372072490418 0 0 0 136.833571574751 94.894391046117 118.994549477495 0 164.819434324077 115.380500793457 174.878222867859 0 72.8381208287534 94.9617686221705 98.0370482474017 196.473988150921 0 158.034973144531 98.5094331302504 0 0 119.447019780658 143.064898671137
127.359927985321 65.4102597759862 67.0487211093867 207.896762009112 127.215614318848 128.021837361503 139.423879530533 138.268329523698 132.444758454148 156.152870223783 23.3596986469914 0 56.0526624537566 124.265077780081 154.103037759754 113.435732254868 20.7369056039249 16.739616543765 0 0 85.7570953516504 99.8039203333907 55.7042726534764 144.823723432949 42.3052551566733 26.1044846720157 60.5170603608306 134.405573838287 119.594626813668 97.5770812441056 55.7696123795532 121.653306637848 128.645666442655 40.1757177586297 146.015622037241 77.4676254993377 41.1260351047217 47.2642377506338 54.9257450887232 99.9367832568732 86.0329555300844 58.3852926693564 154.912395746622 103.970215422627 103.401355088962 125.896484751406 155.167587280273 0 99.5260620117188 167.364349365234 83.5775097009694 132.580008981285 0 0 0 198.459259033203 240.215957641602 189.926696777344 0 96.22053235901 0 85.1063292917516 174.473216297959 0 160.673383810705 132.087876984895 95.6289970353762 103.678143580919 0 155.026633037889 127.800064305105 137.667661678633 182.505076825317 67.2037558851059 93.3672300659003 96.8188650855185 179.50814178198 0 170.735824361833 100.908661937385 0 0 105.957067817871 158.795165453274
82.3102205455849 134.568433489084 113.622121471846 13.4646285672166 112.04629516018 52.0618088698313 35.1776826031806 83.4612154345883 47.5323338931356 15.5816609445537 129.878522494676 16.6589955221534 136.287689208984 94.0686702819952 65.5601448909389 106.86596457544 191.456939697266 0 0 0 122.95146224765 91.2046923891078 124.802595971399 17.9951076722256 160.455281627811 193.727131419117 147.285079969627 25.3602127088162 101.77042240927 106.150407787231 0 127.122264348533 90.6728694827075 96.3760017638608 42.4675919076918 86.0123355518849 0 96.530575252212 97.5195037037825 64.3974319222324 93.9952936686007 0 86.0949334576198 0 148.840325955239 136.947128295898 95.105344695006 0 0 115.24305248036 144.862564086914 0 35.8672735851043 0 143.512835722566 118.661562039425 144.437869520123 71.6060986502935 134.790667345786 0 79.4887091434177 0 135.507502479663 84.8581920049201 143.250011345235 0 0 0 129.553797889552 152.461408818303 148.767242431641 171.74296210302 95.2492989152257 0 0 0 120.710028850068 166.427882270903 149.779353342159 0 0 175.448486328125 170.801737592421 0
87.9833169442181 86.0785902926912 63.1810986260122 105.745398881403 146.023770448157 110.821919488013 74.9492952526347 107.02888292283 64.2292554046622 106.664145893732 100.095221487946 134.474609695817 141.055221626105 103.694941978976 145.564134922409 18.2266966746934 64.5617961552081 114.377055622522 85.7570953516504 122.95146224765 0 54.0420201324386 35.2045353795314 43.2713286087884 117.136592496244 92.1019134687851 72.2545017486325 33.1747122183668 85.9628010441134 33.9776916902093 126.784147687375 153.587560769314 75.8730916587226 40.0211964311758 134.197684663559 70.4777855931393 75.7949766386764 65.071311984515 84.4158142987226 84.9096876081954 94.8634712358453 143.606926492769 122.739604540573 117.272745097978 132.250215090053 130.667039242155 131.820551195416 145.873105934805 0 137.998062270112 108.218546762834 134.459164978252 146.122798986073 0 172.492526471197 144.238412415042 167.619362047037 107.567773382798 166.756221521188 220.260040283203 115.586411773949 168.890686035156 163.656806124432 146.650214680215 106.917630204969 157.376874677454 170.926366703582 161.644293885906 160.43962097168 116.544746814687 79.3427114917293 125.534657032844 116.655007279267 149.666213989258 154.74916376535 130.144635552885 123.819157524529 153.770279766172 123.517663267716 0 0 138.401859589498 125.172477617839 156.156154462829
89.4986040726455 27.9517720917982 61.6206755978188 91.4518309930671 98.115703058611 104.910070415957 79.6508955075859 109.491661932695 26.5717622221139 97.5898523333528 94.4381781789909 75.7895614587107 90.9910759093732 104.374199615407 76.6513346952671 32.674751011986 84.4433306421837 102.411934985771 99.8039203333907 91.2046923891078 54.0420201324386 0 55.7956108640843 32.2535771008367 70.8791473614161 91.8278318124547 35.4574325324499 55.9124208318738 80.1391124244493 61.2950045390908 103.736894034053 130.922882080078 65.0044635496108 63.4109468469341 126.515715992063 62.0992601984462 60.2517906749899 64.0142452252436 70.8960715678169 67.106479241029 89.511318815733 91.2965646290909 81.6489387362314 72.7645360567831 83.7304684398845 97.6282457874574 91.352078893557 79.9797412038977 0 155.589672373506 56.0885411393727 88.5586350607693 128.916521047225 0 176.634689331055 124.150473366326 159.473576824314 38.5080355746413 131.831752142502 118.765094998685 0 129.517814264806 154.939549967331 0 58.6507110229493 99.9070335536491 161.82320456151 119.980018015856 170.301462307489 75.8004594224694 25.8750190302584 75.4352631922464 90.9035337356297 77.5957825249125 112.161719024037 78.6741949283353 95.6629211404257 158.242944237105 96.4821061980682 0 0 103.242664361521 80.5842204574979 156.90553421057
96.5760549706112 65.8847901225061 34.8933666911609 120.016270180978 171.605398130431 120.598115263726 85.6550449090334 114.158216083149 84.3529756333423 118.80703903192 80.2995855876885 143.736310920028 112.282986855764 112.558420490289 132.973410227268 21.5446860318934 24.9386136800706 83.7827472042859 55.7042726534764 124.802595971399 35.2045353795314 55.7956108640843 0 66.8148062403719 100.273280993024 63.1089919975245 45.1302878300546 58.8516133038935 98.3716833055799 59.3175517109929 116.277374329063 139.842726217674 87.429690899797 44.4272105010422 142.896379464806 76.8093263104377 59.08621002708 60.880820748687 64.7578744432933 94.5573910892162 104.761428751347 98.9711780748339 126.456073103544 103.264078765341 119.534485040566 119.223407958758 130.234309209694 162.624195805986 127.383590698242 151.637924682515 81.5223375382081 115.286603483183 0 0 181.428416192029 164.456720852913 193.876202638839 103.793286906222 180.542701716542 176.6278082735 143.922460446551 138.346908100468 183.364446094706 171.695129394531 106.533153041702 134.171017970525 156.464035530449 147.89515994678 178.142883300781 127.487231466428 75.004439548239 115.203814026584 128.998731907468 98.7516958962114 134.134463797307 108.973378542398 139.086616747763 168.78460467323 136.995142024242 172.526501215946 0 139.458335500896 123.883807095667 162.683288553138
84.3212535982982 75.9885265486572 88.7706191958256 23.3130577333521 78.9245131530055 77.5482406845861 53.6768945618003 88.9529195837164 22.1349872772398 59.2584735299838 139.484464618885 50.6059940209379 134.169737448142 92.7398604188186 46.0725147168894 33.1618545629766 121.46491880817 148.910969383069 144.823723432949 17.9951076722256 43.2713286087884 32.2535771008367 66.8148062403719 0 114.433243078238 129.291101425884 78.4545832314017 20.3779529092635 85.7259201199598 66.6457102228001 166.188828921656 124.381193545721 72.9863695234626 82.4167595607646 131.954964769138 69.6678736725231 111.982167749195 81.2692383871432 91.1825894723091 45.5447605621651 99.9917749980308 130.698215025831 116.381650001041 129.295927192938 125.808362918552 121.998844967379 91.3664500892302 139.732016231455 0 120.277904400027 113.743418045202 135.903022521975 112.721476932667 0 127.973451671309 105.471297292874 128.585042097946 50.853208478411 119.413258377569 178.061485642747 91.219839577371 161.441999048139 135.786112276422 83.3528376020007 103.307974733693 158.899083197527 199.362442016602 165.547854447481 108.075178716557 109.80463670635 76.5599234895869 128.4654133045 73.9541103794255 142.147338680526 168.812308687403 130.695591088369 102.765019308647 133.280455240766 111.38034969993 176.052185058594 175.87139182771 124.990851502146 127.014342655944 153.474864865246
160.489803879736 27.7677297034934 74.4692213949711 144.533295332976 163.187657260205 176.660680144798 145.125210565868 155.467734424382 105.189043313307 195.073847711193 26.8883587132276 129.8083772782 19.9557939976333 124.062203240029 151.011447910932 103.411727463629 67.2258333807861 41.8621906852042 42.3052551566733 160.455281627811 117.136592496244 70.8791473614161 100.273280993024 114.433243078238 0 40.7726208006957 29.9862475130402 131.768992214672 120.578609779475 130.929761396231 40.089274854658 58.7752990722656 123.058713603501 50.4917644870946 121.825332641602 93.6454526245414 25.3806636945671 50.3361958937743 57.4240943604527 129.181947309891 110.46479184436 15.7259956339386 107.393623419204 60.3539791980424 79.9356550824965 84.3807379694775 0 0 37.2020312112674 0 38.511489134158 120.694993901144 185.089569091797 0 214.951202392578 178.433129047337 162.746536254883 104.931688056501 191.844253540039 59.7156519302245 0 52.7120145572675 206.956436157227 0 138.888640843779 91.962603917793 65.9018415509539 75.9484789486684 0 99.7800216674805 80.1580386849773 117.083709621063 193.946283483147 25.8724825499958 64.9282564740824 66.3626367950354 182.702724947492 0 159.529642187164 69.1657042980154 0 0 75.770691251761 163.603463554096
128.832308108803 46.0668609049684 26.8468526340341 143.233904700286 133.153133284563 148.214069360765 123.605009500977 145.045493811019 120.70475455183 158.252264164091 28.1962233672492 171.266775560951 24.5709457095846 140.639215931827 159.942161986464 102.234589390151 36.2092974133534 27.7319256907072 26.1044846720157 193.727131419117 92.1019134687851 91.8278318124547 63.1089919975245 129.291101425884 40.7726208006957 0 37.4898000979962 113.176530015946 123.947518629102 102.522728798468 23.8340110379779 117.729078129844 128.973204092382 55.5916322617208 151.113023177717 80.1087997226364 48.951276893163 57.1990829921625 61.6767293019436 119.045447819474 84.6679767977349 68.1769633165378 133.466164930183 99.5597883854685 104.01556382084 109.829045770557 161.131529105855 116.838780718693 82.2392160690991 179.413101196289 57.4521250069584 103.059648960014 0 0 0 176.825798120836 167.638537039829 160.142134978443 193.735275268555 92.8423393005424 0 84.4302236685413 177.974550872435 0 160.434596466617 106.433855336049 95.2033615948718 102.208410355458 0 148.668699818238 116.314057747377 146.152910587514 167.484893537405 68.3927300573044 91.6333190774516 90.9305898738437 181.017903633871 169.609800284315 164.742121685768 97.3823244657788 135.364898681641 148.75403724623 101.341919230324 152.551325319542
128.869109071891 31.9250218232858 38.9190089269767 127.077517545895 155.136899954035 137.665165376269 108.051446145517 140.732129383382 93.9165527768033 133.947548976101 54.6557903885469 136.272880587077 30.30079251721 140.082648519925 128.837978108727 25.6710043907854 66.3263685219554 59.866358534568 60.5170603608306 147.285079969627 72.2545017486325 35.4574325324499 45.1302878300546 78.4545832314017 29.9862475130402 37.4898000979962 0 82.9664450237509 125.447753169936 101.179963477503 25.3310959371609 123.761061173949 117.868730809759 65.1628066919149 147.306620125936 77.2486343064824 55.8331592538135 64.2622424194106 67.3996257058897 92.4187373891913 86.2571672413613 77.0475527396119 119.206012872048 92.2590132729132 100.089230177218 108.288565828901 123.352286655142 123.266216543855 92.4570651468059 164.464409370712 52.084222897276 93.2173591543903 159.661534584841 0 214.767866492557 157.819875253317 188.526929735727 128.843734627602 192.854453832925 99.1173679685792 0 87.4937831231181 175.765094879307 0 108.10296434044 110.144963214027 98.8982030163557 101.81870885125 175.036926269531 131.99463434166 69.4033812231905 108.192281477657 136.80263131615 62.4985350642475 92.7292184508876 90.1751924255626 147.928870023772 176.632293126648 144.019905746896 102.64016932924 0 166.860713772596 104.6577016058 157.139917854853
83.613674660155 93.3914246600257 79.083476786461 22.0868906439142 115.484154341156 69.3627953275506 40.756417159387 89.4183518276902 51.2972883187181 34.9285053074407 138.574640478103 54.9242928510348 147.198233792895 90.3584688487912 78.3332827082487 34.2218411369808 114.770785947156 159.76264773093 134.405573838287 25.3602127088162 33.1747122183668 55.9124208318738 58.8516133038935 20.3779529092635 131.768992214672 113.176530015946 82.9664450237509 0 89.0795154941227 43.8945179254432 156.985446404201 139.690256515086 74.7850382037796 76.9739793859973 115.967304851597 76.10917701459 105.071491654903 83.9609159378958 101.310104074013 76.5296932469046 99.415199434281 150.375596605524 125.468333034399 133.12996458956 136.724547348244 136.341883011747 115.040094175549 145.355649730245 166.38071693707 128.984448024333 132.496709338914 154.250587646614 89.1696977746579 197.068984985352 148.128298770234 122.149066261245 143.09138803438 72.7079591638485 139.83576010176 198.672437035601 124.52382593785 196.346338285444 147.473829422555 113.692014633314 110.777241617249 166.276440621981 0 179.416659709163 136.066252011668 121.416052161578 89.2821577373395 137.347642932005 99.7248500603915 166.646447753128 178.366836808934 149.574579635914 115.531895901088 142.687361204171 119.710122281852 0 193.855165285727 126.992274217223 135.245586554791 171.78203878141
23.9216805051562 125.27334730779 112.430381886178 107.739816201211 28.0602376061301 59.0484658986703 67.4968023777886 44.0964107746201 80.568225396917 104.643153033746 70.9341661392368 99.5427419502976 82.718129841802 26.4832508491409 79.5046636555137 92.0758638981286 109.385423106947 111.967088579468 119.594626813668 101.77042240927 85.9628010441134 80.1391124244493 98.3716833055799 85.7259201199598 120.578609779475 123.947518629102 125.447753169936 89.0795154941227 0 32.7686113023654 0 15.1220011197191 22.0417424583294 33.2041547738108 107.790343145601 63.8294069346836 85.8005498448778 48.4445737183114 62.482600301894 45.4957896447205 30.1849116790531 73.8967582725912 148.906666458769 174.474685123917 160.004996733942 159.286000796302 160.135855704452 160.429418321101 0 177.000143528569 126.794105290196 169.302741222068 172.555923024556 0 182.176615480591 160.497984137363 179.061591455043 92.6128215657708 186.476020102325 181.549652099609 135.104240005919 209.501815795898 184.345431656687 220.2340534034 135.709942138086 191.132712849516 238.686860190638 184.439438966944 174.672767639934 143.921986883304 119.118148874427 154.420713894641 133.762845738409 195.684814453125 181.446922775145 173.577782878789 141.392939888881 176.625458002272 144.769060821515 0 0 143.905958207347 149.879123559113 127.613810896908
46.7872916947503 105.721041108256 79.8067767072636 108.340095676354 112.664895658716 93.2701567447984 26.4662588561587 77.9810074006406 62.5563054486092 103.480705721997 107.782428256124 133.016532695042 141.341082065928 75.0890637652411 101.561691947172 72.1368670743654 79.3835026921391 122.968806665111 97.5770812441056 106.150407787231 33.9776916902093 61.2950045390908 59.3175517109929 66.6457102228001 130.929761396231 102.522728798468 101.179963477503 43.8945179254432 32.7686113023654 0 134.762381873205 125.61989604625 55.1099894231581 41.0872376649482 127.240626104811 63.7668058804955 86.8701308297388 62.061036982659 78.9078746163508 78.6897588343045 78.4289914251618 158.194594672246 125.597979302358 121.781000828512 141.7158230471 136.562215558823 138.256898285451 154.456530205947 0 136.864877698182 113.546751195713 160.685635705854 131.407622018067 0 148.488749462284 139.10157508098 160.185915965337 87.0957677766141 162.301256877042 233.81591796875 211.645401000977 199.83924011261 155.444633720858 138.39501953125 116.576866994382 163.111995619254 196.162246704102 178.767217761411 161.944423288623 121.046076253031 87.3728303025567 137.913754752431 111.257646131196 144.149744057606 172.410851854793 143.10973285275 121.454540161951 154.405299004702 127.1394416158 0 175.93310546875 140.113182694287 134.494476430403 160.095628221055
169.415191650391 67.3020656165777 92.791306462065 0 0 111.368286132812 187.495230234273 102.891174316406 136.13453687171 0 30.0301039665272 0 10.2006514016322 109.897058776769 0 176.64338684082 89.1970506758243 48.6370922226072 55.7696123795532 0 126.784147687375 103.736894034053 116.277374329063 166.188828921656 40.089274854658 23.8340110379779 25.3310959371609 156.985446404201 0 134.762381873205 0 0 157.052719116211 70.9233176497964 0 100.841840801542 57.3252937164427 64.5575183776964 70.9142374032565 155.175567626953 0 61.7356134560398 0 69.4231016032413 118.009534760111 123.311981201172 245.835678100586 0 68.8818359375 0 93.7616119384766 0 0 0 0 0 0 0 0 93.4974741138339 0 84.9380888806718 0 0 0 131.864184083553 99.838283566974 116.548961235313 0 190.796397959335 0 0 0 58.8951781790118 98.9112910694621 107.433437312001 0 0 0 99.8794652105348 0 0 0 0
75.1767732048491 158.04231262207 174.890400396758 155.473547312875 11.7124185740519 14.439443335882 118.893071260974 24.6286154249543 113.766240933026 125.276276506868 62.7127731820107 109.093290393268 75.1891812842826 21.2999349786575 40.8030315459549 149.713486628181 149.348530408425 96.3238078619132 121.653306637848 127.122264348533 153.587560769314 130.922882080078 139.842726217674 124.381193545721 58.7752990722656 117.729078129844 123.761061173949 139.690256515086 15.1220011197191 125.61989604625 0 0 87.6931744438523 21.5626859802196 110.887790173593 75.4322648370714 70.2594990953741 43.6787307928552 49.1957115416802 36.7964147780219 20.0648890591999 62.6381692146084 167.563049316406 0 223.756912231445 244.395431518555 0 0 0 0 0 0 0 0 0 195.298110961914 0 143.857528686523 0 0 0 0 0 0 0 0 0 0 0 212.989941734166 0 0 181.127760996248 0 0 159.34889610207 183.605715450169 244.989379882812 230.914596557617 0 0 0 0 112.802528381348
