0 9.76238510012627 97.321120262146 32.6657603979111 9.12085363268852 235.468386918306 3055.2331572473 2736.80380403996 219.878905177116 525.584382176399 25.1286115348339 43.9337913691998 2.48482522368431 10976.3002390563 1.77551478147507 30.7091581523418 156.859716415405 1.09767365455627 25.1733795106411 36.8770341277122 271.482909560204 62.6586771011353 350.048072099686 473.024091094732 1.52182865142822 85.3651844859123 104.536455690861 772.474706560373 16128.5771001875 9651.24337828159 1.82475554943085 13.1584140956402 139.446974366903 372.614692717791 3.31170344352722 258.527837097645 23.9897281825542 0 36.9659242033958 39.5994141101837 11.3347261250019 0.576176226139069 11.0653334856033 1.36225733160973 13.363470852375 3.52065283060074 4.17362877726555 1.42904567718506 0 1.58485805988312 1.09108376502991 5.11782214045525 6.60478520393372 0 4.68377134203911 55.0991391837597 10.3588881492615 38.0078923106194 20.0344834625721 0 5.34112519025803 0 16.3664588928223 0 4.42569348216057 0.441674500703812 0 0 1.06032609939575 14.1980590224266 6.68563294410706 13.5101245343685 72.0390141606331 0.571703314781189 4.1553880572319 6.88138493895531 80.6116598546505 12.0284897983074 17.3069651126862 0 0 3.4157702922821 6.29679280519485 0
9.76238510012627 0 554.46324416995 0 2.01117476820946 5.32578077912331 38.8617761731148 12.8903043568134 690.500822097063 6.59073284268379 223.772131234407 12.5861217081547 517.18734189868 13.0503847301006 19.1245422959328 81.9440207183361 661.184323102236 56.0362007319927 288.049327492714 0 58.4178179204464 2010.88451936841 395.91690710187 571.598448961973 1547.16087305546 1149.01700359583 5797.68251988292 89.5169163644314 23.6809408664703 123.934405982494 34.7287173867226 0 7.08632999658585 248.883437812328 0.634511768817902 140.521825760603 461.204453855753 0 50.5291571617126 38.8311999440193 0.63835346698761 67.0208200514317 41.5572118759155 38.1676385998726 43.1545611023903 11.0589929819107 4.24196261167526 0 0 0 112.993213057518 103.22241589427 1.67895448207855 0 0.910636723041534 8.83555334806442 0 15.5546863675117 2.95818707346916 16.9254623651505 1.51205760240555 13.2733886539936 2.25022256374359 0 13.3389175534248 56.6304483115673 10.4490290284157 33.3209851980209 1.58445858955383 8.75463956594467 43.6901315748692 55.7974573373795 14.7038477063179 9.26625782251358 182.4356533885 530.251708686352 5.58404332399368 0.431228876113892 6.18656769394875 0 0 0 28.2871506810188 0
97.321120262146 554.46324416995 0 0.425446927547455 0.875801891088486 28.9662471711636 415.734321832657 107.102137237787 61.9441863298416 11.5046106874943 96.4997021257877 0 19.3702535331249 90.7301636636257 0 83.5050576031208 4215.70215037465 46.5085904300213 582.484011143446 0 1028.42092749476 382.850886553526 15709.2017908692 131.306938260794 13.955927491188 11798.8669662476 11859.5422697663 822.433542281389 131.122338443995 1238.6549846828 4.26463502645493 0.554992437362671 49.0447011888027 720.161657184362 1.56519758701324 384.317919433117 1192.38577950001 0 157.501458108425 9.32692179083824 1.81112623214722 1.72716301679611 180.248447328806 125.864575922489 186.49438521266 58.6565939188004 11.3230112195015 3.6976512670517 1.12194395065308 3.24610486626625 188.338588744402 601.452237069607 1.12432309985161 0 1.55622497200966 34.7561663985252 5.31997457146645 11.8116736412048 2.61350798606873 8.51029118895531 0 1.80603456497192 11.1320494711399 0 47.9116044044495 142.744736433029 4.63126462697983 42.6809034645557 0 49.1533052027225 249.890029162169 482.235036611557 37.0821596086025 9.13165333867073 231.740800559521 1680.10542309284 46.9064051508904 7.05814185738564 48.1569401025772 1.5393477678299 0 2.63587695360184 81.3087960779667 3.15118861198425
32.6657603979111 0 0.425446927547455 0 3.80803966522217 279.077728778124 848.377981692553 116.10845887661 482.20527279377 10052.5772684813 0.44945615530014 2345.65411520004 2.95223504304886 72.5814999341965 36.9167470932007 0.376759141683578 0.538563668727875 0.369914144277573 0.662455081939697 25903.1887298822 2.53237533569336 14.00515422225 3.66002258658409 1906.98688834906 0 0.587361037731171 9.27505081892014 17142.9459691644 102.428222298622 32.2229444682598 0 0.409077495336533 7.80582964420319 28.8494356572628 29.6915076971054 87.2806729376316 2.21565890312195 0 9.0201810002327 147.723959565163 3.86480498313904 0 8.34102630615234 0.416157394647598 2.91110134124756 0.956421554088593 13.5054871141911 0 0 1.48553431034088 0 0 232.097126275301 0 11.5960064530373 65.5077679157257 4.53294062614441 118.22310256958 214.414704054594 0 82.075562030077 0 7.27281004190445 1.45339727401733 1.14526391029358 0 0 0 55.6698318719864 0.35864794254303 1.68036115169525 2.33445298671722 143.722086817026 0 0 0 129.374217927456 1.58595454692841 2.30125576257706 0 0 0 2.39344644546509 0.905898451805115
9.12085363268852 2.01117476820946 0.875801891088486 3.80803966522217 0 4666.32509982586 35.7752583026886 1481.90897578001 141.088927745819 25.2914351522923 32.8847270309925 127.431454986334 22.6356391608715 186.261355161667 2587.70806241035 1.6105962395668 0 0.754440903663635 0 5.86962333321571 2.99777889251709 6.02365946769714 5.97156101465225 60.287546902895 2.23004597425461 3.75245320796967 7.48967286944389 22.623057693243 431.260457277298 6.86936351656914 1.34467506408691 5415.50725615025 0 2342.04171270132 0.96849450469017 138.030070543289 9.31359964609146 0 35.6916537880898 10341.6880111098 1771.42105430365 11.2746267914772 0 0 2.86808162927628 0 0 0 0 0 0.672118723392487 0 0 0 0 0.697912693023682 0 1.91214293241501 0 0 0 0 1.83188235759735 0 0 0 0 0 0 0 0 0.463572651147842 4.07516211271286 0 1.08032274246216 0 1.26672315597534 0 0.421854376792908 0 0 0 0 0
235.468386918306 5.32578077912331 28.9662471711636 279.077728778124 4666.32509982586 0 3957.35822317004 26146.4926556051 573.635437518358 26910.8571189642 55.7886732518673 7463.29432418942 30.3992394804955 2316.94772309065 5946.69278737903 14.3817085921764 33.7356741726398 6.45918601751328 16.5580614209175 1157.94233205914 61.2690876722336 24.5850417613983 103.069198191166 1214.08601096272 4.30184650421143 35.8868166357279 44.788087695837 1317.33499532938 1309.98342463374 644.897823572159 0.342405021190643 1487.67577293515 14.6569944322109 863.679163873196 136.856649428606 550.716130048037 28.7226564586163 0 77.249744951725 8487.50607377291 324.877284675837 10.3929052054882 10.138582110405 0 21.8459979295731 0.758802115917206 11.2147044539452 0 0 3.13635277748108 1.53648316860199 6.11152499914169 58.2237169146538 0.794597566127777 22.3962429463863 146.538451135159 32.869708776474 117.476056009531 250.025255233049 1.91003322601318 31.118660390377 0.355401068925858 25.2828603088856 0.592601239681244 4.63775661587715 0 0.517359256744385 0 30.1507477462292 11.0943196117878 5.27283698320389 10.9941962361336 329.548231720924 0.430075407028198 3.74492645263672 12.6213221251965 248.198699086905 12.7179282903671 17.0549023449421 0 0 0.372444242238998 10.877734452486 0.564361453056335
3055.2331572473 38.8617761731148 415.734321832657 848.377981692553 35.7752583026886 3957.35822317004 0 6045.12036979198 1313.76776450872 21465.9445625246 38.786866992712 258.271888583899 9.85976898670197 5265.94714054465 46.6762679219246 162.71715798974 245.203399002552 6.18554353713989 49.7654138207436 725.283162623644 687.532303780317 178.736589789391 1241.60153260827 4457.87247204781 4.8284652531147 240.586572915316 428.546992659569 17198.0540750623 2780.3977958262 19981.322963208 1.34480834007263 21.2966923117638 306.148162305355 763.780794322491 22.4448907673359 1841.13626128435 129.614248126745 0 336.620845109224 273.383148014545 69.0782285630703 2.80824214220047 42.9734264910221 3.86594533920288 34.0304137468338 5.2585663497448 36.9051421582699 5.75227934122086 0 14.3736076056957 10.9513728022575 22.3047339320183 133.764605909586 0 27.6484073996544 314.064104229212 60.6093254685402 285.996287882328 651.26835167408 1.43687736988068 66.4873404502869 2.16768056154251 65.2417570054531 5.37821614742279 23.4611126482487 5.83768773078918 0 2.57821345329285 96.335739761591 35.0045103132725 34.8292565643787 50.7711288928986 714.673602133989 0.845697045326233 8.39167022705078 50.6494429707527 562.109198719263 34.3810322582722 41.1165088713169 0 0 3.9638843536377 18.4401948451996 1.6177873313427
2736.80380403996 12.8903043568134 107.102137237787 116.10845887661 1481.90897578001 26146.4926556051 6045.12036979198 0 502.27620819211 5360.11177414656 294.296103477478 717.787390559912 93.4661793112755 20897.0609136224 944.943715333939 27.5429101288319 134.202689349651 20.0040376484394 61.5568639039993 187.703178018332 249.772114276886 45.2325041890144 367.512376457453 1130.98916018009 15.8821724951267 132.275537639856 142.316001981497 1359.31680375338 3447.77450099587 2783.95497366786 5.38914442062378 2587.32333692908 81.6092550456524 1761.5207349658 32.9018578827381 1107.131516397 68.4137579798698 0 192.491131693125 2966.66768565774 496.899796277285 44.7200728058815 14.37996545434 3.07839381694794 13.4620563089848 5.54631161689758 9.748225659132 3.42034450173378 0 7.18579640984535 2.33866307139397 4.54449164867401 26.1187056899071 0 9.93115624785423 141.796494871378 23.5093873739243 78.3817837834358 121.039259344339 6.46783590316772 8.24488174915314 0 32.8886480331421 0.440674692392349 12.1470193862915 2.91822496056557 4.05395007133484 0.540305316448212 17.9024052023888 14.9325057566166 11.3044314086437 14.5974203646183 281.961147755384 3.80526900291443 5.79031664133072 22.2513713538647 226.607884466648 32.0354479849339 42.6264745891094 0 0 2.15070956945419 11.9469086825848 0.925623595714569
219.878905177116 690.500822097063 61.9441863298416 482.20527279377 141.088927745819 573.635437518358 1313.76776450872 502.27620819211 0 1141.30590698123 43.7196099162102 1384.52760529518 97.8405237793922 451.558854401112 1170.24052464962 221.360254019499 46.4678910076618 7.45276743173599 36.6430512070656 263.572289675474 360.147770941257 3126.76126337051 249.005037695169 13450.0407711267 172.084476649761 104.454547733068 1083.68042574823 2852.09912788868 552.096651315689 1119.94443273544 5.90365186333656 16.412759155035 171.998727053404 213.717933148146 6.68721330165863 503.525241494179 93.045861184597 0 79.2805875837803 3108.63154357672 19.1860040724277 7.06713819503784 36.8875860571861 6.14417234063148 28.0512230694294 5.00033056735992 31.0785479843616 3.97894614934921 0.966393887996674 12.5946372747421 12.2667744457722 7.97750040888786 113.31028431654 0 18.267144382 187.322057276964 21.05746114254 434.114420056343 362.204968571663 4.01619064807892 36.761758685112 2.59427094459534 44.3090041875839 3.79771441221237 38.570122808218 3.21114200353622 0.385153830051422 1.26114964485168 58.0175549387932 60.3731915950775 94.7435213923454 58.5129351764917 499.884018599987 1.05430713295937 10.8057128190994 43.996129244566 347.751689046621 31.9074234366417 77.2333205640316 0 2.47295093536377 6.48916247487068 23.5121988654137 0
525.584382176399 6.59073284268379 11.5046106874943 10052.5772684813 25.2914351522923 26910.8571189642 21465.9445625246 5360.11177414656 1141.30590698123 0 36.9484330713749 26635.3513326943 10.1152286231518 2142.07631212473 124.87140583992 14.4226559102535 11.9865052700043 2.03371244668961 7.09015160799026 22557.1520237923 33.5006031692028 26.4643433690071 43.7079947590828 2297.21865868568 5.0877790749073 20.0457253456116 43.1195192635059 7001.1193613708 971.746809899807 396.751516789198 1.15933814644814 23.7983607649803 50.0465207099915 354.278960138559 43.3423102796078 715.568151652813 18.8230910003185 0 71.2546487152576 393.987625360489 39.3833248317242 5.88938292860985 22.8421089947224 0 13.266997218132 0 41.1052451133728 2.33108431100845 0 6.02851760387421 0.897074550390244 2.41402804851532 333.928418695927 1.49335142970085 56.9990475773811 302.79881310463 57.6008777618408 375.016059845686 988.78835606575 1.74815794825554 212.537404626608 0 44.7351325154305 3.99175375699997 7.99859800934792 0 0.939074754714966 0.534389019012451 151.247699201107 6.33101388812065 13.580806851387 10.3510463833809 764.212601780891 1.8509875535965 1.38426941633224 9.75302836298943 621.160718113184 17.2602027654648 12.3669809401035 0 0 3.21898376941681 15.1417938768864 0
25.1286115348339 223.772131234407 96.4997021257877 0.44945615530014 32.8847270309925 55.7886732518673 38.786866992712 294.296103477478 43.7196099162102 36.9484330713749 0 6.3850229382515 7066.60230001807 354.206254988909 1.28834521770477 5.53969702124596 582.446550965309 7876.89703437686 6459.31856670976 0 35.9796879589558 78.2139360010624 146.004271626472 30.7856095731258 2247.76757702231 5999.31557163596 3385.4606679976 26.0314946472645 242.545295476913 83.9137570858002 809.478150904179 51.8496733009815 8.72413432598114 8559.2114161849 1.02778017520905 279.503153204918 3413.87213924527 28.3380438089371 270.660050988197 26.7013701200485 19.4883930683136 3603.00470221043 22.3779295682907 153.210850298405 72.5465318858624 13.0986166000366 0 0 16.2120391130447 0 57.1236499547958 14.0180057585239 0 0 0 3.63217091560364 1.92063724994659 6.83225363492966 0.782425284385681 333.904383778572 0 497.006154716015 6.8949568271637 0 1.51188045740128 21.6877695322037 155.233934760094 98.6668217182159 0 3.81097614765167 11.0756659507751 15.2857705950737 9.76193818449974 340.715465158224 444.560354828835 368.304022580385 2.39451652765274 0.560288369655609 6.07240653038025 69.9437902569771 0 0.577328443527222 41.3802823722363 1.21752658486366
43.9337913691998 12.5861217081547 0 2345.65411520004 127.431454986334 7463.29432418942 258.271888583899 717.787390559912 1384.52760529518 26635.3513326943 6.3850229382515 0 2.91765382885933 373.190624177456 3128.08227792382 0.448736280202866 0 3.07631838321686 1.94595915079117 22446.7639109492 2.9945250749588 34.5843116343021 1.00922137498856 1102.04523831606 3.0113388299942 4.79492661356926 18.6121209263802 884.512425005436 156.79919052124 14.2372302412987 0 15.7869028747082 3.01277980208397 88.6257002949715 967.968757629395 90.8106304705143 2.25537833571434 0 20.0718556642532 3417.04275584221 9.05123609304428 0.815668523311615 5.54848808050156 0.835632979869843 2.59887745976448 0.851767122745514 8.44947707653046 1.24932432174683 0 0.541446328163147 0 0 383.682616263628 0 8.62571930885315 21.701715618372 1.59687948226929 67.9897134304047 94.1110271215439 0 297.002775579691 0 3.96255868673325 1.15748512744904 0.410646229982376 0 0 0 100.130981445312 0 1.86239469051361 1.43152821063995 59.7376157343388 0 0 1.5860221683979 45.0493792295456 4.28912431001663 0 0 0 0 1.70398819446564 0
2.48482522368431 517.18734189868 19.3702535331249 2.95223504304886 22.6356391608715 30.3992394804955 9.85976898670197 93.4661793112755 97.8405237793922 10.1152286231518 7066.60230001807 2.91765382885933 0 90.7901477515697 1.89349013566971 3.01705473661423 23.9733484387398 356.06044024229 167.42570734024 0 6.03648766875267 195.074687719345 17.5953350365162 47.2921319305897 8727.33044350147 1597.36013677716 7242.89915513992 9.66432508826256 58.6103105247021 11.597487449646 1892.32941973209 15.0922975540161 0 2757.54403153062 32.7654272317886 835.714232742786 2059.20134735107 17.261011838913 1556.83646079898 30.9988050162792 427.630968868732 9256.17704808712 12.2111263275146 162.98951998353 73.0119894146919 10.4915254712105 0 0 31.8660682439804 0.585742473602295 63.8095584511757 6.1037138402462 0 0 0 1.80984848737717 0 6.15196892619133 1.61824595928192 380.956469714642 1.5774393081665 711.584654778242 2.60419726371765 0 0 19.4837048351765 144.629683792591 68.3913940191269 0 0 9.21888339519501 4.05482339859009 0.41486057639122 370.838769465685 383.93012341857 246.421236276627 3.12329542636871 0 0.884423524141312 70.0542194247246 0 0 28.2451179623604 16.1691434979439
10976.3002390563 13.0503847301006 90.7301636636257 72.5814999341965 186.261355161667 2316.94772309065 5265.94714054465 20897.0609136224 451.558854401112 2142.07631212473 354.206254988909 373.190624177456 90.7901477515697 0 105.017638653517 27.7063477039337 150.08122497797 35.4450585544109 70.9071435034275 135.892316669226 284.526160240173 73.6742819547653 373.48581263423 956.72753316164 23.3691612482071 166.7013707757 175.314720660448 1184.54408153892 10816.172804445 3957.57649028301 9.28538608551025 1532.1730760932 193.423010617495 1633.65251266956 8.42711043357849 1014.3871331811 97.8387403488159 0.75036883354187 89.9522599279881 505.638105064631 128.467885583639 31.57848072052 21.5422825813293 2.41603803634644 20.3225954174995 3.28606271743774 10.080698043108 6.9709438085556 0 13.2421626150608 5.32353383302689 7.63116899132729 15.3581318259239 0.667817294597626 6.44604966044426 104.727514207363 24.3169348537922 59.2284840643406 71.3125554323196 0 9.53744304180145 0.704834043979645 31.7358929812908 0.720333218574524 7.0391882956028 0 0.823944687843323 2.82221767306328 5.81460177898407 21.2901145517826 16.4527611732483 22.1232011914253 223.447892278433 3.20285773277283 4.99192717671394 11.1869181096554 180.154062271118 16.5478844642639 40.7158043384552 0.609508156776428 0 2.83369216322899 14.5550813674927 0.581292510032654
1.77551478147507 19.1245422959328 0 36.9167470932007 2587.70806241035 5946.69278737903 46.6762679219246 944.943715333939 1170.24052464962 124.87140583992 1.28834521770477 3128.08227792382 1.89349013566971 105.017638653517 0 0.878172606229782 0.448328405618668 0 0.888657927513123 101.863976866007 0.863219410181046 35.9663238227367 0.424461305141449 355.91182154417 3.14978733658791 2.44664141535759 16.0797343850136 79.6502436101437 89.6439278125763 7.85849395394325 0 115.04436057806 0.986300528049469 58.9309315681458 3.2421623468399 19.7247250080109 0.508212864398956 0 3.94079583883286 18207.2710922956 27.0831753611565 1.83101642131805 0 0 1.17449069023132 0 2.60918599367142 0 0 0 0 0.72135317325592 2.62782245874405 0 0 4.02206444740295 0.612688899040222 8.0554818212986 13.5522746145725 0 2.52542406320572 0 0 0 1.84696829319 0 0 0 2.79719299077988 1.50927340984344 0.510222136974335 0 14.3487139344215 0 0 0 5.45177179574966 0 0 0 0 0 0.379163950681686 0
30.7091581523418 81.9440207183361 83.5050576031208 0.376759141683578 1.6105962395668 14.3817085921764 162.71715798974 27.5429101288319 221.360254019499 14.4226559102535 5.53969702124596 0.448736280202866 3.01705473661423 27.7063477039337 0.878172606229782 0 114.578906297684 2.01760673522949 24.3854621052742 1.23069387674332 8546.5546772182 3140.94078436494 18863.115129739 2563.35565695167 11.4605311453342 75.9147113859653 11855.2774054408 3902.10755807161 135.08024123311 546.129307031631 1.40257441997528 0 92.2726838886738 445.892604261637 5.23705023527145 1533.37498652935 712.715211033821 0 306.054078966379 22.1820939779282 17.8315905332565 1.28700232505798 107.992746055126 32.6696284413338 65.5810359716415 21.1916744112968 17.8721053302288 0.598205864429474 0 8.69000026583672 10.8098059296608 37.4724368155003 2.31753316521645 0 0.487725436687469 70.4775205850601 5.62408173084259 17.9063500165939 14.7364034354687 1.17157739400864 0 1.31383657455444 18.432479172945 0.724379003047943 204.559092432261 10.0101187229156 1.86650443077087 3.46946209669113 1.64424085617065 164.10391280055 340.084883928299 665.25645673275 118.226791232824 0 10.457415997982 240.180524080992 119.078502029181 19.2307167053223 125.812663376331 0 0 4.34643918275833 28.6856967657804 2.73330920934677
156.859716415405 661.184323102236 4215.70215037465 0.538563668727875 0 33.7356741726398 245.203399002552 134.202689349651 46.4678910076618 11.9865052700043 582.446550965309 0 23.9733484387398 150.08122497797 0.448328405618668 114.578906297684 0 236.142175793648 8945.99715420604 0 1471.95074692369 205.668618708849 8957.31036022305 101.264779210091 40.9552327394485 8855.25810915232 7341.16263106465 258.87556296587 263.866007685661 2251.38224351406 13.3630194962025 1.36411514878273 60.2014310657978 2336.243991822 5.18459716439247 186.576575964689 278.847269803286 0 59.9779133200645 8.98468977212906 5.57038992643356 4.18442499637604 85.7511496841908 73.5778995752335 116.593434631824 34.3770009875298 8.22176510095596 2.03245812654495 0 1.05668425559998 155.502627968788 237.620438337326 0 0 0 17.2310303151608 0.379173010587692 8.62782841920853 3.8417466878891 11.5004989504814 0 4.60962527990341 7.95514214038849 0 19.67333984375 146.73099270463 4.19506898522377 50.7419447600842 0.270980775356293 23.4652324616909 47.7785914540291 157.027229487896 18.7437885701656 16.2519515752792 374.098362594843 810.103175014257 13.863970130682 5.71753779053688 22.2437804341316 4.09780418872833 0 0.976855427026749 63.4999620318413 1.5216658115387
1.09767365455627 56.0362007319927 46.5085904300213 0.369914144277573 0.754440903663635 6.45918601751328 6.18554353713989 20.0040376484394 7.45276743173599 2.03371244668961 7876.89703437686 3.07631838321686 356.06044024229 35.4450585544109 0 2.01760673522949 236.142175793648 0 6217.96031504869 1.5047105550766 14.0555182397366 16.7317536473274 71.5624058544636 12.3479389846325 257.907028615475 6036.09929919243 1314.81336599588 4.24562484025955 23.3044432997704 29.7508624792099 217.66666674614 9.00254064798355 3.19627338647842 540.299403995275 0 80.8730312883854 275.683487355709 1.68364608287811 32.1811449229717 5.0152707695961 2.60638403892517 57.6859803795815 25.1650534272194 23.9283013343811 33.7081416249275 0 0 0 1.9199680685997 0 30.3040220737457 13.2660273015499 0 0 0 0 0 0.457079857587814 0 67.0941507816315 0 115.832485347986 0 0 0 14.5175308585167 73.9155138731003 68.8169853389263 0 0.744192600250244 0.468503624200821 5.39549207687378 4.12489333748817 147.049628436565 240.838435143232 194.211508899927 1.68314504623413 0 2.06032913923264 25.4434379935265 0 0 24.1316796541214 0
25.1733795106411 288.049327492714 582.484011143446 0.662455081939697 0 16.5580614209175 49.7654138207436 61.5568639039993 36.6430512070656 7.09015160799026 6459.31856670976 1.94595915079117 167.42570734024 70.9071435034275 0.888657927513123 24.3854621052742 8945.99715420604 6217.96031504869 0 0 182.6174441576 58.0227935314178 859.258860170841 37.2861078679562 338.171633601189 15443.1753530204 5200.06709167361 40.6791637837887 81.1997883617878 387.843505084515 82.4073476791382 3.00997352600098 15.3344238698483 2090.49222657084 2.88926601409912 227.392417252064 525.733092218637 0.75664895772934 85.1264119744301 7.17904436588287 3.69777929782867 34.1498929858208 56.087264508009 50.3211567997932 106.422018617392 24.1020264327526 0.928883850574493 0 1.59647232294083 0.905930757522583 142.465331107378 70.1369436085224 0 0 0 4.97309312224388 0.414215058088303 1.93874827027321 0 59.4969338178635 0 87.7064866423607 1.48051244020462 0 7.05917835235596 102.324958831072 67.5271283984184 205.145633488894 0 12.0054643750191 18.4225166738033 46.1425310671329 5.42418724298477 201.524258464575 741.221314579248 816.720188230276 5.05776271224022 1.08043026924133 6.55772292613983 21.5512500405312 0 0 51.2169015407562 0
36.8770341277122 0 0 25903.1887298822 5.86962333321571 1157.94233205914 725.283162623644 187.703178018332 263.572289675474 22557.1520237923 0 22446.7639109492 0 135.892316669226 101.863976866007 1.23069387674332 0 1.5047105550766 0 0 1.38023334741592 4.19363641738892 4.59284177422523 1213.95244476199 0 0.896226465702057 6.83144319057465 4419.20674195886 93.3293216526508 31.838354408741 0 4.71901643276215 10.956081956625 35.7846473753452 119.106304109097 80.7053988873959 3.94057273864746 0 12.3018096983433 149.738854795694 6.61388167738914 0.825258493423462 7.53559672832489 0 7.83378893136978 0.760093212127686 9.87859731912613 0.508023500442505 0 0.901740550994873 0 0 584.972140699625 0 8.95849612355232 24.3451191186905 7.55092719197273 78.9876491129398 251.99840465188 0 122.803608804941 0 4.72452059388161 0.578680574893951 0 0 0.391369581222534 0 107.626034140587 0.439547389745712 2.21014225482941 0.844357281923294 111.431957423687 0 0 0.416854113340378 107.13443878293 1.0336354970932 1.80197593569756 0 0 0 0 1.21061038970947
271.482909560204 58.4178179204464 1028.42092749476 2.53237533569336 2.99777889251709 61.2690876722336 687.532303780317 249.772114276886 360.147770941257 33.5006031692028 35.9796879589558 2.9945250749588 6.03648766875267 284.526160240173 0.863219410181046 8546.5546772182 1471.95074692369 14.0555182397366 182.6174441576 1.38023334741592 0 1430.7581731081 26297.9457022846 1069.80959397554 5.19994148612022 463.77487757802 2141.52125883102 9538.71966445446 777.076481670141 23095.0365851521 2.18519639968872 4.48495763540268 365.35650074482 4672.17058849335 18.35363727808 2993.79359233379 326.009119063616 0 642.152567386627 52.5543224811554 25.3226293027401 1.69299453496933 108.425064951181 33.1929929852486 61.2366233170033 28.9731073975563 7.4660373032093 7.58212378621101 0 20.9722439646721 16.4302715957165 51.3178222179413 3.30269691348076 0 0.510374188423157 99.1278568506241 10.341059923172 53.4050680100918 13.423220038414 0.584017634391785 1.21751523017883 0 25.5848451554775 0.575477719306946 171.476808279753 17.2452971637249 0.733112096786499 4.22980979084969 0.796201944351196 212.712475329638 254.325887024403 429.391631364822 235.734489172697 0.71957665681839 16.2197978794575 215.169241577387 242.946343928576 47.5348438322544 190.240412950516 0.807928264141083 0 12.4527399241924 45.3609599769115 2.10930651426315
62.6586771011353 2010.88451936841 382.850886553526 14.00515422225 6.02365946769714 24.5850417613983 178.736589789391 45.2325041890144 3126.76126337051 26.4643433690071 78.2139360010624 34.5843116343021 195.074687719345 73.6742819547653 35.9663238227367 3140.94078436494 205.668618708849 16.7317536473274 58.0227935314178 4.19363641738892 1430.7581731081 0 3400.07294762135 5900.96448916197 434.169645756483 223.288622945547 5054.88665235043 1053.42851930857 171.358822464943 1350.30700999498 15.8499487936497 3.07624906301498 131.108453333378 453.366491436958 12.047201782465 1228.99055495858 800.68195348978 0 250.029624134302 121.481464743614 7.90426570177078 37.7443034648895 49.9103905856609 29.8483901619911 28.9524604678154 17.9491211473942 10.5613893270493 2.52993881702423 0 10.741487801075 31.0040882229805 41.0729197263718 2.00567498803139 0 0.707436680793762 41.5067417919636 4.18147921562195 18.6288519501686 7.32281196117401 6.86998975276947 1.69445869326591 6.76789230108261 3.31950289011002 0 169.251421928406 10.0330699682236 0 3.88727048039436 3.04595857858658 104.244153469801 345.666255712509 401.194333970547 86.5895870029926 3.76559168100357 25.8757216930389 286.907967448235 80.8374615311623 7.80662173032761 82.6382759511471 0 0 2.62744629383087 25.6534379124641 3.8157684803009
350.048072099686 395.91690710187 15709.2017908692 3.66002258658409 5.97156101465225 103.069198191166 1241.60153260827 367.512376457453 249.005037695169 43.7079947590828 146.004271626472 1.00922137498856 17.5953350365162 373.48581263423 0.424461305141449 18863.115129739 8957.31036022305 71.5624058544636 859.258860170841 4.59284177422523 26297.9457022846 3400.07294762135 0 1192.9162760973 22.5526460111141 2713.13942429423 20811.383682102 6835.10383275151 712.865544989705 10412.3285150826 8.54950740933418 6.76875025033951 297.218390524387 4449.33407205343 62.8573170304298 5590.72262176871 3225.94820228219 0 1907.14844074845 96.2965617775917 49.183207154274 3.63254702091217 403.828980982304 212.755597770214 342.244632050395 140.89728268981 56.8215298950672 10.5970546007156 0 10.6086387634277 108.956805437803 454.177161872387 2.73667639493942 1.09377408027649 1.83948770165443 130.615337729454 15.1364248394966 47.9222711026669 16.1016552746296 6.53376179933548 0.909773051738739 2.18824419379234 33.3203695118427 0.583883464336395 667.41350376606 95.2042036950588 4.56280648708344 26.3402467668056 3.23244938254356 324.015487015247 956.467454105616 2968.17741948366 219.002136677504 4.43866810202599 117.556110709906 2309.99264594913 231.231047809124 28.1753207743168 218.633366167545 1.03168141841888 0 9.65653967857361 111.801931619644 25.2725268006325
473.024091094732 571.598448961973 131.306938260794 1906.98688834906 60.287546902895 1214.08601096272 4457.87247204781 1130.98916018009 13450.0407711267 2297.21865868568 30.7856095731258 1102.04523831606 47.2921319305897 956.72753316164 355.91182154417 2563.35565695167 101.264779210091 12.3479389846325 37.2861078679562 1213.95244476199 1069.80959397554 5900.96448916197 1192.9162760973 0 107.450331017375 128.150634944439 2644.31535276771 37257.2648905814 1359.0401263833 2233.26433718204 1.81573912501335 15.4894416630268 320.932965427637 614.639848440886 22.719844520092 1605.16865095496 172.097754240036 0 284.061027050018 1121.71539506316 43.9153428971767 10.7425558567047 172.820228487253 14.3227673470974 128.778817504644 21.5113470852375 86.9546261429787 5.93581116199493 1.75300014019012 55.1219055652618 7.40741658210754 32.9546958506107 311.952845782042 1.16593343019485 76.6503899395466 796.225026011467 166.28732702136 810.768593519926 1018.96296113729 6.37070509791374 92.9568054378033 2.43836104869843 202.721970111132 2.33922111988068 101.935780137777 16.4396094679832 1.53421777486801 5.17081290483475 138.037922948599 182.827327877283 165.353569000959 193.562539815903 1784.36811888218 3.33107969164848 19.8512363731861 128.055198550224 1398.47207885981 166.755015581846 294.955524712801 1.62361490726471 0 21.3045890629292 105.561580449343 4.32435262203217
1.52182865142822 1547.16087305546 13.955927491188 0 2.23004597425461 4.30184650421143 4.8284652531147 15.8821724951267 172.084476649761 5.0877790749073 2247.76757702231 3.0113388299942 8727.33044350147 23.3691612482071 3.14978733658791 11.4605311453342 40.9552327394485 257.907028615475 338.171633601189 0 5.19994148612022 434.169645756483 22.5526460111141 107.450331017375 0 1079.01990643144 4122.86576122046 17.3714316785336 17.6594616472721 15.6817852258682 223.403910040855 0 1.51056209206581 425.524821996689 0 34.4560709893703 791.683857232332 2.04626053571701 35.3817267417908 9.55777943134308 3.13032627105713 2072.55972212553 21.7457340955734 85.0393820405006 94.5959253311157 9.98470675945282 0.822892725467682 2.22893190383911 18.013946890831 0.847048044204712 93.2125093340874 4.22237354516983 0 0 0 1.81226140260696 0 1.73741436004639 1.81530928611755 185.495821833611 0.409835159778595 338.568950295448 2.18361085653305 0 0 9.80628454685211 173.355556190014 150.365740060806 0 2.62188071012497 9.32154166698456 10.3033334612846 2.63774591684341 370.091201901436 554.672395974398 391.725422114134 0 0 2.65333494544029 54.0517842769623 0 0 45.166757106781 0
85.3651844859123 1149.01700359583 11798.8669662476 0.587361037731171 3.75245320796967 35.8868166357279 240.586572915316 132.275537639856 104.454547733068 20.0457253456116 5999.31557163596 4.79492661356926 1597.36013677716 166.7013707757 2.44664141535759 75.9147113859653 8855.25810915232 6036.09929919243 15443.1753530204 0.896226465702057 463.77487757802 223.288622945547 2713.13942429423 128.150634944439 1079.01990643144 0 48595.1213212907 276.90675136447 177.140885233879 902.360399693251 2143.21861740947 11.4368745684624 27.2798460125923 2439.26388084888 1.24459072947502 662.152494579554 2094.62090340257 4.04799348115921 281.919199049473 15.3222351372242 0.621492564678192 117.165364712477 252.740555465221 271.361947804689 413.07157599926 63.5326273739338 9.10465043783188 6.62637573480606 7.48904651403427 3.9309706389904 506.525764495134 468.543584316969 0.389517486095428 0 0.328539550304413 31.1406575739384 2.79594051837921 10.0752382278442 1.94746339321136 252.290996730328 0 296.460268974304 13.1516707539558 0 12.3946062624454 418.778449088335 255.086513072252 596.653378069401 0 34.0710968375206 81.7161982953548 180.242635786533 23.5604681670666 609.373413920403 2668.06753265858 3154.31143528223 18.2316411733627 5.68376952409744 42.9256199002266 59.6175926625729 0 0.463389247655869 240.244999706745 3.85469490289688
104.536455690861 5797.68251988292 11859.5422697663 9.27505081892014 7.48967286944389 44.788087695837 428.546992659569 142.316001981497 1083.68042574823 43.1195192635059 3385.4606679976 18.6121209263802 7242.89915513992 175.314720660448 16.0797343850136 11855.2774054408 7341.16263106465 1314.81336599588 5200.06709167361 6.83144319057465 2141.52125883102 5054.88665235043 20811.383682102 2644.31535276771 4122.86576122046 48595.1213212907 0 2551.46426990628 246.946705311537 1366.0870565474 1943.91738265753 4.24881213903427 91.3963222801685 4522.28996744752 33.7414651811123 2882.88032844663 8224.76035565138 0.747934222221375 1009.6815199852 96.148102670908 12.4884070158005 140.391027718782 764.650231868029 665.547127127647 1002.7212138474 233.999134093523 44.8296487629414 13.6764426231384 12.1059844195843 7.46172827482224 1228.39380800724 1588.55958265066 2.76516190171242 0 2.9850882589817 113.79491007328 7.85330227017403 42.4386140406132 24.6646836400032 284.26850399375 1.95102325081825 344.551645755768 26.8574381172657 0.386615812778473 292.557093173265 776.850256145 323.809255301952 816.033189475536 1.49957266449928 203.451990813017 880.449505954981 2042.11359573901 126.284958213568 650.665132254362 3723.4934926331 7418.85556653142 139.217520147562 35.9431999325752 155.264645546675 80.196144849062 1.0950380563736 3.69348242878914 495.889918148518 24.1551599800587
772.474706560373 89.5169163644314 822.433542281389 17142.9459691644 22.623057693243 1317.33499532938 17198.0540750623 1359.31680375338 2852.09912788868 7001.1193613708 26.0314946472645 884.512425005436 9.66432508826256 1184.54408153892 79.6502436101437 3902.10755807161 258.87556296587 4.24562484025955 40.6791637837887 4419.20674195886 9538.71966445446 1053.42851930857 6835.10383275151 37257.2648905814 17.3714316785336 276.90675136447 2551.46426990628 0 2111.40919482708 13995.4883463383 2.38413861393929 18.000528216362 773.324924528599 1557.52115654945 29.8630202114582 3056.78754237294 340.991162061691 0 563.701857000589 365.388949394226 57.7014018297195 2.78523433208466 137.571391373873 12.3571105599403 110.996348261833 32.0408234894276 75.6936006247997 7.59560218453407 0 53.9288104772568 10.6963763833046 40.2712309360504 299.976016253233 3.80641043186188 61.9149908125401 623.47190451622 93.6930916905403 503.375592052937 845.88603579998 3.06784003973007 93.4618714749813 2.27182108163834 161.7306253016 9.41755944490433 101.714406520128 6.60791885852814 0 1.2326517701149 96.9321942329407 201.660892575979 166.167475730181 240.863243624568 1483.28068721294 5.12686800956726 15.9250506162643 142.647780776024 1303.70056015253 128.4463249892 290.244766563177 0 0 21.3416192829609 85.1578842103481 6.86404559016228
16128.5771001875 23.6809408664703 131.122338443995 102.428222298622 431.260457277298 1309.98342463374 2780.3977958262 3447.77450099587 552.096651315689 971.746809899807 242.545295476913 156.79919052124 58.6103105247021 10816.172804445 89.6439278125763 135.08024123311 263.866007685661 23.3044432997704 81.1997883617878 93.3293216526508 777.076481670141 171.358822464943 712.865544989705 1359.0401263833 17.6594616472721 177.140885233879 246.946705311537 2111.40919482708 0 11097.6069558561 7.30235689878464 2235.13293117285 9272.40354055166 2633.30493012071 23.5495688915253 2375.01909044385 114.438367843628 0 231.906766861677 466.797687411308 265.265593409538 16.9733054637909 42.6150905489922 4.10875713825226 19.1766537129879 7.14138776063919 8.12841904163361 3.15794920921326 0 9.63658794760704 6.85743173956871 10.3815002441406 13.9886421263218 0 9.93737885355949 121.212319999933 20.9791411757469 67.7919867634773 46.0143665373325 1.6032520532608 3.99049454927444 1.09896719455719 38.3311298191547 0.31346008181572 24.3652525246143 4.61318880319595 1.83228588104248 0.275708645582199 6.22727018594742 48.3801143169403 30.1165738403797 47.1594846844673 264.988348662853 0.937814772129059 8.99257102608681 32.1101807057858 203.372559934855 32.0710803866386 93.0088498592377 0 0 8.39276078343391 18.3950970172882 2.3100500702858
9651.24337828159 123.934405982494 1238.6549846828 32.2229444682598 6.86936351656914 644.897823572159 19981.322963208 2783.95497366786 1119.94443273544 396.751516789198 83.9137570858002 14.2372302412987 11.597487449646 3957.57649028301 7.85849395394325 546.129307031631 2251.38224351406 29.7508624792099 387.843505084515 31.838354408741 23095.0365851521 1350.30700999498 10412.3285150826 2233.26433718204 15.6817852258682 902.360399693251 1366.0870565474 13995.4883463383 11097.6069558561 0 3.76544588804245 15.469065874815 1314.5070579946 5408.39898315072 16.7701710760593 1991.97462871671 278.197063803673 0 481.414652615786 102.424150526524 48.2389692366123 5.68459641933441 107.302991062403 29.699002802372 79.3665511012077 30.9882285296917 20.1014379560947 4.23394033312798 0 31.2367372214794 19.8548159301281 48.2564978003502 11.1890790760517 0.516551494598389 12.5986265540123 221.627429544926 32.7319275140762 129.699382841587 59.4649639129639 2.01021730899811 4.09886455535889 1.79305878281593 72.1242239773273 0.560552299022675 147.48598125577 14.8964996039867 1.04482960700989 8.70814630389214 5.40662398934364 255.068065494299 204.225476920605 274.885866314173 458.760877907276 1.40948483347893 35.1378455758095 198.236485958099 430.586322396994 80.7030094563961 254.760658144951 1.12213277816772 0 10.9041636288166 52.770610332489 8.02019569277763
1.82475554943085 34.7287173867226 4.26463502645493 0 1.34467506408691 0.342405021190643 1.34480834007263 5.38914442062378 5.90365186333656 1.15933814644814 809.478150904179 0 1892.32941973209 9.28538608551025 0 1.40257441997528 13.3630194962025 217.66666674614 82.4073476791382 0 2.18519639968872 15.8499487936497 8.54950740933418 1.81573912501335 223.403910040855 2143.21861740947 1943.91738265753 2.38413861393929 7.30235689878464 3.76544588804245 0 0 0.844556957483292 83.0968556702137 0 13.4499124884605 93.3148313164711 0.610095024108887 14.4061572551727 3.4481934607029 0.633566558361053 22.430237621069 0.73063999414444 7.25253510475159 4.28427624702454 4.19376277923584 0 0 1.56577634811401 0 2.43196886777878 0.897809565067291 0 0 0 0 0 0 0 25.0685804188251 0 40.5775391459465 1.19161343574524 0 0 1.4192416369915 16.8044380843639 12.4489177167416 0 0.346654117107391 1.29754948616028 0 0 44.0639859437943 51.3705940842628 52.2180568575859 0 0 0 12.780285269022 0 0 2.62754809856415 0
13.1584140956402 0 0.554992437362671 0.409077495336533 5415.50725615025 1487.67577293515 21.2966923117638 2587.32333692908 16.412759155035 23.7983607649803 51.8496733009815 15.7869028747082 15.0922975540161 1532.1730760932 115.04436057806 0 1.36411514878273 9.00254064798355 3.00997352600098 4.71901643276215 4.48495763540268 3.07624906301498 6.76875025033951 15.4894416630268 0 11.4368745684624 4.24881213903427 18.000528216362 2235.13293117285 15.469065874815 0 0 1.32102656364441 1740.3603593111 1.25384306907654 156.083247363567 7.05680614709854 0 57.868425488472 692.768731832504 1366.64017140865 14.7283062934875 1.20827353000641 0 3.02511465549469 0 1.2374382019043 0 0 0 0 0 0 0 0 0.978086888790131 0 3.10598546266556 0 0 0 0 0 0 0 0 0 0 0.377110213041306 0 0 0 4.85345965623856 0 0 0 2.20893189311028 0 0 0 0 0 0 0
