0 133.725757426255 108.085491590931 92.9712648579431 98.398546747468 81.1564658062899 35.8740393039554 38.8379251140905 66.0281489612574 81.0484172440481 104.188291658284 94.517335811069 90.4965121345909 16.7010202279454 103.019895817418 90.871665776871 108.945906441206 146.350328442496 124.169248253914 84.0352700684087 87.5685934317081 79.1813446453451 96.6262295144831 81.6146426722836 140.542232032685 125.017202851645 134.522894987008 78.6334835795506 19.7588491071367 35.9794647855182 0 88.4376408447847 35.1585382361596 59.2315521994772 124.960155523743 77.9427291857401 106.730875719704 73.3509116474028 90.3423724047818 62.1286479994641 83.9169426217118 108.890252665394 153.149472128025 134.384552001953 156.293340087237 149.210470809601 145.049434423111 0 0 157.323925243399 142.301287039448 172.464695173547 170.276763916016 0 178.601753472073 141.075604887785 168.972720903796 85.0132740204018 180.293519175873 0 135.400924682617 185.824127197266 161.401731216885 0 137.085175817728 0 0 178.113004555112 186.151106056727 141.603485685719 113.557106018066 161.529289793801 121.015291518693 0 186.937850952148 166.269367084612 130.300271757432 151.099136325087 136.30865388255 0 0 130.022776750494 177.54444776493 195.112152099609
133.725757426255 0 47.5243248802341 137.888281627607 156.321472167969 136.08519770164 119.432438880805 128.949732767174 66.8349528552366 155.40808167792 60.361348611255 113.492955938226 44.2198151720227 121.207328133672 108.632282281825 65.8358968572598 52.9568638453475 66.0532914375372 53.5165080402897 155.173665357646 95.7034806384574 27.2018210572228 72.4735038089484 80.9026174920698 25.4132799647733 45.8641337793507 34.1858356176032 101.554004351371 120.129087038473 105.786168603513 64.9719856377087 92.4630039829409 106.428797549005 56.6641818457121 183.528914460922 72.6468358429801 45.6820402729288 56.2370884157722 60.0560943774639 100.430985640733 76.337436800983 48.014710934946 94.6061450128199 70.5931947063676 66.7158147481908 123.83750319151 119.727592468262 0 64.4318583415684 141.073209190326 26.6095467122158 68.223030815812 147.326497181114 0 0 152.193180086013 155.793548654723 133.754690334618 155.342025756836 89.8601728683681 208.135192871094 74.4811516749519 153.663324812849 161.204528808594 128.39474257827 76.8936874424564 100.333852434133 77.3841527241028 172.657219731396 121.381912491799 44.4563552877387 93.8170768413236 129.301372673094 52.1535710822036 64.5307128086882 61.5073982521563 150.378787100432 170.40710954236 128.442577112277 81.5429879417553 0 0 76.2161717844629 135.044901792762
108.085491590931 47.5243248802341 0 236.3720703125 194.402099609375 130.598205413941 97.1217359183398 124.433159310665 99.2981948615979 124.76933897207 85.8152636077858 164.264505271182 110.573785162542 118.34965264736 133.063684939755 82.5487505979436 47.5395692582763 93.8835479604389 75.1448374155179 150.643399998176 68.4863173189074 59.3692430785445 38.8107659310509 98.2024146999679 100.317462877717 31.4379296927822 32.6161156943354 78.6516586556108 116.181302324147 85.2127499738992 83.5417118941218 130.204620926688 108.269735421898 61.0726888291674 143.841342658416 73.7574879799479 46.3362952666362 59.0759034354362 64.9879670453051 97.7392147733072 88.6876190157433 96.5153032640866 123.741952456657 99.1427243291958 112.633555434014 109.759887981502 140.343712118832 0 154.647476196289 162.559042064205 67.2318993255896 98.5911902449128 0 0 183.614868164062 166.140241325781 200.331265386958 137.10544403688 201.512286179442 139.728635826926 0 136.751860102708 173.032660353088 134.152539332682 114.272611860468 109.164860324177 158.154351609316 123.381966729432 193.863220214844 140.62571892178 77.0505079259037 111.010855759535 137.423883485974 119.601750856706 108.936271451144 97.1324894873537 155.934844986794 189.629803076801 145.00387442441 0 0 156.227164253619 111.876852947621 151.399894518208
92.9712648579431 137.888281627607 236.3720703125 0 0 62.2171226014649 46.2244465351586 99.2743833806742 59.9935806811218 25.3562289514638 144.689847365757 41.3790280184284 121.907108649457 102.256784805996 72.8095666853456 104.326697287328 170.548827652416 0 0 12.7172913242508 91.4873647634687 106.158991909233 124.446091136885 26.9578132545698 0 0 153.272485906931 20.5951924988259 105.678941764269 116.477541436843 0 145.097401188624 98.2169542161205 106.391456678715 157.099240485482 97.6585055208375 116.201782226562 104.795309418191 108.057930536345 76.6154484089614 105.162279602086 142.364685058594 113.011992964144 134.764633178711 174.131605698374 93.5375366210938 107.584857783566 0 0 142.504052351535 0 206.400726318359 26.1835914920119 0 138.046534401091 140.910819974324 148.306030954733 83.2665056621797 92.2391232266366 136.697875976562 24.8459806638451 0 161.476914929859 109.389432641505 0 0 0 0 55.1018075615178 162.51579284668 153.005130646037 235.857925415039 93.4393697563642 0 190.373565673828 190.410302784441 137.716137944757 166.870704865125 142.371611533504 0 0 198.768966674805 167.813552454 170.107538811364
98.398546747468 156.321472167969 194.402099609375 0 0 11.183623762124 110.927227368679 15.9540951439102 57.5968117377687 103.906605115746 53.2513848978516 62.1448685251275 45.4600561052024 46.1997444866066 16.4885162036863 0 188.646408081055 88.3331298828125 81.7973785400391 104.480614907825 140.088158696247 104.277698242865 140.580096629853 76.0182957710109 115.570370201573 92.3916380861472 101.297351590819 115.408524026698 24.0268279987971 114.404464787697 0 13.0376156708331 77.584831237793 18.7747246771264 61.4024235453316 66.1834151471808 72.5732651794661 41.0563338309826 51.3864299401672 12.5643371832833 9.67935430174447 58.2243102719797 55.1992035975212 72.6135097042356 0 50.4128422893778 39.9282782833491 0 0 0 0 0 0 0 0 118.948364257812 0 136.3059794652 161.387920769821 0 0 0 0 30.7865107639984 0 0 0 0 155.348999023438 0 0 0 156.633926391602 0 0 128.049180220217 159.773202814782 0 191.728088378906 0 0 0 68.0570526123047 75.1044630018814
81.1564658062899 136.08519770164 130.598205413941 62.2171226014649 11.183623762124 0 55.4151044447598 19.8029882051874 63.7685014752131 30.3302729589958 64.3934249115357 32.9842686086998 52.4084020750137 43.4291311244145 25.6967353652392 128.733611526982 137.018443983353 97.8078963272509 106.601351311324 50.5462376727398 114.335456087702 108.591934125941 126.250385514208 77.5897783042759 87.3815181424446 119.123331265145 139.536141745975 63.5517067779678 41.5516209343676 92.3868859726845 96.3931045532227 19.5341868372771 103.616707535599 37.8720708878544 128.368048204273 74.4715264805565 77.5868143828383 61.00961805053 67.4291670935672 20.778074651632 15.2600317325047 60.3293138787106 110.717587433648 208.515141734727 163.781022063886 167.941696166992 104.221784382181 0 64.4384841918945 168.552559712715 152.17741394043 204.606516540213 141.219528204148 139.112762451172 146.060237352242 155.713915189188 181.728195716885 102.11082322336 158.464858011809 208.751815795898 84.7574602627767 0 158.646707413269 123.780510776459 156.561796279428 203.354904174805 0 240.572326660156 153.972671306314 171.797107424187 142.018662113518 195.526640879473 134.116498024325 0 217.5078125 183.513563887294 152.601902832392 168.631391892845 172.745523430043 0 0 159.533661606361 168.695710612481 135.413848219927
35.8740393039554 119.432438880805 97.1217359183398 46.2244465351586 110.927227368679 55.4151044447598 0 56.1813639837174 59.9626168657863 25.3920468410953 133.763781048068 64.8655305131689 108.043442047793 44.6278261482384 85.8066460248902 91.7716794703259 114.237570709969 150.8677826938 138.520956641534 38.0711030505549 78.8953870984839 88.8002027031581 90.4170040831573 62.5102735069407 156.085050930997 127.794626551224 112.87204121059 43.7833601471055 67.940020342803 26.3818206858954 0 119.123888264365 70.6831305245995 80.1730147304854 134.178578915945 77.1745454591609 103.431674127048 83.7955698756055 84.6239491412095 75.5158835558642 87.8019657414455 121.856089593879 143.309085650744 154.915081362871 159.793839761197 155.998238174006 122.546671748563 177.264895357503 159.473434448242 131.795566181867 143.944971235562 164.049317532376 139.00356772391 174.542083740234 157.118985733651 130.552154068427 146.252634487192 85.8714624598245 147.629615961884 201.27628517523 137.38968216939 0 151.448676033445 131.046313992196 133.989140312284 183.402799801498 202.111770629883 190.215279229852 135.327372534832 150.880546421287 107.641644958224 159.998862520681 111.712828226082 0 191.171558214468 163.77347265466 130.445527718484 152.108893179724 138.337626334852 0 0 141.308343387595 146.818513321081 161.503228346878
38.8379251140905 128.949732767174 124.433159310665 99.2743833806742 15.9540951439102 19.8029882051874 56.1813639837174 0 77.6141527679995 41.5163525141676 63.6106492557852 70.0005882262201 53.4902735835357 22.2698302319471 39.5233824046198 114.80755555615 123.650880918389 100.966397923683 107.869936119268 83.9581957203092 110.142503002831 112.647445518047 116.482034083849 92.9685715809858 93.7238006701431 119.435470817675 130.102119688331 87.4794449743064 31.0174347112505 80.0597040985343 118.340274199584 18.6092562522253 83.9349878712948 40.3120753898717 115.090758366075 77.0765298186411 87.3031013490477 58.4532989188733 80.1320152948473 28.8582154983579 25.0230035703781 65.9459101589901 152.540505803083 145.472289424903 171.73051414497 131.880024172145 189.301406860352 180.489639282227 174.798483818897 162.883454807426 194.929899785603 181.697635252981 144.739195764582 0 191.570894501733 147.288678605343 163.094993402588 106.44914638656 168.458188014532 0 114.896175475954 128.276606711464 165.999645095199 114.953445197333 158.445699951457 190.465490240683 0 0 146.537842941076 174.391334642531 146.128851563877 182.311009078474 133.082837083418 145.090082419887 224.999994503464 174.269943535984 149.577717690416 167.91716548162 149.682575616345 180.098724365234 0 193.403425251891 140.166063242472 126.314199156728
66.0281489612574 66.8349528552366 99.2981948615979 59.9935806811218 57.5968117377687 63.7685014752131 59.9626168657863 77.6141527679995 0 70.6181736815731 129.292263925073 27.8164177244518 115.109205758828 81.0932553764699 26.520617740766 54.8411599519028 118.513880576196 130.295417116115 123.646446042072 53.5910000907582 60.9149420869994 28.2203013562055 92.4303624768194 26.086932533673 98.4838588548183 120.159786084311 92.0932249667873 57.3210484174377 79.4852889854658 65.1646036027445 126.947496912568 106.093994524102 68.318512533979 84.4254415889475 131.250449863344 58.9803010838411 107.040559770805 89.574453279863 92.5404802600189 26.2774536785285 84.6677276940941 116.210921424862 80.2302146320488 83.9826169486146 122.993644262131 135.678783152573 53.533613304685 0 0 86.5207045942143 126.22492980957 138.922720325686 94.6175721030072 75.2167660787769 100.50549040164 88.4683554812228 123.740891825108 27.756409283335 98.309538800824 126.265777587891 56.6835344500606 147.844381771892 115.833653075305 55.0629648389517 70.2624407299984 147.300999469529 179.010172936634 158.964773699704 83.8622683258858 81.805086812852 21.2393558517084 103.340987401337 66.1404717148181 138.517248753678 159.098237147577 150.656483997267 86.057941383945 100.837797091304 80.1470621879713 0 0 77.4049179793133 105.785730527282 184.72978409214
81.0484172440481 155.40808167792 124.76933897207 25.3562289514638 103.906605115746 30.3302729589958 25.3920468410953 41.5163525141676 70.6181736815731 0 128.623537046248 25.68060821925 112.178234730501 58.5578126442984 73.7767110024511 116.730959409742 152.322652171983 174.091133502474 166.467104348648 16.2666720651069 119.071606987473 111.668339437404 124.831239240898 58.2744821612428 156.230586877179 155.2950912314 160.097464490776 35.8502102707765 97.1032715585156 107.963076222566 166.790588378906 116.143361823922 94.1415041864551 92.7503530954515 141.205697341627 91.1238593124501 124.157475718075 94.0669892684599 97.3209507335892 72.2475853345534 97.3589650219893 118.797593595562 137.068744090724 197.294525146484 169.626593595954 156.509511639886 107.26098744637 211.856582641602 0 145.414164153292 171.49446105957 173.401093918829 116.080813899157 144.107864445138 161.040077734693 144.400999276939 164.155327153502 92.0178862771389 156.512178855939 0 45.4738213673886 0 174.251383808946 123.567702796506 146.737221399625 183.911026000977 0 214.732131958008 143.969274117 167.318619436616 125.871655878396 167.354927290152 121.465017246161 0 210.034244260578 189.766233300231 151.091390823743 177.393987140408 154.60488481657 0 0 209.930919992275 182.786745296529 175.14876033413
104.188291658284 60.361348611255 85.8152636077858 144.689847365757 53.2513848978516 64.3934249115357 133.763781048068 63.6106492557852 129.292263925073 128.623537046248 0 119.268208950265 24.4335707717233 68.4110804980525 95.9569211661501 132.350647041699 51.0852598370012 22.1762570443796 28.1646429481463 135.688541285278 113.305793317604 97.5668336404197 88.1350323792227 148.398326487192 34.7986795513296 29.2577602079644 54.218004063433 136.640401117666 61.6674384980563 110.336196547923 23.7626373264408 56.6685749810477 112.455909740435 22.5303674431463 121.793783540962 80.1038430944735 28.5651044233504 26.1356390870155 51.2020311006283 66.9702429549269 42.5983745090872 17.7762935058852 150.260020244254 65.8478804648978 121.743466373023 145.343346845405 192.629669189453 0 46.9101733885576 188.407257080078 85.1685968690882 141.617855383524 0 0 0 212.548245288526 230.714279174805 172.644121859328 0 83.6420986903897 0 73.8612687579673 144.104026284964 0 149.371130178622 134.529129448527 106.177587442028 111.451056620887 0 178.208171813338 135.974766525149 154.939740371229 174.591928234347 60.8593678087546 101.696036171477 103.544078821788 192.425468274321 197.033187866211 189.50040581404 100.18226428512 0 0 121.238450734401 151.948054827389
94.517335811069 113.492955938226 164.264505271182 41.3790280184284 62.1448685251275 32.9842686086998 64.8655305131689 70.0005882262201 27.8164177244518 25.68060821925 119.268208950265 0 96.8603418930645 86.5874449275651 21.5618955488015 102.145867123519 157.803346711023 168.238643300751 141.095058349476 16.2984476090653 151.416498551226 70.5662922887945 139.672282480358 27.3154192357205 129.628644306336 158.787520047553 141.456169285468 56.2383370092248 96.1204187784736 141.222109714188 176.813171386719 95.4776928724761 109.075962563728 93.8741439369688 135.265424602989 69.8142204345264 130.308280911262 92.4123199404919 100.042599302538 28.9354374537716 86.0368914436287 119.659178752367 63.6511126788732 0 149.354217596583 121.62606048584 82.366628739596 128.481857299805 0 166.128967285156 0 0 64.4522341016793 98.1554290797729 113.468793750736 126.678486853713 131.478176590055 65.1200679551574 101.791364434786 0 19.6608291621032 0 125.008309807266 104.668290605038 160.938369750977 0 0 0 47.1705775632562 157.912847169188 123.556358337402 0 96.5109894625964 0 221.874984741211 196.867255823012 128.502006635348 186.484886219096 168.094276791099 0 0 153.383148193359 134.76167440437 156.175899601598
90.4965121345909 44.2198151720227 110.573785162542 121.907108649457 45.4600561052024 52.4084020750137 108.043442047793 53.4902735835357 115.109205758828 112.178234730501 24.4335707717233 96.8603418930645 0 62.1324380510249 100.880903823017 108.80988128432 85.0349949294997 49.7265661215731 60.6886347056118 102.184960524657 113.972277863628 83.196934606814 111.200169280513 125.251549223108 18.3200134395716 21.0891718673265 28.0617458272911 129.393542109138 56.4276599264944 132.191353878564 11.1467033407938 47.7415420852677 122.200319828755 25.8829756056766 77.2787269334136 37.5561296580057 27.0237286866851 22.7658071228942 22.9148402848353 34.5646381126303 10.2045663604216 16.3395647320611 74.0545232319621 48.1134964517128 63.936601964082 42.7830936978819 83.4133878761135 46.3580070509055 39.5514100397254 0 78.1218286001022 137.898599877231 0 0 81.7192077636719 158.678024291992 186.208618164062 154.883533461174 145.112852438623 72.6801225492565 0 64.6711943408024 113.937461028874 23.6172199249268 0 125.802894493049 100.03096630937 104.147891857374 0 181.668972065521 135.792350128583 179.602690750007 187.550828743527 52.3519920529393 93.7518085581338 96.9525102835245 174.337675072781 134.457946777344 179.981409864417 95.549530320809 0 0 17.3484006491109 91.3549195872311
16.7010202279454 121.207328133672 118.34965264736 102.256784805996 46.1997444866066 43.4291311244145 44.6278261482384 22.2698302319471 81.0932553764699 58.5578126442984 68.4110804980525 86.5874449275651 62.1324380510249 0 80.5162677785133 120.065265986994 121.678572646755 111.998352101667 120.321248750135 92.5916896471153 104.42709352709 96.4749014849117 111.069037825222 91.5878143385074 96.3255462356999 123.300766290097 132.307154726049 89.5220591638893 33.8378308809712 68.9904299341293 113.121488222992 16.4405088910273 70.8468301090842 47.2170261625043 144.418230036599 77.6163624467286 95.3700836866119 59.233395927538 83.9169649802052 42.4565564270943 37.489036684619 63.8354144927159 155.431269734739 135.222112471041 173.636715960162 111.674227610013 161.151786836445 167.53024107432 67.628547668457 150.760525159469 124.538408778591 182.747995784221 165.745783517023 0 181.305469366062 152.149725278285 167.179557131518 101.092033265902 168.912754349799 0 126.935473802495 187.444381713867 164.197019822164 165.698246233021 157.978224004972 212.266234240551 152.935440063477 164.76465132079 158.635905435951 152.25291862144 133.364904097787 169.004371470339 134.448982561607 0 181.796459758265 175.52497373865 146.591808370735 168.205374542382 157.436158223986 0 0 188.177328611668 141.365689953269 159.602276984605
103.019895817418 108.632282281825 133.063684939755 72.8095666853456 16.4885162036863 25.6967353652392 85.8066460248902 39.5233824046198 26.520617740766 73.7767110024511 95.9569211661501 21.5618955488015 100.880903823017 80.5162677785133 0 104.056812817208 139.661144545017 100.719767879155 140.362641506308 65.4534586380909 91.2968593804545 76.0558427643575 107.235262666435 48.1067111779907 149.825283578842 158.572389170162 128.624326828095 85.3080543150971 60.0756962714239 87.8371663050392 164.818771362305 40.9015070678957 69.5315360487872 57.2091989545871 59.6031509038647 41.271654904899 68.7878626572758 49.017759705216 38.0085331445873 10.4771106219113 27.5361803551461 107.784229749277 74.754246848767 63.8431658371681 172.212509155273 68.8129405917509 66.3750230183308 0 0 0 0 0 119.791768835845 105.656463623047 106.21372172175 130.534405059878 139.338570588953 55.6910119390909 122.920116999923 0 81.7767667982723 0 118.07236268968 42.9584036874 125.816352844238 0 0 0 107.82178586169 137.649600972493 152.011930229143 130.250860623403 95.7034452141634 0 146.014515214619 177.481349750003 129.009074865566 0 178.552491214088 162.857971191406 0 0 0 70.4289437708825
90.871665776871 65.8358968572598 82.5487505979436 104.326697287328 0 128.733611526982 91.7716794703259 114.80755555615 54.8411599519028 116.730959409742 132.350647041699 102.145867123519 108.80988128432 120.065265986994 104.056812817208 0 103.949735026702 133.666356578717 114.390069866971 0 18.7182014473981 36.8114892454587 18.3419596006309 31.2260628257934 104.118290140901 112.340807732349 27.4086071497043 34.5378336791765 102.551445740308 78.9230356394157 0 159.951034545898 72.0160313751809 74.9193253150224 141.38721457968 73.9133665776981 50.712808748744 73.5829402672662 76.083854642942 82.8321195510278 97.8652629675773 120.412408351275 114.485920231769 89.6967604708948 107.852782749999 114.342977703821 124.822722588522 104.362892150879 171.733459472656 132.154839770539 104.462542226753 117.284117753823 0 0 165.504731221082 127.686266755676 164.065955836572 86.9366436563309 183.289453172293 164.253921508789 145.238494873047 0 161.928056105275 141.805028910805 97.9930314763861 130.064122584982 152.318037706266 164.155544834519 133.930816650391 111.885406696371 62.4868534492283 105.453934126774 106.559909970946 0 146.761914722244 107.0973348545 118.095686152225 141.483282334558 115.571855172551 0 0 123.247342838694 106.657681104972 162.767823181651
108.945906441206 52.9568638453475 47.5395692582763 170.548827652416 188.646408081055 137.018443983353 114.237570709969 123.650880918389 118.513880576196 152.322652171983 51.0852598370012 157.803346711023 85.0349949294997 121.678572646755 139.661144545017 103.949735026702 0 52.543221216477 19.5592075323175 181.619773295121 59.7297170944285 79.8449525686285 29.7186023044357 126.420173526192 69.5920440864625 37.2656159370969 69.6843959376621 112.012305303162 104.019289016358 74.8371697249101 85.262769499652 101.573991516904 99.0717621173108 43.9856663476502 148.244579626728 76.6665960512412 51.2970591136046 52.0684698376132 63.3247810922055 99.8811211415029 99.3339586773266 87.7417003104847 134.306585155071 106.250228353553 122.185398425135 126.854486192896 164.015015832329 125.977172851562 0 163.966480973358 76.6713374290116 109.719253489055 0 0 0 197.4352962528 244.752319335938 167.01926540644 223.918491571849 141.535062349458 0 123.264185387105 192.347245301319 152.471084594727 136.745360269533 114.330976299608 145.962727375794 120.952597601049 203.098249931459 156.77855950869 106.389975026537 129.873365483813 154.207878545397 89.5948174645452 107.925029368119 106.577353926853 169.873419436412 168.4764517555 162.677602604274 120.52725982666 0 169.065704622031 118.355056825403 155.835992795254
146.350328442496 66.0532914375372 93.8835479604389 0 88.3331298828125 97.8078963272509 150.8677826938 100.966397923683 130.295417116115 174.091133502474 22.1762570443796 168.238643300751 49.7265661215731 111.998352101667 100.719767879155 133.666356578717 52.543221216477 0 18.1495174929794 0 108.704004413489 105.00776194423 95.8501181533865 152.028052816004 48.0144815569521 26.1620820248268 62.3896622240593 156.320792524666 109.523425667594 116.582667001347 51.2768772123545 107.534017142927 132.361129846574 57.0731035630043 148.119633453721 90.4783703889066 53.1313998932423 56.7114683071623 63.7493822481582 95.3877155043542 84.0108035688948 58.7583240185664 149.883426079512 96.1997324029307 111.113351241096 131.339050292969 0 0 62.6992907562737 0 72.2375606152434 143.781463734202 0 0 0 188.666915893555 0 0 233.094177246094 99.5579930828762 0 85.1801289461165 151.020721435547 0 184.57300236067 123.818459054192 104.771050879554 111.521351505189 0 200.895266579082 174.943695584882 167.681850611693 0 69.6110990976888 104.208161878738 105.426845238811 0 0 0 107.553611350802 0 0 124.61503418229 190.444979130927
124.169248253914 53.5165080402897 75.1448374155179 0 81.7973785400391 106.601351311324 138.520956641534 107.869936119268 123.646446042072 166.467104348648 28.1646429481463 141.095058349476 60.6886347056118 120.321248750135 140.362641506308 114.390069866971 19.5592075323175 18.1495174929794 0 219.038864135742 88.0733076860345 93.5943503723374 65.8115486542089 134.79296667259 47.5888603653479 26.6248857420884 64.2158185035103 135.328681589181 115.097505389908 92.0134279444665 62.5699563890629 85.0021073208188 114.142969633379 47.9378636939521 157.507415949542 84.3130402062051 52.1614723820811 52.777881241743 61.7086823976681 112.276697204314 77.0614042892915 63.6152631744699 141.087766147312 109.989358881024 118.932204552787 129.983111121717 154.491715192378 0 109.55256452623 0 75.9478463292924 125.220522235663 0 0 244.797714233398 199.135730333626 150.356502983808 169.227400794163 0 109.521836250365 0 88.1111829790598 148.634414672852 0 176.846809243713 115.595017056512 109.592918774122 106.797890949828 0 158.752356112399 112.50992036501 150.078159215037 151.981528135853 65.1127606438837 100.379526637635 102.59312343353 164.046673670549 219.90950012207 172.488133991633 115.20033862212 0 0 109.659425052006 154.758970071014
84.0352700684087 155.173665357646 150.643399998176 12.7172913242508 104.480614907825 50.5462376727398 38.0711030505549 83.9581957203092 53.5910000907582 16.2666720651069 135.688541285278 16.2984476090653 102.184960524657 92.5916896471153 65.4534586380909 0 181.619773295121 0 219.038864135742 0 0 81.7091105232878 160.600210608451 23.3545602676735 169.178741455078 184.931444331553 148.286885822535 29.9943658674417 99.6178287780495 118.504022091168 0 120.155912203156 95.5695092004104 97.8782080424778 130.062801024626 95.7209305738268 129.011612461224 96.5893786076356 103.328912514175 66.029645386004 97.4270625790441 133.553402549669 88.7979943677384 0 189.769815349498 169.769943237305 101.269885489266 0 0 195.422775268555 164.730914944432 0 28.065624451601 0 146.459105444859 133.486022712956 155.566839534478 76.4906108925054 148.546520432284 0 26.8816245559855 0 159.747317744865 106.614678713516 0 0 0 0 127.380772174221 0 124.692562368235 0 102.838400193579 0 0 173.671646118164 142.458689499309 189.27019280468 158.930427081563 0 0 205.532205504175 170.182742947616 178.341619607109
87.5685934317081 95.7034806384574 68.4863173189074 91.4873647634687 140.088158696247 114.335456087702 78.8953870984839 110.142503002831 60.9149420869994 119.071606987473 113.305793317604 151.416498551226 113.972277863628 104.42709352709 91.2968593804545 18.7182014473981 59.7297170944285 108.704004413489 88.0733076860345 0 0 58.113402008557 36.2354173698921 27.9021683073973 133.575209553206 103.042485856594 76.0068836679299 30.9003614832056 87.7909994219179 30.8063959320646 130.314786977116 119.069645616219 76.0416427110621 46.8298762452919 138.602773818255 70.3929196040821 55.2775559973229 64.4759469216881 70.2393224073805 82.7228773340263 84.6911701822331 112.583756361476 128.212041790556 114.013480315178 130.540676004755 134.472112285045 145.239704809997 141.275623186745 0 141.179668721572 124.3712376321 143.406305278846 141.589508611846 0 173.748670422637 143.762056794505 164.010285215943 102.986822512869 186.672882748471 151.073923459836 0 177.670593261719 148.460306037674 138.360826557009 110.417980222262 160.073940485504 206.760682909999 165.536122620477 137.621023095052 120.735635212349 75.6491389957615 123.887767040045 112.891080812627 161.357451279247 170.935982657364 136.396127707014 125.079479606944 137.398575801572 121.167397692817 184.190612792969 0 126.545778454785 124.177248275074 152.661841798006
79.1813446453451 27.2018210572228 59.3692430785445 106.158991909233 104.277698242865 108.591934125941 88.8002027031581 112.647445518047 28.2203013562055 111.668339437404 97.5668336404197 70.5662922887945 83.196934606814 96.4749014849117 76.0558427643575 36.8114892454587 79.8449525686285 105.00776194423 93.5943503723374 81.7091105232878 58.113402008557 0 54.8220591798812 33.1341550859388 66.5628396570434 85.704188443703 43.1468698892698 65.8361277573132 81.94054452301 60.5239716031996 106.834830512853 106.489776034544 65.4970648054188 62.5714765722649 134.061469059319 61.4441990620583 45.3182758535204 62.3839164552586 62.4737638568701 68.2533999189512 85.2581831249348 90.7895548767249 87.0651690422944 85.0734569903344 86.6747988034639 96.4514569663614 95.1242106398183 0 98.9367683435829 105.796931424429 98.114904750359 86.5967929787951 147.332712098859 0 134.935737296311 118.560798195689 157.822330627925 57.2050214870681 146.178909888014 118.017333046954 116.350486755371 126.049683725468 137.641463295655 107.014651990711 50.7404687155765 120.013146234971 167.559899586457 135.417863843661 148.918045445303 74.0372886952463 16.9298618917589 70.9303430877807 72.8841945335822 105.999487173884 127.410379413139 91.0512805058061 94.5515061765442 112.266427836483 79.5843066375563 0 0 83.9280595223581 82.4137432654905 142.091829931912
96.6262295144831 72.4735038089484 38.8107659310509 124.446091136885 140.580096629853 126.250385514208 90.4170040831573 116.482034083849 92.4303624768194 124.831239240898 88.1350323792227 139.672282480358 111.200169280513 111.069037825222 107.235262666435 18.3419596006309 29.7186023044357 95.8501181533865 65.8115486542089 160.600210608451 36.2354173698921 54.8220591798812 0 71.7297133335512 116.843662844694 73.2183002725094 43.6910883219423 61.0361864021868 100.414170443137 60.4117568026254 147.520926412363 136.490967617228 91.6528119745546 51.5409401630777 138.784600951334 70.3138400351021 48.9856137509125 60.8764477095725 65.5751425839476 80.2557316560404 83.7728916881398 97.7868040052165 120.94818626583 100.607497940477 113.842544382526 123.87899280971 132.241497966181 145.415363139927 143.296691894531 155.875180143132 89.5292390472966 114.642181514201 200.973103262743 0 194.586888368666 156.796274135851 180.90029555971 121.952998924326 197.86348666927 147.041048396888 135.56916809082 171.413581570332 173.116776747823 138.3003246866 103.787815188801 130.733624255381 172.442071573015 150.707477727494 0 121.867720443797 74.9765562711213 112.562435154554 127.943968083309 146.311778011314 140.845425630444 105.702222262811 137.930298057817 155.330791161765 129.485120347573 0 0 135.738935021844 113.040302664621 149.671014718585
81.6146426722836 80.9026174920698 98.2024146999679 26.9578132545698 76.0182957710109 77.5897783042759 62.5102735069407 92.9685715809858 26.086932533673 58.2744821612428 148.398326487192 27.3154192357205 125.251549223108 91.5878143385074 48.1067111779907 31.2260628257934 126.420173526192 152.028052816004 134.79296667259 23.3545602676735 27.9021683073973 33.1341550859388 71.7297133335512 0 115.185559571073 125.10768822277 82.1128160020193 21.9734331989663 87.883158594292 74.7484266540181 148.844363636626 140.738734949474 75.1606864077058 83.4275002096362 145.253702706468 76.6224211864804 90.4902583308354 89.9201554798946 88.1805617214168 54.9870885722465 98.5971537023372 139.397422759836 117.042670790785 133.671125337943 134.164994463384 139.178198245234 103.417916501511 143.525215898011 0 117.079092980966 140.220827119711 145.682166126287 116.239563833763 136.20146722316 136.767053971973 113.654736658216 134.194220953676 58.0629997840321 125.57984713456 189.053093966502 90.0992482442044 177.8393031204 134.188936960073 98.0040569166923 106.751113297345 169.604323631652 0 184.120706930265 110.893052251992 114.705069738396 71.484321892096 129.349280713584 87.2321307282773 149.318155012303 165.337437195208 146.919609563654 109.76030183612 129.992241417706 112.655142438039 0 180.521377563477 117.213722451528 125.395379648472 173.086558097802
140.542232032685 25.4132799647733 100.317462877717 0 115.570370201573 87.3815181424446 156.085050930997 93.7238006701431 98.4838588548183 156.230586877179 34.7986795513296 129.628644306336 18.3200134395716 96.3255462356999 149.825283578842 104.118290140901 69.5920440864625 48.0144815569521 47.5888603653479 169.178741455078 133.575209553206 66.5628396570434 116.843662844694 115.185559571073 0 42.7781770345232 33.3187106129087 147.423030457352 97.0846355347958 134.366264782679 45.5163893965693 89.9006279245878 160.324005126953 51.8648538935506 124.871295083917 82.5092841039797 26.6815333777403 44.3817481762907 59.6306354625865 112.100032735408 75.345680231698 20.9127286204367 88.8091619920789 47.5498931170113 75.8962896635744 73.0416080742479 84.1891387748078 71.0021356692066 32.0530093224386 0 43.7279749298496 99.0676714175461 0 0 158.788923384996 202.499206542969 120.169361547146 153.517471313477 170.005950927734 58.6826405993103 0 48.0865194792257 0 0 154.034623376827 97.6374876109238 70.9248723548242 76.0051174338592 0 90.0675506591797 121.138737079038 150.456811495069 145.416407000247 26.6087341631655 67.5961773770638 66.7887312689257 191.662155151367 112.401985168457 0 73.2383851468791 0 0 73.5690110031079 0
125.017202851645 45.8641337793507 31.4379296927822 0 92.3916380861472 119.123331265145 127.794626551224 119.435470817675 120.159786084311 155.2950912314 29.2577602079644 158.787520047553 21.0891718673265 123.300766290097 158.572389170162 112.340807732349 37.2656159370969 26.1620820248268 26.6248857420884 184.931444331553 103.042485856594 85.704188443703 73.2183002725094 125.10768822277 42.7781770345232 0 35.4886226591541 116.629523186211 118.829646103116 103.402046163221 17.5951126998755 97.1037145274155 114.751168900084 57.2682518669831 142.149054781953 84.2501058487238 52.2009718108467 58.2548732733684 68.2897151222064 107.506100185562 89.0347483472561 59.0835543972764 131.631278489768 98.8878251771393 109.4362356505 119.912126950043 152.546526424453 113.118721008301 78.2663885012342 168.688349366379 65.3067650089609 113.170935637887 0 0 0 195.720809610229 203.648509371842 150.267350131632 187.740600585938 95.3088617312 0 83.5537224346041 163.640279429938 152.335105785966 157.183765416758 108.628052482574 103.537349584864 102.511571474061 231.492919921875 153.733040232088 120.289474119581 136.506775999879 177.643342987809 63.3865264399558 96.7004137828603 97.3692318359458 173.875600010252 148.213843454089 164.148354666114 105.673629978515 139.05793762207 218.324523925781 101.844681381589 157.088356786473
134.522894987008 34.1858356176032 32.6161156943354 153.272485906931 101.297351590819 139.536141745975 112.87204121059 130.102119688331 92.0932249667873 160.097464490776 54.218004063433 141.456169285468 28.0617458272911 132.307154726049 128.624326828095 27.4086071497043 69.6843959376621 62.3896622240593 64.2158185035103 148.286885822535 76.0068836679299 43.1468698892698 43.6910883219423 82.1128160020193 33.3187106129087 35.4886226591541 0 84.1656940173579 126.537857308625 110.603502759593 22.8453372263122 107.332012113746 119.780296636083 66.342026453474 142.698778560775 82.5411543128535 53.9251523013685 66.7848588219594 72.9956363051479 101.922897325991 97.5669539603 67.2654334864121 123.421948149115 94.3560734060373 108.250173237193 116.935236135686 136.050436876073 129.333468304768 80.2568173776881 161.485299821187 63.1668298635544 98.4667716593172 0 185.349434057124 220.128215205605 163.501812162306 182.080460647862 122.513598324332 193.380256928587 103.321504270181 183.780293283455 90.7114078554145 184.471225633067 151.478139158559 107.498978688873 107.382294221798 109.021039466431 108.454586102123 223.969161987305 130.095751478637 71.6499840808924 106.627416657259 146.230145676453 68.7887782200914 98.5009658194791 95.9410636747359 150.565004153885 164.016225613073 143.598559701471 110.538155996315 137.672637939453 165.998735699168 103.619415178203 156.15800225443
78.6334835795506 101.554004351371 78.6516586556108 20.5951924988259 115.408524026698 63.5517067779678 43.7833601471055 87.4794449743064 57.3210484174377 35.8502102707765 136.640401117666 56.2383370092248 129.393542109138 89.5220591638893 85.3080543150971 34.5378336791765 112.012305303162 156.320792524666 135.328681589181 29.9943658674417 30.9003614832056 65.8361277573132 61.0361864021868 21.9734331989663 147.423030457352 116.629523186211 84.1656940173579 0 90.0791217290597 46.4723681388079 179.991056988217 134.171593526891 73.8026386152396 74.123316527274 142.179607098859 77.1586210507903 80.3514437133375 86.1781969391964 84.4670819070299 84.618402103954 101.074733825852 138.244653394701 132.244733767432 121.911213033594 146.792463260028 147.292486020205 125.487419935872 161.332713596846 129.326919555664 128.849308386641 145.990744179262 155.020764875055 130.850811237301 0 153.142129518566 130.520099655628 148.46408013148 82.6543169611328 150.794949022926 168.572893182239 109.961405902312 216.548721313477 143.290580397669 123.201110110455 113.858106581468 164.334712735316 206.098382646174 206.356502461947 138.385395158531 124.356923117359 85.2666831594769 138.676602940412 107.469489280764 204.442605044785 190.828273467903 151.908462200092 127.167097368182 140.641695287323 119.660058209926 219.002243041992 178.063167699259 124.115018543972 139.093208492596 168.594538399292
19.7588491071367 120.129087038473 116.181302324147 105.678941764269 24.0268279987971 41.5516209343676 67.940020342803 31.0174347112505 79.4852889854658 97.1032715585156 61.6674384980563 96.1204187784736 56.4276599264944 33.8378308809712 60.0756962714239 102.551445740308 104.019289016358 109.523425667594 115.097505389908 99.6178287780495 87.7909994219179 81.94054452301 100.414170443137 87.883158594292 97.0846355347958 118.829646103116 126.537857308625 90.0791217290597 0 36.8944605118051 97.8395645484338 13.9213710658844 20.8466751054571 35.0220366511945 113.628851418368 64.7077257906952 82.354183943081 51.9095546030599 69.0180560767676 44.0351533803463 20.9720933746813 66.5762150319313 148.851356702563 168.41548337452 155.368489634422 161.549960002241 170.816794852963 240.962783813477 0 150.775247803948 170.856400349287 173.917844477691 185.685173243865 0 204.369784011827 146.839469722511 176.853989936053 114.455032534595 181.536122244395 186.643982432162 139.397902622043 0 173.163112320174 0 122.356852082486 165.578274157292 0 167.214442168649 182.712407871784 135.423758363641 96.0139618769629 155.759217830964 128.541256715636 104.293029785156 167.830600244272 172.035950395815 141.757633021441 151.38430311979 140.914077929563 188.896697998047 0 135.309842247588 154.340888940719 167.373105872177
35.9794647855182 105.786168603513 85.2127499738992 116.477541436843 114.404464787697 92.3868859726845 26.3818206858954 80.0597040985343 65.1646036027445 107.963076222566 110.336196547923 141.222109714188 132.191353878564 68.9904299341293 87.8371663050392 78.9230356394157 74.8371697249101 116.582667001347 92.0134279444665 118.504022091168 30.8063959320646 60.5239716031996 60.4117568026254 74.7484266540181 134.366264782679 103.402046163221 110.603502759593 46.4723681388079 36.8944605118051 0 170.204895019531 117.414938383235 56.7905061874029 38.8701958690172 130.443779052635 66.401308573401 64.983453461567 65.7003014846144 71.6909434914193 77.1440845910452 87.655858606166 119.58794717959 131.00261193005 127.885705104793 143.90047795232 143.000080979869 141.149437202328 0 140.533248706225 128.860497106027 143.744981009237 147.593404464744 169.59517227313 0 167.070221728702 133.901606945069 158.070664856826 102.682226166156 181.104254194768 189.437744140625 118.836115614043 207.792175292969 155.129677565305 144.047957147432 108.33630049474 153.233494651628 203.026471068138 165.105028518488 119.27722562159 119.517904986333 78.5007107346683 129.559177938722 113.543306243304 153.193885398059 170.196457377973 145.533416803359 120.703499604876 142.309012495229 122.703642901867 0 0 132.104640474246 126.062262026122 150.093710436685
0 64.9719856377087 83.5417118941218 0 0 96.3931045532227 0 118.340274199584 126.947496912568 166.790588378906 23.7626373264408 176.813171386719 11.1467033407938 113.121488222992 164.818771362305 0 85.262769499652 51.2768772123545 62.5699563890629 0 130.314786977116 106.834830512853 147.520926412363 148.844363636626 45.5163893965693 17.5951126998755 22.8453372263122 179.991056988217 97.8395645484338 170.204895019531 0 0 0 72.1562088673558 180.844085693359 109.933893176392 55.8237292079079 66.1440766482078 77.7682715126345 151.931777954102 77.1672973632812 61.5358306590693 0 80.6790538244741 119.881419254969 0 0 0 64.5815200805664 0 73.7385170825575 169.55496853086 0 0 0 0 0 0 0 96.6649255134025 0 88.9889872158956 186.306930541992 0 0 140.086478691981 111.865744082091 126.608028423613 0 0 128.620239257812 0 0 69.9390229338082 106.430062317489 110.333589281807 215.905487060547 0 0 110.885338285338 0 0 0 0
