0 133.518013060934 104.255231151832 97.5991881319651 87.3805156549929 58.6439213299286 38.4147238290851 42.0528801973163 82.0784555992206 68.911953534559 108.394874051965 78.7035286824295 102.216734949923 21.2706108348189 69.8119576293857 106.282942790512 109.647492852833 141.20180249247 127.180540095144 80.8891220552264 90.5808306623421 96.4510417985672 98.0651845420709 84.8052464102993 156.97616769713 126.639091270596 133.765145004213 83.2321426599907 19.1075055435667 32.1075562094198 145.018203735352 95.3608148229294 41.885866410605 67.525113344726 138.096227547916 70.5919822172365 116.91165641705 73.8382960516162 82.417729792222 62.5037194176913 70.1187798664826 93.3179151480412 172.921100777625 0 195.886792655275 158.718124389648 0 0 0 0 128.423629760742 164.786666870117 0 0 0 173.252540934416 174.184856322221 112.321962658408 0 0 0 0 0 0 153.928228111804 0 0 0 132.152709960938 193.479280653959 104.012647960485 153.28683264319 136.548779851456 0 188.478393915385 177.619606613155 159.148021553787 195.517630316266 151.147662300859 0 0 0 170.304733276367 149.264812318171
133.518013060934 0 61.8476678234581 119.905468107527 124.19193452292 136.816863795285 126.750281707526 141.029658002612 74.8446756575301 154.811045839783 65.2227850359113 105.260779896244 46.9575218246098 141.259944998096 112.31537672837 67.1871781688435 57.9218828124328 70.8068413485692 56.2471158330436 150.234739523272 106.868525346504 28.6269419561291 78.86039473383 83.77108936954 24.1858565882802 51.5024819448077 31.1281503801681 106.714524319482 129.675247196998 116.709746021611 72.0106013844853 98.2721862792969 125.889906355987 58.1792529575211 147.643122259739 81.2149764364002 55.6737886830023 63.0417488765908 66.7346415246908 100.208440538379 154.641488493903 44.113383333106 98.370238938796 81.6308427708072 77.0557498272475 82.6985741232158 0 112.080955505371 0 0 20.2577038270232 67.4661937191411 0 0 0 144.717298587054 0 111.649493558883 183.422134399414 69.4329426723393 136.075134277344 71.4601871217967 178.405242919922 0 125.974960406244 73.2771674518436 101.282285080576 74.8844668330278 0 118.298786454145 36.5379036713774 102.108784900622 128.801173473761 44.6872465046443 68.6375654806707 64.4951083555647 155.754966655674 145.799279674603 114.072753459817 100.148392509359 0 0 76.6267382911725 161.858721321953
104.255231151832 61.8476678234581 0 129.242119509432 0 130.202833213171 98.1987179901396 127.626143710829 105.917501628573 127.939988344623 88.6467539594457 132.790850252142 96.3699383034124 123.545750336266 156.167336146599 86.682574424396 44.1091569120006 81.0938093941891 65.3234257101671 140.134690543995 64.6339293290222 74.3902540459257 35.5168277744436 98.03288824134 86.4481365607478 24.7565873427511 35.011918667961 84.4587581853934 114.642894893656 81.5902733142051 100.212043670803 192.559009162767 113.398776906906 64.4730707487173 137.942616398917 74.1418245223628 53.994987906047 62.7029790961434 66.2518921670375 82.4741462511775 88.182485617046 102.017940208384 132.602295269193 104.958539723201 122.719957834028 129.316631770727 126.085027727891 0 0 187.367675004438 68.7566063185665 111.660809364396 207.959609985352 0 0 172.85522116285 185.074920654297 103.764862538705 0 142.888043911462 0 163.336583677363 184.341048324418 0 124.244256130578 118.137589289487 144.663326825614 125.970249496491 0 138.518990288175 81.5844250646352 125.273750468555 134.998173386929 99.2455294420153 120.607302740227 110.288544985385 158.494751313657 232.11311340332 147.515243990237 150.550918579102 0 164.766220092773 125.997536690619 146.315476123464
97.5991881319651 119.905468107527 129.242119509432 0 123.561691398534 64.0243608714003 51.3398056892772 99.0742610292781 57.4459353830009 19.7297483322796 182.688657820016 35.4115002257966 0 102.23789574139 66.5287342339583 124.3042620433 181.830066935368 0 0 9.96562048134637 112.729177295282 99.9553122298308 122.500610831563 33.2876758821224 0 152.404571533203 145.079729324465 16.5123286499252 122.082493744671 108.883117828582 0 164.019515991211 97.8770549392036 114.524302286766 97.0177173189458 105.748247678505 182.12385559082 122.684643399595 124.404413002917 64.9733773349503 118.206874865482 0 122.552233318104 181.743362426758 178.324172973633 201.344207763672 94.3962123698701 0 0 183.866175759099 168.239334106445 0 12.1477163119204 0 99.3445388046377 139.247760277221 161.274078369141 88.6647795143322 97.6229796039069 0 72.2458325685608 0 202.709630057805 104.72834777832 137.836791992188 0 0 0 22.41538732598 0 143.454971313477 0 123.13495251648 0 0 0 123.38994876324 174.355460114687 0 0 243.839065551758 0 0 188.450576782227
87.3805156549929 124.19193452292 0 123.561691398534 0 11.2862300866548 112.611719296592 15.4371857501149 53.38221786239 110.782491922983 66.0585810315318 57.919155720226 56.7507101615065 37.9038336152746 16.8125486183246 152.871612548828 127.869496361529 0 78.1434173583984 95.2556021533149 162.624694824219 114.067365811906 170.521485429258 73.021191789337 166.689361681275 127.663935439932 148.937078994938 119.155598016261 32.1292091256764 114.055185829208 0 12.8783090882889 75.6265196898511 17.8795293741692 118.703341160192 70.9082326872479 88.1298849306691 40.8452395576847 53.5602976925735 12.8257718210742 11.0087365990298 57.4044432088697 0 0 0 0 216.830856323242 0 0 0 0 0 0 0 0 0 0 0 0 0 0 0 0 0 0 0 0 0 0 0 0 0 154.319231478099 0 0 0 219.19769783501 0 0 0 0 0 157.953018188477 0
58.6439213299286 136.816863795285 130.202833213171 64.0243608714003 11.2862300866548 0 53.4367606251054 23.2743732422534 63.8690019192258 27.5556438464212 79.9939108706492 25.9398937685609 70.2332100671565 45.8065927479079 18.5153905645519 142.560820768964 147.081460715332 173.946525091888 139.723087352986 44.401016413869 114.693147659064 104.995618973653 122.278682305799 75.9433585987839 165.38755583425 146.38633121934 147.781713827594 73.0655160433258 51.6346303903726 86.4288552969112 235.79426574707 17.4995279793901 98.5999662788633 35.7440430510447 16.7023546045437 90.3082792872511 100.584038450712 67.7879306838942 99.2042539920633 20.1249463439431 23.2066667793018 61.2664434699094 168.905512305983 0 194.396865844727 0 157.367813056717 0 0 176.548521810226 136.921663575045 0 164.514460168933 0 212.355176875327 162.38340213144 195.012211051439 98.993406336125 180.031763841465 0 95.1587621954211 0 202.169438733022 122.77801051068 188.911631992712 0 0 166.364898681641 159.510842748296 184.395797899094 161.704833082869 179.983123779297 141.801073134564 0 0 186.043497043903 153.583104995803 206.674468722156 0 0 0 0 200.670928955078 160.259826660156
38.4147238290851 126.750281707526 98.1987179901396 51.3398056892772 112.611719296592 53.4367606251054 0 62.4669988345912 66.0437448866813 23.7541331756675 133.023571623474 53.3014676044351 116.879713182475 41.9088746660428 82.7547621449948 86.4288617075106 109.21988318272 156.869564331992 136.013866829687 50.0869687759385 76.2743617043814 87.7595956366405 85.9564823034287 52.7698118799831 153.403040593839 125.665885999618 113.536158755915 36.6608838286626 67.1514951125426 25.7673285586192 156.125305175781 128.907231842409 72.4264463777313 86.8157743389928 82.636146730854 84.8929911115219 106.324358430651 90.5868823031155 96.7769486722471 81.4944098998775 89.8585243774474 132.538997121381 171.808590222119 155.592924795566 170.004119186626 176.769781097276 103.053890533921 195.917914306579 0 168.621330641984 183.008239746094 171.036084085985 142.890380699613 0 162.856443432242 153.337324028632 161.073836981209 84.352024115824 160.725938741016 0 122.189472201334 204.404998779297 181.838563899831 137.905822753906 150.345974209505 0 0 0 158.583244689945 148.628968789482 112.821445094058 162.748501678357 122.921713580369 0 185.914750446819 164.877612456024 140.060603483385 168.450998727777 165.315637314424 0 0 0 158.554132566574 153.421277392919
42.0528801973163 141.029658002612 127.626143710829 99.0742610292781 15.4371857501149 23.2743732422534 62.4669988345912 0 94.7010989592289 53.5555948502333 71.8775986010032 69.518158602858 64.7336736404282 25.3877780543902 40.2469419383654 126.320681930838 133.898035981473 119.839509705261 135.337128723147 86.9043448019627 108.32719889947 114.562313941305 118.365409218807 98.7668888202634 116.581938936327 138.447521605242 144.265600516427 98.7330849662644 44.17968123328 74.9220170381592 103.761426361881 19.0812993669063 82.1357117543882 42.1621558283282 60.2164041004158 81.233848895702 100.501706667918 61.6786625869446 81.4597419736414 38.5128281141598 31.5910431906278 61.9335178943588 194.138280159449 182.674362182617 203.904364745878 188.41616669876 0 0 0 193.990646362305 163.241713696927 192.082046508789 0 0 227.934280395508 173.026046258318 201.899697766044 131.203853027927 206.594212366686 217.015808105469 181.778511607328 0 177.695472755682 0 157.140584539001 0 0 219.049911499023 181.021301269531 155.230536328936 132.598852875395 181.963048550818 151.648298550352 105.590728759766 180.115215350422 194.024345189309 170.721130809127 211.593535944266 159.67170715332 0 0 0 0 165.513400124498
82.0784555992206 74.8446756575301 105.917501628573 57.4459353830009 53.38221786239 63.8690019192258 66.0437448866813 94.7010989592289 0 74.4987397418487 136.299132513919 22.4394941143275 120.960779344018 103.612843961438 28.0313277921532 67.2337030214906 121.917121797721 144.254667467284 130.206814931707 48.8651889315277 75.5117902840719 31.3748398876101 91.620149439501 25.3555038277248 104.410138690631 125.886543799422 93.8946915214908 55.6485561794341 90.9640522644783 71.4390186290493 141.243937810826 130.145460901451 80.1752168330401 88.1476294616566 144.367861865152 82.0215823704987 104.997473865197 95.3557276807078 99.5398774176043 22.2049185828961 93.8604341420701 130.587989887963 65.9877189186289 115.029510780369 118.246734681687 121.371260989366 51.7534481633413 101.299571073286 0 78.8940277099609 100.441006532187 115.620618071267 90.4346625247808 80.1963416149531 93.8368283854492 87.0180551116955 110.599803924481 23.5980203726113 95.9991218636519 0 56.5255334142912 145.593289463112 120.688046865765 68.3985262938978 82.4567506793001 0 170.140718706732 161.044021606445 81.7697851414216 90.5907832408391 77.5571265511463 112.722461714568 59.720900776509 140.314346313477 158.881031882536 127.469645867616 78.7190383232869 133.845786431976 83.4126983687618 174.259414672852 0 126.771965026855 131.305336522648 163.399521367951
68.911953534559 154.811045839783 127.939988344623 19.7297483322796 110.782491922983 27.5556438464212 23.7541331756675 53.5555948502333 74.4987397418487 0 148.051189524953 22.0142099355994 126.179856971003 50.2930360499973 80.4103456095746 132.040263154173 153.669920176503 212.440795898438 171.594481360588 15.0120154507284 107.755317342315 120.372685484781 116.770296626591 62.18958119859 140.151458740234 148.234572662874 135.340653905998 30.0932617397049 109.95796043411 97.4612044158587 0 135.877843343808 96.4244091204424 110.709039593514 20.1139921479806 107.154820720571 151.404304000128 103.693907936272 117.632660557481 84.6905207301241 110.228219799662 127.695030618641 152.790082552396 198.810821533203 191.985129042466 208.23289299087 121.347229954906 0 0 166.136016845703 180.391204833984 0 56.9873459077453 0 170.257213565764 154.131427998143 190.829173644625 93.714381232808 162.907050896373 0 132.578434078566 0 245.223495483398 140.551506296906 194.385767642161 0 0 0 147.610170352598 179.170162558853 146.204630991594 0 135.044959005511 0 0 199.038011546368 150.95304390961 189.825657471707 165.186676025391 0 0 0 206.041609295215 136.035400390625
108.394874051965 65.2227850359113 88.6467539594457 182.688657820016 66.0585810315318 79.9939108706492 133.023571623474 71.8775986010032 136.299132513919 148.051189524953 0 147.432164689143 18.5361344278189 79.6199669087572 100.572873271273 150.304467339532 57.0405960646412 23.0583865373878 28.0212432325668 154.916524434818 107.549839402683 101.763228264877 97.1439045907721 148.972933322469 33.1986040167302 33.284358830994 58.2142276051003 149.313582174174 71.0836859948436 112.978205794455 34.1364436811502 64.8810945550355 85.0549962301347 24.1645864802539 126.845141681926 78.7425012957138 22.1355145937278 26.6643422988501 51.9961884409401 66.3407967919375 45.1927260450286 11.8977856150833 144.378825838724 105.602978178919 119.112323623717 193.157059348955 0 0 52.9375495910645 216.73371887207 92.1928616598934 140.945084421245 0 0 0 0 0 190.248762181906 0 90.9553933028381 0 71.4400229258955 0 0 200.621560526927 139.417074637395 99.5617917107688 108.156167222264 0 0 122.522316784874 132.729467119676 205.045713694253 65.0752948638705 105.276239034437 108.222848048463 201.701523837114 196.629043579102 162.993225097656 95.8132884880052 0 0 126.505757376472 107.794875611232
78.7035286824295 105.260779896244 132.790850252142 35.4115002257966 57.919155720226 25.9398937685609 53.3014676044351 69.518158602858 22.4394941143275 22.0142099355994 147.432164689143 0 120.599365214214 83.213013064396 20.826805401959 91.0584527771545 148.448327670941 176.626388549805 169.829458325286 10.6809069963404 115.701740780655 63.7598221426363 121.887730654397 23.6238942628471 129.601543585775 148.127422473085 116.883437989584 44.8090344089006 106.241491906874 125.036077620508 175.54248046875 114.860383469304 99.768812981366 107.368310904004 39.3882335884557 126.305159939674 136.256200224171 104.287815158859 119.849581954977 21.6154508226289 101.371479008294 0 160.112401453743 0 222.725479125977 0 88.8194417706104 90.0392761230469 0 0 0 0 92.598358369245 0 94.5797788936219 123.003341419539 135.372919869747 66.3408448313826 57.8243535969306 216.598022460938 15.1784149803576 0 175.764358520508 0 0 0 0 0 12.7591673781835 0 189.211364746094 163.026696453468 97.9858075102568 0 0 171.74430847168 119.26864547278 190.338562011719 0 0 0 0 160.425152598068 0
102.216734949923 46.9575218246098 96.3699383034124 0 56.7507101615065 70.2332100671565 116.879713182475 64.7336736404282 120.960779344018 126.179856971003 18.5361344278189 120.599365214214 0 70.915274281558 144.833715957355 127.837727008292 87.5337050745841 49.9682478742306 57.9192154251305 166.922944234009 109.182972253565 80.7979793733369 116.592513953524 131.909533436144 17.551075738913 38.1512870822711 32.240482737833 149.596741757934 73.7897844827714 121.161410703852 18.9438873744917 64.3353274295721 112.177947473293 29.4408117512021 80.9234314624989 31.895846350616 21.0850710840244 19.1095972911896 17.9847573913793 64.1069163894177 11.3036036962657 8.86474618976318 93.5216433412266 63.69390677965 98.3776000226896 87.6820771366587 87.8840441479824 0 41.6856148765505 0 75.785357667043 135.121334884583 0 0 0 0 195.008728027344 159.483458821692 0 70.1688919115276 0 59.2336682571312 0 0 0 129.986149535746 84.9460434162 101.890574892821 0 0 130.17264018225 179.553936956561 203.329664166436 47.3843055478567 87.429692939821 92.1557406909869 170.18356126203 0 192.709822871419 87.7631114506851 0 0 108.98193803256 86.7624251842924
21.2706108348189 141.259944998096 123.545750336266 102.23789574139 37.9038336152746 45.8065927479079 41.9088746660428 25.3877780543902 103.612843961438 50.2930360499973 79.6199669087572 83.213013064396 70.915274281558 0 48.3312129430454 127.471445357618 128.093526474261 140.33195962431 142.975249869245 87.8960424929489 106.303250472467 107.676855299693 116.502534499985 100.372807699141 109.255457691154 135.946291039056 142.680395377679 98.1731988603911 30.1995055732638 68.3184583283934 115.27874919687 30.5876549239647 53.8850886861123 53.4598645377073 114.036933564336 78.0527453337388 85.9427252599108 66.0438003411084 90.0753337047573 49.4050949337678 49.4222105827447 70.3508269694207 193.071895702614 0 195.357024313832 165.749288996195 0 0 0 220.519651923302 169.730216474985 211.97492980957 214.831237792969 0 203.858245849609 189.379266321977 206.310421974862 113.915732883458 223.890960693359 0 135.421737670898 137.24990307979 213.319702819367 0 166.46879530046 197.912139892578 216.899978637695 175.235717773438 148.459671020508 175.551331134341 142.411178335301 177.63601160535 156.489286509479 159.989686963204 0 167.117348422111 169.598253236924 193.960460294398 199.280874319312 0 0 0 199.118572457766 147.286921001459
69.8119576293857 112.31537672837 156.167336146599 66.5287342339583 16.8125486183246 18.5153905645519 82.7547621449948 40.2469419383654 28.0313277921532 80.4103456095746 100.572873271273 20.826805401959 144.833715957355 48.3312129430454 0 145.185553249574 163.327577806402 0 146.515663571215 56.1867747242615 117.918301332518 76.0563794227464 137.190879842905 42.4174247053569 142.473039559523 166.743419695111 120.540251989367 76.7807634266867 57.825859433927 93.7614981098773 0 45.7937965144608 57.1287422180176 39.4856720017891 86.1571076415232 116.149082757389 135.941801826657 132.14340812762 105.789126763368 10.3417822525888 34.8427327981003 0 0 0 166.050226930817 0 83.4671249389648 0 0 152.526596069336 0 0 119.689674786003 0 0 122.201182720402 0 75.7421027003561 114.838920593262 0 74.2209747468998 0 0 0 0 0 0 0 105.825210680626 0 121.849305256156 0 102.400446534389 0 0 155.606399536133 115.318503164557 0 119.86596891365 0 0 0 0 115.224899291992
106.282942790512 67.1871781688435 86.682574424396 124.3042620433 152.871612548828 142.560820768964 86.4288617075106 126.320681930838 67.2337030214906 132.040263154173 150.304467339532 91.0584527771545 127.837727008292 127.471445357618 145.185553249574 0 102.30018646313 153.017361420492 132.776334130545 94.2291606045374 16.6309384573312 35.4287100767149 19.1732152324412 41.1407191381444 113.809842129059 111.571945683557 25.6810179502287 36.3833640254463 105.076174593057 77.6276613012945 161.394943237305 0 90.0350745312397 77.2403215359332 152.184370920439 77.7241206381954 61.9719565515004 79.4127286321272 84.0674695976767 89.6504338810225 91.1411984806433 107.229653546953 120.360373934016 96.9909395126287 122.370503662195 119.912136602331 132.422240096855 136.190612792969 0 142.780229444313 112.683783206655 126.670621810585 0 0 179.354995727539 135.319875500449 158.66488944909 108.500364517623 0 0 0 0 160.6885220298 169.277130126953 75.7016031738116 143.030794521892 0 230.83708190918 0 110.009747694011 58.3804235716463 97.4587463577606 113.16019551485 0 167.616725398733 81.290776252371 110.006617944959 152.170804015661 115.558089017681 198.48503112793 0 146.465704936014 109.830819095394 191.242174964246
109.647492852833 57.9218828124328 44.1091569120006 181.830066935368 127.869496361529 147.081460715332 109.21988318272 133.898035981473 121.917121797721 153.669920176503 57.0405960646412 148.448327670941 87.5337050745841 128.093526474261 163.327577806402 102.30018646313 0 52.6478886552725 22.5712568022235 176.782743145599 55.9947361854639 81.6604449895254 30.1249145399648 130.907343511695 75.1990702876504 42.6995982746136 68.4941776805142 114.27274607592 105.748612606672 77.9933164897532 92.7361441686318 146.973004089242 104.155329006617 36.28053633158 154.18987735864 87.9977578901548 59.4278224723115 50.329210510389 61.8142989966616 111.52839570039 119.233216952402 59.6575389604049 151.824746654482 126.798565947203 132.711142300741 145.911246306297 157.105953337381 0 0 178.804946899414 69.1938802651155 121.518150753251 0 0 0 0 0 152.616332101954 0 126.376531128398 0 142.222862954894 215.105476385424 0 146.991977238277 124.802953144571 134.457600135931 121.097756979793 0 152.501957918513 102.27443338755 145.746896418819 180.338659731182 110.493400180342 114.823425757925 110.766310859922 167.810291726961 217.055035691103 184.227731440792 0 0 0 120.333977565006 204.105758666992
141.20180249247 70.8068413485692 81.0938093941891 0 0 173.946525091888 156.869564331992 119.839509705261 144.254667467284 212.440795898438 23.0583865373878 176.626388549805 49.9682478742306 140.33195962431 0 153.017361420492 52.6478886552725 0 14.4537219360936 0 127.318474345951 110.472016378865 100.953557999551 160.009796174899 46.4941640199728 22.7239933406334 65.3946503547675 174.58564837422 114.594970418053 129.959878419314 58.2447897238246 87.7010345458984 108.150352478027 58.2417505896386 152.593320611334 95.3089945698795 50.5348109984607 58.2685814977047 75.6441110816403 89.41120269428 76.6408309936523 55.6860475392246 146.510440097968 100.081631672862 126.993045061816 178.791748046875 150.853637695312 0 0 0 100.510193858139 0 0 0 0 212.51513671875 0 159.124252767124 0 102.536637551908 0 82.6546430937979 211.654205322266 0 201.039672851562 117.764007568359 107.184103926668 112.250313258488 0 0 175.379089355469 170.146942464436 0 67.3763725347502 101.780349578327 105.170723756637 0 0 0 106.532804515977 0 0 123.107500984125 0
127.180540095144 56.2471158330436 65.3234257101671 0 78.1434173583984 139.723087352986 136.013866829687 135.337128723147 130.206814931707 171.594481360588 28.0212432325668 169.829458325286 57.9192154251305 142.975249869245 146.515663571215 132.776334130545 22.5712568022235 14.4537219360936 0 181.489517211914 93.779497060565 97.0521331338697 78.4473360986913 143.477024439892 47.9243118292136 26.9526377810345 65.6747012140013 145.284849019708 127.949901005165 112.210160564364 64.9628267152811 222.110488891602 123.487903999144 46.5048471211868 160.999962672918 91.0234229705964 54.8105203768261 55.8209652080704 70.3879894895696 118.242088187436 103.84028782587 68.7426260938757 136.889439450446 111.586214606544 122.827036037123 138.975985124701 165.683334350586 0 0 174.532730102539 80.120955895291 126.311610308934 0 0 0 0 0 174.883560180664 0 104.477404312002 0 84.1592647348024 232.353042602539 0 175.783208706639 120.065450602207 109.590733383032 108.368497936578 0 211.060424804688 130.710149775617 158.090276300093 189.434585495996 67.9829702053773 104.895152768097 106.219900884718 0 0 202.377276560715 124.916639422051 0 0 115.968670093041 174.820743547734
80.8891220552264 150.234739523272 140.134690543995 9.96562048134637 95.2556021533149 44.401016413869 50.0869687759385 86.9043448019627 48.8651889315277 15.0120154507284 154.916524434818 10.6809069963404 166.922944234009 87.8960424929489 56.1867747242615 94.2291606045374 176.782743145599 0 181.489517211914 0 106.064779871526 102.153549465311 133.015836421012 22.7033769525429 0 166.448069874525 146.81625070894 25.7138506605784 115.602547091515 107.189162226023 0 130.802234400433 94.9825991989826 119.957783234565 59.4565696250189 104.049174604551 0 104.195392596061 177.392349243164 60.0177318327568 114.641416297578 0 117.117945745717 0 151.283569335938 0 108.234332022215 0 0 0 0 0 29.826293601999 0 180.563568115234 140.563639276273 0 80.245872712153 157.987719650409 0 33.5539764738504 0 0 0 0 0 0 0 155.332890497649 165.84876900703 0 0 118.481621299873 0 0 188.377532958984 149.205155664304 0 0 0 0 0 0 0
90.5808306623421 106.868525346504 64.6339293290222 112.729177295282 162.624694824219 114.693147659064 76.2743617043814 108.32719889947 75.5117902840719 107.755317342315 107.549839402683 115.701740780655 109.182972253565 106.303250472467 117.918301332518 16.6309384573312 55.9947361854639 127.318474345951 93.779497060565 106.064779871526 0 60.6158345104384 37.9832306003347 39.423426289026 134.586745076232 100.018667286742 76.1480942633923 24.4063284225926 87.1689142884816 37.3638778605669 145.27864074707 144.703124595986 73.9257201530188 44.6382959195742 136.395795315054 72.4742594353952 64.9941076098054 63.3676284307135 75.6890818555839 87.3004506367965 94.0940288218413 121.572719736746 139.983119388737 116.040652046731 144.351522049705 146.64576725981 173.894679307867 148.439198453388 0 141.929957346418 114.264800436041 137.024597070643 169.186187744141 0 187.960083007812 168.610673091991 173.112020070719 86.465176790191 173.400405883789 150.813630297666 189.818786621094 165.518757118566 175.298450827651 0 116.883573596382 201.049224853516 184.070205688477 0 0 123.684443817361 77.4219630745428 124.001718697449 117.922303960007 163.127334594727 186.165542079209 131.944030698606 125.397936150283 173.873123537273 135.608907886901 195.471861109275 0 134.553802490234 136.287878457383 175.853952030683
96.4510417985672 28.6269419561291 74.3902540459257 99.9553122298308 114.067365811906 104.995618973653 87.7595956366405 114.562313941305 31.3748398876101 120.372685484781 101.763228264877 63.7598221426363 80.7979793733369 107.676855299693 76.0563794227464 35.4287100767149 81.6604449895254 110.472016378865 97.0521331338697 102.153549465311 60.6158345104384 0 60.5071216139828 35.3298207381703 64.4265301225315 90.2436300290632 41.0339281510798 60.3676651244922 94.2850808513947 67.5562213058972 117.391020825619 142.785824733938 74.564398170285 66.4946139796344 129.921825289645 65.7351609507676 49.3251479773618 66.3466616876037 70.4404073151926 75.117538429676 81.3944626900836 87.9804427581199 85.3391668084321 62.6488166098487 80.5114204203766 85.0004031826954 85.6310470240791 77.8417358398438 0 120.753356933594 49.2751963695937 75.3940102670814 87.7299880981445 0 182.197173847165 115.966013237645 139.912837286409 57.7634368105752 193.548791699853 112.031284325517 129.455947875977 108.432741814951 118.64549577909 0 58.3499776619037 87.5224593662352 128.934897769111 110.244911193848 159.452554729058 80.8626871729445 14.9856697756635 70.0263455382644 92.2012578460645 91.6971558939762 136.216116547375 71.6519291148512 97.0714459680295 139.667948831371 111.079855578579 152.434066772461 0 104.980412331481 82.0248629031905 148.459157786953
98.0651845420709 78.86039473383 35.5168277744436 122.500610831563 170.521485429258 122.278682305799 85.9564823034287 118.365409218807 91.620149439501 116.770296626591 97.1439045907721 121.887730654397 116.592513953524 116.502534499985 137.190879842905 19.1732152324412 30.1249145399648 100.953557999551 78.4473360986913 133.015836421012 37.9832306003347 60.5071216139828 0 71.2641739258494 122.806938825712 75.0452418905633 40.4290876570769 59.1313726196494 101.918965762425 61.0867050219836 126.399019567271 157.468085014871 84.9424724581656 53.2241777413687 140.041679338211 75.2485188296674 58.5174775443126 67.2519023229021 75.9824531474776 86.0049665521472 89.1553216310343 104.012315479856 133.448681581522 109.153813066618 128.640113526474 132.885921051713 151.995358489645 140.064960855966 157.198837280273 153.993312166286 94.312063871416 113.957277359648 200.622741699219 0 0 171.50720658576 178.183526328682 109.282891629138 0 0 211.150268554688 204.293492821148 179.135636946601 0 109.085886451654 136.98336181547 181.492404463519 186.034896663204 0 124.694004792627 74.5990106483836 118.883123734838 128.113200528746 104.439432590519 150.740531622463 112.528471581623 138.997853745465 174.84340582615 140.435568784435 209.738464355469 0 0 133.687977192999 164.2430429796
84.8052464102993 83.77108936954 98.03288824134 33.2876758821224 73.021191789337 75.9433585987839 52.7698118799831 98.7668888202634 25.3555038277248 62.18958119859 148.972933322469 23.6238942628471 131.909533436144 100.372807699141 42.4174247053569 41.1407191381444 130.907343511695 160.009796174899 143.477024439892 22.7033769525429 39.423426289026 35.3298207381703 71.2641739258494 0 115.656807219369 130.55950638635 78.5360852148632 18.1662688688236 94.4238773087974 71.160911316244 178.474413041247 141.800821863834 76.3558449484302 86.9142581891989 143.07053692576 83.1859003848189 97.4120562108998 93.2834949844654 108.599958322917 46.5615410571141 94.6037064368138 127.932898135582 123.705604280303 123.398764237998 140.274710585548 137.585201567288 102.055488479817 142.282993774665 0 134.476803838499 133.165281619235 137.465562384841 124.519783181882 0 131.403034492184 125.718923806194 149.566471098888 61.046883099405 130.457686106245 166.614337828403 96.4962001142814 159.695999857426 163.654870960513 105.775026307643 110.954440255546 166.44096165532 211.466068701797 166.494415283203 115.596472128231 118.38275998764 81.5836271758827 125.447978794247 93.8277435004007 150.333427524748 179.257549948726 133.573620062943 112.723638168756 158.572062335328 123.296567183155 0 0 137.622100266731 135.944321314656 187.631361888714
156.97616769713 24.1858565882802 86.4481365607478 0 166.689361681275 165.38755583425 153.403040593839 116.581938936327 104.410138690631 140.151458740234 33.1986040167302 129.601543585775 17.551075738913 109.255457691154 142.473039559523 113.809842129059 75.1990702876504 46.4941640199728 47.9243118292136 0 134.586745076232 64.4265301225315 122.806938825712 115.656807219369 0 44.3774239642465 31.3825399290005 142.537326061809 115.364396564939 154.743639410661 47.5428607438036 122.15013885498 0 56.0749875139348 156.176132202148 92.1513088725839 33.2062445173523 52.1591151677197 64.3129092712187 136.702264619606 71.3580392456476 15.2268333351071 113.144800495682 60.8634894456219 81.0992540657696 99.2130623227692 146.231460571289 0 39.3773334534675 126.275672912598 46.4684606811787 108.515498925246 0 0 230.983489990234 211.381408691406 239.885147094727 0 0 61.564356802733 0 45.0527972733113 139.685471681204 0 0 87.7952066060478 68.5359236807484 71.5575900829085 187.185287475586 95.1270599365234 80.755668142133 127.219380671097 0 27.2509868321521 70.5497132500611 67.921682337425 217.19010925293 152.398244081975 128.823684692383 72.4831797751594 0 0 83.1818782107171 0
126.639091270596 51.5024819448077 24.7565873427511 152.404571533203 127.663935439932 146.38633121934 125.665885999618 138.447521605242 125.886543799422 148.234572662874 33.284358830994 148.127422473085 38.1512870822711 135.946291039056 166.743419695111 111.571945683557 42.6995982746136 22.7239933406334 26.9526377810345 166.448069874525 100.018667286742 90.2436300290632 75.0452418905633 130.55950638635 44.3774239642465 0 32.8422795652488 124.637532821016 125.167210786594 107.199617601073 25.6002436278441 110.322829300012 127.067769449961 57.2721516371965 143.666157306543 85.0379753192062 52.8157057518953 62.5781277438203 68.0140378299187 108.411546306555 102.381907338722 63.4888784903196 151.652462191325 107.26096529353 118.378079748056 129.365501936525 141.930099487305 143.303924560547 104.139091319177 0 66.5609857542157 121.149936779337 0 0 0 183.925280619107 189.882760681994 180.008282807679 200.61311340332 98.9677489663847 0 83.4075174889847 167.06494140625 0 161.379976806149 116.262244375786 105.40362451954 99.7508711042691 0 171.702385879991 119.939613741062 148.059344877216 195.705673080204 64.1782392222726 99.4106752978551 100.468153805837 184.139079417526 185.860608179446 177.828415936772 115.7428502173 0 0 107.035054008913 169.192468444185
133.765145004213 31.1281503801681 35.011918667961 145.079729324465 148.937078994938 147.781713827594 113.536158755915 144.265600516427 93.8946915214908 135.340653905998 58.2142276051003 116.883437989584 32.240482737833 142.680395377679 120.540251989367 25.6810179502287 68.4941776805142 65.3946503547675 65.6747012140013 146.81625070894 76.1480942633923 41.0339281510798 40.4290876570769 78.5360852148632 31.3825399290005 32.8422795652488 0 79.5241206459435 130.188586659782 104.859975827449 21.0393955674485 126.908265578119 120.788658599239 71.0264124682738 148.933113556596 83.4411334575158 60.5153063440055 72.0072630535901 76.434167568861 92.984705757901 93.9700513841348 82.5897293864928 125.170552689822 97.0254635792767 111.802488656752 120.347166156984 139.186789665401 138.173105593357 75.294220242 165.006926707899 56.4228441429185 101.316805573332 0 0 0 171.213301812715 186.757984033809 134.379300320642 207.034092325575 107.677751964348 0 83.9094164052601 178.165050183714 0 107.313146585385 114.876316353701 103.061239977344 104.640904644405 0 136.871754184141 65.6017753155954 108.912592934575 149.840336805523 65.6801109904768 102.706899624301 96.9246704678369 152.68884985568 177.17581808207 143.788636903054 119.659568613073 0 160.740852110533 108.031433853671 165.395933424148
83.2321426599907 106.714524319482 84.4587581853934 16.5123286499252 119.155598016261 73.0655160433258 36.6608838286626 98.7330849662644 55.6485561794341 30.0932617397049 149.313582174174 44.8090344089006 149.596741757934 98.1731988603911 76.7807634266867 36.3833640254463 114.27274607592 174.58564837422 145.284849019708 25.7138506605784 24.4063284225926 60.3676651244922 59.1313726196494 18.1662688688236 142.537326061809 124.637532821016 79.5241206459435 0 93.3574123987377 48.2492433410542 0 143.043670452053 78.9196159427053 77.2759555698849 136.49622561936 81.432335729924 89.3701592434484 86.5758967055373 91.0775727562128 83.3787779839851 102.830925405653 127.611759789595 139.145991022455 140.082181244007 153.281464283369 161.228897748367 118.218429391759 153.296471056853 0 152.817776350133 138.933150987068 151.64478598069 103.505146440754 174.240708686514 155.347567345627 139.179355229746 166.244176252234 77.0985017407556 153.901729535498 0 103.047140859145 172.514633178711 171.569432032827 137.55959261681 124.97619478428 167.392986378916 0 0 126.501414566248 130.122988762489 86.2486206502718 135.413775708314 110.590538570685 0 176.829183208631 146.545541507613 129.215685035935 162.596656596977 144.648288155653 0 0 121.871233763195 150.726257462627 167.472402554523
19.1075055435667 129.675247196998 114.642894893656 122.082493744671 32.1292091256764 51.6346303903726 67.1514951125426 44.17968123328 90.9640522644783 109.95796043411 71.0836859948436 106.241491906874 73.7897844827714 30.1995055732638 57.825859433927 105.076174593057 105.748612606672 114.594970418053 127.949901005165 115.602547091515 87.1689142884816 94.2850808513947 101.918965762425 94.4238773087974 115.364396564939 125.167210786594 130.188586659782 93.3574123987377 0 30.5865478441155 134.223796657895 19.8903611685643 18.0840585526059 39.9590837062084 112.356398024506 62.5161350797696 72.227986213428 52.5170429743655 68.6263181897247 48.541310348289 39.8087975849141 71.4576023837136 169.578151650509 171.634949975773 181.09879203152 156.268820233971 149.114364624023 178.087014033895 0 0 163.826395589786 167.044320370409 0 0 209.030670166016 172.408950433813 203.890590114071 109.368508046325 179.215007542266 128.378875732422 0 212.693923950195 197.667576710189 0 144.722856921193 183.815036541133 0 0 174.592391967773 147.042252940506 104.081328154697 159.057961905803 142.235142133809 143.666473388672 157.453651939057 178.215568093838 152.524475245868 188.56614086088 168.23111627498 242.063598632812 0 190.616455078125 171.623314075761 135.211951142549
32.1075562094198 116.709746021611 81.5902733142051 108.883117828582 114.055185829208 86.4288552969112 25.7673285586192 74.9220170381592 71.4390186290493 97.4612044158587 112.978205794455 125.036077620508 121.161410703852 68.3184583283934 93.7614981098773 77.6276613012945 77.9933164897532 129.959878419314 112.210160564364 107.189162226023 37.3638778605669 67.5562213058972 61.0867050219836 71.160911316244 154.743639410661 107.199617601073 104.859975827449 48.2492433410542 30.5865478441155 0 180.473474787339 125.397921911285 53.0552117165153 40.5695960929739 139.345050108236 69.2463163183782 87.4314894374163 63.6412074667333 78.6990025913059 84.0285168094103 81.2150228371074 128.003757728763 145.267450521733 136.102366010115 164.591096439798 162.174746188018 176.363793962395 203.305304289366 0 151.869501617599 143.853280816599 155.758781720202 166.417282104492 0 188.695875659968 155.935725204316 179.045551462976 104.895503013232 190.402099609375 0 0 195.497955322266 169.682699781487 0 128.218868828247 176.971038565246 0 174.999934598147 0 132.791192890691 84.6157424512907 138.93597881217 128.33090605266 0 179.808431806092 146.886346680082 137.241631125091 183.094492413361 148.131750774146 0 0 200.292363221927 153.037748616264 166.490060919692
145.018203735352 72.0106013844853 100.212043670803 0 0 235.79426574707 156.125305175781 103.761426361881 141.243937810826 0 34.1364436811502 175.54248046875 18.9438873744917 115.27874919687 0 161.394943237305 92.7361441686318 58.2447897238246 64.9628267152811 0 145.27864074707 117.391020825619 126.399019567271 178.474413041247 47.5428607438036 25.6002436278441 21.0393955674485 0 134.223796657895 180.473474787339 0 0 0 75.9429659808503 0 121.126567864483 61.5506554880184 68.9662336117198 94.9526537011711 121.613243103027 0 63.1561806697102 0 110.797959577942 170.520248413086 0 0 0 0 0 89.8083644086293 0 0 0 0 0 0 0 0 102.942126925565 0 86.3923860724228 0 0 0 148.001371949316 107.095394446814 100.607200622559 0 0 0 0 0 72.6147313442242 117.211392720218 117.876137070236 0 0 0 105.806036079696 0 0 0 0
95.3608148229294 98.2721862792969 192.559009162767 164.019515991211 12.8783090882889 17.4995279793901 128.907231842409 19.0812993669063 130.145460901451 135.877843343808 64.8810945550355 114.860383469304 64.3353274295721 30.5876549239647 45.7937965144608 0 146.973004089242 87.7010345458984 222.110488891602 130.802234400433 144.703124595986 142.785824733938 157.468085014871 141.800821863834 122.15013885498 110.322829300012 126.908265578119 143.043670452053 19.8903611685643 125.397921911285 0 0 95.4707210033184 27.6092718356026 143.28143788937 81.7461402783365 85.8205314463357 50.7273128363779 56.601925427967 38.6292610003242 25.3438382729882 65.2492620792619 123.484130859375 237.975112915039 0 0 0 0 0 0 0 0 0 0 0 0 0 0 0 0 0 133.450820922852 0 0 0 0 0 0 0 0 0 0 199.039243398488 0 0 0 0 0 0 0 0 0 0 126.867652893066
41.885866410605 125.889906355987 113.398776906906 97.8770549392036 75.6265196898511 98.5999662788633 72.4264463777313 82.1357117543882 80.1752168330401 96.4244091204424 85.0549962301347 99.768812981366 112.177947473293 53.8850886861123 57.1287422180176 90.0350745312397 104.155329006617 108.150352478027 123.487903999144 94.9825991989826 73.9257201530188 74.564398170285 84.9424724581656 76.3558449484302 0 127.067769449961 120.788658599239 78.9196159427053 18.0840585526059 53.0552117165153 0 95.4707210033184 0 25.4516262190044 97.0942602628565 42.1148247834538 79.8360224369997 37.8602812748138 42.6089105403402 39.7327390526116 49.1621254391775 63.3124618530273 162.550272557278 125.798652648926 0 144.085525512695 0 0 0 0 0 0 0 0 0 0 199.012816468911 100.866943359375 0 0 0 0 0 0 141.405602510902 151.905212402344 0 0 0 143.576669403693 94.8346628969327 139.106297336257 139.899351690726 144.293319702148 0 151.107391135523 139.068128208033 189.079879760742 0 0 0 0 173.544904656821 130.483912224131
67.525113344726 58.1792529575211 64.4730707487173 114.524302286766 17.8795293741692 35.7440430510447 86.8157743389928 42.1621558283282 88.1476294616566 110.709039593514 24.1645864802539 107.368310904004 29.4408117512021 53.4598645377073 39.4856720017891 77.2403215359332 36.28053633158 58.2417505896386 46.5048471211868 119.957783234565 44.6382959195742 66.4946139796344 53.2241777413687 86.9142581891989 56.0749875139348 57.2721516371965 71.0264124682738 77.2759555698849 39.9590837062084 40.5695960929739 75.9429659808503 27.6092718356026 25.4516262190044 0 104.585085963076 52.4590787128227 31.6908213138852 19.3127528686375 39.1428681841827 34.1962177315356 12.6380770519649 23.3367491948816 146.512989557605 108.109203512791 128.800523982359 146.99974215517 154.286861604538 132.529067993164 95.990608215332 0 70.7892052837725 119.134535428712 0 0 207.913482666016 160.837158383193 191.522155761719 118.170993820153 0 115.138600059623 0 106.114746691789 191.634363065694 0 115.973391548676 129.096727115923 124.369379775941 109.631005042809 0 140.409595824771 95.3292510615868 128.076454395298 132.739416588199 83.4785959152336 111.485795638839 111.532033170809 144.669406844361 189.301193237305 146.918716446266 129.612646888444 0 0 120.354630891074 123.371556946017
