0 7.63933357596397 124.761669546366 15.5232678055763 15.9851320683956 272.588316917419 4644.61029684544 2442.01974958181 96.1756123304367 171.955462276936 53.4906605184078 20.8356485664845 4.13915449380875 12302.393034637 10.3930080533028 30.4094572663307 141.633558183908 8.90920382738113 32.2595475018024 6.29890733957291 205.207010865211 23.6072165668011 277.91093146801 249.851540207863 1.4658075273037 87.7105566561222 78.2027527391911 659.613935232162 9661.64024835825 4085.29371845722 0 21.0774528086185 345.025663554668 509.203108400106 21.4396425485611 278.028744161129 18.388537555933 275.95251083374 41.9428517520428 65.0626274049282 64.4354494810104 8.31986045837402 1.48673260211945 0 3.41915452480316 0 0 0 0 0 0 0 0 0 0 6.81650251150131 1.0153124332428 11.9823505580425 1.51092863082886 0 0 0 2.28723523020744 0 14.1820315420628 0.955184876918793 0 1.4653148651123 0 7.66936385631561 8.98214358091354 6.35494303703308 31.0126682519913 0 0.991392850875854 1.66838389635086 33.402696698904 9.86902675032616 27.3173794746399 0 0 3.26024776697159 0.550701022148132 4.15844023227692
7.63933357596397 0 353.157272160053 0 4.01317182183266 3.38283878564835 18.1545539796352 9.96404486894608 907.142269968987 2.04087746143341 256.791963875294 10.3637439608574 1095.80165192485 15.1880410909653 25.0215198993683 128.697739303112 414.668725460768 76.6467896103859 236.927665859461 1.09923410415649 33.0393480062485 2939.69435170293 135.746629863977 510.189799189568 2448.13254711032 1493.42354252934 8455.41058531404 59.7945639789104 21.2871213555336 31.9900031685829 42.1746097207069 3.10291403532028 3.26574832201004 282.774655848742 14.5206196606159 471.084696292877 319.087966352701 787.847824305296 173.686982125044 50.0632987618446 12.9469517469406 252.281926095486 19.0738228559494 20.4728012681007 25.5829712748528 11.9626516103745 0 1.4747656583786 0 0 165.429937303066 20.0744860172272 0 0 0.639772355556488 3.02455484867096 0 2.30351114273071 1.02445900440216 8.28254693746567 0 17.8623722195625 0.571392774581909 0 2.90100759267807 1.92429965734482 7.18180567026138 9.17233353853226 0 0 23.1382578611374 14.3877047300339 3.86647272109985 15.0251561403275 77.1467610299587 326.787395477295 3.33914458751678 0 2.59986698627472 2.00972157716751 0 0.607578992843628 7.30183112621307 9.90105134248734
124.761669546366 353.157272160053 0 6.07405623793602 5.08509042859077 55.8182887136936 1042.06268319488 168.88767427206 64.8039066493511 35.6422017514706 207.529298245907 8.97029748558998 24.8539986610413 188.41916897893 3.18034374713898 100.854986488819 4149.29086610675 129.833865255117 559.680118978024 3.91531825065613 1548.19664946198 353.622366070747 13284.2378280163 212.036264628172 34.1394988298416 11664.1712591648 9570.54681226611 1393.92278322577 184.410208255053 658.016045719385 8.23940634727478 5.26392313838005 29.0713487863541 1060.54822942615 103.319822490215 2787.29614791274 832.63677239418 3190.99572822452 861.904849380255 143.446774244308 97.6281398236752 14.3056693673134 55.7065781354904 22.0402715802193 97.0287837386131 27.9066411852837 6.51355773210526 0 0 0 157.357293665409 89.3197460174561 0 0 0 3.87724238634109 0 6.41736570000648 2.85344183444977 1.37046980857849 0 1.57295179367065 1.5960698723793 0 28.4658215045929 3.07093155384064 0 1.73919570446014 0 8.00704020261765 97.1715008616447 115.716825962067 18.4952858686447 8.30822741985321 58.9368413984776 1038.08688920736 12.6656005084515 0.628409385681152 38.4609783291817 0 0 0 8.64215731620789 34.0033213198185
15.5232678055763 0 6.07405623793602 0 2.44463923573494 190.986939966679 375.949497610331 38.4781758487225 208.576209664345 10690.9131180942 1.52325260639191 3001.98944744468 0 25.0478042960167 45.840426504612 7.73113620281219 2.68399024009705 0 0 21187.8467049599 5.73497819900513 2.64179369807243 8.93043094873428 2636.27976885438 0.887170255184174 2.06369423866272 3.53921762108803 14169.3783734739 14.1212777793407 8.1409617960453 0 0 1.45752149820328 18.6670148074627 37.4455753564835 23.9487312138081 0.617255389690399 15.4213572740555 6.52413421869278 56.7871644794941 3.68072897195816 0 0 0 1.72921812534332 0 15.3528055250645 0 0 0 1.84126096963882 0 204.239417225122 2.45749318599701 13.5549607276917 37.2638216912746 3.26071614027023 31.079318344593 86.6537297070026 0 68.7201054692268 0 4.5549311041832 7.23863953351974 3.13774108886719 0 0 0 43.6769815087318 0 0.533203542232513 0 89.1149346232414 2.39328920841217 0 0 120.174786388874 0.997929215431213 0 0 0 0 1.67657893896103 1.23765885829926
15.9851320683956 4.01317182183266 5.08509042859077 2.44463923573494 0 1711.84688928723 24.5682128369808 784.507355779409 98.3950064480305 22.2308004796505 67.3121396303177 72.565122872591 13.6546229124069 269.471315741539 2264.07858759165 0.980513215065002 1.37891137599945 1.86648291349411 4.15762358903885 3.14393842220306 6.85070791840553 10.8264143168926 13.4283070862293 54.0593446493149 0 11.2566397190094 13.3076875507832 18.7910873293877 524.795470893383 8.56782510876656 1.30249059200287 2006.61626678705 0.788268983364105 1633.5082269311 24.7912264764309 94.8719165325165 12.3412581682205 164.567144334316 49.5175145864487 6520.1530687511 4073.82250899076 13.7503222227097 0 0 0 0 0 0 1.51181876659393 0 0 0.440637588500977 1.34692847728729 0 2.07241934537888 0 0 1.23076617717743 0.86726313829422 0 2.48345547914505 0 0 0 0 0 0 0 1.41435313224792 0 0 0 1.80788266658783 0 0 0 3.19598868489265 0 0 0 0 0 0 9.70979130268097
272.588316917419 3.38283878564835 55.8182887136936 190.986939966679 1711.84688928723 0 4420.19331437349 17082.1425552666 300.337415993214 12518.9846992195 132.103074520826 5933.92745625973 32.4046615660191 2649.02785047889 3028.25728031993 13.9713197648525 19.8584873378277 5.92863166332245 9.91991823911667 285.084812641144 55.9136939942837 10.453212916851 112.13465744257 343.469083666801 2.04236513376236 40.1695210635662 47.1687968969345 1296.98818686604 902.50853818655 202.614060372114 0.529756188392639 3349.90214419365 10.177742511034 738.171145766973 1261.11098605394 268.534118443727 22.2205175459385 246.741104215384 73.7243749201298 4439.86489203572 906.130517721176 19.5347347855568 5.17725056409836 0 1.02245211601257 0 24.5987863242626 0 0.862373113632202 1.75982567667961 0 0 13.2146551907063 0 8.58224180340767 22.9402861893177 2.27716144919395 25.086227953434 20.139298170805 0 19.8811306357384 0 0.461955577135086 5.69800710678101 4.0211455821991 0 0 0 5.83916932344437 0.994545519351959 3.81210255622864 2.83394587039948 29.1036456525326 0 0 3.12477260828018 51.2306685745716 7.63055795431137 3.3058163523674 0 0 0 0 5.47156298160553
4644.61029684544 18.1545539796352 1042.06268319488 375.949497610331 24.5682128369808 4420.19331437349 0 4627.30299469829 494.267001837492 18217.4806607366 76.3710001409054 904.661722689867 8.85799476504326 6725.07018855214 116.668833494186 115.378178864717 307.000493735075 16.8990557789803 65.5028846263885 154.396418362856 1228.285815835 93.8138656318188 1822.49913108349 2338.00902345777 3.63397827744484 397.680106401443 429.279675751925 18946.2200577557 1450.69013431668 10723.350456655 0 26.7997875511646 130.357037574053 627.070436388254 210.689851403236 1075.57641664147 46.063077300787 531.918139278889 137.546940863132 264.702469736338 128.322197169065 7.98155975341797 23.9844104647636 1.27900457382202 10.070216178894 3.71007880568504 13.224997729063 3.51456391811371 0 0.750449419021606 3.45376971364021 5.00482225418091 21.1229820549488 0 12.7999526262283 67.6362601518631 4.44423186779022 49.3755737841129 39.2301337122917 0 17.1019166707993 0 17.304379016161 7.66541802883148 30.1795694231987 0 1.04267060756683 0 10.5064128637314 16.8635085821152 13.2612305283546 23.2095111906528 169.280196398497 0 2.12679356336594 39.7767349779606 185.169115126133 16.9588601589203 38.878871679306 0.590330839157104 0 3.77609598636627 5.67652794718742 13.2295809090137
2442.01974958181 9.96404486894608 168.88767427206 38.4781758487225 784.507355779409 17082.1425552666 4627.30299469829 0 121.074953615665 4275.22754070163 493.579915642738 832.127442866564 85.6417731642723 18963.4396896958 619.857853472233 26.6361531615257 120.358188450336 21.4409097135067 44.5622071027756 96.3384080529213 187.792909681797 27.2537205219269 289.033602952957 313.686881452799 10.9771571159363 164.367257714272 117.073117256165 913.420256108046 1788.18480801582 1042.14846256375 4.77600640058517 1688.55797028542 25.0065454244614 1606.67713952065 150.203966230154 527.701344043016 53.6752279698849 683.770185977221 147.009181886911 1382.8271241188 1027.61315646768 50.6020606160164 1.40316134691238 0 5.98212224245071 1.95455634593964 5.31453239917755 0 1.14244019985199 0.505120098590851 1.46621853113174 0 6.46646377444267 0 1.51853597164154 8.60389947891235 0.605347394943237 10.2937025725842 9.03702688217163 0 3.50002557039261 0.937949478626251 0 0.516677737236023 7.27609771490097 0 1.23494029045105 0 0 4.71930032968521 7.78615787625313 2.29164332151413 49.714491546154 0 2.89088261127472 10.1350130438805 32.8327176272869 4.41153866052628 14.3963341116905 0 0 1.35312080383301 0.558359801769257 5.25551411509514
96.1756123304367 907.142269968987 64.8039066493511 208.576209664345 98.3950064480305 300.337415993214 494.267001837492 121.074953615665 0 362.162185579538 51.1903110146523 1478.83885547519 193.461776673794 104.807107239962 972.99989181757 206.157603353262 42.4656622409821 20.0803359150887 28.2121595144272 166.459371626377 124.955204069614 3705.32931756973 160.459293335676 10892.5959047973 250.036561757326 199.130247712135 846.129783838987 2198.75186005235 246.074430286884 281.595272213221 4.91948580741882 0.545491337776184 71.6249470710754 150.454376459122 40.0156624913216 418.138352066278 44.9160119891167 132.498216480017 40.1211341321468 2090.40248435736 20.391952931881 30.7694594562054 18.2315961122513 0 10.2487818598747 2.27717989683151 63.55187946558 1.18109738826752 2.8339147567749 1.17196187376976 9.09697085618973 0 65.1712940335274 3.69373461604118 25.9811851084232 57.0849449634552 10.7564390599728 135.819827765226 107.879931181669 0.891369700431824 70.8174039721489 3.09383475780487 6.75564193725586 30.6949166059494 46.9437128901482 0 0.683495104312897 0 28.6339981555939 32.6758027672768 33.872345328331 27.0850422680378 221.835264801979 1.04580187797546 6.20978665351868 52.3101052343845 191.618133664131 19.1585483253002 63.7949804961681 0 0 3.45254987478256 5.16817799210548 9.33311635255814
171.955462276936 2.04087746143341 35.6422017514706 10690.9131180942 22.2308004796505 12518.9846992195 18217.4806607366 4275.22754070163 362.162185579538 0 37.6913314461708 17805.1933617294 7.26659464836121 1653.57575812936 177.463782012463 17.244740575552 10.9474592804909 0 2.86638933420181 24146.9106599987 37.8630555272102 11.1000164151192 74.8366142809391 1335.15209743381 1.00287556648254 24.4011418223381 36.730089277029 10126.342970103 400.521301954985 63.8215193450451 0 14.6794123053551 16.2734584510326 221.700766891241 1130.43429026008 484.794196844101 15.2093089818954 177.759321063757 41.9988518059254 297.069779932499 93.7705335617065 5.84491086006165 2.79067975282669 0 1.87982791662216 0 35.9595739245415 0 0 1.64466232061386 0 0 376.070717632771 1.15528804063797 22.7527374327183 62.8924178779125 3.69475609064102 57.0819358825684 109.926919788122 0 581.555173099041 0 7.60647821426392 14.4164642393589 4.19563359022141 0 1.1269416809082 0 28.0739943385124 2.63660767674446 8.11891523003578 1.83877128362656 123.824193477631 0 0.528081357479095 4.72485944628716 151.7871991992 2.89171731472015 5.92967337369919 0 0 1.17343306541443 4.57603004574776 7.93490573763847
53.4906605184078 256.791963875294 207.529298245907 1.52325260639191 67.3121396303177 132.103074520826 76.3710001409054 493.579915642738 51.1903110146523 37.6913314461708 0 22.3161021173 6581.02600744367 569.098271399736 5.66639575362206 9.22250407934189 693.188864678144 5431.00109627843 4408.90591329336 5.25256669521332 85.149001210928 80.7346539795399 259.70614618063 34.6814747154713 1331.32444003224 9526.92155256867 2243.53517970443 43.6522420942783 565.641769558191 103.225469917059 813.514041513205 135.931716561317 15.9744302034378 9205.22947794199 10.9047768414021 396.416784107685 4208.82110536098 7936.36814263463 255.203099608421 54.2502952814102 48.979698240757 3019.82328313589 6.36845874786377 62.6307771205902 36.5117276906967 9.68758022785187 0 0 4.8354264497757 0 22.8133453726768 3.33058214187622 0 0 0 0 0 1.38867282867432 0.790021181106567 107.032586157322 0 298.832520157099 0 0 2.93087282776833 2.06558471918106 80.1105818450451 22.159869581461 0 0 5.23048910498619 2.08180260658264 0 134.925372630358 207.745454460382 251.367952108383 1.0438985824585 0 1.02559125423431 35.2887742817402 0 0 9.68435832858086 7.45033395290375
20.8356485664845 10.3637439608574 8.97029748558998 3001.98944744468 72.565122872591 5933.92745625973 904.661722689867 832.127442866564 1478.83885547519 17805.1933617294 22.3161021173 0 4.96932169795036 225.963802903891 2984.24817290902 4.24902784824371 1.97322106361389 0 0 25736.4276099503 6.09333166480064 40.3751246631145 9.6781607568264 1374.56276750565 5.26023069024086 5.55204057693481 26.5856152176857 1672.27521276474 70.3497359454632 12.4294983148575 0.469373822212219 16.6982963085175 2.76957976818085 81.6600147485733 2470.68032714725 58.0040078163147 5.29134297370911 51.7364993095398 14.1028289198875 1773.64001300931 31.9704150259495 1.76857894659042 0 0 0.716987252235413 0 66.2501943707466 0 0 0 0 0 362.903706610203 2.61803692579269 17.5759095549583 23.4987062811852 3.57296878099442 44.3017724752426 61.5531288087368 0.709119319915771 261.549948215485 0 5.44359555840492 20.1760900914669 1.43818181753159 0 0 0 29.3586448132992 0 2.86139345169067 1.94955384731293 88.1794590055943 0 0 1.5344455242157 93.4253335893154 2.71664655208588 0 0 0 0 0 2.76831376552582
4.13915449380875 1095.80165192485 24.8539986610413 0 13.6546229124069 32.4046615660191 8.85799476504326 85.6417731642723 193.461776673794 7.26659464836121 6581.02600744367 4.96932169795036 0 80.6489907205105 6.60150682926178 10.883463293314 25.7948127686977 378.159053295851 136.72646984458 0 6.07225647568703 425.696484982967 22.1039374768734 63.8652110397816 6310.21295276284 2967.55908027291 6008.95658525825 14.8077289164066 62.281339764595 6.91143682599068 3534.05742105842 26.9619722962379 1.54915609955788 899.330498963594 25.0866806805134 634.474916696548 3075.96991127729 1736.18052110076 381.796309679747 26.6702725291252 265.079123914242 5001.70239984989 20.8448864817619 170.02779969573 118.375606179237 74.6638824939728 1.0050253868103 17.0653339028358 35.3720316290855 0 36.4260287880898 1.19056910276413 0 0 0 1.89510148763657 3.22752422094345 0 0 288.962872087955 0 639.16145953536 0.898800611495972 0 1.77316677570343 5.06451314687729 128.600349336863 28.9337082207203 0 0.519499957561493 7.38220340013504 1.5877198278904 0.443964779376984 280.826914459467 342.219745963812 384.522128492594 1.21643948554993 1.5002800822258 0 61.0043366849422 0 0 36.0101859867573 22.2409918606281
12302.393034637 15.1880410909653 188.41916897893 25.0478042960167 269.471315741539 2649.02785047889 6725.07018855214 18963.4396896958 104.807107239962 1653.57575812936 569.098271399736 225.963802903891 80.6489907205105 0 105.768051087856 23.3930613100529 169.392192751169 43.1610899269581 45.3011129796505 41.3567248880863 260.219523757696 33.6985957026482 400.251182168722 368.317665189505 15.0846437215805 214.733687311411 173.074524581432 1007.00039231777 9110.86881715059 2280.10549160838 4.97270315885544 1309.4961630702 76.8153678178787 2104.56700870395 91.2569125592709 851.259050130844 79.6152229309082 866.155110120773 136.662462323904 427.00140324235 514.252933442593 43.0445688962936 6.00717309117317 2.60802590847015 2.14270848035812 1.66938781738281 2.31469282507896 0 0.66699743270874 0.992746412754059 1.09976613521576 0.965247929096222 0 0 0.77355819940567 10.8829236924648 0 7.7797669172287 1.98120373487473 0 0.364800244569778 3.34271997213364 2.92307889461517 0.900848746299744 13.5871167480946 0 0 0 0 8.44960922002792 6.45034593343735 8.25829321146011 59.9210349023342 0 5.19093334674835 13.635256588459 47.589668571949 7.11675047874451 24.0645833313465 0.529091477394104 0 1.93636077642441 1.88884955644608 9.56790602207184
10.3930080533028 25.0215198993683 3.18034374713898 45.840426504612 2264.07858759165 3028.25728031993 116.668833494186 619.857853472233 972.99989181757 177.463782012463 5.66639575362206 2984.24817290902 6.60150682926178 105.768051087856 0 6.83503597974777 1.63995814323425 0.671714663505554 2.21189337968826 66.7847544252872 10.412910848856 94.6636154651642 17.8365621268749 503.323415130377 6.10191380977631 9.61423581838608 31.4448537230492 139.914399176836 53.1237562894821 15.7229378819466 0 161.22559273243 0.95010769367218 93.8440009653568 178.030429005623 25.6191818714142 6.64318659901619 20.7964556515217 5.72446095943451 9319.21792823076 63.8312142193317 0.82795912027359 0 0 1.92575734853745 0 21.1888718008995 0 0 0 0.481689423322678 0 3.969407081604 4.28724479675293 2.30225896835327 3.89105039834976 2.46840208768845 17.7859527468681 13.0220243930817 0 24.5428476929665 0 2.42924481630325 6.08710885047913 0.51996260881424 0 0 0 4.69780588150024 0 0 0 9.66855877637863 0 0 3.53918814659119 12.8364222049713 0.932297050952911 0 0 0 0 0 37.9503679871559
30.4094572663307 128.697739303112 100.854986488819 7.73113620281219 0.980513215065002 13.9713197648525 115.378178864717 26.6361531615257 206.157603353262 17.244740575552 9.22250407934189 4.24902784824371 10.883463293314 23.3930613100529 6.83503597974777 0 50.5996755957603 0.46210378408432 12.1292636692524 1.01813519001007 11503.3703325093 3066.37433731556 20777.6361001432 2763.33041989803 17.9915272295475 41.2684494554996 6977.12610545754 4284.04667177796 163.592655986547 287.505857437849 0 1.04807642102242 53.5666981637478 354.021490603685 109.359412431717 1554.7563893795 135.639827877283 485.64708840847 177.359521150589 131.43897947669 31.6092335879803 4.28841128945351 25.8517562150955 8.58138102293015 15.8887961506844 5.90589863061905 1.253189265728 0 0 0.852819442749023 3.3185088634491 21.3676990866661 0 0 0.542231917381287 17.1605523228645 1.49285489320755 12.1268527209759 4.2849312722683 0 2.66600465774536 0.766496956348419 0.673374533653259 0 484.328680098057 1.59726971387863 0 1.64571893215179 0.389088273048401 100.440058320761 347.418193012476 735.098785787821 57.306283146143 0 3.18890601396561 261.177499353886 67.3083955943584 12.5990232825279 363.871552228928 0 0 0 2.94403445720673 9.86416938900948
141.633558183908 414.668725460768 4149.29086610675 2.68399024009705 1.37891137599945 19.8584873378277 307.000493735075 120.358188450336 42.4656622409821 10.9474592804909 693.188864678144 1.97322106361389 25.7948127686977 169.392192751169 1.63995814323425 50.5996755957603 0 581.551885962486 7731.04498371482 0.848999440670013 1265.52367761731 186.025644659996 9353.88800904155 84.1233921945095 35.5280694365501 6205.30430811644 3070.95013424754 292.850712269545 300.97037011385 1127.74982616305 10.3887957334518 2.28545409440994 35.6137556731701 1398.12693327665 17.2508789300919 344.728648334742 84.468318939209 971.538421422243 122.182673960924 23.2035037279129 25.1750857532024 2.67237079143524 10.5972517132759 8.46823585033417 20.8603788018227 3.44152826070786 0 0 0.578234672546387 0 54.407193005085 17.2442715167999 0 0 0.444583714008331 0 0 1.44529277086258 0 5.16346442699432 0 3.69515311717987 0 0.682791650295258 4.08481502532959 1.10176873207092 3.63059520721436 4.06759375333786 0 2.26810219883919 5.7586635351181 15.8407515585423 3.98803037405014 1.32098948955536 57.6427972912788 199.042272925377 4.06886154413223 0 3.84417307376862 0.446891605854034 0 0 2.79123878479004 1.78307217359543
8.90920382738113 76.6467896103859 129.833865255117 0 1.86648291349411 5.92863166332245 16.8990557789803 21.4409097135067 20.0803359150887 0 5431.00109627843 0 378.159053295851 43.1610899269581 0.671714663505554 0.46210378408432 581.551885962486 0 6053.01738101244 0 21.407151132822 31.4342546463013 105.846346288919 10.8476698100567 376.954035699368 6605.15237525105 1076.37956020236 15.9137235283852 44.115698069334 33.8861861824989 126.712377786636 9.95034086704254 4.22371223568916 384.985372930765 2.3119293153286 137.641325056553 198.768705815077 666.360004037619 90.6288576722145 5.46702256798744 5.20798635482788 16.8049163818359 6.64458775520325 10.7923725247383 28.2340225279331 3.36396384239197 0 1.03717720508575 2.07917153835297 0 13.8906070590019 2.60561907291412 0 0 0 0 0 0 0 41.5577590465546 0 72.1020773947239 0.732944786548615 0 0.803144872188568 0 41.7095732092857 14.5008354783058 0 0 0 2.00379931926727 0 46.2868503034115 134.273609429598 134.452114790678 0.498152792453766 0 1.14396417140961 16.1829202771187 0 0 4.450738042593 1.89515706896782
32.2595475018024 236.927665859461 559.680118978024 0 4.15762358903885 9.91991823911667 65.5028846263885 44.5622071027756 28.2121595144272 2.86638933420181 4408.90591329336 0 136.72646984458 45.3011129796505 2.21189337968826 12.1292636692524 7731.04498371482 6053.01738101244 0 1.00021409988403 145.90174382925 66.0992289483547 682.491526603699 13.975637793541 244.237216562033 7871.50188329816 2016.08308753371 54.4600026905537 98.5990575551987 174.684525936842 43.7502130866051 3.81655830144882 7.70806106925011 943.094274044037 2.63014233112335 156.37312579155 144.991760462523 856.333791345358 68.6527890861034 8.92977729439735 6.28273954987526 7.7079268693924 5.12399888038635 10.5419082641602 20.8124330639839 1.66352534294128 0 0 0 0 25.1629568934441 8.71337294578552 0 0 0 0 0 0 0 8.77588802576065 0 14.9116868972778 1.16283202171326 0 0 0 18.4191024899483 13.3897975087166 0 0 2.23748993873596 4.33237516880035 2.21904408931732 25.2476055026054 111.853277146816 201.526416361332 0 0 1.77016520500183 3.55512827634811 0 0 8.53619492053986 1.11557865142822
6.29890733957291 1.09923410415649 3.91531825065613 21187.8467049599 3.14393842220306 285.084812641144 154.396418362856 96.3384080529213 166.459371626377 24146.9106599987 5.25256669521332 25736.4276099503 0 41.3567248880863 66.7847544252872 1.01813519001007 0.848999440670013 0 1.00021409988403 0 2.18537399172783 0.55522084236145 5.59581393003464 809.36519613862 0.408787310123444 1.74843901395798 4.13859805464745 5042.04844275117 34.8528414368629 3.30293926596642 0 1.28966343402863 0.809980750083923 21.1632258892059 114.579343914986 50.0709349811077 0.829288721084595 14.9098854064941 5.54485583305359 98.3314136266708 7.69531956315041 0 1.72805166244507 0 0 0 12.5037895739079 0 0 0 0 0 216.782931745052 1.40832197666168 3.06893849372864 11.2727139592171 1.41489464044571 18.7151146531105 29.264512360096 0 213.396751344204 0 0 6.32228392362595 1.2361204624176 0 0 0 5.15293353796005 0.564529895782471 0 0 45.8537376224995 0 0 0.491901159286499 33.1103738546371 1.54263007640839 0 0 0 0.956899762153625 0.344156056642532 1.8991494178772
205.207010865211 33.0393480062485 1548.19664946198 5.73497819900513 6.85070791840553 55.9136939942837 1228.285815835 187.792909681797 124.955204069614 37.8630555272102 85.149001210928 6.09333166480064 6.07225647568703 260.219523757696 10.412910848856 11503.3703325093 1265.52367761731 21.407151132822 145.90174382925 2.18537399172783 0 404.515134215355 23134.1275107265 1453.75973653793 4.413689494133 377.961290299892 1040.97659289837 10871.0036892593 743.316045939922 14920.7299466133 0.796195864677429 3.2391509115696 189.6908659935 3562.18782451749 210.397576928139 3136.98060697317 128.201875150204 1984.69712799788 450.699586123228 246.724742859602 95.7625670731068 3.58372163772583 23.633203625679 3.14629143476486 8.29169887304306 1.81160387396812 0.610333144664764 0 0 1.56494534015656 3.94135797023773 7.94396620988846 0 0 0 7.9487666785717 0.369210302829742 13.5858582556248 0.908082127571106 0 1.1497745513916 0 0.922242701053619 0 170.187834858894 0 0 0 0.770369291305542 81.0750112831593 99.2397540807724 160.846209317446 48.5500757396221 0 5.87772151827812 66.513342320919 47.7628754377365 9.71191537380219 138.06035810709 0.397810369729996 0 2.7784720659256 0.619788646697998 29.6455840170383
23.6072165668011 2939.69435170293 353.622366070747 2.64179369807243 10.8264143168926 10.453212916851 93.8138656318188 27.2537205219269 3705.32931756973 11.1000164151192 80.7346539795399 40.3751246631145 425.696484982967 33.6985957026482 94.6636154651642 3066.37433731556 186.025644659996 31.4342546463013 66.0992289483547 0.55522084236145 404.515134215355 0 1382.55938306451 5210.92663893104 591.363949984312 372.992127746344 5901.46401458979 722.687358886003 102.874459028244 179.755870014429 15.1466214954853 1.05648815631866 31.1488822996616 289.583598345518 58.8836991488934 1288.69543233514 343.368735969067 765.094000637531 203.244809150696 216.047984361649 37.9486664831638 89.206971257925 15.0251793861389 21.4375311732292 30.4688152372837 12.5721965432167 1.19288057088852 1.27156710624695 0 0.839445292949677 54.7968888282776 11.8767591714859 3.20092487335205 0 3.1504947245121 3.30657485127449 2.28308981657028 13.8843496441841 3.9348971247673 0 0.859006583690643 6.62668526172638 2.4842444062233 0.343037188053131 162.23057103157 1.44724154472351 0 2.52614617347717 0.777095317840576 23.2828343510628 227.2560788095 265.505359500647 35.0916210711002 4.09015244245529 21.6785360872746 320.964071393013 33.8910129070282 5.58308285474777 138.734808862209 2.16071128845215 0 0 6.80310815572739 10.0730011165142
277.91093146801 135.746629863977 13284.2378280163 8.93043094873428 13.4283070862293 112.13465744257 1822.49913108349 289.033602952957 160.459293335676 74.8366142809391 259.70614618063 9.6781607568264 22.1039374768734 400.251182168722 17.8365621268749 20777.6361001432 9353.88800904155 105.846346288919 682.491526603699 5.59581393003464 23134.1275107265 1382.55938306451 0 1578.41944795847 26.1562475264072 1974.17387148738 10201.1785371304 8975.4768846333 762.237633228302 5174.75572264194 2.43403711915016 18.0169015824795 209.66569468379 4580.52130913734 617.886519610882 9749.72324433923 1030.65052476525 5717.42233544588 1720.75665399432 932.459137886763 214.511804163456 25.4684447646141 92.1169638633728 25.697678476572 87.9053961932659 34.6438825130463 8.10711607336998 3.97762358188629 0 0 32.4881417155266 55.8118657171726 0.945402503013611 0 5.59748828411102 19.9698072075844 1.05353501439095 10.8808040320873 2.24606963992119 0.801428914070129 0.409931480884552 0 4.94489496946335 0.55735170841217 550.167956769466 0.764003992080688 2.06714880466461 0 0.50710141658783 82.3974083662033 403.671269506216 1029.72688645124 87.242793649435 0 13.6432982683182 976.920982807875 85.7486383616924 6.70544728636742 408.231189608574 0 0 0.799701690673828 12.4163945913315 161.534519851208
249.851540207863 510.189799189568 212.036264628172 2636.27976885438 54.0593446493149 343.469083666801 2338.00902345777 313.686881452799 10892.5959047973 1335.15209743381 34.6814747154713 1374.56276750565 63.8652110397816 368.317665189505 503.323415130377 2763.33041989803 84.1233921945095 10.8476698100567 13.975637793541 809.36519613862 1453.75973653793 5210.92663893104 1578.41944795847 0 115.946697235107 130.335289537907 2172.48324140906 24926.2224272192 835.17278021574 895.019163966179 5.58950105309486 9.48298248648643 219.282660573721 415.357205599546 106.635914295912 1425.30263340473 87.6750743091106 346.73145750165 130.271047115326 792.39010605216 61.4116504192352 11.6053568720818 152.228925287724 5.14536732435226 44.8219065070152 16.8016723692417 100.999123185873 7.88628685474396 0 20.5326927304268 15.6045814752579 11.4868142902851 184.010819345713 1.78081464767456 83.9161291718483 392.477936297655 36.3546707630157 370.108189404011 389.780477195978 1.95845830440521 117.775872677565 0 73.5843214988708 42.3897588849068 179.878614008427 0 0 0 116.258719295263 139.3671913445 126.576737105846 156.021355062723 1249.91068893671 1.43260276317596 5.54159510135651 136.771211594343 1075.89147987962 126.180604845285 336.949567437172 0 0.331171035766602 19.3702718615532 35.8964587450027 39.1934676766396
1.4658075273037 2448.13254711032 34.1394988298416 0.887170255184174 0 2.04236513376236 3.63397827744484 10.9771571159363 250.036561757326 1.00287556648254 1331.32444003224 5.26023069024086 6310.21295276284 15.0846437215805 6.10191380977631 17.9915272295475 35.5280694365501 376.954035699368 244.237216562033 0.408787310123444 4.413689494133 591.363949984312 26.1562475264072 115.946697235107 0 1916.56272658706 5120.05340823531 9.52059465646744 11.9803521931171 5.12896552681923 248.82142880559 1.71173131465912 0.83827131986618 184.498189628124 1.84752205014229 124.232620745897 664.265230506659 471.025748819113 52.1775407195091 8.18660396337509 1.59015083312988 1219.97111910582 5.23737668991089 46.2574859261513 48.795047223568 6.27935147285461 0 1.20206940174103 7.24491262435913 1.11041307449341 66.155944943428 9.58725035190582 0 0 0 0.835311412811279 1.52542185783386 0.692357063293457 0 129.114327073097 0 242.151750594378 0.341307997703552 0 0 1.9852619767189 121.646878689528 27.1330643296242 0 0 2.63061583042145 3.11857640743256 0 178.194801807404 298.041663914919 314.849956959486 0.531642615795135 0 1.0808230638504 36.0145816802979 0 0 11.2315945625305 0
87.7105566561222 1493.42354252934 11664.1712591648 2.06369423866272 11.2566397190094 40.1695210635662 397.680106401443 164.367257714272 199.130247712135 24.4011418223381 9526.92155256867 5.55204057693481 2967.55908027291 214.733687311411 9.61423581838608 41.2684494554996 6205.30430811644 6605.15237525105 7871.50188329816 1.74843901395798 377.961290299892 372.992127746344 1974.17387148738 130.335289537907 1916.56272658706 0 27992.7540746629 312.67616429925 224.458584100008 409.551449775696 2422.20242041349 25.036125421524 18.9669477641582 1905.40582346916 28.7776184976101 1453.14405754209 1286.84444344044 3820.65123960376 710.882273584604 52.4381392598152 38.2138093709946 33.4779170453548 76.5833147764206 114.445129454136 192.269077777863 45.7519226074219 2.06648278236389 1.16975343227386 4.1889973282814 0 286.928602874279 75.6254332065582 0.535654783248901 0 2.95400321483612 1.23218238353729 3.24960952997208 3.22886693477631 0.732828438282013 180.651842534542 0 253.459565192461 7.40714925527573 1.04494512081146 9.75563681125641 11.086042702198 208.199480623007 102.755523771048 0 2.65798324346542 23.3910259306431 20.7478504180908 6.54554849863052 275.712486416101 1036.80255162716 1778.96357282996 5.189976811409 0 5.75895744562149 47.1595491468906 0 0 66.5629988610744 25.9507046341896
78.2027527391911 8455.41058531404 9570.54681226611 3.53921762108803 13.3076875507832 47.1687968969345 429.279675751925 117.073117256165 846.129783838987 36.730089277029 2243.53517970443 26.5856152176857 6008.95658525825 173.074524581432 31.4448537230492 6977.12610545754 3070.95013424754 1076.37956020236 2016.08308753371 4.13859805464745 1040.97659289837 5901.46401458979 10201.1785371304 2172.48324140906 5120.05340823531 27992.7540746629 0 1917.02933311462 233.244272053242 396.380264163017 2529.77122864127 23.3793521225452 40.0899396240711 2515.21180486679 251.399601519108 5619.63039070368 2228.20365902781 6644.90244555473 1572.33841070533 315.60515537858 146.361224591732 73.6501168310642 202.99630266428 152.866586685181 386.050848007202 126.44262483716 14.911869764328 5.69804191589355 5.34140527248383 0 642.41682267189 295.712592631578 1.00710201263428 0 1.70687925815582 12.3794906139374 2.23993271589279 13.2571262717247 5.0768007338047 126.857917487621 3.55298179388046 153.571032822132 11.2820284962654 0 242.217407226562 23.8086695075035 148.348764568567 106.765995532274 1.54428926110268 38.746199131012 456.236154675484 669.686339944601 47.1941870450974 205.232274621725 945.378762722015 3915.27902296185 52.3504475951195 6.95326393842697 294.17287889123 27.0585690438747 0.94957160949707 2.86798334121704 85.4851909279823 119.243511348963
659.613935232162 59.7945639789104 1393.92278322577 14169.3783734739 18.7910873293877 1296.98818686604 18946.2200577557 913.420256108046 2198.75186005235 10126.342970103 43.6522420942783 1672.27521276474 14.8077289164066 1007.00039231777 139.914399176836 4284.04667177796 292.850712269545 15.9137235283852 54.4600026905537 5042.04844275117 10871.0036892593 722.687358886003 8975.4768846333 24926.2224272192 9.52059465646744 312.67616429925 1917.02933311462 0 1876.98536843061 8904.5296805799 1.2293438911438 20.5403889715672 593.98633903265 1639.21520972252 307.795294284821 3428.07511866093 140.562854588032 1049.20419237018 365.195002526045 454.805139392614 143.604718148708 13.0459361076355 126.440607726574 3.66368842124939 43.7754121422768 25.6347797513008 39.4693867862225 5.34266591072083 0 15.047522187233 4.53301829099655 7.10204374790192 114.337656795979 0 46.8250934183598 332.927463650703 24.8145996928215 248.637743502855 239.091342389584 1.38227313756943 65.1663884520531 0 57.1640166044235 17.6024030148983 287.989411115646 0 0.809876382350922 0.891122698783875 64.3604829013348 163.711549907923 166.21190097928 182.041155487299 903.541857123375 0 4.75184965133667 148.284796983004 913.871280014515 123.757837146521 316.746357083321 0 0 16.6288422346115 33.8309870660305 45.6534794569016
9661.64024835825 21.2871213555336 184.410208255053 14.1212777793407 524.795470893383 902.50853818655 1450.69013431668 1788.18480801582 246.074430286884 400.521301954985 565.641769558191 70.3497359454632 62.281339764595 9110.86881715059 53.1237562894821 163.592655986547 300.97037011385 44.115698069334 98.5990575551987 34.8528414368629 743.316045939922 102.874459028244 762.237633228302 835.17278021574 11.9803521931171 224.458584100008 233.244272053242 1876.98536843061 0 9380.28859502077 7.26661524176598 1471.65411841869 9351.25001168251 4932.21234920621 121.896972298622 1337.42533311248 114.412215560675 1417.23294508457 206.579707324505 347.955539494753 848.631369978189 30.9103438854218 26.9703104794025 0 4.71852517127991 1.37196791172028 2.77585506439209 4.40815305709839 0 1.18795490264893 1.92978745698929 1.67323219776154 0 0 1.18959891796112 17.0181677639484 3.27844581007957 26.7886553108692 1.89448297023773 1.03001403808594 0.519684612751007 0 8.1151359975338 0 47.1238207817078 1.10404670238495 0 0 0 32.0131905078888 34.8624009490013 26.1217308938503 101.814707487822 0.679113805294037 2.5250096321106 21.9319344758987 79.2000721395016 15.0776155889034 56.3608539998531 0 0 7.21376425027847 0 14.1697564125061
4085.29371845722 31.9900031685829 658.016045719385 8.1409617960453 8.56782510876656 202.614060372114 10723.350456655 1042.14846256375 281.595272213221 63.8215193450451 103.225469917059 12.4294983148575 6.91143682599068 2280.10549160838 15.7229378819466 287.505857437849 1127.74982616305 33.8861861824989 174.684525936842 3.30293926596642 14920.7299466133 179.755870014429 5174.75572264194 895.019163966179 5.12896552681923 409.551449775696 396.380264163017 8904.5296805799 9380.28859502077 0 1.28968590497971 15.9391169548035 720.051342397928 3807.17008021474 137.290691882372 1548.49650153518 76.5348083674908 1450.8345015049 310.736126244068 152.902774810791 91.2380619645119 6.45418298244476 24.8407723903656 5.69161033630371 5.84054356813431 7.48615425825119 0 1.4807208776474 0 1.78757840394974 1.78183600306511 7.29608285427094 0.987117052078247 0.877362251281738 2.40556254982948 24.9873591661453 1.68956691026688 32.3637216389179 2.36192604899406 0.647433876991272 1.00842273235321 0 2.41636669635773 0 54.6130455136299 1.11938524246216 1.05834102630615 0 0 37.3626606166363 41.4689219295979 41.3151824474335 112.778795778751 0 1.2966080904007 29.9270206391811 75.5026052594185 14.7412157654762 63.0748888850212 0 0 1.14442753791809 2.86273023486137 16.4416055381298
0 42.1746097207069 8.23940634727478 0 1.30249059200287 0.529756188392639 0 4.77600640058517 4.91948580741882 0 813.514041513205 0.469373822212219 3534.05742105842 4.97270315885544 0 0 10.3887957334518 126.712377786636 43.7502130866051 0 0.796195864677429 15.1466214954853 2.43403711915016 5.58950105309486 248.82142880559 2422.20242041349 2529.77122864127 1.2293438911438 7.26661524176598 1.28968590497971 0 0.579740941524506 0 57.9354218244553 0 26.825824379921 102.391019970179 140.979330658913 18.418768465519 1.39679855108261 0 8.40349891781807 1.28682816028595 4.53360229730606 1.50317192077637 0 0 0 2.16574949026108 0 0.87546694278717 0.504304587841034 0 0 0 0 0 0 0 25.8953456878662 0 44.6601452231407 0 0 0 0 14.589719414711 2.76049298048019 0 0 1.11120188236237 0 0 20.3836423158646 65.5115191340446 48.871433109045 0 0 0 12.5274542868137 0 0 0.717192769050598 0
21.0774528086185 3.10291403532028 5.26392313838005 0 2006.61626678705 3349.90214419365 26.7997875511646 1688.55797028542 0.545491337776184 14.6794123053551 135.931716561317 16.6982963085175 26.9619722962379 1309.4961630702 161.22559273243 1.04807642102242 2.28545409440994 9.95034086704254 3.81655830144882 1.28966343402863 3.2391509115696 1.05648815631866 18.0169015824795 9.48298248648643 1.71173131465912 25.036125421524 23.3793521225452 20.5403889715672 1471.65411841869 15.9391169548035 0.579740941524506 0 1.26045334339142 1919.34759888053 11.4008154571056 109.858261197805 13.8998129963875 267.195119291544 46.3358256518841 466.484573483467 2003.87780022621 10.6773679852486 0.82835978269577 0 1.74819105863571 0.653074204921722 0 0 0.723467171192169 0 0.633381187915802 0 0 0 0 0 0 0.8173708319664 0 0 0 0 0 0 0 0 0 0 0 0 0 0.459482818841934 0.435781955718994 0 0 0.67536860704422 0 0 0.98979514837265 0 0 0 0 4.50818276405334
345.025663554668 3.26574832201004 29.0713487863541 1.45752149820328 0.788268983364105 10.177742511034 130.357037574053 25.0065454244614 71.6249470710754 16.2734584510326 15.9744302034378 2.76957976818085 1.54915609955788 76.8153678178787 0.95010769367218 53.5666981637478 35.6137556731701 4.22371223568916 7.70806106925011 0.809980750083923 189.6908659935 31.1488822996616 209.66569468379 219.282660573721 0.83827131986618 18.9669477641582 40.0899396240711 593.98633903265 9351.25001168251 720.051342397928 0 1.26045334339142 0 916.989164322615 19.4955879151821 169.174411028624 8.06949728727341 196.257641524076 29.0764102041721 18.2495695650578 17.1205518245697 0 2.92978891730309 1.37292850017548 0 1.08240377902985 0 0 0 1.47699981927872 0 0 0 0 0 5.56148725748062 1.04433178901672 2.33814179897308 0.484193921089172 0 0 0 0.90973311662674 0 15.2717243432999 0 0 0 0 16.0717244148254 4.58601808547974 16.6332350075245 18.9245532751083 0 0 3.84303587675095 19.6484567523003 3.48323613405228 6.81996357440948 0 0 0 3.2793231010437 3.6042757332325
509.203108400106 282.774655848742 1060.54822942615 18.6670148074627 1633.5082269311 738.171145766973 627.070436388254 1606.67713952065 150.454376459122 221.700766891241 9205.22947794199 81.6600147485733 899.330498963594 2104.56700870395 93.8440009653568 354.021490603685 1398.12693327665 384.985372930765 943.094274044037 21.1632258892059 3562.18782451749 289.583598345518 4580.52130913734 415.357205599546 184.498189628124 1905.40582346916 2515.21180486679 1639.21520972252 4932.21234920621 3807.17008021474 57.9354218244553 1919.34759888053 916.989164322615 0 164.125474303961 834.619374781847 745.409674733877 9741.59000217915 245.182940125465 346.784559518099 1073.23569405079 608.865320414305 24.4284588992596 17.6410747170448 24.2097733616829 10.9438549876213 2.15418219566345 2.36602163314819 4.40730130672455 0 31.0074093341827 12.6762355268002 1.22473704814911 0 0 15.4549841880798 1.66663217544556 24.5734587907791 3.50591164827347 6.95104271173477 0 11.8943538069725 1.05874705314636 1.49006879329681 64.9994260072708 0 6.7090653181076 10.6707268953323 0 17.2404606938362 48.4747102856636 62.6379209160805 58.6866364479065 12.1277502775192 73.2586752176285 229.049470186234 56.0118209719658 3.29532903432846 37.21819627285 1.6884514093399 0 0 5.7409029006958 52.2246887385845
