0 143.944959283632 107.766037483186 88.822011526496 74.5334293821023 52.988622742521 30.0285760763772 37.6880014413215 77.147049437088 60.3873710463585 107.339053672303 69.4862035700818 108.932766823256 21.9462205920097 63.6770380761222 101.980853324998 106.942671054491 144.920743634879 127.338290832277 73.3429702771086 85.0275273844008 100.966585485969 98.6188133475941 83.4405476531316 161.893621363326 120.001610502893 130.081209137775 81.4872557806525 23.5827588586613 31.8432585960902 0 92.7302091760677 39.7289825017875 67.8655780136937 123.00548496858 80.9541004293148 105.075169553756 79.0847451748738 95.1228161647348 70.3050417722828 72.7117370749595 99.6704727641908 178.27326965332 0 174.551586184094 0 0 0 0 0 0 0 0 0 0 154.390552848035 209.277297973633 107.001959824419 217.016662597656 0 0 0 192.932919784413 0 135.64020189537 169.931442260742 0 215.316650390625 0 149.012947019769 110.076794580472 146.19343426462 136.915831184041 0 182.613874449766 159.691420307723 148.588873826428 169.463263113001 123.908647350344 0 0 171.57837354478 117.571449279785 147.75204488203
143.944959283632 0 46.6341438608139 0 129.469747266796 143.01458863832 125.911952075074 136.636689478244 69.8106570408889 173.964495154231 63.9996969636194 109.333049808508 47.5712759204104 124.793769918298 113.574657576762 66.9677682865968 59.3699471158798 69.3748873865931 57.7292482917292 137.820129394531 102.229728981568 27.223651881154 80.4177665367986 80.0538255628271 26.1908438364795 46.5076310312054 31.6767060493249 103.522362339881 134.166346859562 113.781787531367 68.6392813821018 112.996719456558 127.323638187633 60.3586959462269 157.586245354601 78.2956576332086 48.8527771194417 54.9410454265637 63.3426409385651 103.483541328965 88.0678882772611 46.5225989766121 102.686671335334 57.0323892283255 78.0767135924661 90.7307289731094 0 88.2258987426758 0 0 14.1923157052787 54.343283738283 0 0 151.124298095703 181.697780751829 0 121.59646395886 179.437255859375 89.1511928386517 0 84.6069493719498 205.994979858398 0 96.823949112376 70.2088022653601 121.960747568893 83.3720870344264 0 0 58.9225170141925 102.512720519232 129.268965020247 60.2613423456022 70.6652758481966 62.7548493018407 165.510855062683 0 134.067153311977 95.3504282368495 0 141.783462524414 80.9932612920285 146.765248576377
107.766037483186 46.6341438608139 0 114.116866385617 123.119572366037 131.274874632307 89.2719427409698 128.093406750592 98.5797142070629 129.324758361356 82.3634739579223 135.943306134625 99.9611831301457 118.847953155106 124.776622181779 68.4249031099659 44.2929062671191 82.1953664934936 66.5749570330487 104.537875323362 65.2345896009439 50.9193237114865 32.5759157457983 89.1325529710187 79.8458976985506 30.4039842308724 31.7234946091425 76.1976383927123 116.690370702737 81.362842911992 120.3936327461 118.340575020496 102.016549973575 58.614035935749 137.328315501727 71.2075187461448 50.260566056785 55.0897374783618 62.0810505644727 77.3075180905518 71.1584639963547 98.8573404978079 125.041616815316 102.420419521689 107.239061025376 120.804950311357 130.574815123803 0 0 0 57.5104088932629 90.9973593261923 0 0 0 177.250393618043 0 120.845458749922 210.861603462721 142.514990537179 0 105.654598827133 195.857463832705 0 114.080904602309 105.985049872436 0 140.118809998147 0 135.872163536954 64.7798440366492 101.651155172899 150.034259136928 107.093305101268 108.760952943756 90.0605506364278 158.484646221226 204.726837158203 105.789847321561 0 0 0 109.277969493716 144.908169020744
88.822011526496 0 114.116866385617 0 114.022237782419 63.2045782135222 44.790470959152 86.0419109523164 61.0339620173656 17.8096749973056 153.987502342431 35.5137561336688 0 108.936890965125 62.3866718117549 102.484268877325 176.117108473082 0 0 13.6425230212761 102.366234729833 126.39893431151 115.48063758649 23.9101901818568 171.375854492188 186.770793742528 104.576338329022 17.3010369270899 107.631410374947 139.191943914493 0 0 97.20207991944 103.271922461364 55.375079384036 107.730245215797 150.299407958984 112.900050762385 110.086801211178 65.2937250894798 107.805457708503 0 0 0 199.512390136719 0 107.190044857769 0 0 0 182.113296905071 0 26.352897309609 135.432394061789 144.541426812403 131.854374525947 154.796280357063 79.9962140002255 97.3249006892469 0 39.38344070951 0 141.86565805603 113.456058888825 133.882243196265 0 0 0 80.1738081957381 0 133.481903076172 0 75.3777927854006 206.119481870662 0 0 85.2454023559228 158.396996266984 0 0 0 0 169.956623969143 185.742095947266
74.5334293821023 129.469747266796 123.119572366037 114.022237782419 0 18.2761627979147 97.4475561588975 30.5996038898576 53.6851697139323 101.900428493193 56.0063669389068 54.2793206621349 66.536196216588 40.6414474915001 19.1741349016666 104.569717407227 158.972169073261 80.044537332292 66.45802737001 92.026761919894 122.306831941993 111.156390626739 134.593952592131 72.6677285485376 0 106.349333460335 132.678109161252 117.640574466515 26.977651189425 106.079193953972 99.1432876586914 12.7322412799405 49.5418014526367 16.1281232459139 84.9571157600434 60.6945237224775 57.6713837225786 40.0510535657626 45.9184566232566 12.7845217303386 10.0195845374624 59.1597563014112 0 0 0 0 0 0 79.5777053833008 0 0 209.296020507812 76.8606948852539 0 176.023798835674 0 0 84.1530380249023 131.439193725586 0 92.9283857212507 0 0 0 0 0 0 0 108.249305725098 0 0 0 147.855229865701 0 0 0 129.046675225288 0 0 0 0 0 0 85.3638483262709
52.988622742521 143.01458863832 131.274874632307 63.2045782135222 18.2761627979147 0 49.0434032997889 22.55456750768 57.140155844836 28.4958063778959 72.7377802328724 29.2603499068646 73.804010790293 42.4506413282968 21.4024816073853 128.206069625677 145.024989067302 144.086899677531 143.497674437184 46.6792113366299 113.040593967382 116.796846249995 130.256176080625 76.9821709227249 91.3875524023061 134.230876856061 137.879797448832 73.1292416984819 38.2821139371707 84.8542797911848 101.724365234375 15.6142108371678 95.3761595522081 40.6514160820538 21.9549459884498 82.994903150469 96.9884665905292 64.8620190466395 64.539163794126 19.6036504742423 28.1475733003064 74.0041101886682 171.948788882598 0 171.267837524414 0 110.941601904941 0 80.5476760864258 191.495896277959 0 0 130.324720715492 0 151.602451799664 151.428516700778 156.13638314278 82.1277347957838 159.889819168993 0 96.6708834213265 0 132.546646118164 113.130559238818 149.500039831786 0 0 0 146.296353076298 159.340194702148 132.289227146184 170.689883806058 130.903101893392 0 0 199.05285898498 148.281372069179 176.203862046887 170.145511789702 0 0 0 0 136.762178463881
30.0285760763772 125.911952075074 89.2719427409698 44.790470959152 97.4475561588975 49.0434032997889 0 53.5569595473457 64.3565349006835 21.8130718632779 124.610156063413 50.9481783547951 155.458713521006 42.4925227138049 73.01237618145 91.5029593438888 100.772857348125 132.593483688418 121.325731547434 49.6808039849013 65.178754851121 86.0930738403325 82.4335203234013 51.6016378972987 145.082450580129 112.47611358026 107.439394354234 39.9336042436687 68.1493246735515 27.2236255226293 0 117.520829763015 67.6090206057482 80.9568930609957 77.6771824033092 85.2592913966796 109.136021407872 90.4638670293459 92.988355820222 77.1308654527577 88.6870891880502 117.281551349917 158.868264565255 149.259201049805 171.691817337308 174.860447942816 124.468136867576 172.338517796887 0 134.975936889648 139.585034164494 153.940817271649 128.022482504317 0 157.544856481072 132.81124848085 189.036848080487 87.3875330189741 147.249597056563 0 115.46111702212 0 166.734268664104 126.764547495789 121.063811960237 0 217.823928833008 0 138.651241226803 142.939810454627 97.7730753273273 148.627503140643 116.840967162596 0 194.012816735279 155.700901627819 130.591545110055 157.09902809024 137.532423090186 206.253570556641 0 147.50696652444 152.864741736233 157.418897629385
37.6880014413215 136.636689478244 128.093406750592 86.0419109523164 30.5996038898576 22.55456750768 53.5569595473457 0 89.6115828277059 29.0398272730012 73.4682915421898 56.2690449974845 83.0080834881241 23.5357107171842 42.0378264969902 127.861832619537 130.512754491153 119.530260445378 127.948768557335 79.7107802825328 106.963900728165 113.959585997072 118.277669492437 97.1736893241664 129.194498312075 125.763778997611 136.698203133949 94.5453075572271 49.2374898417366 73.5967253951179 117.09999592146 22.7972862673465 90.4248351787449 50.8096672705521 78.9316868798691 81.0660556171656 87.421146102507 63.4877706388692 68.9021483985655 36.7766745044194 37.997210327412 72.7699184068705 191.44551739086 0 157.169599689847 97.5721924920074 119.931108503007 0 105.048355102539 169.915924072266 125.05590729137 0 146.729881511156 0 130.206405639648 167.571916439163 174.274505615234 113.263985698905 175.180866581647 0 123.836495610458 174.854873657227 0 134.688903808594 141.310650323747 0 152.528091430664 0 0 157.831418033891 126.687105737687 180.928272516249 152.558803638624 0 167.820935217612 184.436335202907 165.979206137115 186.740588429574 149.795430089135 0 0 174.047302246094 168.71354675293 142.452599150733
77.147049437088 69.8106570408889 98.5797142070629 61.0339620173656 53.6851697139323 57.140155844836 64.3565349006835 89.6115828277059 0 71.3963187878258 132.656921570042 21.1931546937608 114.090462414741 98.2678597840532 29.0336331297397 49.2719330579732 119.454740403719 134.091978293667 128.410194056909 49.1548648718217 67.3509504371664 28.4707932927246 82.4077273360881 25.990631196483 100.827156971117 115.607237543259 92.2309001944537 57.0086057210291 89.0119050377674 68.5985116697066 137.619171404544 137.982391357422 73.399387221531 86.9090805478543 114.384393772288 81.011930606834 106.007518980537 106.941028172047 98.1843621349475 18.7508312544253 91.8606417454482 115.653078686753 95.5819922700559 0 115.162956132195 163.609690268858 43.719753577832 158.696029663086 131.065170775621 78.9918126358024 86.5824306008757 0 78.2492419063818 77.09298873403 77.7688734126818 81.1897373819886 105.681608528023 22.0659186967456 90.315795730691 176.650253295898 51.709403999225 173.050619185448 115.615793955485 54.6457445543556 69.5540298373877 0 195.218963623047 0 74.2299175317164 66.914238382935 42.901775361686 104.556616605325 58.2764737646499 98.6000595092773 149.432743893696 117.674347458783 78.8824215647131 100.297180232793 51.7404674949506 0 0 75.0868982194837 110.790585373814 182.674418557071
60.3873710463585 173.964495154231 129.324758361356 17.8096749973056 101.900428493193 28.4958063778959 21.8130718632779 29.0398272730012 71.3963187878258 0 135.176971914837 24.5134507924361 131.254720848522 44.6207419214126 66.1481887935764 122.244163605132 167.6831609463 0 168.934027678817 12.7339916703098 116.944703349744 109.235353913234 118.564128722611 54.4074429862764 173.19938659668 159.94937481491 145.310584720621 34.5184365075393 100.012895882172 102.472799223886 0 125.580680628724 100.608138567348 96.3109279698878 31.9928333788969 95.6826616351285 122.206148032824 99.9351689531986 104.84154274845 72.2180368229329 100.242146656593 125.904142987232 170.038156740253 0 212.695992249301 0 110.611369001129 0 0 161.948485373541 0 0 27.7133486061759 138.389069798613 158.810825836925 141.969786646918 183.753249909974 91.1239457839024 155.473928603004 0 18.0998777117803 0 172.103150320911 133.257546619093 203.145468651243 0 193.83073425293 0 151.84992237528 210.647091358146 145.855633611023 149.563271183523 131.136512249523 0 225.820831298828 186.496617758532 141.024095492421 187.613667732321 162.776371882747 0 0 156.105834960938 188.721715053518 160.456270358816
107.339053672303 63.9996969636194 82.3634739579223 153.987502342431 56.0063669389068 72.7377802328724 124.610156063413 73.4682915421898 132.656921570042 135.176971914837 0 122.357005768999 25.1382867981702 77.085823229704 96.85364258661 114.365714109484 50.482452890157 24.2022684790718 25.8063851666397 130.105406396218 97.64199584366 95.4145745371499 82.0154967418248 145.675653532304 33.2621748744262 28.2604399331617 62.6529285358146 138.908871934587 73.2299536902263 114.355720053421 35.5509592423994 64.895808329528 99.9489703624273 23.0267845130755 149.997964114466 79.8790355771214 22.0171871073044 26.207913666806 54.160362786478 68.0662417676929 52.8489193548369 12.3242756791157 145.668846794507 61.0082263121648 108.005125405271 128.388129803076 0 0 64.1493643202223 0 85.0245818108035 121.546278515638 0 0 0 0 0 138.894180297852 228.140289306641 85.1212268588923 0 71.8206258750347 0 0 158.267101024799 133.766385973815 97.9084370007482 112.916273642881 0 0 117.043722538854 153.156212309851 0 58.4494543537742 98.1516368689445 100.858870717187 198.118911743164 0 174.764434814453 95.9880776926342 0 0 118.855948547899 147.637334744673
69.4862035700818 109.333049808508 135.943306134625 35.5137561336688 54.2793206621349 29.2603499068646 50.9481783547951 56.2690449974845 21.1931546937608 24.5134507924361 122.357005768999 0 123.762773054902 71.2387420394671 17.1809721037821 120.438289790317 141.195469028793 0 0 12.106126968903 132.069893502687 65.1593938896594 130.630540875534 35.1671559201869 138.999566460744 157.140910828906 119.360774005534 56.2493027656043 97.40059506507 102.219072142437 172.113891601562 108.326645274279 110.623035749018 87.0610577026044 14.8518781674423 99.6765091216735 131.406328276378 92.680550509577 98.1107736393209 25.3787232971321 81.9305389934244 100.068900842997 0 0 194.755584716797 0 70.7539206478282 0 0 0 0 0 17.7673224289794 123.420512314417 110.275803091605 112.196706120284 158.381174810368 58.238360509301 106.005243619117 226.862274169922 25.5008267473176 0 144.711310763171 77.5813925456499 142.969371299932 0 0 0 76.1723677457027 0 98.85351699774 165.672541600664 79.8959916192604 0 0 193.295837402344 96.7414190076269 193.415785682443 0 0 0 0 0 103.185786919432
108.932766823256 47.5712759204104 99.9611831301457 0 66.536196216588 73.804010790293 155.458713521006 83.0080834881241 114.090462414741 131.254720848522 25.1382867981702 123.762773054902 0 97.349955264798 166.553445135905 131.994259322436 83.9084910553258 51.5339125026541 65.9931516383958 0 138.664829578341 80.6681162120438 123.98804604419 129.397670649487 22.0769359069112 31.9033296060277 33.8800070142856 137.65776307103 88.5412223978474 131.008346971269 13.350887400503 73.8205282269377 80.3387098960117 34.6508057220382 76.8180275282234 33.2723780201416 20.5886825881074 31.8852143202534 28.746643409341 70.8128435463544 20.633418909384 11.0391039303422 63.8415880333224 48.8706613996735 61.4950746750831 40.1782448112803 128.628463745117 50.3349556202754 28.9768904259223 0 74.0512151418341 123.117074846644 0 0 0 182.825716495611 78.8009760641379 0 0 73.480591170925 0 67.3140503324353 175.109214076559 0 190.150490236765 121.675240177486 87.4989493444783 105.155593035086 0 168.765747070312 121.918646561708 219.081905319673 173.323806762695 53.9495726927722 86.1931888853957 87.8067174471984 170.748519897461 102.111526415889 0 87.9575082496867 0 0 63.6514831848085 77.9715284455155
21.9462205920097 124.793769918298 118.847953155106 108.936890965125 40.6414474915001 42.4506413282968 42.4925227138049 23.5357107171842 98.2678597840532 44.6207419214126 77.085823229704 71.2387420394671 97.349955264798 0 57.3241157898225 124.035983737389 123.080739433643 120.024792666859 111.878061224794 90.5483992946842 104.523109507878 117.701099283984 113.962903367019 99.4255948999333 117.772026920927 125.113024737577 130.56407917009 93.8674502321423 32.9174245359657 62.2579843955455 131.275962429224 25.8048955992445 67.5315956950873 49.8904001001663 109.906755678043 75.0678326187135 94.8695534087596 68.725209264366 80.4170359715411 49.1932900706011 48.2118839938008 75.087535834462 177.751383939043 185.996593654322 153.395892868605 108.100753811964 161.135667706874 0 96.3540649414062 171.605163574219 152.43505859375 198.344299316406 0 0 188.133056640625 176.458574078836 0 113.451961491876 207.121467887119 0 125.517608642578 143.04336303695 209.614512406773 232.633377075195 152.620776390297 0 0 0 0 168.535395987144 132.855981488798 165.277272636054 154.179679220509 0 171.972836793676 185.42670522611 166.277048797867 184.526733823394 154.635000076597 156.992156982422 0 197.659243023639 164.684752495883 149.839990096717
63.6770380761222 113.574657576762 124.776622181779 62.3866718117549 19.1741349016666 21.4024816073853 73.01237618145 42.0378264969902 29.0336331297397 66.1481887935764 96.85364258661 17.1809721037821 166.553445135905 57.3241157898225 0 114.452899341771 144.066674789071 205.78889465332 176.368822811205 49.119562780054 98.0965775272962 79.3081217119918 99.8407490408849 49.3388314747586 139.818269160952 154.672774943658 127.896493789983 85.8804845934733 59.8753243615348 102.569867097678 0 42.7786546618395 98.0325516747108 42.7179012478486 25.8293339825986 78.3923227704633 108.894396813201 73.6270857885253 59.7139844492276 12.6254907203646 34.898315139817 46.8307876586914 0 0 95.1254367613452 0 75.3240221760302 0 0 0 105.380798339844 0 113.395824333963 76.1164888583491 123.284691276068 113.803857188041 155.126071381488 53.5784242617044 127.606959550515 0 84.6815825774124 0 132.017305299506 89.6310763196923 114.986862182617 0 0 0 120.666413051111 0 0 0 93.5080493271262 0 0 160.879086954661 113.396760472419 103.324195861816 0 0 0 0 0 81.3311842169954
101.980853324998 66.9677682865968 68.4249031099659 102.484268877325 104.569717407227 128.206069625677 91.5029593438888 127.861832619537 49.2719330579732 122.244163605132 114.365714109484 120.438289790317 131.994259322436 124.035983737389 114.452899341771 0 105.916532291583 118.77140045166 107.978719769759 110.94890761306 16.4572348890814 31.6697783841871 18.3729918034524 39.1217271755347 104.74053668824 104.634034287439 25.8526455782015 32.7885199174974 102.780986900054 73.9503768350833 0 140.040831629022 77.9867716336359 72.3781323638195 142.485964418521 75.5820047981253 57.1652310913742 75.6023497303165 79.3679900279039 83.8723241314377 85.1995025169409 106.491538461651 119.955659872887 94.6725831172811 129.391499307899 121.712241709493 131.384913901588 0 0 101.295906066895 83.8770064776772 115.233022897786 0 0 188.487731933594 143.742355362956 183.799197825015 105.931431804423 159.60531289963 0 181.108794310402 186.06803894043 211.365325927734 0 92.339835379953 110.098138457843 0 156.144729614258 239.379730224609 106.491844047285 53.5766721145576 97.0523557330606 115.980698799573 0 142.393760327385 98.8776935946066 125.815805160035 164.079310648531 78.7870535231891 0 0 0 122.409654241627 147.55036155833
106.942671054491 59.3699471158798 44.2929062671191 176.117108473082 158.972169073261 145.024989067302 100.772857348125 130.512754491153 119.454740403719 167.6831609463 50.482452890157 141.195469028793 83.9084910553258 123.080739433643 144.066674789071 105.916532291583 0 47.8323706929236 17.8053106632017 184.132873535156 55.9238425702967 74.7523359830834 24.4316809760677 127.865918531775 69.666674196096 36.3668923408709 68.7958127723851 108.293699137808 106.461455316403 71.330833603239 94.209457093686 125.937013382856 99.6650057446307 35.1871416358475 152.340875386358 85.3766617208146 60.5332306772774 51.0976673257798 70.2073780306593 104.774629281028 93.2278065081504 94.4825192977421 136.708790380202 114.216050620688 127.341749208398 129.320290921123 0 0 110.581428527832 0 71.4554531369522 108.996423173488 0 0 225.692962646484 0 0 162.473190336556 0 128.653041635611 0 111.073521584413 0 245.607940673828 141.412332509518 133.880828857422 128.127338398061 139.967531353187 0 180.855340417146 91.6589005992416 146.214398371852 175.585414616729 64.4982147216797 110.316634710661 108.028598283923 191.246484587404 0 171.645016482346 135.992935180664 0 0 142.805518983406 182.783462851881
144.920743634879 69.3748873865931 82.1953664934936 0 80.044537332292 144.086899677531 132.593483688418 119.530260445378 134.091978293667 0 24.2022684790718 0 51.5339125026541 120.024792666859 205.78889465332 118.77140045166 47.8323706929236 0 15.7408189937472 0 110.34089820332 102.853242360264 83.8107497689116 153.59759170892 48.3944709916205 26.2052188377086 67.3041310947532 147.212725492699 113.630313699342 112.474890378661 56.0378241691953 101.882308846994 137.140446103175 54.1331910041603 162.18794616204 90.9003317551105 47.3305090007625 51.6864886690122 62.3319943044202 115.439878930388 86.2836964582348 63.09372934324 134.98132492627 109.418205220763 117.424223061443 133.565984271781 0 233.389678955078 140.238862967424 0 82.5991934016098 161.889347536766 0 0 0 0 0 0 0 97.2674692337429 0 88.0289647843524 142.144149780273 0 203.043609619141 0 105.329512806314 120.213099138483 0 0 0 152.098256521801 0 73.379525416773 100.301302086473 103.354394259774 242.380294799805 0 163.909912109375 102.837254845475 0 0 131.635749895504 166.947503653246
127.338290832277 57.7292482917292 66.5749570330487 0 66.45802737001 143.497674437184 121.325731547434 127.948768557335 128.410194056909 168.934027678817 25.8063851666397 0 65.9931516383958 111.878061224794 176.368822811205 107.978719769759 17.8053106632017 15.7408189937472 0 157.065780639648 79.864073168271 87.7197865519769 59.2838726099895 145.157160894776 53.7080088138887 32.8956821896959 67.0918683254494 131.274495202128 115.489407413456 91.2994139114096 71.0438912814282 84.1050952390584 115.101535963527 39.9373190783552 148.328233770289 88.6486157050895 58.0972338393342 46.5065726830606 69.4422168871601 123.079730914063 105.511191020769 70.3745475250661 151.484018879826 116.476185742386 122.792518794581 114.396667409635 0 0 0 0 66.5338811433791 114.32696415295 0 0 0 0 0 0 0 113.908383682746 0 98.5951116732501 174.772994995117 0 0 0 112.658181423055 113.548869691458 0 0 102.961426158132 158.263001991511 166.642700077636 78.247549359331 102.171314340731 104.989744961366 0 0 192.473091675394 119.627974567646 0 0 116.35266750481 175.227813720703
73.3429702771086 137.820129394531 104.537875323362 13.6425230212761 92.026761919894 46.6792113366299 49.6808039849013 79.7107802825328 49.1548648718217 12.7339916703098 130.105406396218 12.106126968903 0 90.5483992946842 49.119562780054 110.94890761306 184.132873535156 0 157.065780639648 0 99.4283279601162 88.2327575683594 125.509951932016 29.6147922743873 159.249649047852 147.589674413238 142.466776053489 28.2873294312023 104.336841076656 138.195290666725 0 123.819190979004 128.148910522461 103.665588310784 35.9843313644121 95.7387547037439 126.275550842285 94.6425517650733 103.721450945984 49.4491688703901 99.5575025189339 0 163.021499633789 0 0 0 94.2840587970143 0 0 0 0 0 12.1601053403778 114.347936480877 158.920814307423 150.57274252243 135.583894131051 75.0871345098028 140.556660717895 0 17.0545263398204 0 0 101.745020673473 174.834381103516 0 0 0 137.795849444697 151.067596435547 0 0 70.4604260580167 0 0 223.840347290039 133.515970513834 183.971192735075 0 0 0 172.317184448242 179.559158325195 152.946701049805
85.0275273844008 102.229728981568 65.2345896009439 102.366234729833 122.306831941993 113.040593967382 65.178754851121 106.963900728165 67.3509504371664 116.944703349744 97.64199584366 132.069893502687 138.664829578341 104.523109507878 98.0965775272962 16.4572348890814 55.9238425702967 110.34089820332 79.864073168271 99.4283279601162 0 58.5851533208887 34.1607162307049 31.7833110504806 136.320199185892 89.9278354441964 76.5630088381451 26.6389484325885 88.7463451622487 27.7942162645881 152.443893432617 137.992752008321 73.8557010771659 41.9258042336106 139.067147818149 72.7239060231749 74.5996464629618 64.1574457498198 74.808980063968 79.5644994040924 82.5574605565741 111.058203776549 143.43556357951 170.206546261702 157.590313588899 167.119361333608 143.23078918457 0 0 154.727059639188 111.124809730511 135.902081804737 0 0 0 146.431872339395 177.98420715332 83.4645492512388 172.673155225782 0 230.401138305664 0 224.738342285156 0 106.978769674148 0 0 0 152.680633544922 115.706111318771 72.198925301383 116.888996222253 121.109418155657 0 166.198291326043 130.958029800509 135.557472958158 133.281316372233 94.7841324879233 210.174072265625 0 130.997259856385 135.147994995117 142.690743069774
100.966585485969 27.223651881154 50.9193237114865 126.39893431151 111.156390626739 116.796846249995 86.0930738403325 113.959585997072 28.4707932927246 109.235353913234 95.4145745371499 65.1593938896594 80.6681162120438 117.701099283984 79.3081217119918 31.6697783841871 74.7523359830834 102.853242360264 87.7197865519769 88.2327575683594 58.5851533208887 0 52.3513640674326 36.0421678475131 63.3210500896091 83.9927924015185 36.1961956315117 59.6307403192479 91.6370101280218 67.0943738784178 106.400094414295 109.465782165527 71.3842475455263 64.2452834065709 131.230658710729 67.3918160600253 52.7727599154659 63.2322217192963 67.6468129945248 72.9273997913722 79.5076969610337 77.6193319819597 96.1233226007367 82.5206600958805 102.016022749564 93.5300665447651 73.9100603258868 75.1394119262695 0 96.7211151123047 51.8585256261162 70.6809415535758 117.815242273447 0 130.478340989088 104.354158260486 162.595049876891 67.4727285627986 140.585605024617 0 110.375213623047 125.084465390422 190.73069330652 167.514221191406 52.4904496904324 109.025146484375 0 111.708336265496 111.767227172852 75.645902625978 17.3370059021609 64.4247579098414 79.5894557376024 73.3316015393323 111.791742905209 71.9437600430686 102.825571882196 124.752923628189 45.9840735201827 166.181221953878 0 0 107.964490064553 145.761557284668
98.6188133475941 80.4177665367986 32.5759157457983 115.48063758649 134.593952592131 130.256176080625 82.4335203234013 118.277669492437 82.4077273360881 118.564128722611 82.0154967418248 130.630540875534 123.98804604419 113.962903367019 99.8407490408849 18.3729918034524 24.4316809760677 83.8107497689116 59.2838726099895 125.509951932016 34.1607162307049 52.3513640674326 0 62.9022366020328 102.64544700278 62.790093859117 37.4713332938668 52.3724177299354 101.117441525762 52.4096905819633 133.526121271478 145.892545007145 84.962676484824 48.8152650966852 139.095007412247 72.4214882099131 56.6067276671147 61.7448712526961 69.8398397873051 78.5647001743434 80.3975615026437 101.145769552144 126.767133870811 109.983366823193 120.22782624032 125.457412308487 145.470245577749 141.067649914301 0 0 88.2989595200123 112.779661247399 70.3514251708984 0 182.020168955804 166.501826648205 200.459907043553 99.4080943978308 194.831734135146 158.683837890625 132.307815551758 0 180.262225972758 146.191909790039 101.46370753761 134.625610351562 146.439601370088 0 143.414810180664 123.942919582805 67.5078789934862 106.415146746852 128.674844693778 0 146.146173949753 101.809735477878 144.983767866158 166.555115342806 94.2500100244596 0 0 156.839004516602 121.492927488885 151.374493660567
83.4405476531316 80.0538255628271 89.1325529710187 23.9101901818568 72.6677285485376 76.9821709227249 51.6016378972987 97.1736893241664 25.990631196483 54.4074429862764 145.675653532304 35.1671559201869 129.397670649487 99.4255948999333 49.3388314747586 39.1217271755347 127.865918531775 153.59759170892 145.157160894776 29.6147922743873 31.7833110504806 36.0421678475131 62.9022366020328 0 111.760905927833 122.967091329416 77.8753365406925 23.0783917245176 91.2710570286616 69.5729416517283 150.161276490168 137.403101250302 76.5914658850466 83.1631917397353 129.634149581751 82.252507576939 101.915350820055 99.917415426347 97.7007397015011 46.0376105476288 99.6237097875677 131.410997234561 133.020955756677 152.620617956086 148.555188910352 151.166506961478 78.9037452152324 151.483003306225 0 123.308336709384 106.185151066764 137.70992360334 92.1507846616021 97.5838406697955 131.410843800976 111.545278373973 144.777571032181 57.6075106877546 119.741685493067 193.443668095871 79.8595792884863 0 148.843046187287 88.4062084268366 101.350827742797 0 0 0 113.498367507137 110.600351663283 75.7318684630958 119.597486451569 80.2639949337019 140.725516258066 180.424869968059 131.44980801195 109.984057136627 143.355357996861 98.2319358275017 0 202.603088378906 125.452018646523 145.279548729297 180.171090544081
161.893621363326 26.1908438364795 79.8458976985506 171.375854492188 0 91.3875524023061 145.082450580129 129.194498312075 100.827156971117 173.19938659668 33.2621748744262 138.999566460744 22.0769359069112 117.772026920927 139.818269160952 104.74053668824 69.666674196096 48.3944709916205 53.7080088138887 159.249649047852 136.320199185892 63.3210500896091 102.64544700278 111.760905927833 0 42.8922575572041 33.490947203472 132.904073705345 107.581332053194 140.849172225118 45.1749494549878 122.875463803644 110.371940612793 58.8698994421784 125.89846663472 87.789263719858 23.4867304771438 51.7829795727959 66.2934272891474 144.309753008436 107.469802094927 15.8060724264547 108.501946983676 41.1829146058796 80.2372735071267 87.940808422011 0 126.915565490723 43.5968609777017 189.955093383789 45.2450854496805 86.1128141360362 0 0 0 200.035186767578 133.410018920898 121.572067260742 0 60.9179562063958 0 53.0344209136937 231.806549072266 0 0 122.893220292951 71.8280232414735 81.4873433401913 0 0 86.3418704166012 123.031052477324 0 36.7363319847385 68.4567247559648 67.8658518050293 186.388854980469 0 95.3258438110352 77.6767956559025 0 0 97.9225319915255 0
120.001610502893 46.5076310312054 30.4039842308724 186.770793742528 106.349333460335 134.230876856061 112.47611358026 125.763778997611 115.607237543259 159.94937481491 28.2604399331617 157.140910828906 31.9033296060277 125.113024737577 154.672774943658 104.634034287439 36.3668923408709 26.2052188377086 32.8956821896959 147.589674413238 89.9278354441964 83.9927924015185 62.790093859117 122.967091329416 42.8922575572041 0 34.8481884828433 112.593929800109 117.932339483989 98.3882839743289 21.8626584776158 110.639414335149 120.770072228779 57.4463502414934 149.136441012411 81.02962697545 52.3734035252295 54.1181196425562 62.6131212243149 117.189041124274 88.8960294520477 75.3057111001184 135.150569896535 98.2295155935294 105.88609474393 119.274668720951 151.614644422071 113.088600158691 81.4442054542127 0 57.4229455845705 98.0739371955469 210.524780273438 0 186.716400045064 197.971115112305 162.5874204485 134.0925996252 215.215942382812 98.3762603646958 0 88.9862554773821 172.028359039049 181.245849609375 130.978623705364 119.146724641924 102.904490544253 105.5505814478 0 185.686750261786 108.077847015249 131.94147580656 176.640707167368 69.8009678192512 94.2939013447931 93.505599814059 211.566584097068 0 146.84131505959 104.741595623519 0 0 112.79035458537 139.806339524407
130.081209137775 31.6767060493249 31.7234946091425 104.576338329022 132.678109161252 137.879797448832 107.439394354234 136.698203133949 92.2309001944537 145.310584720621 62.6529285358146 119.360774005534 33.8800070142856 130.56407917009 127.896493789983 25.8526455782015 68.7958127723851 67.3041310947532 67.0918683254494 142.466776053489 76.5630088381451 36.1961956315117 37.4713332938668 77.8753365406925 33.490947203472 34.8481884828433 0 75.5518192875791 129.884658508314 104.524039622695 22.7797954102067 122.125100635634 114.05414466129 69.6918981130882 144.220403793576 80.9596421465349 59.3775824007834 64.1613485536616 72.5998195774032 90.2425816955458 80.9697280496242 78.4544695190877 124.364523681335 94.930155409447 103.035356424045 115.48280145897 131.511131139373 130.970263983115 106.506645386299 0 53.0219956867564 92.2435911229581 147.271728515625 0 161.433800873133 168.524134917955 203.237188144002 144.359518534313 171.162939612417 103.891101856957 203.897045090547 92.0636260447743 181.673018447185 0 101.51255786241 110.260146246547 105.745828040816 108.288536545567 231.835206305065 124.919683714686 61.6839684157608 99.8691636811992 142.370984852205 70.4789924041752 96.4282404253575 90.5803400249215 150.501978649376 187.805841402019 89.9103313248471 110.413021212109 157.521087646484 155.018576581494 114.44993865341 153.378179375393
81.4872557806525 103.522362339881 76.1976383927123 17.3010369270899 117.640574466515 73.1292416984819 39.9336042436687 94.5453075572271 57.0086057210291 34.5184365075393 138.908871934587 56.2493027656043 137.65776307103 93.8674502321423 85.8804845934733 32.7885199174974 108.293699137808 147.212725492699 131.274495202128 28.2873294312023 26.6389484325885 59.6307403192479 52.3724177299354 23.0783917245176 132.904073705345 112.593929800109 75.5518192875791 0 90.5959417637777 46.4713199584624 174.366013741716 134.005823864833 74.9712135411636 71.7390957817421 125.61375946059 80.7636265889767 93.7956212724351 86.624654213649 91.9930086241729 84.1099190194929 94.9654743386298 125.202589254693 146.017322910496 154.63746230425 160.082562115676 153.36675313314 118.288658222284 165.073120937809 0 149.656741076361 137.08298294393 171.425800742975 105.563752896619 0 157.376360600803 127.811489000868 169.021292332053 78.8538212013512 148.004980718956 223.90824372603 128.888099874709 0 159.742743954698 123.141502227589 108.788707484369 0 201.169815063477 247.42106628418 139.883586366565 116.845897004544 84.4346055783026 125.77649463828 102.369517590591 0 190.522078725267 137.726516456781 127.305312190591 146.575669883002 107.763707642147 0 0 132.099023371327 156.588286917447 167.845347071386
23.5827588586613 134.166346859562 116.690370702737 107.631410374947 26.977651189425 38.2821139371707 68.1493246735515 49.2374898417366 89.0119050377674 100.012895882172 73.2299536902263 97.40059506507 88.5412223978474 32.9174245359657 59.8753243615348 102.780986900054 106.461455316403 113.630313699342 115.489407413456 104.336841076656 88.7463451622487 91.6370101280218 101.117441525762 91.2710570286616 107.581332053194 117.932339483989 129.884658508314 90.5959417637777 0 32.8272625525375 122.755508598355 20.6534380971153 22.0123277508499 37.3916061730512 110.241102635156 68.933168767312 77.2498027616413 58.691122654973 70.4263777449596 50.5216299157361 35.3865600695403 70.7154836014146 151.950555694519 0 166.926027358313 116.293884277344 204.284630619832 196.274322500576 0 199.196838378906 158.084683314768 161.122599770534 0 0 209.996658325195 170.676599997456 215.682029710348 112.88781526522 191.43040513295 122.436859130859 220.105926513672 0 198.021860719989 0 133.263536369272 178.607513427734 0 0 0 149.351718689494 97.8443967487526 148.989287489862 147.101753702169 124.235595703125 179.436595845162 166.536370505365 155.911568501261 177.032651953886 125.145108237326 0 0 142.598562327772 0 147.032464439109
31.8432585960902 113.781787531367 81.362842911992 139.191943914493 106.079193953972 84.8542797911848 27.2236255226293 73.5967253951179 68.5985116697066 102.472799223886 114.355720053421 102.219072142437 131.008346971269 62.2579843955455 102.569867097678 73.9503768350833 71.330833603239 112.474890378661 91.2994139114096 138.195290666725 27.7942162645881 67.0943738784178 52.4096905819633 69.5729416517283 140.849172225118 98.3882839743289 104.524039622695 46.4713199584624 32.8272625525375 0 168.375806078691 120.584799193414 49.3635249440921 37.9733320568139 131.397138780646 69.3656098126475 88.0564452296318 64.1110169964279 72.6567680061299 73.9046315926194 76.9542962679613 108.486710931402 147.600696853016 160.181035733627 154.378822817128 134.545646288577 0 194.095092773438 0 160.869989440371 109.943026723302 148.946480386419 114.464923540277 108.975471496582 184.119946472403 147.993182748828 193.682862857909 83.4738248578451 166.989614621084 205.059799194336 140.43684387207 0 188.248755217057 0 119.728050954847 165.735733032227 194.863998413086 0 0 126.851571239381 75.309491601153 127.996371606338 124.220935158708 0 159.826598875582 153.931240343322 137.877316762336 162.680315242919 113.941942241292 0 0 132.540679931641 150.260692427513 140.586006094922
0 68.6392813821018 120.3936327461 0 99.1432876586914 101.724365234375 0 117.09999592146 137.619171404544 0 35.5509592423994 172.113891601562 13.350887400503 131.275962429224 0 0 94.209457093686 56.0378241691953 71.0438912814282 0 152.443893432617 106.400094414295 133.526121271478 150.161276490168 45.1749494549878 21.8626584776158 22.7797954102067 174.366013741716 122.755508598355 168.375806078691 0 119.242095947266 0 72.7789420412864 0 104.979141746531 58.0246785330628 67.2341871622739 76.1674456081595 168.132233948795 0 67.9807815784123 182.411697387695 71.4730521124369 110.179267883301 0 0 0 110.64945556491 0 68.3211135864258 159.521575927734 0 0 0 0 0 0 0 98.2604417392431 0 96.0014639051341 0 0 0 0 107.78505900177 129.991037769987 0 0 128.986999511719 0 0 80.5160788585637 105.028575217885 110.251387167002 0 0 0 113.479020026885 0 0 92.953010559082 0
92.7302091760677 112.996719456558 118.340575020496 0 12.7322412799405 15.6142108371678 117.520829763015 22.7972862673465 137.982391357422 125.580680628724 64.895808329528 108.326645274279 73.8205282269377 25.8048955992445 42.7786546618395 140.040831629022 125.937013382856 101.882308846994 84.1050952390584 123.819190979004 137.992752008321 109.465782165527 145.892545007145 137.403101250302 122.875463803644 110.639414335149 122.125100635634 134.005823864833 20.6534380971153 120.584799193414 119.242095947266 0 69.8236191901718 26.1422124830445 117.169477727872 74.8941330071734 72.9993520761162 46.0137990179292 60.1043053238471 31.954591711167 20.2941732975777 67.8054860140161 106.257759094238 0 106.252986745223 100.214859008789 0 0 82.7600555419922 0 119.232322692871 0 0 0 0 0 0 94.2931442260742 0 0 0 0 0 0 0 0 0 0 0 0 0 245.890930175781 209.769012451172 0 0 126.468864440918 0 0 154.648223876953 0 0 0 0 119.403883842775
39.7289825017875 127.323638187633 102.016549973575 97.20207991944 49.5418014526367 95.3761595522081 67.6090206057482 90.4248351787449 73.399387221531 100.608138567348 99.9489703624273 110.623035749018 80.3387098960117 67.5315956950873 98.0325516747108 77.9867716336359 99.6650057446307 137.140446103175 115.101535963527 128.148910522461 73.8557010771659 71.3842475455263 84.962676484824 76.5914658850466 110.371940612793 120.770072228779 114.05414466129 74.9712135411636 22.0123277508499 49.3635249440921 0 69.8236191901718 0 24.1546604350624 98.9487377692714 53.5052427402419 83.3630166062476 50.4677593710157 60.7125218304048 58.2982699951484 53.2031065852993 0 179.388221782147 115.95280456543 0 88.1861419677734 0 0 0 174.974824063065 0 0 0 0 0 173.440546315488 179.488021850586 74.6379086607331 182.125213623047 0 0 0 219.849945068359 0 119.774407066774 0 0 0 0 124.354565629987 84.9348668190159 131.692954505443 139.010106808514 0 0 143.717634516031 136.720796909345 192.084582207265 109.019452270201 0 0 0 146.439087476491 137.163851549725
67.8655780136937 60.3586959462269 58.614035935749 103.271922461364 16.1281232459139 40.6514160820538 80.9568930609957 50.8096672705521 86.9090805478543 96.3109279698878 23.0267845130755 87.0610577026044 34.6508057220382 49.8904001001663 42.7179012478486 72.3781323638195 35.1871416358475 54.1331910041603 39.9373190783552 103.665588310784 41.9258042336106 64.2452834065709 48.8152650966852 83.1631917397353 58.8698994421784 57.4463502414934 69.6918981130882 71.7390957817421 37.3916061730512 37.9733320568139 72.7789420412864 26.1422124830445 24.1546604350624 0 97.0250182212593 55.3904186614293 33.4665557682398 17.6450543465312 43.5377637370617 33.901534184385 14.403995407018 18.8238007444192 133.675814081955 108.302030166136 92.4537725341645 89.9798392008577 149.136380823934 91.0580838180385 46.3176015732482 0 76.3379800183309 125.239448820441 201.170104980469 0 0 169.03298822056 176.432830642514 87.2103131099214 176.797984829239 112.525740771532 0 87.8022816165401 172.100372314453 188.235733032227 114.06688868088 0 121.045915797928 119.754124124835 0 134.717719730295 74.4454781658041 123.261678473073 134.389431325858 76.2084323287599 110.504729163302 108.933611798896 143.384054475827 151.311866192095 104.530249368314 125.930442810059 0 0 96.8442675401958 107.723387788792
