0 5.09610718488693 150.869490921497 6.51798459887505 11.8764057159424 124.20449218154 3344.88880309463 1214.64606645703 146.737714380026 146.194536566734 28.3188038766384 11.387246131897 7.04923099279404 13461.8457481265 5.31646129488945 20.7736400067806 137.211371660233 7.01373085379601 29.9093014597893 16.6368174850941 219.448521584272 26.5587583482265 321.477013111115 285.086699068546 0.879674702882767 144.234025835991 82.0453119277954 548.009987682104 15140.0396973193 3440.12420174479 1.02276992797852 21.9713219702244 268.775018453598 335.767683684826 8.57528072595596 201.116767257452 10.9257162213326 268.857725292444 35.9201508760452 64.6396084427834 58.0138958692551 2.13664692640305 15.6749572753906 0 9.25027084350586 0 1.36217015981674 0 1.65896487236023 2.15365698933601 1.29017651081085 2.79804688692093 1.44848608970642 0 4.74305698275566 22.3458670973778 5.8675679564476 15.598364263773 6.13824641704559 0 0.441333800554276 0 4.43574717640877 0 7.72832202911377 0 0.586373627185822 0 0 4.62519586086273 2.05755066871643 3.38488635420799 52.0822273492813 0 3.0369825065136 7.72402483224869 48.6641636788845 6.97806683182716 4.85730570554733 0 0 0 5.97984021902084 8.82607325911522
5.09610718488693 0 724.744066506624 1.23629015684128 0 2.42327976226807 25.1373380422592 10.8149721324444 1204.77367272973 7.14213162660599 190.680362731218 22.9187207818031 563.548979520798 19.9899287223816 54.4895054101944 217.829334139824 426.318476140499 59.8046900331974 228.636739403009 0.406333059072495 53.5272912085056 2211.58128944039 277.318978130817 620.93942424655 2263.65419900417 1429.67998144031 6581.72302556038 116.84928253293 23.4497140944004 63.1379305124283 31.909389436245 1.47132098674774 4.87640818953514 251.175718605518 5.24199721217155 262.472833245993 263.769890934229 447.687993407249 93.1334538757801 108.755753785372 1.80151978135109 65.9564834237099 34.1429622173309 14.7750716805458 48.6388214826584 13.445089161396 1.56411528587341 0.40158075094223 0 1.54133129119873 111.331502139568 135.940542250872 0 0 0.427476584911346 4.98623895645142 0.667699724435806 3.4356065094471 3.332355260849 14.2942898571491 0 17.0019488930702 0.462222218513489 0 9.49109762907028 42.3082783222198 4.53920948505402 25.7090948224068 0 3.98989230394363 64.7722830176353 31.582665771246 8.17993730306625 14.429610490799 239.313799917698 399.645296007395 8.10323256254196 2.67289185523987 7.17185008525848 0.501887142658234 1.4954491853714 0 14.9584683775902 2.08139657974243
150.869490921497 724.744066506624 0 2.61470794677734 4.52611228823662 208.86002856493 901.805007010698 740.047078847885 101.107739001513 88.4649498462677 170.882710754871 2.73575058579445 73.4731127917767 609.753797650337 14.5861628949642 293.927143245935 3591.87667569518 84.9103632569313 501.826224684715 0 2287.46152150631 260.806740760803 15269.7367526293 182.007718682289 82.0466995537281 16583.5829626024 12089.1397703886 1019.74640432 320.297257691622 2037.83731770515 18.6163130402565 5.56233870983124 27.4306371808052 946.46793615818 28.6759191453457 1362.01137915254 836.77667850256 1883.60103583336 535.119662374258 105.625309497118 40.4781335294247 12.0590682029724 213.233928769827 77.0602003335953 227.756569474936 86.7424001097679 10.9673335552216 2.61487603187561 2.62245881557465 4.86954897642136 263.906374365091 1038.29990443587 0 0.469314366579056 0.416925817728043 15.7255432903767 1.26931142807007 17.0334280729294 1.74987617135048 16.6036276817322 0 10.5786258280277 5.32201969623566 0.517970144748688 80.573042601347 201.950916290283 9.06223863363266 76.4731687903404 0 45.7909075319767 61.6450704038143 263.77609950304 41.530202627182 24.4818741679192 522.560868233442 1987.27265262604 36.2697556316853 4.83863210678101 24.7349038720131 1.65537476539612 0 0 76.5491192936897 14.7587616145611
6.51798459887505 1.23629015684128 2.61470794677734 0 1.53264141082764 231.861641466618 194.694663137197 118.419664204121 286.727318704128 8168.08507958055 0 2329.25458404422 2.01918840408325 68.4751841425896 31.1121596097946 2.64604741334915 0 0 0.894549965858459 25253.0102898479 10.6019402742386 7.11712917685509 6.18345308303833 2034.09049075842 0.583105206489563 2.84195339679718 6.84547758102417 13301.8266780376 71.3255629241467 12.4206105470657 0 1.09788367152214 3.01320150494576 22.4617423415184 31.7228147387505 89.1002748310566 0 40.240115404129 7.62173587083817 83.2448632121086 10.8181991577148 0 1.8962689936161 0 4.92793881893158 0 19.3394256830215 0.374814867973328 0 2.08380275964737 0 0.663352727890015 82.7335838675499 0 13.7827225029469 49.4396929740906 6.65266627073288 31.246747225523 113.385471880436 0 247.616930305958 0 3.35965451598167 5.17778068780899 2.44361734390259 0.441068559885025 0 0 89.4239686727524 0 0.612010896205902 1.16879752278328 94.29785618186 0 0 2.3761020898819 70.5517278015614 3.3663167655468 0 0 0 0 0.574155569076538 1.54343515634537
11.8764057159424 0 4.52611228823662 1.53264141082764 0 6407.82015153766 28.6346005797386 649.348638117313 44.1335155069828 26.1120423078537 4.66398388147354 71.3751357197762 1.8515328168869 236.707833409309 4021.3156607151 0 3.45356327295303 3.59900104999542 2.36274254322052 4.4447528719902 4.16350027918816 1.38250184059143 7.28369164466858 31.1393355131149 2.77210634946823 1.62779462337494 6.86272230744362 20.787840038538 253.472767591476 9.7707779109478 0.840691149234772 3739.2463567853 1.44189071655273 1215.02943193913 76.6400237381458 72.3895649909973 5.22329133749008 95.5031748116016 15.5446680486202 8145.81542661786 1500.11530387402 2.38861632347107 4.29347044229507 0 0 1.60411083698273 1.36177468299866 0 0 0 0 0 0.620242536067963 7.38178837299347 0 0.808841556310654 0 1.40292602777481 0 0 0 0 0 1.24142980575562 0 0 0 0 0 0 0 0 4.21039396524429 0 0 1.55822774767876 2.53865882754326 1.12273418903351 0.376373827457428 0 0 0 0 37.5243184268475
124.20449218154 2.42327976226807 208.86002856493 231.861641466618 6407.82015153766 0 3385.04831144214 19844.2950662374 427.637690037489 20123.7591786683 85.2400067150593 6567.84993478656 41.5302218198776 2591.06961414218 7990.49826276302 32.6976197957993 75.3788505196571 8.48909714818001 19.05967015028 722.422214955091 211.146123766899 28.5538516938686 314.007784664631 803.066809535027 3.09085336327553 110.501434460282 110.624767869711 2041.83517122269 1292.96628078818 382.520484536886 1.63422551751137 2979.87524938583 20.1240434646606 1720.5971198678 1328.79434791207 605.421453118324 32.6402165293694 581.141332656145 79.1700437068939 8181.00988742709 2109.59714442492 2.3170508146286 19.5110432505608 2.02293011546135 20.1777811050415 5.61143118143082 21.3464088439941 0.788902103900909 0 6.57922026515007 3.7902370095253 8.78340837359428 23.1452614068985 0 25.7498527467251 149.274186074734 19.9943229854107 42.3506779074669 95.6229778826237 0 35.949303150177 0 15.8475361764431 12.0180524885654 11.4435401558876 1.18145823478699 0 0.502854287624359 5.28610098361969 2.63109502196312 5.99135348200798 11.6879802942276 269.365327090025 0 4.33644390106201 11.4023649990559 268.247147530317 20.3780512809753 14.6765389442444 0 0 3.45542171597481 8.91780710220337 8.19587475061417
3344.88880309463 25.1373380422592 901.805007010698 194.694663137197 28.6346005797386 3385.04831144214 0 6620.48338378966 1952.1739372313 12100.6893681586 31.5874166786671 245.683584332466 17.1479908078909 10873.093003571 79.4450540542603 244.041066706181 211.744174301624 9.11794203519821 35.9607121646404 117.43538069725 1427.33034998178 178.220051825047 1906.98774379492 4846.98425623775 6.9006944000721 294.85905995965 630.020762681961 25935.8361899853 2757.557685256 13613.3519402444 2.26647314429283 47.5168578624725 261.997830569744 881.405240446329 87.3098086714745 1957.35409918427 82.6214217245579 1232.83428987861 264.20232129097 525.715248942375 261.749658882618 3.59305042028427 74.1656987071037 6.66542819142342 112.644646286964 22.34408390522 37.8638522922993 7.05132076144218 0 29.2506156861782 2.04639515280724 21.6003617048264 26.630389124155 0 78.0626573562622 522.485835105181 76.9712741971016 144.875759124756 275.200569361448 0 50.0579299330711 0 72.583657771349 9.9444594681263 54.6879009306431 10.1964449584484 0 4.65024283528328 20.6216414868832 37.2182113230228 20.6920708417892 68.8497482836246 854.103839963675 1.85004734992981 10.8008986413479 85.4704048633575 993.131156295538 95.6091507971287 60.7935184538364 0 0.832727283239365 13.7698783874512 63.0191504955292 32.3948994576931
1214.64606645703 10.8149721324444 740.047078847885 118.419664204121 649.348638117313 19844.2950662374 6620.48338378966 0 272.638969123363 7783.54607850313 196.375641345978 1151.98921111226 59.1759077012539 25593.7032214701 434.486684679985 68.7943328022957 357.447077363729 17.3578812479973 89.7699719369411 190.818322509527 712.744173616171 56.0254624783993 1096.68509429693 795.980577558279 8.84141686558723 446.859755635262 296.866648465395 2198.26115339994 2413.24567523599 2354.47485277057 3.24254471063614 2370.88966283202 75.8750595450401 1584.79076775908 191.147594556212 964.231570959091 53.8523603081703 960.056508272886 131.232273668051 2468.9944434464 974.209933042526 6.71964567899704 29.7612698376179 2.40909916162491 21.7532914280891 5.58988749980927 13.3015654087067 0.618863344192505 0 6.58860066533089 3.04082572460175 11.6931927800179 4.46672654151917 0 7.76906284689903 84.3551204800606 10.0094666033983 31.0390246212482 54.9410867094994 0 9.46513631939888 0.843138068914413 22.6272728741169 4.19719976186752 16.1681527495384 1.42661273479462 0 1.95133054256439 1.30153095722198 9.95471927523613 4.34706234931946 19.1119479238987 176.237863063812 5.03352904319763 8.63745027780533 37.2386868000031 189.330176576972 32.3241484761238 20.9695520102978 0 0 1.37520313262939 12.6069522202015 13.2172818481922
146.737714380026 1204.77367272973 101.107739001513 286.727318704128 44.1335155069828 427.637690037489 1952.1739372313 272.638969123363 0 883.684175252914 39.9727002084255 1576.22134435177 121.92836484313 257.546387374401 1519.54976272583 109.78097602725 68.4884985089302 8.4526886343956 33.7896031439304 227.159548521042 123.981096953154 4671.34828224778 137.319613873959 13911.4900267124 282.05002862215 255.999096125364 1061.0736681819 3146.60401299596 494.501144737005 576.76773494482 8.93735426664352 10.2214440405369 87.4664504528046 172.905947893858 20.0848723053932 668.575563967228 68.0608393549919 266.778296142817 76.6428590714931 2193.21925640106 52.1423105597496 9.8806836605072 51.6408248543739 4.55681812763214 74.7944898605347 5.00515365600586 66.1691198945045 6.26101049780846 0 9.72808995842934 13.0014269948006 11.5744209289551 27.7852131128311 2.96291756629944 40.5156929194927 146.085919201374 22.2324509322643 240.03648903966 160.048823833466 1.30449211597443 103.182259529829 2.40418061614037 25.234713613987 27.3488275706768 43.1635181903839 2.53630179166794 1.20333248376846 1.73847579956055 10.4125864505768 14.3741814792156 74.4217880666256 38.2239481210709 529.901492297649 4.52562206983566 16.9541395306587 48.2163308858871 346.789827644825 48.7187978625298 27.9388364255428 0 0 2.29391321539879 32.5257214158773 13.3058651685715
146.194536566734 7.14213162660599 88.4649498462677 8168.08507958055 26.1120423078537 20123.7591786683 12100.6893681586 7783.54607850313 883.684175252914 0 36.897017121315 18480.7213137746 17.925812959671 2458.71174812317 110.28439065814 47.4122640490532 18.1273202896118 2.89489182829857 8.30956920981407 10628.9787209034 135.123776048422 42.4131171107292 181.920071303844 1735.48735499382 1.0108448266983 31.1341114640236 109.915401816368 11946.7050056756 1014.05745634437 250.268046408892 0.618273556232452 54.133037686348 83.6222481131554 588.940811097622 439.364294797182 1262.64308124781 16.7889986336231 779.965543121099 139.571780771017 716.423347115517 294.616648137569 0 23.8205544054508 0.565529763698578 12.7355024814606 0.884153664112091 33.6381592750549 2.7589625120163 0.65998113155365 6.21992847323418 2.02445793151855 2.48436924815178 42.2187849283218 0 40.2442271411419 192.675482869148 25.3519471287727 105.666460484266 201.53996026516 0 132.907014638186 0 20.5258168280125 10.8572565615177 10.7603170871735 0 0 0 12.2528468966484 8.7438690662384 5.06240323185921 14.9302808046341 454.980327278376 0 2.0892761349678 11.6940702795982 328.124114528298 20.6556486487389 9.44790485501289 0 0 1.60770377516747 13.7931562662125 21.6796181499958
28.3188038766384 190.680362731218 170.882710754871 0 4.66398388147354 85.2400067150593 31.5874166786671 196.375641345978 39.9727002084255 36.897017121315 0 26.5327953100204 15827.6640215218 273.787181288004 3.37043678760529 20.1517371237278 939.53060144186 8121.47398322821 6281.41549319029 4.21142780780792 54.6269071102142 49.3419756293297 180.910157442093 31.2885668873787 2060.38272821903 14547.1829125285 2945.0846337676 34.0703036785126 275.939320683479 97.8014922440052 2068.07916429639 55.8393594920635 8.18772453069687 8081.06716194749 4.16938909888268 402.109097510576 4885.18537077308 7690.92710375786 361.673584908247 63.1199105978012 20.41829007864 2604.30985024571 3.21966588497162 7.16143673658371 14.6467719078064 3.05386805534363 0 0 0 0 11.0411039888859 11.6979666948318 0 0 0 0.416031062602997 0 0 0 32.7936189472675 0 123.273640602827 0 0 3.27116224169731 1.03568005561829 28.7829788029194 14.3121744096279 0 0 2.17143189907074 7.81296533346176 4.02296006679535 59.228391379118 122.710613578558 135.574831575155 2.56750982999802 0.952632486820221 0 5.4605278968811 0 0.904385924339294 11.2998794317245 2.60052511096001
11.387246131897 22.9187207818031 2.73575058579445 2329.25458404422 71.3751357197762 6567.84993478656 245.683584332466 1151.98921111226 1576.22134435177 18480.7213137746 26.5327953100204 0 4.89540809392929 326.724033951759 2900.43541607261 2.69881018996239 1.36246770620346 0 3.29710492491722 22899.9963335097 1.5334335565567 62.9058458209038 2.50605583190918 941.058664023876 1.25131487846375 8.00151261687279 36.5389013290405 1165.557751894 243.447197198868 16.1951147913933 0 27.4780311286449 7.38801482319832 149.670960426331 1808.29299995303 195.602701812983 1.30372297763824 172.941919416189 18.0525844991207 3559.96734234691 100.148115068674 0.604930877685547 9.97672754526138 0.529728293418884 2.08086794614792 0 41.0098674297333 0 0 0.846691876649857 0 1.16372394561768 25.1667621135712 2.19494467973709 53.3434275388718 26.487152338028 5.74921104311943 99.7402368187904 465.956840336323 0 632.760338366032 0 3.03992819786072 15.4545410275459 0.749140441417694 0 0 0.50107741355896 77.7446110248566 0 3.82994693517685 1.41606140136719 157.787572354078 0 0 3.55268803238869 89.9883644282818 4.50481906533241 0 0 0 0.310434579849243 1.726467192173 4.77770042419434
7.04923099279404 563.548979520798 73.4731127917767 2.01918840408325 1.8515328168869 41.5302218198776 17.1479908078909 59.1759077012539 121.92836484313 17.925812959671 15827.6640215218 4.89540809392929 0 61.5786718428135 7.91123887896538 18.8763098120689 101.187333345413 538.156546354294 415.68797442317 0.807205080986023 16.0248148739338 108.218773454428 65.4714800417423 37.6966971755028 8718.02814221382 7515.56577694416 5943.69040825963 25.3287581801414 46.0293800532818 27.6135476827621 7637.87782508135 18.6594604253769 2.00249969959259 2575.10267704725 99.8455098569393 1602.08645829558 3953.86911472678 3414.49250754714 1034.65130791068 106.935156017542 1322.4143897295 5095.14754912257 18.8474877476692 5.99641627073288 21.193480014801 6.98064601421356 1.45874232053757 2.12280833721161 2.29964292049408 0 16.2224343419075 6.13053512573242 0 0 0 0 0 0.373909711837769 0.814785420894623 85.7675036787987 0 345.23868688941 0 0.501081347465515 1.3410661816597 1.68022572994232 28.1213336288929 21.1160452663898 0 3.1129999756813 1.305832862854 3.50204420089722 3.58789017796516 124.573100298643 213.860851258039 173.128856211901 1.82923203706741 0 1.6298902630806 24.3266949355602 0 0 6.60808569192886 47.0787348151207
13461.8457481265 19.9899287223816 609.753797650337 68.4751841425896 236.707833409309 2591.06961414218 10873.093003571 25593.7032214701 257.546387374401 2458.71174812317 273.787181288004 326.724033951759 61.5786718428135 0 88.3541540205479 56.6632623374462 301.901672869921 27.8682830631733 76.1190392076969 84.3869021832943 637.703224390745 63.5647983253002 1050.76320397854 623.368645519018 8.84238648414612 440.112003326416 269.081643044949 1815.47994306684 15931.7896398604 3574.20044907928 2.14950221776962 2075.9537731111 556.701020270586 2110.09603285789 49.883753657341 1124.29049813747 59.961448520422 1236.91052758694 130.635457754135 924.861582875252 775.826910823584 12.0850498080254 35.0855373442173 0.78317928314209 14.1843345463276 3.13006669282913 1.2182984650135 2.59520903229713 0 4.09897157549858 3.90343952178955 9.14982157945633 2.0554546713829 0.700058937072754 2.25242349505424 46.4186820983887 8.40846061706543 39.0982051491737 23.2516980171204 0 1.51732558012009 0 10.8383783102036 0.876125246286392 26.3729151785374 0.555300116539001 0.646054804325104 2.44783800840378 0 11.2524751722813 4.33601185679436 15.1593876779079 120.145427376032 0 3.83284074068069 33.4121532142162 140.305424153805 25.2967552542686 10.1325430870056 0 0 2.00749763846397 16.6568972170353 11.5188477635384
5.31646129488945 54.4895054101944 14.5861628949642 31.1121596097946 4021.3156607151 7990.49826276302 79.4450540542603 434.486684679985 1519.54976272583 110.28439065814 3.37043678760529 2900.43541607261 7.91123887896538 88.3541540205479 0 3.80822390317917 1.58861249685287 1.67184340953827 2.39821520447731 83.5347611308098 4.02609822154045 129.719882667065 15.3756065666676 655.029357641935 2.54557862877846 15.1195645928383 46.2586103975773 112.384516835213 42.2490479946136 13.1683955192566 0.518996953964233 165.430734872818 1.32292032241821 62.9408063590527 192.723130792379 50.0304467976093 5.33560281991959 18.7098712921143 26.6313139796257 13672.5616198778 83.5166453123093 1.91195523738861 8.64101535081863 1.84421938657761 5.00905418395996 11.1607508659363 23.1831393837929 3.13162505626678 0 0 0 0 3.15461096167564 8.0791107416153 0.762998282909393 9.7217378616333 0.354313522577286 13.7171903550625 7.64376750588417 0 17.3314079046249 0.491631269454956 1.11875602602959 14.690909743309 7.63248431682587 0 1.00574707984924 0 3.1667799949646 0 0 1.71252024173737 22.1186185181141 0 2.02817988395691 0.435727894306183 15.9295728504658 0 0 0 0 0 0.23054301738739 97.1426472365856
20.7736400067806 217.829334139824 293.927143245935 2.64604741334915 0 32.6976197957993 244.041066706181 68.7943328022957 109.78097602725 47.4122640490532 20.1517371237278 2.69881018996239 18.8763098120689 56.6632623374462 3.80822390317917 0 200.53837993741 9.90299135446548 44.8540717363358 4.24243906140327 7707.87570005655 2592.68162554502 13519.3685161173 3102.93870845437 26.1503081321716 228.832247942686 9479.0764195919 3783.11383697391 129.983765691519 554.208340108395 2.98807829618454 0 38.8064121007919 753.433972835541 60.0280654728413 1631.30907160044 401.332536846399 1333.57416063547 425.49374628067 166.341235131025 39.8869177997112 3.57804608345032 260.735937833786 48.4454762935638 230.493954151869 74.7536509335041 38.4788897037506 4.17465534806252 0 3.47645908594131 15.7506678700447 107.575886636972 0 1.49967408180237 3.24106577038765 33.8552024662495 8.4152714908123 36.0174896121025 11.6277006864548 2.34909304976463 0.861333191394806 0.971981823444366 14.7268686890602 0 713.412566542625 20.9888231158257 1.18988525867462 5.34873366355896 0 255.552743256092 115.509415149689 1235.44463461637 157.397238284349 0.525600075721741 27.5482670962811 657.221238106489 175.958963662386 18.1760798692703 67.9570476710796 0 0 4.60635733604431 79.5216958224773 37.2613056004047
137.211371660233 426.318476140499 3591.87667569518 0 3.45356327295303 75.3788505196571 211.744174301624 357.447077363729 68.4884985089302 18.1273202896118 939.53060144186 1.36246770620346 101.187333345413 301.901672869921 1.58861249685287 200.53837993741 0 408.304003298283 7312.06161898375 0.473747611045837 2216.32764527202 162.621910870075 9234.74503859878 124.174006164074 97.7929861545563 7057.0457508266 5871.02049633861 396.407598376274 427.696251302958 2111.62878865004 30.0072740614414 2.89424210786819 41.0917266905308 3241.35636591911 15.2430298924446 839.475704103708 595.52338206768 2415.959325701 377.135012328625 80.1072694957256 28.3445406556129 8.8013613820076 61.4174956679344 32.3896228075027 78.355939656496 18.6014159917831 4.11628448963165 0 1.66309118270874 0.861502587795258 86.5283265709877 240.008919775486 0 0 0 8.47224071621895 1.54616981744766 4.89455723762512 0.987256467342377 4.21059900522232 0 14.1672036647797 1.4151796400547 1.16210782527924 20.2496449947357 66.3265141248703 10.0890319645405 33.5779176354408 0 14.9317965507507 12.3387153446674 68.0306735932827 15.6461417376995 17.599503993988 313.362473338842 569.264240711927 14.6954667568207 0.614547550678253 13.4909400939941 2.35696536302567 0 2.1954927444458 27.1129951477051 10.4628666937351
7.01373085379601 59.8046900331974 84.9103632569313 0 3.59900104999542 8.48909714818001 9.11794203519821 17.3578812479973 8.4526886343956 2.89489182829857 8121.47398322821 0 538.156546354294 27.8682830631733 1.67184340953827 9.90299135446548 408.304003298283 0 6651.28703030944 0 38.052703499794 14.513128310442 80.458925485611 13.236252874136 370.355575710535 7444.4568810463 1227.00625300407 15.8696232736111 27.1218122243881 37.9098520278931 156.419504404068 0 1.41621655225754 557.410149127245 0.740017056465149 100.852736115456 349.283783704042 577.535538077354 65.4451561272144 4.63365814089775 7.7411857843399 16.6974430382252 5.89594078063965 3.55031019449234 9.98726123571396 0 0 0 0 0.420875132083893 6.56325793266296 4.06220954656601 0 0 0 0.726807236671448 0 0.587882280349731 0 14.2361996769905 0 68.1455435752869 0 0 0 2.62574952840805 9.19645315408707 6.92778325080872 0 0 1.25671035051346 0.636451601982117 0 33.7220316529274 80.7572003602982 81.7843647003174 0 0 0.465991079807281 5.08934414386749 0 0.604647636413574 2.82273405790329 1.81221273541451
29.9093014597893 228.636739403009 501.826224684715 0.894549965858459 2.36274254322052 19.05967015028 35.9607121646404 89.7699719369411 33.7896031439304 8.30956920981407 6281.41549319029 3.29710492491722 415.68797442317 76.1190392076969 2.39821520447731 44.8540717363358 7312.06161898375 6651.28703030944 0 1.53411543369293 233.455422520638 64.6793381273746 651.107015401125 34.3528499305248 415.290903359652 11361.0654910505 3485.52964267135 76.7634937763214 98.9902977496386 310.745126873255 105.075190246105 7.21584096550941 4.61855152249336 1821.14460831881 6.12567514181137 403.448413491249 580.229629665613 1475.26543742418 262.403691589832 27.5746678411961 5.47849375009537 23.7168169021606 15.5426570177078 13.0150492787361 24.9228436350822 4.01517772674561 0 0 0 0 58.850044131279 45.0889734625816 0 1.55453312397003 0 1.58788964152336 0.463111490011215 2.46718263626099 0 13.0865530073643 0 40.0540341734886 1.46340960264206 0 4.29523187875748 21.8042147755623 21.0302237272263 26.4935431480408 0 3.98263430595398 6.34526899456978 11.9229153096676 2.66513580083847 69.8135958611965 312.918039441109 287.798375695944 1.15577948093414 0.595212161540985 0.499185144901276 2.58695060014725 0 0 12.048231780529 4.32212102413177
16.6368174850941 0.406333059072495 0 25253.0102898479 4.4447528719902 722.422214955091 117.43538069725 190.818322509527 227.159548521042 10628.9787209034 4.21142780780792 22899.9963335097 0.807205080986023 84.3869021832943 83.5347611308098 4.24243906140327 0.473747611045837 0 1.53411543369293 0 7.96592199802399 5.40427681803703 6.85753566026688 3005.08890533447 0 2.97349637746811 6.73033779859543 4352.73444315791 67.3470571041107 9.650793582201 0 4.41055443882942 7.17245024442673 39.7948819994926 279.022882342339 117.529659956694 1.40408003330231 59.3983290195465 10.4658384919167 197.706822365522 23.2521267831326 0.834221243858337 1.4927117228508 0 1.49224555492401 0 4.73716315627098 0 0 0.814956545829773 0 0 12.6901825964451 0 6.89412993192673 32.4048884510994 6.26474887132645 18.1815299391747 23.6897612214088 0 135.85837328434 0 1.73796766996384 9.15145915746689 0.998859018087387 0 0 0 1.70832824707031 0.479165703058243 1.16223326325417 1.33494102954865 80.4682094156742 0 0 0 53.1932745873928 2.42002165317535 0 0 0 0 1.05985403060913 1.25291609764099
219.448521584272 53.5272912085056 2287.46152150631 10.6019402742386 4.16350027918816 211.146123766899 1427.33034998178 712.744173616171 123.981096953154 135.123776048422 54.6269071102142 1.5334335565567 16.0248148739338 637.703224390745 4.02609822154045 7707.87570005655 2216.32764527202 38.052703499794 233.455422520638 7.96592199802399 0 700.758194476366 29725.9636083841 1026.58653539419 21.8117229342461 854.144251048565 1871.93141996861 10162.3340118229 726.889495640993 17149.6512160897 5.67711719870567 3.87431770563126 178.514302611351 4924.7344597578 115.938448250294 3459.49539333582 369.409288108349 3599.29564213753 846.127448171377 343.272398978472 102.769806057215 2.68191260099411 153.573562860489 17.6591474413872 125.06939637661 44.7469735741615 18.5894427597523 4.10911238193512 0 8.84632652997971 5.60210099816322 58.1057677865028 1.6710638999939 0 3.2117857336998 14.9122960269451 8.49488335847855 71.3502159714699 3.4984618127346 1.62151205539703 1.87994402647018 0 11.5707969069481 1.46740812063217 338.124667823315 10.7267405390739 0 6.1238731443882 0 177.447088390589 32.6835558414459 400.686579406261 167.971376150846 1.06841337680817 31.5776324272156 167.698127835989 214.153789192438 37.8029097914696 66.4337007701397 0.406136482954025 0 4.93798768520355 70.489334821701 82.5317232608795
26.5587583482265 2211.58128944039 260.806740760803 7.11712917685509 1.38250184059143 28.5538516938686 178.220051825047 56.0254624783993 4671.34828224778 42.4131171107292 49.3419756293297 62.9058458209038 108.218773454428 63.5647983253002 129.719882667065 2592.68162554502 162.621910870075 14.513128310442 64.6793381273746 5.40427681803703 700.758194476366 0 1194.47234666348 7691.83994668722 385.325832933187 364.859619289637 3600.77045634389 1117.36166587472 137.000996232033 406.400409340858 7.59460064768791 0 35.3849636614323 331.186183571815 9.39488968253136 702.512780636549 215.238685756922 583.967248648405 183.473343610764 241.473053485155 25.2880550324917 9.77664265036583 62.7427849471569 3.06346380710602 38.2491881549358 11.2990280985832 19.6426475048065 1.08376058936119 0 1.92596042156219 24.1178784370422 24.9839322566986 2.04452085494995 0 5.77703022956848 21.6958842873573 2.6231050491333 109.883428305387 14.8751676082611 1.34919425845146 5.56867334246635 2.11005491018295 5.31414201855659 0 100.266311049461 6.50336825847626 3.78664076328278 4.94868069887161 0 27.3585848212242 430.579759478569 121.608348280191 111.741548418999 6.59107613563538 13.0371800661087 124.875544160604 74.9593936502934 13.4156302511692 16.5621226727962 0 0 1.32258713245392 18.0872945785522 9.19282907247543
321.477013111115 277.318978130817 15269.7367526293 6.18345308303833 7.28369164466858 314.007784664631 1906.98774379492 1096.68509429693 137.319613873959 181.920071303844 180.910157442093 2.50605583190918 65.4714800417423 1050.76320397854 15.3756065666676 13519.3685161173 9234.74503859878 80.458925485611 651.107015401125 6.85753566026688 29725.9636083841 1194.47234666348 0 611.702405303717 46.8797428905964 3532.28665393591 15098.5712251961 7020.5017888248 874.267470806837 8560.98574775457 8.51940584182739 15.1579214930534 139.816202431917 5296.47697323561 175.551755875349 4913.98962697387 2128.37023687363 7703.84625592828 1784.78505691886 592.092342287302 151.236555069685 14.4687644839287 420.588420599699 127.788030922413 474.97009113431 182.762568414211 41.9292524755001 10.3501262962818 1.78594446182251 4.58178743720055 77.8478142917156 537.780596286058 0 0.755736470222473 1.80470156669617 62.4589515924454 10.8230842351913 46.0714044868946 6.26195877790451 2.12631529569626 0 4.11621424555779 24.9782257676125 1.33781617879868 907.795278400183 74.0243556499481 4.92521721124649 31.5198994576931 0 207.094798922539 206.685988217592 1685.57981911302 182.322100043297 12.4111821055412 136.586551010609 2057.20528271794 194.012303888798 33.3645039200783 83.0283994674683 0.400344520807266 0 4.31439608335495 125.186836898327 116.275086164474
285.086699068546 620.93942424655 182.007718682289 2034.09049075842 31.1393355131149 803.066809535027 4846.98425623775 795.980577558279 13911.4900267124 1735.48735499382 31.2885668873787 941.058664023876 37.6966971755028 623.368645519018 655.029357641935 3102.93870845437 124.174006164074 13.236252874136 34.3528499305248 3005.08890533447 1026.58653539419 7691.83994668722 611.702405303717 0 97.8129378855228 199.38871088624 2145.15631696582 31455.2886363864 1195.87883141637 1574.20465362072 5.4663105905056 26.6980192363262 218.387293368578 732.905443131924 47.3404701352119 2151.43918198347 106.243291020393 911.983260303736 299.908390671015 1125.19186866283 188.558117002249 4.31767380237579 339.028279602528 11.0901788771152 241.732675373554 66.5354702472687 122.96396741271 14.4545333385468 2.17255067825317 71.7949608266354 11.3102601766586 40.8714537322521 67.2025178074837 1.53691712021828 125.979907423258 836.510068327188 151.102069139481 557.562937051058 530.84034627676 2.59157034754753 165.401658207178 1.19042980670929 164.825518518686 33.202394425869 281.266389936209 10.8872024416924 0.795930027961731 5.77358967065811 52.0012648701668 205.691461294889 63.9177085161209 272.016587257385 2905.79254439473 0.549050748348236 24.1988356411457 147.162420004606 2386.1434263885 243.364069670439 204.907157808542 0 1.66412580013275 32.4807874858379 237.412710636854 26.0872347354889
0.879674702882767 2263.65419900417 82.0466995537281 0.583105206489563 2.77210634946823 3.09085336327553 6.9006944000721 8.84141686558723 282.05002862215 1.0108448266983 2060.38272821903 1.25131487846375 8718.02814221382 8.84238648414612 2.54557862877846 26.1503081321716 97.7929861545563 370.355575710535 415.290903359652 0 21.8117229342461 385.325832933187 46.8797428905964 97.8129378855228 0 2398.8654101193 6246.33074858785 20.511923879385 11.6293505132198 13.3873974680901 292.116613328457 4.06659853458405 0 242.047189325094 2.05143028497696 50.0275837779045 1346.74684095383 439.923094123602 23.3025470972061 14.6211703717709 0 1038.60235828161 7.44534921646118 15.9393839836121 24.4886939227581 4.82082390785217 0 0 3.15623116493225 0 39.534200489521 10.0701408982277 0 0 0 0.741951584815979 0 0.645576953887939 0 75.075436770916 0 294.779511928558 0 0 2.41721299290657 5.4170423746109 51.9251350164413 38.9588404297829 0 4.22777676582336 14.5845563411713 7.44400548934937 3.92764174938202 223.181253135204 419.83319824934 359.97739136219 3.05749189853668 0.452788203954697 0.933367967605591 20.9502822160721 0 0 12.5693477988243 0
144.234025835991 1429.67998144031 16583.5829626024 2.84195339679718 1.62779462337494 110.501434460282 294.85905995965 446.859755635262 255.999096125364 31.1341114640236 14547.1829125285 8.00151261687279 7515.56577694416 440.112003326416 15.1195645928383 228.832247942686 7057.0457508266 7444.4568810463 11361.0654910505 2.97349637746811 854.144251048565 364.859619289637 3532.28665393591 199.38871088624 2398.8654101193 0 38358.301130563 410.155391007662 363.549842238426 1120.47854813933 3778.46617460251 19.2769722044468 31.2606278955936 3097.81008571386 27.3009696900845 1595.04206651449 2660.35149371624 4628.6051081717 872.819808900356 114.540578812361 45.0080275833607 97.1207762658596 113.111542791128 92.0208666920662 216.431781709194 51.0082858204842 13.8869733810425 0 5.97605538368225 3.14766246080399 293.480812937021 399.280493021011 0 0 0 9.50305905938148 7.16374084353447 14.8023388087749 1.21862202882767 144.94216889143 0 386.861688196659 6.10473617911339 0 18.1064940094948 135.979780137539 164.826142370701 283.832689076662 0 16.600449025631 29.5743016004562 96.4527886211872 11.0620265901089 458.318971157074 2011.57906192541 2258.79070204496 12.1043044030666 4.34138888120651 11.2450607717037 36.9250656664371 0 1.02480494976044 80.7548607289791 15.9736099243164
82.0453119277954 6581.72302556038 12089.1397703886 6.84547758102417 6.86272230744362 110.624767869711 630.020762681961 296.866648465395 1061.0736681819 109.915401816368 2945.0846337676 36.5389013290405 5943.69040825963 269.081643044949 46.2586103975773 9479.0764195919 5871.02049633861 1227.00625300407 3485.52964267135 6.73033779859543 1871.93141996861 3600.77045634389 15098.5712251961 2145.15631696582 6246.33074858785 38358.301130563 0 2595.93971306086 256.772662937641 860.97703653574 1814.36057576537 17.9544143080711 35.1338073909283 4207.92897245288 85.7713044583797 4936.86769574881 4191.81876510382 8124.48961472511 2004.91118183732 382.433105498552 88.4246750771999 101.543335169554 496.032669812441 239.677652686834 755.623055458069 207.380408465862 40.5317017734051 6.87060007452965 10.1787464618683 5.05413845181465 576.876136362553 1662.57892522216 1.81856536865234 1.45093530416489 6.60867616534233 78.186578720808 14.1875230669975 35.9903774857521 4.93790704011917 126.115116178989 2.6977596282959 368.086679786444 17.7678034901619 0.569471597671509 298.671776711941 330.333643913269 131.398678779602 292.152171254158 0 97.6532007455826 190.129447102547 1100.45732146502 115.273083716631 418.234765350819 2351.39425885677 5174.88722082973 132.699767947197 21.657815605402 63.6446163654327 33.3218348026276 0.67078897356987 0.488864630460739 217.659326463938 63.4790944755077
548.009987682104 116.84928253293 1019.74640432 13301.8266780376 20.787840038538 2041.83517122269 25935.8361899853 2198.26115339994 3146.60401299596 11946.7050056756 34.0703036785126 1165.557751894 25.3287581801414 1815.47994306684 112.384516835213 3783.11383697391 396.407598376274 15.8696232736111 76.7634937763214 4352.73444315791 10162.3340118229 1117.36166587472 7020.5017888248 31455.2886363864 20.511923879385 410.155391007662 2595.93971306086 0 2153.12601849437 14252.3421052694 2.44125232100487 40.2643730640411 473.192693352699 2538.74873486161 188.729548484087 5575.34095922112 235.298707276583 2444.60953107476 748.598457723856 773.214810073376 292.264802962542 5.23355141282082 375.844189167023 11.567066848278 293.635476976633 77.7737549841404 119.393651515245 20.4527538716793 0 67.9715237915516 9.61683228611946 65.0594283044338 140.174047648907 1.18448328971863 100.480957001448 635.789576381445 109.031462132931 411.635407716036 355.285052210093 1.92700737714767 100.604670643806 0.428651869297028 131.574120491743 5.62140965461731 356.592091649771 14.7132141292095 1.03495138883591 7.46922528743744 58.0324859023094 235.401196837425 48.896438062191 305.3671400249 1969.05509120226 1.39040946960449 18.380194991827 201.966047137976 1802.26957932115 258.082001417875 230.185231715441 0.525394856929779 0.632285416126251 42.451360732317 211.606703013182 86.9242605865002
15140.0396973193 23.4497140944004 320.297257691622 71.3255629241467 253.472767591476 1292.96628078818 2757.557685256 2413.24567523599 494.501144737005 1014.05745634437 275.939320683479 243.447197198868 46.0293800532818 15931.7896398604 42.2490479946136 129.983765691519 427.696251302958 27.1218122243881 98.9902977496386 67.3470571041107 726.889495640993 137.000996232033 874.267470806837 1195.87883141637 11.6293505132198 363.549842238426 256.772662937641 2153.12601849437 0 7017.43122324347 5.4547266960144 3125.596036762 11545.9241226315 3309.08755934238 89.0328379869461 1611.23313650489 70.4693126380444 1979.91278195381 283.358831077814 593.369001418352 975.064449548721 9.0066996216774 45.7240153551102 3.94919893145561 38.7781162858009 11.6967406868935 10.7507388293743 5.15575900673866 0 12.8323241472244 1.285515666008 3.10786241292953 0.367972552776337 0.748570084571838 8.08188194036484 85.78366497159 17.1079428792 52.2936359345913 18.7889772951603 2.7214235663414 6.92508673667908 0 17.7044907212257 0 53.2786437869072 1.74111661314964 0 1.01016104221344 1.71754842996597 32.9864652454853 10.7057851850986 43.7248504757881 242.901163369417 0.371913284063339 9.55432885885239 22.1727112829685 276.744228586555 35.1406114399433 23.6618403196335 0 0 6.46311730146408 32.1722844839096 26.3824907541275
3440.12420174479 63.1379305124283 2037.83731770515 12.4206105470657 9.7707779109478 382.520484536886 13613.3519402444 2354.47485277057 576.76773494482 250.268046408892 97.8014922440052 16.1951147913933 27.6135476827621 3574.20044907928 13.1683955192566 554.208340108395 2111.62878865004 37.9098520278931 310.745126873255 9.650793582201 17149.6512160897 406.400409340858 8560.98574775457 1574.20465362072 13.3873974680901 1120.47854813933 860.97703653574 14252.3421052694 7017.43122324347 0 6.7024330496788 34.1467336714268 674.40783405304 4951.19284147024 101.773628264666 2923.50098198652 195.279238671064 3007.27888098359 619.781986564398 314.722846210003 191.428992986679 3.54859402775764 107.668290674686 1.30132794380188 70.8154462277889 16.3088611066341 20.0435619950294 7.84416699409485 0 7.33038014173508 9.78578245639801 39.9067077636719 2.88034015893936 0 6.89404991269112 75.0176268517971 13.4312378168106 85.8424254655838 23.4120451509953 2.32461768388748 0 1.96358144283295 29.2248798161745 0 109.685714036226 12.9373656511307 0.861165702342987 2.10657602548599 2.98768770694733 84.020599424839 14.9575900137424 107.150027960539 321.111576586962 2.81753811240196 25.9989797472954 96.2643439769745 348.194492727518 62.4507346153259 48.2825832664967 0 0.632052838802338 11.7308220267296 55.7868945896626 67.1833032667637
1.02276992797852 31.909389436245 18.6163130402565 0 0.840691149234772 1.63422551751137 2.26647314429283 3.24254471063614 8.93735426664352 0.618273556232452 2068.07916429639 0 7637.87782508135 2.14950221776962 0.518996953964233 2.98807829618454 30.0072740614414 156.419504404068 105.075190246105 0 5.67711719870567 7.59460064768791 8.51940584182739 5.4663105905056 292.116613328457 3778.46617460251 1814.36057576537 2.44125232100487 5.4547266960144 6.7024330496788 0 0.975921094417572 0.843909025192261 73.2841637134552 0 12.9370347857475 149.521190136671 163.133527129889 11.1509978473186 0.350535869598389 0.866178870201111 21.9599254727364 0 1.31694895029068 3.3069452047348 0 0 0 0 0 3.81451758742332 0.788295865058899 0 0 0 0 0 0 0 9.31078207492828 0 40.8472204506397 0 0 0 0 0.788383424282074 1.27355754375458 0 0 1.78255975246429 0 0 10.4253231287003 25.9558422863483 30.9954000115395 0 0 0 1.79747447371483 0 0 0 0.807657241821289
21.9713219702244 1.47132098674774 5.56233870983124 1.09788367152214 3739.2463567853 2979.87524938583 47.5168578624725 2370.88966283202 10.2214440405369 54.133037686348 55.8393594920635 27.4780311286449 18.6594604253769 2075.9537731111 165.430734872818 0 2.89424210786819 0 7.21584096550941 4.41055443882942 3.87431770563126 0 15.1579214930534 26.6980192363262 4.06659853458405 19.2769722044468 17.9544143080711 40.2643730640411 3125.596036762 34.1467336714268 0.975921094417572 0 7.66204985976219 2477.86294001341 4.26421076059341 183.12074047327 6.24762618541718 339.0543230474 34.2639278173447 451.437268286943 3016.70386046171 4.35975897312164 3.59906399250031 0 0 0 0.681688249111176 0 0 0 0 0 0 0 0.732319355010986 4.60918778181076 0.326150178909302 0.548851430416107 0.293500155210495 0 1.54277610778809 0 0 0 0 0 0 0 0 0 0 0 6.04012820124626 0 0 0 3.58217617869377 0 0.294811725616455 0 0 0 1.49208545684814 0
