0 126.084130066763 100.695595318019 96.2041852465236 78.5499301497532 73.7498949708635 32.2722547273798 46.6015838878835 73.3929762782207 82.695558503348 109.671853149393 103.168771542237 102.698310660517 16.0269602989608 87.5317473363928 110.161802604108 101.76209095689 148.867728970296 127.571693263126 91.0001617062916 82.0067342115958 82.4091483778413 89.4520523524996 75.5010396528284 137.473794239654 117.965129173037 129.650612289663 79.0066253649968 17.2579132547636 33.7790274899439 137.295532226562 86.748180908862 35.3932988783208 61.7789821765358 107.273611451339 73.4663708613373 83.0842051686528 67.7321268908976 79.8182231358667 68.079017498435 62.6760609704706 90.4039253384852 158.700861683385 0 157.228265623207 0 135.107931750764 0 191.473373413086 166.545663248005 139.773788452148 177.033146282579 175.645710182187 0 165.710399955678 149.662102129759 171.760407411611 85.4590994062329 158.461399998239 0 191.255661010742 0 165.289684063119 0 138.169337924092 0 209.842895507812 0 0 141.398742405671 131.181528892397 163.419561573116 128.653714711039 0 180.101563722705 162.885723293461 142.80314332109 163.113226070836 138.610471546027 0 0 0 143.633284860835 138.253259486068
126.084130066763 0 44.4366319691301 130.980006848842 0 146.434116971463 119.929336403736 148.033958322825 64.8495560456356 128.492053364234 60.1161462965654 92.8274270281212 48.2298335857086 139.788331790353 99.4431587274156 64.2825524990397 57.2434865083734 71.1713596259249 59.683153463455 124.739059448242 89.2139097517572 29.204685714492 71.3189286308407 76.1531662848135 22.6197767606115 49.2117421375333 36.3072764932493 98.977195357341 126.91101051634 101.617506255288 72.9262639872856 93.9627456665039 111.881261154493 60.8413443583458 146.891430725147 80.06523710124 49.1073477535844 61.8467213876938 72.8656454504933 95.9168478465646 84.7501619763211 44.4852441472123 97.5592788051996 61.0375871911181 82.4412619704164 88.4986070855749 104.954315185547 233.956146240234 0 118.819381713867 19.5724921535728 61.37811563358 0 0 170.497406005859 138.759578734073 180.456383005456 96.2766011353414 153.923914246546 93.8479115908451 0 97.542280081409 134.6728515625 0 104.665281878178 59.7592088563651 94.7865527890067 76.0584076968061 0 125.581182503704 38.9219243850215 83.4437826907923 135.146125240404 45.0105691583175 61.7348119537065 56.7513227207162 152.370560102327 153.311674862536 114.210844316806 89.9214782714844 106.538711547852 0 69.8778373089012 143.321480500925
100.695595318019 44.4366319691301 0 127.075244552048 162.765149341103 124.818610998268 95.8752224083602 117.649988832306 98.9103157932217 120.902424347486 83.8582549008957 155.457479662253 92.8772426123804 113.948621353221 132.168932470849 82.5623814721813 44.5859868821225 88.9842946687528 62.6325629773838 0 62.9170499283799 60.9495377693345 33.9013795985779 102.442271228265 72.9178517836173 30.0861906645419 40.229814279996 83.9992773609155 109.447896616654 76.0016404816049 100.738438150186 165.860017887133 108.121149513724 62.9716347113003 149.990357159207 75.4026599377203 50.6422723531285 60.6123292510984 65.9728266199847 101.628081872535 112.543850421562 89.0796463596469 126.449555314775 103.935160734775 112.979326082137 119.703614664762 154.517155385413 118.14180844815 124.416178627507 160.703490450825 61.0952467314463 94.4410768040999 0 226.448654174805 170.914260864258 180.818698326642 202.991934896688 120.107656330339 186.557788586187 141.454004589724 0 139.124782708554 189.557486867598 93.4210662841797 117.230247853596 104.396594795354 134.34553630083 119.05973814701 0 134.887531240774 87.0408399726221 113.450379783341 150.485915140075 98.1911681042856 105.081101978752 94.8445277704189 161.679772244512 168.792653895373 154.685750316443 119.414971635059 0 0 113.003080251313 162.07205537868
96.2041852465236 130.980006848842 127.075244552048 0 103.457168579102 67.3923591658494 56.8755304620945 91.6227713992152 63.8362495568415 19.2268214226799 0 32.4588108551818 168.981091666936 104.344953431902 78.5251405931247 109.345505506658 0 0 149.923690795898 10.5344441881792 141.531644585412 98.7938050377677 153.681999787898 25.3232324750376 171.856246948242 173.275068555867 135.996414914573 17.4800681965749 110.228992937724 100.196696454979 0 155.414161608394 92.5764867809771 115.248240278164 54.8680217955605 109.629853898856 0 114.667730930194 104.976543983285 79.5331924952451 109.237242366475 0 175.345238435818 0 177.826564692907 0 107.059025470282 192.981048583984 0 164.774573824353 0 199.985076904297 27.785145460328 0 116.630915673844 144.039857669612 176.393789734235 82.2427001414834 73.5358207430902 0 21.240322062538 0 162.985296029993 113.15273629696 231.064956665039 187.278778076172 0 0 29.5487800792547 0 135.492813110352 188.018173653528 120.943526071143 0 0 212.249085834654 142.440521500941 183.464828781321 0 0 0 0 173.963973999023 185.937313154533
78.5499301497532 0 162.765149341103 103.457168579102 0 12.4962189926332 110.433909393918 32.331123993216 61.0756501135491 112.657222728476 50.0848663134003 64.6424985267173 62.7434938555946 39.4873717086872 13.8666612756723 0 114.559948123958 80.8660511687174 81.2003525355094 89.9208328331634 114.222453212117 115.526823078096 150.986949446316 91.4583176050195 141.518020490766 180.231194633162 145.334510573441 124.782797775948 29.8278638420995 121.809992514669 108.462905883789 11.6153598408437 65.6468666272036 14.6085175268414 45.097251167371 69.3044470395683 60.9821633398767 35.5873602651176 49.986927808295 12.4185187621274 11.8616378289566 54.148538825117 57.365380755897 0 0 48.8720169067383 91.6744842529297 0 0 0 0 0 203.472442626953 29.1872953947863 0 226.87265886308 0 162.101127556061 0 0 0 0 0 32.720531463623 0 0 0 0 0 0 0 0 127.617650278936 0 0 196.328114594865 191.677429117832 223.853332519531 173.24919128418 0 0 0 0 65.0746979022174
73.7498949708635 146.434116971463 124.818610998268 67.3923591658494 12.4962189926332 0 57.7278961301243 25.6030639161534 72.9659692583183 32.472189293524 85.7442962273455 33.6363463720731 71.4846941211046 47.9726662056385 14.0476450993186 127.127673072872 137.838968293338 113.463094947129 133.786001774084 47.9149097141099 105.980918529603 110.273186033721 115.659804949153 74.7431271618374 100.07404053428 143.468458244478 141.233746929822 73.509843476871 47.4020976339577 90.8077349688512 144.924872724014 21.3902050758081 90.1009561686598 36.1398099605094 18.0418164620452 84.8866166795409 109.36230001488 62.9537770750069 83.1744269414429 20.2481402808162 23.1140554986676 111.641347516967 172.369121748269 212.545178237904 187.940516542415 175.137681219129 112.971165151603 174.081558227539 0 170.283916382732 172.606104518683 193.337873359512 159.686286226547 0 171.586364084551 151.030328679176 185.50625884406 104.61225824182 158.674237756577 0 86.9910682736805 0 196.826153929972 107.479212565033 160.922145581644 190.049424882633 0 232.452377319336 157.796291161185 164.388672887474 150.637866071531 183.864954585368 130.646765314291 0 211.093985813768 193.45655986698 152.3615540319 187.96560933284 175.582451342573 0 0 181.3419420917 189.524278947598 166.529713449106
32.2722547273798 119.929336403736 95.8752224083602 56.8755304620945 110.433909393918 57.7278961301243 0 58.3741831586914 58.6338525865883 25.9875746732468 147.005048771797 66.0038840259931 128.40322891923 42.1137838171177 84.4383747014944 87.0205842908758 111.234504787062 172.735790493104 136.462832381328 60.8682191001212 70.1984442620674 82.0239905472697 83.0359908624811 51.9270747342199 147.903343095302 121.541044262163 109.344761212142 38.886656076724 62.9188426440957 29.3032892103338 171.314435014959 122.134147124598 70.2402880478574 87.3195574834891 123.00999480969 85.0901396700366 101.469107242916 88.5909120448231 91.2146902162235 83.960732100765 93.6650457885135 112.363512838487 155.424991749735 155.054456222029 157.674449148417 159.908080421608 126.861000232197 183.685809199781 0 148.775204713646 173.547772138416 170.458531757546 149.503019176233 0 154.244602888928 129.92301564884 162.150287258861 84.984905722881 142.901905306654 0 110.484633623706 0 160.237033625967 125.367144053419 138.58645135682 187.431171284912 0 211.250672377739 144.629445420068 153.813697798094 135.319836094786 153.587672715966 114.081794950767 178.921345337952 181.059311600534 162.124218969366 129.366846324252 155.939633095476 143.532644713726 0 192.338011603222 152.446271380007 155.004226217988 172.850904377492
46.6015838878835 148.033958322825 117.649988832306 91.6227713992152 32.331123993216 25.6030639161534 58.3741831586914 0 90.2453264641983 39.1690681211858 87.2781525717494 69.5022228240957 95.4065786339631 21.7397581548964 42.3209560440368 126.798301632217 124.926243316815 146.676098013833 134.850923618269 85.6860647593101 100.940433925249 116.659733733274 110.669849233329 92.4232232745607 157.352756601396 134.630461402976 142.429241438756 89.3425612366338 50.2478699541254 74.4994806596046 151.558177715032 20.6533475712734 75.8838365863591 54.7835297051773 44.3025266903751 83.6107729069124 109.857123190999 71.9023261899896 91.962248723811 35.7461094997095 38.6204816742823 60.1023330792347 182.803601944081 205.298100987327 180.309061041335 189.571166075307 128.28556552023 178.762496948242 0 171.187537923177 158.358062296359 186.42434722219 176.981565231042 0 191.459968760006 164.300410771997 206.565260197709 107.628106184035 172.567739936584 0 132.574658439311 224.672293235371 188.479213618359 148.711013090467 167.157796867432 188.3828125 0 207.046937838083 135.10334777832 162.03431114384 151.021277279251 180.757075645099 143.611903517083 155.860098426726 197.388107314851 185.064292218422 161.988659303622 188.22043201935 173.747139023585 0 0 163.553404712977 166.9853907437 161.817636895081
73.3929762782207 64.8495560456356 98.9103157932217 63.8362495568415 61.0756501135491 72.9659692583183 58.6338525865883 90.2453264641983 0 71.9123776505239 124.168977632817 22.0053978262466 115.569281386353 96.3812367350921 24.4576709518208 65.6076752985781 115.655408477428 125.298266158953 122.436066464818 60.6357343218215 74.5808835007443 26.44799027866 94.8447295901051 24.4456433702923 90.0946369442886 114.597227107893 94.1211830025108 54.7227388433905 83.3434730648653 66.9959801859907 123.793410775664 134.031177398381 74.0489677451765 90.4344503698035 122.839089862975 71.3566019448104 105.98198524817 91.9052378700998 93.8196265708905 23.6419968523197 99.4352949184948 107.505289730227 93.9269111310184 118.511600689945 104.861505891279 122.126230015318 62.4843843326486 113.087156238485 0 89.5911238637381 105.928745926592 121.547041609955 90.7031650413233 79.0457040709029 100.204505927612 85.1097759008115 128.732335787578 27.1017889674367 92.4827184918093 191.067428588867 49.5501764963835 145.918170880572 114.236828634163 55.0672031116901 85.656759837887 141.269326277667 208.468458792912 158.597177902761 82.9856122627287 103.860652971667 43.3395062901404 102.795454804885 62.6136112337512 104.612382692146 161.179207042246 125.266535682954 84.2602064404113 123.961327966358 102.521043583674 0 0 99.7250386692783 102.947478352059 161.581569998144
82.695558503348 128.492053364234 120.902424347486 19.2268214226799 112.657222728476 32.472189293524 25.9875746732468 39.1690681211858 71.9123776505239 0 148.549220599036 21.7000964163612 143.476456208508 61.7969517645921 80.5339138681811 101.813952539282 152.383265757757 182.30304122199 166.224395341393 18.0826165495531 95.5154212220206 103.079468949555 106.218428943373 58.4506530689917 195.962005615234 149.940278548249 126.426099980198 35.0199630084619 98.7962350873005 93.3273153869465 175.590301513672 133.864574306457 90.318078514021 104.44422296889 44.4050342745863 99.797842612228 117.744761848478 97.0951790505345 101.11693930388 86.2256417286049 102.860048014746 0 173.430245735533 174.988510131836 187.873729667467 163.280288696289 129.6884741815 198.719246443387 201.806686401367 167.105999349263 181.655158036982 172.137073035152 153.573944930461 0 166.692841717507 144.321620056349 184.154482812651 96.2792017324701 158.148182852338 0 63.5719777237905 0 179.483872539936 121.446310767433 154.142408065364 0 0 0 156.811219145977 168.194227303223 156.918009248388 171.049700240413 126.329238069798 0 219.182147179505 184.995344647542 149.073616675797 192.11505168797 158.611614580149 0 0 184.190963908395 181.923864488236 172.597775216563
109.671853149393 60.1161462965654 83.8582549008957 0 50.0848663134003 85.7442962273455 147.005048771797 87.2781525717494 124.168977632817 148.549220599036 0 135.246785850565 19.1807625923323 79.2267945629501 89.4939570995354 141.123698938387 53.239197939794 21.3766799816211 25.746004754872 150.580065867085 98.8976544359074 98.5834426129937 92.7077518305178 147.46550016554 30.4477916655073 24.5132999779013 56.3882014914092 154.717498033136 74.4778640787139 115.420472326958 22.7998682695522 68.8090628880466 125.289461487662 26.4290675280987 133.986214682888 81.2615688245575 27.71582731278 30.5165719105628 49.3228355536761 76.1977826222653 70.381967821678 19.2182453310376 142.355551431895 115.208095302729 125.616623843349 148.188318204969 0 0 0 0 77.4872761924123 136.621981375353 0 0 0 218.994064331055 0 0 0 94.725164513067 0 80.5969588502309 0 0 185.701729855717 147.205993652344 102.839097981919 118.612801315783 0 0 125.4519365865 172.616384436326 190.849233721537 71.3318419069841 106.584316473028 109.345098654544 214.237323813195 236.016983032227 0 105.966073528889 0 238.080276489258 149.231434988712 126.649086823697
103.168771542237 92.8274270281212 155.457479662253 32.4588108551818 64.6424985267173 33.6363463720731 66.0038840259931 69.5022228240957 22.0053978262466 21.7000964163612 135.246785850565 0 128.114997267634 91.1721198764726 21.2374914233366 120.49882626357 139.473265958271 0 170.443674791558 12.5365356431453 136.093475341797 69.4364330143785 135.815085341833 33.4131397724107 127.396126750987 161.664922342354 124.892780765237 52.4029941404774 100.537520167387 127.067109445048 0 124.533662606189 112.665895411957 102.415304221786 12.6801830166334 90.6938266441749 141.969528198242 99.8634598919446 105.91335090659 23.2046600166713 100.695484268968 203.444519042969 83.0234557468044 168.140441894531 135.929528338735 0 72.5828806271665 0 0 150.302132864737 0 197.501663208008 105.098809302795 91.2150217509349 87.4147700394582 124.363866506683 104.248975600408 47.5924111342999 30.0327423246271 0 21.3352512220294 0 98.4929100158568 83.3298522406276 192.069351196289 0 0 195.575103759766 28.9122700797248 0 143.993385741724 131.991577148438 85.4133622492174 0 0 162.217801255322 123.515226213912 135.351730615102 0 0 0 189.437759399414 139.771479423255 153.925112949573
102.698310660517 48.2298335857086 92.8772426123804 168.981091666936 62.7434938555946 71.4846941211046 128.40322891923 95.4065786339631 115.569281386353 143.476456208508 19.1807625923323 128.114997267634 0 82.6773374558924 121.040987190479 120.093082419736 83.3204008462483 47.2760204454959 57.2862016811263 119.271270751953 115.876895873138 86.8450620687454 106.03857308221 136.029736609768 18.9018688988348 21.2313219015436 34.8881531196957 142.300278437717 92.7317250779642 126.28631174101 8.92267148175932 71.3342920273885 129.708047885319 19.9401913623408 78.3003706934385 26.9935151140487 20.3969601621525 24.5751263067621 19.9032059787866 43.705445796524 11.9615058594975 11.8270221341705 66.3974797541903 68.2858500217237 108.538560448424 119.563799268988 145.668394700312 46.4593641187435 60.8786497488948 0 79.438873050989 145.531063867934 0 0 0 0 0 226.765548706055 227.599304199219 83.5455621834586 0 69.5714590773164 0 44.1474876403809 133.839351559499 105.863863124289 90.566887179123 102.124855047123 0 145.164042615797 75.4971466064453 157.253220543147 188.551727360448 60.1143329760671 92.3417813909939 96.0574425071234 210.243304568072 0 146.469442434613 93.4691922542526 0 0 111.989422368881 80.0956218651987
16.0269602989608 139.788331790353 113.948621353221 104.344953431902 39.4873717086872 47.9726662056385 42.1137838171177 21.7397581548964 96.3812367350921 61.7969517645921 79.2267945629501 91.1721198764726 82.6773374558924 0 51.5585480467157 118.178346272008 118.950649469686 121.849241860394 134.582325248363 107.575859298149 96.8606726393264 105.813834319842 105.727448619833 96.2631440619192 130.442084980751 129.80184359082 137.14911187623 91.4742055985507 23.4975092962615 63.7097630321274 149.178962393046 23.6116860194642 40.8892584775162 49.8765940575244 115.904168475133 75.4625305415067 103.197685814572 64.2349338073957 76.5991870496105 45.0244742724265 42.8608343139947 76.1347553863568 172.957065880366 201.271377563477 179.263696376694 176.090632354366 214.257229927956 221.027627030385 0 170.829357742531 151.057189208147 173.226064710983 212.647839375249 216.909561157227 204.878747330342 172.884967358791 196.98309761508 118.42406697694 182.233265581656 0 157.417171990199 0 197.471455293194 182.16545256012 158.986779757311 189.157470703125 217.900527954102 181.532582792622 0 172.513287362132 184.820626318526 178.57200924126 148.641538010666 0 185.524158477268 183.155139035157 163.58341484428 186.795278592898 183.467617800388 0 0 181.095235899669 185.358822693253 148.047958699033
87.5317473363928 99.4431587274156 132.168932470849 78.5251405931247 13.8666612756723 14.0476450993186 84.4383747014944 42.3209560440368 24.4576709518208 80.5339138681811 89.4939570995354 21.2374914233366 121.040987190479 51.5585480467157 0 109.365128376473 123.314696429003 170.507575638001 165.468856866595 53.1189514658452 106.133772928159 72.5852123515911 126.367315299186 42.5046702393314 135.28399650493 146.501934620439 125.362865494439 81.9355901807662 57.9222667093354 96.4788075116414 195.726013183594 39.5050217600696 83.1786193847656 35.7053564637855 43.4611065768369 60.3741044477438 65.9205391762773 80.6856327177972 52.8092536544676 10.5629784161625 33.6284424706055 157.419692993164 59.5696558035742 84.1336417098538 124.617913432034 58.8464449920798 63.4073713685012 179.849496563734 0 0 0 0 134.473163797707 48.7068306407331 156.983520507812 120.152670439539 185.852523803711 57.7456620709781 116.924253643962 0 78.364660754961 193.704238891602 179.866181163304 49.3313672249736 148.468591660556 0 181.003814697266 0 143.264449966773 0 0 146.595123291016 94.6663466512032 0 195.556147342339 215.476150512695 139.050010956859 0 0 0 0 0 241.474243164062 68.1058628396908
110.161802604108 64.2825524990397 82.5623814721813 109.345505506658 0 127.127673072872 87.0205842908758 126.798301632217 65.6076752985781 101.813952539282 141.123698938387 120.49882626357 120.093082419736 118.178346272008 109.365128376473 0 95.8473503971309 131.203993024958 111.505036331913 97.6432039237192 19.4133081657921 34.8286141996812 18.584022307231 31.1933459049022 98.5987285359155 105.500926219383 28.3849443806828 35.0700231649972 95.7420945335438 79.9710068581757 138.80943463946 0 83.2731557299044 71.6866707034224 143.86279113629 75.1598717843341 56.250392833922 74.2820256176807 78.5103451835575 87.5139534002757 91.6817296461407 128.291614829967 115.803673173367 101.828707519952 118.418134705781 118.888623044607 122.270445141451 146.093451533932 0 135.008076754501 86.1573529510605 111.686240059892 0 124.573318481445 167.64882096142 140.365975002898 163.274412308317 90.7280932914839 170.861517107081 200.425994322429 183.060501098633 203.584716796875 155.476504540868 0 87.9486253985564 131.215662524748 151.517440795898 153.476460633134 0 85.0719419515282 63.7665977595338 99.3714332638721 114.322757594387 159.283538818359 143.446398205383 98.3443587596887 120.81961191407 147.293655483863 113.670117072379 0 0 120.116057823048 110.461983587012 159.512010779084
101.76209095689 57.2434865083734 44.5859868821225 0 114.559948123958 137.838968293338 111.234504787062 124.926243316815 115.655408477428 152.383265757757 53.239197939794 139.473265958271 83.3204008462483 118.950649469686 123.314696429003 95.8473503971309 0 59.0990823580795 22.3151653906081 169.352645874023 48.4914996946388 83.0342468090381 30.333904369007 117.053624564861 67.9483643693816 38.4319105235968 64.488198901263 104.847449074703 102.272135928586 70.2009779006941 90.5033392853139 174.779342746285 101.844214756102 38.2750900880095 150.690906517311 74.6510270876391 49.3258816053479 51.2750239558032 61.7839215818178 96.4332236907842 97.3702535013764 70.8650344745074 141.784237732095 112.931407671352 124.419774241677 140.197626791915 171.581687315563 0 145.174247307397 157.575471863084 72.5336343936507 110.052527474517 0 0 0 204.503253040842 180.969476227035 125.116034228228 204.671768188477 120.117258616706 0 124.163792832114 196.983662641995 197.123168945312 150.376288547658 113.368560239998 135.968943847263 125.150942283717 0 175.631526912242 114.218940634808 137.295486156999 168.586093600499 105.615122224594 108.487159154788 108.008972354643 176.423730587485 175.570190429688 167.90845457555 149.94655945996 0 169.577542006606 111.610711008884 163.80007203283
148.867728970296 71.1713596259249 88.9842946687528 0 80.8660511687174 113.463094947129 172.735790493104 146.676098013833 125.298266158953 182.30304122199 21.3766799816211 0 47.2760204454959 121.849241860394 170.507575638001 131.203993024958 59.0990823580795 0 17.9679583930062 0 113.15334955154 108.724580366554 101.283045492231 160.046078326858 45.7844375565732 27.0152616309682 62.8030058185648 152.523290320582 110.150354171106 123.327108580845 52.04363132537 0 119.863401488332 55.5998987982511 166.294219970703 94.3736747715561 52.18492931701 60.6123308781489 70.7334731495328 138.016958633862 91.3410645042258 58.3732436992446 176.645092464553 125.339792068999 129.463077784015 0 0 0 0 226.837829589844 97.2218291818474 135.418255466144 0 0 0 214.248031616211 0 203.873077392578 0 100.418727810659 0 81.8461343089258 0 0 0 147.119335714218 99.4777914162644 128.106792649242 0 0 119.991186798613 205.043243408203 0 74.5819776898276 110.168009098218 115.028350422604 0 0 163.255004882812 102.553097254011 0 208.010864257812 127.358084142382 133.593751830266
127.571693263126 59.683153463455 62.6325629773838 149.923690795898 81.2003525355094 133.786001774084 136.462832381328 134.850923618269 122.436066464818 166.224395341393 25.746004754872 170.443674791558 57.2862016811263 134.582325248363 165.468856866595 111.505036331913 22.3151653906081 17.9679583930062 0 154.649505615234 84.788979790917 92.1661841496354 72.2793292738417 137.376115889463 49.2142599689355 31.6696636515489 62.158283333082 124.32119188244 117.098480593898 95.06931229034 65.5283901842049 105.137061977079 126.363259071389 45.2423667578279 159.910402395389 83.4662302720148 53.5243000474119 55.43270559799 64.3692351969713 110.18088991168 77.5368095102931 73.1357175240014 141.704686807154 122.962304337387 119.183810736069 132.06046312183 0 0 0 0 70.9773580282512 123.703090341766 0 107.372718811035 0 202.778650097007 225.06787109375 147.26845950959 0 102.889493610245 0 90.7235441690454 219.19130032895 0 183.130289423521 123.123769143787 112.005891176391 109.07129477497 0 160.44517428118 135.073397244174 134.093815926808 218.191474079471 70.2425482863545 102.787686678647 107.810951739155 164.416381835938 212.902435302734 230.117141723633 115.033390910401 0 0 128.429787792022 140.578708544452
91.0001617062916 124.739059448242 0 10.5344441881792 89.9208328331634 47.9149097141099 60.8682191001212 85.6860647593101 60.6357343218215 18.0826165495531 150.580065867085 12.5365356431453 119.271270751953 107.575859298149 53.1189514658452 97.6432039237192 169.352645874023 0 154.649505615234 0 108.193613533054 88.4526655986587 134.842719672466 18.0262757600715 0 182.60028826597 139.600277013058 33.8141855974696 112.181248113851 114.058392835871 0 144.290247847922 98.8308361586085 113.397090100632 21.6033007191208 109.986797990829 126.186860940252 107.588881868004 108.38928071933 58.9384865236089 106.468588903748 140.884948730469 123.429386666446 0 160.37421044962 0 100.402457120196 0 0 167.043960571289 0 0 137.404984405819 0 163.257771473126 136.578902036304 159.74970093725 96.5201001932238 148.605467047104 0 23.9423589687344 0 183.318491906556 117.955482390685 145.248443862895 0 0 0 160.614273071289 157.414016723633 203.019668521289 236.329071044922 120.844819527892 0 0 0 147.597171100471 174.023103980752 0 0 0 0 152.048080444336 172.065277099609
82.0067342115958 89.2139097517572 62.9170499283799 141.531644585412 114.222453212117 105.980918529603 70.1984442620674 100.940433925249 74.5808835007443 95.5154212220206 98.8976544359074 136.093475341797 115.876895873138 96.8606726393264 106.133772928159 19.4133081657921 48.4914996946388 113.15334955154 84.788979790917 108.193613533054 0 54.8111163594534 31.1566803796368 37.6209072011798 115.807444917175 87.6735462998061 74.4309496411948 30.8944742533925 85.9001489507067 33.3358561818225 142.830529779789 152.509708355725 74.9448167553109 41.2526922320691 133.456466914263 68.5075529075753 59.8815513293037 61.3753237908529 72.2218440446178 83.0629187223968 88.872929313704 103.359318411883 128.598533659054 126.667586240592 136.946365493361 141.021835278483 139.636692863194 139.976064285284 0 144.04393491011 129.679332222488 136.48817153644 160.261020308436 0 180.26468115995 164.273115689261 175.082144769023 86.1826387998613 198.872452465589 211.024271986817 114.043073191203 0 154.461145460911 116.775116520809 107.125194829891 157.356684674221 0 157.687752384647 0 114.081755338905 90.0027143682056 119.525812246686 119.739989643363 142.048904418945 157.219204718952 128.75981063133 120.892430261578 146.154016464629 124.599866770867 180.712203979492 0 129.642330787315 123.668240784516 149.163851877277
82.4091483778413 29.204685714492 60.9495377693345 98.7938050377677 115.526823078096 110.273186033721 82.0239905472697 116.659733733274 26.44799027866 103.079468949555 98.5834426129937 69.4364330143785 86.8450620687454 105.813834319842 72.5852123515911 34.8286141996812 83.0342468090381 108.724580366554 92.1661841496354 88.4526655986587 54.8111163594534 0 53.9548184188184 32.1156565886535 61.8701433303937 88.113890213053 45.0004303126694 55.9170700036418 91.2496869044001 70.1566236257676 106.320584220937 0 74.176380998218 66.7129512931925 137.976275171555 67.0769963058174 53.9543957125378 68.431973145571 73.2407063838615 73.0122864471343 94.471324520017 81.922503701594 106.786691617458 54.6042967758758 106.303327299165 113.110169857208 89.2528227236157 197.661248382693 0 132.87580871582 51.1037449091239 91.3460035050804 200.61107296743 0 182.265095472885 136.263592734698 127.580981850171 40.3800165082623 160.970728739802 173.035248614395 112.307546532402 122.416578336653 162.090013353771 0 61.6616970041032 88.9491690493474 132.492843102804 144.620948704792 0 85.6258164932988 10.4455646326588 83.8888593276139 77.1225228850017 70.3976033736719 112.920228794035 95.252893705831 109.499133105066 133.452497284882 112.377697877318 0 0 160.68928527832 88.9767292000069 164.020483100713
89.4520523524996 71.3189286308407 33.9013795985779 153.681999787898 150.986949446316 115.659804949153 83.0359908624811 110.669849233329 94.8447295901051 106.218428943373 92.7077518305178 135.815085341833 106.03857308221 105.727448619833 126.367315299186 18.584022307231 30.333904369007 101.283045492231 72.2793292738417 134.842719672466 31.1566803796368 53.9548184188184 0 73.5223118890798 103.390792447435 68.1280275918015 43.0458300226485 54.4483842902193 97.0149691895652 55.3672937780522 119.145762038512 161.901284984732 83.225430405439 49.4818230225372 137.287574651991 70.0523611178434 49.6884431920913 61.279481336767 69.0904599617669 83.3898115625639 89.8176910153771 87.769524338811 125.50081100223 109.792780948409 122.980844911284 126.370785578608 136.236977449364 135.365163744246 129.199925147982 166.79235021912 91.3914829417693 107.500209901562 0 102.848960876465 212.59318106169 157.930435059614 191.356641632465 113.891641594211 160.853965671268 168.398364250621 0 155.031334798311 184.40431516855 132.140033195164 100.114699267035 124.648096888965 185.23672013603 154.005709574574 0 121.525950387591 82.0906265893902 109.654425316872 128.8512864656 139.540194840544 138.499388896106 102.787706311283 138.234741272359 159.431126713205 145.906305593002 209.144714355469 0 138.110927469906 127.649532154387 154.896320156917
75.5010396528284 76.1531662848135 102.442271228265 25.3232324750376 91.4583176050195 74.7431271618374 51.9270747342199 92.4232232745607 24.4456433702923 58.4506530689917 147.46550016554 33.4131397724107 136.029736609768 96.2631440619192 42.5046702393314 31.1933459049022 117.053624564861 160.046078326858 137.376115889463 18.0262757600715 37.6209072011798 32.1156565886535 73.5223118890798 0 108.724868195373 123.741712201539 78.1248072037099 21.0052728529243 87.6423850599979 69.5019673709022 157.954818553476 137.816659093584 76.1345008167551 80.4456254765018 136.96026909457 78.9059881153619 96.3973022881127 86.6966259827447 89.2655865227867 51.7628407176583 99.833887730793 120.204157561347 122.607280304916 130.73450075673 133.169750622446 131.755488053593 101.143400710665 156.997229542226 196.340406344378 125.169903566467 135.051736621771 148.45316537822 121.489674579009 128.544075492517 135.511425348643 111.249785205661 146.620299734863 58.0865976043338 120.054298276518 209.81096827619 79.9160271179076 205.035910742572 141.116356600357 91.2152437289315 99.1748877246975 155.701992894858 192.343978881836 186.226675009937 125.26271054409 110.59038223856 89.828893842655 119.358520226759 71.4269889598663 157.592666625977 178.769471119148 135.932225245903 99.6145696181476 140.426812680941 115.825000488967 0 189.547424788056 128.20719216075 125.438545120212 175.598324233536
137.473794239654 22.6197767606115 72.9178517836173 171.856246948242 141.518020490766 100.07404053428 147.903343095302 157.352756601396 90.0946369442886 195.962005615234 30.4477916655073 127.396126750987 18.9018688988348 130.442084980751 135.28399650493 98.5987285359155 67.9483643693816 45.7844375565732 49.2142599689355 0 115.807444917175 61.8701433303937 103.390792447435 108.724868195373 0 40.9368260114165 26.8344015593821 130.46280933662 125.906695738238 124.603781116242 44.0280226768043 127.801729793545 0 51.906881650849 123.34117867822 92.9698915282068 19.6621166354138 51.3660659609859 73.069400979882 125.403165309814 0 16.204665292766 144.595732055884 68.4342115293683 90.279258296768 106.941095661221 0 0 23.1357422168496 0 40.0493379003251 98.1425487901432 0 0 0 169.514312744141 0 87.5323181152344 0 59.9007349974647 0 47.3954985336896 0 0 133.828025401595 98.9022382991442 71.4760114031287 77.9444108103872 0 128.272103417167 71.8454730412082 117.154651537424 154.225448152035 28.7255894107965 64.9902305245143 67.501842642579 151.822601584278 142.165313720703 168.689468383789 72.6267686016266 0 0 98.9915767347503 0
117.965129173037 49.2117421375333 30.0861906645419 173.275068555867 180.231194633162 143.468458244478 121.541044262163 134.630461402976 114.597227107893 149.940278548249 24.5132999779013 161.664922342354 21.2313219015436 129.80184359082 146.501934620439 105.500926219383 38.4319105235968 27.0152616309682 31.6696636515489 182.60028826597 87.6735462998061 88.113890213053 68.1280275918015 123.741712201539 40.9368260114165 0 33.2644450415209 116.741882079724 119.916926898793 95.1641611454357 19.393220985444 129.662333924251 121.047745510647 57.5083323629346 142.156714929338 81.8811922747531 52.1885875254177 58.6832126081868 66.6804248951249 105.253728498121 117.833317702976 67.2185957439913 135.180403269756 110.9453123267 114.905046249103 125.359802118737 152.786359621331 0 110.96492777416 173.889313954661 65.7660154856662 108.769528786289 0 0 0 175.244052980628 209.949197829046 153.046865323421 198.237751569641 101.466908792869 0 85.2597576114983 189.497948888799 0 146.399666001064 110.553367628535 104.321103768054 104.703936994294 0 155.568444504811 101.981178278403 140.635304034328 192.694390463926 68.2531038979036 95.4488444342824 98.5974151219475 184.546141903889 199.88062321214 168.31606227376 108.193113708785 0 168.767105102539 110.11886625329 148.381850989218
129.650612289663 36.3072764932493 40.229814279996 135.996414914573 145.334510573441 141.233746929822 109.344761212142 142.429241438756 94.1211830025108 126.426099980198 56.3882014914092 124.892780765237 34.8881531196957 137.14911187623 125.362865494439 28.3849443806828 64.488198901263 62.8030058185648 62.158283333082 139.600277013058 74.4309496411948 45.0004303126694 43.0458300226485 78.1248072037099 26.8344015593821 33.2644450415209 0 76.9800470339799 124.392133354861 102.834803027663 28.4312398864693 107.855054495533 117.156874445858 65.5416916220962 149.4647336765 81.2489817095877 57.5713139552528 65.3872660502168 72.6115886486966 94.0397552396499 98.9787266771894 68.0516677531015 124.004990108124 99.7383409224303 111.086671989351 116.616014223776 140.533261726016 140.40698919097 125.319477989346 177.63699344817 60.7223525363647 95.0120332136617 167.455375026452 109.223761596237 204.426286116962 164.129283377441 197.841372290887 121.282189732962 185.251469810611 104.172482846669 164.053931888663 88.622670489026 176.133908771015 120.924522399902 103.371377266228 105.324032255255 105.943423022697 104.139629496893 0 130.760974819183 73.0515655712662 105.244031114293 144.677348321028 72.3082204637545 97.6428044851006 93.5194217947925 150.830687904493 178.978729025667 146.142705063392 107.812480044659 236.137347303418 235.973373413086 110.953765437076 159.293449641115
79.0066253649968 98.977195357341 83.9992773609155 17.4800681965749 124.782797775948 73.509843476871 38.886656076724 89.3425612366338 54.7227388433905 35.0199630084619 154.717498033136 52.4029941404774 142.300278437717 91.4742055985507 81.9355901807662 35.0700231649972 104.847449074703 152.523290320582 124.32119188244 33.8141855974696 30.8944742533925 55.9170700036418 54.4483842902193 21.0052728529243 130.46280933662 116.741882079724 76.9800470339799 0 90.1912701764827 45.4832369909441 159.117121939789 137.495526572572 76.0405114750358 68.9166923119465 129.69995164048 72.9372413311112 80.0787201638243 81.1777987545004 83.7422960271217 87.6247187514894 100.615580829406 134.104544626175 133.372291753482 129.519877648391 141.323713324011 142.716241178319 128.004438599902 156.715422444275 0 133.199834040708 154.720778019547 148.940418273999 60.6986170858607 163.271514835207 156.90180426386 129.308179927208 164.567381494541 80.5988791189152 142.162835966211 189.807972429364 101.218377689381 238.789398193359 157.943770692892 115.365610672936 111.697540039515 158.253749230721 189.233480567644 186.93630056522 69.1038062784038 119.643692112889 117.371688173882 129.454088926146 107.497921969787 215.529062928171 185.200585007261 137.81425377024 121.937919334209 147.973034158172 124.858913795148 193.386215209961 194.607528686523 139.630318852797 134.436044202027 159.125748948658
17.2579132547636 126.91101051634 109.447896616654 110.228992937724 29.8278638420995 47.4020976339577 62.9188426440957 50.2478699541254 83.3434730648653 98.7962350873005 74.4778640787139 100.537520167387 92.7317250779642 23.4975092962615 57.9222667093354 95.7420945335438 102.272135928586 110.150354171106 117.098480593898 112.181248113851 85.9001489507067 91.2496869044001 97.0149691895652 87.6423850599979 125.906695738238 119.916926898793 124.392133354861 90.1912701764827 0 38.0971105180685 113.782715650582 17.5133968997592 18.0899650386181 38.7861140225743 115.501002667079 63.3950205535952 80.829383555294 49.9140261906967 63.5886729405044 51.417870229526 34.6944039922282 73.1767763205639 155.878342520187 163.30397320523 160.798520236057 165.173765268456 163.979721669135 185.867498902047 0 172.3417895052 195.851653729421 191.287075189938 104.154113769531 75.3502807617188 192.508403476139 161.782384419276 191.113376806863 110.6524732872 185.786403716514 206.974155178385 158.561221813452 0 185.078057885335 0 127.306642931031 145.388297220127 0 177.046768188477 191.984163892085 142.737170803697 152.986086507548 156.249756579615 139.924091287357 172.014175415039 171.699335000025 173.428114898195 151.610375382497 178.813018620367 154.579281575629 0 0 142.799409958334 165.434340600213 137.9690534092
33.7790274899439 101.617506255288 76.0016404816049 100.196696454979 121.809992514669 90.8077349688512 29.3032892103338 74.4994806596046 66.9959801859907 93.3273153869465 115.420472326958 127.067109445048 126.28631174101 63.7097630321274 96.4788075116414 79.9710068581757 70.2009779006941 123.327108580845 95.06931229034 114.058392835871 33.3358561818225 70.1566236257676 55.3672937780522 69.5019673709022 124.603781116242 95.1641611454357 102.834803027663 45.4832369909441 38.0971105180685 0 152.405107441179 121.457284478762 46.5122689513951 38.4988494353911 123.525854896947 61.076418765401 75.773142834429 61.0866750257124 66.9644986105724 80.3400651166487 79.4076189596743 108.736996500444 135.407391881631 155.833374023438 151.517225549995 148.454121248113 151.873331490533 159.143804752577 0 151.386837798743 129.108421462783 148.637023545878 168.994228771937 0 179.504563126926 139.073800645923 178.147271204686 81.0981595260509 171.736578489036 173.389190204367 0 192.25847419251 158.269352393546 0 118.418634553405 154.239074221694 207.407623291016 168.307078492268 205.303125833865 124.968661362144 121.088921641189 129.833848246154 120.015229888124 144.125330045847 164.5277687859 142.480549612267 129.471951745604 153.705629870907 134.598796452586 0 186.637832641602 148.388348752948 137.134839916876 144.09189727452
137.295532226562 72.9262639872856 100.738438150186 0 108.462905883789 144.924872724014 171.314435014959 151.558177715032 123.793410775664 175.590301513672 22.7998682695522 0 8.92267148175932 149.178962393046 195.726013183594 138.80943463946 90.5033392853139 52.04363132537 65.5283901842049 0 142.830529779789 106.320584220937 119.145762038512 157.954818553476 44.0280226768043 19.393220985444 28.4312398864693 159.117121939789 113.782715650582 152.405107441179 0 94.2813720703125 146.500411987305 70.9305392929043 0 111.208159972832 57.5545241880108 69.4416560986726 87.5341615865342 196.971389770508 119.247871398926 60.7992639775382 0 148.250428726961 138.119621369548 0 0 0 0 0 77.9229788227103 146.039245605469 0 0 0 0 0 0 0 101.069792771069 0 88.1440380365359 0 0 0 0 116.772071838379 98.7083406950043 0 0 100.388481140137 0 0 76.2997640935345 112.24629041294 115.308209766308 0 0 0 114.941559518008 0 0 0 147.908004760742
86.748180908862 93.9627456665039 165.860017887133 155.414161608394 11.6153598408437 21.3902050758081 122.134147124598 20.6533475712734 134.031177398381 133.864574306457 68.8090628880466 124.533662606189 71.3342920273885 23.6116860194642 39.5050217600696 0 174.779342746285 0 105.137061977079 144.290247847922 152.509708355725 0 161.901284984732 137.816659093584 127.801729793545 129.662333924251 107.855054495533 137.495526572572 17.5133968997592 121.457284478762 94.2813720703125 0 78.2844916049594 20.3047106318467 97.5621733998692 80.4101208971802 82.9099116246538 40.9997559980142 50.0795160524029 41.8488060777561 17.6912608982605 64.240579280919 195.331137741741 0 0 0 151.063034057617 0 0 0 0 0 0 0 248.436630249023 207.096631852366 219.361328125 162.774215698242 248.497329711914 0 135.938720703125 0 0 0 0 0 0 0 0 0 0 0 186.233198492786 0 0 0 209.613342671187 0 232.922134399414 0 0 0 206.350448608398 0
