0 8.06819066405296 21.2641754746437 89.1273772418499 5.4336556494236 160.036832273006 7143.34483355284 1279.30167937279 361.980583369732 759.037824034691 54.3716891407967 49.9575623273849 14.7620798647404 14338.5455199182 15.1211433708668 6.93715444207191 1.6570240855217 1.19330072402954 3.35389298200607 111.279914706945 106.847294956446 35.0189928412437 77.6330533921719 470.281014621258 0 11.9232553243637 32.1566271185875 961.492921203375 14637.6854455471 5827.02466347814 1.16486340761185 30.980030477047 768.398760288954 528.966490387917 18.4318700134754 496.556539595127 18.6605628728867 256.045963406563 38.4647547006607 119.242375820875 108.148529320955 2.39019793272018 28.9017940461636 0 15.7443205416203 4.91483157873154 9.99459785223007 3.75761342048645 0 7.19750520586967 0.497827559709549 0 4.6419195830822 0 2.87868198752403 84.9502940773964 16.4473729133606 53.3711106181145 18.6638281345367 0 1.25475931167603 0 11.8021432757378 0.850982040166855 9.12462905049324 0 0 0 3.86715292930603 7.02776658535004 1.54528239369392 6.57002937793732 121.196596771479 0.335847467184067 3.34086674451828 2.20952916145325 111.404441833496 16.5181344747543 29.1522698700428 0 0 0.852144479751587 12.136899381876 4.23058250546455
8.06819066405296 0 632.927481710911 0.967655688524246 0.467293471097946 1.93084001541138 41.8317908942699 6.02849209308624 834.9106759727 3.41002032160759 405.829470098019 12.5898289978504 1154.87101337314 13.2259286940098 42.3899134099483 102.84042018652 420.044635415077 85.410406768322 628.319559216499 1.03767535090446 106.547669708729 3622.98438444734 219.390253067017 973.786900609732 3027.0807274878 1661.58739316463 7703.28444904089 219.306186288595 27.9787695109844 69.7337105572224 57.7523083090782 0 6.25314474105835 291.955717235804 13.0874431729317 274.058824688196 620.107652753592 508.713992446661 144.649647027254 75.2235027849674 5.39324605464935 398.533384263515 24.0063626766205 50.6888884305954 34.5390028953552 9.99181079864502 0 0 12.7465638816357 0 78.9771729707718 69.4861789941788 0 0 0 2.29519999027252 0 5.09879520535469 1.57726466655731 11.0733844637871 0.362290292978287 65.9773387908936 0.344980657100677 0 5.4912645816803 47.2623015642166 6.53742364048958 46.6624968647957 0 1.3541464805603 15.1919675767422 11.2976427972317 3.3472056388855 59.2063274085522 310.47141674161 430.721219718456 12.917040258646 0 1.35784512758255 2.91319054365158 0 0 17.6260120272636 1.01367366313934
21.2641754746437 632.927481710911 0 4.18689501285553 0.544957637786865 19.8280949294567 314.76664891839 32.9200589358807 52.9292602837086 21.186435341835 445.700700223446 0.690392076969147 96.2015033662319 67.4467200040817 19.3078716397285 136.210247069597 4564.55878344178 72.1969228088856 1074.5223505199 1.63684070110321 11279.3782700598 372.403132140636 18038.0704513788 158.764908641577 48.0853241682053 12479.1769933105 15288.9106275439 640.928037047386 40.6918234527111 1275.4738817811 23.6485016942024 4.55509781837463 9.82652699947357 3259.10241374373 111.357083469629 3591.32501721382 3533.48233640194 3834.61212056875 1830.24631682038 379.649255543947 76.1504538059235 22.9182893633842 135.171691566706 114.321122139692 187.97890239954 38.7410586774349 8.89212286472321 1.56239235401154 1.82686564326286 3.38178133964539 133.133105874062 527.876509726048 0.449271023273468 0 0.403510212898254 11.4279388189316 5.27548962831497 6.15696015954018 1.45488178730011 11.8184929192066 0 12.5415340065956 2.61883720755577 0 47.0733252763748 223.993202567101 6.80602008104324 68.8147804737091 0 20.0621125102043 125.654440164566 171.66766706109 23.993726670742 22.3160889744759 612.073569953442 1751.4685664773 27.9266984760761 3.53603014349937 11.7882806956768 2.99450594186783 0 0.553790271282196 56.0921141505241 31.8018939495087
89.1273772418499 0.967655688524246 4.18689501285553 0 7.01857453584671 178.632009774446 451.502998024225 109.86546716094 945.97840026021 6899.46894928813 1.55596071481705 2500.23698937893 2.35133969783783 234.852893203497 149.027953624725 6.35724049806595 0.551639676094055 0.680018842220306 0 32912.1939439178 16.1011815369129 13.8658545017242 13.3038156628609 4181.41877713799 0.344113081693649 2.5937312245369 13.3358028531075 15888.3732815683 159.850273787975 80.1081337034702 0 2.11086767911911 42.2313278317451 82.2087598443031 5.9901197552681 139.841124743223 6.2352043390274 83.8931582570076 15.1710838079453 199.71559008956 20.2098410725594 0.774200975894928 13.6970235109329 0.654588878154755 11.3542532026768 1.49381205439568 35.1987985670567 4.37858620285988 0 1.46335685253143 2.15096950531006 2.96665748953819 188.804669767618 0 44.4804575443268 113.052091479301 21.2776675224304 62.499519020319 246.614038079977 0.593351483345032 667.631781458855 0 27.0838213860989 11.1361456215382 1.19320631027222 0 0.809995293617249 0 308.411119490862 2.51137495040894 3.11265400052071 3.84763851761818 180.652944564819 1.00966703891754 0 2.99892622232437 300.941085934639 10.9784253835678 2.74475708603859 0 0.736835479736328 2.58024063706398 8.30494463443756 1.90953198075294
5.4336556494236 0.467293471097946 0.544957637786865 7.01857453584671 0 1360.09020742774 22.9085421264172 865.442944586277 153.951903432608 28.4991461336613 18.9553925991058 83.1939855217934 0.6977419257164 115.29584479332 3341.54444724321 0 0 1.4211311340332 1.7060854434967 10.5952478051186 0.348469972610474 5.23933601379395 1.1231404542923 42.3266621828079 1.62441545724869 1.76814615726471 1.45678299665451 23.9951124191284 292.249430388212 5.96754959225655 0 1518.68956744671 1.17522275447845 451.811730265617 2.86357367038727 54.1187235414982 6.80785328149796 62.8976956605911 3.24697044491768 6385.90851703286 3142.97081121802 1.32070863246918 0 0 0 0 0.963472545146942 0 0 0.384616523981094 0 0 0 0 0 0.939431130886078 0 1.1961612701416 0 0 0 0 0 0 0 0 0 0 0 0 0 0 2.65315416455269 0 0 0 2.66926294565201 0 0.972089886665344 0 0 0 0 0
160.036832273006 1.93084001541138 19.8280949294567 178.632009774446 1360.09020742774 0 3101.17738851905 28245.7459626198 557.937722921371 18734.0389634073 72.5210928320885 9114.08224022388 21.8314720988274 2771.36595386267 731.11140820384 7.12376472353935 0.959219753742218 1.66521644592285 6.62709039449692 724.547745555639 57.4050770998001 16.6612509191036 37.9102298021317 676.844703197479 2.27317070960999 18.0926885306835 31.6545395553112 689.193881213665 1112.09199714661 362.193807691336 2.24229800701141 1600.09583261609 34.5542878508568 535.158923208714 10.6942926049232 256.188130050898 14.6223846077919 257.90139067173 23.0344952046871 2200.258359164 1951.25818279386 2.45878177881241 14.1592598259449 0 10.6466202139854 2.17860412597656 22.9630117416382 2.34873700141907 0 4.46844673156738 0.487477481365204 0.386194974184036 33.0776166021824 0 21.2199445366859 131.44801145792 26.2295682132244 60.169816493988 151.377784490585 0 24.6692563891411 0 31.1344788968563 4.97117087244987 1.72265630960464 0 1.45203411579132 0 31.9080151021481 2.34522145986557 1.74839353561401 2.06212314963341 193.588862404227 0.343082249164581 1.2393906712532 5.46772268414497 246.507060408592 9.3240752518177 10.3612971305847 0.77827262878418 0 3.14474755525589 11.0593381822109 2.58268797397614
7143.34483355284 41.8317908942699 314.76664891839 451.502998024225 22.9085421264172 3101.17738851905 0 5131.16666743159 1976.1152356267 13714.3937636614 57.9142312407494 328.614992380142 47.4726393222809 10828.3369831741 143.952553004026 260.391054362059 12.3872877955437 2.84757536649704 11.5492801070213 344.436533540487 1347.87418106198 292.642374694347 1187.92401066422 4110.79978400469 10.51942050457 33.8835565745831 655.563687562943 21591.3022528291 5020.68234689534 21334.6747947782 0.442531168460846 61.8313216567039 1141.64677298069 1787.03386929631 143.18808567524 3014.87140488625 176.504561424255 1233.71319407225 331.878567963839 755.484835237265 403.716226518154 11.0808793902397 111.342141956091 10.469468742609 66.416468501091 24.2728229165077 84.9945573508739 19.2772057652473 0 18.8617371320724 0.781533241271973 8.00659653544426 84.6929823458195 0.476414948701859 90.5150747895241 537.876589164138 79.9371309876442 291.43193051219 400.727939754725 1.95062470436096 26.25348970294 2.09349936246872 103.018077239394 11.7052400410175 39.0140859186649 2.88299930095673 0.497143566608429 3.03786382079124 84.1296844780445 57.9071760177612 46.6134911477566 49.1071884930134 760.145210444927 1.88148123025894 8.99725899100304 47.3930554389954 1040.93095690012 79.8623034358025 99.4647995531559 0 5.0805242061615 10.157592356205 65.0850959122181 20.3129904866219
1279.30167937279 6.02849209308624 32.9200589358807 109.86546716094 865.442944586277 28245.7459626198 5131.16666743159 0 467.687888860703 4400.62760943174 321.487029522657 921.662821054459 60.9795605838299 30849.3349052072 158.266192883253 10.7130602300167 9.54862377047539 5.4538466334343 22.8142206668854 209.531050801277 122.68095356226 24.9760118275881 69.8485199809074 752.407647907734 13.2445439100266 66.9074711203575 65.6607641279697 976.643270522356 3697.04874128103 1441.44228234887 2.42144441604614 1412.42525988817 43.5841587781906 1599.57671743631 21.5619852244854 529.003395050764 48.4458003044128 551.268501073122 44.7599264979362 1857.63995245099 2242.99148145318 15.0557260513306 33.9992623925209 1.33865368366241 18.5666376650333 2.21805661916733 19.879275649786 3.70796298980713 0 6.00356513261795 0.305980950593948 0.341925859451294 14.1106466650963 0.969310700893402 13.5158921182156 160.791399210691 18.383394792676 85.97611784935 77.5325772464275 1.16931453347206 8.89091244339943 0 28.744677066803 1.96659860014915 2.04489082098007 0 0.467992961406708 2.04903554916382 9.36175283789635 7.16113865375519 4.6901458799839 8.71307256817818 205.718181073666 0.393487483263016 0.791602790355682 11.5377446711063 264.089108943939 22.7276504933834 23.7136754691601 1.24128305912018 0 6.25677138566971 14.2521231174469 7.93634197115898
361.980583369732 834.9106759727 52.9292602837086 945.97840026021 153.951903432608 557.937722921371 1976.1152356267 467.687888860703 0 1759.96746787429 78.0244072675705 2199.34765890241 185.460105478764 739.920604676008 2193.70790326595 118.963509172201 16.2243111729622 10.2282670140266 57.9100899100304 799.960666716099 135.044209092855 2857.3880802393 146.511227756739 12450.1403280795 313.587411940098 211.274468898773 1247.83052414656 3858.73549741507 1387.32257699966 1958.83733609319 14.6274476051331 18.9726480543613 341.217870086432 565.31326764822 31.8445633947849 813.782565444708 135.534194767475 330.558924973011 105.286211490631 2346.82187265158 78.1678159832954 70.4950449764729 142.348354399204 17.7117296457291 83.7759100496769 27.2006245553493 99.7568851411343 10.3517727851868 0.421153396368027 19.8857767283916 5.75302109122276 15.184304267168 162.023893147707 1.01654461026192 34.9317007660866 467.589804977179 45.0806792974472 278.970161616802 421.487532645464 1.06401479244232 165.075168073177 5.20545980334282 73.2084037661552 24.0584679841995 51.4662892818451 9.18202048540115 0 0.610594749450684 144.539608061314 102.821134716272 84.1559517979622 55.6149456202984 699.203742414713 7.1423048377037 18.2337479889393 42.0244995653629 911.125384986401 93.3054956793785 135.942795902491 0 0 6.7125289440155 52.0009731352329 16.5347356796265
759.037824034691 3.41002032160759 21.186435341835 6899.46894928813 28.4991461336613 18734.0389634073 13714.3937636614 4400.62760943174 1759.96746787429 0 36.6114346981049 18278.1029168367 17.6093798577785 4141.26850986481 307.419536411762 10.872431397438 0.588688552379608 2.50770610570908 8.04785323143005 23709.4098670185 58.1352374255657 37.3042051494122 45.1697698831558 1844.99179008603 2.77294903993607 10.914971113205 43.4676554203033 6936.07108169794 1178.34985101223 360.571873784065 0 47.2467345893383 171.560110777617 576.837169140577 55.4356018602848 1051.70996013284 38.0111981332302 502.415754199028 96.689942330122 619.775720834732 316.258611053228 5.18655821681023 30.2580190002918 1.45229077339172 35.9155593514442 15.6305694282055 62.3497264385223 5.35569763183594 0 8.58018106222153 2.77440226078033 1.85605183243752 176.461219251156 1.09609842300415 111.509571969509 318.960610955954 56.26915769279 188.595524698496 599.462337195873 0 41.1272101402283 0.561529517173767 57.598984003067 21.9136548936367 6.55158001184464 0 0 0 144.788543999195 4.96429204940796 13.9271653592587 5.2886643409729 435.445955395699 1.80922937393188 2.16926229000092 9.33710607886314 760.475462287664 27.8271701931953 16.9524867534637 0 1.96766099333763 3.18516176939011 20.486543238163 6.70357304811478
54.3716891407967 405.829470098019 445.700700223446 1.55596071481705 18.9553925991058 72.5210928320885 57.9142312407494 321.487029522657 78.0244072675705 36.6114346981049 0 16.609268784523 16596.7736105323 335.826274454594 2.56275561451912 12.1860798597336 737.941586136818 7918.04486054182 8201.53668239713 3.58699569106102 234.457810133696 155.79946783185 346.402198761702 57.1903053820133 2575.40095746517 11079.33006078 4607.98204678297 37.4339144229889 262.343571692705 34.8193750977516 1994.8855523169 50.4141455888748 10.309146463871 9177.13162651658 18.1282253861427 559.666519075632 8851.86436599493 10605.9574732184 742.726382672787 72.6163776516914 57.9404038786888 5626.69084593654 13.4171766936779 446.843408972025 42.6611853837967 3.22018098831177 0 2.60705202817917 46.8528007268906 0 23.9287490546703 5.8291562795639 0 0 1.41974356770515 1.7890989780426 0.511627316474915 1.9837002158165 1.81050616502762 72.7895978987217 0 316.827249258757 0 0 0 8.01779767870903 57.8424359560013 52.1574157774448 0 0 2.58727252483368 1.31513106822968 9.7856513261795 238.904911339283 288.611324459314 257.338802903891 8.64483213424683 2.14242827892303 2.53815281391144 42.7896010875702 0 0 11.1980744600296 10.1527964472771
49.9575623273849 12.5898289978504 0.690392076969147 2500.23698937893 83.1939855217934 9114.08224022388 328.614992380142 921.662821054459 2199.34765890241 18278.1029168367 16.609268784523 0 4.8613954782486 616.254326760769 2361.82770597935 0.435949862003326 0 0 0.499784350395203 24376.5931289792 2.13106444478035 30.7052771747112 5.85664659738541 1538.88410660625 0.834297806024551 4.70793843269348 25.9646539390087 1464.16582110524 173.883060961962 24.0301245450974 0 18.6944142282009 14.3456133008003 96.3188796341419 6.71676561236382 119.262981683016 1.75161689519882 76.4620965719223 14.8064633309841 1970.15655866265 91.3357502818108 2.23936599493027 3.04548421502113 0.654057800769806 2.00328528881073 0 34.359980493784 1.95172548294067 0 0.62426483631134 0 0 52.3846505284309 0 24.6492423713207 52.9188915491104 13.0909722149372 37.9234998524189 231.027463972569 0 231.17564663291 0 5.62881374359131 9.20488697290421 0.481459438800812 0 0 0 98.5512598752975 1.56384372711182 1.43035757541656 1.17890393733978 74.6868641376495 0 1.38192307949066 3.49276638031006 132.4652133286 5.15522161126137 2.9158843755722 0 0 0 4.02302965521812 0.462579995393753
14.7620798647404 1154.87101337314 96.2015033662319 2.35133969783783 0.6977419257164 21.8314720988274 47.4726393222809 60.9795605838299 185.460105478764 17.6093798577785 16596.7736105323 4.8613954782486 0 78.4419015049934 7.35930946469307 10.8567103743553 68.481664031744 707.444914370775 405.555224657059 2.69525551795959 38.496060103178 486.460614934564 30.7525431513786 156.061187878251 7940.17886742949 2416.82886341214 7121.01609420776 50.5831362009048 73.9012846052647 35.483812391758 1569.41994082928 7.76308608055115 5.96049350500107 2075.19141104817 58.9687429368496 533.878370136023 6464.76929816604 6282.22807344794 963.347752690315 88.4188976287842 895.057448357344 10035.2887893915 56.0040174722672 762.783863186836 153.213690757751 78.6459757685661 5.24478527903557 28.0420203208923 186.00012665987 0 24.0493932366371 2.78047215938568 0 0 0 5.28273493051529 0 3.93956449627876 0.49603995680809 183.626492321491 0 897.329085558653 0 0 1.28023174405098 2.32436180114746 97.4060485363007 51.2842226326466 0.564343333244324 3.84488582611084 5.24984994530678 2.97503983974457 3.78422954678535 533.930133223534 295.865309298038 215.798967480659 5.96880888938904 1.89637225866318 1.06892821192741 49.1715871095657 0 0 82.1588782072067 20.207052975893
14338.5455199182 13.2259286940098 67.4467200040817 234.852893203497 115.29584479332 2771.36595386267 10828.3369831741 30849.3349052072 739.920604676008 4141.26850986481 335.826274454594 616.254326760769 78.4419015049934 0 58.6504735350609 23.5011147856712 19.0212051272392 19.9370158016682 34.2901636362076 376.700827360153 296.2873236835 40.2626510262489 136.958389490843 1183.3764924407 14.9001881182194 75.771685898304 103.032212525606 1819.9845097661 9085.22952917218 5256.13407927752 6.08034306764603 749.947323024273 245.443166404963 1754.00688835979 35.4031660854816 1120.35736447573 72.0551654696465 749.697691380978 63.3931305408478 798.562132149935 800.905344635248 13.0929754674435 45.5839605927467 1.24676385521889 33.2471422553062 5.13860613107681 24.8930480480194 5.28167118132114 0 10.8604006767273 0.468779385089874 2.38983428478241 17.4589976668358 0 23.9144151806831 240.650919497013 28.9007017612457 107.297417163849 98.5796132385731 1.513876080513 8.38083389401436 0.641875147819519 35.7447825968266 0 7.50096318125725 1.02571994066238 0 0 12.2376983165741 10.5933386683464 13.1967678666115 15.6188209056854 306.982661828399 0 3.42262077331543 8.7580206990242 381.608265906572 33.8586674183607 42.5111398696899 0 0 1.50871929526329 25.9600971639156 1.71467858552933
15.1211433708668 42.3899134099483 19.3078716397285 149.027953624725 3341.54444724321 731.11140820384 143.952553004026 158.266192883253 2193.70790326595 307.419536411762 2.56275561451912 2361.82770597935 7.35930946469307 58.6504735350609 0 10.2430213391781 0.421087086200714 1.3402818441391 1.51553675532341 173.031426250935 41.80837225914 93.5612654387951 48.1713431179523 889.013215899467 10.7698442339897 10.2469719350338 89.3068847954273 290.507490813732 70.2445127665997 99.3461537659168 0 91.3807351887226 22.6517789363861 177.011373639107 49.7710721194744 90.1066458523273 72.2361468970776 94.2020008862019 69.0964866876602 13904.44341892 94.5842699706554 0 2.99761325120926 1.52603662014008 0.842791259288788 0 4.90279030799866 0.416785299777985 0 0 0 2.247693836689 10.2362958490849 0 1.11931145191193 17.5348765552044 1.17364436388016 7.31437417864799 22.8544411957264 0 1.13580286502838 0 0.873678982257843 4.05008172988892 2.20752060413361 1.66932702064514 0 0 10.0450083017349 4.95276328921318 0 2.49359512329102 22.8185434043407 0.661726236343384 1.64977902173996 2.80768868327141 34.7388000786304 2.46322560310364 1.63457846641541 0 0 0.660740494728088 0 9.5407620370388
6.93715444207191 102.84042018652 136.210247069597 6.35724049806595 0 7.12376472353935 260.391054362059 10.7130602300167 118.963509172201 10.872431397438 12.1860798597336 0.435949862003326 10.8567103743553 23.5011147856712 10.2430213391781 0 25.7411448359489 0 9.02385899424553 2.34532928466797 8117.36636057496 3206.48183488846 21566.6628575623 2204.11162555218 18.5431608855724 44.0501955449581 9544.71658995748 4980.47279512882 71.6978851854801 1150.38100662827 1.77880173921585 0.37352791428566 26.6163249313831 1473.8676649332 42.3507348299026 900.037476122379 559.204107940197 422.358420550823 298.991802364588 146.772550493479 11.7441928386688 4.71565091609955 121.847543776035 48.3853594958782 68.5958764255047 57.657863676548 18.609935104847 1.9464847445488 2.48490643501282 3.54501685500145 4.95405542850494 74.5868834555149 1.17636898159981 0 3.28667396306992 33.9570551514626 3.34302648901939 10.8664149045944 6.01411560177803 0.464389741420746 0 0 6.80738264322281 0 364.177119463682 12.0912889242172 0 8.36852359771729 0 119.228567451239 207.925612360239 893.567315638065 79.8191041946411 1.5454073548317 30.4637964069843 429.03899282217 131.268793582916 12.7813999652863 34.2996806502342 0 0.277708619832993 0.835628807544708 30.7717278003693 7.77138784527779
1.6570240855217 420.044635415077 4564.55878344178 0.551639676094055 0 0.959219753742218 12.3872877955437 9.54862377047539 16.2243111729622 0.588688552379608 737.941586136818 0 68.481664031744 19.0212051272392 0.421087086200714 25.7411448359489 0 153.920626521111 8854.74352225661 0 3493.0826202333 87.8880526125431 12536.6691401601 35.4853265881538 62.920081704855 5202.48315441608 4310.73928403854 50.6518554985523 9.09885060787201 48.3707177639008 26.7219653129578 1.47148394584656 0 1491.81152012944 15.7228462994099 447.85469147563 1274.66426330805 1303.51160985231 312.52502644062 41.6857004463673 6.89715957641602 8.18403989076614 29.5827625393867 56.6653133034706 54.4551394283772 7.12606590986252 1.22046321630478 0 1.17486268281937 0 30.9330640435219 104.056931197643 0 0 0 5.88151872158051 1.11800220608711 0 0 12.2997061908245 0 13.2941133379936 1.63268184661865 0 2.17492818832397 40.8673467636108 5.7561668753624 42.9122161269188 1.04279506206512 1.4972363114357 12.5097162723541 23.5113954544067 1.61110043525696 18.0829964876175 331.119875311852 430.023975044489 3.79155707359314 0.589797496795654 1.70586559176445 1.13947427272797 0 0 23.5905019640923 2.24890506267548
1.19330072402954 85.410406768322 72.1969228088856 0.680018842220306 1.4211311340332 1.66521644592285 2.84757536649704 5.4538466334343 10.2282670140266 2.50770610570908 7918.04486054182 0 707.444914370775 19.9370158016682 1.3402818441391 0 153.920626521111 0 6447.18925973773 0 29.8671814799309 28.0036396682262 48.0265491604805 8.49574059247971 438.117707639933 4359.35477504134 1191.33725690842 3.08065754175186 12.6532477736473 3.03760993480682 322.631393313408 1.91607630252838 0.786564707756042 335.168534427881 4.35074657201767 145.983529090881 625.833866924047 598.247222661972 110.037719756365 4.01126563549042 1.99362200498581 43.6639219820499 1.79123941063881 161.044546425343 13.9569494128227 1.08000779151917 0 0 11.2847428321838 1.28420329093933 3.86313220858574 0 0 0 0 0 0 0.479310810565948 1.02355170249939 28.0442114472389 0 131.876841008663 1.43216967582703 0 0.48684960603714 0 33.7004073262215 22.4200454950333 0 0 0 0.449395745992661 0.933469504117966 73.2453073859215 102.732268154621 101.445877254009 0 0.891579806804657 0 8.3234104514122 0 0 2.01891487836838 0
3.35389298200607 628.319559216499 1074.5223505199 0 1.7060854434967 6.62709039449692 11.5492801070213 22.8142206668854 57.9100899100304 8.04785323143005 8201.53668239713 0.499784350395203 405.555224657059 34.2901636362076 1.51553675532341 9.02385899424553 8854.74352225661 6447.18925973773 0 0.453905016183853 571.837713181973 88.0076597034931 1139.34645611048 50.7599122524261 810.514026552439 11948.3309721649 4555.68857929111 16.2188743650913 44.6587629318237 14.9381747245789 167.022727936506 0 0 2005.09645876288 11.9731573462486 572.363281041384 2119.10040861368 2244.78539872169 400.002265393734 29.985283434391 12.1447253227234 32.6790806949139 12.8434660434723 232.203539788723 66.6924930214882 3.43230676651001 0 0 11.2551879882812 0.434252351522446 55.3166734576225 27.4197353124619 0 0 0.470446795225143 0.469822704792023 0 0 0 54.0688027143478 0 114.572259992361 0.922976672649384 0 0 28.1765705347061 60.6171823143959 121.668643325567 0 0.964298069477081 4.01695504784584 9.82360881567001 2.34042948484421 148.911464780569 571.481928557158 544.030442655087 1.5039676129818 2.17764645814896 4.02045851945877 12.4519183039665 0 0 22.4233833551407 8.40165597200394
111.279914706945 1.03767535090446 1.63684070110321 32912.1939439178 10.5952478051186 724.547745555639 344.436533540487 209.531050801277 799.960666716099 23709.4098670185 3.58699569106102 24376.5931289792 2.69525551795959 376.700827360153 173.031426250935 2.34532928466797 0 0 0.453905016183853 0 7.97604903578758 5.3646337389946 4.78820508718491 2431.67733484507 1.30182456970215 0.461273849010468 11.2069689333439 7583.31075632572 149.192741513252 41.3904879689217 0 8.14429932832718 28.6610362529755 82.3183871507645 5.39129438996315 187.637157618999 0.950983673334122 80.7648957669735 11.4768456220627 193.496997237206 27.8235209882259 0 4.06397727131844 0.866495788097382 7.75695633888245 1.10434848070145 34.9309607744217 6.59146559238434 0 3.55943149328232 0 0.4136021733284 88.0552540421486 0.720040917396545 27.8674854636192 90.8074283003807 18.1509603261948 33.2214341461658 215.206201434135 0 110.86514082551 0 15.4906000047922 3.21612817049026 1.49001994729042 0 0 0.820715844631195 38.5386964678764 1.96534717082977 6.3300047814846 1.16051602363586 113.321275234222 0.817705631256104 0.36574199795723 3.45243057608604 185.576831042767 6.96284249424934 4.90911221504211 0 0 2.11034196615219 5.26128998398781 1.3471804857254
106.847294956446 106.547669708729 11279.3782700598 16.1011815369129 0.348469972610474 57.4050770998001 1347.87418106198 122.68095356226 135.044209092855 58.1352374255657 234.457810133696 2.13106444478035 38.496060103178 296.2873236835 41.80837225914 8117.36636057496 3493.0826202333 29.8671814799309 571.837713181973 7.97604903578758 0 1014.58892321587 37022.9284255505 817.452582448721 16.7297212779522 1339.56489503384 5353.27298331261 8787.14811199903 282.084920912981 27346.2780062556 8.19867935776711 3.55347749590874 60.3410777747631 6966.9105912149 173.063918799162 4295.26311185956 1884.69139122963 3186.62595853209 1613.16038915515 663.825966238976 48.1776957213879 11.8609924316406 55.9313496649265 33.1915237307549 62.5053236782551 24.051963865757 10.1285383105278 1.13047802448273 0.795505583286285 3.56274253129959 19.4674560427666 146.595231056213 0.392811149358749 0 0.458144396543503 28.0445245206356 2.17449474334717 17.5492753982544 6.63611593842506 4.64202868938446 0.619347810745239 0.99293041229248 3.56021720170975 1.90727579593658 152.543000072241 30.5982055664062 2.70296537876129 17.0506625771523 0 85.2692587971687 124.57223045826 277.180212885141 87.890586912632 7.78832441568375 90.6844415962696 492.31774353981 98.777123093605 7.2158311009407 48.8761557340622 0 0 2.08418470621109 19.9887040555477 36.6220052838326
35.0189928412437 3622.98438444734 372.403132140636 13.8658545017242 5.23933601379395 16.6612509191036 292.642374694347 24.9760118275881 2857.3880802393 37.3042051494122 155.79946783185 30.7052771747112 486.460614934564 40.2626510262489 93.5612654387951 3206.48183488846 87.8880526125431 28.0036396682262 88.0076597034931 5.3646337389946 1014.58892321587 0 2246.96981051564 8278.95308434963 918.3693767488 396.646885320544 6486.23464569449 2338.24330466986 152.916829764843 1205.9294103086 22.8782484233379 0 30.3733838200569 761.990499556065 29.3965094387531 691.431544363499 462.835750937462 480.860094815493 273.091903418303 195.69132065773 4.70123136043549 179.517795503139 84.120104521513 47.4706571996212 71.7530882954597 26.7600283920765 15.384886354208 1.54900962114334 1.73548370599747 1.47151118516922 18.474851578474 65.1145866811275 1.6343289911747 0 0.994393348693848 25.8831914365292 3.185113042593 19.3466853201389 13.5822825729847 3.87259858846664 0 10.9205714166164 7.32084232568741 0 270.518692195415 14.4469125270844 0.9488405585289 9.41673079133034 2.36316657066345 117.159458041191 225.270769774914 395.000209897757 119.008609294891 18.0233092308044 47.2120000123978 299.39206430316 117.61570006609 10.3004647195339 46.0921256244183 0.543105065822601 0 1.76049470901489 15.9618842601776 7.9975568652153
77.6330533921719 219.390253067017 18038.0704513788 13.3038156628609 1.1231404542923 37.9102298021317 1187.92401066422 69.8485199809074 146.511227756739 45.1697698831558 346.402198761702 5.85664659738541 30.7525431513786 136.958389490843 48.1713431179523 21566.6628575623 12536.6691401601 48.0265491604805 1139.34645611048 4.78820508718491 37022.9284255505 2246.96981051564 0 910.130639582872 23.3749739825726 1796.63246574998 16636.3655423522 6053.78091424704 216.381891191006 7888.19778183103 13.0530553460121 3.46881401538849 72.2306824922562 9408.46705234051 194.948698431253 4801.45604631305 3499.28650453687 3970.85106623173 2012.68318253756 811.73601847887 54.9603445827961 14.3856689333916 215.277545243502 105.829865813255 185.635089546442 110.696822941303 23.585840433836 2.29173508286476 0 4.14844381809235 42.9132575690746 272.621629238129 2.63899683952332 0 0.308164656162262 60.0991294384003 5.78581205010414 26.5508854091167 10.7965280711651 3.33600836992264 0.55577677488327 2.72105783224106 8.719292730093 0 817.501382172108 81.6774569749832 5.67223966121674 31.6683262586594 0.459714561700821 163.623354524374 458.03641808033 1599.9215875566 113.64711651206 9.4363180398941 137.313032001257 1305.43965303898 137.775066971779 14.2973415255547 62.9184209108353 0.606461048126221 0 5.59489578008652 48.0691339373589 56.3525128960609
470.281014621258 973.786900609732 158.764908641577 4181.41877713799 42.3266621828079 676.844703197479 4110.79978400469 752.407647907734 12450.1403280795 1844.99179008603 57.1903053820133 1538.88410660625 156.061187878251 1183.3764924407 889.013215899467 2204.11162555218 35.4853265881538 8.49574059247971 50.7599122524261 2431.67733484507 817.452582448721 8278.95308434963 910.130639582872 0 262.897733926773 163.440635204315 2923.43348434567 40322.3318514526 1682.46911367774 3346.57368269563 17.8392704725266 13.175233989954 474.179173737764 825.207175642252 60.2078982591629 1477.09595367312 203.131453454494 579.054684937 198.044555336237 914.417975723743 137.958889663219 27.738939255476 374.623503506184 29.1679647266865 221.44575586915 81.743661403656 211.344365537167 36.8523361682892 1.55199009180069 59.479825258255 16.3831638097763 35.2552349865437 209.043292701244 0.732047855854034 130.519470602274 1070.2826898396 175.995346322656 611.956855773926 658.495771586895 2.35987123847008 80.155224442482 3.52487795054913 245.395526573062 12.4146043360233 138.673011779785 9.08822774887085 2.41023379564285 7.58951658010483 141.66777741909 224.64202105999 138.728364318609 176.689388662577 1668.82768121362 3.84860813617706 32.0571075081825 147.591093748808 2195.67004191875 197.990830287337 311.468502998352 0 2.59462362527847 30.8143893182278 156.385611623526 15.8252780437469
0 3027.0807274878 48.0853241682053 0.344113081693649 1.62441545724869 2.27317070960999 10.51942050457 13.2445439100266 313.587411940098 2.77294903993607 2575.40095746517 0.834297806024551 7940.17886742949 14.9001881182194 10.7698442339897 18.5431608855724 62.920081704855 438.117707639933 810.514026552439 1.30182456970215 16.7297212779522 918.3693767488 23.3749739825726 262.897733926773 0 2442.80642598867 7992.69286802411 70.1689355075359 16.932269692421 21.6443092525005 344.183184236288 0 2.50817608833313 359.442063301802 2.84764403104782 121.237291902304 3100.58599287271 923.898492544889 98.5417988300323 15.2069855630398 5.34512603282928 3396.62409043312 6.5148218870163 607.832354694605 63.7935644388199 6.43116253614426 0.328221201896667 0 116.735088706017 0 25.8847277164459 3.37983202934265 0 0 0.630896866321564 1.49049705266953 1.07438719272614 4.00092208385468 1.23557928204536 140.860762238503 0 687.800000905991 0.784951269626617 0 1.05393218994141 14.4013659954071 122.577288001776 74.9534862935543 0 0 6.68718606233597 4.06956607103348 9.05299144983292 744.532153725624 488.135253071785 371.370729207993 2.10560670495033 0 0.74295449256897 47.9409172236919 0 0 18.2010548710823 0
11.9232553243637 1661.58739316463 12479.1769933105 2.5937312245369 1.76814615726471 18.0926885306835 33.8835565745831 66.9074711203575 211.274468898773 10.914971113205 11079.33006078 4.70793843269348 2416.82886341214 75.771685898304 10.2469719350338 44.0501955449581 5202.48315441608 4359.35477504134 11948.3309721649 0.461273849010468 1339.56489503384 396.646885320544 1796.63246574998 163.440635204315 2442.80642598867 0 32476.4852899909 83.0108562409878 78.781004935503 73.6592058539391 3121.89555081725 11.333033233881 4.85294824838638 3577.31248775125 59.5248176157475 2193.1075553894 6874.80242192745 5533.04143375158 1393.73047921062 121.98036172986 54.2227540016174 147.661914229393 105.447184413671 1069.1685642004 287.236225903034 45.6561031341553 9.12303483486176 1.09200096130371 36.6405743956566 3.36354672908783 189.774345517159 141.228753775358 0 0 1.63619017601013 10.0261371433735 5.4077742099762 4.04627746343613 2.05473771691322 212.824694812298 0 727.687330901623 8.16756325960159 0.876727700233459 3.69615858793259 164.289287239313 226.291878581047 495.837745904922 0 5.97424191236496 37.5869819223881 60.8280994594097 6.91038307547569 604.205844014883 2727.90394237638 2520.29238539934 12.3128332197666 6.32959163188934 12.629755795002 67.1278898119926 0 0 96.4326350688934 26.4735932946205
32.1566271185875 7703.28444904089 15288.9106275439 13.3358028531075 1.45678299665451 31.6545395553112 655.563687562943 65.6607641279697 1247.83052414656 43.4676554203033 4607.98204678297 25.9646539390087 7121.01609420776 103.032212525606 89.3068847954273 9544.71658995748 4310.73928403854 1191.33725690842 4555.68857929111 11.2069689333439 5353.27298331261 6486.23464569449 16636.3655423522 2923.43348434567 7992.69286802411 32476.4852899909 0 3577.28783208132 168.596942305565 1125.30325606465 3383.37121632695 4.71380686759949 36.2231147289276 6112.43801474571 210.459783166647 6241.73363602161 9620.03540253639 8589.03863459826 3292.61436295509 674.896644026041 129.895945698023 180.082369625568 435.116479039192 1254.32056742907 729.491425156593 214.38822516799 36.683619081974 10.7019827365875 25.8834471702576 7.31217005848885 475.915998667479 1467.31175321341 4.0196368098259 0 5.10126051306725 77.8201359212399 14.1826233267784 36.3570878207684 6.94386085867882 189.756148129702 0.568516194820404 475.083295017481 16.0270273387432 1.87824845314026 343.122542887926 537.527825593948 228.877450615168 547.149764925241 1.11450803279877 133.090959131718 646.97211715579 1156.1861487031 110.048662930727 611.099201917648 3543.80234584212 7364.05486035347 140.882172971964 18.0229552388191 64.5901934206486 59.5618510246277 0 1.17533478140831 231.449208527803 62.3861608505249
961.492921203375 219.306186288595 640.928037047386 15888.3732815683 23.9951124191284 689.193881213665 21591.3022528291 976.643270522356 3858.73549741507 6936.07108169794 37.4339144229889 1464.16582110524 50.5831362009048 1819.9845097661 290.507490813732 4980.47279512882 50.6518554985523 3.08065754175186 16.2188743650913 7583.31075632572 8787.14811199903 2338.24330466986 6053.78091424704 40322.3318514526 70.1689355075359 83.0108562409878 3577.28783208132 0 3427.17207512259 21601.7518600821 1.71130070090294 29.0774131119251 837.919202327728 2112.44488713145 123.457888871431 3039.67556637526 363.255723893642 973.42884272337 420.666832655668 723.064289271832 196.86053276062 11.6954229772091 329.2006072402 26.7938748896122 174.845498889685 74.5805091559887 159.198127001524 26.2178284525871 0.709673970937729 51.8807095885277 13.5482377707958 59.1190599501133 174.164859682322 0 149.720937639475 990.855336040258 133.295178696513 543.419654011726 761.346642196178 5.02915155887604 69.8856725096703 1.95059511065483 193.379202768207 22.019477814436 199.495459228754 13.8473289012909 1.68752920627594 5.39545744657516 139.400839954615 334.48486366868 183.930604100227 238.642793685198 1437.07301777601 1.16325995326042 33.6766166687012 166.591957092285 2017.83435374498 176.948674634099 335.760474056005 0 3.86350035667419 18.5152871310711 136.649380967021 27.3966190218925
14637.6854455471 27.9787695109844 40.6918234527111 159.850273787975 292.249430388212 1112.09199714661 5020.68234689534 3697.04874128103 1387.32257699966 1178.34985101223 262.343571692705 173.883060961962 73.9012846052647 9085.22952917218 70.2445127665997 71.6978851854801 9.09885060787201 12.6532477736473 44.6587629318237 149.192741513252 282.084920912981 152.916829764843 216.381891191006 1682.46911367774 16.932269692421 78.781004935503 168.596942305565 3427.17207512259 0 15627.1748228967 4.26462084054947 1703.63630315661 14635.0735619068 4879.61476382613 115.260090857744 2715.75722718239 120.773365229368 1446.49623155594 228.931204348803 867.213200807571 1663.62618494034 17.1238742470741 70.8069039583206 3.36606103181839 38.4085760116577 13.6337522864342 18.3704280853271 3.92654338479042 0.983581244945526 18.8279324173927 2.37848511338234 9.6812501847744 9.00554406642914 0 13.9664991348982 242.959747180343 21.2884010076523 140.306788504124 56.2558624744415 0 6.98149421811104 0 41.5008399188519 4.37269100546837 27.2748241424561 2.72360533475876 0 0.335607916116714 6.57451558113098 54.8590388000011 24.0494910478592 30.0003148317337 360.137880668044 1.76560616493225 6.87154570221901 13.9252261519432 436.710531979799 57.9191533625126 101.180631250143 0 0.899109393358231 8.78087490797043 44.3232836723328 17.1732355356216
5827.02466347814 69.7337105572224 1275.4738817811 80.1081337034702 5.96754959225655 362.193807691336 21334.6747947782 1441.44228234887 1958.83733609319 360.571873784065 34.8193750977516 24.0301245450974 35.483812391758 5256.13407927752 99.3461537659168 1150.38100662827 48.3707177639008 3.03760993480682 14.9381747245789 41.3904879689217 27346.2780062556 1205.9294103086 7888.19778183103 3346.57368269563 21.6443092525005 73.6592058539391 1125.30325606465 21601.7518600821 15627.1748228967 0 2.98842421174049 21.1854211390018 1278.85079687834 5740.90758281946 175.337893486023 5168.01852926612 783.702950268984 1671.0706692636 937.856976777315 675.607411324978 145.476105719805 9.83444520831108 152.216163307428 29.5801281630993 86.5812464058399 43.5819255411625 41.8384273350239 6.6337157189846 2.82946991920471 22.8615483045578 4.35993582010269 28.1668705642223 9.34748721122742 0 13.2546410858631 280.652215659618 31.0847897231579 175.463772475719 41.4043252021074 2.32680308818817 0.973614364862442 2.41090416908264 41.0770945847034 4.22174739837646 166.739190965891 7.10587671399117 2.25310790538788 2.95255646109581 2.89986115694046 251.326564073563 165.468476772308 202.102178424597 569.932942599058 1.04994118213654 21.4774323999882 114.287926882505 649.104866564274 79.5375317931175 199.935312271118 0 2.22835984826088 11.0327388048172 64.1477091610432 24.2619341313839
1.16486340761185 57.7523083090782 23.6485016942024 0 0 2.24229800701141 0.442531168460846 2.42144441604614 14.6274476051331 0 1994.8855523169 0 1569.41994082928 6.08034306764603 0 1.77880173921585 26.7219653129578 322.631393313408 167.022727936506 0 8.19867935776711 22.8782484233379 13.0530553460121 17.8392704725266 344.183184236288 3121.89555081725 3383.37121632695 1.71130070090294 4.26462084054947 2.98842421174049 0 2.05089980363846 0 134.596872746944 1.13253593444824 42.1962420940399 368.879544824362 241.679336905479 34.3921538293362 2.79550087451935 0 43.8368372917175 0.719545423984528 120.957124829292 4.99082064628601 1.05716770887375 0 0 5.03621685504913 0 0.688250780105591 0 0 0 0 1.1504522562027 0 0 0 12.3493619561195 0 115.526217728853 0.366199344396591 0 0 1.35130560398102 14.8621355593204 11.2931576371193 0 0 1.75793778896332 0 0 54.7372283637524 64.1506327092648 55.2163084149361 0.748277366161346 0 0 5.26107460260391 0 0 6.23433619737625 0.649752855300903
30.980030477047 0 4.55509781837463 2.11086767911911 1518.68956744671 1600.09583261609 61.8313216567039 1412.42525988817 18.9726480543613 47.2467345893383 50.4141455888748 18.6944142282009 7.76308608055115 749.947323024273 91.3807351887226 0.37352791428566 1.47148394584656 1.91607630252838 0 8.14429932832718 3.55347749590874 0 3.46881401538849 13.175233989954 0 11.333033233881 4.71380686759949 29.0774131119251 1703.63630315661 21.1854211390018 2.05089980363846 0 7.3704794049263 1197.61870196462 1.01563078165054 96.4919602572918 6.24491673707962 158.246768891811 8.74493214488029 505.361136704683 3071.92159819603 4.97446268796921 0.281272917985916 1.24910426139832 0 0 0.331078052520752 0 0 0 0 0 0 0 2.04230362176895 4.8092345893383 0.304939091205597 0.513783097267151 2.65843343734741 0 0 0 0.80786857008934 0 0 0 0 0 0 0 0 0 4.18038913607597 0 0.938183844089508 1.455746114254 0.713757783174515 0.632289737462997 0.380736798048019 0 0 0 0 0.93831342458725
