0 137.404475355758 89.8277314767965 87.0721916588655 92.780409001194 61.458188125473 36.087369488138 33.3945501241765 71.1009096145098 71.0394414190629 84.5403190190825 81.69780796265 85.4588004464818 15.9756471254508 78.1633748861996 103.327682895536 118.766797096217 93.1836509878158 146.820251193188 82.0407330759256 76.6483758135845 85.8502034468418 88.6273310212328 80.7910273134329 0 120.508557865529 120.289819391136 77.7134369579827 22.2045772390254 32.484888440179 110.209768282526 73.392290540033 34.8417664786693 50.3799449247324 114.045605600298 59.1347682405707 80.2710204800398 54.4528508237864 65.3679103197202 60.0663212204008 55.2266292568589 113.885279503839 145.653537338086 0 146.007418086524 146.29845794282 147.327254110727 173.159496488574 0 153.154680286917 194.841644287109 0 149.123606706612 0 166.42426354849 138.317335513702 162.652557699772 92.5163419167105 159.776679136615 0 161.141571044922 0 172.064007418613 176.883834909328 128.754795368744 0 0 0 159.058514036875 139.073714036241 112.510577071236 165.746933615539 125.319260468348 191.463424682617 179.454494019967 163.763414324946 138.141645805646 161.476904188157 136.431922987256 0 0 150.213364773425 144.84957661466 126.982470056342
137.404475355758 0 41.6398347367308 113.276679921202 159.039993286133 125.510814890983 113.611669444164 132.314198686293 71.2922686931027 145.265380681562 55.0541413253206 114.024732747244 41.21081401799 133.672444970151 107.873824706971 63.0894967195771 45.6171232790608 60.8765807623558 49.0656652838165 136.803104493421 52.1535294650794 29.0399400338303 53.3533854918464 75.4973366227642 22.0585249366448 42.6347628736987 32.1848392083847 93.588274802405 114.551490298336 81.2649361273995 59.1134982592454 0 106.47511220077 54.9154969628118 134.475021112241 73.4590410583167 39.9901533981464 54.8191519644667 59.6072248735686 98.9005357421619 71.7393035605601 42.4106689640498 97.5740182500669 60.9913195037187 68.6590411142996 74.6833167835327 0 0 43.5714632949361 0 25.3992117217077 66.3797438082891 0 0 0 136.055607400781 0 121.355733242641 164.037478444606 80.6424326862322 240.278900146484 52.4448132945026 204.012390136719 0 99.4825912909641 72.5514037670919 80.0913752207746 77.3152136452783 0 108.937522888184 65.8672859967429 91.1624939686682 144.348984257318 39.6084534057338 61.7976274361512 61.4360529980635 153.889102552449 0 176.154360675291 95.0181481590665 0 0 75.3691363064706 184.282760620117
89.8277314767965 41.6398347367308 0 110.137769633639 174.145919799805 113.421985878476 85.0866361093345 99.7685042978837 91.8661973740038 115.856950088753 74.6210856031851 111.469657897949 78.0048478004057 98.3860438045298 83.9754040269327 66.573738691548 37.7542698465809 74.8680195622318 60.4990004863828 112.867852227551 17.6361401645612 46.2326306166261 21.8171186988035 85.851680788857 69.0263871897432 30.6567718170255 30.037946824341 71.8031798123891 91.3341942298847 42.9851226465762 84.4094269803048 110.814236562315 64.8336770018042 45.4843180650261 125.195012178884 58.8344827990791 38.4620085306131 50.0604463712745 52.484157473921 65.99457115519 64.7595956204786 78.107476616766 117.345400803174 92.9659258417779 107.285372891118 105.905612459948 122.427282729176 138.626753365507 97.3404436087491 162.420430983231 59.1320563539896 85.1444522346623 194.053298950195 0 225.814605712891 152.588876860754 184.382763909912 119.000933246262 177.516118791118 141.21603281501 0 111.447994988855 166.843348987657 0 94.2764906361409 100.99125419551 150.336390770587 110.93241711334 0 116.730016189067 63.2730705654443 104.029916004706 129.960608948645 90.7282796280219 94.9760506553172 87.6803464850325 143.1351765547 156.84186697876 141.521997107957 121.282174039237 0 150.490280151367 102.698665354198 145.675713983286
87.0721916588655 113.276679921202 110.137769633639 0 107.749330803738 71.9673621499648 51.0668328999009 101.113507695553 60.760640524861 18.4968338761602 150.459329857347 38.2603239380118 160.726838237148 97.5692392706671 75.0029128032389 83.5435338270291 120.833427429199 194.713333129883 0 12.8512728904516 104.369634602825 88.4736932334381 101.130704667542 25.162897984956 136.512344360352 185.153718461113 114.878750701686 17.5048956342906 104.130685946483 84.7013626266426 0 146.133678638036 90.0029425716234 103.153475010684 174.042218668647 104.630025169052 122.951868324712 106.795331784243 112.470745269194 77.9323943655292 114.022485151424 128.521041870117 162.075468026941 192.170227050781 162.293912579643 155.228655286988 99.2056151552837 175.310404914664 0 161.760901001548 149.050136880846 170.667254785173 67.7729822439694 0 131.121913279924 136.937022718517 149.683440167869 84.7546189928689 137.903415702185 125.699546813965 15.8443087428064 0 160.410105120808 113.360704265092 151.436080932617 0 233.580429077148 0 39.0918359362951 153.950373218769 160.2162677505 161.518236619811 110.648867539342 174.825469970703 0 180.230663707645 129.603577547372 162.89517916576 175.861734791189 0 213.532119750977 145.349688677046 165.637001539592 205.292251066859
92.780409001194 159.039993286133 174.145919799805 107.749330803738 0 20.9838082401656 111.763636869477 24.6873341027647 53.3709081207806 107.373364264144 54.1900770868679 59.7689476492298 56.9441375732422 39.8518208091688 19.6413305066172 0 0 74.9843597412109 66.6380310058594 101.827922090986 154.868804931641 103.21287225832 61.2918663024902 78.6509557488646 159.219848413323 75.0458145141602 205.66762140972 108.725253321262 23.0295312112028 121.723814593639 0 9.91586656207359 125.374862900526 16.5735071154172 98.7758407279164 65.2443083209844 109.662042815084 36.0253734965248 53.3592033825219 11.6738461590674 9.23485971603878 65.9144134521484 0 0 0 0 211.977828979492 0 0 185.824188232422 0 0 0 0 0 133.956787109375 0 171.862218288721 0 0 0 0 0 0 0 0 0 0 0 0 0 0 177.323549888188 0 0 0 165.808641534161 0 167.826614379883 0 0 0 0 0
61.458188125473 125.510814890983 113.421985878476 71.9673621499648 20.9838082401656 0 42.9041745030833 20.1298190097928 61.4197888460309 24.1065258429661 73.6008180554084 26.5875857723609 86.2956180484107 40.4160814254003 26.315613261666 115.328172643166 151.813930900969 104.924370035566 99.5253129865331 48.1018460282582 100.650804901895 102.710685486479 110.058505640381 71.1247470464591 105.302239122515 111.261787035573 126.786132785508 77.663771958846 40.1472438758122 75.4300925433994 133.745601897347 17.6414042604597 87.5128494713936 48.1921866333178 126.515791820119 80.4804088809571 99.5972697508638 59.8667481185283 71.7352177291704 21.3147121691074 21.3813722085345 65.2289509396813 167.341902717524 0 176.14368770781 194.850875854492 126.972598975647 165.370007279165 0 157.349074871821 196.573623657227 217.549575805664 146.850215853301 0 148.56188796049 142.094475649086 167.241589734824 93.0675006371318 148.441565170175 0 100.351426679394 0 154.458908920211 146.822638146453 139.62954081031 0 168.145080566406 0 143.686223236117 140.975139334648 153.062086017192 196.734039786614 122.795542703877 197.308135986328 219.750567067302 181.035451724507 136.594335840599 182.858398400063 160.249788848693 158.953125 0 152.493489240278 167.577696701488 183.909307915858
36.087369488138 113.611669444164 85.0866361093345 51.0668328999009 111.763636869477 42.9041745030833 0 44.1670821605327 56.3045082759017 20.0663100251352 119.471446744107 52.9975543277952 110.469993540234 43.6741380610041 78.5707924161331 77.4647813884954 121.595186855435 164.796268082026 143.01827238234 49.5057454998417 65.2481189509489 74.5775092184478 73.5740464482844 51.1706999492755 133.173821841099 142.553070341268 97.41330871704 34.3638819284386 67.9895736698176 27.4146001018054 173.408584594727 110.889434101 61.1281714364294 73.6361385261119 134.086084581979 76.4245521639805 89.1941216165102 78.1416399077714 82.8555489390698 76.1603850477018 85.4264736021197 115.858477889887 138.961002573438 178.59987032608 147.166481483412 144.272854098767 130.208565405007 162.530341936719 0 135.411273018616 155.250778198242 142.706429930999 132.042379632392 191.342529296875 139.211236948398 123.676815119242 146.624458379015 75.1699138056181 130.12898006638 188.359441624102 131.041679172869 210.096377808953 151.518420607338 128.446846397752 131.789814164284 171.509519390331 212.198455810547 198.26950168764 128.80022522778 132.389167184935 104.378720134687 150.175336790187 105.074230911203 160.312011352831 173.747948325291 155.65660337049 119.716392350429 150.758989952768 128.598400495668 0 179.314166838349 137.623264189914 143.305990525128 159.938545228589
33.3945501241765 132.314198686293 99.7685042978837 101.113507695553 24.6873341027647 20.1298190097928 44.1670821605327 0 82.4199716548462 43.503600292108 66.2318980817879 55.9990393211078 67.5987743565345 17.1473108736184 48.7791804464851 117.641522612122 104.082774903021 92.3796068004876 87.7921440984691 84.9757782709144 88.6574167202616 107.574175952395 101.840519556254 89.3335136524196 93.2766066879249 100.399176650417 115.969869747549 90.3753286136963 30.3548143805432 61.9581277589012 114.828758279252 23.1591276890938 72.9826427069781 39.2860560401548 115.563254331695 69.69763586177 81.5126719495231 51.3127768497271 72.0892015819856 28.4045666743419 26.7471629395476 62.1746560169884 155.995507667519 148.118568885175 173.39407378426 133.578492962594 145.373882951181 213.82945676824 0 157.166757134349 174.995590209961 197.841796875 169.407123293556 205.751541137695 163.017635268578 148.188256824906 175.058211786607 100.395279147218 161.308665856879 172.088134882631 144.434800819746 0 176.912600973205 156.818045283148 189.963309243414 0 246.401977539062 227.130843390722 161.834051932839 170.47034778026 140.837747615097 180.488126931945 133.276518869275 203.116317749023 186.231695784279 187.132544058371 145.853238866918 166.630875529918 156.060818142188 134.060394287109 0 163.429978842549 168.936122284944 158.994841876652
71.1009096145098 71.2922686931027 91.8661973740038 60.760640524861 53.3709081207806 61.4197888460309 56.3045082759017 82.4199716548462 0 68.0895266641568 124.355952244207 30.4431628961836 109.494380944175 79.0618547674808 24.9014598866941 59.394289064781 111.337805114001 126.479958826248 120.719427050734 57.3899354950642 69.4314914856344 29.7628248209527 80.4202526109333 24.4942900194169 94.3415255973904 110.758326426709 94.6905129102687 52.5709660360103 65.9077977081222 50.1856252982793 130.014510055764 106.927716648533 59.796286758077 70.291614901771 134.061632948067 75.5141204701517 96.102518840336 87.4742995296231 83.9119275770896 24.9816395716725 95.2282510538966 106.555559774534 86.0574372583323 109.658074932827 99.9725241334939 107.059637731463 64.8768569453259 111.770877222794 135.264404296875 84.185140970191 97.3353397521113 116.700470395928 85.148930609169 86.9404081887571 97.4549215243573 81.1165952922384 101.889792831742 29.6473916884656 85.3867245265408 163.19935353301 27.6034278813749 152.910151550649 109.147931705248 78.8430225510168 65.0692075645038 145.434528107595 0 189.599563598633 62.3970241584924 78.023972028318 32.9801016231954 103.063560145307 63.105651994247 122.452225263808 144.576566904127 125.272993476082 78.1908222037834 94.7480283734978 79.0676719606934 0 0 82.9070347898469 112.117478468456 165.948473863211
71.0394414190629 145.265380681562 115.856950088753 18.4968338761602 107.373364264144 24.1065258429661 20.0663100251352 43.503600292108 68.0895266641568 0 129.870823448539 25.3989054123115 129.933879434216 55.4455243781758 73.6018628548595 122.830053748787 116.099166870117 156.236365238163 148.530697562474 13.5788830851351 94.9944947477068 104.91449059809 103.673165084826 63.0597366117907 155.017171242167 160.40191550342 142.615642508653 29.3923026427726 98.0811472829617 81.6744164147553 0 115.468013430699 87.5404916081792 93.5348489811951 147.855919911468 93.0001906829277 110.812395798943 92.8170172014144 97.6156377125075 81.9476832686143 96.9055292224124 120.319812941083 161.716864834816 195.187371322724 163.449054412223 162.401494232484 122.170640499532 191.839178154345 0 146.220902327532 164.124747106859 196.785772217689 142.629855610757 121.574363708496 146.858617529993 138.734634428339 164.283851465979 89.4151674274819 144.278667626543 0 134.776097176482 182.111633300781 169.51067453259 127.623996801786 161.684561567821 0 0 0 138.646923450517 176.488173783017 143.893069549586 189.682623299468 117.660284264314 175.433694395301 214.256481395799 208.171397991113 137.466866983168 181.081907944394 147.584870947887 0 215.969333974167 180.920776071651 169.16049290429 185.343088728031
84.5403190190825 55.0541413253206 74.6210856031851 150.459329857347 54.1900770868679 73.6008180554084 119.471446744107 66.2318980817879 124.355952244207 129.870823448539 0 114.320539395407 19.7953771967651 69.4876827328943 165.042309343159 114.505532497448 51.8533699756872 23.1481298543543 27.9263217873911 145.630628264432 65.2559067925765 94.7531856778343 60.0450574371391 140.492569208687 32.0812977895469 36.703896705696 56.9148148948194 145.057181179513 64.5718871167144 113.080005878102 36.6737649085094 60.3621940239743 83.8575860829051 23.2379631517016 137.039712116235 71.2395537811617 27.3139467512114 22.9974436393362 40.9707174744617 65.7734161971092 43.1273981049688 15.4040460168996 137.03815034404 61.2301465979169 105.036715044644 103.951979869816 0 125.242763352463 56.6352183167062 0 95.1886887323804 137.3636723879 0 0 198.368245693269 225.664241189081 208.422119140625 175.853899301086 207.954323604647 86.9207320467871 0 65.8817799181825 0 0 0 128.277063409491 94.5516825606639 111.279412324878 0 0 128.849314379836 190.819315054536 177.659742185163 53.9628585704685 99.6767567480337 102.752299574764 197.233107172905 236.282603070902 170.405185662226 95.480063924347 0 0 121.519227374379 133.50958214876
81.69780796265 114.024732747244 111.469657897949 38.2603239380118 59.7689476492298 26.5875857723609 52.9975543277952 55.9990393211078 30.4431628961836 25.3989054123115 114.320539395407 0 124.505518397402 69.7966115714136 21.5423777684577 168.774078369141 0 0 145.190322875977 13.4852920053191 120.738324077542 68.7519722513706 123.173405287639 28.0406506963808 143.882281502683 153.655558387904 127.575221946526 45.3442810657561 98.6687110776436 89.3669059387143 0 102.872622654059 90.4053169173055 93.0943053494231 162.816376630277 98.0397830544437 121.398747161665 93.1856045659625 101.04085435547 23.6745847301304 91.9166944578378 132.636375419987 166.338500816454 224.247055053711 118.377556228477 0 62.6505752528345 161.394107637903 0 73.2056655883789 0 0 108.979638564494 0 105.666765187588 113.861011202539 130.34892005638 84.9305183144797 110.16978334814 0 21.8475609750099 0 157.170414678804 93.6164143598124 145.140975952148 0 0 0 59.4797069536867 156.342330932617 142.423965454102 186.377233730804 94.8648036525784 0 187.817808588625 171.994721843683 120.10265320903 161.592187588561 115.15985123914 0 0 0 164.293326923058 217.716247558594
85.4588004464818 41.21081401799 78.0048478004057 160.726838237148 56.9441375732422 86.2956180484107 110.469993540234 67.5987743565345 109.494380944175 129.933879434216 19.7953771967651 124.505518397402 0 73.8612002256649 112.643033536949 106.765819572703 68.4528707603197 39.9171871526957 53.1550536323248 118.30959439195 87.2375972827086 76.6994309434216 90.4022519099426 119.986800415706 14.8028950248209 34.4581000458626 27.6154134214278 132.378508016505 81.0590935676895 96.8733429402238 17.8258972242371 64.0783350001095 83.9096843762194 24.3840902780927 85.6342662561946 43.5960959846634 23.0251726700323 18.908674863633 22.3912803952865 44.9382059682575 13.9017226752508 12.0289222742457 48.6941204740532 44.1007175060109 40.2933466250281 18.1354355830878 48.3598139192972 23.4200038965594 30.3306362348006 0 77.2694217003443 126.899048960279 0 0 0 147.60586854451 0 139.214123591452 118.66926574707 70.026396945502 0 51.8732997362008 0 0 181.063001502734 123.024498672585 85.0450775066693 92.1104983929751 185.697479248047 147.885063654171 109.220357282629 169.010361594714 152.807982811725 39.3794580662026 84.889853312727 89.1328616837052 165.551237688039 83.9033673928314 177.963049751237 85.3266414724804 0 0 23.4692602988576 92.2363103665766
15.9756471254508 133.672444970151 98.3860438045298 97.5692392706671 39.8518208091688 40.4160814254003 43.6741380610041 17.1473108736184 79.0618547674808 55.4455243781758 69.4876827328943 69.7966115714136 73.8612002256649 0 75.6584367169596 114.789077625965 88.7546719515378 99.3034394089935 96.9611569152002 84.3562792583749 81.036884548613 100.495809829018 94.2641261959553 86.4264577586222 107.189831056956 99.7398690822761 117.995179897916 85.1780356169366 29.6776886436424 49.415132689647 128.85211444075 20.3036213064202 48.0644265545337 44.0914788427631 117.935680520896 63.9039429869802 82.8090826223387 51.1230838784242 69.1002297426999 41.8438801438907 39.8808574948638 68.4644896616529 152.899438741204 163.30900628887 159.240313890024 171.391510276975 165.215789301531 183.732350235689 0 161.265151729805 190.531631469727 184.63303865461 163.022843111132 0 165.123668025771 148.177739012852 166.921226988041 101.762777123475 164.110878598394 197.035385131836 167.133499537446 198.215301513672 170.849525527841 0 169.346377733105 217.83804398252 0 0 157.509592323723 158.963283995467 134.874558123043 167.226368695958 131.996498715261 0 167.800590101907 186.107891213316 141.400851530713 170.992583502883 147.021617998814 0 0 162.049138182372 163.558409847252 137.814659122017
78.1633748861996 107.873824706971 83.9754040269327 75.0029128032389 19.6413305066172 26.315613261666 78.5707924161331 48.7791804464851 24.9014598866941 73.6018628548595 165.042309343159 21.5423777684577 112.643033536949 75.6584367169596 0 95.6838984410457 165.504913330078 171.58512878418 156.05724439957 61.2948407228866 65.9102685852487 73.7940394531727 88.0623008071849 43.0156572124857 131.930605963726 143.056727417858 116.820851684174 78.5464098117189 75.1368249377643 69.2169262736632 0 37.5735550725997 52.9881357172128 46.9693111412791 54.2399278405486 62.6370983060207 53.4585578155096 40.8511880840052 31.0196540783016 11.3646709103367 33.6617765032449 0 145.863647703036 113.05152130127 212.372634887695 0 67.5966651552657 165.755111694336 0 0 0 176.789134420083 132.151700760169 0 94.240852355957 121.406497677116 120.927413475496 106.745495998767 108.437757860306 0 110.499866716276 0 181.870248525335 90.2045209116975 140.386930142929 131.43684387207 0 0 95.186518555531 112.329600116079 0 146.170285559758 117.845332326681 143.561019897461 158.289557497193 143.310567033654 125.750629217046 161.861288468686 168.759582519531 0 0 189.121734619141 0 81.4661133810891
103.327682895536 63.0894967195771 66.573738691548 83.5435338270291 0 115.328172643166 77.4647813884954 117.641522612122 59.394289064781 122.830053748787 114.505532497448 168.774078369141 106.765819572703 114.789077625965 95.6838984410457 0 89.1474774285433 0 101.613543416262 70.7492455538121 17.1672480491816 37.2192853488684 15.8947969069485 37.8972973955279 105.246823063239 109.974768965551 27.3378030550744 34.7433571484185 77.9562607601533 48.9502589093522 181.076955786155 164.023162841797 67.9851455537332 50.0513992399226 140.77748670226 73.9762099750589 53.0390915234158 72.1931838818934 73.1790659053351 82.4866677879095 84.3900038914716 106.004418885131 111.395864671943 90.1073079444367 114.006884390667 114.760996001888 117.288455107115 127.782059039553 155.377001027719 174.827611166701 100.145307899833 106.17307486531 161.161400072591 0 154.162768186023 141.407257247481 160.195526007304 101.717540874116 154.74784174517 197.375137329102 0 0 169.332274775532 0 96.0351438665032 134.213234492137 0 152.321007803906 0 106.047106053093 62.0695584778227 101.554026765535 107.645811402405 105.652719422713 139.636190227897 101.408208631473 120.166245095754 135.948655425566 106.806754875592 0 206.580459594727 135.390350341797 110.271024155714 156.701101393102
118.766797096217 45.6171232790608 37.7542698465809 120.833427429199 0 151.813930900969 121.595186855435 104.082774903021 111.337805114001 116.099166870117 51.8533699756872 0 68.4528707603197 88.7546719515378 165.504913330078 89.1474774285433 0 52.0845942527028 20.53216926036 0 24.0792678577988 68.9599220077461 13.537502051948 119.77479944973 61.0069473628937 35.8766595346364 55.749449419444 112.315831119933 113.906632999981 76.6936034179273 83.9720170152627 104.321784973145 0 36.7873695160359 125.481993757107 61.4477273141701 38.2453310775128 42.2618823521806 50.1716973018687 66.0821987377538 66.2912287418823 69.4943091121449 122.175055385932 91.5144322539871 107.086123127643 106.915225124451 155.861047381953 0 102.704410483633 0 68.9225026126217 97.248677420755 0 0 0 152.954433870891 196.665537367316 0 0 118.524672681711 0 108.409084063883 179.747235409209 0 114.983665598888 102.643094420938 131.513642662147 109.581065800922 208.762832641602 178.018139298631 86.6421410637888 122.338234632279 151.515143513195 84.8097214480751 96.1384178914374 96.6783063607098 138.830004482456 210.433456420898 130.122232488187 101.862102065269 0 0 103.567077698431 139.714679525669
93.1836509878158 60.8765807623558 74.8680195622318 194.713333129883 74.9843597412109 104.924370035566 164.796268082026 92.3796068004876 126.479958826248 156.236365238163 23.1481298543543 0 39.9171871526957 99.3034394089935 171.58512878418 0 52.0845942527028 0 14.2732692910493 0 73.0729610685387 98.9831697606889 67.8475058332565 135.4880145745 40.3184813968677 28.0513304565481 54.7723351327674 168.32227477363 90.1359873376843 137.885285090107 44.4450478461057 84.6078442351733 117.858283996582 50.6448914445213 122.571108624739 77.5202115801921 42.6781196660184 49.2363471357752 58.9658963550826 87.762616761415 87.1255573997242 55.5965523113463 130.709941531974 63.6883373190176 102.821373696258 120.239631652832 0 0 63.2700687625121 233.89421081543 97.3511420249208 0 0 0 0 0 0 140.321090698242 192.299728393555 92.2397500389524 0 73.5273895191107 166.180572509766 0 192.604385375977 0 98.2036826426087 104.720006892105 0 0 0 156.877197265625 217.683806420117 57.7256700374931 97.2674718110607 101.24272272889 0 220.060577392578 0 102.873872482521 0 0 104.094352265597 0
146.820251193188 49.0656652838165 60.4990004863828 0 66.6380310058594 99.5253129865331 143.01827238234 87.7921440984691 120.719427050734 148.530697562474 27.9263217873911 145.190322875977 53.1550536323248 96.9611569152002 156.05724439957 101.613543416262 20.53216926036 14.2732692910493 0 177.394973754883 52.3052824499099 91.4946411540096 39.7217683392129 140.691702278332 44.3094417882277 33.248273015058 59.2497996402549 148.245997718896 90.7700594797003 115.921718794479 59.3130885871136 0 0 41.8633666242589 130.245929388083 74.5802232003968 41.0346865039622 44.1701978315693 57.7978389386816 95.8592838904088 76.2829118137021 58.7022591876514 141.000748266186 72.0090781235415 107.787005042069 119.542694406215 0 0 81.1121758292808 209.865768432617 74.4775775984176 123.087737820417 0 0 195.39143371582 240.77165222168 0 0 0 101.769142704125 0 87.5367291001162 152.61100769043 0 0 121.78825291387 102.559012805991 105.402033025415 0 197.485295014174 139.469971277925 144.061727307829 176.235316216444 66.6756436295732 99.574786370836 100.510741129759 208.436273502221 173.7546175165 185.558177214753 116.357447293746 0 0 106.385209737175 168.52763959058
82.0407330759256 136.803104493421 112.867852227551 12.8512728904516 101.827922090986 48.1018460282582 49.5057454998417 84.9757782709144 57.3899354950642 13.5788830851351 145.630628264432 13.4852920053191 118.30959439195 84.3562792583749 61.2948407228866 70.7492455538121 0 0 177.394973754883 0 104.499495713974 101.491369299317 89.7185608001387 22.9348456201694 148.585342407227 161.888259887695 136.134288855795 22.4229966953372 107.21621270228 90.1086280217275 0 129.828643951071 91.1496741389696 105.302075665373 181.201213676165 101.75917777087 135.545862607711 99.6992417874086 103.339379844445 65.7573731604739 106.906713601164 0 152.094213445448 211.117446899414 175.155630963542 137.214999076776 100.523411050499 172.725340219279 0 156.897811420901 0 167.925354003906 90.0490908359996 113.800788879395 139.188644868074 132.973236789071 156.714372852965 97.2356855380288 140.103394770017 0 30.5003627430488 0 166.88153436519 125.379357078591 159.509302659153 0 0 223.877258300781 139.563520504073 141.305133153147 132.407706079976 151.925658542889 109.328610354346 167.78059387207 237.3466796875 197.822927013153 130.94425618338 173.97081354349 156.550529264869 0 0 140.265800835642 152.73074998084 169.718780517578
76.6483758135845 52.1535294650794 17.6361401645612 104.369634602825 154.868804931641 100.650804901895 65.2481189509489 88.6574167202616 69.4314914856344 94.9944947477068 65.2559067925765 120.738324077542 87.2375972827086 81.036884548613 65.9102685852487 17.1672480491816 24.0792678577988 73.0729610685387 52.3052824499099 104.499495713974 0 43.4434268513302 20.5397219053092 43.4200376737966 76.5967620845466 46.8880381759783 48.9951037679588 27.3939641493598 73.4827421522306 21.8645323835579 100.026784506906 147.763536990621 58.1264164614955 28.0554820997292 111.971444075751 48.7126925660336 32.5683713164962 37.0401377913895 42.7988950192861 54.980917246471 62.4297200588725 87.2295936292174 112.245003754429 97.8613082285644 111.357536792305 110.267316384065 126.536067546922 125.895567082293 197.621459960938 141.471850624685 65.7010958768346 91.2590725769202 146.31770324707 0 195.289093017578 140.737977707656 142.125061626878 86.6629505696161 188.425758087962 177.933508939937 73.6913604736328 150.015186485253 154.999238690888 115.53596496582 98.2986337383638 104.40395962955 122.469708251441 120.554030743508 0 109.906186235544 64.3841081575553 101.437337509194 114.154502945104 91.2181410583435 107.646027129116 93.8814461116748 122.963974562232 137.186512941591 116.978948821267 0 0 144.891244123774 119.254597559513 134.371166713533
85.8502034468418 29.0399400338303 46.2326306166261 88.4736932334381 103.21287225832 102.710685486479 74.5775092184478 107.574175952395 29.7628248209527 104.91449059809 94.7531856778343 68.7519722513706 76.6994309434216 100.495809829018 73.7940394531727 37.2192853488684 68.9599220077461 98.9831697606889 91.4946411540096 101.491369299317 43.4434268513302 0 49.3729289776627 34.8367219875885 61.2488536001424 82.3467175875785 43.40366022783 52.9482846322718 63.6844974407268 34.1125856609395 99.3965367253957 0 61.4319590585105 44.8509019564572 126.473552584871 63.5242324965596 52.3340194633841 65.0868624186534 63.0775393316234 70.5509222542671 112.738189465636 75.8047916880718 77.2945546788538 75.0972886421521 85.9268467811786 82.455692113866 97.2733378022739 162.65542479161 78.1453508558127 107.399545464737 83.3579907113116 79.9887865933838 120.140986696116 0 117.878128051758 112.316971316289 136.859102234573 69.1205552503957 128.337325591871 135.885784319592 0 89.7419038718839 127.600800500911 0 59.2263875285834 91.5029271834165 139.43092253066 123.525605232932 162.961928760331 66.5354993285611 21.4047332323432 73.2987726136402 78.6180367200442 79.036264889892 102.018031743665 80.3737007210823 86.8461519437399 105.494070205161 79.4736667847008 128.97639465332 0 108.01978302002 86.2839674317883 146.730989160805
88.6273310212328 53.3533854918464 21.8171186988035 101.130704667542 61.2918663024902 110.058505640381 73.5740464482844 101.840519556254 80.4202526109333 103.673165084826 60.0450574371391 123.173405287639 90.4022519099426 94.2641261959553 88.0623008071849 15.8947969069485 13.537502051948 67.8475058332565 39.7217683392129 89.7185608001387 20.5397219053092 49.3729289776627 0 62.0700146093222 85.4317239064731 50.9468361546039 33.7827477322029 48.090996780901 78.0558816747479 38.2189230758444 95.1483863844156 133.863686866062 70.8467054631841 39.0349199520751 133.314120964208 65.4320195576725 42.6488177315844 52.7108014112635 61.0218418267477 75.2413314364933 77.5330502740979 92.648195889056 117.605779567127 103.049163534562 115.124087823405 117.92203968412 132.573476825796 160.466704911214 0 149.714969791476 95.6518010943809 96.105117676382 165.410584780221 0 215.842346191406 146.153473102006 159.53897983384 101.957573633048 177.77516451399 157.569732519931 149.445678710938 107.330284340106 173.675590533674 0 99.0504509235005 117.539528911393 171.278594543381 135.604170106965 157.80143737793 114.377244251837 70.9872507074565 106.317207194057 124.319664121706 86.9264911472264 114.268452071238 99.7506407487158 131.502126816062 143.641362975067 123.125822854786 116.268226623535 0 138.648735951089 112.373687580117 152.04853590891
80.7910273134329 75.4973366227642 85.851680788857 25.162897984956 78.6509557488646 71.1247470464591 51.1706999492755 89.3335136524196 24.4942900194169 63.0597366117907 140.492569208687 28.0406506963808 119.986800415706 86.4264577586222 43.0156572124857 37.8972973955279 119.77479944973 135.4880145745 140.691702278332 22.9348456201694 43.4200376737966 34.8367219875885 62.0700146093222 0 105.50030741172 124.667144120591 81.4238745669194 19.1575529611439 74.6849286375324 52.2717045233474 144.780588857953 124.665626505065 66.5500745901773 78.7140148355964 139.46911368536 83.5355136108125 91.6768077634089 95.0736871766436 90.4271191242329 57.7199237832759 102.325930560382 126.048173839207 118.534777932582 121.569815040522 126.203607191585 122.330100989331 115.372141499861 139.546689818083 149.409201391758 116.06424563372 132.143780036194 132.135845755327 89.6504876026288 170.659412648213 123.008195695825 109.049009084587 134.307195819559 62.9494504130997 115.260636075035 173.673690946375 69.602257510497 144.726683489565 136.702520404334 113.930919398383 105.088339331696 153.783899394847 215.049718435909 177.897199990144 88.5992419259862 107.494624268238 83.2065184977307 122.115494675636 86.4107025341321 141.786828152619 154.704855407564 135.32026181933 104.269222715844 131.759684911055 105.338019023752 0 175.57590076835 122.663487359404 125.518690776651 166.525575327806
0 22.0585249366448 69.0263871897432 136.512344360352 159.219848413323 105.302239122515 133.173821841099 93.2766066879249 94.3415255973904 155.017171242167 32.0812977895469 143.882281502683 14.8028950248209 107.189831056956 131.930605963726 105.246823063239 61.0069473628937 40.3184813968677 44.3094417882277 148.585342407227 76.5967620845466 61.2488536001424 85.4317239064731 105.50030741172 0 37.5429088166904 25.8466289445148 119.671764452848 103.868776935901 109.574592044847 42.5983530771566 0 98.7540206350931 44.4482454228731 138.13632385124 73.916750572242 18.0972747402594 38.1416448393457 54.4573907080634 98.389152595789 74.9517115258248 15.1188366321223 147.395674284239 35.7462195542997 71.8581295883192 86.8529576307631 188.088851928711 0 27.7081239993526 0 56.4820944158681 110.151369353935 0 0 220.876449584961 202.815446081995 178.424957275391 131.829506417123 173.547076541985 59.8809826731658 0 35.5840315393659 158.689849853516 0 147.460571289062 104.401395360678 70.1825633482722 74.5747858564712 0 0 85.5307274540786 143.643417462677 133.997571170561 18.8615200226206 71.4693166931633 73.4386077721769 161.219624593081 0 147.53076171875 71.877469598605 0 0 84.4687732568006 0
120.508557865529 42.6347628736987 30.6567718170255 185.153718461113 75.0458145141602 111.261787035573 142.553070341268 100.399176650417 110.758326426709 160.40191550342 36.703896705696 153.655558387904 34.4581000458626 99.7398690822761 143.056727417858 109.974768965551 35.8766595346364 28.0513304565481 33.248273015058 161.888259887695 46.8880381759783 82.3467175875785 50.9468361546039 124.667144120591 37.5429088166904 0 32.516172643891 123.946071017349 100.16933766009 92.1696310922605 24.8942808855313 90.9791828339575 89.6648642546456 50.7582036194536 131.020346676504 73.1862614096623 40.7819662518911 50.6808480572924 59.1714456937731 84.2434206709678 75.2737587772164 59.873324340069 129.342265317597 65.841536595148 102.851665204426 109.47327731999 151.937437034864 101.273994445801 73.2928947633402 148.581924786008 63.6826787759489 101.890016823228 0 0 135.97302072431 176.060619313617 206.339022039574 158.716073972221 201.784029960593 94.7666333863528 0 74.8713846398704 178.37961839664 156.358612060547 148.039776143568 100.925794892915 99.1257078400442 96.9159089222141 0 143.656707899784 117.657503422957 140.138354154245 168.243194761158 60.9936632177899 90.7271102433251 91.5608348064555 179.160586136835 156.791237224383 160.086354414568 101.079891266387 0 0 100.708516117883 139.512613635833
120.289819391136 32.1848392083847 30.037946824341 114.878750701686 205.66762140972 126.786132785508 97.41330871704 115.969869747549 94.6905129102687 142.615642508653 56.9148148948194 127.575221946526 27.6154134214278 117.995179897916 116.820851684174 27.3378030550744 55.749449419444 54.7723351327674 59.2497996402549 136.134288855795 48.9951037679588 43.40366022783 33.7827477322029 81.4238745669194 25.8466289445148 32.516172643891 0 73.8709535331683 109.29326529294 68.4440678269168 21.876306604389 112.001260303364 99.0109325715346 59.2385392017445 138.565358066429 74.6366283055657 46.5361485112651 60.7600522511687 65.7087395591431 84.2954080662399 81.2200640581149 66.4757787424407 120.10473601574 73.6768878528998 104.502473849636 109.706390151283 124.807759740501 128.596455197126 82.6283859992209 154.852588027831 60.1683622091582 88.56408227323 174.580330643959 0 191.090915225815 155.547448067297 179.149912691497 132.721112075647 183.166088724353 100.557032389846 199.688018798828 81.9797360255859 179.010813557847 200.511385653503 100.869512114551 101.24733048774 101.017957552175 102.029733346485 163.966812133789 128.575681528945 65.4418993598485 103.851640047266 136.907384420699 58.6985441393545 91.5483518980913 88.3962841726284 145.20955447793 179.427118902521 135.973235141611 112.768985360422 0 130.65657048518 99.926809446441 151.939501308282
77.7134369579827 93.588274802405 71.8031798123891 17.5048956342906 108.725253321262 77.663771958846 34.3638819284386 90.3753286136963 52.5709660360103 29.3923026427726 145.057181179513 45.3442810657561 132.378508016505 85.1780356169366 78.5464098117189 34.7433571484185 112.315831119933 168.32227477363 148.245997718896 22.4229966953372 27.3939641493598 52.9482846322718 48.090996780901 19.1575529611439 119.671764452848 123.946071017349 73.8709535331683 0 69.6936250097871 37.9218944884596 153.809991922299 136.358954100061 64.878993683703 67.1342847610261 139.606406733544 80.8220817584793 79.2989249084855 88.1600208878397 87.1077583801386 84.0232640401306 104.735545854958 135.200326453323 129.948380770119 138.752528963948 137.021132343495 132.672652707704 127.691991390776 148.841021531351 140.860561902111 127.185470590618 135.978204018159 136.575699471687 130.232040647668 0 138.825881164789 121.407185771326 145.101691380752 76.0722106946854 133.181283699272 191.447363147739 109.354764740585 168.215980945923 144.666042177681 132.243115525232 116.599062583059 184.128762457056 201.307327270508 183.919925144276 129.097491928881 118.014573966237 87.949943655933 128.121836973292 104.836310671666 184.008036281652 172.968228641825 140.100157098719 118.603882145805 145.434234641486 114.396062789942 0 213.008950063073 130.61236926126 135.291705082942 175.733821097748
22.2045772390254 114.551490298336 91.3341942298847 104.130685946483 23.0295312112028 40.1472438758122 67.9895736698176 30.3548143805432 65.9077977081222 98.0811472829617 64.5718871167144 98.6687110776436 81.0590935676895 29.6776886436424 75.1368249377643 77.9562607601533 113.906632999981 90.1359873376843 90.7700594797003 107.21621270228 73.4827421522306 63.6844974407268 78.0558816747479 74.6849286375324 103.868776935901 100.16933766009 109.29326529294 69.6936250097871 0 30.1188523009261 95.8335415013286 17.063326601411 18.104537999235 28.3078188324159 106.20469761946 54.4461715937353 65.9763753192344 42.7020139776519 50.8488936398111 46.2196427832852 28.7085671809429 64.1136084479475 141.956473401385 149.908843674381 149.698066764296 146.361164924719 155.330327801104 196.198548603421 211.906433105469 139.528312708065 172.012915074985 163.413912788832 171.745799875001 0 173.022000790092 143.05251398908 172.18565141579 96.4487740436167 163.870892670088 0 168.093525972078 0 161.566542405429 137.422333716195 111.536351437982 176.006365825164 0 195.641754150391 164.500682082002 117.742779048075 112.037352571434 136.32445083713 119.31710822949 80.7659912109375 187.709896650886 158.143009802928 132.702744275063 155.274854378187 126.632961681428 0 223.539241542826 141.015357615942 157.470582564325 154.727079280652
32.484888440179 81.2649361273995 42.9851226465762 84.7013626266426 121.723814593639 75.4300925433994 27.4146001018054 61.9581277589012 50.1856252982793 81.6744164147553 113.080005878102 89.3669059387143 96.8733429402238 49.415132689647 69.2169262736632 48.9502589093522 76.6936034179273 137.885285090107 115.921718794479 90.1086280217275 21.8645323835579 34.1125856609395 38.2189230758444 52.2717045233474 109.574592044847 92.1696310922605 68.4440678269168 37.9218944884596 30.1188523009261 0 145.357452845612 106.24096399537 44.5212525265949 23.9712047903057 111.83411712301 44.691227328129 38.0650144457967 48.1485298874233 46.9997207166786 57.6963178626525 79.8244667711409 96.7490507856706 115.972117731077 107.442431824951 125.672922356479 125.218951949398 131.227809954496 156.26085571909 143.680221009579 118.828306702166 99.1283942055932 114.913563605045 155.017850465573 0 147.974930316876 120.610405029686 148.610427394521 73.9110350879877 143.18761163107 197.938500638191 121.436070726758 197.917013963064 138.410091519893 113.622079817224 90.0145520003042 152.248178707799 196.666561406269 138.91924249789 157.070867971827 93.7048410694609 60.3984231753201 104.985361763102 101.808251900803 137.947843832796 139.233390819318 120.14121259695 111.709849219074 127.028308959665 103.652926048566 0 192.08162265655 121.789998822894 112.545495016538 141.519112764584
110.209768282526 59.1134982592454 84.4094269803048 0 0 133.745601897347 173.408584594727 114.828758279252 130.014510055764 0 36.6737649085094 0 17.8258972242371 128.85211444075 0 181.076955786155 83.9720170152627 44.4450478461057 59.3130885871136 0 100.026784506906 99.3965367253957 95.1483863844156 144.780588857953 42.5983530771566 24.8942808855313 21.876306604389 153.809991922299 95.8335415013286 145.357452845612 0 94.548741502552 0 67.8133552805968 141.657440185547 96.282781204698 51.6710800193478 62.7387244824998 70.6342110451502 144.065161043396 0 60.3042179829426 132.172592163086 69.2478243914084 109.622042427524 147.307396302549 0 0 70.3580774742053 0 86.3213653564453 0 0 0 0 193.349365234375 0 0 0 98.4812543957691 0 78.68667744962 212.069122314453 0 0 139.687759399414 108.392560235155 104.682160467642 0 0 132.338507121952 0 0 60.492933583058 105.740918408027 107.214509181948 173.657333374023 0 0 105.048827979007 0 0 113.695455529672 152.999374389648
73.392290540033 0 110.814236562315 146.133678638036 9.91586656207359 17.6414042604597 110.889434101 23.1591276890938 106.927716648533 115.468013430699 60.3621940239743 102.872622654059 64.0783350001095 20.3036213064202 37.5735550725997 164.023162841797 104.321784973145 84.6078442351733 0 129.828643951071 147.763536990621 0 133.863686866062 124.665626505065 0 90.9791828339575 112.001260303364 136.358954100061 17.063326601411 106.24096399537 94.548741502552 0 58.2915864778589 21.5638414141429 85.4756796578722 70.7199055571459 67.910473626646 40.9668749206415 49.5170444959966 27.9678192247727 13.1282759181259 55.7615834153355 221.95051574707 111.48152923584 0 0 192.229141235352 0 0 0 0 0 0 0 188.540660057161 180.990806323867 229.262115478516 160.607025146484 195.751459298051 0 0 0 217.535914986969 0 0 0 0 0 0 0 0 0 175.551458289413 0 214.241851806641 190.996376243407 185.480704080649 213.245357649903 153.539764404297 0 0 0 0 211.017425537109
