0 18.232796728611 162.490358799696 36.1997591853142 11.9516389071941 220.395066857338 4165.58996316791 1047.30962124467 213.477514237165 575.009601384401 139.182918637991 74.4722133278847 26.3179398775101 14952.7208919525 11.9047430157661 22.3484008312225 145.953764468431 12.8890790343285 44.976444453001 25.2940596938133 351.759544074535 77.1318488419056 529.230773389339 543.249055743217 1.55202674865723 117.329131573439 181.328950971365 863.88550427556 11548.0733193457 6036.79695874453 4.26635146141052 55.4525528252125 361.370894789696 983.114761322737 38.7754986584187 754.366326123476 53.2015888690948 569.627659678459 89.0196343660355 272.591307342052 141.548008441925 6.00258839130402 12.0885801613331 3.40187078714371 0 1.97702208161354 4.3793289065361 0.504801869392395 0 14.0564229488373 4.49576461315155 7.32395124435425 2.05991047620773 0 3.17600333690643 76.9230211079121 1.36310744285583 29.9480096101761 2.90354192256927 0.941311061382294 0.712444245815277 1.65773010253906 5.51515817642212 0 11.829280257225 1.23729705810547 0.671579241752625 0 2.20463335514069 18.0139384567738 11.6274313628674 13.357178658247 109.451318353415 0 2.32123422622681 19.1937760710716 148.721411287785 16.490111887455 29.3586762845516 0 0 5.12640002369881 10.5572085082531 21.9769209623337
18.232796728611 0 1323.46040433645 3.13493594527245 0 4.46171194314957 104.720489710569 7.26760041713715 648.463655978441 9.07962775230408 480.236038058996 13.2344840466976 1785.83814793825 26.0754923820496 34.9075351655483 256.671697407961 677.692561984062 118.454140156507 379.58037045598 5.5942577123642 144.795064896345 2514.64986863732 767.800813049078 689.827599525452 4074.28144478798 2610.60671323538 14170.3294259906 186.22548392415 39.2541306912899 154.045625418425 99.8001780509949 0 8.49294620752335 618.358301430941 25.9112786650658 761.790026247501 633.377424031496 869.345903992653 269.504719913006 136.794098585844 4.63438984751701 424.147765189409 14.7324483394623 73.308652818203 8.86230927705765 0.968179702758789 4.10590577125549 0 4.79069554805756 1.89097705483437 198.11483579874 143.514685302973 1.27634298801422 0 0 14.9268799126148 0.340469300746918 5.88400402665138 2.78242576122284 15.8437245488167 0 43.7967725098133 1.679956138134 0 15.6362404823303 61.4771907925606 7.16273137927055 35.9323771893978 0 9.12857586145401 37.6958618462086 102.306420624256 5.58243411779404 26.2434944808483 286.520818173885 684.195864439011 17.4056797325611 0.902096331119537 6.7786465883255 4.1660470366478 0 0 9.9263536632061 8.9258699119091
162.490358799696 1323.46040433645 0 3.39206531643867 2.22318577766418 48.5574957132339 1786.82634973526 287.010462701321 66.8841861486435 75.066531509161 162.977734237909 4.19895923137665 33.4111422598362 315.230934977531 4.40702044963837 99.2992821335793 3906.26363173127 131.240504145622 778.067089319229 3.13070005178452 1923.65621259809 327.922997742891 18665.6171524525 236.508959323168 50.9665870964527 14132.021645695 13467.9124638736 1502.80373778939 220.174448728561 2352.77105599642 20.2508454620838 1.99159845709801 28.3531919121742 2163.44825699925 91.3224905431271 3373.90566450357 1871.87044352293 3025.93203574419 1272.12136003375 211.391589611769 18.8753238022327 16.1154363453388 137.668261140585 276.836182445288 49.3175594210625 24.4556937217712 15.8136503398418 2.54507267475128 1.04209744930267 3.30918419361115 434.867516994476 1025.03119364381 0 0 0.474986910820007 51.3434881567955 4.14105832576752 19.2622281312943 1.20810282230377 12.6441995799541 0 16.1987928152084 6.75823596119881 0 98.3252121806145 337.063382446766 10.3553463816643 98.2199394404888 0.734795212745667 99.9899329841137 204.484602898359 711.83169683814 38.2809996604919 27.3763017952442 649.857993960381 3107.79740145802 82.7851623594761 6.9941166639328 72.1131951510906 6.99612227082253 0 1.58212125301361 22.5110811293125 33.8641219735146
36.1997591853142 3.13493594527245 3.39206531643867 0 0 201.545863747597 285.095230668783 132.854330390692 879.950178086758 8638.65726548433 1.05730199813843 2797.46050918102 0 92.3948363959789 82.0683012902737 2.57377201318741 0 0 1.66594815254211 25864.6507021785 1.10210651159286 12.1070454418659 7.22557055950165 1777.0235632956 0.361856132745743 2.66421711444855 10.8868183791637 13174.4004995227 77.5236787497997 15.1738377213478 0 4.04247176647186 9.4986966252327 52.4150145053864 6.91960999369621 114.447951108217 0.969486832618713 48.1022461056709 12.7975299954414 254.936285287142 9.92304319143295 1.05210971832275 57.0739720463753 0 0 0 55.0660818219185 0 0 1.94854202866554 1.18156921863556 0 272.967429161072 0 26.8364737033844 175.105385810137 16.6792538166046 128.368214219809 186.729435861111 0 372.236129701138 0 11.1423547267914 6.44870537519455 1.56193387508392 0 0 0 73.6638628542423 2.4514068365097 1.61224433779716 0.750825107097626 212.579827874899 0 0 1.75896751880646 192.152220666409 7.8290054500103 3.15934053063393 0 0 0 3.54811784625053 1.6671207845211
11.9516389071941 0 2.22318577766418 0 0 4679.07456019521 20.6552495956421 869.479116082191 32.6255589127541 31.3562715947628 220.160213887691 84.8182320296764 58.708443403244 307.66494050622 2795.08810979128 0 0 2.7742612361908 1.37428545951843 8.8948814868927 0.853521257638931 4.11632838845253 0 15.0214699208736 0 1.60244658589363 1.0394030213356 9.34269285202026 152.565538316965 5.75463697314262 0 2394.99062529206 0 602.507952183485 20.9328147470951 67.0757092237473 1.06370890140533 83.305294573307 14.7308914065361 11407.7170868814 3762.25799298286 6.54647934436798 3.29499650001526 0 0 0.899659156799316 1.87069609761238 1.64381444454193 0 0 0 0 0 0 0 1.15980872511864 0 1.47063285112381 1.95079588890076 0 0 0 0 0 0 0 0 0 0 0 0 0 1.26147067546844 0 0 0 2.41100656986237 0 0 0 0 0 0 23.4585498273373
220.395066857338 4.46171194314957 48.5574957132339 201.545863747597 4679.07456019521 0 2390.89592322707 18868.8721857667 228.379520177841 14593.3666303754 95.0228698253632 5074.87632095814 47.3465157747269 2520.51343092322 5088.34418714046 6.32384634017944 11.8827373683453 4.83241277933121 5.55525982379913 376.966203719378 42.9504452049732 15.9817007780075 70.5010225772858 315.866522520781 0.65143209695816 24.9238254725933 37.7242936789989 805.746210128069 725.857385694981 152.641795814037 2.18628227710724 3744.69517326355 12.6573869287968 1414.59721830487 21.5169953107834 576.086403131485 10.3468171656132 467.210336536169 91.4664932787418 11312.432898283 2151.22221907973 13.7074967324734 11.772390127182 0.949977576732635 0 0 9.81884288787842 0 0 2.40856692194939 0 1.74411007761955 21.8752812445164 0 8.52127861976624 98.5695794522762 3.74933195114136 39.2128717005253 54.1829549074173 0 9.46558046340942 0.936414361000061 11.7224846184254 1.1817215681076 0.573512673377991 0.559749722480774 0 0 5.93674921989441 5.23518413305283 1.91308230161667 3.97759747505188 81.6260544061661 0.592862904071808 0.40514063835144 8.66440609097481 117.923076719046 8.54563236236572 5.80840915441513 0 0 0.376625776290894 4.58699655532837 1.54111391305923
4165.58996316791 104.720489710569 1786.82634973526 285.095230668783 20.6552495956421 2390.89592322707 0 5666.84809157252 2485.63741323352 8730.23798266053 87.6082100272179 367.146259814501 26.2718575596809 8885.99769163132 128.168637096882 227.051598966122 269.904877662659 11.8253780901432 57.8681946992874 159.229576617479 2060.10403314233 436.006916731596 2671.88327133656 5859.85759305954 16.8517711758614 476.505126625299 1160.23039600253 18721.1047210097 3194.00113910437 12049.1646416783 2.1883664727211 71.3816207945347 571.406743407249 1404.98400524259 109.619913458824 3041.09391015768 205.676189184189 1374.71590858698 354.725434422493 715.773465931416 273.256687372923 16.4435733556747 144.260239183903 17.1433511078358 1.17587828636169 4.10351073741913 63.7314968109131 7.21247830986977 0 65.4358670413494 15.6579112708569 35.2895264923573 173.151732265949 0 85.1622220873833 1115.41591599584 76.0843300521374 479.646169900894 313.164854586124 3.0325111746788 43.7382682561874 0.541731238365173 138.500299155712 10.9394641518593 75.1538427174091 11.0029786229134 0 5.20829892158508 68.1645361483097 97.2451383471489 59.7511387765408 96.6157014667988 1384.44489085674 1.681984603405 24.5142715573311 119.041172683239 1567.27186840773 136.294166296721 185.259043216705 0 2.63410127162933 26.3797092139721 100.610422790051 43.756602615118
1047.30962124467 7.26760041713715 287.010462701321 132.854330390692 869.479116082191 18868.8721857667 5666.84809157252 0 269.074942469597 6043.08273050189 344.175568908453 1190.6443618536 108.184855461121 14214.9722402096 498.215284973383 16.0666456222534 141.79058226943 21.0626411736012 30.363999068737 236.080062091351 321.40744420886 56.4067053198814 559.619513481855 744.671012580395 3.55988565087318 151.400720715523 171.398252010345 1083.05092656612 2502.89137193561 1726.11836543679 0 2674.96216925979 75.31476983428 2075.41885608435 38.2677175104618 985.2183380723 87.2347430586815 1007.44526225328 137.743765115738 4121.91975900531 1513.25625109673 33.3932322263718 12.8539101481438 0.683508336544037 0 0 7.20342141389847 3.51171171665192 0 5.87059032917023 2.43370306491852 5.98751783370972 17.2430382370949 0 11.0663965046406 162.97081771493 11.9226044714451 44.0886628329754 28.6710453033447 0 4.87077927589417 1.91368794441223 15.5862604379654 0.7258220911026 10.0395837724209 3.48474901914597 0 1.13192272186279 5.34487771987915 13.3039195239544 4.96363916993141 13.1680646836758 186.366644918919 1.01691150665283 7.29305124282837 25.6664803028107 209.045642316341 29.1190221309662 27.4072993993759 0 0 5.78205266594887 11.161795437336 21.438553661108
213.477514237165 648.463655978441 66.8841861486435 879.950178086758 32.6255589127541 228.379520177841 2485.63741323352 269.074942469597 0 1788.6446660459 71.2321087419987 1427.82758179307 218.718949198723 424.933726280928 1302.97003775835 67.1454238891602 32.3743085861206 12.9536662995815 30.9378113746643 587.30474576354 204.610703229904 3159.71171608567 156.446422606707 14330.0398166776 309.752168014646 185.57429471612 988.709154039621 4408.70766675472 582.741098165512 913.054112046957 12.9954199492931 6.3670771420002 172.162776708603 266.978540480137 21.1561990082264 592.603549778461 68.2456617057323 222.764268964529 42.5255894064903 1673.25712963939 27.6627472043037 56.6168896853924 84.4270942509174 5.81408149003983 1.49161982536316 2.05630657076836 56.3749034106731 3.8519229888916 0.578494906425476 49.2390644550323 6.61686760187149 6.02008119225502 182.185758829117 0 38.9895660877228 660.236786693335 27.9549612998962 509.816992491484 233.92371660471 1.56898033618927 35.5217637121677 5.00730863213539 73.6886458694935 4.89698225259781 24.8715713024139 1.49349865317345 0.470017552375793 2.02245345711708 48.311929255724 13.5233519077301 29.3409398198128 26.5300587415695 824.639859378338 0.466396927833557 12.7127657830715 41.5361045300961 861.242529183626 109.688635587692 84.452534198761 0.397319495677948 0 5.90618482232094 45.3949788808823 13.6033098101616
575.009601384401 9.07962775230408 75.066531509161 8638.65726548433 31.3562715947628 14593.3666303754 8730.23798266053 6043.08273050189 1788.6446660459 0 99.4757935106754 16211.1243090034 21.4518025815487 3503.59046116471 397.380746841431 15.1648575365543 13.8030976355076 7.0089365541935 14.1618231534958 16047.2640023232 57.3690215647221 63.358087182045 83.5885743796825 1774.88922044635 0.438447296619415 28.5328845381737 84.6906940937042 7319.17660620809 1101.3185941577 226.336487412453 0 89.0445538759232 74.4532838463783 769.661623358727 65.9079824984074 1260.41549134254 25.2482509016991 599.382825404406 95.3485970199108 1635.57175970078 289.693078041077 8.87379986047745 157.809924215078 0 0 3.1310008764267 151.332412213087 4.00317677855492 0 20.1764041781425 4.76641887426376 8.65160924196243 359.184588938951 0 62.7182702422142 708.668445616961 56.7604031264782 371.436787605286 563.25401160121 0 214.996614217758 0 36.7813362181187 18.4931502938271 7.90820550918579 0 0 0 102.463730156422 11.5902009904385 9.5374528169632 5.36849695444107 833.895618051291 0 6.57249531149864 15.1063665449619 816.585394084454 25.1491703987122 16.2638224065304 0 0.343110382556915 3.48423391580582 28.7274450361729 14.3119852542877
139.182918637991 480.236038058996 162.977734237909 1.05730199813843 220.160213887691 95.0228698253632 87.6082100272179 344.175568908453 71.2321087419987 99.4757935106754 0 35.7599226236343 12112.8976493478 883.925716340542 5.66056829690933 5.29379820823669 1026.96440929174 8535.12850239873 3983.41015696526 7.02187705039978 48.3488862514496 142.714237004519 234.890512764454 51.2985622435808 2392.03760018945 8394.08289062977 3600.05868807435 52.728295058012 692.642915964127 90.2788558900356 1872.79873028398 104.362050920725 9.05271875858307 15064.4343897998 13.1019384860992 918.675188601017 8545.95393759012 18406.5699980557 1137.61220669746 159.591284573078 41.5746531486511 9847.05233737826 5.19381904602051 467.204340517521 13.9141986966133 2.41260552406311 0 0 26.0603808164597 0.759040415287018 44.1887768507004 5.23110792040825 2.51216876506805 0 2.44860190153122 7.07149690389633 0 3.19346326589584 0 300.219448387623 0 700.221489101648 2.56728455424309 0 0.923495769500732 6.52767300605774 183.540740281343 51.5960751771927 0 3.76305556297302 2.55764764547348 6.13986709713936 1.83812353014946 268.176223129034 577.19581925869 362.804965436459 6.41847142577171 1.17643862962723 0.611342906951904 88.8213062286377 0 0 6.41504868865013 10.3148616552353
74.4722133278847 13.2344840466976 4.19895923137665 2797.46050918102 84.8182320296764 5074.87632095814 367.146259814501 1190.6443618536 1427.82758179307 16211.1243090034 35.7599226236343 0 12.3863179087639 622.609289318323 3100.58210396767 0.727595746517181 2.5891569852829 0 5.17271184921265 24757.3354700804 5.47188028693199 63.7400403618813 6.93987506628036 2354.71569147706 10.2307063937187 5.12256851792336 24.6734874248505 2561.12739640474 140.398327440023 15.8357829153538 0.809890985488892 41.5133846402168 2.23888689279556 142.522469460964 4.38615813851357 388.714030325413 4.39873456954956 117.072212040424 12.548518717289 3982.64620941877 84.0209833085537 1.35874074697495 42.5539489388466 0 0 0 45.3939700424671 0 0 1.36401751637459 0.845462918281555 0 63.3323313295841 0 13.9338219761848 76.0111807584763 6.33839648962021 56.3152652978897 103.852753043175 0 588.749578654766 0 6.6466991007328 7.12527638673782 0 0 0 0 65.2820640802383 0.640714824199677 1.50560021400452 0 96.8911981880665 0 0 1.91268295049667 111.506384789944 4.61426088213921 1.92116320133209 0 0 0 2.32921555638313 0
26.3179398775101 1785.83814793825 33.4111422598362 0 58.708443403244 47.3465157747269 26.2718575596809 108.184855461121 218.718949198723 21.4518025815487 12112.8976493478 12.3863179087639 0 109.284451186657 8.69627112150192 18.0822809934616 65.682656288147 391.716601997614 157.814713478088 1.35181209445 22.3408803939819 547.964981585741 39.6748344004154 161.393274158239 10118.568100065 3296.87329569459 6542.54294592142 51.0666083097458 90.9100747704506 20.4641853272915 5207.25884503126 35.6828908920288 3.72455167770386 1065.4875009954 76.2852469086647 1364.96107408404 4712.24306592345 3361.91648325324 1449.07333859801 167.398205459118 730.562354624271 8103.80057001114 119.888981223106 955.892819732428 33.98293364048 9.28065556287766 3.72051858901978 19.5577257871628 98.7630264163017 0 52.2763473391533 8.89941680431366 0.778970897197723 0 1.39508962631226 6.93713361024857 0.917746543884277 2.36601042747498 2.28037190437317 540.897501826286 0.819865942001343 1223.46799078584 1.46647736430168 0.707634270191193 3.55318909883499 12.8313149809837 276.035742461681 74.1040105223656 0 2.76804482936859 9.02361539006233 13.5746756792068 2.96776694059372 463.782705932856 809.97170701623 484.614564538002 9.71801435947418 0.840022146701813 6.42652794718742 145.80531680584 0.681171953678131 0 9.40732038021088 50.4805534183979
14952.7208919525 26.0754923820496 315.230934977531 92.3948363959789 307.66494050622 2520.51343092322 8885.99769163132 14214.9722402096 424.933726280928 3503.59046116471 883.925716340542 622.609289318323 109.284451186657 0 113.527545660734 26.9431693255901 206.731670111418 42.2579853832722 79.9229577183723 124.628044724464 459.994520366192 112.58105674386 712.687768757343 1008.98385879397 11.6425739526749 221.435449957848 268.041617006063 1388.22904849052 11357.8483703434 3571.30498212576 7.36604291200638 1619.5754339397 149.822947919369 3179.64407423139 67.9838910102844 1587.76151913404 106.162429213524 1700.93618363142 137.423688858747 2070.68268570304 794.954838126898 58.0997328162193 37.2582216858864 1.15064716339111 2.62179404497147 4.01688838005066 6.71426555514336 0.507189750671387 0 20.8709007203579 4.79795494675636 9.09272831678391 25.8579322397709 0 5.77457189559937 147.659596055746 10.8375896215439 61.6818192303181 27.5921002626419 0.356756836175919 8.42808252573013 2.2105518579483 18.179978787899 2.24104714393616 14.5012686252594 0 0.632724225521088 1.19555521011353 4.34008437395096 27.1346969902515 14.9479586482048 20.3000780344009 210.19374525547 2.92178028821945 12.7464859485626 31.5205359756947 295.287179112434 33.8266489207745 43.8706456422806 0 0 7.86064252257347 15.8958620727062 19.9047023653984
11.9047430157661 34.9075351655483 4.40702044963837 82.0683012902737 2795.08810979128 5088.34418714046 128.168637096882 498.215284973383 1302.97003775835 397.380746841431 5.66056829690933 3100.58210396767 8.69627112150192 113.527545660734 0 0 0.46369081735611 0.862881630659103 0.506020903587341 128.401229977608 6.25956100225449 84.6326990425587 8.96297201514244 657.169014215469 7.88628730177879 9.40326923131943 30.9154230058193 175.28488868475 25.2106578946114 12.2622977495193 0 150.576679199934 0.868839800357819 51.3306004405022 60.9291377961636 46.3666755259037 6.06424725055695 14.1807531118393 0 15972.3802627921 76.1369387507439 1.97226130962372 4.08573731780052 0 0 0 3.35912191867828 0 0 0.73149561882019 0 0 3.1480358839035 0 3.3541611135006 19.1710839867592 0.404568076133728 7.69036084413528 5.89792501926422 0 4.95661383867264 0.505706906318665 0 1.85424298048019 2.47014856338501 0 0 0 0.939156055450439 1.85272002220154 0.4390007853508 4.49098908901215 21.8373467326164 0 0.444903582334518 1.34916603565216 16.60939848423 0 1.38657522201538 0 0 0 2.03154373168945 16.7968526184559
22.3484008312225 256.671697407961 99.2992821335793 2.57377201318741 0 6.32384634017944 227.051598966122 16.0666456222534 67.1454238891602 15.1648575365543 5.29379820823669 0.727595746517181 18.0822809934616 26.9431693255901 0 0 60.6147554814816 1.92389410734177 12.4171397984028 2.81752222776413 10504.895214498 4525.04350149632 22033.3866260946 2609.45702329278 20.1324361562729 66.5905173122883 10574.4725905955 2810.21342000365 83.2921789288521 581.855359435081 0 0 32.0453959405422 1007.36122226715 83.5088478624821 1748.83160927892 609.404519230127 1189.55440327525 577.146585464478 141.673389941454 17.3453378677368 7.84694004058838 76.6167262196541 42.0005683898926 4.45549145340919 4.48297941684723 6.19977471232414 2.13643139600754 0.661114871501923 6.25942835211754 8.36819651722908 46.2123028039932 0.444039613008499 0 1.05721560120583 32.247265458107 4.4844913482666 21.5504895448685 1.96869939565659 3.37951648235321 0 1.36435317993164 8.38775941729546 0 889.279353171587 17.3460441827774 1.11801028251648 5.98937892913818 0 348.830913633108 546.681556612253 1515.98501574993 129.533614099026 0 15.1794703602791 416.956862360239 230.107791244984 28.0202266871929 177.216601341963 0 0 16.8550318479538 58.2333515882492 35.486251950264
145.953764468431 677.692561984062 3906.26363173127 0 0 11.8827373683453 269.904877662659 141.79058226943 32.3743085861206 13.8030976355076 1026.96440929174 2.5891569852829 65.682656288147 206.731670111418 0.46369081735611 60.6147554814816 0 952.163201123476 8036.22669899464 0 1270.87132173777 125.919324725866 9254.55085229874 60.3202968835831 97.4975674450397 7738.62198066711 5025.40989992023 132.779543846846 342.703817486763 1316.71707329154 39.6088990569115 1.53100264072418 41.4996228814125 2230.24672046304 9.36164584755898 706.978251665831 637.800778359175 1377.62481048703 274.479136258364 54.3054098188877 6.37609362602234 19.8089514374733 19.0645704269409 47.5131720006466 11.223555803299 1.05074763298035 0.607770502567291 0 1.47258448600769 0 102.443399399519 135.192460894585 0 0 0 9.96788418292999 0 3.81117662787437 0 5.84096777439117 0 12.4630855917931 2.34283798933029 0 13.2695339024067 60.3438698649406 15.9502506256104 59.8566156327724 1.24022829532623 16.4119257628918 21.2919211089611 69.4744217991829 2.80007207393646 17.8162568807602 427.912237495184 691.612075299025 9.86474028229713 0.737852931022644 13.6893329620361 2.46871560811996 0 0 5.62830924987793 8.83062827587128
12.8890790343285 118.454140156507 131.240504145622 0 2.7742612361908 4.83241277933121 11.8253780901432 21.0626411736012 12.9536662995815 7.0089365541935 8535.12850239873 0 391.716601997614 42.2579853832722 0.862881630659103 1.92389410734177 952.163201123476 0 6572.86973658204 1.28998792171478 27.9438489675522 33.6268720328808 159.267755806446 11.3808365166187 622.197772234678 5007.41761162877 1252.79175072908 10.1111887395382 31.2078069448471 41.2517575621605 208.35506772995 3.12646895647049 1.33725368976593 863.509822040796 3.03640875220299 331.441184401512 781.12526679039 985.147567808628 151.783779144287 17.0102176964283 3.59026357531548 30.6815858781338 5.88248419761658 38.2809830904007 9.12450337409973 0 1.6172536611557 0 1.14142501354218 0 12.7794671654701 10.2783838510513 0 0 0 1.93849581480026 1.13854730129242 0 0 38.3397067189217 0 102.467312514782 0 0 0.790995121002197 6.49777203798294 88.5945804417133 48.2812298536301 0 0 2.66138833761215 4.04210102558136 0 117.089503705502 371.284163713455 254.170003563166 1.25969958305359 1.36809587478638 1.84274184703827 30.6922879219055 0 0 5.55506062507629 5.4226331114769
44.976444453001 379.58037045598 778.067089319229 1.66594815254211 1.37428545951843 5.55525982379913 57.8681946992874 30.363999068737 30.9378113746643 14.1618231534958 3983.41015696526 5.17271184921265 157.814713478088 79.9229577183723 0.506020903587341 12.4171397984028 8036.22669899464 6572.86973658204 0 0 145.958077341318 62.4222019612789 872.774042457342 25.4986630380154 382.232309490442 9777.41610401869 2527.68399101496 39.1390365958214 83.418239146471 229.478339642286 98.3134641051292 2.34597140550613 6.07094293832779 2281.68643179536 12.6229438185692 752.716430991888 1080.26112085581 1794.10594412684 310.449918150902 33.03755235672 9.03118324279785 22.2541200518608 10.5493397712708 48.0622190833092 6.06949338316917 5.55557513237 1.40422129631042 0 0 0 69.2987923324108 30.8632718026638 0 0 0 7.21329253911972 0.34628701210022 0.375728130340576 0 25.2811712026596 0 46.0236832499504 0 0 0.824169754981995 31.0540651082993 43.8872887194157 71.3349383473396 0 4.38669228553772 4.13515397906303 26.9268040060997 1.16585224866867 70.0584388673306 452.725453913212 511.794442683458 2.38987678289413 0.384718686342239 3.20833736658096 18.8984063565731 0 0 7.10137301683426 6.43305176496506
25.2940596938133 5.5942577123642 3.13070005178452 25864.6507021785 8.8948814868927 376.966203719378 159.229576617479 236.080062091351 587.30474576354 16047.2640023232 7.02187705039978 24757.3354700804 1.35181209445 124.628044724464 128.401229977608 2.81752222776413 0 1.28998792171478 0 0 3.79654729366302 18.4582340121269 3.34980696439743 2038.14488187432 0 0.489450633525848 8.1093527674675 7987.4522279501 86.495109140873 18.1284104883671 0 6.33431103825569 5.0282855629921 49.9474201798439 0.904386252164841 131.388243049383 1.48816660046577 35.9004809260368 8.04555952548981 385.796302676201 20.7066596746445 1.01182723045349 56.6741047799587 0 0 0 34.7674451768398 0 0 1.76446652412415 0 0 110.611260384321 0 14.3693852424622 110.74782076478 4.06759184598923 85.4799100458622 94.4175442755222 0 286.967872053385 0 11.7627924382687 11.0068752765656 0 0 0 0 20.4119400084019 1.29754817485809 0.55723637342453 1.15679550170898 138.800091028214 0 0 0.666051149368286 137.095560401678 2.55952614545822 1.39489710330963 0 0 0.507326126098633 2.48788145184517 0.776049971580505
351.759544074535 144.795064896345 1923.65621259809 1.10210651159286 0.853521257638931 42.9504452049732 2060.10403314233 321.40744420886 204.610703229904 57.3690215647221 48.3488862514496 5.47188028693199 22.3408803939819 459.994520366192 6.25956100225449 10504.895214498 1270.87132173777 27.9438489675522 145.958077341318 3.79654729366302 0 1419.79084601998 26219.9649063051 1292.63952955604 9.12156003713608 559.423605054617 2162.86508631706 10661.6885798275 819.278050780296 20755.8249304593 1.06785464286804 5.07758834958076 190.666320711374 6041.01720821857 252.513330757618 4873.24592298269 1163.14861521125 4060.46412792802 1395.74420636892 294.109659284353 66.8601819574833 11.0057152807713 116.30220797658 31.7393950223923 7.71473377943039 5.23314720392227 6.11442264914513 1.40472590923309 0 25.3637653589249 22.0503512024879 37.7058382928371 2.26039686799049 0 1.30227106809616 88.4645920693874 2.87491288781166 60.1980920135975 1.20588022470474 1.95457673072815 0 0 30.4784802794456 2.47971749305725 640.636310696602 24.5223611295223 0 4.85694813728333 0 535.509906709194 306.396161168814 549.466151505709 333.85623088479 0.635515451431274 24.5859154760838 275.034080475569 579.521989524364 93.0759625136852 388.198253512383 0 0.620621919631958 53.0124531388283 95.791340559721 60.0987743735313
77.1318488419056 2514.64986863732 327.922997742891 12.1070454418659 4.11632838845253 15.9817007780075 436.006916731596 56.4067053198814 3159.71171608567 63.358087182045 142.714237004519 63.7400403618813 547.964981585741 112.58105674386 84.6326990425587 4525.04350149632 125.919324725866 33.6268720328808 62.4222019612789 18.4582340121269 1419.79084601998 0 2760.99190068245 7026.28364828229 690.535535141826 431.493004322052 7183.96667787433 1754.04077151418 234.587872833014 857.518934249878 25.1498816311359 0.740809768438339 93.243405610323 618.017535954714 45.7402185499668 823.503070354462 304.016575604677 627.321402162313 258.62761220336 359.474625587463 19.7112970650196 112.734196424484 27.4390624761581 32.7109921574593 3.07110512256622 0.806513786315918 1.76303744316101 0 0.808725714683533 2.61648333072662 20.4415965676308 27.7428960800171 0.980612307786942 0 2.0516696870327 32.7039266228676 2.89490324258804 35.1238733232021 13.1659321188927 2.9308887720108 1.53057539463043 5.71238785982132 11.1901304125786 0.487461805343628 245.718990266323 12.1353265047073 3.28423446416855 7.44777393341064 2.08695805072784 107.107041805983 196.997232437134 341.036908656359 77.8894684910774 9.76345205307007 19.6980151534081 250.619338542223 145.704274147749 13.5124269723892 65.4879158139229 3.20791119337082 0 5.26678037643433 21.6572182178497 31.2629099488258
529.230773389339 767.800813049078 18665.6171524525 7.22557055950165 0 70.5010225772858 2671.88327133656 559.619513481855 156.446422606707 83.5885743796825 234.890512764454 6.93987506628036 39.6748344004154 712.687768757343 8.96297201514244 22033.3866260946 9254.55085229874 159.267755806446 872.774042457342 3.34980696439743 26219.9649063051 2760.99190068245 0 2124.87631776929 56.8080918192863 3183.93130320311 22127.3812353611 9449.14632812142 995.993028759956 9977.38628688455 9.58711153268814 5.63536116480827 180.128183454275 8795.52581498027 580.032639473677 12156.8851412237 5392.28777346015 10090.3819921911 4534.9061883688 905.019047260284 117.142375916243 39.1289796233177 345.072940856218 475.631148099899 57.1250039339066 55.847670853138 34.9733079075813 10.7364749312401 1.27729535102844 20.1407334804535 157.718271702528 542.988138407469 0.358833402395248 0 4.67272666096687 139.402234315872 7.26994049549103 45.2725652456284 5.23924896121025 7.80152752995491 0 9.58132684230804 26.3057010471821 2.22562646865845 2523.52498790622 164.662547767162 5.68090787529945 50.1625812649727 0.525487899780273 707.560003429651 1197.09222489595 4584.81602796912 289.84501439333 14.9074167311192 245.579256683588 3602.80191117525 503.637353986502 67.9816623926163 306.82013463974 1.26610866189003 1.30457854270935 32.2380717098713 125.647154599428 186.318353176117
543.249055743217 689.827599525452 236.508959323168 1777.0235632956 15.0214699208736 315.866522520781 5859.85759305954 744.671012580395 14330.0398166776 1774.88922044635 51.2985622435808 2354.71569147706 161.393274158239 1008.98385879397 657.169014215469 2609.45702329278 60.3202968835831 11.3808365166187 25.4986630380154 2038.14488187432 1292.63952955604 7026.28364828229 2124.87631776929 0 182.559415519238 182.495676010847 2960.2660984993 27693.7431777716 1467.3554468751 2268.78315359354 7.54527881741524 29.4436399042606 495.429337471724 976.018595963717 85.8026962578297 1882.0455006361 224.864707648754 871.541667222977 255.874937772751 1386.84686073661 107.051049649715 28.9331417679787 287.370520561934 14.5816769003868 3.07255119085312 3.73281860351562 121.047884911299 12.2785338461399 0 135.17238125205 14.070643633604 22.6060345172882 296.389415502548 1.2647260427475 110.483704060316 1789.41617232561 139.192535489798 924.321083754301 528.32761490345 2.35325288772583 79.148807913065 1.02332401275635 249.921130299568 11.9765976071358 195.822426140308 14.846311122179 1.19757747650146 5.27682438492775 105.468760997057 221.236344009638 187.848298609257 224.98939281702 2429.56463676691 2.27255439758301 11.1038015782833 154.072185084224 2851.79171404243 305.823974519968 406.316126823425 0 1.47141253948212 50.1848251223564 234.139724075794 15.5596132576466
1.55202674865723 4074.28144478798 50.9665870964527 0.361856132745743 0 0.65143209695816 16.8517711758614 3.55988565087318 309.752168014646 0.438447296619415 2392.03760018945 10.2307063937187 10118.568100065 11.6425739526749 7.88628730177879 20.1324361562729 97.4975674450397 622.197772234678 382.232309490442 0 9.12156003713608 690.535535141826 56.8080918192863 182.559415519238 0 2004.1398614347 4178.86052539945 49.0435520708561 7.17023411393166 11.8879771232605 281.775518149137 0 5.71125584840775 246.013756632805 1.15246504545212 185.980123907328 1397.61074849963 604.554053127766 79.6792702078819 44.4568697214127 1.41679310798645 1699.17241665721 6.86353260278702 490.61527723074 19.9087719321251 4.55970776081085 0 0 54.9528120756149 0.480124354362488 107.10142660141 23.0287607312202 0.44345360994339 0 0 3.84348034858704 0.64231151342392 2.50227013230324 0 212.330036759377 0 628.783539146185 0 0 1.86204406619072 17.2133487462997 193.260497689247 74.8517294228077 1.74009025096893 1.75063282251358 5.13510316610336 25.3999885320663 3.61572206020355 433.110631644726 851.009270250797 612.085813313723 2.7774943113327 1.4736220240593 3.86285150051117 81.2009424567223 0 0 7.29844495654106 1.06238353252411
117.329131573439 2610.60671323538 14132.021645695 2.66421711444855 1.60244658589363 24.9238254725933 476.505126625299 151.400720715523 185.57429471612 28.5328845381737 8394.08289062977 5.12256851792336 3296.87329569459 221.435449957848 9.40326923131943 66.5905173122883 7738.62198066711 5007.41761162877 9777.41610401869 0.489450633525848 559.423605054617 431.493004322052 3183.93130320311 182.495676010847 2004.1398614347 0 26384.3581228852 312.053746908903 231.87772744894 917.289882481098 2597.289806813 6.39259788393974 26.3140957355499 3591.07803589106 55.0099319219589 3321.41528117657 3405.54185295105 4486.51560527086 1261.89126670361 162.912973970175 22.2073436379433 53.0633637309074 62.5206071138382 410.768192321062 88.0872083902359 12.3608540296555 5.670146048069 0 17.0126755237579 2.62218910455704 580.373903304338 428.090060204268 1.23605716228485 0 0 23.763773560524 1.66305959224701 12.4442837834358 0.339456021785736 240.339331835508 0 467.319066941738 7.28247430920601 0 20.9087516069412 372.177351176739 378.681752979755 561.057050406933 0 44.5619567036629 71.6904008984566 241.056212633848 21.2088329493999 649.550594002008 3637.89354065061 4584.93503850698 37.0714792311192 3.10025537014008 31.2663277983665 100.041563510895 0 0.658255934715271 54.5906049311161 24.9207521378994
181.328950971365 14170.3294259906 13467.9124638736 10.8868183791637 1.0394030213356 37.7242936789989 1160.23039600253 171.398252010345 988.709154039621 84.6906940937042 3600.05868807435 24.6734874248505 6542.54294592142 268.041617006063 30.9154230058193 10574.4725905955 5025.40989992023 1252.79175072908 2527.68399101496 8.1093527674675 2162.86508631706 7183.96667787433 22127.3812353611 2960.2660984993 4178.86052539945 26384.3581228852 0 3425.21871399879 428.040108531713 1657.0888004601 2783.93476673961 8.65933054685593 83.3288024365902 6829.86965176463 332.46079659462 10931.1575522125 6490.18785583973 9135.46632376313 3963.52565172315 773.122947126627 27.5425907373428 151.004981189966 364.068150997162 1010.61882427335 181.57346123457 71.8425378799438 36.2358162999153 5.39392030239105 20.6866083145142 8.99229109287262 1292.36725801229 1903.7548173666 1.12150752544403 0 0.957835823297501 136.443388551474 12.9585814476013 35.4053135514259 5.07244172692299 194.259615004063 1.84794679284096 396.074451297522 17.5022239387035 0.571759343147278 898.172037899494 692.751994758844 331.056990504265 559.43751218915 1.58222076296806 269.923533111811 1061.29202261567 3377.10476082563 113.684323430061 598.645577609539 3777.86484915018 9938.76884385943 218.237547159195 20.0962175130844 153.042903959751 71.7417638897896 0 8.38639435172081 97.063034504652 138.900769472122
863.88550427556 186.22548392415 1502.80373778939 13174.4004995227 9.34269285202026 805.746210128069 18721.1047210097 1083.05092656612 4408.70766675472 7319.17660620809 52.728295058012 2561.12739640474 51.0666083097458 1388.22904849052 175.28488868475 2810.21342000365 132.779543846846 10.1111887395382 39.1390365958214 7987.4522279501 10661.6885798275 1754.04077151418 9449.14632812142 27693.7431777716 49.0435520708561 312.053746908903 3425.21871399879 0 2177.80113279819 10689.7910757363 3.81547287106514 36.2043700814247 872.003268778324 2249.29319310188 134.712361693382 3313.22237354517 461.681660026312 1601.26005455852 530.141610354185 722.404937595129 173.737691253424 13.0498780310154 303.743778645992 25.8353389501572 1.48560929298401 0.576740741729736 134.763448238373 15.4992217719555 0.736833512783051 147.497165888548 17.2889778912067 54.4390617311001 323.671407580376 0 106.944564193487 1645.48766869307 105.335444301367 851.044768691063 495.361659139395 1.74199512600899 148.436330229044 3.67936259508133 247.567777395248 14.9577861726284 302.900660336018 18.7589033842087 1.67795383930206 6.5000416636467 116.107931315899 295.467471182346 228.745833069086 330.819389402866 2346.77905467153 0 28.77696788311 220.963866889477 2786.16682785749 319.447905600071 474.779502093792 0.391203343868256 0.786922991275787 59.1163083612919 192.586701989174 52.6045024394989
11548.0733193457 39.2541306912899 220.174448728561 77.5236787497997 152.565538316965 725.857385694981 3194.00113910437 2502.89137193561 582.741098165512 1101.3185941577 692.642915964127 140.398327440023 90.9100747704506 11357.8483703434 25.2106578946114 83.2921789288521 342.703817486763 31.2078069448471 83.418239146471 86.495109140873 819.278050780296 234.587872833014 995.993028759956 1467.3554468751 7.17023411393166 231.87772744894 428.040108531713 2177.80113279819 0 9456.1030626893 4.95186081528664 2970.6705160737 11228.1175323725 6341.09820383787 124.165267020464 2493.83465835452 150.603082686663 2755.35173153877 316.401241391897 1068.53847786784 925.491373032331 44.2608366012573 42.9153907001019 1.52997961640358 0 1.5107444524765 8.47745954990387 0.695035576820374 0 13.8249289393425 3.18788754940033 10.4322554767132 6.49573001265526 0 5.30210340023041 144.17623642087 15.34879809618 116.805323809385 11.5448485910892 0 0 0 29.5559643208981 0 51.6847774088383 1.8417162001133 0 1.1422273516655 1.40365037322044 63.4003688395023 48.2961749732494 37.2283508181572 266.358086079359 0 13.5010713636875 42.3100447654724 375.676735848188 67.0659547746181 107.480930864811 0.405728757381439 0.767849266529083 13.7232973575592 36.1387669444084 34.5873102545738
6036.79695874453 154.045625418425 2352.77105599642 15.1738377213478 5.75463697314262 152.641795814037 12049.1646416783 1726.11836543679 913.054112046957 226.336487412453 90.2788558900356 15.8357829153538 20.4641853272915 3571.30498212576 12.2622977495193 581.855359435081 1316.71707329154 41.2517575621605 229.478339642286 18.1284104883671 20755.8249304593 857.518934249878 9977.38628688455 2268.78315359354 11.8879771232605 917.289882481098 1657.0888004601 10689.7910757363 9456.1030626893 0 11.5900903642178 27.9014412760735 1071.68842348456 5920.27313107252 188.710296243429 3814.6929217279 606.923750966787 3005.14185062051 803.839300721884 257.562963426113 141.232009828091 10.9140388965607 101.09618973732 19.0387625098228 3.37433820962906 1.91876232624054 4.65680238604546 10.6784745454788 0 53.9663209319115 22.34362834692 45.2678464651108 9.16182348132133 0 3.18506759405136 207.557363450527 27.4240880012512 162.994343608618 18.4808926582336 3.12319397926331 2.52527716755867 0.46794518828392 57.0042504370213 0 167.983266443014 19.4301574230194 2.4962632060051 5.46558803319931 4.12175470590591 236.344653844833 125.783478975296 167.752518773079 473.89768832922 2.37198901176453 41.3047450780869 177.470037162304 810.830036580563 147.268974632025 301.427728533745 0.662338733673096 1.46355682611465 40.2945936322212 93.3913648426533 38.6390073895454
4.26635146141052 99.8001780509949 20.2508454620838 0 0 2.18628227710724 2.1883664727211 0 12.9954199492931 0 1872.79873028398 0.809890985488892 5207.25884503126 7.36604291200638 0 0 39.6088990569115 208.35506772995 98.3134641051292 0 1.06785464286804 25.1498816311359 9.58711153268814 7.54527881741524 281.775518149137 2597.289806813 2783.93476673961 3.81547287106514 4.95186081528664 11.5900903642178 0 0.929700970649719 0 84.6738710999489 0 52.3419429659843 234.193461626768 292.448416829109 40.7276104986668 5.97389349341393 0.636633932590485 14.5559655427933 1.13811087608337 77.1774396896362 6.12203627824783 0 0 0 1.43251192569733 0 6.41185939311981 1.40480583906174 0 0 0 0 0 0.529972195625305 0 65.5254863798618 0 116.40943479538 0 0 0 3.23943334817886 44.6110324859619 13.0261061191559 0.904249370098114 0 0.81760585308075 3.18872514367104 0 62.7500004172325 170.604883760214 86.6526803970337 0 0 0 29.2273005843163 0 0 0.597861111164093 0
55.4525528252125 0 1.99159845709801 4.04247176647186 2394.99062529206 3744.69517326355 71.3816207945347 2674.96216925979 6.3670771420002 89.0445538759232 104.362050920725 41.5133846402168 35.6828908920288 1619.5754339397 150.576679199934 0 1.53100264072418 3.12646895647049 2.34597140550613 6.33431103825569 5.07758834958076 0.740809768438339 5.63536116480827 29.4436399042606 0 6.39259788393974 8.65933054685593 36.2043700814247 2970.6705160737 27.9014412760735 0.929700970649719 0 8.92398288846016 3447.01231524348 14.6485049724579 225.406243890524 19.5970519781113 416.968500494957 46.0430208444595 996.959004551172 3576.85911333561 12.4502834677696 2.31857645511627 0.384838581085205 0 0 0 0.745506644248962 0 0 0 0 0 0 0 1.18630838394165 0.816554665565491 2.65241858363152 0.430036276578903 0.662493467330933 0 0 0 0 0.786543905735016 0 0 0 0 0 0 1.65670505166054 3.95736038684845 0 0.891401171684265 0 6.04220297932625 2.03217285871506 0.269303023815155 0 0 1.16411340236664 0 3.13281202316284
