0 113.888975514568 98.9428735009922 79.9586545901947 68.1845120484225 44.4224872427783 34.5300993217369 37.0907088371287 65.1477322030326 63.8621989093065 77.4234798817229 47.7449021464307 88.2432479168513 16.4249118497679 55.1984411384113 94.5561405170993 97.6717087347172 107.206762114868 111.399266663296 81.1756755183928 77.3093625776033 77.3044434069475 88.8668538633457 72.8896048458126 122.186938251386 116.448706209398 119.539763075364 72.7803263162943 18.4705221292403 28.0608056356203 119.650444286722 75.3995352387152 36.4624032579743 46.0584969573453 110.735078085968 62.1432958137729 84.2678599534982 55.7866294565113 73.8938232481437 43.2211232220195 53.0239003580639 81.2699244173667 130.904625000186 134.589319372653 0 113.625881323521 128.643389074766 185.930709838867 0 122.977531456382 140.521888914856 178.373007534007 130.599043997373 0 152.966555050211 126.555785878354 148.654672899639 80.568228791756 130.851221958787 88.3156661987305 178.495986938477 126.379081726074 144.599234092182 0 128.426940747398 186.321821459979 215.957077026367 0 177.691840380719 133.237022406836 107.580190967598 155.948584020379 113.562113178274 0 166.173515062955 165.972711448213 126.358849351317 137.491717531251 131.359972846817 0 0 120.601495667651 143.820344683407 120.743711652374
113.888975514568 0 43.1846844400659 109.536694228681 0 123.726264101353 107.4854236889 126.990574432618 71.8070701165548 141.677410473282 51.7971789333802 95.4515167358571 40.6396889399786 127.633447845074 101.356192357039 55.1537623224799 50.6653666743533 59.4736116126074 46.3841406488374 109.710046737069 85.5974763423082 29.0858185172392 60.4261731375406 77.3380532464649 23.7688456806675 41.8041197663328 32.0653772650103 92.7489850886596 112.603882873882 94.7335915612367 57.0479860958252 0 90.3637311292099 54.291233237963 129.020698780479 70.0706943032107 47.5895261597138 54.5193946446662 61.9896782797452 85.2902234772482 74.8916015036643 40.192912746044 83.7207350681903 56.789643547233 68.091963352682 82.7975234985352 92.6870108738603 0 82.6755196538655 159.458812836024 21.9338037509957 64.552709611435 151.845550537109 0 0 143.258555173765 138.908218383789 95.8478401516312 162.571050640812 70.5991183586968 0 76.8284073036222 125.568424362093 0 96.9917708880597 70.509446864525 101.999437509866 72.9835557995701 0 107.228426779736 60.7642651320048 89.680706287363 137.089209995369 42.5330089580502 62.4144056750781 61.4694040953554 151.154923066686 188.10905456543 131.565873622444 107.861455786233 0 0 69.1995855494113 138.570682209897
98.9428735009922 43.1846844400659 0 122.006979788354 141.734354861069 119.12219799761 91.0796601671201 109.806738604503 99.0022202917518 114.974920888291 70.5102732735654 127.916415634547 82.378641808666 112.263303541923 133.411570838994 81.5580957178963 39.614039302328 70.780157732168 48.5325744607584 124.644147627513 64.3339991712729 60.070863800569 34.8040077754877 93.7956605990789 74.5255404585615 27.5278436799091 33.3720299524839 77.979641851464 106.191970856923 78.9021115464087 91.2405338473965 161.831024607544 103.56837128485 52.00976419046 125.154932912682 67.6320769500686 46.5870210711253 51.7534457454072 58.3423431549231 76.5055230538528 96.1458772358345 68.4346373962899 112.734024120657 78.3062367662341 95.8269152696986 99.6491630977684 135.385916373031 111.519893574423 109.583015441895 162.071166548567 59.993045818114 91.2198955090613 0 0 170.036483764648 152.986057163674 173.972071474632 121.360738990302 175.15729426476 139.320972639162 0 131.877185992032 171.092684366059 0 110.200168232632 104.010750954328 133.538302217107 109.191128393779 228.932556152344 127.840465519392 72.746231844201 106.312579205264 136.801840145442 86.889510809288 97.9431767874164 90.3784583331976 146.022559680488 163.180941124661 137.621515771488 144.155383826066 0 138.700212135086 108.853400321771 145.371752659559
79.9586545901947 109.536694228681 122.006979788354 0 0 62.3656518180975 52.5558280387474 85.5497637302043 57.8671900205733 19.379511623314 163.79719543457 36.5272925426275 0 92.3566250918699 65.369096226917 96.4114933562869 0 0 140.022763502104 11.3360073203074 109.323149558888 82.789813798106 116.943696178851 26.8171175520194 141.622589111328 162.570083815464 144.816291168804 17.684669800089 99.8910764938063 102.135090005642 0 120.913105152085 89.5463148450266 100.607916582813 147.135727420005 87.5276233752353 139.529327392578 104.003669108138 103.914676074625 60.3476338278132 105.644303739746 155.377792358398 80.87647225671 0 0 0 86.4530017884695 0 0 146.361328592926 154.980651855469 0 45.6697070669834 0 124.875725376866 126.967338794202 140.013692724357 83.0267447254143 130.55374757582 0 22.236273114064 0 143.267971308286 109.293808484201 141.489181518555 0 0 0 64.7367100518995 153.63032171384 91.2779656024222 188.954727172852 107.278482572652 0 0 184.733801943385 128.206856688312 163.113040915125 146.761841102219 0 0 0 158.892454119931 172.642363879731
68.1845120484225 0 141.734354861069 0 0 9.43795146111307 108.909452573912 27.0033772038214 62.6609481297134 105.180439455499 8.80675194755293 50.5564389378077 16.9171206649314 39.8415728575356 16.9165227780177 0 0 93.0430847870168 79.4880676269531 90.2753556836753 159.364712693629 110.949932771825 0 90.7887422645238 0 135.579484247771 154.149291957142 115.484217552256 31.993887081626 100.03652906578 0 10.8146396899085 0 17.7051699982488 59.6368720316376 68.9505372114054 224.633270263672 39.7264848527562 43.7363794220675 9.9345903472327 7.45524897837212 55.004747523227 37.2271692145982 0 0 71.1295471191406 53.1495466224514 52.7278900146484 0 0 0 0 0 0 0 165.792965241349 0 140.535544469255 113.171287536621 0 0 0 0 0 0 0 0 0 0 0 0 0 137.835961472944 0 0 0 156.235033168155 0 0 0 0 0 0 66.6090275427949
44.4224872427783 123.726264101353 119.12219799761 62.3656518180975 9.43795146111307 0 47.9393554221199 20.7986753159526 64.2533728890671 30.630941330199 72.7879485314868 28.5677835152538 50.7904453766206 38.7543507837626 16.9275847781661 103.822196731679 120.971371658063 104.867009915471 125.724700778068 49.6816480109014 99.761536205256 93.8117350434227 111.126113314186 66.3964297255401 144.825820922852 119.13194138861 125.714428546155 62.1934308606551 43.774216444107 73.2538562531224 100.737401350062 18.0723151492163 85.2643380871821 28.6540144888089 97.2170322976697 62.0878491281438 96.0729391454698 45.09106070633 48.2933376423388 15.146310643056 17.6349752619528 60.7142223724932 107.359224301103 163.670837402344 0 0 92.1333443645347 0 0 145.220471837293 0 206.138680663948 139.237132527043 0 123.015418005986 133.334192328389 156.579113972297 91.1331801016175 138.448838026442 0 104.042005313854 166.380752563477 149.253275749053 163.927169799805 123.115829467773 184.62663269043 0 0 141.627375487307 165.750464790835 121.223854347108 175.172172557844 122.12146422572 143.162063598633 201.307312011719 181.11557479194 137.097866149033 154.534471230569 146.559111072369 0 0 182.974273681641 156.803401119725 149.920535297625
34.5300993217369 107.4854236889 91.0796601671201 52.5558280387474 108.909452573912 47.9393554221199 0 48.7807845250247 52.1808019227982 25.4598119900264 121.616365714139 55.4947670505642 121.999342731037 41.7830657708975 67.2376948252228 78.6856317612624 103.520637006975 143.330742889142 119.425193216434 51.2391756951388 69.1459857210704 70.8228950905999 80.9792779694278 46.1050943093528 134.890942200995 113.587233805394 100.976238641873 32.2788526670936 64.9820057813165 26.9436935719676 160.828936095781 110.797950956756 64.1190314822287 75.4570481855205 129.240516806642 74.0373896551043 92.2577348226918 79.2952847774902 84.0798020637858 68.503888662125 81.2090067949094 104.648248314764 115.747142980381 144.913747915505 158.498856601411 150.574251691165 103.275860288478 171.711974914082 0 122.931922245598 140.851194901672 157.748863229689 130.797570645703 0 125.904658646354 114.775328577173 135.864083420884 73.4897873503426 128.083974301334 176.669335583903 108.797790201913 210.580444335938 134.60929313842 115.160249016762 118.74746490779 173.576574191486 0 180.661516899366 127.776078195538 131.635846129952 101.134477208288 147.269376325678 100.134886753567 177.257611264685 175.267765595475 150.29647733935 114.318992721353 134.332196645951 123.997630278186 0 176.194343020329 130.54530242615 127.250851700854 140.764144274835
37.0907088371287 126.990574432618 109.806738604503 85.5497637302043 27.0033772038214 20.7986753159526 48.7807845250247 0 76.4960035213427 44.5368363334125 70.2009033324154 54.2871283124257 62.4823676939345 24.1040561552305 37.6951498744394 113.48237344975 114.673988712839 125.22178140638 118.954956001606 75.7221293338147 89.5949478719335 92.2374027540529 99.5392199452544 75.4199097046038 150.859348580046 124.432344189302 130.212323075262 77.3727614817291 36.7226642284357 56.0663380911581 0 24.3652005029362 77.9212168501855 39.1093847679484 111.64982108988 72.146152749 87.5572017105996 53.0743897584875 70.6411809689621 28.7175778590155 27.8270176346152 68.7721235701931 144.306516162412 166.588714599609 0 0 113.389635669678 148.808099821248 0 138.581869809591 147.115971593141 176.172575198899 147.618618180303 0 139.859923234479 135.431559194567 154.654046751889 89.9936074406661 151.180044023187 0 112.232000898468 160.668070719367 152.000249983389 118.05827331543 135.200549088217 181.09752935325 0 190.185745239258 140.334497215258 145.440037939081 133.255224385404 165.971145673408 119.923934620401 128.567642211914 160.241793948215 174.352807714396 137.139957763228 151.411626943674 145.277097681423 0 0 145.030244841421 144.88424635152 133.696897974928
65.1477322030326 71.8070701165548 99.0022202917518 57.8671900205733 62.6609481297134 64.2533728890671 52.1808019227982 76.4960035213427 0 62.9852472444758 115.639870985055 24.0149402050559 108.723356853982 77.6400998183035 24.793521347733 46.0187435464109 110.0770327247 123.677305426844 111.298440633641 51.8958235922406 64.0362495143375 29.2071593722376 86.8670691052226 24.2873775823036 96.5111108323613 111.223190799611 95.5092408296531 50.571651252076 71.5646235832479 55.2757817207396 121.623137825661 102.879277409238 58.3986097972038 76.1209726270112 131.670841851185 63.8136698594241 104.787982506078 88.2970637233473 92.0289857103962 26.6441555319237 82.1553022818495 107.767271677577 68.9344238576909 96.0990884040443 81.0030059814453 124.196739930169 56.2334642157109 129.103620413422 130.166625976562 78.677116146764 101.259440872685 136.823598830465 85.5195363002213 0 78.5948689627759 72.6045691608109 105.767232705228 22.1303670907687 83.4478833200843 146.134651179061 64.2316157448017 145.467912934577 87.8006972326384 53.0409017327432 86.9606663275929 113.95032688891 209.303421020508 160.150666430909 79.7279611352475 89.6669594828051 68.3634734155172 108.088761098069 55.8241048239854 88.9111175537109 159.296548220568 120.874402187762 71.791307068258 87.5086764227451 78.9291721944073 151.326812744141 0 78.7035225150019 84.8389429324403 146.783155644058
63.8621989093065 141.677410473282 114.974920888291 19.379511623314 105.180439455499 30.630941330199 25.4598119900264 44.5368363334125 62.9852472444758 0 123.193934140228 30.5914362701022 104.751542602583 56.8107621740878 63.5063506574456 110.969859538692 130.074314525437 154.315100422691 153.39777528093 16.5767744630689 103.663091923658 90.3268479689248 106.670967029355 52.9654256489435 159.34635925293 136.0587957317 131.115515688501 32.2010618574595 88.6458978802337 82.5050545779941 0 117.661570743437 80.7619252778402 88.0375626794958 135.880568083505 84.7384598793221 121.655045956605 89.7984479784424 92.3537668465267 65.6488207688771 91.2524979121677 120.038254758237 91.6031981796779 0 0 197.39356410345 96.3522056350244 173.843978982706 0 144.745853765103 147.31760705147 196.216034274046 135.23428122598 0 132.699274344933 128.253541645158 144.659170891019 84.3170962406771 138.529827002635 0 66.9474077046063 0 148.784238652544 116.074288072921 132.743409174964 0 0 0 136.186772975883 159.837392196076 147.280133536901 170.954590074108 109.981310459879 0 193.237157769418 161.829315210612 132.853844520078 165.696875740019 147.216484510786 0 192.725280761719 157.677562929755 146.345382454881 158.362202158888
77.4234798817229 51.7971789333802 70.5102732735654 163.79719543457 8.80675194755293 72.7879485314868 121.616365714139 70.2009033324154 115.639870985055 123.193934140228 0 107.341161969802 17.5746962346326 70.2318193295509 82.3242635291142 114.19097588277 46.3932426434953 19.7728961638292 22.0581345767949 121.459699523668 85.7773550921895 86.8939056206239 72.1213536236301 132.857328274825 25.3282461071535 22.8905534688389 44.8599075219596 137.350222349023 61.2085492040017 109.764273035579 24.8824893753902 60.5452006526388 78.1292204227828 21.3236872657397 112.960367432654 68.9776459504133 26.1267147340066 21.5793654852774 38.6536722617769 64.4807564482602 57.2697713957205 13.7140230225549 80.3600992587227 48.8858344692319 91.0893014516811 103.300704956055 0 0 61.1131351345834 150.740310668945 70.5892622748239 122.198141301613 207.054158435223 0 199.169315570457 193.495482660663 0 149.67401045797 0 74.3039475104928 0 64.8693968820606 207.216659796558 0 153.181304931641 111.507713298809 83.8636333209271 94.8056765799594 0 183.562297094646 157.572267473046 149.888753709948 178.756837802119 51.7686456129025 84.4433647291465 91.5255836416157 186.998337132133 202.819033957286 144.414169311523 85.0218739099355 0 0 118.622341886376 156.204965451888
47.7449021464307 95.4515167358571 127.916415634547 36.5272925426275 50.5564389378077 28.5677835152538 55.4947670505642 54.2871283124257 24.0149402050559 30.5914362701022 107.341161969802 0 111.795153057582 65.7200054957022 17.8969840304937 53.9964065551758 144.730910573641 0 153.902947174784 13.7280706191587 113.776144505529 67.352952916622 138.636925870615 25.0615147080421 124.767344277478 127.188148831923 124.672076635363 45.2494635028394 89.2843266124141 95.5916829765864 141.743041992188 95.6822929112146 76.7765704661865 84.8846668005838 131.768586688392 46.9086993018112 111.528714259857 89.0894792012021 99.7196525770328 22.6382745871902 79.9191072227413 106.083447541002 62.8827937459097 0 0 0 69.6854873503093 0 0 154.359673653577 147.123748779297 0 119.526441658174 0 101.934682296014 113.458777810028 123.404288867098 67.7277153444194 107.319979995876 0 16.2437070738518 0 132.955916008538 88.8542772966464 0 0 0 0 34.2972945234923 153.760665893555 86.3128890991211 0 90.2890650379989 0 0 179.175008020084 115.856889165494 142.301112571046 118.590873718262 0 0 0 173.988487426351 0
88.2432479168513 40.6396889399786 82.378641808666 0 16.9171206649314 50.7904453766206 121.999342731037 62.4823676939345 108.723356853982 104.751542602583 17.5746962346326 111.795153057582 0 69.2060992235754 129.596685907681 108.648661806796 72.1437442467822 43.3962517441726 54.0404756988791 157.334807746411 115.345999776366 75.8138533770499 112.717167763908 120.643698836338 16.0379454667276 17.8021405735634 24.6108829953647 129.576087721397 66.4368296577374 111.183070337532 9.30539807321461 56.5614604252243 94.5274626644219 27.7664571740877 73.7296869782182 30.0785349471946 23.0954238971178 23.4885737784186 16.9039645345767 55.1226774315815 12.0349763005558 13.1628624515632 27.9004092491928 40.9476229989093 42.2284831938078 39.0023653111406 55.1825685643266 37.8608010760199 31.7768687373995 0 62.990162643495 115.624326474087 219.576843261719 0 227.993103027344 125.498152656556 64.2137985229492 141.713269316746 202.532740672236 63.3927186648777 167.654388427734 60.8202762469463 129.153854693065 238.116348266602 132.448157023145 101.640476943955 75.4335970145192 83.5393581572064 0 109.093624497478 105.297247307024 118.360615982921 129.716076727334 42.3977182069014 76.4120985574368 81.3301063598002 113.761204274968 108.738151550293 127.377375170063 80.366100750508 63.8179779052734 0 91.2044654614235 76.5696387027929
16.4249118497679 127.633447845074 112.263303541923 92.3566250918699 39.8415728575356 38.7543507837626 41.7830657708975 24.1040561552305 77.6400998183035 56.8107621740878 70.2318193295509 65.7200054957022 69.2060992235754 0 52.3110420909771 107.854041696625 115.478732819156 106.548823738771 111.082011386216 86.7529374962615 92.4423229922906 89.3927252828867 102.563804760163 81.3142493555087 114.356517493361 124.504068074566 129.89484616716 84.9610492936045 26.4907077970874 55.4403564188879 120.862485385513 31.1925822879672 62.392703222643 44.0820147143585 112.94135823711 70.4266243504353 88.5472760646833 55.7670214391897 73.0630455931086 38.1331277189343 41.4309016721743 70.9673827822768 129.795977344996 150.445361361884 158.86540652872 174.14674570693 133.530534765836 157.910446166992 0 148.164487722682 136.208682227281 175.631754102822 149.90859783954 0 153.414664299964 139.089520580036 158.078599219196 94.9990586886856 142.842385050169 218.084777832031 104.56340640335 152.0709522424 162.277096385024 142.017015310413 124.912524552779 0 196.821441650391 213.722396850586 149.171182198931 145.541564670206 106.444174965784 157.125245751273 125.656983132617 127.557854035061 166.057323427507 169.999290487849 135.884629359425 164.81641587097 143.893257269625 0 0 147.072250943232 140.993664840916 133.118922176227
55.1984411384113 101.356192357039 133.411570838994 65.369096226917 16.9165227780177 16.9275847781661 67.2376948252228 37.6951498744394 24.793521347733 63.5063506574456 82.3242635291142 17.8969840304937 129.596685907681 52.3110420909771 0 0 176.234008789062 148.958514634517 141.628005981445 51.2990873317768 77.2489360028542 68.637171947173 102.286258878957 38.1799015931257 129.552752152139 134.255213507279 123.076028130949 70.98185248339 65.5956324201502 87.9649872682566 0 41.1656345636198 101.297409057617 54.5886201339238 37.1849387546346 42.6585547383286 64.0694232370271 65.7535727140047 0 10.1238444087894 26.5093259329553 58.5048469723791 55.1103441210898 0 0 0 67.861122452966 0 0 128.632904052734 0 0 158.501494301853 0 100.603998021714 120.059687876365 168.788513183594 62.0363927179067 126.377704833291 0 57.2612633318649 156.785263061523 0 88.8458666004023 175.655443731108 0 0 0 99.8166961669922 117.889595031738 97.4228515625 131.218418755608 103.553736768846 0 184.224014282227 162.503189086914 106.714864603579 0 118.251315513912 0 0 0 118.784133911133 61.8953427047419
94.5561405170993 55.1537623224799 81.5580957178963 96.4114933562869 0 103.822196731679 78.6856317612624 113.48237344975 46.0187435464109 110.969859538692 114.19097588277 53.9964065551758 108.648661806796 107.854041696625 0 0 91.4865322743191 116.574039244322 107.507897531985 89.7584771570711 18.3243416625671 29.111396323053 19.6741287751109 31.8267914926893 99.9966326454539 107.958586586335 25.723658589095 37.5416266901577 88.9203712677238 69.0863056088323 0 0 72.5612654468648 59.3936873863687 120.5056055417 66.0628726799137 49.2045130639118 64.1095760262568 66.861392960995 77.7039684567913 70.4036749739692 124.919131723283 104.874603732733 76.0679515512233 97.0204324585062 121.667871569801 125.616677754073 129.06150831854 142.260894775391 117.025787196619 91.9102095574036 111.635019855387 140.194244384766 0 134.777625583212 125.621456467074 140.277894692913 94.5650040483332 181.193385146744 141.334384183706 0 159.090545654297 131.542734794862 0 88.2851370935543 134.306511807188 151.986724853516 144.841667644372 0 98.8938063049832 51.9351390028193 94.9099571767877 98.6149401708498 0 136.421443114429 100.379013212572 105.522750108539 116.060866437386 101.231290595242 0 0 106.009164090715 90.8437221838429 145.61415967755
97.6717087347172 50.6653666743533 39.614039302328 0 0 120.971371658063 103.520637006975 114.673988712839 110.0770327247 130.074314525437 46.3932426434953 144.730910573641 72.1437442467822 115.478732819156 176.234008789062 91.4865322743191 0 47.8390485346578 18.2266829792152 0 48.765720102402 75.0144134591591 25.8922287284137 119.766416666549 54.3624156484602 36.1418271495979 59.6683338383505 104.053396905871 98.8311378660661 75.1908828531566 72.2813380235051 179.561881772195 91.3407415457402 38.6038457806683 135.637109371823 78.4540234831727 51.0155256559389 49.2887797762915 63.8852404756575 93.7018808856533 108.414624525743 71.6459259308448 135.276631564347 94.2694928228302 100.495197464574 99.4729385375977 193.975006103516 0 96.3751449584961 0 68.2203674929261 102.045859588739 0 0 0 171.436402746535 0 154.014960603189 0 106.964034316707 0 104.698669612365 206.653126089509 0 128.929274490087 109.504854536161 125.168702889746 110.84613363123 156.321640014648 144.574735465698 93.7795713376505 129.788605995538 158.55826692986 81.2290971106354 97.0985674455797 98.7075738675378 171.715363314417 212.204772949219 146.996835399826 128.356663446717 0 0 105.150312958039 145.511509354761
107.206762114868 59.4736116126074 70.780157732168 0 93.0430847870168 104.867009915471 143.330742889142 125.22178140638 123.677305426844 154.315100422691 19.7728961638292 0 43.3962517441726 106.548823738771 148.958514634517 116.574039244322 47.8390485346578 0 15.5243140283193 143.838333129883 100.40626921264 88.8978199535776 79.1091784167021 138.24315065841 39.6483852819304 25.6810479481661 54.8911843508585 141.512658080528 99.4381435408925 115.472344955405 46.2495415062526 88.9265227669394 104.93724822998 50.5241315276515 115.330768371595 82.7686839313478 48.4123076480155 49.725068740448 62.0465339544248 94.4916935938622 111.716794813168 50.7834959418542 115.260552333785 69.2895674005451 100.222989523077 0 116.184135437012 0 106.194206237793 0 83.9881697936173 123.572482397804 0 0 0 201.533426590317 167.818664550781 0 0 89.4794186974873 0 78.0046763942746 0 0 136.176513671875 117.749650493824 91.8035967380955 96.7507197125045 0 0 135.219692870953 129.931027169644 0 60.3341605583547 89.6491546828773 92.4975930967802 183.459806903521 166.585571289062 170.595559832391 97.3137752440295 0 0 108.378748834755 160.250198856935
111.399266663296 46.3841406488374 48.5325744607584 140.022763502104 79.4880676269531 125.724700778068 119.425193216434 118.954956001606 111.298440633641 153.39777528093 22.0581345767949 153.902947174784 54.0404756988791 111.082011386216 141.628005981445 107.507897531985 18.2266829792152 15.5243140283193 0 0 83.4096620647988 83.7255885765639 59.3960972682092 137.089656493712 40.5393904000615 22.1397500126601 53.0792654809031 122.08003272619 103.635084696968 93.594746347396 55.3109291650433 94.3287612714509 100.452541125318 38.6890795751665 124.46626386215 76.1701171989944 47.3372619108928 47.3630827886838 58.8403340978878 86.8103648071271 70.7403881819885 45.6062083983035 107.190259947539 84.8795986588946 110.48543475471 106.639396306969 171.405412053803 0 0 0 66.513302928159 113.865393133695 0 0 0 160.12032976626 198.214080810547 164.471298217773 0 92.2133996256138 0 85.3830014133182 0 0 134.645462036133 114.280116773801 96.4146321727044 96.3914141539703 0 139.862022599176 127.575883049803 142.104031579561 167.127827598863 60.3278021675539 89.5079732141385 93.8435403142937 171.145086917662 188.658126831055 165.325028156636 103.809579942309 0 0 119.288740958395 149.710257198589
81.1756755183928 109.710046737069 124.644147627513 11.3360073203074 90.2753556836753 49.6816480109014 51.2391756951388 75.7221293338147 51.8958235922406 16.5767744630689 121.459699523668 13.7280706191587 157.334807746411 86.7529374962615 51.2990873317768 89.7584771570711 0 143.838333129883 0 0 90.4708213082149 76.7468555638963 111.353700206918 20.9775453332028 0 141.663024902344 145.230564187534 25.8933588666163 96.3970610868712 85.6671586627812 0 114.607769949787 87.7348528502077 98.6470668549012 141.963293403602 77.2387598414945 117.250435842429 100.521306620998 100.18301130468 50.5153783475088 92.2257827720654 96.4820251464844 79.0764876336111 0 0 0 92.1183897158004 0 0 132.883431181945 0 0 59.2541957728393 0 130.432021460879 122.688137465181 146.270832316102 78.2016392194506 132.135511419453 0 20.8038689784609 0 151.16337563204 109.318550160098 0 0 0 0 136.674486999112 177.039520263672 142.926132202148 175.861458929656 98.9953728446424 0 0 167.971069335938 127.271387662459 155.230991365876 126.84651184082 0 0 129.371490478516 135.143075441239 180.154251098633
77.3093625776033 85.5974763423082 64.3339991712729 109.323149558888 159.364712693629 99.761536205256 69.1459857210704 89.5949478719335 64.0362495143375 103.663091923658 85.7773550921895 113.776144505529 115.345999776366 92.4423229922906 77.2489360028542 18.3243416625671 48.765720102402 100.40626921264 83.4096620647988 90.4708213082149 0 50.6404029018842 34.2135242892678 36.4106073495458 115.450832620205 87.1697111978061 73.6339361676655 30.2090110922336 78.1697622919684 33.8223819863778 130.016397111724 117.41021651718 69.1260081475388 43.8085328006322 119.981987771658 62.9763556890922 52.1561159565907 55.4122984548937 62.1070624947065 72.3707374455662 82.8172280682837 95.3914936168207 109.528234978849 115.797463753021 123.09732686408 127.535487687294 133.107897259479 140.850878178672 0 128.495421818942 115.117339356618 139.573947409483 151.180702315885 0 135.2154036044 130.246836915369 149.48152467828 83.7295104513071 169.227260597978 151.798833849827 0 0 136.453781065015 123.026029668774 99.1090111776936 151.447847256531 0 161.365448555074 0 107.443696150727 67.041666239191 112.791724929273 106.02151153488 117.774406433105 147.688091705505 126.298099658135 110.9161027733 120.690934439505 110.66128416028 0 200.547698974609 108.775361839064 106.363415484374 141.078950045766
77.3044434069475 29.0858185172392 60.070863800569 82.789813798106 110.949932771825 93.8117350434227 70.8228950905999 92.2374027540529 29.2071593722376 90.3268479689248 86.8939056206239 67.352952916622 75.8138533770499 89.3927252828867 68.637171947173 29.111396323053 75.0144134591591 88.8978199535776 83.7255885765639 76.7468555638963 50.6404029018842 0 49.3282529033246 36.6887350154701 64.0581013141914 74.9012986096934 42.9757232361224 54.4244480121054 68.59991291276 55.5597176158429 89.7715206941559 121.924009328925 53.5327418591375 53.5653971397531 115.609347260953 59.6478427317504 55.6607073112739 60.3531148656549 61.3261404351747 58.4261307834214 80.2567611662645 77.9977076810817 70.4920853250584 63.7301889966557 130.410424135428 114.518363952637 71.8065490722656 0 92.3257827758789 106.128099617618 31.5976212406724 90.8471460340626 142.023237373813 0 154.344462522674 103.306383879501 99.4997776616552 61.7812499894255 123.457014864059 98.4570475622503 101.087287902832 115.653275621068 130.121818967462 105.716033935547 58.1173960528864 107.960842115737 145.610646400265 131.881700847908 145.399410024542 76.9457829498966 26.9365861633187 75.3523470255574 80.1903157127879 98.8499437576382 130.408571740374 73.9019184850587 88.1860928704219 92.8461725275482 73.0332900801885 127.327655392929 0 86.2301119441794 83.3513023432572 124.680801139925
88.8668538633457 60.4261731375406 34.8040077754877 116.943696178851 0 111.126113314186 80.9792779694278 99.5392199452544 86.8670691052226 106.670967029355 72.1213536236301 138.636925870615 112.717167763908 102.563804760163 102.286258878957 19.6741287751109 25.8922287284137 79.1091784167021 59.3960972682092 111.353700206918 34.2135242892678 49.3282529033246 0 54.754322125731 86.3204970940889 62.8157494253781 43.1851223605927 49.5884725961135 88.9905879788115 57.4461421671162 100.164663710006 130.892484351215 78.9669931618909 48.0668781830069 122.652375012267 64.1495903604634 45.2285545801756 54.8081236169202 60.9517905146842 72.4157551297562 80.9081344233629 86.028446184628 109.172236232979 77.0951102914254 101.253167425085 111.937170387284 116.876679385867 135.786459076418 122.896049499512 134.738055584981 82.2341303314519 105.230866434021 140.234298706055 0 168.490340518935 140.086932679131 165.350057701135 103.685717514632 161.703893797111 164.979922054032 0 129.498741127681 152.52799704474 112.262081523363 93.9792437317784 121.254721694517 168.333734606683 131.803556002264 135.439590454102 111.118513228899 64.0929838239945 101.446028807698 115.60796802037 110.756789070722 124.251555611789 97.9024785869524 121.969207094037 136.320843498883 116.790476530023 195.167553446727 188.496679332652 113.68448019141 102.752322875877 138.581254468581
72.8896048458126 77.3380532464649 93.7956605990789 26.8171175520194 90.7887422645238 66.3964297255401 46.1050943093528 75.4199097046038 24.2873775823036 52.9654256489435 132.857328274825 25.0615147080421 120.643698836338 81.3142493555087 38.1799015931257 31.8267914926893 119.766416666549 138.24315065841 137.089656493712 20.9775453332028 36.4106073495458 36.6887350154701 54.754322125731 0 109.242602274696 121.023131355128 75.3875455265738 21.0596145649714 78.1001070223011 61.3262132095989 134.556205708616 119.480588362162 64.7210018422808 70.757900458714 125.978481558494 72.9061650359414 76.8553488309466 80.2066498400757 80.6490075090223 42.2614487245937 91.341088942489 119.853109583104 97.8381846741842 117.570891626927 153.459566971175 146.389664401688 75.9060400194153 131.250624787791 0 111.392404999056 126.635941571094 154.672105117099 103.556672395958 109.996604919434 110.394713532905 99.6612934731716 120.393711678711 56.9664857885524 109.669292223661 166.695258881437 76.5050284907079 174.056427001953 121.71037882905 94.7526231952889 98.5987789217331 148.461045208636 197.945922851562 159.02583831071 95.833808886938 107.280686913517 70.4465710340059 116.602044384435 84.9772008581172 174.053196467023 161.497314180471 133.79492986422 98.2095189735072 115.710545599326 106.348325193192 0 156.329437255859 112.641050181612 107.173468392685 146.38206598565
122.186938251386 23.7688456806675 74.5255404585615 141.622589111328 0 144.825820922852 134.890942200995 150.859348580046 96.5111108323613 159.34635925293 25.3282461071535 124.767344277478 16.0379454667276 114.356517493361 129.552752152139 99.9966326454539 54.3624156484602 39.6483852819304 40.5393904000615 0 115.450832620205 64.0581013141914 86.3204970940889 109.242602274696 0 35.8255202547872 30.9144526794234 128.079409293344 131.149743909505 120.901857167201 39.8883212425972 0 125.147990232722 51.5441683374677 144.239405738594 80.9585511508605 22.0636075085267 43.0011023340663 58.8061573053051 116.443974212257 69.4707489013672 14.2081444863983 124.224519268091 31.721833874103 74.3018177629208 78.1417364484652 0 0 26.3363972328094 177.13215637207 40.14710534957 76.7894591021046 179.36262512207 0 0 169.699715112834 153.443130493164 149.223378629987 0 54.0496589846738 0 45.2907122519138 0 0 97.4089279676608 97.2544969722236 59.2741654568741 67.8692343951732 190.869484749349 138.436837406225 67.8844328558283 104.80819675836 161.330943271567 24.0893316088944 58.8841897740994 64.8278918519634 156.021024543152 149.469438302222 130.144170060803 61.9422370825631 0 0 65.8681300908195 97.6633834838867
116.448706209398 41.8041197663328 27.5278436799091 162.570083815464 135.579484247771 119.13194138861 113.587233805394 124.432344189302 111.223190799611 136.0587957317 22.8905534688389 127.188148831923 17.8021405735634 124.504068074566 134.255213507279 107.958586586335 36.1418271495979 25.6810479481661 22.1397500126601 141.663024902344 87.1697111978061 74.9012986096934 62.8157494253781 121.023131355128 35.8255202547872 0 30.6979975170188 110.847067744908 113.679229027844 99.4558821999944 17.0871735926952 127.469283074341 107.528161392069 52.7467770380554 127.183048226235 75.2624104230172 50.3583971262358 54.5255581290134 63.473063826071 91.3674452134983 100.239113030513 61.6863908740013 112.748094504223 79.4706036871876 92.2501378801582 106.180007048654 152.379649310334 0 88.5847879516598 175.745239826137 58.0212487983737 96.4429931618821 188.281097412109 0 0 167.35344106998 174.239032936238 154.049825871984 202.155303955078 93.581445770078 0 81.343456326651 185.870803855405 0 136.130110960851 100.647072654323 91.782018726098 92.7180980152555 0 137.493975919389 106.037314493887 125.011204319164 160.741284988857 59.4563345240006 85.8076505064928 88.4182132640166 171.896461697381 199.154189988403 152.893153627794 97.4011267450963 0 161.311019897461 104.372508365229 144.286479869764
119.539763075364 32.0653772650103 33.3720299524839 144.816291168804 154.149291957142 125.714428546155 100.976238641873 130.212323075262 95.5092408296531 131.115515688501 44.8599075219596 124.672076635363 24.6108829953647 129.89484616716 123.076028130949 25.723658589095 59.6683338383505 54.8911843508585 53.0792654809031 145.230564187534 73.6339361676655 42.9757232361224 43.1851223605927 75.3875455265738 30.9144526794234 30.6979975170188 0 73.6052856014718 115.255415232856 94.7697095139244 22.7460912640747 122.845433544976 100.233735703665 58.6656514010428 131.097291876853 73.2264284243391 52.876422125845 59.8306889195694 65.0490664885972 85.8962574025052 89.7205841969043 64.3696597336685 106.640814965218 75.1143868080123 94.9666591090081 106.399629692254 123.131703814965 134.2903756391 97.6514870516051 145.858733440994 57.237840146658 91.5786600430808 165.521408081055 0 193.692922270507 151.253956142276 169.716381302003 113.171553865141 185.183836226657 98.5977301593329 137.842548370262 87.1013979263055 172.212310778229 235.930786132812 92.758180136883 103.679164520808 95.4165267191976 97.4810095957325 188.926675614275 121.13356005165 60.9588007923203 98.5569757641977 137.180414342738 62.5754191673343 89.4025805006554 87.9565348862923 140.249178832369 155.739579316572 136.678525563863 100.924122252071 0 129.957612947711 102.084726214588 140.276464362335
72.7803263162943 92.7489850886596 77.979641851464 17.684669800089 115.484217552256 62.1934308606551 32.2788526670936 77.3727614817291 50.571651252076 32.2010618574595 137.350222349023 45.2494635028394 129.576087721397 84.9610492936045 70.98185248339 37.5416266901577 104.053396905871 141.512658080528 122.08003272619 25.8933588666163 30.2090110922336 54.4244480121054 49.5884725961135 21.0596145649714 128.079409293344 110.847067744908 73.6052856014718 0 79.3106773862259 44.1570372487335 160.638758559001 127.691358307864 64.9154300712369 65.662904972456 132.059881901111 75.2670159026139 71.6677100327592 77.6498783895602 81.0753619273291 74.7796549658332 89.6401619558898 108.787709751425 108.211588088299 116.838543989604 121.907165527344 164.125274658203 101.166806432173 142.559273341346 133.515808105469 116.891923185911 130.061779257822 142.103448713003 135.305199635892 0 128.487143006675 113.836185368978 137.525621322714 70.685028489142 133.802586017948 208.126189342554 83.944959029584 205.197911181871 132.38579195099 110.377785524911 103.119472306293 164.391088920343 189.672116274065 168.950534448813 128.167822367814 111.655966026729 75.1700073087556 123.689998279928 96.71090851583 0 166.093882022016 132.754473530946 109.704772759717 125.481480488547 113.536907993013 223.575546264648 203.497780907606 107.839398428537 114.084035147467 147.149442470927
18.4705221292403 112.603882873882 106.191970856923 99.8910764938063 31.993887081626 43.774216444107 64.9820057813165 36.7226642284357 71.5646235832479 88.6458978802337 61.2085492040017 89.2843266124141 66.4368296577374 26.4907077970874 65.5956324201502 88.9203712677238 98.8311378660661 99.4381435408925 103.635084696968 96.3970610868712 78.1697622919684 68.59991291276 88.9905879788115 78.1001070223011 131.149743909505 113.679229027844 115.255415232856 79.3106773862259 0 32.6182537632477 100.243449954577 18.0617996048394 17.3129447005234 31.3743296805455 102.48581427118 61.9531061381741 67.5773958487729 45.2270688795228 59.3485513695856 39.9713883042606 32.9669831581532 64.8934241731928 130.346658986406 158.710244802464 0 99.3390930499752 152.619446933255 177.315902709961 0 136.805428126248 133.679358743813 166.600993053893 164.458840522626 0 169.576284863933 137.942707159488 174.35274436539 93.6316567327904 171.034869822366 0 0 0 158.594475105073 0 118.442731052321 191.981304209101 0 171.707021206674 178.087837351349 128.659729629487 101.163696139889 146.662729946006 121.899554413757 0 168.24426509998 159.339321098377 129.177676959514 143.482221851974 132.86193407229 226.915161132812 221.795959472656 130.216014190069 129.580640314141 123.354013511023
28.0608056356203 94.7335915612367 78.9021115464087 102.135090005642 100.03652906578 73.2538562531224 26.9436935719676 56.0663380911581 55.2757817207396 82.5050545779941 109.764273035579 95.5916829765864 111.183070337532 55.4403564188879 87.9649872682566 69.0863056088323 75.1908828531566 115.472344955405 93.594746347396 85.6671586627812 33.8223819863778 55.5597176158429 57.4461421671162 61.3262132095989 120.901857167201 99.4558821999944 94.7697095139244 44.1570372487335 32.6182537632477 0 134.163380180355 105.714384513713 44.5033984196752 37.9394227427756 116.443986539542 59.5756085494335 60.6041771286843 56.6840907470675 64.2671240394718 70.7615836045962 72.1216990457808 100.528251816809 117.144329091018 123.421725744914 184.901320260115 116.577583312988 126.121913227849 155.899515819119 0 119.441085206323 112.228520779168 150.326700602707 158.057450634492 0 137.741496314286 117.139203965654 152.621343032743 76.6393482495603 144.297340317444 180.774516903427 111.941239674174 156.086288452148 132.491921314494 0 102.923752618127 160.409238785331 190.155925368764 157.199983329037 144.006649518124 113.752460212792 75.9253312630739 129.495702834422 103.146809004308 143.723774980862 151.614855184382 138.644322430011 110.956381249705 127.673543319473 111.54853376441 195.688705444336 172.247468948534 114.234633118083 109.666219569086 132.419540327654
119.650444286722 57.0479860958252 91.2405338473965 0 0 100.737401350062 160.828936095781 0 121.623137825661 0 24.8824893753902 141.743041992188 9.30539807321461 120.862485385513 0 0 72.2813380235051 46.2495415062526 55.3109291650433 0 130.016397111724 89.7715206941559 100.164663710006 134.556205708616 39.8883212425972 17.0871735926952 22.7460912640747 160.638758559001 100.243449954577 134.163380180355 0 110.851097106934 0 68.0448543643877 0 92.0889290476155 55.5649215251999 59.8438151521428 75.2146145339654 120.445954408836 128.885192871094 55.8403738781151 149.540878295898 64.5181210106343 93.0540221797437 0 0 0 100.115989685059 0 89.3302830281727 143.084348490265 0 0 0 0 0 174.224243164062 0 90.0926288072982 0 79.5510490141145 0 0 0 114.736040813223 93.6854963948976 101.161621233702 196.357818603516 0 147.060073852539 141.166003462754 0 60.8324740878267 94.9388728123558 98.1541605972178 0 0 0 98.6484017558236 0 0 91.952766418457 0
75.3995352387152 0 161.831024607544 120.913105152085 10.8146396899085 18.0723151492163 110.797950956756 24.3652005029362 102.879277409238 117.661570743437 60.5452006526388 95.6822929112146 56.5614604252243 31.1925822879672 41.1656345636198 0 179.561881772195 88.9265227669394 94.3287612714509 114.607769949787 117.41021651718 121.924009328925 130.892484351215 119.480588362162 0 127.469283074341 122.845433544976 127.691358307864 18.0617996048394 105.714384513713 110.851097106934 0 66.2525166743897 17.8409214236739 101.944639342494 70.6080090189007 72.8453655886666 41.8647692689024 47.412270223365 33.5147381869954 13.4576136792004 58.6562873461668 177.997596917834 166.317642211914 0 0 0 76.5737380981445 0 0 0 0 0 0 0 179.645604839736 213.440368652344 160.480579108134 194.591369628906 96.3890151977539 0 0 0 0 201.470794677734 0 0 0 0 0 0 200.638368217056 184.569103860534 0 150.319122314453 0 173.543788320766 199.661430767849 222.762847900391 0 0 210.345413208008 0 125.791793004815
