0 11.7855102419853 380.32954993844 47.9085816144943 22.8740123510361 399.314901381731 6206.83971899748 1866.75906196237 106.564649403095 380.923265248537 20.8235531747341 43.5022520124912 8.71639728546143 10306.2185034454 26.0151513814926 37.2562876939774 284.7073353827 16.0167400240898 60.6647420823574 72.2343281209469 311.834463655949 63.0535964071751 687.587981879711 199.380319803953 0 93.0396836400032 90.7181418538094 701.588180929422 11448.364433527 4644.33675533533 0 9.59424993395805 461.656108766794 538.433136582375 21.6995442509651 303.574943840504 29.5214937031269 293.814851671457 28.0789326429367 193.166500270367 28.816309928894 1.15076845884323 14.0711960792542 0 5.27090036869049 3.71861702203751 4.57250112295151 0 0 3.37351489067078 0.713064193725586 2.75253811478615 0 0 4.48475053906441 24.5684076249599 7.5461123585701 6.96866384148598 5.52607122063637 0 0 0 6.78552424907684 0 4.58918452262878 0.43126767873764 0.637126088142395 0 3.90320956707001 12.3428648114204 1.63204824924469 6.78753501176834 50.6550407111645 0 2.91448020935059 5.95455151796341 52.6619704961777 3.66911199688911 7.28129720687866 0 0 0 5.10725343227386 4.08570063114166
11.7855102419853 0 884.755110293627 4.54202166199684 5.5751231610775 12.2699984014034 20.3663937151432 28.2408317327499 403.691944569349 7.7159860432148 489.561667859554 18.8480761647224 1667.86313292384 28.6354495882988 24.0268802046776 85.3266536593437 895.387202471495 79.6102023720741 432.178015470505 0.52286559343338 48.1889737248421 2291.39321181178 202.918601214886 472.006790310144 3291.01021006703 1753.41389912367 8686.58969211578 99.3071396946907 19.0089704394341 63.6840759217739 62.8166897296906 1.32164585590363 4.57110390067101 465.954539209604 14.0419890284538 543.231277108192 355.171623498201 772.089448809624 220.126646161079 85.1568330824375 3.19003289937973 226.923973858356 23.3866717219353 4.90583127737045 36.4456757903099 6.35228037834167 3.23538678884506 0 0.919256389141083 1.1815550327301 239.758073687553 204.494030177593 0.756912887096405 0 0.36948573589325 4.01194995641708 3.03359526395798 1.94501441717148 0 11.2395248711109 0 15.1432402729988 0.621806502342224 0 7.23920795321465 31.0034308433533 7.61334973573685 25.0482009351254 0 4.43277060985565 22.3122190237045 29.5085775256157 6.85244178771973 59.9850980043411 276.906019330025 877.802435666323 7.27469670772552 0 4.46000307798386 1.97763603925705 0 0 16.0607329010963 8.82718884944916
380.32954993844 884.755110293627 0 52.0551782548428 7.89251762628555 218.337181717157 1550.49876070023 678.351927161217 48.9552797675133 216.281804293394 211.51676812768 7.83859896659851 21.0966447591782 604.223692402244 10.5883917510509 222.813237905502 5548.99667525291 181.271611005068 897.8184055686 21.6532075703144 1412.77040311694 828.595646858215 9978.18859285116 285.588295310736 32.2364799976349 11062.6130183339 12631.6847137511 1800.47613859177 231.55330914259 1110.86238059402 7.61521112918854 2.15462535619736 33.7455976903439 1234.94238442183 96.0561314821243 2671.18697232008 1039.93733376265 2563.78915861249 852.070913761854 245.95902377367 29.8710124790668 5.68709254264832 47.0179033279419 9.35540002584457 46.7332045733929 11.5010395646095 8.73609501123428 2.68001580238342 1.2061231136322 3.11053538322449 161.22315621376 902.838537931442 2.81200838088989 0 1.19320446252823 42.4827233850956 6.52452081441879 7.29462713003159 6.38863986730576 10.1774668991566 0 12.8241198062897 10.7823108434677 1.6592161655426 96.7018739581108 69.5718159377575 9.19126459956169 21.5754430890083 0.861449956893921 56.8219804465771 131.561821043491 335.586127012968 66.818057179451 19.8435084819794 257.717422962189 1923.21199184656 43.3436559736729 8.03643181920052 35.3073119521141 0 0 0 29.898349493742 40.7468658983707
47.9085816144943 4.54202166199684 52.0551782548428 0 31.3862993121147 467.377962440252 782.641963690519 255.357026517391 709.659837573767 21151.7550195754 1.47071442008018 1786.71967852116 5.31680276989937 177.181219279766 137.960421085358 18.7105017006397 9.93993613123894 0 2.96694868803024 30420.4487315714 30.4332339465618 96.0081136524677 48.8860867321491 4707.16789832711 5.0173636674881 7.91166481375694 46.7840916216373 15861.1320776641 233.543901205063 68.5691673159599 0 6.52434772253036 20.0403899252415 123.588254958391 51.9416633546352 250.595069468021 5.19971689581871 148.135268211365 10.4788045585155 377.920200377703 23.4466364681721 2.06399351358414 22.5631477534771 0 2.18294858932495 2.91299149394035 55.4729782640934 1.11206197738647 0 0.986917644739151 0 5.3930384516716 265.866686731577 0 44.0916231870651 39.3581159412861 31.9814186096191 104.104914695024 130.344239592552 0 629.56293079257 0.471970170736313 16.7383878529072 20.2249506413937 6.41037917137146 0 0 0 282.344791591167 2.71045139431953 7.91672137379646 2.2633690237999 288.994663327932 1.74894541501999 2.25338137149811 1.95781865715981 183.409633427858 10.6012872159481 7.68481513857841 0 1.11567652225494 1.40103602409363 6.53050357103348 2.4515632390976
22.8740123510361 5.5751231610775 7.89251762628555 31.3862993121147 0 3812.82274505496 40.6729475557804 1346.97062963247 129.880633145571 82.5798143148422 23.4773598909378 167.485578268766 8.23405259847641 568.350889414549 3756.72496634722 0 7.65174302458763 2.05914628505707 2.4244567155838 32.3477025032043 3.38304206728935 35.6496646106243 7.79071334004402 146.374419718981 3.06020271778107 12.3397375047207 10.4612589478493 35.4296357631683 644.058301538229 20.3891032338142 1.07184562087059 1188.91998678446 5.27261245250702 1537.03399676085 0 59.0179609060287 3.24475646018982 91.1572813689709 2.35758075118065 6758.51467248797 2137.6837387085 2.20237535238266 1.65570420026779 0 0 0.501253426074982 0 0 0 1.10437369346619 1.14101612567902 0 3.21880489587784 0 0 2.56338503956795 0.554996728897095 5.98289120197296 2.46768653392792 0 2.07379129528999 0 1.33015704154968 0 0.569869220256805 0 0 0 1.79347950220108 3.94440013170242 0 0 9.7989330291748 0 0 1.46397548913956 5.40002244710922 0.980578631162643 0 0 0 0 0 0
399.314901381731 12.2699984014034 218.337181717157 467.377962440252 3812.82274505496 0 2871.12178242207 21769.6861257851 256.82278239727 14944.604672581 96.4526217281818 6666.0612731874 41.0813344717026 3881.67042979598 6837.38877364993 31.3688116073608 79.6967209279537 11.5132615864277 32.3217779397964 1087.53977617621 122.141625672579 68.3743365705013 287.929531037807 483.632574170828 2.57411342859268 72.2676264941692 86.351449161768 1071.22433042526 1261.33684027195 280.053870797157 1.61198925971985 2113.99592155218 41.2431356608868 1534.23082602024 341.449227929115 436.317719638348 34.8785104751587 437.485560238361 38.55078125 6450.2603636384 1155.09592449665 20.6177861094475 13.6496727466583 0 2.64118438959122 1.39496964216232 13.3218473792076 0.832063376903534 0 1.84990447759628 1.07001125812531 3.64185354113579 29.9871907234192 0 20.6651272177696 30.2531364262104 16.6182524263859 25.2506242096424 44.4470365047455 0 14.1674957275391 0 10.5604463219643 3.74707502126694 5.59967884421349 0 0 0.422337591648102 23.1510715186596 6.65381434559822 0 7.11204496026039 140.597926050425 0 2.52732989192009 8.87863001227379 99.5263317227364 8.18661281466484 8.75126191973686 0 1.17779335379601 0.883110135793686 1.99920830130577 7.59744185209274
6206.83971899748 20.3663937151432 1550.49876070023 782.641963690519 40.6729475557804 2871.12178242207 0 5556.60646080971 1229.04226821661 15763.5128392577 20.9517769515514 281.015078902245 14.714445412159 8881.62492716312 128.476910382509 259.527194976807 424.925133138895 5.45425963401794 72.7764411270618 983.038214027882 1294.34557014704 428.095968008041 2361.51112091541 3512.97375193238 7.460519105196 197.873984575272 473.254319369793 18855.6986507475 2052.30604812503 12422.7237775326 2.66593645513058 13.7381272315979 296.26319232583 771.11194229126 63.8033576309681 1019.61287242174 62.2024662196636 665.312461584806 96.4713276028633 522.961395204067 64.6928695440292 3.01464620232582 67.1777739226818 0 24.8967004716396 19.2201293110847 59.8241045773029 3.87557083368301 0 19.8594028651714 3.07126653194427 16.8142582774162 52.2394858896732 0 48.0492721498013 198.954161792994 82.9888766109943 115.587297767401 118.121672123671 2.5616514980793 23.3312627375126 0 47.0052790045738 5.75445640087128 31.663969963789 2.62325686216354 0 2.13447150588036 58.6323013007641 39.9594647884369 24.550960123539 54.6200311183929 629.77063447237 1.48255097866058 3.79040813446045 35.7548125684261 485.057281076908 48.6369997859001 65.5432429611683 0 1.85312718153 4.75614953041077 28.4375858902931 14.647553473711
1866.75906196237 28.2408317327499 678.351927161217 255.357026517391 1346.97062963247 21769.6861257851 5556.60646080971 0 179.363276124001 3730.99667218328 247.213094979525 856.612490266562 66.5616171360016 23102.3569343388 1003.79747122526 41.2144632935524 482.227121472359 35.3929471075535 121.633915781975 456.976271659136 435.711738854647 97.2741680890322 1089.47185131907 414.720507651567 8.8906871676445 267.225649923086 230.959246873856 1267.15698778629 2616.57533633709 1548.63377788663 4.62740251421928 841.386351019144 67.4850685894489 2069.6013686955 54.4767816960812 739.643989503384 62.6109263598919 823.385576754808 71.548442453146 3055.70828291774 713.481808871031 47.147188693285 11.1282054483891 0 4.87461617588997 1.63922822475433 6.08915519714355 1.24008610844612 0 1.85876727104187 2.33997225761414 12.5634959042072 21.8628904521465 0 9.51082172989845 47.4865695238113 15.6848657280207 20.0541705489159 29.8285012841225 0.580433130264282 6.61001133918762 0 10.4417394995689 1.88149517774582 5.76350846886635 0.550768733024597 0 0 11.4941557645798 8.99541819095612 6.05116909742355 8.24698042869568 147.655682235956 1.35028457641602 6.36410522460938 26.9892880320549 88.8087680339813 15.81874319911 18.4479509890079 0 0 2.14772328734398 4.86571884155273 7.96986722946167
106.564649403095 403.691944569349 48.9552797675133 709.659837573767 129.880633145571 256.82278239727 1229.04226821661 179.363276124001 0 639.060513854027 74.8340999782085 591.87374189496 328.160289108753 175.361737906933 619.963069528341 40.4476199746132 36.7578273117542 15.4767037332058 27.4752311706543 525.427824169397 72.5071233212948 4429.67208281159 71.4221192896366 11111.6174513698 275.618465155363 146.182656079531 425.626881420612 2560.81599241495 311.00815948844 820.769034475088 8.3235426992178 7.19625350832939 99.0218503475189 126.117918670177 24.446552157402 355.874016463757 45.9242081046104 141.051598787308 24.3629315495491 819.534987896681 32.2357245981693 27.9615100324154 51.8791048526764 0 12.721593350172 4.13616842031479 54.2552782297134 2.24337750673294 0 8.88941156864166 19.83316385746 8.18767702579498 79.5557253360748 3.16211965680122 28.8013420403004 86.6345459520817 46.4362764060497 399.965218216181 64.6733763813972 3.87614446878433 36.8711912631989 5.61832702159882 20.295458227396 12.6155297160149 3.97140377759933 0.563899338245392 2.28120040893555 3.56321334838867 50.6307710409164 19.6209012567997 101.671741127968 9.76555654406548 449.978784441948 5.16904842853546 5.14700675010681 29.3848285079002 217.549954771996 32.8794395625591 31.0210841596127 0 1.68242388963699 1.46104717254639 6.85529452562332 16.1879950761795
380.923265248537 7.7159860432148 216.281804293394 21151.7550195754 82.5798143148422 14944.604672581 15763.5128392577 3730.99667218328 639.060513854027 0 23.8399411737919 22373.4685193002 8.78070574998856 3506.00615978241 349.814097374678 73.4814829826355 36.1278956234455 1.982801258564 12.7202311754227 26559.4617922008 126.239941835403 121.662228018045 244.729851067066 1756.23119220138 5.06949117779732 41.9626177847385 115.783321291208 13834.9393967688 979.034960836172 258.773137718439 0 22.6903041601181 85.6364884376526 588.997107416391 700.070168703794 857.900595873594 23.4525112509727 476.461861163378 37.753269970417 1042.2545645833 88.4691223800182 1.32719647884369 25.2441581785679 0 16.4470356702805 2.06029370427132 56.5079577565193 5.96005630493164 0 6.26162138581276 4.78839716315269 5.9357878267765 88.0425632894039 0 57.8320864737034 69.5765292048454 45.2706385552883 101.356445789337 331.532889395952 0.555473566055298 502.658025771379 0 15.4891257882118 7.99970972537994 8.01016306877136 1.32508313655853 0 0 146.179760813713 7.91363641619682 9.88018262386322 16.7790291905403 360.747129172087 0 1.3914909362793 9.72348710894585 252.480237871408 15.7321561574936 10.4110168516636 0 0 0.993310481309891 10.1182733178139 14.3438257277012
20.8235531747341 489.561667859554 211.51676812768 1.47071442008018 23.4773598909378 96.4526217281818 20.9517769515514 247.213094979525 74.8340999782085 23.8399411737919 0 15.9070433974266 13052.8167490363 132.530070230365 3.70299112796783 7.08753934502602 520.586075842381 9312.8790705502 4933.05866828561 7.64592480659485 25.6685396432877 236.765282034874 70.7574987560511 80.3651605248451 3792.37446931005 7357.54113391042 3904.9637259841 26.2563244700432 118.49653711915 42.1224816143513 1532.89688375592 27.9392810463905 4.68213039636612 6437.24583494663 16.1825003921986 825.061004817486 4537.69550672174 7069.28249508142 1112.76633322239 102.275057584047 17.2679834961891 3304.86880335212 8.71759730577469 20.0958820879459 10.4084065556526 3.40401756763458 0 0 7.14477476477623 1.4651221036911 54.1206016540527 22.1084776520729 0 0 0 3.55447319149971 0 0.403756380081177 0 112.381003111601 0 148.141999095678 0 0 1.31035578250885 9.30378895998001 59.5183551907539 26.618390828371 0 0.916242241859436 4.65195071697235 6.22217571735382 2.13915175199509 104.929159671068 405.528312504292 371.754206597805 3.66651782393456 0 0.498450875282288 23.4715330600739 0 0 3.1012396812439 9.210693359375
43.5022520124912 18.8480761647224 7.83859896659851 1786.71967852116 167.485578268766 6666.0612731874 281.015078902245 856.612490266562 591.87374189496 22373.4685193002 15.9070433974266 0 6.79871580004692 490.6349363029 4228.43714609742 3.52343910932541 6.15233993530273 3.34834897518158 3.98432859778404 22221.3944308758 6.23697009682655 79.7251738011837 13.9131123423576 732.164349943399 7.7730827331543 10.3195284307003 18.3021243810654 487.964484930038 272.288727462292 24.3542489409447 0 19.7635246515274 5.21882846951485 210.229010224342 2587.77604717016 352.622745364904 2.34376090764999 200.586536645889 13.2424554824829 5120.71728345752 63.7768492102623 2.40784627199173 15.7688687443733 0 1.84037661552429 0 27.9043391942978 0 0 0.41262748837471 0 0.577234327793121 44.8692287802696 0.841773808002472 27.9166795760393 4.63595914840698 19.0702435076237 39.2527079582214 60.3651032149792 0 626.158014833927 0 3.58099567890167 12.8215872645378 2.7190015912056 0 0 0 132.769908159971 2.70642721652985 1.80700761079788 0.477412521839142 69.2219195663929 0.473597258329391 0 2.88957720994949 45.491095662117 3.75640347599983 2.60317361354828 0 1.50858461856842 0 0.798368960618973 2.6985776424408
8.71639728546143 1667.86313292384 21.0966447591782 5.31680276989937 8.23405259847641 41.0813344717026 14.714445412159 66.5616171360016 328.160289108753 8.78070574998856 13052.8167490363 6.79871580004692 0 43.5257467925549 10.5957958102226 31.6792064011097 25.6349329948425 551.015223652124 140.229815810919 3.66500544548035 12.0960078537464 959.120219439268 26.029133528471 290.82516759634 9797.440744102 2728.34859913588 6449.25026616454 41.3010860681534 31.3979025185108 23.5458330214024 5091.67313861847 11.1138362288475 2.76645451784134 1368.32906019688 30.9623357951641 996.886046677828 3620.85309484601 2536.60906040668 847.116604626179 110.145727604628 360.096427589655 6496.91337066889 9.83780813217163 26.3509114384651 35.1656231284142 4.74726104736328 0.928202331066132 0 8.67835867404938 0 68.6231372356415 9.50396549701691 0 0 0 0.413016438484192 0 2.58661165833473 1.90163558721542 108.793691128492 0 155.809015214443 0 0 0 3.14432716369629 67.1657857298851 36.4248675107956 0 0 2.68703588843346 1.86926954984665 4.86737900972366 133.694916665554 449.698074400425 389.491932719946 0.949776589870453 0 0 29.7582404017448 0 0 4.88517266511917 20.0650492012501
10306.2185034454 28.6354495882988 604.223692402244 177.181219279766 568.350889414549 3881.67042979598 8881.62492716312 23102.3569343388 175.361737906933 3506.00615978241 132.530070230365 490.6349363029 43.5257467925549 0 247.720241785049 44.9582466781139 501.290885835886 29.073405623436 128.811747074127 410.094534665346 482.845066487789 102.131438732147 980.498574197292 350.245842516422 11.1915991008282 213.703783333302 212.701176270843 1213.32231912017 12035.7675729096 2606.25949266553 2.78702169656754 725.100762069225 205.004245638847 1977.1843868494 38.8505107164383 765.360133528709 62.831630051136 779.441639155149 60.4049979746342 1383.42464607954 310.007574290037 26.4507778286934 6.47209888696671 0 3.92021903395653 5.27700099349022 10.9356297850609 3.07620847225189 0 3.1860623061657 1.76414352655411 8.80970597267151 6.01392751932144 0 7.51292064785957 23.6578584611416 14.760734796524 13.2692814767361 14.076484054327 0 5.70828545093536 0 4.86116200685501 2.66055798530579 8.47303715348244 0 0 0.348522186279297 2.79528057575226 5.21460402011871 2.96259260177612 3.86752477288246 81.0999613106251 0 6.26116806268692 12.65582883358 65.4023959934711 8.71378557384014 18.580734282732 0 0 0.939179509878159 6.42742800712585 5.70753172039986
26.0151513814926 24.0268802046776 10.5883917510509 137.960421085358 3756.72496634722 6837.38877364993 128.476910382509 1003.79747122526 619.963069528341 349.814097374678 3.70299112796783 4228.43714609742 10.5957958102226 247.720241785049 0 1.42020332813263 5.16497811675072 0 2.69059970974922 262.005935519934 6.03545653820038 141.818236410618 6.80607432126999 659.080605179071 13.0125270783901 13.3221109807491 28.3540954887867 134.00046274066 82.9260292053223 23.970656812191 1.14727520942688 90.0634487867355 0.313134402036667 141.366465002298 26.2442137897015 106.437324404716 1.94318473339081 20.981946259737 2.43279755115509 11286.6056561172 220.312477648258 0.314358443021774 8.66691833734512 0 2.17145305871964 0 9.70593708753586 0 0 0 0 0 13.2158088684082 0 3.8090472817421 2.80484560132027 6.91222873330116 16.2412698864937 20.4653192162514 0 6.07073080539703 0 3.63547298312187 2.1125813126564 1.90052235126495 0 0 0 6.42783749103546 3.16478610038757 1.16983699798584 1.88621607422829 34.4400199055672 0 0 0 20.0142365098 0.420247584581375 4.6217497587204 0 0 0.855049729347229 0.510373175144196 16.9159371852875
37.2562876939774 85.3266536593437 222.813237905502 18.7105017006397 0 31.3688116073608 259.527194976807 41.2144632935524 40.4476199746132 73.4814829826355 7.08753934502602 3.52343910932541 31.6792064011097 44.9582466781139 1.42020332813263 0 116.382699608803 5.6995090842247 25.2044259011745 7.73504635691643 7739.45182240009 3252.57678213716 10762.2923990786 2558.14310640097 19.3916777670383 122.134419977665 6895.76260283589 2858.46855217218 147.288593322039 654.743574380875 3.22177767753601 1.13534557819366 37.3329768180847 575.746503353119 69.1372048258781 1650.73514273763 101.605003118515 829.388911306858 290.982162177563 186.998973250389 13.3051852881908 0.384710699319839 36.1117326021194 0.475812345743179 21.4327673316002 5.26325273513794 12.2775031626225 2.99500864744186 0 5.09017038345337 3.1161692738533 54.8716636300087 2.0807671546936 0 1.72135344147682 44.3364332318306 8.72992980480194 26.5021695196629 13.0547070503235 0.487632393836975 4.01387572288513 2.85332518815994 19.1045101881027 0 395.658110678196 6.99866339564323 0 1.39664721488953 1.46356618404388 187.755351930857 267.981374561787 304.916292071342 197.470160543919 2.4437048137188 16.3276265561581 131.81670537591 142.334638088942 32.8930550515652 102.009876638651 0 0 4.27914559841156 13.4482232034206 21.4411492347717
284.7073353827 895.387202471495 5548.99667525291 9.93993613123894 7.65174302458763 79.6967209279537 424.925133138895 482.227121472359 36.7578273117542 36.1278956234455 520.586075842381 6.15233993530273 25.6349329948425 501.290885835886 5.16497811675072 116.382699608803 0 533.181910008192 9145.19185426831 8.0700119137764 1624.25260362029 379.161903560162 8799.10226580501 98.716149777174 42.0591779649258 6117.17192211747 4093.18190827966 467.476575911045 504.228706598282 2196.76419588923 13.3077639043331 1.77370297908783 71.8942887187004 1656.04184496403 42.4775842726231 1995.26159340143 1374.46717095375 2147.81422492862 614.959914326668 153.454590857029 23.4740627706051 4.11676996946335 5.03042840957642 0 11.9347515702248 8.6295038163662 3.72273683547974 0.543270170688629 0 0 78.3784680962563 223.716981291771 0 0 0 4.8921580016613 3.24948135018349 2.52139109373093 0.532648801803589 3.00453299283981 0 5.76172572374344 3.04405456781387 0 19.0042229890823 26.0960117578506 6.31384456157684 12.7215432524681 0 7.11750847101212 23.6552689671516 52.1839722394943 19.3199986517429 11.3459044694901 120.598603785038 553.317363590002 21.2957881987095 2.13279616832733 5.92425799369812 1.04060685634613 0 0 9.48917102813721 33.4992921054363
16.0167400240898 79.6102023720741 181.271611005068 0 2.05914628505707 11.5132615864277 5.45425963401794 35.3929471075535 15.4767037332058 1.982801258564 9312.8790705502 3.34834897518158 551.015223652124 29.073405623436 0 5.6995090842247 533.181910008192 0 6086.28501224518 0 13.4511774778366 52.8341515958309 75.5525857210159 17.2337381541729 781.686605930328 8083.67903628945 1667.57670071721 13.1261022090912 18.7082551121712 33.3211934864521 220.725492149591 1.00848197937012 1.78065422177315 425.356077373028 3.71379670500755 276.296810686588 452.092786550522 841.026162713766 202.91978096962 11.0410630404949 4.99742978811264 29.4490022063255 7.37461149692535 1.22101843357086 9.81594997644424 3.39164489507675 0 0 0.573349714279175 0 34.448203086853 6.7844135761261 0 0 0 1.20162963867188 0 0 0.524356842041016 19.5247977972031 0 32.0883785486221 0.69594019651413 0 0 2.93371045589447 33.8565049469471 9.85619562864304 0 1.53585636615753 2.68560361862183 0.742453038692474 0 32.7668520212173 206.762155950069 205.712322384119 1.06430912017822 0 1.6537518799305 11.0683316588402 0 0 2.26096332073212 4.92184787988663
60.6647420823574 432.178015470505 897.8184055686 2.96694868803024 2.4244567155838 32.3217779397964 72.7764411270618 121.633915781975 27.4752311706543 12.7202311754227 4933.05866828561 3.98432859778404 140.229815810919 128.811747074127 2.69059970974922 25.2044259011745 9145.19185426831 6086.28501224518 0 2.52314436435699 151.498357474804 129.589787870646 541.447836488485 45.0874524116516 341.284315556288 8996.07913827896 3321.03563386202 85.1126326620579 125.449395388365 290.835853636265 55.6014026999474 1.6627770960331 9.96038863062859 1253.75004971027 22.1465002894402 791.962922096252 736.363797336817 1797.64264163375 383.677275717258 50.5832819640636 7.7400561273098 15.3563474416733 7.92705202102661 7.47640484571457 10.861522257328 0.39586740732193 1.04966360330582 0 1.45004224777222 1.24750912189484 94.5463163256645 54.2619293034077 0.93992155790329 0 0 0 1.10317608714104 0 0 7.63719433546066 0 24.6118258237839 0.401389807462692 0 5.3837149143219 16.1123108863831 8.68568435311317 18.2781708240509 0 4.18829470872879 2.88145473599434 14.1155360639095 6.48509088158607 31.9275435209274 277.175241976976 393.772739887238 3.56126552820206 1.31256687641144 0.531016409397125 1.19175791740417 0 0 9.41706663370132 12.9825813472271
72.2343281209469 0.52286559343338 21.6532075703144 30420.4487315714 32.3477025032043 1087.53977617621 983.038214027882 456.976271659136 525.427824169397 26559.4617922008 7.64592480659485 22221.3944308758 3.66500544548035 410.094534665346 262.005935519934 7.73504635691643 8.0700119137764 0 2.52314436435699 0 26.5126311779022 30.3143343031406 49.8204461634159 2629.335544765 2.09370130300522 6.81973031163216 22.1459393799305 2475.49044945836 379.389421314001 48.8161948025227 0 11.3434002697468 19.0643500089645 229.137250423431 205.562124609947 382.091675668955 5.21310514211655 189.29409301281 12.209001660347 631.994938284159 40.1839704811573 2.28454166650772 28.192051589489 0 5.61325037479401 2.32674413919449 47.7111887037754 0 0 1.98391312360764 1.45965886116028 1.2153836786747 77.4636923670769 1.48114961385727 50.4766212999821 45.970672249794 27.0864781439304 106.429215788841 90.8710996508598 1.19253253936768 209.348933339119 0.555391132831573 9.04836419224739 18.5715400278568 0.841497361660004 0 0 0 44.3732056617737 1.30337196588516 5.66778087615967 2.40966194868088 267.572635143995 0 0.610403418540955 2.68401855230331 158.491016089916 8.60214391350746 4.90937072038651 0 0 1.10217928886414 4.3672947883606 5.57206392288208
311.834463655949 48.1889737248421 1412.77040311694 30.4332339465618 3.38304206728935 122.141625672579 1294.34557014704 435.711738854647 72.5071233212948 126.239941835403 25.6685396432877 6.23697009682655 12.0960078537464 482.845066487789 6.03545653820038 7739.45182240009 1624.25260362029 13.4511774778366 151.498357474804 26.5126311779022 0 1475.34892967343 25962.5396333337 879.984400689602 14.5027507841587 172.586102485657 1351.42874601483 8655.13408002257 680.355298012495 15007.6665035784 1.58139404654503 5.60826572775841 163.386524051428 3180.30221378803 227.771721214056 4971.44110924006 381.018005788326 2430.15272423625 725.452310949564 597.730404496193 53.3458817601204 3.34687981009483 53.1047159433365 0.505920350551605 24.4059947133064 15.1921101212502 32.2780015766621 1.09179878234863 0 27.0191891789436 4.48792177438736 39.6561419665813 5.49698236584663 0.890591681003571 6.25579896569252 74.8963376283646 30.2151911258698 55.1706472933292 20.1877642273903 1.0258854329586 4.79896903038025 0 32.6748965978622 2.87159836292267 263.557222008705 8.61520603299141 0.494867146015167 0.763087809085846 1.09662222862244 305.017388284206 108.634477853775 148.478487670422 328.225375801325 1.4855819940567 16.9947546422482 73.3572825491428 298.858757019043 93.1181228011847 212.143475443125 0 0.616037786006927 5.37107160687447 27.7432982027531 63.6264268159866
63.0535964071751 2291.39321181178 828.595646858215 96.0081136524677 35.6496646106243 68.3743365705013 428.095968008041 97.2741680890322 4429.67208281159 121.662228018045 236.765282034874 79.7251738011837 959.120219439268 102.131438732147 141.818236410618 3252.57678213716 379.161903560162 52.8341515958309 129.589787870646 30.3143343031406 1475.34892967343 0 2337.65872326493 7722.78440436721 1059.00247761607 642.214557290077 6197.54069632292 2022.64874875546 213.781464934349 1069.9130037725 27.817406475544 3.80980172753334 58.5788017809391 448.592264145613 38.8848650455475 939.795577436686 259.610369175673 841.413307368755 253.067552268505 382.631135076284 13.8102797567844 73.964347332716 20.8858305215836 2.93070715665817 18.4845886826515 10.0588335096836 11.559191852808 0.579464137554169 1.47246026992798 11.697566986084 48.8730868697166 179.658985078335 10.232576996088 0 3.59305444359779 57.440485060215 16.104298055172 35.3001554310322 15.454232364893 1.07681751251221 2.74908101558685 4.94648516178131 16.1493044197559 4.56979218125343 228.693207323551 7.20854032039642 2.60002863407135 5.76431733369827 6.09925597906113 88.8513675630093 176.93371924758 229.270166635513 180.246175467968 7.66541883349419 59.6529467403889 425.425953686237 119.661369889975 32.8250598609447 77.4585956335068 0 0.375085771083832 0.469180881977081 19.1112697124481 23.8684168159962
687.587981879711 202.918601214886 9978.18859285116 48.8860867321491 7.79071334004402 287.929531037807 2361.51112091541 1089.47185131907 71.4221192896366 244.729851067066 70.7574987560511 13.9131123423576 26.029133528471 980.498574197292 6.80607432126999 10762.2923990786 8799.10226580501 75.5525857210159 541.447836488485 49.8204461634159 25962.5396333337 2337.65872326493 0 789.82609975338 10.0361899733543 1215.87295487523 8484.27477765083 6016.66516774893 699.401762574911 6999.60961830616 3.95511063933372 1.74305304884911 123.226222097874 3343.62632325292 308.771086573601 6276.48695930839 1805.87962114811 4964.37877714634 1872.6747545898 911.258199185133 68.3670622110367 3.97941595315933 42.7019128799438 3.24172279238701 31.7214823663235 17.6691721975803 18.93205550313 1.65227651596069 0 7.49223414063454 13.4234222769737 219.485488027334 4.28370422124863 0.465290039777756 5.09042656421661 58.2481848299503 16.0233747661114 32.0429919362068 12.6507403850555 5.93361055850983 0.872390031814575 0 13.7606202363968 0 836.590448528528 24.2552893161774 0.878582566976547 6.48069131374359 1.33213686943054 178.194713950157 387.933136105537 865.179461658001 218.444915235043 0 38.4596296846867 616.475396215916 165.45101338625 25.7314226329327 64.3750474750996 0 0 4.33377641439438 34.8259018361568 104.070373505354
199.380319803953 472.006790310144 285.588295310736 4707.16789832711 146.374419718981 483.632574170828 3512.97375193238 414.720507651567 11111.6174513698 1756.23119220138 80.3651605248451 732.164349943399 290.82516759634 350.245842516422 659.080605179071 2558.14310640097 98.716149777174 17.2337381541729 45.0874524116516 2629.335544765 879.984400689602 7722.78440436721 789.82609975338 0 261.712494164705 287.131095305085 2156.1140204221 24330.1781523824 735.758596777916 1496.44520351291 14.5280405879021 8.13141489028931 204.566928505898 564.726242542267 78.5955471694469 1356.52869442105 89.4535619318485 585.963873535395 115.1217212677 1408.83982953429 61.1671067774296 21.9934330284595 184.985052764416 1.52410054206848 85.0134426057339 48.660411298275 170.343187272549 20.4968888163567 0 46.6149781048298 11.2965603172779 53.8423623740673 444.542707562447 7.03665804862976 151.264876753092 523.169030070305 205.339156627655 425.693091183901 403.651625066996 2.63319557905197 119.416989803314 4.38979920744896 115.739483058453 38.9002088606358 79.558596432209 4.06936132907867 1.77145230770111 2.84662705659866 178.318468302488 118.916593790054 73.7701074779034 104.595590591431 1890.45785790682 3.82386335730553 11.0635684728622 95.4915544390678 1472.43040543795 157.472109466791 172.976650595665 0 3.71760058403015 8.8485050201416 57.8768084049225 21.5064616501331
0 3291.01021006703 32.2364799976349 5.0173636674881 3.06020271778107 2.57411342859268 7.460519105196 8.8906871676445 275.618465155363 5.06949117779732 3792.37446931005 7.7730827331543 9797.440744102 11.1915991008282 13.0125270783901 19.3916777670383 42.0591779649258 781.686605930328 341.284315556288 2.09370130300522 14.5027507841587 1059.00247761607 10.0361899733543 261.712494164705 0 1929.15725523233 6795.97293236852 34.3071615993977 8.23098474740982 11.9931982159615 266.415372848511 0 0.444742292165756 281.936468780041 2.15036085247993 119.557103484869 1252.82913628221 751.111843168736 131.965937227011 33.3241581618786 0.490110784769058 1847.63871982694 24.4570151567459 25.2931998968124 52.9973036050797 8.22761905193329 0 0 3.8465313911438 0 157.184828042984 20.0723450183868 0 0 0 2.12339353561401 0 4.25008472800255 0.665249884128571 72.121227234602 0 167.228540718555 0 0 4.77574503421783 8.80738669633865 80.2151678800583 52.6237084269524 0 0.556469261646271 6.17880737781525 2.60245281457901 2.32011234760284 232.378308653831 714.387578815222 685.4159488976 0 0 1.77881163358688 19.3710416555405 0 0 13.2106539011002 2.18108993768692
93.0396836400032 1753.41389912367 11062.6130183339 7.91166481375694 12.3397375047207 72.2676264941692 197.873984575272 267.225649923086 146.182656079531 41.9626177847385 7357.54113391042 10.3195284307003 2728.34859913588 213.703783333302 13.3221109807491 122.134419977665 6117.17192211747 8083.67903628945 8996.07913827896 6.81973031163216 172.586102485657 642.214557290077 1215.87295487523 287.131095305085 1929.15725523233 0 33941.2741678655 252.226433873177 153.558448165655 287.685003519058 4180.59400698543 15.9928365647793 16.0449713170528 1888.09296157956 42.4804518222809 2146.06981515884 2008.38651943207 3524.09129494429 854.135835617781 87.790981978178 29.3119634687901 56.6663643121719 108.023337900639 36.883885383606 125.310118198395 23.1626617312431 5.33660197257996 2.74018883705139 4.40497034788132 1.08077967166901 810.43767374754 286.654131472111 0 0 0.310447305440903 9.1395203769207 4.18412983417511 5.15966233611107 0 150.98603272438 0 235.247391343117 3.79887664318085 0 13.7013366222382 107.64208894968 171.985864341259 218.667174756527 1.98155319690704 7.7742215692997 25.0002719461918 54.7981911301613 21.7034135758877 390.811578124762 2835.81716927886 3434.65115720034 14.7220622003078 2.89364838600159 10.3910401463509 32.9209263920784 0.702971458435059 0 69.6010175049305 33.7493753135204
90.7181418538094 8686.58969211578 12631.6847137511 46.7840916216373 10.4612589478493 86.351449161768 473.254319369793 230.959246873856 425.626881420612 115.783321291208 3904.9637259841 18.3021243810654 6449.25026616454 212.701176270843 28.3540954887867 6895.76260283589 4093.18190827966 1667.57670071721 3321.03563386202 22.1459393799305 1351.42874601483 6197.54069632292 8484.27477765083 2156.1140204221 6795.97293236852 33941.2741678655 0 1585.86163115501 175.985037818551 454.025452286005 3738.64933905005 7.81113436818123 43.1722702383995 3293.89543217421 154.780027151108 5111.74062511325 2766.24361589551 6356.82423192263 1870.91672956944 500.958029568195 35.5460464656353 101.732578098774 137.874138116837 49.7780169844627 199.968218803406 63.1155399382114 11.4306421279907 1.86182165145874 5.49177819490433 4.67324715852737 1021.82716369629 1687.6398973763 4.56408384442329 0 7.18642023205757 58.5164390206337 21.4531921744347 14.6526284217834 25.1964672207832 120.645081073046 0.917946517467499 211.653111338615 18.6622627675533 2.0044156908989 478.573866784573 224.821686178446 142.403348982334 232.970165938139 4.52359116077423 110.421525806189 414.475006878376 1212.16442790627 114.423279196024 312.857166975737 2630.43426707387 6068.60609951615 136.322795033455 8.33726695179939 69.5774337947369 21.8166732490063 0 1.15330696105957 121.540993690491 90.0779455304146
701.588180929422 99.3071396946907 1800.47613859177 15861.1320776641 35.4296357631683 1071.22433042526 18855.6986507475 1267.15698778629 2560.81599241495 13834.9393967688 26.2563244700432 487.964484930038 41.3010860681534 1213.32231912017 134.00046274066 2858.46855217218 467.476575911045 13.1261022090912 85.1126326620579 2475.49044945836 8655.13408002257 2022.64874875546 6016.66516774893 24330.1781523824 34.3071615993977 252.226433873177 1585.86163115501 0 1802.67838472128 15407.1939368844 1.58695834875107 12.6635472476482 490.192774504423 1899.62803143263 204.082172840834 3417.5399902761 132.345957219601 1526.29395398498 294.80470135808 776.792896926403 115.713717609644 11.6285940110683 182.243640363216 0 88.9643726348877 34.3649725019932 146.265761941671 29.1176267266273 0 70.8168036937714 7.58599922060966 59.8208390772343 171.984088659286 3.39122468233109 113.421988427639 525.280065387487 187.351117610931 268.786930710077 267.747700214386 4.75804844498634 78.5741353034973 2.7010925412178 128.911839395761 14.4272924661636 110.540908128023 7.24748682975769 0 5.73136675357819 93.8125787973404 166.955815583467 87.5631420314312 112.87704449892 1592.19602927566 0 10.6769047379494 97.2357641458511 1296.4160374701 194.739551156759 285.113789975643 0 2.09720814228058 19.2771229445934 64.8988738059998 45.1807973086834
11448.364433527 19.0089704394341 231.55330914259 233.543901205063 644.058301538229 1261.33684027195 2052.30604812503 2616.57533633709 311.00815948844 979.034960836172 118.49653711915 272.288727462292 31.3979025185108 12035.7675729096 82.9260292053223 147.288593322039 504.228706598282 18.7082551121712 125.449395388365 379.389421314001 680.355298012495 213.781464934349 699.401762574911 735.758596777916 8.23098474740982 153.558448165655 175.985037818551 1802.67838472128 0 8013.30430555344 0 2261.83101531863 8994.56066644192 4267.31017145514 95.9292495846748 1394.35222288966 61.2170659303665 1281.97296011448 118.637448132038 875.012171804905 861.845529735088 16.5971550345421 29.7965934872627 0.94197142124176 12.1489786803722 6.93235152959824 14.3246484398842 2.73694503307343 0.912507772445679 3.10593220591545 3.4642630815506 5.48770895600319 7.08951014280319 0 5.99331149458885 59.5979452133179 18.7654353380203 15.5384520292282 16.0864172279835 0 5.61575132608414 0 14.2417772114277 0 8.35557818412781 1.39914998412132 0 0 7.03086811304092 28.54763007164 6.11906644701958 11.2052809596062 152.527165472507 0 3.398058116436 21.0568455457687 177.598550260067 22.9853482842445 35.7819176018238 0 0 0 10.2828194200993 18.5495620667934
4644.33675533533 63.6840759217739 1110.86238059402 68.5691673159599 20.3891032338142 280.053870797157 12422.7237775326 1548.63377788663 820.769034475088 258.773137718439 42.1224816143513 24.3542489409447 23.5458330214024 2606.25949266553 23.970656812191 654.743574380875 2196.76419588923 33.3211934864521 290.835853636265 48.8161948025227 15007.6665035784 1069.9130037725 6999.60961830616 1496.44520351291 11.9931982159615 287.685003519058 454.025452286005 15407.1939368844 8013.30430555344 0 0 9.3231104016304 514.45354872942 3230.64645823836 155.568540722132 3241.83146518469 189.180456936359 2109.15961977839 384.711814671755 441.34116640687 95.8473099768162 5.31872621178627 133.182333439589 2.16510945558548 57.2913266718388 35.9656912386417 61.6246413290501 6.86084872484207 0 57.1050199866295 4.27488905191422 28.72387778759 10.5385964810848 0 20.4911006391048 283.485672384501 70.9878403842449 83.6665892601013 49.916406840086 1.58768859505653 3.01805540919304 0 103.174299895763 1.55888947844505 84.5482847392559 5.79068148136139 1.20491373538971 6.22008880972862 8.02725797891617 200.978544563055 40.0948788225651 68.7752915918827 696.563841074705 0.328186810016632 10.8929869234562 55.6846562922001 749.673033446074 135.629251658916 260.754606336355 0 0 11.9371793568134 50.5160793811083 43.6390888988972
0 62.8166897296906 7.61521112918854 0 1.07184562087059 1.61198925971985 2.66593645513058 4.62740251421928 8.3235426992178 0 1532.89688375592 0 5091.67313861847 2.78702169656754 1.14727520942688 3.22177767753601 13.3077639043331 220.725492149591 55.6014026999474 0 1.58139404654503 27.817406475544 3.95511063933372 14.5280405879021 266.415372848511 4180.59400698543 3738.64933905005 1.58695834875107 0 0 0 0 0 43.6710649728775 0.809858202934265 29.6251939833164 107.650292992592 139.080489724874 17.4903629124165 2.30511796474457 0 13.1750771999359 0.683569550514221 1.01451456546783 2.32893908023834 0 0 0 1.29898679256439 0 16.2146311998367 0.531059205532074 0 0 0 0 0 0 0 12.8069060444832 0 20.2055859267712 1.53993690013885 0 0 1.41132247447968 10.293209195137 15.6967084109783 0 0 0 1.27609765529633 0.884035110473633 18.7846185266972 97.2665101289749 77.9108448624611 0 0 0.944750726222992 2.4601594209671 0 0 1.47818785905838 1.23975038528442
9.59424993395805 1.32164585590363 2.15462535619736 6.52434772253036 1188.91998678446 2113.99592155218 13.7381272315979 841.386351019144 7.19625350832939 22.6903041601181 27.9392810463905 19.7635246515274 11.1138362288475 725.100762069225 90.0634487867355 1.13534557819366 1.77370297908783 1.00848197937012 1.6627770960331 11.3434002697468 5.60826572775841 3.80980172753334 1.74305304884911 8.13141489028931 0 15.9928365647793 7.81113436818123 12.6635472476482 2261.83101531863 9.3231104016304 0 0 6.4109491109848 1536.35456985235 4.20892333984375 68.2570604681969 6.85158684849739 171.029177904129 8.43119829893112 224.676207721233 1576.71799129248 6.22593849897385 0.432440996170044 0 0 0 0 0 0 0 0 0 0 0 0.806652128696442 0.618712067604065 0 0 0 0 0.924879133701324 0 0 0 0 0 0 0 0 0 0 0 0.649502635002136 0 0 0 1.09258103370667 0 0 0 0 0 0 0
