0 0 91.1054050816096 86.1045936730137 76.9321373614578 44.3655150126692 31.2241543940143 40.1965431199969 72.8238574437663 56.2809872412632 94.9795199995911 70.3277793236319 109.264153170505 17.707069534795 58.7340631408087 101.922464032695 100.796373381684 119.90808483378 127.335335945768 81.2619811106533 75.3207468513342 89.6283815044558 88.2480414562077 79.1185007112849 0 114.240386136939 117.323808435241 75.5536353353715 19.1722848565498 37.4568845701123 0 86.3387898487852 37.1161346175912 56.2238703912127 113.913719872822 67.3119126343983 84.4308302335839 62.5453350500479 75.7541628257052 48.2000281895185 61.3934027604951 113.537990138573 112.917442877465 0 146.344741821289 0 129.303364567433 175.390160822937 0 145.026824951172 0 236.040939331055 151.546714640001 0 0 156.336566928365 173.480658603219 103.38394219255 154.135676040045 0 0 0 151.912183425905 131.047302246094 140.603905869496 0 0 0 195.575637817383 164.451456005875 123.298741552916 159.401043642965 134.247050214761 0 190.903244018555 168.609831061037 137.717789633255 164.158782955222 155.171801288132 0 0 0 155.559097290039 147.204005870746
0 0 41.1130852133214 0 136.297568911764 125.772349779028 109.886516949736 160.706367454818 71.8127414423096 159.647677868504 67.7540035867398 95.9651106177209 46.6461465721853 124.493720935398 106.980917910443 64.5637533127756 55.052408974602 73.1073034205214 57.290717234994 0 95.8634265492572 27.7047750305936 77.3613505826383 82.9553778438538 22.6034965813947 46.4429755094696 33.7954341965757 98.0654084841487 121.597606587524 105.585002402968 68.7471591611099 109.492240905762 117.269829102559 55.2415413327786 143.59937160402 81.1954330833837 55.0008192842185 60.7706026226978 70.3675798984968 94.9759700717669 0 55.4583804122862 88.5766851224864 68.0427227157084 67.6713894166341 80.4326062257617 97.9836020681324 83.2644416004103 55.1909637451172 117.327453613281 23.089156173937 59.8486147532749 0 0 0 149.855475564924 150.078948974609 73.5859142793032 193.980178833008 106.94537255076 0 82.8150104802571 166.203611514871 119.103378250945 85.408145634771 72.3922226001137 97.4573439808055 79.5885408646534 0 105.977792267946 38.0940483325139 85.3146436423957 105.322119026264 56.9650915287504 63.1101200349261 56.5149210953825 148.077741086046 115.800392150879 126.449729748579 122.684653709706 0 0 94.1198419878259 146.490476921179
91.1054050816096 41.1130852133214 0 122.460105895996 160.715270996094 113.118730704378 95.9037271640582 114.731732934536 88.0053413847773 115.554804946959 96.2576092848098 120.919567405135 98.6784912222265 106.886560754522 118.639056081609 77.8502731880229 35.0344795866944 87.9328696698229 60.0941752725456 119.172212977148 60.1332543849647 43.2329760292332 31.9564407593749 101.482979381416 76.4124900774329 25.9025583409057 33.9839891466619 72.5395075991139 105.090783467684 73.5646690718777 98.6524993940479 159.494277067159 97.5071079469487 68.0007324184022 141.237021598705 71.0689710532301 48.9152483016841 57.3836989341307 59.9043241896689 91.2871071384474 99.2907655669035 121.102856329388 124.99179054702 113.41365447065 107.805414400001 112.200010601962 133.345919328876 138.056591668207 156.298614501953 170.685352597063 70.5694536179098 90.072479223148 167.674499511719 0 160.30732207574 149.089154448263 171.650804298305 106.206000503459 178.85298670354 145.392567310403 123.931083679199 122.333641918612 154.288508330277 145.515060145794 99.0551838279553 103.479245635492 131.510826408727 126.69477764809 0 127.093223159556 66.1392045897754 100.553459180992 127.359382357306 100.422806879609 112.166093437487 86.4759274897155 142.917218485578 153.958403897209 124.407265560442 0 209.029983520508 0 133.988197281972 139.804930582203
86.1045936730137 0 122.460105895996 0 99.8857971616272 62.5702181917622 51.0486614483365 93.3556800748442 58.29473395462 19.7011451102981 0 37.4405202798222 0 99.5117897073595 70.2098984127286 103.605598047879 0 0 180.095748901367 11.3612956239483 81.6647458235615 94.9162216186523 124.777481590232 23.3810514669799 205.774261474609 188.313216013287 127.343865104411 17.536741987803 100.480662205774 97.7255657607307 0 133.814506517045 91.6552605568634 94.6229447220297 145.605007636602 90.682488372706 103.522483825684 98.1980623760101 123.921910013844 61.192499050393 99.785491015746 0 142.329716853551 0 0 163.507949829102 105.771288738045 189.243423461914 0 137.989974975586 170.751205444336 0 143.379786065596 137.924057006836 113.265300341154 134.910998167396 142.941025199567 87.6434184834536 131.932976242432 0 18.8259253508162 0 143.096328911845 125.735403835063 170.710752731534 0 0 0 85.5063641956304 176.265625 126.699913483793 177.283813476562 121.893730272935 0 0 181.710145367138 140.346378121496 166.806091308594 0 0 0 0 204.580678584774 0
76.9321373614578 136.297568911764 160.715270996094 99.8857971616272 0 11.5429004442087 106.976367457231 25.4927537155428 53.0737461173129 100.96590369751 53.335423130694 58.3900658645694 62.2453859236956 34.3990728518671 17.3129262733167 0 133.395288931014 72.0828661786469 90.5782057610844 89.2656357224216 126.697269220161 107.858640189115 137.59656126677 76.4524971888 62.6970340709568 101.882256234591 125.26913857697 111.208256317144 24.3292343288181 123.565484853157 0 12.7895658260642 67.418212890625 14.4996501072881 45.9904519507541 68.8422449626186 55.7366843810169 39.217893690078 48.8457493263731 11.2177042594736 9.25328145483324 50.6829833984375 0 85.5148432376899 0 41.5947532653809 113.239929199219 0 0 0 105.178184509277 0 0 0 0 0 0 83.3090286254883 0 0 124.535864046396 0 0 0 0 0 0 0 0 0 0 0 132.68084440296 0 0 193.741539181213 157.228196153779 0 0 0 0 0 0 75.0439864701518
44.3655150126692 125.772349779028 113.118730704378 62.5702181917622 11.5429004442087 0 50.8698322904768 21.5370488649363 62.2191049775453 24.5632184513189 66.0453152431791 27.7644478274469 72.3739031540115 38.640068718833 18.6465152256588 111.29612377657 120.462285359453 113.917357045605 134.048363468137 46.4012773712955 97.7536427477066 101.327433477697 107.22106837574 71.0412666366416 69.644785545551 123.437330201226 133.483257495499 62.4230024453985 40.6633814286415 77.6812932792231 0 19.1276674726409 91.7685658464295 31.5327352634021 157.357502346339 87.4103588355851 76.4180743565543 65.8452547055979 79.6974693363692 18.086113185247 21.357245489436 61.2014484036492 177.255383971226 0 0 190.372158309102 118.105715561392 0 0 186.22444152832 0 179.856423912257 136.756190025185 0 144.207280387838 143.065703719181 146.481128214176 100.515779872223 147.26036228067 244.098831176758 118.339997394632 0 158.497645785632 135.846320741495 147.048270990231 0 231.836791992188 0 143.675082950357 146.606109236128 141.187112802211 186.067650969225 125.359108545751 0 202.329193115234 180.011444782612 139.58854433467 156.824554064539 156.281921305515 0 248.087142944336 154.287200927734 182.264953433346 182.540403389647
31.2241543940143 109.886516949736 95.9037271640582 51.0486614483365 106.976367457231 50.8698322904768 0 57.3297899575781 55.1438419383925 22.5114889156213 129.393913502512 57.5562130961455 133.310210861357 39.9601153831547 76.6916273060438 84.1857701165958 104.08287887941 164.754724041565 129.178826743644 51.7666381231812 72.9912030422472 80.4844685644636 84.0858139560042 52.3489283515905 160.003230643709 114.796557961911 108.00130433122 40.4721916618415 60.1028288312136 25.8894807650149 0 115.866206317121 67.6111874648638 75.6114503220147 133.776031016788 75.7626814774248 94.4411656985809 81.8927334037632 87.4746849905074 70.4730495414184 82.304786381348 115.605965571261 138.151875224863 0 148.076759651402 149.169863089772 106.764343450926 147.514864741042 0 139.612497148965 146.378890991211 166.059040201341 128.750788700346 0 140.192838558444 128.987946567992 139.405755378109 76.8413282749948 134.727351422328 131.121490478516 111.372890566539 0 151.310783548106 107.437279135286 136.364007731386 181.236819267201 0 0 118.226791121886 143.322468019808 107.42981777588 154.384269196264 112.016441695021 0 196.3463003401 156.36040468583 126.950728854443 153.548948938359 139.373352271046 0 0 129.430800429763 143.691253418741 153.973795233232
40.1965431199969 160.706367454818 114.731732934536 93.3556800748442 25.4927537155428 21.5370488649363 57.3297899575781 0 89.1436237728532 46.7702170389557 68.309650411754 53.0623972184715 75.5398937479831 21.7192761743493 39.1859124439416 114.64231390838 121.686740346135 106.546044172553 123.544883433366 74.1757265580025 99.5177231046641 114.812064887025 108.080172070013 89.1876560191276 75.1990721858629 128.620051258396 136.025748635391 88.3042717450191 38.6297428335289 76.5754802552363 114.68581521819 21.8451183635617 85.889255641515 43.8970288204559 133.790844838001 83.922308187168 91.4674966076684 62.779590308841 81.6039799660477 36.8397882075228 33.7507699236309 63.2870269128749 159.730532676715 0 182.489833629569 154.852638958848 191.094955444336 233.116729736328 0 147.617867561566 167.047738893968 0 142.804597301024 0 169.439299731852 151.652078121284 169.188473590091 100.616922398452 158.413336525214 0 157.786841197383 0 151.571234347301 111.534362792969 155.595745398698 0 0 0 169.207791942532 162.171794008843 143.453675081824 191.11658906607 137.712975442777 123.909967915604 216.746992933824 181.013219696156 151.002799247762 165.019621805493 164.760420885219 0 0 0 158.821160183779 156.225565835758
72.8238574437663 71.8127414423096 88.0053413847773 58.29473395462 53.0737461173129 62.2191049775453 55.1438419383925 89.1436237728532 0 69.5449147377998 140.123410793047 21.0286642152919 125.292268395554 84.2013497807806 24.43764516243 51.7663839998826 122.172145412779 144.22502154368 128.242853499175 53.0166146180176 59.3739215112862 26.3995602899528 73.6273184185249 25.4218499335848 102.467659226081 121.114629797396 90.6862868202593 53.6437235924406 79.7141562097383 58.8887718636559 137.977006364488 126.587092434682 65.8956684459542 71.0048215408564 133.911375184347 69.2328950134359 93.6983540099757 77.7621704100884 85.3288923070907 22.9417512641407 82.652745016123 138.010845339333 95.6123800444738 0 120.743287169093 112.836741853509 47.1202359195435 105.720933280012 0 81.4925267473868 105.888140121985 124.188249298421 76.1582873083103 92.8093054864757 86.9759443770219 81.7028485901063 102.178435755291 25.9770029561409 84.4731516761878 183.265887471186 55.5050441769448 162.939210884441 106.85219402141 57.5535747221618 75.0169672958138 125.101390515276 159.012298747326 156.457354071824 69.0225963475492 84.2554068556878 64.3522982995155 105.753570891761 62.6142409342794 0 147.829253258416 124.599721099957 81.2711315061293 101.95669975511 84.5179689474559 0 0 83.6168011290364 103.731799362596 148.945686082783
56.2809872412632 159.647677868504 115.554804946959 19.7011451102981 100.96590369751 24.5632184513189 22.5114889156213 46.7702170389557 69.5449147377998 0 132.135223202704 26.2467776371687 117.472309602238 53.2622122563514 70.9449600211032 114.858936269527 131.505688934965 147.439851198437 164.978999899984 13.8190437493236 100.131418516154 102.677774888994 102.704873638621 56.2642747268513 0 139.3311719682 130.734692443213 32.6101380101578 96.9810357034294 78.0414180183603 0 121.788913928487 89.2002064786948 91.2583553128901 153.885519530715 91.3048858751435 110.384918953059 95.9681558809746 99.3209284256403 69.7105804127051 96.8777449910161 114.946923116937 149.448293334655 0 171.865745245076 171.511205012135 108.951561649602 159.665664672852 0 167.489160606849 175.689721938639 216.009184342177 144.715616105966 182.510509836514 157.370132174691 143.565671943219 153.765705800564 92.50125434024 125.735382148679 219.692267828186 109.503998987078 0 166.627987370712 122.640685815053 150.951385525111 235.219802856445 0 235.946075439453 126.327760353889 183.797674998658 150.851671956414 179.497470973604 126.289616446189 184.464218139648 222.473963338178 188.781979282878 143.891575496877 182.549587432461 165.925184167588 0 0 198.026278561554 150.187781237379 167.796078798795
94.9795199995911 67.7540035867398 96.2576092848098 0 53.335423130694 66.0453152431791 129.393913502512 68.309650411754 140.123410793047 132.135223202704 0 123.990628603799 19.8046591564428 70.5361732896176 113.484069824219 147.605059669931 57.8212287981216 18.7916508959319 25.2105337637026 128.301370037984 136.493536538853 97.683525318887 108.28216199306 161.251418755109 30.0041661645912 31.2604068317443 54.3771877664232 157.038506576051 61.9302826677906 123.599384322297 29.8724858040579 61.6671245446797 95.8968256287982 25.8607809385262 126.257570701502 78.1350514210021 26.5302845355516 30.0212959835416 51.6500056218556 62.1450580972032 54.0273971141311 18.6443667202584 144.053924015903 55.7397605830247 106.660577270665 121.342101870797 0 0 64.4186699951685 0 74.4610992172612 129.944704732667 223.294281005859 0 0 0 149.601287841797 161.053039126479 0 79.653644005015 0 72.2117199309024 0 0 0 116.572352226318 94.5090834819392 102.39115812018 0 175.282608032227 126.123338329347 185.195178170136 218.389689420875 60.6534642209733 95.8175051421858 104.400707648537 186.038787841797 0 183.677966516533 94.1071105392423 0 0 116.085532811976 138.309703027546
70.3277793236319 95.9651106177209 120.919567405135 37.4405202798222 58.3900658645694 27.7644478274469 57.5562130961455 53.0623972184715 21.0286642152919 26.2467776371687 123.990628603799 0 155.184101748572 76.2836681976852 19.4030560600258 111.002103641673 157.566953895726 128.942077636719 138.628742434418 13.5686559806484 112.322016230811 63.3351616240779 111.577181355026 29.1790344158344 120.939094543457 174.887725830078 122.751889036524 49.1238078268071 99.0344396309532 86.2362060926628 0 102.631416954866 98.5420313608233 93.5245250272515 154.507657784305 102.3455049604 149.795883178711 96.5272618740881 103.629844695238 25.2844495527095 85.5476781572518 0 122.085245326617 0 210.631118774414 137.737503051758 80.2278267886064 0 0 0 0 0 101.496537948568 0 70.2542196682212 128.984942008862 148.779068732026 62.4870322721343 79.4991217317781 186.690367971644 14.9220215792364 166.354217529297 218.602593143753 98.598701782483 191.387023925781 0 0 0 68.1935401435489 0 194.734856634234 129.780944824219 99.2650802498099 170.800094604492 0 181.030563885976 123.965877149429 190.389038573632 159.864456176758 0 0 0 203.469216684062 8.45349080477462
109.264153170505 46.6461465721853 98.6784912222265 0 62.2453859236956 72.3739031540115 133.310210861357 75.5398937479831 125.292268395554 117.472309602238 19.8046591564428 155.184101748572 0 70.2390195268187 154.505287023663 122.584966793298 91.129906662899 48.4876705393971 63.5388786644718 0 137.16891358063 84.1268305147531 106.890642890179 140.68027337436 19.2856142844475 24.7250234913558 26.5375026853991 136.7735364524 62.0467051530249 135.117152084588 10.7077457780956 60.5153106476548 0 27.4728159312679 78.7925347904325 28.8643873761052 20.2676708514739 24.2274979421037 19.9871264884846 52.7483230425488 16.5479253807865 13.8307846885411 119.909227902239 49.9100707086815 91.0277489294609 118.159108354065 133.767283231553 0 55.1793648017041 0 75.5464475327601 122.266859771184 0 0 0 162.793352476626 120.603523254395 160.104647669523 137.689361572266 73.064106167396 0 63.2238494071418 193.946003181988 211.075988769531 0 106.982853631267 85.5272237803251 94.875220986413 0 181.627685546875 72.8243179321289 168.676559448242 188.556556539726 49.504272056931 83.9287833208352 88.8146445676769 201.518737792969 0 172.532185285345 88.6681221844826 0 0 105.254402040816 74.0209234350104
17.707069534795 124.493720935398 106.886560754522 99.5117897073595 34.3990728518671 38.640068718833 39.9601153831547 21.7192761743493 84.2013497807806 53.2622122563514 70.5361732896176 76.2836681976852 70.2390195268187 0 43.2734115370043 112.092112735353 114.825176227356 110.55034453156 119.946587128191 86.874625067959 92.7621240175635 108.000098757546 101.307186321166 89.7840088800309 99.0119680950681 122.656685194045 129.928954740084 86.1135883312961 28.0851927793068 63.9938164825856 110.816819006736 22.097603144089 59.0438401647304 47.4729700006785 121.224145841608 72.6772944364063 90.2485890486716 60.0092891082645 81.2483502000578 38.6434880966904 44.6466210828125 68.3049220979701 141.953397931679 196.270249428199 213.847367280317 151.741452444876 0 0 0 182.156135018631 168.277812963467 171.608642578125 186.074303610408 0 174.273733957292 155.075322254617 181.502074943569 123.455932458881 161.418427197838 0 138.956260882626 0 176.712318528915 170.716674804688 155.299064209975 206.790634155273 0 0 186.436463712193 154.029839922158 125.713483754285 161.268200054789 141.879619870764 102.416584018745 169.390891199796 177.544270572201 155.87954571769 180.351335991865 149.949774509242 0 0 189.850372314453 168.421907055451 153.601597146984
58.7340631408087 106.980917910443 118.639056081609 70.2098984127286 17.3129262733167 18.6465152256588 76.6916273060438 39.1859124439416 24.43764516243 70.9449600211032 113.484069824219 19.4030560600258 154.505287023663 43.2734115370043 0 110.680855903114 158.480922306779 0 134.816543579102 53.2916176998287 116.560258366438 78.516740071576 119.105847920957 42.3767005534167 147.642026615307 154.639715166377 127.31238334691 76.2423451556712 62.0686746258613 91.3457752218041 0 39.5292150257788 93.2314556365271 58.4620019895188 41.6548237164011 95.150270820108 86.4026566547001 97.1160893380376 97.8186070987827 11.9609411572415 36.6870381034987 176.52815246582 155.475173950195 93.5452194213867 0 0 82.811370045261 0 0 0 0 0 111.677349062459 0 121.03823238039 112.504852124667 104.541760643164 64.3621411344692 126.541097907023 0 86.4409557822538 0 0 92.1415334480525 0 0 0 118.210983276367 115.472156825325 0 109.721740722656 0 106.944148694055 140.592163085938 192.317535400391 159.940663351599 127.407066002839 0 140.996887207031 0 0 0 0 78.8542968030305
101.922464032695 64.5637533127756 77.8502731880229 103.605598047879 0 111.29612377657 84.1857701165958 114.64231390838 51.7663839998826 114.858936269527 147.605059669931 111.002103641673 122.584966793298 112.092112735353 110.680855903114 0 94.9620961147319 121.543182373047 123.598121953095 0 21.4719088630021 32.954895123592 18.9101238488643 36.4719741036755 99.22702426464 111.945161272881 28.991851180091 36.059672295486 101.643091326353 74.2342161144329 0 150.730484008789 78.5595745152811 67.7021847991422 142.740852659535 70.7262427104434 53.5912026630232 76.0654622423973 72.846283534161 84.8336673487518 88.6149563086462 142.813598632812 131.133503950655 162.331957889841 139.062533689036 127.277159496043 124.204362796364 132.940200866885 0 131.756804651187 114.422020209327 118.608284120257 146.982534987917 0 183.776569722604 129.873050736745 156.43045033031 87.5922012806475 185.587097167969 157.115097045898 127.232786118496 0 166.214763713371 0 95.0381886256901 138.49816261455 192.392083253788 158.34114074707 0 113.445606489956 71.9472559073102 105.447671967785 116.264103768477 0 158.914481769208 105.048383728334 117.329606404284 132.47842468908 113.561635807562 0 0 0 114.21137529217 157.712195382123
100.796373381684 55.052408974602 35.0344795866944 0 133.395288931014 120.462285359453 104.08287887941 121.686740346135 122.172145412779 131.505688934965 57.8212287981216 157.566953895726 91.129906662899 114.825176227356 158.480922306779 94.9620961147319 0 62.3156768214738 23.0926095524351 0 54.8621004258933 76.4259325487932 23.9726668178221 125.946712809909 73.1312802414348 27.4813701195294 67.4829163385186 94.6001522730468 101.750199413994 70.2831594926021 90.3713695576314 141.978530365518 92.8679248980941 35.1951547418259 158.279334439641 86.6291365269628 49.9824596762353 53.6185674563469 69.5432870933916 127.125880728386 111.879919359822 104.134715301164 141.439729664825 112.907623977159 111.620444928248 134.170110097538 172.211822509766 0 0 0 69.8348847903733 103.158512404216 0 0 0 181.608336003106 0 0 0 186.288191734149 0 119.873352396702 224.695449829102 0 140.070987135243 121.38363121323 148.370803497539 119.018794203076 0 145.522354125977 77.7568679550153 116.779368521772 150.484968446057 87.609262578435 108.878765182736 105.134343816816 176.073067104147 175.572296142578 0 144.772171020508 0 0 115.917381552583 166.797704279131
119.90808483378 73.1073034205214 87.9328696698229 0 72.0828661786469 113.917357045605 164.754724041565 106.546044172553 144.22502154368 147.439851198437 18.7916508959319 128.942077636719 48.4876705393971 110.55034453156 0 121.543182373047 62.3156768214738 0 17.0411066713783 0 105.147500092243 101.991398793604 98.3479626198549 161.098537197847 45.9791442780213 26.8562228222733 61.833815398673 0 94.5035839809146 127.795969127294 55.2370619121382 89.8042242827908 135.440891792277 53.3208246721666 154.526885986328 90.3269153922427 51.8563290103617 52.6440788801167 64.5631281769232 103.365582868833 72.4111575318439 56.7429284521567 165.954635083564 80.2955962656421 113.145550970751 122.306656531215 0 0 80.3286160437748 0 86.6309273463755 121.345916748047 0 0 0 0 132.491119384766 175.293121337891 0 92.0937488484287 0 82.7193480993485 160.458421411544 217.616302490234 184.981674194336 123.098976135254 103.274698912553 108.246802068227 0 0 107.918334960938 188.538345336914 0 63.1271093441915 98.8416104323906 107.806364961092 0 0 0 99.8349627926525 0 0 120.020623629345 130.77316879436
127.335335945768 57.290717234994 60.0941752725456 180.095748901367 90.5782057610844 134.048363468137 129.178826743644 123.544883433366 128.242853499175 164.978999899984 25.2105337637026 138.628742434418 63.5388786644718 119.946587128191 134.816543579102 123.598121953095 23.0926095524351 17.0411066713783 0 0 91.7409562970234 88.8048378579052 67.9693267110237 145.225733409301 48.9068982878903 28.9822693760794 62.5966063271596 122.358753179532 115.423893943749 104.119682481151 66.1523535840411 98.6552484547653 109.689017962017 43.5402698423757 148.023438113256 79.5718090605487 50.8533747787363 46.730442550044 60.5830729380729 99.5753165840894 101.771830525944 72.0890987171095 129.64968558083 113.408538619796 111.436882364405 112.866047031618 0 0 101.843605041504 0 70.5032892081994 108.958787418556 0 0 0 210.285139266541 214.744857788086 149.797890003619 205.866624813598 113.433172213233 0 94.4435939767948 237.259140014648 0 166.621871948242 114.430493293187 101.336131571284 113.630926256538 0 180.895095854941 148.008053502798 169.461115089522 0 69.192178994452 103.643268754627 106.643276935304 174.464416503906 0 155.767876941738 112.503704062728 0 0 115.348461317642 154.09511487643
81.2619811106533 0 119.172212977148 11.3612956239483 89.2656357224216 46.4012773712955 51.7666381231812 74.1757265580025 53.0166146180176 13.8190437493236 128.301370037984 13.5686559806484 0 86.874625067959 53.2916176998287 0 0 0 0 0 104.73634151617 74.3126747205493 105.827273861783 18.30915624302 0 136.370603792439 86.7332305908203 27.7523853039244 103.087799745363 98.1482417260182 0 124.736742773433 90.6543338025534 96.3515714953838 160.55441536204 90.0464141860072 87.4564895629883 100.691134705419 101.678323686197 53.6321129382329 100.014999036582 0 174.770141601562 0 191.777435302734 0 92.618596502994 0 0 142.197814941406 0 0 139.22653639765 0 139.464833088424 133.638532519696 156.537794155841 94.1479337981871 139.247422802607 0 28.8108812985823 0 140.653872995916 108.341157937604 0 0 0 0 134.99493547353 0 143.35481262207 0 115.43132722927 0 0 177.893188476562 137.000981896392 163.97314453125 168.918685913086 0 0 171.712753295898 154.9560546875 157.859603881836
75.3207468513342 95.8634265492572 60.1332543849647 81.6647458235615 126.697269220161 97.7536427477066 72.9912030422472 99.5177231046641 59.3739215112862 100.131418516154 136.493536538853 112.322016230811 137.16891358063 92.7621240175635 116.560258366438 21.4719088630021 54.8621004258933 105.147500092243 91.7409562970234 104.73634151617 0 56.7100290153489 34.4076477402662 52.4362142482717 143.799719504143 83.1502456559825 71.7121624390727 30.0431709177447 84.8053089114592 28.0408694979186 0 140.75038509432 76.2602305036989 40.508409698385 133.569250717806 68.7094086018068 56.5984680255936 66.5760614403253 69.6873868142357 81.8271417703375 80.9733979658877 108.928421679653 131.775009105089 191.412888199095 145.489820692275 147.184918360702 157.527979526873 141.719172961829 0 136.07245323987 170.919586181641 142.68152492261 154.597213745117 0 156.934753907106 142.512717487508 155.729017208294 91.7799919563523 163.391480204987 0 146.989120483398 0 151.835957239542 0 110.736886559869 161.07833803894 209.888381958008 182.730661851573 179.289672851562 123.868820558915 74.9982347340999 124.210777128239 119.355551519318 0 149.86322272008 131.918133357703 124.185851757973 144.467988117482 122.994395746536 0 0 128.095440235706 124.350858037569 144.421250008865
89.6283815044558 27.7047750305936 43.2329760292332 94.9162216186523 107.858640189115 101.327433477697 80.4844685644636 114.812064887025 26.3995602899528 102.677774888994 97.683525318887 63.3351616240779 84.1268305147531 108.000098757546 78.516740071576 32.954895123592 76.4259325487932 101.991398793604 88.8048378579052 74.3126747205493 56.7100290153489 0 52.2097940114579 33.859902699558 64.248103419822 81.5538825481656 42.2933533006239 59.0970272333823 96.385966179268 65.2675645190307 99.8610866041138 138.170806884766 79.3520120279474 64.3002186583812 129.39967635468 61.6918747504738 45.995729786652 58.7161803942432 59.513746113027 68.2253605146919 78.9528655960848 89.7028072994976 100.884469254658 68.8838608176867 100.652800904897 107.353262275843 98.7052637769042 148.902114868164 0 131.655253477014 63.4254994855224 78.2942000372552 133.473071140332 113.119239807129 134.983433299004 111.072750825323 151.769438460108 59.5801320304805 136.390503968877 121.189444213155 120.915988086126 106.387360783241 138.850176739058 87.443817634323 60.4475560913666 106.245507768962 153.932345882817 120.644664994484 159.223641499724 83.2672398812388 18.2559290813457 73.7848303537861 90.4543825019496 102.813294823171 113.642367337694 69.0913004292559 99.0332470967584 132.116918167267 95.937610842875 143.488357543945 0 91.1133405604483 97.2449517657401 134.785305070691
88.2480414562077 77.3613505826383 31.9564407593749 124.777481590232 137.59656126677 107.22106837574 84.0858139560042 108.080172070013 73.6273184185249 102.704873638621 108.28216199306 111.577181355026 106.890642890179 101.307186321166 119.105847920957 18.9101238488643 23.9726668178221 98.3479626198549 67.9693267110237 105.827273861783 34.4076477402662 52.2097940114579 0 67.8934204417042 123.373258320481 62.7345526121465 39.5649536070143 49.4547662144261 94.7963184048641 57.6057828943599 130.702162328664 155.308293131152 85.5134635695181 46.1876083741573 135.170394309475 68.9554078522008 51.2843575639373 66.129679994672 67.9825998949285 82.2826008263582 82.6271450887571 97.2603282976469 131.397312522298 121.532280406123 137.431180601191 135.089059068619 123.792941507362 137.346545058467 0 150.603300904011 103.422212722413 107.23314560809 164.968519178344 0 164.654715168729 145.386905427628 172.877375803082 103.720042599654 169.828419151157 178.813540625149 153.917306180797 0 166.490950240182 131.235940208017 102.398658681809 135.832068292011 161.784271240234 153.931731182563 158.448974862719 126.803831285894 76.3952892179243 110.254453933654 125.980291226308 167.030765456471 146.736068683569 104.867699560546 131.963670766898 162.176330771453 127.622643871372 0 176.823013305664 137.656227207481 156.525318639612 144.65298873232
79.1185007112849 82.9553778438538 101.482979381416 23.3810514669799 76.4524971888 71.0412666366416 52.3489283515905 89.1876560191276 25.4218499335848 56.2642747268513 161.251418755109 29.1790344158344 140.68027337436 89.7840088800309 42.3767005534167 36.4719741036755 125.946712809909 161.098537197847 145.225733409301 18.30915624302 52.4362142482717 33.859902699558 67.8934204417042 0 116.512542551449 132.906449655758 82.9036389298049 21.9141760813026 87.3594484913695 66.300419472501 149.628627950404 137.524104226257 74.3752249524032 71.5820187191276 145.006248141714 73.7947730536474 77.9815426157291 84.0695919914166 89.7270164965018 40.3065285662191 89.1062227605138 138.363494873047 119.215844542723 184.103455871306 129.815637608735 138.165772644885 82.0020794474606 131.44041570371 0 122.753777194768 131.76233995526 133.842361042189 111.698884404878 123.686426340628 127.713085140138 115.621405973329 132.888120441906 61.9175721672549 118.133430751239 170.20805634814 93.6787219092738 0 141.382065919723 90.7172234198171 111.37464202356 151.867992396734 0 181.229041728345 107.766048007123 121.036933438485 87.112981811969 125.849291266692 98.0282426336482 0 170.038398231784 139.738787640926 111.765870712483 132.918061829731 116.603239306875 0 179.235488288502 121.31270841423 123.392721549361 167.423361787007
0 22.6034965813947 76.4124900774329 205.774261474609 62.6970340709568 69.644785545551 160.003230643709 75.1990721858629 102.467659226081 0 30.0041661645912 120.939094543457 19.2856142844475 99.0119680950681 147.642026615307 99.22702426464 73.1312802414348 45.9791442780213 48.9068982878903 0 143.799719504143 64.248103419822 123.373258320481 116.512542551449 0 38.4289126499036 31.212513052389 130.309207784027 83.6394020574697 136.930976060227 44.2084455041589 83.2971253932018 0 45.6384319118832 0 85.9741628634459 18.7575407757562 40.880253737251 60.8190934632458 109.77446379961 38.1240653991699 14.9203344497898 100.638031066723 24.393019518716 73.8056343113881 85.5349819850373 0 0 32.4767800592093 143.278137207031 27.6035297060123 97.7026547051826 0 0 0 167.908558604987 180.79606628418 131.908950805664 182.578689575195 58.2017197488211 144.075912475586 45.8732096821901 134.853241621618 0 137.215128632618 77.0724227761875 71.2982596780905 67.9985151753256 0 136.802882271581 105.467042189281 111.89689816002 139.598141849429 22.9108884986307 59.7740702041319 58.5699321641563 174.442777442506 119.985618591309 124.055554382904 67.8705408553985 0 0 80.0205017857303 158.625717163086
114.240386136939 46.4429755094696 25.9025583409057 188.313216013287 101.882256234591 123.437330201226 114.796557961911 128.620051258396 121.114629797396 139.3311719682 31.2604068317443 174.887725830078 24.7250234913558 122.656685194045 154.639715166377 111.945161272881 27.4813701195294 26.8562228222733 28.9822693760794 136.370603792439 83.1502456559825 81.5538825481656 62.7345526121465 132.906449655758 38.4289126499036 0 32.1239225585795 103.610495227623 118.321852485243 94.8613159147674 19.3338398076989 109.676717536033 112.670749852186 54.3326065613936 160.507213313958 86.933546823592 52.712145112619 55.4843279984988 67.2430101086567 120.647856370335 100.776501331388 57.0603759609526 129.07599348236 93.0715154888814 104.789144958726 115.224184668047 161.251889335116 179.380956038868 72.5228373736629 162.474395751953 57.8018923017627 105.377276570905 0 0 184.188659667969 178.408202181479 144.107710092463 149.754101135935 0 89.855711956003 0 80.2662204473462 153.501629645337 161.998767081514 135.823924045467 102.952449148097 98.7770437418815 100.205444474481 0 158.121464221908 99.9912324235695 132.909173923857 154.29876502814 58.5584196770387 91.8267668276278 93.2941635943899 174.777924876041 171.621632152791 159.650670310791 101.982633378801 0 0 110.225057570904 159.779854783353
117.323808435241 33.7954341965757 33.9839891466619 127.343865104411 125.26913857697 133.483257495499 108.00130433122 136.025748635391 90.6862868202593 130.734692443213 54.3771877664232 122.751889036524 26.5375026853991 129.928954740084 127.31238334691 28.991851180091 67.4829163385186 61.833815398673 62.5966063271596 86.7332305908203 71.7121624390727 42.2933533006239 39.5649536070143 82.9036389298049 31.212513052389 32.1239225585795 0 75.4038448635837 127.59256515123 98.0943960718264 22.0261386438527 111.452035977795 113.581633586558 66.146536656141 146.240730865177 80.0615897791545 60.0334056129022 66.5776134598219 72.353248343774 95.8424075719982 86.9454733066306 66.7797759484167 125.205157497505 98.343006102542 106.736830655837 114.473070255683 119.738433909223 162.319907156534 78.8923333644928 161.976331357731 60.8365083902913 92.8257772464005 148.378707885742 119.572998046875 185.318104779236 154.255237441911 170.643364709865 114.640575433323 178.436379583971 103.719287701009 155.849840977003 93.2696440015468 162.909642254325 139.488999869254 100.732869614273 108.885691814768 106.520866258712 109.129904920671 0 133.780794311123 75.8341698180094 108.129202366004 130.022567863499 67.3056018032381 97.6239797106732 91.4516001924606 142.678264860394 175.899182457902 138.576934302336 107.446336822718 0 141.787261698771 113.271710260266 152.000095179782
75.5536353353715 98.0654084841487 72.5395075991139 17.536741987803 111.208256317144 62.4230024453985 40.4721916618415 88.3042717450191 53.6437235924406 32.6101380101578 157.038506576051 49.1238078268071 136.7735364524 86.1135883312961 76.2423451556712 36.059672295486 94.6001522730468 0 122.358753179532 27.7523853039244 30.0431709177447 59.0970272333823 49.4547662144261 21.9141760813026 130.309207784027 103.610495227623 75.4038448635837 0 87.8308480044916 43.0227863428268 178.690144512599 138.648566169608 74.2086943281655 62.7420918594112 139.571195241079 74.122797363171 75.6981600096574 80.1001718891102 81.8928881156447 73.1025124923382 90.5855060012613 119.672636286618 135.495934199107 158.041588606953 142.089473687681 143.97394419647 107.841936126237 151.79596516517 145.070572531192 142.371438247007 145.899606095881 145.514881239661 136.112346076967 0 146.980863195101 130.94378331278 141.139502691828 83.2717973920992 139.251272361355 189.509444438822 107.586281778436 180.559129990388 153.027118056166 118.131241465472 118.4383695257 176.652122689363 208.96208190918 203.37859215689 129.069340354755 127.871766969328 91.3476739630513 130.868069080185 112.228002571175 177.408812950907 183.444085692107 137.563358002315 126.29665547124 147.660836156549 127.168897256683 0 0 147.308330799593 131.762487601198 157.985222458793
19.1722848565498 121.597606587524 105.090783467684 100.480662205774 24.3292343288181 40.6633814286415 60.1028288312136 38.6297428335289 79.7141562097383 96.9810357034294 61.9302826677906 99.0344396309532 62.0467051530249 28.0851927793068 62.0686746258613 101.643091326353 101.750199413994 94.5035839809146 115.423893943749 103.087799745363 84.8053089114592 96.385966179268 94.7963184048641 87.3594484913695 83.6394020574697 118.321852485243 127.59256515123 87.8308480044916 0 34.9887922502215 86.3883374796123 19.88140615467 19.9559375379973 36.1072757377795 112.056446444931 63.7934020355971 74.1057490300098 49.6267369291953 68.2623546033827 45.9910722339985 36.0098780785655 55.317996312548 140.608663124645 116.772659301758 157.583772361899 125.584626075544 209.331359863281 0 0 168.880082647 0 198.532295744642 163.417489976404 0 169.716997305205 151.278651002605 161.554170781181 107.252237405171 176.698124044473 124.608810424805 169.583813401014 124.984992980957 176.710713020043 201.247680664062 136.038419645435 0 0 0 0 153.337214712278 102.586636006356 146.052610705311 133.99726669842 88.0890350341797 146.545001735963 175.712549901497 145.32616306108 168.82870140861 144.973565680928 0 0 157.668103779076 149.347508894823 123.516471383573
37.4568845701123 105.585002402968 73.5646690718777 97.7255657607307 123.565484853157 77.6812932792231 25.8894807650149 76.5754802552363 58.8887718636559 78.0414180183603 123.599384322297 86.2362060926628 135.117152084588 63.9938164825856 91.3457752218041 74.2342161144329 70.2831594926021 127.795969127294 104.119682481151 98.1482417260182 28.0408694979186 65.2675645190307 57.6057828943599 66.300419472501 136.930976060227 94.8613159147674 98.0943960718264 43.0227863428268 34.9887922502215 0 210.470336914062 110.314527469802 49.1750020226786 33.8897177325038 131.577169068003 68.8436775348796 64.7954309558815 65.3250886021308 74.3860536739551 76.5773260979475 78.7580917974359 105.913265041347 134.759566171481 0 150.978547770939 148.535879420771 133.806981464473 138.243876765092 0 133.717924280792 137.655960083008 173.307987571227 147.507919931362 161.712734511016 147.064713812288 135.571744650587 146.487213208178 85.9421206030054 146.209600738148 151.767196655273 122.104262287259 0 162.325439081005 152.37043762207 115.978851542282 161.220131383195 0 179.48893737793 140.603931061742 134.892013325892 86.4007548072077 134.426309005908 116.046764821135 0 175.75039694719 142.348973213416 126.061055712458 142.67031167232 128.354655124183 0 0 127.790637703439 132.221581473644 143.339597206419
0 68.7471591611099 98.6524993940479 0 0 0 0 114.68581521819 137.977006364488 0 29.8724858040579 0 10.7077457780956 110.816819006736 0 0 90.3713695576314 55.2370619121382 66.1523535840411 0 0 99.8610866041138 130.702162328664 149.628627950404 44.2084455041589 19.3338398076989 22.0261386438527 178.690144512599 86.3883374796123 210.470336914062 0 103.236098885582 0 77.8441219269208 0 101.769911634477 59.88679548078 69.663237309278 80.9301154309423 101.238807678223 0 66.6443396535495 142.312515258789 75.6835557458674 109.50109279609 113.910148485653 0 0 70.5980519669375 0 77.1811296639038 144.818488929316 0 0 0 0 0 201.870958533166 0 94.587772906037 0 88.2098725809375 0 0 0 0 101.225502191035 110.353875567465 0 0 0 138.169250488281 0 67.9971680459332 101.30578294145 109.045886432964 0 0 0 106.59011523669 0 0 115.680461326538 0
86.3387898487852 109.492240905762 159.494277067159 133.814506517045 12.7895658260642 19.1276674726409 115.866206317121 21.8451183635617 126.587092434682 121.788913928487 61.6671245446797 102.631416954866 60.5153106476548 22.097603144089 39.5292150257788 150.730484008789 141.978530365518 89.8042242827908 98.6552484547653 124.736742773433 140.75038509432 138.170806884766 155.308293131152 137.524104226257 83.2971253932018 109.676717536033 111.452035977795 138.648566169608 19.88140615467 110.314527469802 103.236098885582 0 72.3369767340572 23.0168456802638 114.239493995812 77.6142143791413 68.4735855378373 46.3442746679253 58.4959542849765 31.2279559949097 20.5128230194236 58.1351600722114 0 0 0 96.9860229492188 0 0 0 0 0 0 0 0 235.259033203125 198.97380065918 0 0 199.923263549805 0 0 0 0 0 0 0 0 0 0 0 0 0 194.924011230469 105.038040161133 0 0 0 0 0 0 0 0 0 125.930857029306
37.1161346175912 117.269829102559 97.5071079469487 91.6552605568634 67.418212890625 91.7685658464295 67.6111874648638 85.889255641515 65.8956684459542 89.2002064786948 95.8968256287982 98.5420313608233 0 59.0438401647304 93.2314556365271 78.5595745152811 92.8679248980941 135.440891792277 109.689017962017 90.6543338025534 76.2602305036989 79.3520120279474 85.5134635695181 74.3752249524032 0 112.670749852186 113.581633586558 74.2086943281655 19.9559375379973 49.1750020226786 0 72.3369767340572 0 23.4284920211115 103.985047230718 45.2479583717378 72.5471060519838 39.1794620649713 51.7237725218337 49.7328427245507 46.2824780781265 0 132.943868562887 0 137.263223648592 122.058776855469 0 164.955718994141 0 0 0 0 165.36279296875 0 163.727836921906 151.097583714181 164.491400420236 0 155.652648925781 0 118.607345581055 0 170.286818343696 0 125.329450783223 0 0 0 125.39981842041 121.89811706543 111.291445913047 138.927215576172 122.632214846241 0 224.264984130859 168.483489990234 136.383402053239 0 137.999455972811 0 0 145.384460449219 0 118.251552473914
