0 13.6744678020477 175.915222376585 25.8221804499626 5.93497717380524 88.5081189572811 3501.90623506904 1283.52030527592 141.209415197372 135.515748292208 87.8535566329956 56.3839493691921 13.5303843021393 16155.347170651 13.3910408318043 27.1242001056671 107.207773804665 3.95170122385025 28.3899309039116 41.993316590786 396.42326772213 57.857380181551 652.96651288867 302.57479339838 7.98453426361084 76.3623704016209 142.081860363483 582.648101270199 7778.59079684317 3083.98262360692 0 53.5094188451767 412.651775717735 472.293812811375 26.1353026330471 344.632596254349 8.56219011545181 221.06530085206 11.0942319333553 87.3524194955826 71.8236217200756 1.87833958864212 13.7135479152203 3.85913848876953 4.98985886573792 3.70058235526085 0.925963997840881 0 0 1.72059392929077 1.9552503824234 7.57605338096619 0.656735479831696 0 1.4187930226326 18.5933235287666 0.588734090328217 10.6551049351692 5.33059832453728 0 0.651172995567322 0 5.51640293002129 0 11.7738896906376 4.40487593412399 0 0.584535360336304 0 13.0635314583778 5.69145926833153 15.4296281039715 58.8632347583771 0.335902065038681 4.12975692749023 18.2414781749249 77.4090704619884 8.07729834318161 16.9447197020054 0 0.250122725963593 0.405111283063889 9.07048183679581 1.58894336223602
13.6744678020477 0 617.029165834188 2.82511192560196 5.11060702800751 9.15392675995827 67.2046329379082 15.8539078980684 768.547766149044 5.29769882559776 498.622882217169 15.9794215857983 725.960616409779 27.4324993491173 33.1334399282932 233.022859036922 597.809715151787 48.9195283651352 169.288618326187 0.655549705028534 168.184386461973 3237.21542528272 775.884010285139 953.776448100805 3351.07035678625 1156.78787985444 8874.090277493 201.336676836014 37.9907188862562 111.004882216454 27.3865254223347 2.11425161361694 11.8949646353722 258.307243913412 37.8311963379383 475.379461854696 186.872915387154 563.435087203979 82.3668288886547 115.379073441029 19.088218152523 202.325055032969 32.985480427742 13.6543744802475 49.1048468351364 15.3989849686623 1.18382358551025 0 0 0.861856877803802 140.707333654165 112.000576555729 0 0 0 7.98541465401649 1.57630524039268 4.43706867098808 0 7.83918488025665 0 34.9015989005566 1.74196782708168 0 3.4541283249855 48.3283567428589 4.19395935535431 28.6430697441101 1.93222039937973 7.13662052154541 80.3643491268158 38.4457578063011 9.73811376094818 34.2168102264404 173.976476609707 331.618744254112 12.4347175061703 2.5313960313797 12.4864292442799 2.554273635149 0 0.940030515193939 19.2777749300003 13.2977964878082
175.915222376585 617.029165834188 0 5.09477567672729 1.04367959499359 81.3604164719582 1175.95000526309 312.366102159023 33.9597828388214 42.3902100920677 186.989284604788 2.26526582241058 54.2359272241592 377.51592695713 3.25177308917046 175.780589491129 2956.08726653457 66.6043482422829 348.548992007971 2.24463927745819 2274.74159288406 319.763433039188 21192.9814921618 131.323063015938 85.6735743582249 14668.3004712164 14852.7182658613 1098.37775525451 243.433669984341 1863.32466942072 12.3307611048222 3.83342519402504 36.5002915263176 907.276509851217 79.6102186739445 1845.30312693119 471.174567967653 1686.88895696402 203.57275173068 114.23959094286 70.7037280499935 5.31473821401596 164.418492168188 83.0975193679333 224.343248158693 75.3551222980022 3.95998951792717 2.00549495220184 0 1.94403594732285 201.215487539768 537.136079698801 0.812920331954956 0 1.68739587068558 26.3342157304287 3.61618953943253 6.27486100792885 0.395991742610931 8.20476391911507 0 12.6575128138065 13.5742909908295 0 84.7163031995296 146.053465873003 2.53615522384644 40.0333732664585 0 70.82331559062 149.908075481653 495.421204000711 34.4104337096214 16.2763666808605 260.144025474787 1326.74796301126 43.6896745860577 6.09548059105873 39.5314804017544 0.562130868434906 0 1.11163640022278 70.074329584837 61.6322117745876
25.8221804499626 2.82511192560196 5.09477567672729 0 3.99821510910988 334.34819662571 830.273680508137 212.696048885584 723.535870105028 12598.8733789325 9.06824994087219 2455.02242091298 4.54260003566742 141.177697181702 71.8186574578285 12.5517525076866 0.887349545955658 1.61243331432343 0 27255.7587378621 19.4906541407108 26.0404277443886 24.1818732023239 3613.35150498152 1.25472009181976 1.47888571023941 15.0729004442692 14451.3607337773 140.570977091789 22.3902295529842 0 7.17295438051224 12.7636578381062 69.3580902218819 103.838018774986 349.033173978329 0.60563462972641 51.9650993049145 5.64792728424072 200.51958706975 25.553285241127 0.618257343769073 50.9252947866917 0 4.04346635937691 0.948338329792023 54.9797333776951 1.13815814256668 0 2.66603648662567 0 0 84.4988809227943 0 20.3614418506622 85.798731148243 30.2899083793163 120.391218781471 79.9750665724277 0 214.15925219655 0 14.8989364504814 13.5263752937317 3.20219939947128 0 0 0 30.209586918354 2.57005986571312 0 4.66195821762085 186.870271712542 0 0 1.55388647317886 169.530005961657 1.64598858356476 4.60757696628571 0 0 1.78553259372711 4.17859283089638 1.21683406829834
5.93497717380524 5.11060702800751 1.04367959499359 3.99821510910988 0 1798.60494434834 21.7096298933029 719.256802141666 64.9682976305485 14.1603751182556 35.4209588766098 38.7992555499077 1.85656893253326 92.2860271036625 2577.37970560789 0 0.726889491081238 0 0 4.8276309967041 0 5.34149250388145 2.89048546552658 36.742088675499 0.860425710678101 0 4.38522687554359 8.87918439507484 203.042913526297 3.6455197930336 0 2275.28501605988 0 2129.00877538323 1.02790796756744 25.0048935115337 2.78164458274841 103.204264581203 1.3516771197319 6501.2761413455 3703.98466047645 0 0 0 0 0 0 0 0 0 0 0.593914031982422 1.18446981906891 0 0 0 0 1.20028698444366 0 0.438748449087143 0 0 0 0 0 0 0 0 0 0 0 0 1.20996284484863 0 0 0 0 0.934059023857117 0 0 0 0 0 0
88.5081189572811 9.15392675995827 81.3604164719582 334.34819662571 1798.60494434834 0 5682.61410924792 23385.1848349273 420.879715949297 19103.8025846779 60.6938730180264 5329.07218790054 7.2299237549305 1410.41233557463 2451.90362212062 40.1154992282391 20.3203196823597 2.5170693397522 2.35234928131104 819.46582916379 171.094909340143 35.8298674225807 214.568784624338 522.410444617271 5.67064470052719 30.1605841815472 125.839416652918 1551.6688516438 629.801183730364 200.155457764864 0 2820.38118502498 29.3712131381035 1047.81544360518 1523.54391050339 259.997936725616 15.1298107206821 129.33531242609 10.4867017865181 4236.85285422206 1352.80023553967 1.34177416563034 31.156879812479 0.33224692940712 6.20889860391617 2.61922013759613 34.5611348152161 0.891927719116211 0 5.08851590752602 0 1.67569300532341 11.6141726970673 0 12.0237534046173 89.0053378343582 29.5677510797977 56.6729178726673 56.2903196513653 0.318317443132401 34.9091297090054 0.267200469970703 16.0341963768005 4.57749009132385 11.5924810767174 0.944755017757416 0 0 14.7521065175533 9.55421027541161 8.93028491735458 12.2385537922382 180.730966776609 0 0.439786553382874 10.2495647966862 169.063540399075 14.5057457685471 14.9359789192677 0 0.830103695392609 6.38490632176399 7.28255817294121 1.19276711344719
3501.90623506904 67.2046329379082 1175.95000526309 830.273680508137 21.7096298933029 5682.61410924792 0 6676.1206061244 1476.8474175334 17664.5459102392 83.7282721102238 876.570211857557 26.2273200452328 10969.7371941507 152.137964874506 401.44468036294 196.716298490763 3.48708617687225 25.4768798053265 815.882590413094 2334.51416361332 303.499536514282 2972.70552508533 5149.75452500582 7.99739184975624 305.534467026591 1139.40115654469 24948.9315831363 2928.0060056746 16632.51118958 0.968726575374603 63.4138581454754 371.462448447943 844.824749737978 310.31202237308 2216.37008818984 33.9739243984222 559.426711857319 53.5783991217613 556.350619107485 207.937880665064 2.92972782254219 121.584505707026 7.88782352209091 60.2414133548737 35.9165576398373 67.2548516392708 1.68743339180946 0 26.6685706675053 9.60095024108887 19.6710111200809 57.0323797762394 1.4713708460331 35.6002488136292 320.653822153807 97.6300346553326 244.003222614527 160.001105576754 2.44488146901131 53.3396013379097 1.07844185829163 89.443831294775 8.30730947852135 72.391498029232 7.86584332585335 0 1.36133980751038 49.9069253206253 64.3964925408363 44.9583851993084 135.410608559847 766.095026522875 1.543003231287 12.6350292265415 66.6416566073895 785.377700507641 81.4448415338993 110.068477451801 0 0.853559017181396 12.6616357564926 37.083516150713 31.8475077152252
1283.52030527592 15.8539078980684 312.366102159023 212.696048885584 719.256802141666 23385.1848349273 6676.1206061244 0 484.733285784721 3210.35986626148 225.930952250957 1606.07251307368 31.0596880614758 14763.9290952981 1109.58663895726 52.5134256482124 140.560272097588 13.1873570978642 23.3012368381023 387.408652871847 589.974906668067 86.0445039272308 953.119907081127 797.281109586358 8.26320192217827 155.189751774073 255.863504394889 1736.45500212908 2869.36052301526 1873.77328757942 1.05945473909378 3046.17917305231 73.0390247106552 1888.56228192151 203.11186799407 617.027943015099 26.4524140655994 391.366741538048 15.9617094397545 3331.22391198575 1361.44735452533 6.38983571529388 41.074228644371 0.579647421836853 26.6464279592037 16.0733361542225 10.4414947926998 0.361504435539246 0 5.41396677494049 7.8264527618885 12.7786436676979 14.3698843866587 1.70585054159164 8.76663854718208 110.160851746798 28.7323569655418 67.5442578494549 46.7256051301956 0 15.2253857254982 2.96062630414963 30.933403596282 2.41434901952744 26.2740185260773 1.21352607011795 1.12902140617371 2.37140315771103 8.98345202207565 21.7119355201721 13.063546538353 39.8660189211369 297.978803187609 0.446685761213303 6.07657685875893 21.8667706847191 299.087162733078 32.5019706189632 34.7514133602381 0 0.710602700710297 6.63505336642265 19.1036992371082 9.57661837339401
141.209415197372 768.547766149044 33.9597828388214 723.535870105028 64.9682976305485 420.879715949297 1476.8474175334 484.733285784721 0 525.555251508951 64.0937738716602 1192.23262763023 85.8416557013988 419.680950462818 1414.12715217471 114.58651265502 38.2784192562103 4.95223352313042 14.2533716857433 254.726352840662 198.881398558617 3823.47746193409 173.52789914608 10659.8894842565 210.132196098566 87.4285625517368 743.669971376657 3886.52060750127 561.792817533016 892.283408492804 3.08235466480255 6.79609578847885 212.376549690962 217.699910789728 65.9400999844074 651.574611335993 17.5129618942738 145.662885725498 20.9545668661594 2402.01819768548 34.5981718599796 6.52978345751762 98.0014771819115 0.765732109546661 26.4738880991936 21.0368152856827 144.261776924133 3.13472539186478 0 8.27453348040581 9.33034300804138 6.42029911279678 71.7197113335133 0 37.7334686815739 203.370837032795 47.4678220450878 335.772263288498 166.615674078465 1.09817716479301 118.357409149408 1.31812819838524 43.6255035102367 28.5245221853256 48.3793037235737 5.386847615242 0 1.12370002269745 30.22989153862 26.9619654119015 56.9489028155804 51.5623375475407 689.231993705034 5.55611181259155 13.0732727348804 33.8386990725994 585.042089432478 49.2817217111588 69.7174308598042 0 0 8.19984352588654 17.6849400997162 12.0799514949322
135.515748292208 5.29769882559776 42.3902100920677 12598.8733789325 14.1603751182556 19103.8025846779 17664.5459102392 3210.35986626148 525.555251508951 0 43.8526211082935 14703.1438878179 11.0033085644245 1204.07950922847 225.507980376482 44.3039329349995 11.3595380783081 0 1.55534934997559 20743.0658997893 101.71492767334 31.1101531386375 136.340559959412 1341.86891394854 2.37924674153328 12.335002630949 87.7039500176907 13207.0540102422 534.549868166447 113.869371533394 0.29987359046936 41.5012142062187 36.3527539968491 305.668471902609 2688.2845068872 836.596190482378 0.659113705158234 183.727947682142 16.8940691351891 528.213221758604 106.555712640285 0 46.6981564760208 0.693286597728729 8.85826575756073 10.8662362098694 72.2455354034901 0 0 6.51208847761154 0.823542058467865 3.12269094586372 54.6678603291512 0 26.7635104060173 134.619704633951 37.3000529408455 119.604496896267 99.6389045417309 0 331.721561014652 0 21.8043175637722 12.0193021297455 5.51489803195 0 0 0 29.0768916904926 8.01732268929482 5.73842498660088 12.3298872113228 262.5797727108 0.303566426038742 2.92950874567032 5.50022891163826 233.682033151388 17.6785257458687 13.1650137901306 0 0.383822828531265 0.390998780727386 7.2434928715229 11.4333460330963
87.8535566329956 498.622882217169 186.989284604788 9.06824994087219 35.4209588766098 60.6938730180264 83.7282721102238 225.930952250957 64.0937738716602 43.8526211082935 0 31.3083880543709 10828.4160528183 379.870985299349 5.31468397378922 13.4765024483204 1252.35060688853 9994.13811117411 6736.31847476959 15.7477602958679 104.387735128403 161.188535183668 337.709908366203 58.1936169266701 4397.84296056628 9918.85304182768 4177.51606726646 55.6759952008724 349.450272500515 103.833571016788 1397.05237802863 87.7545304298401 11.1547146737576 10746.7123222053 18.2844107449055 687.53583458066 5244.70178437233 9666.71990594268 572.161142408848 147.230866521597 79.2631617188454 2972.94228893518 12.650460422039 90.988449126482 63.8418730795383 3.36439180374146 0 0 48.6667777895927 0 27.7756719589233 17.6760847270489 0 0 1.19890594482422 4.51211389899254 0.52817714214325 2.04775819182396 0 345.77107077837 0 741.303601443768 1.59522914886475 0 0.723267555236816 3.90610760450363 70.7158729732037 18.1944204866886 0 1.20625829696655 8.73082712292671 14.112142175436 4.29014617204666 291.991234838963 297.643179565668 215.072627872229 5.22099441289902 1.16078674793243 3.13113331794739 37.64510217309 1.32977628707886 0 22.9687215685844 14.1480384469032
56.3839493691921 15.9794215857983 2.26526582241058 2455.02242091298 38.7992555499077 5329.07218790054 876.570211857557 1606.07251307368 1192.23262763023 14703.1438878179 31.3083880543709 0 6.99727901816368 510.666525244713 3111.63573917747 5.07648366689682 5.12680202722549 2.80066812038422 1.34557783603668 19750.5519887507 13.6394680738449 25.2204342186451 15.4947839379311 786.647961080074 4.03101682662964 2.97878646850586 14.3343684077263 1045.22513508797 284.857245892286 11.1354140043259 0 52.8086054623127 5.82832330465317 195.880320459604 4034.65930986404 387.479676693678 3.13706701993942 78.7708827257156 4.15893071889877 2623.23203408718 79.1786660850048 0 47.5394739508629 0 1.31646731495857 2.86548352241516 49.6733400225639 0 0 0 0.464720100164413 1.18815922737122 170.621643692255 1.00982797145844 11.627492338419 43.0361825525761 17.4780165851116 48.3373798429966 138.027260899544 0 314.016066014767 0 4.92416551709175 9.94413417577744 0 0 0 0 155.169981241226 2.48026177287102 4.33632344007492 0.868413686752319 107.93122240901 0 1.32210958003998 1.37443566322327 101.916176050901 1.53318729996681 2.42580664157867 0 0 0 8.4298640191555 1.72122585773468
13.5303843021393 725.960616409779 54.2359272241592 4.54260003566742 1.85656893253326 7.2299237549305 26.2273200452328 31.0596880614758 85.8416557013988 11.0033085644245 10828.4160528183 6.99727901816368 0 46.1363941133022 0.557734370231628 6.96428310871124 93.1359306871891 703.161974281073 286.554409533739 5.1945838034153 21.9484059810638 211.207931011915 51.254111289978 89.8012342303991 7726.01100209355 5108.13261976838 8182.35513192415 37.4807907342911 50.7937553822994 23.9210236370564 5068.45759472251 15.1128844916821 2.8026670217514 2465.05475771427 43.617015093565 1431.29629534483 2898.98293536901 1736.41619291902 2093.6618309319 90.2362903654575 365.318410724401 3581.31545424461 21.8432060480118 86.6307320594788 58.8954427242279 6.64530259370804 0 0 29.8459438383579 0.567433714866638 16.5303092300892 20.0308527350426 0 0 0 2.29532951116562 0.873674929141998 2.04958733916283 0.88261204957962 322.247204333544 0.372067332267761 719.813222587109 0 0 0.698280930519104 9.32053020596504 64.6677063107491 26.2011817097664 0 0.848950535058975 10.1141569912434 11.0452598333359 3.50906822085381 215.276088178158 278.585965245962 195.78497749567 4.3907156586647 0.326256543397903 2.05402565002441 47.3458632528782 0.669247567653656 0 24.6936532258987 31.0706067681313
16155.347170651 27.4324993491173 377.51592695713 141.177697181702 92.2860271036625 1410.41233557463 10969.7371941507 14763.9290952981 419.680950462818 1204.07950922847 379.870985299349 510.666525244713 46.1363941133022 0 109.498326420784 52.4854713827372 203.653352096677 22.7034458816051 34.5232512950897 196.83068561554 754.144097164273 99.8782879412174 1221.36030828953 742.185489729047 9.63110104203224 158.141541987658 293.930439531803 1637.364053756 14175.4411315024 3081.32611328363 3.37011468410492 2683.98436841369 166.751988500357 2181.17242759466 106.783872783184 1255.22438953817 54.9874688982964 841.198223441839 30.9762845933437 1023.53509655595 652.669705718756 14.2505294680595 24.3010296821594 1.09037864208221 20.334606051445 14.8042085468769 7.83951583504677 3.04283700883389 0 8.58381187915802 0.416020542383194 6.42187917232513 4.85573008656502 0 8.11759886145592 78.5953301787376 17.2413975894451 42.2801501750946 18.3320968449116 2.42883449792862 3.9689684510231 2.44610098004341 19.6711527258158 1.21389448642731 19.6710045337677 3.37753412127495 0 0.891921043395996 2.86810550093651 22.6873798668385 18.217601120472 43.9503606259823 203.30823379755 2.6722839474678 4.01606324315071 25.2092321813107 238.127270892262 27.9014714062214 41.3893956542015 0 0 5.07598757743835 14.9986566901207 18.8503352999687
13.3910408318043 33.1334399282932 3.25177308917046 71.8186574578285 2577.37970560789 2451.90362212062 152.137964874506 1109.58663895726 1414.12715217471 225.507980376482 5.31468397378922 3111.63573917747 0.557734370231628 109.498326420784 0 3.95076167583466 0.820355534553528 0 0 100.227202504873 5.62123763561249 132.928056865931 4.12352269887924 610.851298749447 7.26476919651031 6.2671374976635 38.7276288866997 166.583270639181 56.6416724920273 17.8920060694218 0 188.392542660236 0 69.7431989610195 34.7137497961521 111.403560131788 4.62080526351929 14.2892066836357 0.794326335191727 11020.2914435267 168.280745625496 0 15.8100417852402 0 0.633798003196716 0 19.1574095487595 0 0 0 0 0.301123380661011 7.90784260630608 0 5.23775044083595 18.3867422640324 1.12690889835358 16.749530673027 15.0513708889484 0 28.2620552182198 0 1.5211483836174 1.27092313766479 3.14106690883636 0 0 0 4.23022776842117 0 1.01771283149719 3.22471633553505 26.3528602719307 0 0.40109458565712 1.52146109938622 29.0255421996117 0 1.38725292682648 0 0 0 2.06155675649643 0
27.1242001056671 233.022859036922 175.780589491129 12.5517525076866 0 40.1154992282391 401.44468036294 52.5134256482124 114.58651265502 44.3039329349995 13.4765024483204 5.07648366689682 6.96428310871124 52.4854713827372 3.95076167583466 0 67.3798221051693 2.55623948574066 11.9242803752422 2.84224325418472 9944.61109498143 3771.62206375599 24267.4809103906 2346.60988911986 28.710005491972 51.2800436913967 7511.60339769721 3378.49699950218 137.599306762218 541.809061050415 0 0.410440981388092 54.3131133019924 440.10035225749 16.1223311722279 348.269601821899 16.6042784452438 224.17774155736 12.8670606315136 16.7906977534294 13.7156662642956 0.926201522350311 134.630606174469 39.4940721988678 109.163429379463 57.6872431635857 4.96593233942986 0.698539853096008 0 2.51829022169113 8.0097114443779 40.4825845360756 0 0 1.54211860895157 23.1675889492035 0.799413233995438 13.3779200315475 1.05322283506393 2.46030044555664 0 1.29555973410606 3.97928139567375 0 442.986017495394 13.4049472808838 0 1.74211058020592 0.930529415607452 144.928967803717 315.419667482376 833.29375103116 97.4002086520195 0.811442971229553 15.8460893332958 238.117585092783 139.238238722086 22.7764917016029 58.2702377736568 0 0 0.797528564929962 28.3841958045959 5.6228021979332
107.207773804665 597.809715151787 2956.08726653457 0.887349545955658 0.726889491081238 20.3203196823597 196.716298490763 140.560272097588 38.2784192562103 11.3595380783081 1252.35060688853 5.12680202722549 93.1359306871891 203.653352096677 0.820355534553528 67.3798221051693 0 663.073527783155 11143.6340824068 2.06912344694138 1583.41618955135 157.177103191614 12620.1288409531 60.8782894611359 265.799701929092 9204.74417755008 6339.33598747849 186.20361712575 312.781558722258 1400.87904778123 34.6294298171997 1.64471009373665 39.1978177130222 1963.28445212543 33.3758751749992 765.767693221569 250.007277071476 1829.43446820974 185.861540466547 38.2272496819496 24.301257699728 5.91226175427437 52.6464360356331 15.0559939742088 72.2754278182983 22.5742380023003 1.64171183109283 0 0 0 85.192374587059 116.064604878426 0 0 1.01759588718414 8.73187962174416 0.567495405673981 1.64380043745041 0 20.6181911230087 0 41.515206694603 3.70717629790306 0 9.71140548586845 51.4899708330631 15.7639609575272 66.732008934021 0 10.1749342679977 21.2661811709404 70.3814010322094 4.63546624779701 45.3511236906052 331.392609983683 361.96685564518 11.02659958601 0.399682551622391 6.72779819369316 6.25217834115028 0 0 25.4037744998932 18.37731808424
3.95170122385025 48.9195283651352 66.6043482422829 1.61243331432343 0 2.5170693397522 3.48708617687225 13.1873570978642 4.95223352313042 0 9994.13811117411 2.80066812038422 703.161974281073 22.7034458816051 0 2.55623948574066 663.073527783155 0 8828.48319008946 1.43632364273071 22.7836344540119 16.7995604872704 93.8334734737873 6.4432255923748 616.630382061005 7039.65532997251 1201.53293204308 5.80908104777336 11.2133391201496 14.2002220749855 241.73193731904 0.753678798675537 0.570752024650574 367.689729601145 5.38567334413528 149.189541637897 401.626853227615 801.255341112614 130.931713759899 4.37014806270599 1.38508296012878 32.9334731698036 8.05532523989677 10.9185842871666 21.0418491959572 1.20463001728058 0.766436636447906 0 1.89023494720459 0 10.8434651196003 2.57604384422302 0 0 0 0.653122961521149 0 0 0 71.2457966804504 0 243.789348691702 1.98270153999329 0 0 1.4658243060112 56.8257034122944 13.9961021542549 0 0 1.86396455764771 4.40658158063889 0 119.729337990284 176.818845540285 85.5114732384682 0 0.382687747478485 0 29.669901907444 0 0 2.728590965271 3.47295618057251
28.3899309039116 169.288618326187 348.548992007971 0 0 2.35234928131104 25.4768798053265 23.3012368381023 14.2533716857433 1.55534934997559 6736.31847476959 1.34557783603668 286.554409533739 34.5232512950897 0 11.9242803752422 11143.6340824068 8828.48319008946 0 0.883728384971619 178.71352237463 45.3669254481792 959.587172657251 21.6634755134583 830.197373181581 11348.7950561345 2901.03681853414 36.2227843999863 51.9569440484047 171.377071291208 92.2586094141006 2.03236496448517 7.32161778211594 1259.41351008415 10.8961418569088 471.599967688322 533.248296618462 1591.53338187933 176.881089627743 11.8822267949581 3.7952236533165 11.799678504467 8.63380151987076 24.7161110639572 50.638018399477 9.07251411676407 0 2.5518593788147 1.35412973165512 0.699357807636261 32.8692027330399 19.867529630661 0 0 0 2.05746212601662 1.52827298641205 1.69017255306244 0 70.6080738902092 0 131.72081798315 0 0 3.06588637828827 6.34999006986618 59.5347191393375 69.8959451913834 0 4.08799648284912 7.29188531637192 7.63089114427567 3.35531759262085 155.975537389517 373.882972538471 296.686760365963 1.2131085395813 1.87086987495422 2.81615728139877 13.1357505321503 0 0 18.3345859646797 10.0228098332882
41.993316590786 0.655549705028534 2.24463927745819 27255.7587378621 4.8276309967041 819.46582916379 815.882590413094 387.408652871847 254.726352840662 20743.0658997893 15.7477602958679 19750.5519887507 5.1945838034153 196.83068561554 100.227202504873 2.84224325418472 2.06912344694138 1.43632364273071 0.883728384971619 0 6.87774947285652 4.61091834306717 6.62895447015762 1188.56033059955 0 0.636148035526276 3.82673612236977 4991.12497797608 121.912034034729 10.1616399288177 0 8.58723250031471 8.73310381174088 82.840894728899 466.100288748741 230.987481921911 1.22756195068359 46.1595421135426 4.17639556527138 168.211902320385 39.7266105413437 0 24.2339560389519 1.57427024841309 2.5797381401062 0 25.4846715927124 0 0 0 0 0 44.5007438063622 0 9.41465267539024 53.2439485192299 11.468802601099 65.4807735085487 41.6784670948982 0 85.7068169116974 0 6.65302303433418 7.61852037906647 0.658872306346893 0 0 0 10.5785347223282 1.51062971353531 1.3614022731781 0.885515093803406 90.0617933869362 0.754771173000336 0 0.999582856893539 74.7857225835323 2.52243739366531 1.98514246940613 0 0 1.22991967201233 0 3.86620724201202
396.42326772213 168.184386461973 2274.74159288406 19.4906541407108 0 171.094909340143 2334.51416361332 589.974906668067 198.881398558617 101.71492767334 104.387735128403 13.6394680738449 21.9484059810638 754.144097164273 5.62123763561249 9944.61109498143 1583.41618955135 22.7836344540119 178.71352237463 6.87774947285652 0 1576.94413357973 35188.619946003 1204.56387019157 30.5041901767254 626.365555107594 2631.96537029743 9827.55599394441 1123.51619237661 24081.1128312647 4.68293836712837 8.71918606758118 268.816186010838 4419.06920951605 95.7551480233669 1669.76637911797 67.1921198070049 1922.67033401132 90.4686113595963 128.633004039526 78.6518321335316 3.35971531271935 171.322849273682 31.3765336275101 104.163746267557 42.1721436679363 9.02943080663681 0.505260109901428 0 12.2958521544933 14.6720286607742 71.4637336730957 0.48826339840889 0 2.83910247683525 38.683460265398 6.16318392753601 31.0513582527637 3.94816762208939 1.61557883024216 0 1.28656685352325 13.8294205963612 1.21503564715385 420.680847376585 20.4322580993176 1.22909784317017 9.4778345823288 1.54703116416931 289.218700170517 218.141950547695 616.632529735565 177.74801710248 2.89266428351402 28.0141746997833 238.886598855257 312.381968528032 31.8757230043411 115.873366177082 0 0 16.3894420862198 55.655750721693 35.9670816063881
57.857380181551 3237.21542528272 319.763433039188 26.0404277443886 5.34149250388145 35.8298674225807 303.499536514282 86.0445039272308 3823.47746193409 31.1101531386375 161.188535183668 25.2204342186451 211.207931011915 99.8782879412174 132.928056865931 3771.62206375599 157.177103191614 16.7995604872704 45.3669254481792 4.61091834306717 1576.94413357973 0 2478.29916518927 8086.30760839581 742.945348471403 228.936983555555 6749.66748604178 1991.28934216499 241.049528151751 894.252609759569 9.445940554142 2.87339007854462 79.2760788798332 393.518157124519 32.7845160365105 728.920101583004 91.5183990895748 368.853973925114 38.2570134401321 222.593836724758 29.1700250208378 33.4621033668518 88.7825844287872 21.3556881844997 81.9255206882954 44.0109173953533 7.3216644525528 0 0.666251540184021 8.90066719055176 14.4053332209587 48.8335835039616 1.15668728947639 0 1.7368172109127 27.8511939048767 6.77924373745918 21.6274109482765 6.47510397434235 2.93554973602295 1.15643930435181 10.8989765048027 9.51949098706245 0 293.16494423151 16.3206778764725 0.590190351009369 8.16935074329376 0 107.423830628395 305.138918310404 495.872826009989 84.6024487316608 3.44093158841133 28.6476483047009 192.024240195751 97.5372307598591 8.57750391960144 50.772224843502 0 0 8.85592353343964 45.1010775268078 18.5656027197838
652.96651288867 775.884010285139 21192.9814921618 24.1818732023239 2.89048546552658 214.568784624338 2972.70552508533 953.119907081127 173.52789914608 136.340559959412 337.709908366203 15.4947839379311 51.254111289978 1221.36030828953 4.12352269887924 24267.4809103906 12620.1288409531 93.8334734737873 959.587172657251 6.62895447015762 35188.619946003 2478.29916518927 0 977.983492702246 105.498456865549 3848.12526923418 21948.9322011471 6528.15505602956 1328.34280073643 10923.2977360487 12.9347064197063 6.75585171580315 232.825702518225 4705.95859521627 158.234806060791 2726.93413043022 403.663736373186 3902.5137783289 249.947859168053 237.638260036707 160.111867129803 4.31491383910179 443.869241148233 143.999891996384 432.924485266209 190.680422097445 14.7648196220398 0.282013565301895 0 7.79423230886459 124.170364677906 391.211718946695 0 0 1.77368226647377 79.2513498067856 11.8276369869709 24.1711357235909 6.37946423888206 10.9819673895836 0 6.56965672969818 19.2277487516403 0 868.983579933643 109.839151233435 6.71300122141838 28.616726577282 1.32915633916855 245.246898204088 744.434444159269 2442.25568842888 189.178350865841 10.5626347064972 148.206931531429 1791.48950329423 241.520907193422 27.5330917835236 90.7626315355301 2.07128328084946 1.27950417995453 8.20438468456268 107.896511435509 100.444318681955
302.57479339838 953.776448100805 131.323063015938 3613.35150498152 36.742088675499 522.410444617271 5149.75452500582 797.281109586358 10659.8894842565 1341.86891394854 58.1936169266701 786.647961080074 89.8012342303991 742.185489729047 610.851298749447 2346.60988911986 60.8782894611359 6.4432255923748 21.6634755134583 1188.56033059955 1204.56387019157 8086.30760839581 977.983492702246 0 242.30280803144 113.628972917795 2325.89715318382 41279.0796912014 1111.68265986443 1668.07359626889 4.25394386053085 18.2524151206017 410.060106158257 502.513743728399 135.018916666508 1573.8870755136 34.6204555928707 351.099084913731 33.487576931715 927.062885731459 67.5829451084137 4.55576056241989 265.090319395065 13.5485903322697 124.032904654741 66.8340806365013 134.954056352377 12.9822924137115 0 46.4224908351898 9.27005928754807 37.1883024275303 81.1899235248566 2.89223855733871 63.6322860121727 581.29796987772 154.669658184052 540.531915575266 329.876583576202 4.74335610866547 154.555584549904 4.35029867291451 179.57643532753 29.3929809629917 215.054443657398 4.73947563767433 0.475906699895859 3.89898726344109 71.2386147677898 180.93526083231 159.676923751831 285.207128077745 1918.33809491992 3.49214506149292 12.2380313277245 103.03245267272 1710.74032869935 198.953841686249 220.658475518227 0.398453563451767 0.51783949136734 52.8485440611839 120.089588701725 21.8384385704994
7.98453426361084 3351.07035678625 85.6735743582249 1.25472009181976 0.860425710678101 5.67064470052719 7.99739184975624 8.26320192217827 210.132196098566 2.37924674153328 4397.84296056628 4.03101682662964 7726.01100209355 9.63110104203224 7.26476919651031 28.710005491972 265.799701929092 616.630382061005 830.197373181581 0 30.5041901767254 742.945348471403 105.498456865549 242.30280803144 0 2371.20571047068 4730.64731654525 37.7065697610378 15.0167870521545 14.6908763945103 172.98364931345 0 1.23265156149864 409.760412365198 3.46356308460236 161.14373087883 774.989648848772 773.068948924541 76.1579813361168 19.942672431469 8.00677859783173 1535.95165929198 38.919116973877 63.3905015587807 131.093623042107 10.84506970644 0 0 16.1757185459137 0 39.1190350651741 52.5199539065361 0 0 0 1.81121331453323 0.616959154605865 0 0 209.108871519566 0.649221479892731 525.065368354321 5.55856502056122 0 0 22.0731451511383 179.903445065022 139.954354137182 0 1.46955496072769 35.8061683475971 24.5172072052956 5.6918132007122 571.437555134296 794.982771873474 554.26183706522 3.69954407215118 1.26772153377533 10.149072855711 65.7378623783588 0.911225557327271 0 48.9933638572693 5.71575230360031
76.3623704016209 1156.78787985444 14668.3004712164 1.47888571023941 0 30.1605841815472 305.534467026591 155.189751774073 87.4285625517368 12.335002630949 9918.85304182768 2.97878646850586 5108.13261976838 158.141541987658 6.2671374976635 51.2800436913967 9204.74417755008 7039.65532997251 11348.7950561345 0.636148035526276 626.365555107594 228.936983555555 3848.12526923418 113.628972917795 2371.20571047068 0 31507.54957816 221.145796626806 174.118139833212 619.204669654369 2947.15712663531 7.76106512546539 29.3379923701286 1483.73570293188 51.3166314661503 1134.8195964992 1010.3615398109 2554.06934562325 410.910287320614 41.6852404177189 16.8814848661423 36.5681735575199 122.206391751766 98.706779807806 263.487242162228 57.6944543421268 1.74797713756561 0.440419733524323 8.29087209701538 0 196.946061968803 195.280475735664 0 0 0.45074450969696 16.2172002196312 1.39215707778931 3.55446895956993 2.470822930336 244.904945760965 0 553.98075184226 6.74177780747414 0.859658777713776 20.1398136019707 134.368953704834 167.699327558279 236.420864760876 0 27.3288455307484 29.6787610650063 93.7705372869968 6.24908712506294 511.503252208233 1573.85190200806 1189.07019722462 17.7629851400852 2.75300645828247 21.9183611869812 79.2160608768463 0 0 91.4525007605553 46.0310007035732
142.081860363483 8874.090277493 14852.7182658613 15.0729004442692 4.38522687554359 125.839416652918 1139.40115654469 255.863504394889 743.669971376657 87.7039500176907 4177.51606726646 14.3343684077263 8182.35513192415 293.930439531803 38.7276288866997 7511.60339769721 6339.33598747849 1201.53293204308 2901.03681853414 3.82673612236977 2631.96537029743 6749.66748604178 21948.9322011471 2325.89715318382 4730.64731654525 31507.54957816 0 2296.60009673238 325.487198829651 1402.82439917326 2578.3080869019 12.1431075632572 79.0888359844685 3310.23885428905 270.958334505558 5652.19347298145 2193.72989758849 5913.15583559871 796.927167445421 431.196084916592 181.369389206171 91.6473674476147 558.137890934944 336.058088928461 920.630389243364 266.123399525881 20.5185105800629 0.988297879695892 15.4309813976288 8.02749814093113 735.240767419338 1374.73722907901 0.7289959192276 0 2.04889732599258 99.01600882411 20.1745287775993 22.7337810993195 9.71709468960762 211.476442426443 3.79125609993935 521.284284025431 31.6655159592628 0 408.250306755304 497.775633275509 179.923126965761 358.653164327145 0 178.032174646854 620.184122473001 2050.53534045815 100.121335029602 517.275578707457 2026.46402412653 4598.96328958869 147.797118604183 16.6085976660252 93.2260632812977 54.215456455946 0 2.74463102221489 243.993262887001 181.558192819357
582.648101270199 201.336676836014 1098.37775525451 14451.3607337773 8.87918439507484 1551.6688516438 24948.9315831363 1736.45500212908 3886.52060750127 13207.0540102422 55.6759952008724 1045.22513508797 37.4807907342911 1637.364053756 166.583270639181 3378.49699950218 186.20361712575 5.80908104777336 36.2227843999863 4991.12497797608 9827.55599394441 1991.28934216499 6528.15505602956 41279.0796912014 37.7065697610378 221.145796626806 2296.60009673238 0 2037.01261463761 11359.4353432357 1.79938232898712 24.2334891855717 745.904831498861 1429.37109741569 273.639802366495 3162.97909009457 44.8888720870018 809.22942841053 98.892274171114 542.012310922146 168.497980624437 2.79130673408508 351.57994478941 22.1364954710007 137.190626591444 106.31422790885 184.544874846935 20.8076990544796 1.49232196807861 65.1645343899727 17.7111450135708 54.078042536974 158.007176309824 0 105.908323436975 788.107998520136 220.214467048645 618.818075031042 387.317834913731 5.48879194259644 176.120103895664 2.47360584139824 255.500026673079 42.4645464420319 332.039575904608 25.5472607314587 0.551581561565399 3.98110365867615 96.074398547411 278.525921732187 165.548658162355 391.114466279745 2102.93589308858 3.91319090127945 29.413870036602 156.30230653286 2274.6314407289 281.456004261971 339.364307910204 0 0.482254892587662 65.4659876823425 160.25517898798 54.1833827495575
7778.59079684317 37.9907188862562 243.433669984341 140.570977091789 203.042913526297 629.801183730364 2928.0060056746 2869.36052301526 561.792817533016 534.549868166447 349.450272500515 284.857245892286 50.7937553822994 14175.4411315024 56.6416724920273 137.599306762218 312.781558722258 11.2133391201496 51.9569440484047 121.912034034729 1123.51619237661 241.049528151751 1328.34280073643 1111.68265986443 15.0167870521545 174.118139833212 325.487198829651 2037.01261463761 0 10971.9286561608 1.47445726394653 3309.54582461715 12398.1608054638 4619.80990740657 118.074170321226 1735.92117913067 57.6366930305958 1292.75095650554 52.7909238040447 969.363416105509 1060.98211216927 8.56939113140106 29.4023317098618 1.29749917984009 20.1594058275223 21.8127250373363 8.25429141521454 1.38145065307617 0 11.7780659496784 2.81456097960472 18.4300373196602 6.30614778399467 0.923360228538513 5.1868933737278 62.7865940034389 18.1227326691151 44.7143868207932 11.9299337565899 0.355648219585419 2.93383178114891 1.13962173461914 29.7036448121071 0.947366803884506 54.6433156430721 0.888720333576202 0 0 2.67395940423012 64.251093775034 22.9142423272133 81.7715310156345 234.284917891026 0 10.5231117606163 30.8178800940514 247.006016910076 44.7776420414448 67.5926534533501 0 0 17.8017457127571 22.7581207752228 36.2523835897446
3083.98262360692 111.004882216454 1863.32466942072 22.3902295529842 3.6455197930336 200.155457764864 16632.51118958 1873.77328757942 892.283408492804 113.869371533394 103.833571016788 11.1354140043259 23.9210236370564 3081.32611328363 17.8920060694218 541.809061050415 1400.87904778123 14.2002220749855 171.377071291208 10.1616399288177 24081.1128312647 894.252609759569 10923.2977360487 1668.07359626889 14.6908763945103 619.204669654369 1402.82439917326 11359.4353432357 10971.9286561608 0 3.2714264690876 27.3098690807819 845.408196419477 3727.6924175173 139.774529844522 2106.40317648649 57.0706567466259 1642.98585811257 111.50535184145 144.387155711651 133.20289131999 3.90903994441032 130.566038191319 23.3743422031403 93.0634713470936 42.633965909481 17.815188139677 2.09085500240326 0 22.175573527813 14.2841839194298 41.8492023348808 6.0672952234745 0 1.65027955174446 94.4177784323692 30.4830673784018 61.2823525965214 15.4690259695053 1.80542516708374 2.37573331594467 1.23670628666878 36.7710199654102 0 184.871801763773 18.3526690006256 0.331619143486023 5.92951261997223 3.4932167828083 173.299289315939 108.735364437103 280.053471237421 383.769701361656 1.73896080255508 31.0453445315361 140.588845312595 547.927205443382 71.6461167633533 174.603349298239 0.625089943408966 0.65299654006958 23.3428656756878 60.6124505996704 32.2474646270275
0 27.3865254223347 12.3307611048222 0 0 0 0.968726575374603 1.05945473909378 3.08235466480255 0.29987359046936 1397.05237802863 0 5068.45759472251 3.37011468410492 0 0 34.6294298171997 241.73193731904 92.2586094141006 0 4.68293836712837 9.445940554142 12.9347064197063 4.25394386053085 172.98364931345 2947.15712663531 2578.3080869019 1.79938232898712 1.47445726394653 3.2714264690876 0 0 0 37.201897084713 0 20.2516622543335 89.3276736736298 125.441643953323 17.3326869606972 0 0 13.0358182191849 0 5.73421913385391 5.17448544502258 0 0 0 0 0 2.20733922719955 0 0 0 0 0 0.986717164516449 0 0 27.5940996110439 0 76.8909767568111 0 0 0 0 7.03556895256042 2.12428230047226 0 0.502458930015564 1.00957727432251 0 0 20.0613859891891 45.2433203160763 19.6798368394375 0.868866264820099 0 0 4.93762195110321 0 0 1.40663534402847 0
53.5094188451767 2.11425161361694 3.83342519402504 7.17295438051224 2275.28501605988 2820.38118502498 63.4138581454754 3046.17917305231 6.79609578847885 41.5012142062187 87.7545304298401 52.8086054623127 15.1128844916821 2683.98436841369 188.392542660236 0.410440981388092 1.64471009373665 0.753678798675537 2.03236496448517 8.58723250031471 8.71918606758118 2.87339007854462 6.75585171580315 18.2524151206017 0 7.76106512546539 12.1431075632572 24.2334891855717 3309.54582461715 27.3098690807819 0 0 2.50018468499184 3210.47512191534 7.52914386987686 104.235808491707 11.6279462873936 284.975568532944 2.92294618487358 733.874790132046 2562.59331101179 2.64363658428192 0 0 0 0 1.29999101161957 0 0 0 0 0.73856782913208 0 0 0 2.18146568536758 1.13746213912964 0 0 0 0 0 0 0 0.438739597797394 0 0 0 0 0.875915348529816 0 0.512387454509735 0.912048429250717 0.895486354827881 0 0 5.43522068858147 0 0.778968930244446 0 0 0 0.406537652015686 0.522622287273407
