0 126.559056119941 106.917293988918 90.0923501846619 65.5320467395076 67.9837583642294 34.6279215485061 43.730020596068 77.3365910958723 88.0169249294401 86.2640345038446 90.3612609285241 118.356549571041 16.6740912019716 80.7264934897313 103.127803074093 111.701175597712 128.715350349622 125.170729018348 87.2688587922582 89.3330645945618 86.779943149768 97.0404620263769 81.5376081267376 120.953715113434 126.22488867291 128.538468945043 80.4532183551825 22.5452480597504 46.0379884005174 0 72.072346052727 33.6807201050464 56.0190505552755 99.5438094064293 64.4621744509453 88.9165955518235 66.4761102417962 93.9119440320572 53.2416655146983 60.8141402581303 77.2378699518418 141.854352038636 217.365641949476 175.053138048106 137.29961195807 130.700370701984 0 0 146.91741296866 153.551598599866 173.955351970945 142.795745849609 0 182.866876040146 151.058544595491 192.99853515625 87.2178963539896 164.934956846585 0 178.391555786133 0 172.610416020978 0 139.464977919151 193.605640872998 0 240.799041748047 0 137.853889889689 99.8502334703619 161.688880488957 126.776676185888 213.539443969727 181.078902836467 168.053416802309 136.450499465814 161.660364528775 141.460180187646 0 214.621948242188 156.691802978516 149.646504936975 122.503417678217
126.559056119941 0 45.8211750891446 118.616745691896 130.220885272944 140.694474026508 114.933882197169 140.599500463356 71.5521759776159 122.028131530568 56.7970015329231 102.490037101788 52.6519292782489 128.282380331142 112.007429324493 62.6800214328361 57.5289371779584 72.5233785641615 61.0104446775081 118.844635009766 84.2728385395775 31.1041741354914 64.5788080760328 75.896429627736 27.0990664389456 44.8701695242751 32.0579507936726 92.0526059257102 119.068044773732 102.069420367468 66.7820320704707 110.006660461426 120.148029335076 57.766052246613 142.779620869992 74.943149698989 50.3570511344027 55.3380914576325 63.3983571587574 88.2849732402505 77.0695413819615 48.002754444736 90.803983865391 72.1351732187643 78.5141939121031 83.2383802070373 131.453422771652 0 0 123.922210693359 17.7261746052045 60.8316198072583 0 0 0 154.694191096989 143.910591893901 80.8300188315805 0 83.4658786898888 0 70.1122647400338 158.123674004485 0 115.667545197609 79.4481850074315 88.8237608024316 79.4418464974154 167.692040773103 143.577129496864 26.6596828000901 92.9030884044604 114.022209880166 40.725583389342 62.9378503506389 55.0147239322803 158.898591838346 137.859232614249 123.944316859079 100.599310530199 0 132.067153930664 75.8678092630599 144.833953022654
106.917293988918 45.8211750891446 0 126.891724896384 151.586791992188 126.968097120118 94.7848842680405 127.054439895078 113.843820213064 127.064453410306 83.4846073627869 139.996058905163 99.8116203418751 120.876227508275 150.664957632056 79.3256944529994 48.0063848381055 86.0519230903415 71.0363254402891 168.904866427867 66.4926151287935 64.2670469133756 36.0359093510143 98.1953335046895 77.5149607533454 27.7653368599722 38.1208389687878 76.9326237623025 118.286808554573 83.1197444303276 97.5917574309702 154.081661385406 110.216866637851 61.1114695000884 139.408380077461 73.1900184639891 46.0914539800552 56.0894695167415 58.9445210081013 85.4531557613994 76.6733118052252 109.419160776845 118.158517124289 97.1611500286418 103.222127557083 114.329156788961 160.981038479673 199.885720594753 0 141.381555153199 60.9603154133579 93.460954254102 210.113983154297 0 178.975326322361 162.309270416328 192.89671426035 131.932285272036 190.923400878906 140.329548449287 0 128.100417054655 169.859811791585 0 125.358992831857 111.761063404357 139.287508954599 127.052956258624 0 134.852921494956 80.273535815702 114.196972052091 139.049652589457 95.8791359024844 103.703977728962 93.3797970878881 145.907838905726 181.168965063203 142.740828771801 146.768371582031 0 146.12078686757 111.489586992393 150.491851325977
90.0923501846619 118.616745691896 126.891724896384 0 116.660163689185 66.6894351459838 52.3392313601154 97.6482437875501 56.4830326461826 25.0612863651323 148.03845408316 46.9447978859969 129.677382297069 104.668935574451 72.3441849961258 116.807429495099 179.238998413086 183.405210923419 0 13.9882442542888 112.841519851544 88.5798304438696 139.246303628565 25.0763601513506 165.322131290453 196.034437380327 136.650026783848 22.1781656588431 107.203006502477 117.756615669762 0 137.209372163289 87.8204602153782 102.250234337958 69.8292288326443 94.8599279660053 130.707229614258 105.096099943939 107.424001416041 68.0263235184948 108.509705014775 126.13712310791 98.8627866495345 0 167.522097557289 158.851348876953 96.9355274135308 187.780317480897 0 160.233462587788 0 0 54.107026338359 0 156.744275023539 140.833723800851 153.148348581536 87.4564888011487 151.022444844558 0 37.8072880435617 0 169.627037177272 107.152554504205 158.079946983105 0 0 0 140.532423460432 150.180072797005 0 168.318226558355 109.171374444442 0 0 220.868235358589 138.435282627066 174.113144328925 143.358062187507 0 0 178.302297399727 154.041562717278 164.429183959961
65.5320467395076 130.220885272944 151.586791992188 116.660163689185 0 14.9391568880985 113.27531245837 28.7627393623442 55.901686085388 122.433555138164 56.6930569031736 64.063535387601 70.7860951364302 48.4973038714919 18.7699910516588 0 102.783470153809 0 0 113.829008427778 0 98.4172252878352 163.498832307554 79.727660856548 160.565826416016 0 144.184717354957 121.518255569797 24.2184264394447 122.400002857052 0 11.3630966107902 0 13.3807280375625 113.686408996582 67.6413730460759 60.4797985824231 33.032283693852 57.4443161787242 12.4309260571352 8.58199358206527 0 0 0 0 0 0 0 0 0 0 217.595230102539 144.744476318359 0 0 0 0 62.8706321716309 0 241.580932617188 0 0 0 0 0 0 0 0 0 0 0 0 99.394172668457 0 0 0 0 217.331161499023 0 0 0 0 0 0
67.9837583642294 140.694474026508 126.968097120118 66.6894351459838 14.9391568880985 0 49.212925904608 20.3224127518658 61.0106259674726 28.2088581032586 83.6616265335283 39.4211046452325 101.86665237619 47.8590652898777 23.919362567942 112.941872376444 147.061749159982 151.095149046132 169.362552411873 49.5984265384582 108.175126063388 105.796651012401 121.975909003427 70.6026908665911 171.896786257788 160.131008709994 136.658179415621 69.7703828829353 44.5936746345735 94.072490238646 0 16.1218402177068 99.7325185001147 29.0116255586583 23.4513275065396 86.4080037304957 113.536735711671 72.7740940187252 92.9649045868145 22.7310966505377 20.2098318479541 90.2069133880292 107.658750322407 186.226501464844 157.498094846051 190.410948105588 105.134388245361 167.710464477539 0 150.326239677348 0 178.146219498069 154.115971566983 0 159.850667402366 145.912121832827 173.189071522145 91.4571430803609 159.838716373742 236.31330871582 101.87847206273 192.551605224609 176.530649612372 118.730744763931 163.23729406605 202.139038085938 0 0 140.251173144023 154.405811013363 119.42419386973 182.409870374505 120.691684967247 0 249.678009033203 179.702869800412 145.469247297899 180.118659114227 160.198795606623 0 202.841659545898 167.881930143398 159.375614236443 143.480328975097
34.6279215485061 114.933882197169 94.7848842680405 52.3392313601154 113.27531245837 49.212925904608 0 57.8060048429494 59.549120417002 21.6616630632159 128.33820017827 48.2689872680171 120.985684164548 39.2673272631492 74.2680125105444 81.2617021380518 121.52843504069 167.405941846784 138.80259554315 36.446620333352 73.6581741641648 79.9891698497442 85.6627568076509 51.1533560191561 144.04496585644 122.451213742896 109.244787382227 40.4793576347012 64.6657470579807 24.5870776831128 177.571898686651 115.42983793141 68.2744732500592 85.4661378510171 78.6828033971308 79.5019828184776 115.953524538512 94.4492962474895 93.9617064968962 73.284987242417 90.9658837456901 131.992261002653 119.087057187617 162.249426217567 149.779921360795 140.174578754497 100.42534140077 145.411577413674 0 139.619108286881 125.958777385828 160.954543353704 145.230390565875 156.509406787513 150.023462340736 128.791774717011 144.9900986978 76.0158430587725 143.669210931608 210.718260322057 105.480990996962 179.714849676036 153.528083276631 116.437575557775 129.929814687363 178.070353050858 0 197.593247302421 131.526861467539 137.171225677509 103.460258666661 151.98023247366 105.598356874798 178.116747383358 195.110691143258 156.854868917614 124.209715663531 158.631060022013 138.43487379612 0 179.734344482422 137.335153560538 148.283511673177 163.973719375576
43.730020596068 140.599500463356 127.054439895078 97.6482437875501 28.7627393623442 20.3224127518658 57.8060048429494 0 78.0456275851161 47.8087768666944 78.4324037444973 69.1163783579481 88.6522734537699 27.2639239824218 41.6792392502169 111.588293768633 134.497553284594 123.412391883121 142.887409547962 85.3721911701201 105.982548335318 106.447345511805 116.145372818154 89.6478688869752 124.078065015906 145.526717298679 141.602612028773 89.0516890472584 43.2626998909228 79.508893388175 150.620379211026 23.7899824309179 91.7586293307291 40.6909833089718 64.1514476784737 81.167306662846 96.9127077304832 73.4933584816629 125.076401462417 31.890224204429 30.8219015093869 57.9678700066739 142.954469861703 141.995666503906 169.912985678926 167.444283196283 134.730490812542 210.711990356445 0 161.253001597169 170.865183266685 186.660364984168 175.949643865615 197.221305052724 164.136174203677 154.834312263263 170.584158533662 99.057056760284 175.045616321965 0 134.102193290274 159.989045958334 174.777350476541 126.205743849281 151.162852115005 198.34703794239 147.186950683594 209.659979000082 154.651982605962 149.896619275698 135.058132125008 176.146664496734 130.085354158135 197.128463745117 188.956729272851 187.996880063552 146.303645660518 175.12940438578 157.255847701878 0 205.384811401367 164.553217726771 172.298349688707 160.489447221227
77.3365910958723 71.5521759776159 113.843820213064 56.4830326461826 55.901686085388 61.0106259674726 59.549120417002 78.0456275851161 0 71.3727603905735 131.396299638962 26.6980892484043 123.607557197657 86.0679015264843 26.3484754159951 61.241747984216 124.001542478376 137.444772402565 127.696201723293 52.6851832867295 73.541209700665 26.118014374874 94.9979700762032 23.2158538071939 103.250743618891 120.019782553386 95.5138289807374 52.5268991883737 81.8035570374849 65.0364889846699 131.947001736957 126.90289523241 70.5918201255147 76.0228219663551 102.838588261084 67.9104581652792 107.928624785922 93.7861467240763 94.0778170424464 18.2788400990413 85.6643620028253 121.467524647415 47.5870642149274 156.47896248634 106.452486290683 90.0616024985734 41.8251261086373 114.687517839771 0 89.1404366990366 98.6886996254083 128.77088101191 87.5010542555297 0 91.1141615439971 81.1837438733744 105.09246754167 20.4566360086746 92.946225804068 169.208610594999 56.701261098938 188.502773841825 107.513292908197 60.2156769904896 82.3145356196811 155.688841979413 0 156.42366027832 82.8705081251724 92.6084425326754 56.9455410606261 104.798285947052 51.8652540905784 145.50298271332 149.455564223229 118.285020173026 75.9342122773325 103.491850232041 83.7089918710603 0 0 84.7329545316429 101.000259789479 147.646352815761
88.0169249294401 122.028131530568 127.064453410306 25.0612863651323 122.433555138164 28.2088581032586 21.6616630632159 47.8087768666944 71.3727603905735 0 136.233928202138 27.1475348800628 125.406305885916 65.5683032184458 67.1576490885527 100.62526822843 159.886395819706 0 140.541725177881 16.0331728236239 99.579141469723 94.7572357092277 109.475342424952 52.3653838572768 152.005319798197 149.697842190922 123.577874662464 35.5526875854092 105.374748045354 99.1420048187894 233.447647094727 126.278130717873 86.4952029452665 104.804503644478 26.1646460704269 97.268034934262 134.732849121094 105.247690082014 108.275553204761 73.160425985783 102.262378496773 0 109.082013658781 153.74853515625 168.278066501 171.722369598736 105.31367905605 0 0 156.582057865978 195.740356445312 194.328167072162 134.24226535996 0 155.269957065493 141.527577900599 161.315311852268 88.4728760276297 154.492369091561 0 33.5249948245021 0 161.473512033203 120.240524475001 168.345567388885 0 0 0 149.354857684502 163.172851997454 118.910021384766 169.667126094513 115.657125773122 213.68717956543 203.735482035897 175.944977878946 141.766784790191 180.595582852337 164.44641924668 0 186.008895874023 147.503326416016 177.944118665565 162.93782978362
86.2640345038446 56.7970015329231 83.4846073627869 148.03845408316 56.6930569031736 83.6616265335283 128.33820017827 78.4324037444973 131.396299638962 136.233928202138 0 129.121411894296 18.3182509459655 80.1963154023558 97.7454587721192 128.1287833756 54.2435245017696 21.3666633414721 22.4160681176882 139.572932848619 103.957551195631 100.709580853069 82.082812496629 137.598404556819 26.1573110924825 27.2546823500834 51.0182239044395 147.216966176786 69.9015365201358 112.590619122128 24.896334524939 65.0931826976234 94.2965813854451 21.7945798239948 132.001491540392 74.0028061645761 24.5369467557469 25.1128004230283 40.3410382170867 58.6713084593927 47.5712584752536 16.2477959823295 143.12671536592 54.7337639197538 92.7877576286286 133.432188974243 0 0 46.2092722679893 0 83.3451992526658 124.688702486474 0 0 219.365081787109 185.16551002945 240.303802490234 155.476185467088 0 69.3296889944709 0 68.3535687231479 173.948253298015 0 150.639465332031 152.433053239157 95.9461549201697 108.855073948659 0 196.410537719727 114.483984953829 157.369429175949 184.922647250891 53.1156190029335 95.6797289315662 95.7244093121107 200.976933601654 226.963805200917 163.161296228048 93.3112737587085 144.432708740234 0 84.7144760014363 154.048247506127
90.3612609285241 102.490037101788 139.996058905163 46.9447978859969 64.063535387601 39.4211046452325 48.2689872680171 69.1163783579481 26.6980892484043 27.1475348800628 129.121411894296 0 128.005845730452 92.4644504441601 18.9513956446069 111.246723600928 147.348149525671 149.399587048275 164.837982177734 16.3614559675566 129.759039671943 71.9658433132582 135.820380519822 34.2002152493813 157.287515353324 172.117150999871 158.154382601507 52.536870860984 103.74560748948 131.813232600603 0 112.854983594941 98.9616436802765 99.7865060344692 18.2333423520462 84.5226582434977 120.14735023912 103.660545342595 140.448653146321 25.6163103901636 99.4842369253187 0 60.1281376496981 0 151.719681627746 178.217431940908 75.1891635540022 0 0 0 115.529449462891 143.48274230957 27.4379014526849 128.757354736328 121.046581102323 123.921994559505 155.723542943197 72.4404744295513 61.7776787794295 0 24.0023030768547 0 188.412965126918 93.2472379556861 0 0 0 0 16.4386115653143 142.104254977723 104.37179873325 152.066175862417 98.1754436821237 0 237.323181152344 122.596076965332 113.118417948067 146.562188587854 137.791586388894 0 0 0 147.259647480864 218.479858398438
118.356549571041 52.6519292782489 99.8116203418751 129.677382297069 70.7860951364302 101.86665237619 120.985684164548 88.6522734537699 123.607557197657 125.406305885916 18.3182509459655 128.005845730452 0 91.133419379262 167.123474121094 128.799927459599 83.291491477504 42.9513813250288 52.9730522103276 124.869981625285 121.045814102374 91.5648166483454 115.023048470118 130.257391227772 19.3277294666299 20.5723004342626 28.5098910268153 132.407980034624 85.897392801377 120.305139706778 8.9760046825909 65.7439564055819 65.5704211881841 15.6181449186915 74.0713212789143 24.7868331879963 24.0001394771331 28.6055582936339 11.066674743016 44.4697278390679 14.0383253363331 11.9579928071465 104.069265946652 56.9798645461033 89.8360819023599 85.4322153210581 0 0 57.0628195899115 160.097152709961 77.0548331691235 116.657480205571 0 0 0 188.601877631728 122.706176757812 122.25245641057 185.419036865234 70.6312408173516 188.710388183594 67.3424658208665 0 0 156.743804931641 137.753551007144 86.8906850419519 106.432215350033 0 176.960424743196 87.6514081846745 154.103186722338 164.45057495764 52.5424737980791 89.499479410778 92.9687742581922 171.052211140412 237.01921081543 170.521892967623 89.3603620088791 108.433570861816 0 87.902324637626 85.3778566265767
16.6740912019716 128.282380331142 120.876227508275 104.668935574451 48.4973038714919 47.8590652898777 39.2673272631492 27.2639239824218 86.0679015264843 65.5683032184458 80.1963154023558 92.4644504441601 91.133419379262 0 53.540694815357 111.760519824949 127.825551935229 114.570404543217 140.982888278842 96.1710173703828 102.642724417193 103.206203155988 111.3993467175 90.2274898062722 104.150513384045 140.926668744465 137.864952554095 90.9998985973217 27.9316585448004 75.1175655106012 151.940161847095 23.0791471516444 64.3494016088247 48.5794970173983 110.082449484232 72.8272996442253 90.0557049797823 65.2790781356589 87.3748042175698 43.6740571387728 44.4577874844379 94.7055133181884 150.681561450092 197.829437255859 184.515886797578 160.342932746273 161.688201871254 181.746214986353 0 152.069734305195 183.608734130859 204.408856639076 151.160268758786 0 183.188633385073 154.646878970634 182.133198917097 99.5227739834259 176.513429903598 134.102227090089 167.795578170709 191.626662427401 190.076161631815 168.177908731786 157.635230950739 198.579020780647 0 207.808334350586 187.022197939285 157.062425379451 143.489826870225 171.294852100548 132.697508556572 143.835484681614 204.018562265325 181.389808030622 147.350011512063 178.395646550806 157.39672816388 0 0 161.401122521617 156.723660628137 144.818366789218
80.7264934897313 112.007429324493 150.664957632056 72.3441849961258 18.7699910516588 23.919362567942 74.2680125105444 41.6792392502169 26.3484754159951 67.1576490885527 97.7454587721192 18.9513956446069 167.123474121094 53.540694815357 0 108.694264113043 162.293838500977 0 0 60.2540995882907 138.074315071942 75.3987859129704 126.29127840668 47.5152444933242 147.069690472421 189.275063281931 132.673446029758 78.4210234847301 70.5050279681789 97.8606060229848 0 37.7519726764824 0 53.3684627571913 58.5519323675445 48.5648870551692 118.090596241177 89.4884280570802 139.87765827582 13.1894872617188 26.413331970049 0 65.5343674695916 0 188.867874145508 0 69.200331665133 0 0 0 0 163.1474609375 127.045682465211 0 116.17536241217 128.704136369585 135.601512721775 76.5048706629913 127.395695391878 0 80.6476616767979 0 155.750601707535 103.295021057129 121.63631792693 0 0 0 165.954762356805 0 133.128265380859 173.855071515603 94.9904824816124 0 212.693237304688 161.207151907541 123.971721810993 0 125.865245692362 0 0 0 146.109393081575 0
103.127803074093 62.6800214328361 79.3256944529994 116.807429495099 0 112.941872376444 81.2617021380518 111.588293768633 61.241747984216 100.62526822843 128.1287833756 111.246723600928 128.799927459599 111.760519824949 108.694264113043 0 99.5190689745652 139.497055718343 113.746398247537 95.9442493492081 19.6435318406161 31.7743518818344 19.4581349061523 34.0535171720859 103.068481005321 116.893121104623 26.712532681988 30.9226340454911 91.3670416542174 73.6423889417017 0 174.416076660156 77.4669288692029 62.9038501113522 137.472916540399 70.0386488420563 78.9605845623211 81.9971561092077 98.8158716833337 88.0597112816296 92.6945338688563 156.494659423828 109.318455646649 84.3804024640177 105.872802654438 112.765964056884 104.611364962329 195.786697387695 0 114.897508091633 115.17771110112 127.660868999023 0 0 156.962030203552 140.111817646552 142.993894353424 97.8503198070318 158.065996037941 179.458236831696 0 181.769928787832 177.332472836356 0 97.6530319871013 138.064671955264 0 140.73621140829 116.563901562528 107.501426005441 56.469217063257 103.913500264564 108.455674843243 128.629501342773 157.192508602045 106.914863006416 113.3213392193 144.730434470247 118.42181026428 0 0 129.860046386719 116.975005394729 145.252013655383
111.701175597712 57.5289371779584 48.0063848381055 179.238998413086 102.783470153809 147.061749159982 121.52843504069 134.497553284594 124.001542478376 159.886395819706 54.2435245017696 147.348149525671 83.291491477504 127.825551935229 162.293838500977 99.5190689745652 0 52.5175737685634 21.6429401077438 180.157228304525 60.3462332650568 91.428194656863 28.2068662666746 127.822837516739 59.8224684308772 36.55570145334 64.7615039656437 110.743333060223 109.963843497433 80.6263593544644 82.661765144003 173.33631203471 105.125065504634 40.4281591955277 139.615689165392 79.3370873732 53.7861268340644 50.3897021001217 57.318716989846 87.6491135592358 88.0012734280026 81.160620817699 134.60528619512 116.997944137599 121.381833813016 129.064087502259 211.959411042959 0 0 0 72.7702203776894 109.060254155426 0 0 180.643615722656 188.794812442865 198.270126342773 129.143882724689 0 115.552828054133 0 107.15668406069 193.263610560759 0 142.491643467262 117.535558513426 117.148222879601 124.68135840304 0 158.956998634105 106.612256625523 140.052474753281 191.625557466187 84.4162518354792 105.839253618187 107.661683064387 163.137498286983 226.982208251953 171.981638064562 120.144780234371 0 0 128.134312548353 147.78736103086
128.715350349622 72.5233785641615 86.0519230903415 183.405210923419 0 151.095149046132 167.405941846784 123.412391883121 137.444772402565 0 21.3666633414721 149.399587048275 42.9513813250288 114.570404543217 0 139.497055718343 52.5175737685634 0 15.2803392934282 151.065277099609 114.381840404099 121.008556545397 86.0131899568255 160.215021847928 42.1245178175135 24.6032764802813 57.558674112229 169.862355184183 106.848950737052 122.127813335528 47.3785237899724 90.3764801025391 143.793930053711 55.2439241338786 168.057668544343 86.4084915251669 47.3955696285381 50.3379760413906 58.9186203698102 100.12311853884 54.5173263549805 53.3040922380434 159.490347206779 97.0120434961186 101.15725680773 147.205261230469 127.746551513672 0 94.628044128418 0 90.3128284573173 144.624219850938 0 0 0 189.679077148438 0 0 0 89.2032118020461 0 78.999896539927 163.006762095951 0 0 119.733774441873 95.6292249944838 107.150478233126 0 0 100.287834999766 171.886158394594 0 68.1290675147297 98.4132590800316 98.5638182256121 0 241.878036499023 0 99.7483868434293 0 0 94.5459572516979 186.458566038633
125.170729018348 61.0104446775081 71.0363254402891 0 0 169.362552411873 138.80259554315 142.887409547962 127.696201723293 140.541725177881 22.4160681176882 164.837982177734 52.9730522103276 140.982888278842 0 113.746398247537 21.6429401077438 15.2803392934282 0 180.552947998047 85.4897857032497 99.4999767435377 59.3813669040144 139.526453203002 41.4310690062123 24.9096313035869 58.892990470425 141.26145692512 124.997963682699 103.398606685537 53.3413091638336 80.7850473468515 131.737054040894 41.8329135307184 124.953310829351 80.5796108700016 44.2728151729179 46.4052049220213 55.9136063699006 105.311752061098 136.741845896619 62.8630903882699 151.749962240164 107.622297935141 112.972050543791 138.530257493979 0 128.85734003577 142.398149766112 193.412750244141 70.8600268167719 122.145265873586 0 0 0 190.238365257278 152.61882019043 187.494371318532 0 96.7114860804379 0 80.3605750540217 0 0 179.506665189499 139.805443464121 97.8701839110593 108.622726304845 0 163.974406536039 127.62422328008 156.77734227819 176.061017964704 64.2506029433716 96.2084514320142 91.946884416695 195.127860296878 195.923822968459 161.226199620235 99.5794496333175 0 0 106.342598288762 149.356418844997
87.2688587922582 118.844635009766 168.904866427867 13.9882442542888 113.829008427778 49.5984265384582 36.446620333352 85.3721911701201 52.6851832867295 16.0331728236239 139.572932848619 16.3614559675566 124.869981625285 96.1710173703828 60.2540995882907 95.9442493492081 180.157228304525 151.065277099609 180.552947998047 0 140.622114151257 92.9723680577608 161.480908024014 21.087655706013 0 155.76643371582 109.563103856409 24.4695800442784 102.960575221957 128.570255037719 0 121.477238301112 98.8934876002162 101.850187200203 32.8976557754203 94.9066133417307 142.929061889648 100.736494488739 106.818107374444 67.8731606110325 102.896927033267 0 72.1802988322418 210.051391601562 186.57372794525 0 90.5868696164422 0 0 0 0 0 53.6647097561251 0 151.522574641085 131.024189020698 158.491831980837 77.879386216424 142.468212667107 0 39.597874780026 0 154.898682762429 98.8643646134116 153.637191772461 0 0 0 136.253456865705 126.66211194819 120.395294189453 192.853095626251 101.103024210815 151.068756103516 0 166.174909009419 129.993905750225 179.823648840888 127.301502771362 0 0 134.899826049805 0 176.462149052223
89.3330645945618 84.2728385395775 66.4926151287935 112.841519851544 0 108.175126063388 73.6581741641648 105.982548335318 73.541209700665 99.579141469723 103.957551195631 129.759039671943 121.045814102374 102.642724417193 138.074315071942 19.6435318406161 60.3462332650568 114.381840404099 85.4897857032497 140.622114151257 0 53.4445818305097 34.1215428433968 44.939403342636 121.209536760576 93.1397325774918 76.5264126629137 32.6948475317713 86.8513700037659 32.2025504480323 134.366988363456 148.135060220892 79.1949546072116 44.282548246733 134.377215265124 73.5112327532317 73.9972378420445 63.0130708251808 81.8639309396004 89.5996671175548 87.2105644293748 135.218039611586 127.366969964466 110.056897953405 133.616597491684 128.374849759813 131.254294753594 157.930435180664 0 126.163460001569 116.602137348587 128.540444848591 186.148010253906 0 151.749957603419 144.85974029614 187.381876133726 101.805206461289 157.362400364443 172.902394794597 0 155.569206917853 153.559589256719 173.258276070995 107.716269933408 158.860093738624 179.570327758789 177.537297006663 148.825655818748 114.551876635927 78.9726683941422 120.600688613605 114.695753084832 134.235716083929 155.206925586496 128.86876577375 121.917237706813 144.03996248709 131.631467177154 0 0 129.419052109506 124.25593217503 156.970961181541
86.779943149768 31.1041741354914 64.2670469133756 88.5798304438696 98.4172252878352 105.796651012401 79.9891698497442 106.447345511805 26.118014374874 94.7572357092277 100.709580853069 71.9658433132582 91.5648166483454 103.206203155988 75.3987859129704 31.7743518818344 91.428194656863 121.008556545397 99.4999767435377 92.9723680577608 53.4445818305097 0 55.4408716915993 32.2695502504427 69.8291094554474 90.2208329625093 36.0013410035218 53.2467985827249 84.0015753638753 62.6565379761328 106.37932008246 127.749229112333 68.4640548431045 61.4015803594527 135.275295639552 66.8026195702248 64.151094366436 66.7061417331115 81.0946591050342 61.2488608226541 76.4160661511044 88.6437719773523 84.5917949095757 61.3086074747365 79.1290911083752 85.6001434517564 102.632703060236 0 138.443298339844 86.090951498329 51.6762485292339 93.5768353291408 127.674766139332 0 141.570989798994 114.156209839168 176.109649748519 38.8207912252295 137.467298184997 139.819916832502 107.374298095703 128.957842737092 136.367772244576 0 57.3747044829074 122.972498564635 209.877136230469 139.799874578477 0 72.9988910419122 25.3109740575135 74.8992954441376 74.9450340566879 88.9380565838514 114.198554793815 75.4790461878073 91.0495870779011 111.943116597132 88.0340394903182 0 0 72.3332353187075 75.2213795304568 149.487113579642
97.0404620263769 64.5788080760328 36.0359093510143 139.246303628565 163.498832307554 121.975909003427 85.6627568076509 116.145372818154 94.9979700762032 109.475342424952 82.082812496629 135.820380519822 115.023048470118 111.3993467175 126.29127840668 19.4581349061523 28.2068662666746 86.0131899568255 59.3813669040144 161.480908024014 34.1215428433968 55.4408716915993 0 70.3040171085129 97.2176030050211 64.0632997784207 44.2141099947228 54.3281008539817 98.6713521601667 60.7619891068338 115.130229233778 154.278594523831 93.6442452695061 48.3999140553289 133.153477190105 76.6574691327661 55.7202189308531 57.994417285052 63.5334644989828 83.2593809400207 87.9272822933761 103.800575839779 122.615294714289 101.470409741331 114.129490367238 122.648025891106 138.329075762018 176.662414550781 0 168.257024138892 81.8122082999898 111.878837194731 0 0 186.349419653544 164.076985619704 179.07191322047 112.508829380399 193.616130333488 150.843787835082 0 128.102001967775 190.164694086478 0 106.420181573924 133.391345316312 161.560892506762 141.774140558507 159.648140014044 125.592504686498 71.5006133088684 112.772555929077 131.076387782571 117.298377088179 131.693476494038 106.646533996724 136.872721807511 160.287923024913 142.476248477075 187.593402349801 170.078125 152.585965259605 126.849300893334 157.014245620183
81.5376081267376 75.896429627736 98.1953335046895 25.0763601513506 79.727660856548 70.6026908665911 51.1533560191561 89.6478688869752 23.2158538071939 52.3653838572768 137.598404556819 34.2002152493813 130.257391227772 90.2274898062722 47.5152444933242 34.0535171720859 127.822837516739 160.215021847928 139.526453203002 21.087655706013 44.939403342636 32.2695502504427 70.3040171085129 0 112.835630018837 125.703077377423 80.0323503416127 19.933117022148 85.7884398888546 67.8847998912018 142.109485760521 127.125878573661 72.708042396141 78.6379995660083 110.931873447167 71.8619518375167 102.844421546796 91.0046832482929 96.2491050938457 43.4241284644373 94.3180013933062 126.232187070187 96.6963311112628 106.941015608108 121.706134640919 122.371039612777 75.9464872501452 150.035134819362 0 117.617519713167 124.551755854735 134.989710691804 124.24523948443 116.647476367936 123.371267631974 110.014060911697 132.198775004578 52.3122202317611 125.519673407444 170.570163960824 68.1910153183259 164.014459825459 137.613513425591 90.2063544048114 104.50989265562 162.491512139074 172.766693115234 193.207624757228 115.691929227049 109.48457688013 77.9913772808615 120.884966719321 76.199260677886 128.710054313579 166.623350034555 133.05961168297 98.0537807342554 133.75834461735 110.473082299672 188.284790039062 195.50993347168 118.061227974344 123.752595899201 165.717955274388
120.953715113434 27.0990664389456 77.5149607533454 165.322131290453 160.565826416016 171.896786257788 144.04496585644 124.078065015906 103.250743618891 152.005319798197 26.1573110924825 157.287515353324 19.3277294666299 104.150513384045 147.069690472421 103.068481005321 59.8224684308772 42.1245178175135 41.4310690062123 0 121.209536760576 69.8291094554474 97.2176030050211 112.835630018837 0 40.336604999091 28.1292385421702 129.066727269001 111.182753390283 131.003722979685 42.538144629266 0 165.966735635496 44.3483694774049 163.01384685354 84.334025859794 28.0786885940491 45.7767246540007 58.7922626409866 124.236127744838 54.423109439306 17.4481127721955 109.362102571851 59.5440276555126 79.1943573375308 96.8554382287882 0 0 41.9244814192699 0 45.1238281765485 93.7392330850797 0 0 0 162.405614310188 136.776062011719 0 0 64.2772003963844 168.532669067383 53.2844710551771 178.004906974505 0 0 99.0536490517937 68.0598461894829 76.0498952830382 0 164.898044060276 75.337676362131 115.98975910948 168.184368812557 30.2092005517212 66.801829405136 63.1607379364228 162.974542265535 104.173179626465 138.755697867157 69.8255214480856 97.9586486816406 0 78.1251624551978 145.377181250196
126.22488867291 44.8701695242751 27.7653368599722 196.034437380327 0 160.131008709994 122.451213742896 145.526717298679 120.019782553386 149.697842190922 27.2546823500834 172.117150999871 20.5723004342626 140.926668744465 189.275063281931 116.893121104623 36.55570145334 24.6032764802813 24.9096313035869 155.76643371582 93.1397325774918 90.2208329625093 64.0632997784207 125.703077377423 40.336604999091 0 35.6216048471867 114.853935897182 126.293489811575 104.333514823945 19.8415135597816 130.681193546395 121.234840358839 57.6408545858161 157.051317226685 83.2682842501265 50.224930194887 56.9892507622696 60.664498552588 105.940926103975 97.3483853541856 58.8146904852505 126.732009500009 89.7943525334861 101.670584559398 111.692573113596 119.843856811523 228.469696044922 88.6206552253364 0 59.041676699435 99.7354871018039 0 0 216.238784790039 173.528322709519 144.326470383531 168.614420987526 218.841033965627 92.3866243597221 0 79.2061383927512 207.124124877694 181.346160888672 154.598938141317 107.057626188743 95.4525272115858 100.78547245167 0 157.231392338909 123.037679480252 143.074564637375 160.044251758359 66.5172809215892 91.5540438889941 91.058922571021 176.789045712823 213.875542270445 164.642334899716 103.249742019582 0 0 104.415133827261 162.708702813813
128.538468945043 32.0579507936726 38.1208389687878 136.650026783848 144.184717354957 136.658179415621 109.244787382227 141.602612028773 95.5138289807374 123.577874662464 51.0182239044395 158.154382601507 28.5098910268153 137.864952554095 132.673446029758 26.712532681988 64.7615039656437 57.558674112229 58.892990470425 109.563103856409 76.5264126629137 36.0013410035218 44.2141099947228 80.0323503416127 28.1292385421702 35.6216048471867 0 80.8964678494562 129.147396812841 101.255561990792 21.4348033262925 126.65917875741 117.73309232108 64.6819947915105 142.598434050442 78.8391012942093 55.4316896499016 62.1923571048697 67.571404291102 88.4611519401494 81.0868311257883 66.0557754945377 116.506181092849 91.037776803216 99.5270649474564 109.986569280457 124.310232580949 191.177741704753 87.4691449878712 162.094218411998 53.7986999924955 92.2503996952444 182.267761230469 0 195.605271106429 161.52522862174 186.013028139693 130.978574221867 180.656609964741 97.5082857710339 170.230442104071 80.6561494965134 176.71445526882 0 107.313480362466 109.732061105929 96.6262487670348 101.926238948297 0 129.50758921639 68.6376252289463 106.997699442508 142.573200592137 62.6402376149293 91.5567757603082 90.0156691133501 144.431920190577 173.936617162734 149.324446751413 101.452100576429 0 179.447463123812 105.224261141102 156.905841404865
80.4532183551825 92.0526059257102 76.9326237623025 22.1781656588431 121.518255569797 69.7703828829353 40.4793576347012 89.0516890472584 52.5268991883737 35.5526875854092 147.216966176786 52.536870860984 132.407980034624 90.9998985973217 78.4210234847301 30.9226340454911 110.743333060223 169.862355184183 141.26145692512 24.4695800442784 32.6948475317713 53.2467985827249 54.3281008539817 19.933117022148 129.066727269001 114.853935897182 80.8964678494562 0 87.1015542545424 45.5317942460023 156.008732139929 142.499119368102 73.0267191440677 73.2400822253309 101.624618017422 77.2839245151565 100.308808207976 89.7689890228634 93.0926193898653 77.3187023091554 95.3384707334485 129.145021992052 108.781662250029 127.638137750085 136.662842288845 132.233684472166 97.6549270471566 148.912590460557 120.240592956543 128.330788169407 135.079994818023 153.528399002691 132.109057795612 0 143.881359123187 123.993514823047 144.129258429037 71.4716887747805 142.702757201134 183.70545984316 101.157862284961 170.473645863416 149.32892105209 116.811274233276 109.953698877352 168.687877265278 200.836975097656 193.420562807266 135.730576599926 118.245673569184 92.093509805966 128.946435351476 100.15260057167 148.855959556695 172.651285753214 141.716253773456 116.394966561509 146.798063618674 122.008086064397 0 195.348449707031 127.950790197355 133.19867730005 168.503595137959
22.5452480597504 119.068044773732 118.286808554573 107.203006502477 24.2184264394447 44.5936746345735 64.6657470579807 43.2626998909228 81.8035570374849 105.374748045354 69.9015365201358 103.74560748948 85.897392801377 27.9316585448004 70.5050279681789 91.3670416542174 109.963843497433 106.848950737052 124.997963682699 102.960575221957 86.8513700037659 84.0015753638753 98.6713521601667 85.7884398888546 111.182753390283 126.293489811575 129.147396812841 87.1015542545424 0 34.3076087868734 138.679697924581 16.093622097137 22.2239151112401 35.2244069841956 116.1725937534 64.1152165788966 80.4419503133575 54.554981779716 74.7022974466703 42.7338982848257 35.9754221431735 87.2501280258439 158.378266698067 158.149856567383 157.052520686095 155.135973706245 140.794402430403 161.137023925781 0 153.098527727675 157.246670860418 161.239641272086 169.019871229564 201.581817626953 190.21417181716 148.685631241098 183.35608019872 106.060160222413 181.103973044664 221.307312011719 129.077748810224 163.527404785156 175.373625084596 156.782470300575 130.250463284509 214.191099314401 0 0 174.549570100094 139.564852224111 117.462453409671 157.387706134037 129.939451536663 0 194.135783391047 167.268657136398 143.890002268186 172.525906751218 145.866913101158 0 0 149.63248461936 147.177070264777 128.869317999803
46.0379884005174 102.069420367468 83.1197444303276 117.756615669762 122.400002857052 94.072490238646 24.5870776831128 79.508893388175 65.0364889846699 99.1420048187894 112.590619122128 131.813232600603 120.305139706778 75.1175655106012 97.8606060229848 73.6423889417017 80.6263593544644 122.127813335528 103.398606685537 128.570255037719 32.2025504480323 62.6565379761328 60.7619891068338 67.8847998912018 131.003722979685 104.333514823945 101.255561990792 45.5317942460023 34.3076087868734 0 151.365655002053 127.786840407147 58.0825042513911 43.3378519388052 131.5894627092 69.4305900280839 88.8760905966755 68.3510843059032 82.73238728015 86.5246762644616 85.7401771605939 91.6120176235565 128.800063984048 135.285494363908 138.338687618919 130.372379681559 136.46385357202 149.629266848113 0 143.077100698102 150.713484346895 144.217535187087 162.923666124746 0 161.447116489235 138.629793710723 160.478764220582 83.937630817066 160.231983593575 179.872704422725 115.596503758518 169.946784059535 159.532931449377 0 114.715105509865 164.775040923709 188.715255737305 183.486212832687 142.685578822998 118.160295081512 86.6967200412398 133.053371112267 112.909012131045 166.876684046849 169.27588947004 146.624678359025 120.243194080148 150.811315153496 125.225825602795 161.51725769043 174.467590332031 138.175981480041 129.704644315883 153.25254548724
0 66.7820320704707 97.5917574309702 0 0 0 177.571898686651 150.620379211026 131.947001736957 233.447647094727 24.896334524939 0 8.9760046825909 151.940161847095 0 0 82.661765144003 47.3785237899724 53.3413091638336 0 134.366988363456 106.37932008246 115.130229233778 142.109485760521 42.538144629266 19.8415135597816 21.4348033262925 156.008732139929 138.679697924581 151.365655002053 0 0 0 74.6502522769901 0 105.831039800782 56.00001869865 66.1026158769679 72.5793891666599 0 0 57.3223616286611 0 80.2068734376635 93.9575225272741 0 0 0 0 0 66.1694025799086 0 0 0 0 0 188.580902099609 0 0 90.8686506449927 0 81.6099629100993 0 0 0 0 102.147390471054 99.3600150544393 0 204.697814941406 150.580635251175 0 0 69.6705629082961 99.4685766950304 102.616589493613 219.38850402832 0 0 100.750987748628 0 0 116.067369269108 0
72.072346052727 110.006660461426 154.081661385406 137.209372163289 11.3630966107902 16.1218402177068 115.42983793141 23.7899824309179 126.90289523241 126.278130717873 65.0931826976234 112.854983594941 65.7439564055819 23.0791471516444 37.7519726764824 174.416076660156 173.33631203471 90.3764801025391 80.7850473468515 121.477238301112 148.135060220892 127.749229112333 154.278594523831 127.125878573661 0 130.681193546395 126.65917875741 142.499119368102 16.093622097137 127.786840407147 0 0 88.6337248442492 21.26337685702 114.485540062421 83.1637510830364 68.6005008741679 42.5488503165889 68.7774559359451 35.121520772281 21.450657927502 62.6994726806884 0 0 0 0 158.440628051758 0 0 0 0 240.635940551758 0 0 0 195.432910110577 247.491027832031 0 0 0 0 0 0 0 174.963317871094 0 0 0 0 167.051376342773 0 162.684692382812 172.578507617824 139.561859130859 0 0 189.900710247043 0 189.505355834961 0 0 0 217.411514282227 146.583724975586
