0 1.89439344406128 146.984464138746 7.88948276638985 5.94888842105865 79.6357561349869 5002.37294390798 1258.04716789722 22.6069424152374 430.423914760351 13.3474906682968 16.7734080255032 0.815053999423981 15812.2226496339 10.7626235485077 6.49461016058922 89.4232499599457 1.61135518550873 8.5032377243042 31.9802640676498 240.006663918495 2.4965378344059 398.501948565245 75.3180777728558 0.426858246326447 41.070057362318 42.2510453164577 130.177945196629 11647.6826609373 3049.80361917615 0 7.85602268576622 539.601037204266 714.456422179937 23.2801200449467 314.933050483465 9.36815389990807 149.564172714949 85.255516320467 108.905430823565 60.8468029797077 3.01373520493507 7.12998396158218 0 0 1.09619605541229 0 0.763823390007019 0 0.566799521446228 0 1.26795637607574 0 0 0 4.90346169471741 0 1.80708134174347 0 0.433357924222946 0.612790644168854 0 0 0 0 0 0 0 0 0.635718882083893 0 1.71713507175446 16.7043508887291 0 0 3.37251025438309 10.1784596443176 1.7106314599514 2.52907872200012 0 0 0 0 1.23143714666367
1.89439344406128 0 346.472413897514 1.78406372666359 1.05933928489685 1.93764501810074 9.46998520195484 4.22889482975006 439.738616064191 0.820346772670746 354.784042775631 6.70521679520607 938.600722372532 5.36965149641037 9.85026746988297 236.103209525347 359.023580253124 52.4610113799572 293.528081923723 1.19926771521568 39.1068063378334 3445.27607049048 167.01979970932 596.762948691845 4681.15765747428 1314.28201490641 9621.64952167869 64.1246293187141 9.73748868703842 16.9118744730949 53.3344179987907 0 0.839179277420044 182.585974425077 1.34384790062904 121.598739326 284.35019248724 274.151211857796 65.7624234855175 25.8999283909798 0 180.687243938446 9.55081051588058 35.3878738880157 34.5926795601845 8.15717160701752 0 0 3.1052440404892 0 177.993688166142 73.180977165699 0 0 0 1.8380654156208 0 0 0 13.3108409941196 0 31.0134853124619 0 0 6.63828295469284 20.2318235337734 14.2767568826675 17.2349548041821 0 2.59408986568451 41.05043014884 25.2867997288704 5.72693347930908 86.6838529109955 146.729087412357 409.897155642509 0.753346800804138 0 1.9799211025238 2.22249892354012 0 0 3.15716451406479 2.09668612480164
146.984464138746 346.472413897514 0 0.384439289569855 0 22.5144965052605 431.749032586813 182.366253256798 23.5313857197762 29.5554004609585 28.7522895634174 2.94340837001801 7.83586397767067 274.141328960657 3.18604961037636 86.6408531367779 2547.48876795173 41.0175192952156 359.178274065256 0 1310.02476149797 165.194224983454 12535.3944625556 85.9724124372005 22.129302829504 9890.52147457004 11697.412761569 375.213922828436 240.442619949579 1379.4244338572 2.79778078198433 1.63607662916183 35.5990900695324 479.219202876091 22.7292883396149 728.234329462051 358.505752801895 956.001810610294 378.013621121645 40.5279462635517 10.1363503336906 3.92753177881241 11.4303911328316 15.9948401749134 36.201207190752 9.07581585645676 3.27845013141632 1.70355403423309 1.08548390865326 0.919203639030457 139.641151607037 108.592759907246 0 0 0 1.13462781906128 0 0.578017055988312 0 0.434600204229355 0 3.34007552266121 1.19323706626892 0 11.3494562506676 17.6976551413536 1.72107595205307 7.44495183229446 0 3.85655784606934 25.7672908306122 46.6378802955151 5.78800252079964 6.19340336322784 60.4095557630062 418.434909135103 0.994285672903061 1.57505214214325 2.69481045007706 0 0 1.04481554031372 3.53471755981445 2.51105529069901
7.88948276638985 1.78406372666359 0.384439289569855 0 1.93982666730881 194.140638738871 202.122378528118 69.1728979051113 451.960774332285 8255.21963566542 0.392156839370728 1719.91570729017 0 36.601543366909 56.0698739886284 2.71497547626495 0.960712611675262 1.10972511768341 0 20629.213355571 1.01032531261444 2.48528689146042 3.0914252102375 3625.69501402974 0 0.446010738611221 3.94888624548912 10581.0370476544 27.5051328837872 3.20095920562744 0 0.392550408840179 0.772604942321777 27.1911942660809 2.32684868574142 20.8789449036121 0.483576118946075 1.94303673505783 7.57082080841064 207.217187285423 7.08725515007973 1.14963233470917 6.6627876162529 0 0 0 2.21504455804825 0 0 0.50429505109787 0 0 104.151244550943 1.51162111759186 0.750350952148438 23.4617476165295 0 55.7832987308502 11.1827123165131 0 15.7184629440308 0 0 0 0 0 0 0 3.0928857922554 0 0 0 81.2066526114941 0 0 0.96897965669632 26.386775881052 0.393759608268738 0 0 0 0 0 0
5.94888842105865 1.05933928489685 0 1.93982666730881 0 4989.15802887082 12.6288170814514 1770.78922590613 91.3535637259483 29.5226344764233 1.90963000059128 130.517102152109 0.674822628498077 192.443677008152 3549.37236076593 0 0.891557693481445 1.25846076011658 0 16.2984216809273 0.908033013343811 3.5859762430191 0.810703635215759 35.252847135067 0.56031721830368 0 0 8.78348889946938 354.681441962719 5.12907400727272 0 2872.09697762132 2.06315875053406 1175.94709840417 0.747838914394379 40.1391299366951 1.35661602020264 26.5702656507492 7.97683840990067 4693.04690766335 1641.32611906528 2.77293241024017 0 0 0 0 0 0 0 0 0 0 0 0 0 0.681234955787659 0 1.64337849617004 0 0 0 0 0 0 0 0 0 0 0 0 0 0 0 0 0 0 0 0 0 0 0 0 0 0
79.6357561349869 1.93764501810074 22.5144965052605 194.140638738871 4989.15802887082 0 2090.73604169488 31868.2446967065 176.788282036781 12919.5101427436 22.8974649906158 4054.28803193569 7.63525992631912 2008.92814403772 4756.79137644172 5.97234037518501 7.94328907132149 0 0.493554830551147 658.136278390884 34.7764289081097 4.56396037340164 65.341201454401 198.008671224117 0 4.7959046959877 4.50677618384361 591.996135532856 731.325672924519 147.643191874027 0 718.21130952239 10.3184733390808 586.2605458498 8.42860177159309 152.941585153341 9.19058227539062 64.1683021485806 28.4960379898548 6345.19091331959 922.745653569698 1.97990876436234 3.40165150165558 0 0 0 6.41966778039932 0.679268419742584 0 0 0 0 4.60625037550926 0 0 10.2047340869904 0 12.2713467776775 3.56606134772301 0 3.32105141878128 0 0.369228005409241 2.69856774806976 0 0 0 0 1.79044723510742 0 0 1.74533152580261 21.105978757143 0 0 0 14.0094768404961 0.442584782838821 0 0 0 0 0 1.49262964725494
5002.37294390798 9.46998520195484 431.749032586813 202.122378528118 12.6288170814514 2090.73604169488 0 3518.59562258422 431.309507727623 12282.6648951471 11.2996638417244 216.7078114748 1.21759048104286 6013.41829016805 30.5503413379192 158.735449999571 84.6077611446381 0 9.40321314334869 153.855717539787 994.821360528469 72.6317324638367 1810.81406366825 2494.51360878348 3.97845044732094 54.5648872256279 329.498114645481 15736.6746275425 2733.79407081008 12863.660428822 0 5.54363965988159 268.618925184011 933.313826650381 44.9146306812763 910.778049767017 55.3441316485405 297.414350599051 269.329847186804 210.41969653964 78.4089720845222 2.48317736387253 12.5860467553139 4.84864342212677 2.77645492553711 0.272000074386597 9.03294640779495 0 0 6.51508438587189 2.36294209957123 6.10427349805832 7.16413596272469 0 0 23.2551645338535 0.439988672733307 34.8724701106548 10.6806932091713 0 2.0445384979248 0 3.36208736896515 1.31791830062866 3.96059015393257 0 0 0 3.91650265455246 1.51407277584076 2.82220268249512 8.25185051560402 153.106444716454 0 1.20820212364197 9.31155902147293 79.1477681100368 5.95498988032341 6.52788037061691 0 0.769334077835083 1.06565234065056 1.35347580909729 10.2273722589016
1258.04716789722 4.22889482975006 182.366253256798 69.1728979051113 1770.78922590613 31868.2446967065 3518.59562258422 0 48.0298079550266 4306.97064751387 93.4078288674355 1741.77327758074 10.9038242399693 17139.8128454387 900.604990005493 11.7566730380058 97.7942061722279 5.93053275346756 2.68587580323219 456.186173677444 266.933670371771 7.74442628026009 494.642940491438 105.537153214216 5.07532697916031 37.3967279791832 45.603129953146 313.803347080946 1877.99579906464 1147.24934461713 0.650713980197906 785.323724120855 46.0157949328423 1387.67596408725 24.6007974147797 416.157681912184 20.9504562914371 179.404413223267 82.0663260817528 2204.25445985794 1329.41765826941 5.9877333343029 3.70719873905182 0 1.21513745188713 2.10483598709106 0 0 0 0.701638102531433 0 0.737568736076355 1.23428612947464 0 0 3.68740075826645 0 4.75429335236549 0.410969823598862 0 1.96561825275421 0 0 0 0 0 0 0 0 0 0.394915223121643 1.70930635929108 20.8235867619514 0.487406462430954 0 4.68698269128799 6.71952414512634 2.23813998699188 2.13604563474655 0 0 0 0 2.98771390318871
22.6069424152374 439.738616064191 23.5313857197762 451.960774332285 91.3535637259483 176.788282036781 431.309507727623 48.0298079550266 0 797.550541877747 8.78950190544128 1555.12471303344 23.2694956362247 41.0887225270271 1431.30408865213 120.689378499985 12.4832717180252 1.45167312026024 5.51998579502106 683.020660847425 40.4275465607643 2425.88675457239 80.122847110033 13443.5921828151 103.061168789864 29.5408838093281 319.217302918434 1813.8752913177 123.84052541852 217.295547872782 1.78666201233864 5.27447950839996 33.7562106251717 105.25970864296 4.43352669477463 175.869039207697 12.325871527195 42.0723374783993 30.0830914676189 2052.37934568524 7.73718219995499 7.19862362742424 12.839801132679 0 0 1.72438716888428 15.7293113470078 0 0 6.32689970731735 1.41505348682404 2.97568327188492 41.1628793179989 0 5.68554353713989 77.9723205864429 1.6589235663414 242.253533214331 49.7394444942474 0 19.9248960018158 0 4.69809532165527 3.24596303701401 4.8534728884697 1.24155855178833 0 0.679557263851166 23.5151217579842 4.38356995582581 12.3126146197319 13.8818214833736 340.315041482449 0.955308496952057 0.838493704795837 9.7182320356369 148.025570005178 8.92523464560509 8.10341790318489 0 0 3.25043493509293 2.08707422018051 2.53441753983498
430.423914760351 0.820346772670746 29.5554004609585 8255.21963566542 29.5226344764233 12919.5101427436 12282.6648951471 4306.97064751387 797.550541877747 0 15.9196804761887 12450.1267079413 2.23288691043854 1824.42974616587 194.896495848894 22.8058449923992 7.54420411586761 0 0.813570141792297 15049.9177306592 44.4976777732372 14.9395093619823 130.182424932718 2057.07828199863 0 3.17581021785736 27.0513591766357 10091.9104681909 599.691614151001 302.726640790701 0 9.95662605762482 25.905071169138 578.16532060504 20.6282624304295 395.927680164576 7.65289014577866 100.00851675868 124.626670539379 797.782897591591 108.686660289764 0 24.0102122724056 0 0 0 26.4860451221466 0 0 0.408482253551483 0 0 43.9721115231514 0 1.71882742643356 80.0466232895851 0 141.137657910585 42.625352948904 0 31.850827485323 0 0.939508199691772 4.28332674503326 0 0 0 0 9.09717261791229 1.01166009902954 0.651797235012054 1.32736134529114 192.484811484814 0 0 0.763796925544739 109.120266437531 0.934539496898651 0.384757906198502 0 0 0 0 1.30751800537109
13.3474906682968 354.784042775631 28.7522895634174 0.392156839370728 1.90963000059128 22.8974649906158 11.2996638417244 93.4078288674355 8.78950190544128 15.9196804761887 0 7.89438757300377 11246.4036056101 201.368932902813 4.91634768247604 5.62844541668892 262.820437520742 7802.4381737113 3872.1953843534 5.86828663945198 3.07853400707245 50.9848955571651 29.1273647546768 12.9302000403404 1939.13780713081 6124.7018661201 2191.12279525399 0.850205153226852 122.374368280172 17.0615369975567 1355.03223237395 11.200949639082 5.96243447065353 11329.1019503772 3.07663425803185 138.102282345295 4376.62374827266 7823.64767131209 135.813072174788 36.8410531282425 83.9452683627605 2748.08431079984 0.814920604228973 41.954515337944 6.46394848823547 2.77309304475784 0 0 9.88293009996414 0 9.91471150517464 0 0 0 0 0 0 0 0 158.751366853714 0 276.425722628832 0 0 0 2.17231506109238 44.5174486339092 12.8762072920799 0 0 2.32526206970215 0.326502412557602 0 100.316618651152 111.03118416667 99.8952599465847 0 0.583222091197968 0 22.438189715147 0 0 3.47126644849777 0
16.7734080255032 6.70521679520607 2.94340837001801 1719.91570729017 130.517102152109 4054.28803193569 216.7078114748 1741.77327758074 1555.12471303344 12450.1267079413 7.89438757300377 0 0.396843552589417 465.204232245684 3943.08169767261 0.555098593235016 2.17290484905243 0 0 19658.4459167421 1.89022970199585 19.7900490164757 6.37495049834251 1534.68826794624 1.4773862361908 0 3.96390122175217 523.469468742609 126.256760954857 9.69302639365196 0 2.86936047673225 3.65870597958565 166.084871590137 0.685697019100189 264.154447942972 0.402489691972733 31.3562628924847 15.2810627520084 5557.30270841718 37.7025983929634 1.5934619307518 21.9381761550903 0 0 0 29.7975979149342 0 0 0 0 0 21.9063068032265 0 2.39237314462662 30.0604385733604 0 86.795930236578 15.1065317690372 0 258.839581340551 0 0 2.37765836715698 1.02172076702118 0 0 0 10.8460001945496 0 1.16638243198395 0 78.3629361689091 0 0 0 37.1848935484886 0 0.570964276790619 0 0 0 0.756102979183197 0
0.815053999423981 938.600722372532 7.83586397767067 0 0.674822628498077 7.63525992631912 1.21759048104286 10.9038242399693 23.2694956362247 2.23288691043854 11246.4036056101 0.396843552589417 0 17.6453983038664 0 11.5075144022703 23.7023777365685 208.332671046257 137.996361374855 0 0.589558660984039 117.275974079967 9.5295934677124 33.6551378667355 6388.8208604455 1776.64835622907 5566.38212037086 4.50365972518921 14.8113354742527 0.948694229125977 4540.28658390045 1.02894482016563 0 4224.16493543983 4.13332942128181 201.117295861244 2904.87034639716 2512.97908589244 148.103068739176 6.53745475411415 67.6628195643425 4970.46892151237 104.012490570545 60.3177728056908 37.1599642634392 25.9793077111244 0.856782078742981 4.52942180633545 46.2390406131744 0.663375377655029 22.8956873118877 3.33071619272232 0 0 0 3.17621064186096 0 0 0 274.822331875563 0.626315534114838 398.006956666708 0 0 0 2.53285998106003 67.8176293373108 19.21668612957 0 2.12051582336426 2.28893598914146 0.314673185348511 0 155.60453042388 160.063918858767 123.870738059282 0 1.46971678733826 0 34.0871375799179 0 0 11.4705481529236 3.91313609480858
15812.2226496339 5.36965149641037 274.141328960657 36.601543366909 192.443677008152 2008.92814403772 6013.41829016805 17139.8128454387 41.0887225270271 1824.42974616587 201.368932902813 465.204232245684 17.6453983038664 0 241.853465378284 12.5405870079994 147.78387132287 5.87707090377808 20.0479470193386 261.632318437099 392.608701974154 3.2495539188385 754.334090232849 117.432902395725 4.70882225036621 83.5016786456108 65.6300475299358 273.961401224136 8175.32713103294 2408.36537238955 1.75268971920013 1163.67718803883 151.391872137785 2652.11677908897 49.5690511614084 986.825299829245 36.3617833554745 437.118240118027 191.688289433718 1299.02838531137 701.795411765575 13.6552384197712 1.59880745410919 0 1.33134758472443 0 0.373531609773636 0 0 0.840149700641632 1.12988364696503 1.34620761871338 0.28004515171051 0 0 4.27890861034393 0.482389271259308 5.25644850730896 0 0 0 0 0.67642730474472 0 1.44042167067528 0 1.34941637516022 0 0 0 0 1.95282036066055 27.9653343260288 0.833579063415527 0 2.2984876036644 9.61489579081535 2.59820085763931 0.486196786165237 0 0 1.0132030248642 0 3.69105014204979
10.7626235485077 9.85026746988297 3.18604961037636 56.0698739886284 3549.37236076593 4756.79137644172 30.5503413379192 900.604990005493 1431.30408865213 194.896495848894 4.91634768247604 3943.08169767261 0 241.853465378284 0 2.42010521888733 2.31327390670776 0 0 155.232454031706 2.01220062375069 37.1760098934174 2.61677718162537 411.610749900341 2.59720000624657 0.624062180519104 0.501704216003418 65.901593118906 134.034365266562 10.5666499733925 0 201.852339237928 0 118.624423295259 0 57.0229472219944 0.565213203430176 5.22854697704315 1.22520381212234 18317.4371147156 180.109015136957 1.66377794742584 0.606393456459045 0 0 0 0.634081184864044 0 0 0 0 0 2.6143062710762 0 2.05409222841263 4.3043315410614 0 18.3467348814011 0.843737959861755 0 2.82960146665573 0 0 1.27369618415833 0 0 0 0 0 0 1.79955953359604 0 8.1631560921669 0 0 0 5.90676212310791 0 0 0 0 0 0 0
6.49461016058922 236.103209525347 86.6408531367779 2.71497547626495 0 5.97234037518501 158.735449999571 11.7566730380058 120.689378499985 22.8058449923992 5.62844541668892 0.555098593235016 11.5075144022703 12.5405870079994 2.42010521888733 0 67.4515265822411 1.79892659187317 8.10591316223145 4.42336314916611 6774.21832534671 2212.33214238286 13409.1671782136 2907.2980376184 37.4056654572487 62.3958806395531 7282.75739237666 3102.99382501841 68.5568967461586 296.1312251091 0 0 16.618374556303 423.304287403822 35.3988702893257 1153.29281595349 250.180528223515 917.211263507605 407.484953522682 65.8839884996414 6.89008021354675 1.1331904232502 28.4840733408928 18.9668237566948 37.6365433931351 13.7139226198196 1.26399672031403 0 0 0 15.5771501064301 27.988008916378 0.450662672519684 0 0 3.89205297827721 0 2.93904191255569 0 0 0.535998046398163 1.14154174923897 1.3186959028244 0 220.54754781723 0.972972333431244 0 0.948448240756989 0 9.19762736558914 166.374685049057 262.665080457926 25.0554890036583 1.54961335659027 3.34421581029892 182.341247677803 13.5708827376366 0.848766982555389 3.67174357175827 0 0 0 2.31692695617676 5.41093295812607
89.4232499599457 359.023580253124 2547.48876795173 0.960712611675262 0.891557693481445 7.94328907132149 84.6077611446381 97.7942061722279 12.4832717180252 7.54420411586761 262.820437520742 2.17290484905243 23.7023777365685 147.78387132287 2.31327390670776 67.4515265822411 0 239.386982560158 6020.58581522107 0 880.493534356356 124.503136783838 7536.48800948262 33.4663034081459 59.4911504983902 3407.46142762899 3265.95217865705 99.0276316702366 250.384731799364 889.691751182079 6.19158756732941 0.80235880613327 51.3881976902485 1855.24556288123 10.2446320950985 286.472005039454 117.304557055235 991.852289229631 159.803080797195 19.041799724102 1.11686277389526 0 1.12218651175499 13.0931681990623 15.0290163457394 2.22727710008621 0 0 0 0.688665449619293 80.8431266844273 31.5835942327976 0 0 0 0 0 1.08355367183685 0 6.08427879214287 0 6.77835822105408 0 0 5.06402605772018 16.9063077569008 1.71421205997467 3.70461684465408 0 1.39223980903625 9.41753363609314 11.0948834717274 2.69221603870392 31.3541264533997 70.7221635580063 161.59337580204 0.377628237009048 0.617130219936371 2.84361743927002 0 0 1.15024816989899 2.62063080072403 2.49218535423279
1.61135518550873 52.4610113799572 41.0175192952156 1.10972511768341 1.25846076011658 0 0 5.93053275346756 1.45167312026024 0 7802.4381737113 0 208.332671046257 5.87707090377808 0 1.79892659187317 239.386982560158 0 4653.92283388972 0 3.847761541605 6.83101922273636 17.9588203430176 1.40086993575096 331.458386152983 6115.72240048647 664.881402522326 0 3.03760546445847 6.79131987690926 103.392541587353 0 0 325.918271631002 0 24.3743183910847 122.763430029154 772.798789858818 21.4977115392685 2.23864382505417 1.48501586914062 8.32964926958084 0 0.610270142555237 3.2848327755928 0 0 0 0 0 1.57398101687431 0 0 0 0 0 0 0 0 36.0871951580048 0 72.8139874637127 0 0 0 0 35.8900449573994 12.2414793670177 0 0 0.288067191839218 0 0 59.9592814147472 79.0571574866772 54.0203693509102 0 0 0 6.27344024181366 0 0 4.50166171789169 0
8.5032377243042 293.528081923723 359.178274065256 0 0 0.493554830551147 9.40321314334869 2.68587580323219 5.51998579502106 0.813570141792297 3872.1953843534 0 137.996361374855 20.0479470193386 0 8.10591316223145 6020.58581522107 4653.92283388972 0 0 56.8224056661129 26.9542425274849 296.779204905033 4.46092814207077 440.081545174122 7309.11455127597 2194.37742203474 7.13816848397255 27.184817969799 67.9783479869366 76.5573940575123 0 7.60645526647568 1096.51223194599 0.519810020923615 76.9387255311012 100.196444928646 999.112517744303 55.5059249401093 4.95651710033417 3.58614659309387 6.90125712752342 2.57836031913757 4.88788914680481 19.2857517302036 0 0 0 1.72832548618317 0 18.1229212284088 3.54465693235397 0 0 0 0 0 0 0.538944840431213 15.0262997150421 0 61.9900535345078 0 0 0 1.52197867631912 26.9939749240875 15.2663392722607 0 0 0 1.66495734453201 0 130.092918664217 182.888480871916 170.29378092289 0 0 0.320829302072525 2.23921149969101 0 0 0.505880653858185 2.2570823431015
31.9802640676498 1.19926771521568 0 20629.213355571 16.2984216809273 658.136278390884 153.855717539787 456.186173677444 683.020660847425 15049.9177306592 5.86828663945198 19658.4459167421 0 261.632318437099 155.232454031706 4.42336314916611 0 0 0 0 1.84045428037643 1.0852644443512 3.30103549361229 2245.0619546175 0 0 1.97186136245728 2437.66525530815 127.236629247665 11.8083223998547 0 2.34627190232277 2.75916144251823 112.164824724197 1.02241671085358 124.459425419569 1.40255087614059 18.042238175869 10.9017879068851 605.300769269466 19.6029153764248 0.528383791446686 13.8503655791283 0 0 0 32.1720321178436 0 0 0 0 0 75.7592707276344 1.00926041603088 5.18210917711258 46.5976533889771 0 116.066416442394 28.7930121421814 0 50.3278452157974 0 0 2.43279558420181 0 0 0 0 66.5703816711903 0 0 0 122.864122122526 0 0 0 84.3633632063866 0 0.687096059322357 0 0 0 0 0
240.006663918495 39.1068063378334 1310.02476149797 1.01032531261444 0.908033013343811 34.7764289081097 994.821360528469 266.933670371771 40.4275465607643 44.4976777732372 3.07853400707245 1.89022970199585 0.589558660984039 392.608701974154 2.01220062375069 6774.21832534671 880.493534356356 3.847761541605 56.8224056661129 1.84045428037643 0 250.73109126091 22041.9331457913 644.896282285452 6.29248160123825 233.466580092907 1200.30261200666 8140.52920767665 529.963314056396 16088.4012804925 0 1.58280122280121 157.856715410948 3099.47307544947 129.98146045208 2914.03398615122 366.017775863409 2330.83299934864 827.816331535578 163.311667263508 20.9864250123501 2.51941382884979 7.6002231836319 4.07980412244797 21.0747844874859 6.73567807674408 1.00277900695801 0 0 1.51846462488174 5.28884261846542 18.4766024947166 0 0 0 1.10468733310699 0.801742851734161 0.76615047454834 0.553120851516724 2.93180733919144 0 0 0.97445422410965 0 42.5245336890221 0.553354322910309 0 3.14481317996979 0 4.24129408597946 17.2338113188744 30.2546736001968 20.4583677053452 0 2.59600919485092 47.1458028256893 14.4315476715565 3.19567626714706 2.96882602572441 0 0 0 4.59537214040756 16.8664690852165
2.4965378344059 3445.27607049048 165.194224983454 2.48528689146042 3.5859762430191 4.56396037340164 72.6317324638367 7.74442628026009 2425.88675457239 14.9395093619823 50.9848955571651 19.7900490164757 117.275974079967 3.2495539188385 37.1760098934174 2212.33214238286 124.503136783838 6.83101922273636 26.9542425274849 1.0852644443512 250.73109126091 0 713.816134572029 5164.48258140683 463.197317227721 227.509551644325 3846.67240642011 577.886283248663 16.5392169654369 41.1254903078079 8.73383304476738 0.756473064422607 6.30509200692177 130.276212394238 3.83441418409348 181.672918140888 101.06211695075 282.938850641251 103.234839677811 88.402107656002 3.56009015440941 26.559658780694 12.0905365943909 3.99197679758072 17.2047575712204 5.2374175786972 1.28646564483643 1.16610813140869 2.1065685749054 0.727943897247314 45.5420137643814 16.4778307676315 0 0 0 5.3940801024437 0 60.3326811790466 0.831857144832611 0 0 2.08925974369049 0.597504734992981 0 66.2227590680122 4.77129736542702 0.321779876947403 1.55061477422714 0 7.66518646478653 368.103080749512 71.4083546996117 102.932743102312 2.67585864663124 10.5054379552603 83.0139143764973 21.8349743187428 4.04880559444427 1.73267906904221 0 0 0 1.48196315765381 3.4471150636673
398.501948565245 167.01979970932 12535.3944625556 3.0914252102375 0.810703635215759 65.341201454401 1810.81406366825 494.642940491438 80.122847110033 130.182424932718 29.1273647546768 6.37495049834251 9.5295934677124 754.334090232849 2.61677718162537 13409.1671782136 7536.48800948262 17.9588203430176 296.779204905033 3.30103549361229 22041.9331457913 713.816134572029 0 1247.42339685559 18.4476718008518 1179.91233298182 12657.5372072905 6546.65825551748 846.13337752223 10140.8672228456 1.67954030632973 0.972014904022217 215.405694574118 3911.74534609914 214.184106707573 5477.88386076689 1600.16841334105 5573.89643961191 2365.31307241321 337.041993469 48.0083810687065 2.77533143758774 118.748810321093 75.2625925540924 182.013209044933 85.2537140250206 3.40488523244858 0.452442735433578 0 1.80346435308456 102.325182169676 269.931173920631 0 0 0 6.19891786575317 0 1.6925043463707 0.559042036533356 1.32974734902382 0 2.02292484045029 4.4186327457428 0 253.031455099583 21.2733532190323 0.443914324045181 4.942214012146 0 34.2524659633636 201.560996323824 569.465126127005 49.7875069379807 6.34192401170731 31.0740011930466 787.848645806313 26.4704732000828 6.99640518426895 13.3831824660301 0 0 0.901051819324493 34.2619572877884 37.4193942546844
75.3180777728558 596.762948691845 85.9724124372005 3625.69501402974 35.252847135067 198.008671224117 2494.51360878348 105.537153214216 13443.5921828151 2057.07828199863 12.9302000403404 1534.68826794624 33.6551378667355 117.432902395725 411.610749900341 2907.2980376184 33.4663034081459 1.40086993575096 4.46092814207077 2245.0619546175 644.896282285452 5164.48258140683 1247.42339685559 0 113.678346887231 54.8345694988966 1698.02754712105 25487.7002861798 343.05300027132 832.970740735531 0.388884633779526 2.17673224210739 125.724725395441 446.513781219721 35.9527145922184 746.240030527115 79.0950808823109 209.129862993956 121.992242723703 930.909464418888 19.4823895692825 3.83187294006348 72.0336228609085 1.91664308309555 11.7775127887726 3.95710808038712 44.6131747961044 8.14109665155411 0 30.1538505554199 10.2863418757915 12.382677346468 51.4240823090076 1.45804619789124 9.63198274374008 242.325298815966 6.96701648831367 284.961249738932 68.2141554951668 0 29.2568686008453 0.966956377029419 19.9358637928963 13.9913358092308 40.2352561950684 0.761273324489594 0.352226167917252 0 25.3372132480145 8.95830297470093 34.2983604669571 40.824049860239 1187.59769353271 1.3170183300972 3.45645141601562 25.7151108086109 611.854122817516 58.9331505894661 36.5019822120667 0 0 7.78187495470047 16.9903745353222 8.14483225345612
0.426858246326447 4681.15765747428 22.129302829504 0 0.56031721830368 0 3.97845044732094 5.07532697916031 103.061168789864 0 1939.13780713081 1.4773862361908 6388.8208604455 4.70882225036621 2.59720000624657 37.4056654572487 59.4911504983902 331.458386152983 440.081545174122 0 6.29248160123825 463.197317227721 18.4476718008518 113.678346887231 0 1932.40524348617 5303.14646980166 9.02015632390976 0 2.63863265514374 232.500218749046 0 0 211.368031084538 0 11.9837892055511 1536.76774895191 513.586768478155 10.7732152342796 5.09500604867935 1.2742874622345 1170.3055652678 1.50337421894073 36.6003388762474 36.2461684048176 2.28276574611664 0 0 11.6211504936218 0 75.6263569295406 8.04200503230095 0 0 0 0 0 0 0 144.749579191208 0 400.80352461338 0 0 1.00183892250061 1.7977506518364 94.5926293730736 31.0845988690853 0 0.691958904266357 12.337109208107 5.43746384978294 2.22067922353745 319.120267271996 349.238328814507 340.185073763132 0.613215982913971 0 0 38.0204988121986 0 0 4.73557096719742 0
41.070057362318 1314.28201490641 9890.52147457004 0.446010738611221 0 4.7959046959877 54.5648872256279 37.3967279791832 29.5408838093281 3.17581021785736 6124.7018661201 0 1776.64835622907 83.5016786456108 0.624062180519104 62.3958806395531 3407.46142762899 6115.72240048647 7309.11455127597 0 233.466580092907 227.509551644325 1179.91233298182 54.8345694988966 1932.40524348617 0 20974.6638533771 64.8131976425648 71.755585372448 235.904320061207 1607.54787635803 0 12.0426885187626 1365.79661020637 9.56511056423187 367.084698557854 356.535762608051 2001.16313397884 215.929860919714 18.7179669737816 3.38413590192795 20.1126713752747 5.53353077173233 22.0032913684845 55.9005290865898 2.20883572101593 0 1.37721836566925 2.97865080833435 0 106.688101947308 40.2326062321663 0 0 0 1.19726610183716 0 0 0 85.4887854456902 0 229.5776501894 0 0 2.88532748818398 18.3797487318516 119.703768461943 102.805371671915 0 0.915603488683701 9.28668063879013 22.4487935304642 0 544.069103986025 713.532884269953 849.080037266016 1.42587846517563 1.06211006641388 2.99541771411896 32.4600993692875 0 0 17.7558655142784 5.56048488616943
42.2510453164577 9621.64952167869 11697.412761569 3.94888624548912 0 4.50677618384361 329.498114645481 45.603129953146 319.217302918434 27.0513591766357 2191.12279525399 3.96390122175217 5566.38212037086 65.6300475299358 0.501704216003418 7282.75739237666 3265.95217865705 664.881402522326 2194.37742203474 1.97186136245728 1200.30261200666 3846.67240642011 12657.5372072905 1698.02754712105 5303.14646980166 20974.6638533771 0 1704.26076313853 97.4917803704739 537.471320778131 2737.57268160582 0 31.8376244008541 2341.49227279425 90.4952539801598 2862.22239750624 1819.97540858388 4628.63428980112 1543.46998125315 172.72423401475 9.41144889593124 63.2811047136784 215.422276198864 186.245579212904 459.937244474888 90.0350697040558 5.10911241173744 2.79768753051758 8.57352897524834 1.40737748146057 644.120230853558 676.656829863787 1.23876333236694 0 0 6.95245882868767 0 2.31512528657913 0.733699142932892 88.6071835458279 0 243.108038127422 3.08079400658607 0 150.13153886795 97.6977088153362 120.5655400455 110.597114354372 0 45.876808911562 254.975049972534 725.249202400446 23.8056002557278 492.376751184464 894.368108659983 2744.62227571011 15.8266035318375 5.01626896858215 14.9294216036797 39.3163026571274 0 1.08952689170837 83.0750170946121 24.8734183311462
130.177945196629 64.1246293187141 375.213922828436 10581.0370476544 8.78348889946938 591.996135532856 15736.6746275425 313.803347080946 1813.8752913177 10091.9104681909 0.850205153226852 523.469468742609 4.50365972518921 273.961401224136 65.901593118906 3102.99382501841 99.0276316702366 0 7.13816848397255 2437.66525530815 8140.52920767665 577.886283248663 6546.65825551748 25487.7002861798 9.02015632390976 64.8131976425648 1704.26076313853 0 526.191717714071 9839.26004838943 1.40217441320419 1.28356885910034 212.087205320597 1349.98158067465 78.0601526796818 1958.39113399386 136.573028028011 699.177438020706 345.651719897985 298.371218860149 33.634806483984 0.583973705768585 68.5720304250717 4.68271172046661 5.60611003637314 11.3196305036545 30.9603449702263 3.48976302146912 0 25.0893859565258 4.85440015792847 12.7612301111221 19.5827831923962 0 0.577600121498108 149.205571621656 10.6407816410065 205.48225069046 27.0197578370571 1.64534372091293 17.5623917877674 0 39.0959163308144 2.6608601808548 37.9201862812042 0 0 0 10.6989017128944 11.2807388901711 15.7501733899117 44.5963603854179 857.357317596674 0 0.535851716995239 39.0016694962978 401.403403252363 73.2443487346172 44.0140089094639 0 0 20.7789580225945 16.3892226815224 14.1541478037834
11647.6826609373 9.73748868703842 240.442619949579 27.5051328837872 354.681441962719 731.325672924519 2733.79407081008 1877.99579906464 123.84052541852 599.691614151001 122.374368280172 126.256760954857 14.8113354742527 8175.32713103294 134.034365266562 68.5568967461586 250.384731799364 3.03760546445847 27.184817969799 127.236629247665 529.963314056396 16.5392169654369 846.13337752223 343.05300027132 0 71.755585372448 97.4917803704739 526.191717714071 0 9593.83248052001 1.5164675116539 2095.54790049791 12372.9367510676 5666.697175771 106.615425139666 1888.18363657594 89.3714601397514 835.093733489513 455.318081140518 733.616177618504 1206.41487723589 22.8710080385208 9.5240438580513 0.677349805831909 0 2.57466554641724 2.30228817462921 0 0 2.75683489441872 1.2384917140007 0 0 0 0 13.811857521534 2.45971262454987 16.4467580616474 0 0 0 0 1.70436143875122 1.14909040927887 2.11651009321213 0 0 0 0 0 1.44381475448608 6.15161365270615 67.9903290867805 0 0.767780423164368 4.81760805845261 32.7214424908161 11.4838026463985 3.64190703630447 0 0 0.371578931808472 0 14.0268913805485
3049.80361917615 16.9118744730949 1379.4244338572 3.20095920562744 5.12907400727272 147.643191874027 12863.660428822 1147.24934461713 217.295547872782 302.726640790701 17.0615369975567 9.69302639365196 0.948694229125977 2408.36537238955 10.5666499733925 296.1312251091 889.691751182079 6.79131987690926 67.9783479869366 11.8083223998547 16088.4012804925 41.1254903078079 10140.8672228456 832.970740735531 2.63863265514374 235.904320061207 537.471320778131 9839.26004838943 9593.83248052001 0 0 3.13011553883553 828.842519581318 4342.3481439054 114.01948055625 2345.56214624643 191.536365896463 1505.9532699883 566.698868155479 167.587473005056 59.3574672043324 1.40305545926094 15.1571806371212 6.40641251206398 4.77210158109665 4.15728604793549 0 0 0.681529104709625 10.6704894900322 8.69435852766037 7.57851105928421 0 0 0 20.4360223412514 3.47845321893692 22.0720041394234 0.899587124586105 0 0 0 7.74545204639435 3.14815294742584 6.37459123134613 1.03939151763916 0 0 0 5.0115801692009 5.16957497596741 18.0742962360382 140.483326077461 0.536750018596649 1.70974493026733 24.2039634585381 59.3931298553944 18.2126131951809 8.87124502658844 0 0 4.47689455747604 5.10904830694199 15.4964788854122
0 53.3344179987907 2.79778078198433 0 0 0 0 0.650713980197906 1.78666201233864 0 1355.03223237395 0 4540.28658390045 1.75268971920013 0 0 6.19158756732941 103.392541587353 76.5573940575123 0 0 8.73383304476738 1.67954030632973 0.388884633779526 232.500218749046 1607.54787635803 2737.57268160582 1.40217441320419 1.5164675116539 0 0 0 0 48.0746006369591 0.538390755653381 4.18081742525101 54.8124315738678 114.984852463007 3.4024646282196 0.272130936384201 0.855112731456757 10.8792563676834 0 3.5756858587265 0.975226074457169 0 0 0 1.65441399812698 0 1.99534010887146 0 0 0 0 0 0 0 0 17.3228178322315 0 25.1785055100918 0 0 0 0 6.33211439847946 2.91174644231796 0 0 0.431356191635132 0 0 27.2946124076843 23.8799197673798 19.2982314229012 0 0 0 2.33581203222275 0 0 0.995581686496735 0
7.85602268576622 0 1.63607662916183 0.392550408840179 2872.09697762132 718.21130952239 5.54363965988159 785.323724120855 5.27447950839996 9.95662605762482 11.200949639082 2.86936047673225 1.02894482016563 1163.67718803883 201.852339237928 0 0.80235880613327 0 0 2.34627190232277 1.58280122280121 0.756473064422607 0.972014904022217 2.17673224210739 0 0 0 1.28356885910034 2095.54790049791 3.13011553883553 0 0 1.42065763473511 1107.91454917192 1.84219974279404 32.551311224699 1.43131095170975 26.4252381324768 4.11679512262344 197.976680159569 1175.31468954682 0.610787272453308 0 0 0 0 0 0 0 0 0 0 0 0 0 0 0 0 0 0 1.00225448608398 0 0 0 0 0 0 0 0 0 0 0 0 0 0 0 0.857141971588135 0 0 0 0 0 0 0
539.601037204266 0.839179277420044 35.5990900695324 0.772604942321777 2.06315875053406 10.3184733390808 268.618925184011 46.0157949328423 33.7562106251717 25.905071169138 5.96243447065353 3.65870597958565 0 151.391872137785 0 16.618374556303 51.3881976902485 0 7.60645526647568 2.75916144251823 157.856715410948 6.30509200692177 215.405694574118 125.724725395441 0 12.0426885187626 31.8376244008541 212.087205320597 12372.9367510676 828.842519581318 0 1.42065763473511 0 1711.59170132875 45.4204766452312 427.662958413363 31.413559705019 350.689768761396 279.596306651831 58.9132550954819 39.6988767385483 1.90217977762222 1.6452397108078 0 0 0 0 0 0 0 0 0 0 0 0 3.78738260269165 0 3.42366909980774 0 0 0 0 0 0 0.516506314277649 0 0 0 0 0 0 1.57807478308678 15.1692068874836 0 0 1.39399433135986 11.964541554451 3.04063379764557 0 0 0 0 0 2.44082689285278
714.456422179937 182.585974425077 479.219202876091 27.1911942660809 1175.94709840417 586.2605458498 933.313826650381 1387.67596408725 105.25970864296 578.16532060504 11329.1019503772 166.084871590137 4224.16493543983 2652.11677908897 118.624423295259 423.304287403822 1855.24556288123 325.918271631002 1096.51223194599 112.164824724197 3099.47307544947 130.276212394238 3911.74534609914 446.513781219721 211.368031084538 1365.79661020637 2341.49227279425 1349.98158067465 5666.697175771 4342.3481439054 48.0746006369591 1107.91454917192 1711.59170132875 0 176.375467568636 2966.60002347827 1752.21847909689 19982.6554218233 1586.85775393248 616.44767844677 4636.88344269991 3330.65349280834 58.2039432227612 15.9057086706161 29.0837300419807 25.5535191297531 2.11966997385025 5.03867703676224 14.9610348045826 5.23835122585297 38.9466332793236 40.9826963841915 0 0 0 7.03085133433342 0 7.62751358747482 0 29.6775702536106 0 17.7533122301102 2.12177014350891 0 9.905781686306 4.80110901594162 2.41169762611389 0.60158360004425 0 5.39620777964592 16.0712471604347 41.5998335778713 50.5710180997849 19.5605004429817 32.9088145792484 115.774317800999 23.5574486553669 8.35016828775406 2.32401758432388 1.870177090168 0 0 7.79931646585464 42.5024280846119
23.2801200449467 1.34384790062904 22.7292883396149 2.32684868574142 0.747838914394379 8.42860177159309 44.9146306812763 24.6007974147797 4.43352669477463 20.6282624304295 3.07663425803185 0.685697019100189 4.13332942128181 49.5690511614084 0 35.3988702893257 10.2446320950985 0 0.519810020923615 1.02241671085358 129.98146045208 3.83441418409348 214.184106707573 35.9527145922184 0 9.56511056423187 90.4952539801598 78.0601526796818 106.615425139666 114.01948055625 0.538390755653381 1.84219974279404 45.4204766452312 176.375467568636 0 1454.35414217412 352.212941288948 217.994098156691 1949.48999071121 425.760541915894 175.681781411171 17.3768546879292 397.766224116087 117.65007609129 51.2129738032818 359.680926918983 45.5907582044601 20.0829717218876 6.64768645167351 2.75490549206734 1.2082554101944 2.8027235865593 0 0 0 8.12290373444557 0 1.17878937721252 1.36020159721375 13.9924277067184 0 0 0.624289751052856 17.3797377049923 6.45065194368362 1.21228992938995 0 0 0 13.4234450757504 2.79058980941772 11.2652551829815 7.86827701330185 0 0.485551565885544 20.4762929677963 4.63578486442566 5.41959980130196 3.97818505764008 0 0 1.43355691432953 4.32840970158577 45401.5121303499
314.933050483465 121.598739326 728.234329462051 20.8789449036121 40.1391299366951 152.941585153341 910.778049767017 416.157681912184 175.869039207697 395.927680164576 138.102282345295 264.154447942972 201.117295861244 986.825299829245 57.0229472219944 1153.29281595349 286.472005039454 24.3743183910847 76.9387255311012 124.459425419569 2914.03398615122 181.672918140888 5477.88386076689 746.240030527115 11.9837892055511 367.084698557854 2862.22239750624 1958.39113399386 1888.18363657594 2345.56214624643 4.18081742525101 32.551311224699 427.662958413363 2966.60002347827 1454.35414217412 0 12161.1769129932 2696.48170879483 2848.91660118103 3390.24248430133 1313.81013929844 570.215671122074 373.301002144814 68.656374424696 50.4536398053169 172.774152457714 27.4196080267429 6.94079449772835 6.6127849817276 9.7637295126915 33.484295964241 52.1231859028339 2.14464464783669 0 0 23.3521376550198 3.72921770811081 17.09768897295 5.09751912951469 21.7455303072929 7.57375046610832 12.0180906057358 7.09439700841904 2.84329968690872 21.3589586019516 6.56397587060928 1.28533065319061 0 1.33815604448318 8.89722245931625 21.2016396522522 69.6565776765347 122.964783787727 3.05321544408798 9.20785984396935 148.014666974545 51.4789894521236 11.9846698045731 6.87350058555603 0 0.495418965816498 0.574487268924713 8.71087154746056 513.588727414608
