0 107.492659311635 98.8282160509448 99.3344602575932 76.1740786390427 61.9198918868762 24.4636139683896 40.3061851826357 64.3412945531495 41.3278517665334 90.7478967125279 75.638917796498 96.0270462036133 17.3167503559896 50.3769911748113 112.072108773737 99.8629230123763 145.648256687811 122.474251187612 73.32986094552 79.9213190089963 108.717535659302 90.5489721611637 75.8538863124128 90.1672439575195 113.201163074287 126.88789621724 78.2011396787721 16.9604779429256 33.8778706688908 0 82.3841125079038 33.7126105639552 49.2352883624236 101.719493966117 62.0877067286387 80.0048861556357 67.6596121309727 62.7526579105954 46.3392027296576 56.3649073193972 86.2041751433541 128.349203597563 0 0 168.546234130859 0 166.248596191406 0 138.370941162109 0 158.726119995117 0 0 0 132.045462132086 0 83.9987106323242 0 145.921829223633 176.972915649414 0 0 0 0 0 0 0 0 116.551460266113 0 141.739377708836 120.907154641133 0 0 164.310552397719 129.244096005138 149.974303115861 127.199151639726 0 0 0 0 132.865782144393
107.492659311635 0 44.6105532293661 138.465575448081 155.306732177734 137.005699982 117.236367092975 157.802726368387 74.4724829168788 125.310699471597 52.8033016369834 130.543511299733 46.1554705143181 135.059406658682 121.146449973489 68.7827210542388 52.5449091724335 60.7369087863185 48.8794341463238 141.233014426039 86.8838079383694 31.8676528239336 73.7829461245994 85.6163441594163 23.7552212461228 44.5685388547557 28.0854486176175 104.216952079312 114.267915851587 97.3750007553896 62.7769824465572 0 127.642021179199 50.6745420733546 112.080956176966 78.5786338399789 42.3021999192169 54.1341316010794 62.4214450739551 104.15092676332 0 46.3824342281905 88.2887070492227 71.1936699092082 72.9531021888467 99.5927440243494 0 0 67.8236096985662 0 26.9090749632149 64.5920471752456 0 0 0 154.900474639963 0 0 0 68.7560996151206 0 58.6610944177449 0 0 96.0008836552733 82.7322975410397 77.7571668658869 74.2968429370002 0 97.0187457999911 45.557312120369 85.2801007396719 130.917734577661 32.0236174888055 67.2503934932094 57.8127977267374 178.853988647461 0 126.443928729545 93.8338162546818 0 0 87.2189072700189 145.777008497775
98.8282160509448 44.6105532293661 0 129.537414550781 0 136.229450482075 96.7777212362056 119.755131491721 101.011057164227 121.44405124567 77.0951288332681 145.994661957138 95.4369202769557 115.537212646256 143.750858117173 84.9586960319498 33.4182261542187 65.557193698355 48.9220002404298 0 61.1222690737467 63.2748498751015 31.1142364568617 103.045515084158 75.3784526805667 23.6948918777418 33.5094529284596 83.6099367718262 100.691999122568 70.5388342535668 94.6354578640684 172.782787028894 93.9505171100601 52.7284921791723 136.285566999411 74.8446217482329 46.4682515924067 50.5660231889411 66.4049256410319 93.9846222059051 124.272068235064 90.7485328422132 120.950912151503 104.710499540971 94.9939616416257 116.295784405309 110.121846891561 102.842376708984 91.5491180419922 145.545791625977 54.7712565373448 87.2098914308348 0 0 0 144.529525756836 0 125.018867492676 0 125.192390441895 0 104.573031591704 168.601501464844 0 118.847512725981 109.859633271851 124.657582456843 111.598162483586 0 139.502109281409 79.4969787642919 110.524016862192 151.716889476462 92.3966961920268 103.328466424162 85.9492795079813 176.02454645014 187.322738647461 152.227918635559 0 0 172.064437866211 76.1670105662024 121.830653774442
99.3344602575932 138.465575448081 129.537414550781 0 103.328057814788 57.2211507074579 48.4502574700755 91.0396525919565 61.4841171668008 20.1400971344247 182.924926757812 43.8895858190241 0 98.4309982869417 72.8244510802962 104.781885752719 205.463607788086 166.158920288086 0 10.9743522352849 130.103500366211 72.6102492041652 101.23943353566 22.7502068670431 0 187.655792236328 118.015965240291 16.7811896725727 105.92230628191 109.471474455488 0 121.50838470459 97.6959838867188 100.577834293984 132.472512984541 78.5990924709111 147.688781738281 136.739341128929 99.7997020755152 71.0793735448517 110.208918691089 192.297668457031 77.8472212567322 0 0 0 107.898807378188 0 0 201.813873291016 0 0 25.3244908696017 121.061256408691 190.349533081055 139.32165933842 0 87.3195137446117 153.192306633422 0 117.294042052252 0 0 0 0 0 0 0 144.043265460538 0 0 0 118.350438990896 0 0 200.812927246094 143.060314090228 195.549331665039 0 0 0 0 0 0
76.1740786390427 155.306732177734 0 103.328057814788 0 10.6964307185948 106.079503886079 15.3582232775679 52.636158515616 101.307253215992 47.5444662816732 56.5363257052571 67.7130966186523 31.2274916851406 15.936882256804 0 181.959167480469 94.0292663574219 0 101.296394773197 134.105392456055 92.6165634654018 167.649383544922 72.4099138725209 168.711349487305 0 0 104.918848586084 27.5596198541758 122.929450752997 0 11.4518187543046 75.6090701653813 15.656306996247 82.8876876831055 64.5012530126176 56.2757415771484 38.742145036073 42.5190412529521 14.6247959578517 12.2207615444064 76.6463775367554 0 0 0 0 0 0 0 0 0 0 0 0 0 149.757720947266 0 77.3115406766971 0 0 0 0 0 0 0 0 0 0 0 0 0 0 0 0 0 0 0 0 0 0 0 0 0 0
61.9198918868762 137.005699982 136.229450482075 57.2211507074579 10.6964307185948 0 50.1769459405526 15.9344246471754 59.2351171297641 28.1546833417386 75.5316386657993 35.4528743836413 87.3656151850429 35.5099601606617 17.1783569459142 113.510090319034 140.683034869285 0 155.557312011719 56.20598134812 108.827500773867 87.8871938497035 123.024378792416 63.8736229749955 0 128.012689197657 136.148868446597 59.2322265361051 42.333093920034 83.0403299451749 0 25.9906881943762 89.1781419889686 43.3011083704295 119.417185825266 81.0084261071968 92.6976152431423 62.5810577788243 66.0340221752754 19.2787167029398 23.0939502324295 75.7840217749657 105.615009816493 0 0 0 118.244908631249 179.75634765625 0 0 0 0 140.516179410078 0 0 150.728839997933 0 92.288263578608 176.564704514563 0 81.2289940478316 0 206.660949707031 116.935161752503 0 0 0 0 153.351179865883 0 0 173.480499267578 115.433187453181 0 0 0 146.494939881357 211.130249023438 0 0 0 0 0 104.953193664551
24.4636139683896 117.236367092975 96.7777212362056 48.4502574700755 106.079503886079 50.1769459405526 0 53.5056593065713 57.5775166227703 24.3152550437388 122.547131769076 52.5076265627037 147.143933560256 43.6948712342711 78.0450368794938 82.1896549610943 109.095168025926 0 125.180878922424 41.169557341366 73.9248298634621 76.4143415431906 83.1523407919534 47.5207536340394 145.821719920445 116.411933928542 103.781819890416 34.7083071168094 48.8956645551244 22.2372818735373 0 119.977197773181 61.916047442231 72.1268329542299 131.026809610363 79.0747983832915 86.2862652882359 81.4155494009623 81.1970961089596 73.1877618454378 82.1342649079 125.306995831423 139.680666314592 173.280075816153 154.499466637453 184.037353515625 96.8572138123112 0 0 136.786250549538 124.764718385854 143.434862679915 148.768103405764 0 0 132.370047888334 133.428009033203 84.242430636307 156.923929562188 0 108.081641777163 0 146.790332113847 116.289260864258 156.233563525302 0 0 0 147.5677841571 143.910383461403 132.640000306786 169.938863106362 110.861662931112 0 186.099960327148 161.247313707541 128.988216822175 147.802826024659 142.533929111595 0 178.68522644043 144.735462640776 149.888277829743 143.316530028725
40.3061851826357 157.802726368387 119.755131491721 91.0396525919565 15.3582232775679 15.9344246471754 53.5056593065713 0 75.6155102895336 45.4496165148583 62.3035280626195 56.0192388947624 73.863172770576 17.370431684124 35.6259201736125 133.833962516967 124.056462149494 97.0531093385463 129.429711966108 80.4684270142057 101.625359972865 127.774860980377 110.687753167231 88.9537809241748 105.498363295594 137.398109516553 141.870669874422 85.3866269843624 38.2324348685696 73.5830028398285 101.782760620117 14.7838631007952 78.7191123356969 38.9832785010336 119.795685671962 71.7084912143622 95.3045098729477 67.2459531858502 69.7323289663127 32.6260196405696 21.6375123819159 76.4836096797386 92.5748932760443 0 141.095360130757 165.560289393917 0 0 0 166.489837646484 0 174.620010375977 171.800214545454 0 0 156.404021739342 0 122.220640898669 135.415817260742 0 66.0681348364405 0 0 0 0 0 0 0 0 0 183.365737915039 186.924911499023 136.007161447683 113.740737915039 0 180.029262177253 140.065731686161 178.307411710112 158.684088633128 0 0 0 0 153.807070679666
64.3412945531495 74.4724829168788 101.011057164227 61.4841171668008 52.636158515616 59.2351171297641 57.5775166227703 75.6155102895336 0 68.6302286193163 134.949364112827 25.8892684415629 125.328385677637 86.3997529666613 23.2109546597408 53.719784024843 107.087866407935 148.623577132317 124.344670147945 55.9287106283639 68.4394130507052 29.2946292307985 79.572523149451 22.1738867313121 107.801316270271 114.703762184545 88.84664285671 50.59502695161 72.1913006197367 55.6147318941951 143.690246492474 82.2932331261443 64.1396816371503 61.8257769577316 128.139274858503 62.146625503724 112.423771395178 88.0783230038854 80.1988470382742 21.3447805001959 67.9831867826319 124.83027785047 64.8168466388209 0 0 99.6328048706055 64.2226930252989 0 0 85.7280095123207 128.240694792222 104.842589222499 94.8750346913191 0 84.8412578871099 78.1736489560042 114.056777337637 22.9288851435105 91.2020098621841 0 63.719006526665 0 113.1701342059 57.4929546918027 78.2321103187361 133.919052124023 0 148.258209228516 80.4860394551906 92.6696869855369 57.7758972564298 112.062280814464 58.0989259763348 123.160268947399 172.306234016222 127.05193064971 81.1470806775416 95.9665418022201 94.855434542677 0 0 88.7810558781491 83.7091106795681 162.582997007181
41.3278517665334 125.310699471597 121.44405124567 20.1400971344247 101.307253215992 28.1546833417386 24.3152550437388 45.4496165148583 68.6302286193163 0 132.72685061715 26.0610261196668 168.28076595614 59.7026422998858 79.2714277267944 104.055331760013 120.251601926376 0 128.164596557617 15.3017634811656 99.4426626228825 100.148946885573 107.33823621431 46.4456923873328 0 134.83008150905 136.615720154187 27.0453536501055 89.5451675419312 67.3165747952649 0 118.648083810925 86.5037678209934 86.0381848789288 144.088024576764 91.2054962878796 108.861937415621 93.4142579503035 90.155554509019 71.2877345228326 89.2779389888688 0 89.1534963262536 0 0 0 108.392495814822 0 0 149.35124206543 0 0 134.880818886035 0 161.122547801954 145.597468070405 0 90.6525955459682 161.643735232588 0 109.432157484254 0 160.372543334961 120.789363766946 0 0 0 0 142.958012425797 183.321090698242 162.031188964844 194.396896362305 117.948559599787 0 0 173.618026733398 145.446256286308 188.353707189057 168.708297729492 0 0 0 0 146.785751342773
90.7478967125279 52.8033016369834 77.0951288332681 182.924926757812 47.5444662816732 75.5316386657993 122.547131769076 62.3035280626195 134.949364112827 132.72685061715 0 129.408889894211 15.1562555018694 66.0691986889334 80.2199080357746 132.308075292176 53.167309233921 17.8488262652388 22.8555988724081 142.750103294394 118.864264746965 95.5869488262653 94.97847518183 138.218360914875 28.2549285940809 24.5480146090369 45.6394217126133 138.792193956699 60.7410422571769 116.33914892006 23.4364350864881 66.6251954867463 81.8453934502104 16.9666789190408 87.1096807796885 66.2556561604833 20.8110498311179 22.5506647213168 42.0316844745986 59.0557738931573 34.5768341571815 14.9297911859553 63.6636810302734 40.9714216797564 72.3835925989901 107.216955896817 0 0 43.3467022227634 0 72.5912470048812 0 0 0 0 0 0 0 0 64.5502051889903 0 62.0617446347272 0 0 0 89.5332224665806 84.6860480934787 100.346998725448 0 0 105.934820378992 149.92204284668 0 57.4270723842847 89.4205151628887 90.2415610535256 0 181.937713623047 0 92.3790016731148 0 0 78.859307718881 0
75.638917796498 130.543511299733 145.994661957138 43.8895858190241 56.5363257052571 35.4528743836413 52.5076265627037 56.0192388947624 25.8892684415629 26.0610261196668 129.408889894211 0 144.679412841797 77.6038303810384 20.5084906316308 136.140411376953 154.155793885958 0 0 18.3685767734071 134.47043022283 72.7876212572317 134.679540616745 22.593533097145 135.150390625 0 127.902058224165 53.3194048867111 98.1026531728115 88.8117983031647 0 128.680629685184 141.960961208456 96.2682245094334 153.116973876953 48.5835820358626 161.405532836914 102.365834334822 93.3347049970329 25.5443202902406 86.2509053314416 143.60005085156 61.9903212936304 0 0 0 81.2092223634104 0 0 0 0 0 119.140330014841 0 98.0901847267165 124.613666950566 0 62.3815009447821 137.524343821707 0 14.8238974630649 0 0 105.4279720003 187.629180908203 0 0 0 132.614147785444 0 167.733108520508 0 93.1798488080416 0 0 0 114.411247333811 0 132.11262512207 0 0 0 114.646224975586 0
96.0270462036133 46.1554705143181 95.4369202769557 0 67.7130966186523 87.3656151850429 147.143933560256 73.863172770576 125.328385677637 168.28076595614 15.1562555018694 144.679412841797 0 86.1702561885713 0 123.255466387228 75.4604111760056 46.5867896435153 55.6872021216865 0 160.53271484375 89.3555804622384 121.602615182796 139.131499107282 19.3435495093472 21.7458886390687 26.7090512950936 151.273281528207 78.6640676047299 170.061026190993 10.11037233243 82.6494343212361 0 12.6096975066902 74.3702539903602 27.4517523619262 19.5219612497797 25.8643820045581 22.8161327390524 67.8306589935336 25.8886073456406 9.95419462792812 20.6050682843362 42.995567024208 56.296088041586 22.6936418507836 49.9831848144531 62.8322641531008 24.0868539065325 102.984329223633 53.0995955532671 128.576312884424 0 0 0 105.387130040154 0 0 0 47.8063241489847 196.931930541992 54.8928717579486 0 0 0 119.015619728724 79.2379861285638 90.0203255338028 0 147.27861416544 93.4777362356146 150.760192871094 0 50.1635998937772 81.9798316927122 87.5997094038135 0 51.8629951477051 0 82.9064773905019 0 0 62.8226984829457 85.6115490529147
17.3167503559896 135.059406658682 115.537212646256 98.4309982869417 31.2274916851406 35.5099601606617 43.6948712342711 17.370431684124 86.3997529666613 59.7026422998858 66.0691986889334 77.6038303810384 86.1702561885713 0 41.3759237309652 126.828786126895 119.133818398091 107.903642436986 130.551677307682 90.6843832136748 99.286128757779 99.8308509207028 107.908185215201 95.5667865700806 100.254686939165 131.714485141838 138.070627079961 95.0469756329412 29.6504174818028 66.8938704682437 105.739306424892 11.2824849811094 56.3919161318031 42.3630761193524 107.497572346335 68.785178513736 87.3391461007662 64.7059607194589 66.3785256328004 34.5427017177509 32.7201386000087 63.9189613393245 101.261446972152 0 202.965835571289 0 167.149566650391 0 0 149.849884033203 155.511505126953 162.001998901367 230.563598632812 0 0 148.05547155265 158.892883300781 90.7421599514602 0 0 0 0 219.293975830078 0 152.739878120042 0 163.096225827691 0 0 0 0 170.066387051636 135.3807135655 108.793937683105 0 153.582333270586 143.168740906225 190.462935672529 164.920455932617 0 0 149.811019897461 0 157.506301038238
50.3769911748113 121.146449973489 143.750858117173 72.8244510802962 15.936882256804 17.1783569459142 78.0450368794938 35.6259201736125 23.2109546597408 79.2714277267944 80.2199080357746 20.5084906316308 0 41.3759237309652 0 121.118987597803 151.43820526026 0 0 67.612701953091 126.794654250697 83.8178821871304 135.126448718212 44.1267424483226 151.267566348939 155.815460205078 128.734466552734 76.3428950825804 45.4522836130714 88.9287200026604 0 42.2600447785629 0 41.6631495106068 0 35.9479271317787 117.43677520752 69.1332998823311 123.231025425078 10.8939929983379 29.7744106069093 58.9527878767733 51.3852920532227 0 0 0 57.8758087158203 0 0 0 0 0 127.595577030673 0 120.744017416031 104.615917017524 0 59.7675039831899 114.150238037109 0 91.8320262673013 0 0 100.15608215332 0 0 0 0 0 0 91.2215126716677 0 81.785678898998 0 0 0 116.397369457403 0 0 0 0 0 0 0
112.072108773737 68.7827210542388 84.9586960319498 104.781885752719 0 113.510090319034 82.1896549610943 133.833962516967 53.719784024843 104.055331760013 132.308075292176 136.140411376953 123.255466387228 126.828786126895 121.118987597803 0 91.1511388949494 131.858313111213 123.360659861026 116.152243190491 16.1730305219013 33.9498245216878 17.0915209750945 37.5636245311621 104.525407678032 104.417909839818 26.605771764496 35.6106179932656 92.5536180258015 70.20692720596 0 0 68.6374011136563 60.9389974536423 118.938263519132 68.3865007799842 53.940287339412 60.4136750561383 67.2336936452946 76.7399213350312 81.1454670027043 124.401769267009 110.269652782962 87.2966273236277 91.2861744008547 111.006925201022 122.142547607422 0 0 0 72.6503222819654 97.0734325006908 197.600555419922 0 0 132.13989511785 0 92.1944037515045 0 0 126.908271789551 141.7018097696 137.325134277344 0 84.807483075856 139.908721923828 0 166.0869140625 0 112.631378074287 51.792168616431 95.4708139347778 107.473123290293 93.8045806884766 112.670363182382 90.1751999283717 119.468318850445 179.044387817383 119.980349848858 0 0 0 98.9764850561636 166.698912551925
99.8629230123763 52.5449091724335 33.4182261542187 205.463607788086 181.959167480469 140.683034869285 109.095168025926 124.056462149494 107.087866407935 120.251601926376 53.167309233921 154.155793885958 75.4604111760056 119.133818398091 151.43820526026 91.1511388949494 0 48.593749288901 18.90078151284 0 51.7683874318904 77.8498271786127 24.7535138033364 124.071979125496 58.9097993712953 32.4383909709042 59.8680785819735 98.422440947199 99.9135326076706 68.9703626074851 76.5877493458786 170.938491821289 96.9829453351988 29.7520816449752 124.688455699483 76.6127087977812 52.5853830185746 44.8715660294637 65.6347365458493 102.401566217126 100.136734008789 0 152.708462489495 102.321578460944 110.224160405152 138.152353017801 0 0 0 162.336853027344 63.1085609235591 104.900694872401 0 0 0 0 0 134.810134887695 0 109.62136928758 0 101.50148026817 0 0 122.430930434347 112.210017780745 123.474327087402 107.989664645229 0 133.335891723633 98.4312619454333 118.8821304635 164.609212884205 76.509695985215 104.916896856516 98.3270635523688 128.030639648438 225.677215576172 146.718188534397 0 0 177.627182006836 131.815603125285 184.04290724496
145.648256687811 60.7369087863185 65.557193698355 166.158920288086 94.0292663574219 0 0 97.0531093385463 148.623577132317 0 17.8488262652388 0 46.5867896435153 107.903642436986 0 131.858313111213 48.593749288901 0 14.518915553517 0 109.951218490592 100.417907482392 94.0495956533266 153.216510692539 41.6786922248545 20.9244340555325 56.1104435921037 0 150.065905295973 115.259989750069 48.2912475127366 0 0 46.7831418560416 0 92.7283140520914 45.379022346702 46.6227304682245 64.3741247629726 101.300120145776 93.0616150070081 46.6711664865408 0 119.892669677734 132.782996311151 0 0 0 0 0 75.7426147453072 0 0 0 0 0 0 0 0 80.841156099015 0 70.7759770108773 0 0 0 0 90.4940515346423 96.5059508646658 0 0 87.985107421875 0 0 59.631014690935 87.6263914075193 93.1366715688564 0 0 0 96.8513548231151 0 0 113.06244931114 0
122.474251187612 48.8794341463238 48.9220002404298 0 0 155.557312011719 125.180878922424 129.429711966108 124.344670147945 128.164596557617 22.8555988724081 0 55.6872021216865 130.551677307682 0 123.360659861026 18.90078151284 14.518915553517 0 0 81.7461566166363 94.3192935346748 57.6544490678999 144.75874377097 40.7411933467847 24.0726086715131 52.7838289196409 124.342428284189 109.240183219969 89.2956021528955 58.1580475254796 0 113.690545940419 34.5655251153213 189.302993774414 83.6043321912873 47.8708993747068 43.4517639691341 63.2852686640815 82.7403551826565 75.3270587245926 62.3672890501186 115.556734201902 87.1445632521793 101.512543736797 0 0 0 92.5316925048828 0 62.4236835152202 109.332266352262 0 0 0 0 0 0 198.744003295898 88.3203222738996 0 79.8977281828742 0 0 0 119.758861047489 94.7418732450417 94.5370272415296 0 0 0 131.150524302887 0 58.6107491696615 90.0159343604562 86.8197245107307 0 0 190.787445068359 95.3171906791603 0 0 95.4335174560547 150.525173615042
73.32986094552 141.233014426039 0 10.9743522352849 101.296394773197 56.20598134812 41.169557341366 80.4684270142057 55.9287106283639 15.3017634811656 142.750103294394 18.3685767734071 0 90.6843832136748 67.612701953091 116.152243190491 0 0 0 0 151.264016437385 111.527267456055 130.191282981334 21.3891376821582 0 0 167.710146677175 22.8532348330199 103.63852314836 136.066152305293 0 137.603735203399 125.961508609629 95.6790804450331 136.577011108398 85.1085480780517 121.296277780473 102.701114986134 97.5219512855084 63.1963898560888 104.246763790324 128.182540893555 81.529253644299 0 0 0 102.337001778287 0 0 0 0 0 45.4876765627751 148.783218383789 151.229739691057 134.180229117492 0 82.5210208295974 127.837516004439 0 60.9166990516396 0 0 115.035673864014 0 0 0 0 30.3945497894848 0 0 0 112.892732943634 0 0 0 135.678428292783 0 148.43391418457 0 0 0 0 0
79.9213190089963 86.8838079383694 61.1222690737467 130.103500366211 134.105392456055 108.827500773867 73.9248298634621 101.625359972865 68.4394130507052 99.4426626228825 118.864264746965 134.47043022283 160.53271484375 99.286128757779 126.794654250697 16.1730305219013 51.7683874318904 109.951218490592 81.7461566166363 151.264016437385 0 50.7598668051266 33.6048312394323 45.9261103009623 117.47197323292 81.5489502305781 67.4277169472188 25.8955282002723 80.4875785574405 29.4527059449491 0 140.294540405273 73.2486277816544 37.3655299236858 123.42816858834 66.0378282711561 52.6381228630956 53.9995576317536 64.4911514213547 75.7306124424658 83.078804027209 107.26985782107 128.494893305331 120.766869946649 118.04928210396 133.935793961869 101.354507446289 0 0 174.355227966836 89.7934989888606 118.211273388847 0 0 0 143.00700378418 216.49836730957 90.5934143066406 155.037796020508 122.716023963723 0 0 151.846481323242 0 97.1191232086372 136.093795776367 0 154.559055934559 0 107.264154285909 71.3198025546638 121.888013571961 113.490490182451 0 139.416973019143 117.028884855654 127.154826708003 168.034008240779 151.997918326654 0 0 0 117.562298628453 146.022882811793
108.717535659302 31.8676528239336 63.2748498751015 72.6102492041652 92.6165634654018 87.8871938497035 76.4143415431906 127.774860980377 29.2946292307985 100.148946885573 95.5869488262653 72.7876212572317 89.3555804622384 99.8308509207028 83.8178821871304 33.9498245216878 77.8498271786127 100.417907482392 94.3192935346748 111.527267456055 50.7598668051266 0 52.7488776616317 35.1217764827161 69.4148926479904 76.8794123206742 42.3465170506653 57.4268908045335 99.7796000131893 68.4868769127115 101.347270618261 153.70719909668 75.9675739588075 60.1652575138186 133.020541046788 65.5764799113017 57.0907792966315 55.9687152676183 61.4580556372608 67.5986258663034 92.8714784709457 85.9932863587315 102.19518748908 77.088218745464 77.4950886374413 92.3106666390866 63.762020111084 97.4798126220703 98.248908996582 116.615478515625 50.7036634652215 82.288802626985 0 0 0 119.172129716841 0 25.3542394523675 158.118789672852 0 0 130.63673229857 124.17635345459 0 52.5488527595398 103.100920715785 121.638038635254 158.060371625922 0 70.722560543158 12.6613725802282 78.0116780543841 45.254036311907 66.4042892307868 119.940966129783 81.6198852819125 92.220331085837 93.4619526628978 109.681052618045 0 0 0 77.4184341430664 132.565897148457
90.5489721611637 73.7829461245994 31.1142364568617 101.23943353566 167.649383544922 123.024378792416 83.1523407919534 110.687753167231 79.572523149451 107.33823621431 94.97847518183 134.679540616745 121.602615182796 107.908185215201 135.126448718212 17.0915209750945 24.7535138033364 94.0495956533266 57.6544490678999 130.191282981334 33.6048312394323 52.7488776616317 0 63.8716684618868 121.675747043355 61.5318782104882 39.1450301337744 51.8441629625605 93.7410611473162 48.6212104576665 114.499474752539 152.510330607742 82.6355811888975 42.984561168685 128.475356771182 67.9130087202392 48.3036373985016 53.7441635815295 63.3107349254908 77.8287453389462 89.8589862746118 102.275421435217 118.1620146107 96.7770616011893 98.6116363708337 119.264095223743 153.758817374045 134.880722045898 0 174.711283982341 72.3553299401723 97.1734914142832 0 0 0 151.802200257501 0 107.881383864082 198.664611816406 165.800858314981 0 129.87010060882 180.52260931281 0 92.887033335519 118.496859420306 174.929382324219 142.061604490872 0 127.617960475696 68.2507875042248 104.483077400823 124.391743017201 108.603063535195 127.152987650469 94.5311972982105 142.217798536739 190.34046251556 148.54913667658 0 0 133.742080688477 99.1789391339513 136.856608844596
75.8538863124128 85.6163441594163 103.045515084158 22.7502068670431 72.4099138725209 63.8736229749955 47.5207536340394 88.9537809241748 22.1738867313121 46.4456923873328 138.218360914875 22.593533097145 139.131499107282 95.5667865700806 44.1267424483226 37.5636245311621 124.071979125496 153.216510692539 144.75874377097 21.3891376821582 45.9261103009623 35.1217764827161 63.8716684618868 0 117.867209267411 125.034667724357 77.6577162358621 20.7565952636432 82.7680993190395 64.1971829153863 166.727935791016 109.676755779686 70.567815247401 70.1957699207981 132.868884220772 74.8762019183482 89.5624369386779 86.6184387013175 87.2921186196831 39.1170203216305 91.286663598083 134.878017344424 103.222853408975 190.99705244713 131.168968958031 147.162618478523 83.1694100860736 137.041756752186 0 118.497054291645 108.804863288548 141.330750833578 118.052410529314 148.626861572266 138.428431445853 107.932644510207 147.190289794608 59.5782425648242 122.694133339996 0 87.4839519242854 169.238342285156 144.613375149122 88.0658908736088 101.806600723559 134.744659423828 163.875717163086 0 119.967193585563 132.729874863795 71.0718584019956 128.06970121188 83.5727682287946 120.648445119608 136.379631091522 134.566278729049 101.063202453761 134.489719519945 117.48683041366 0 0 128.760215353755 124.945744934477 154.083753035382
90.1672439575195 23.7552212461228 75.3784526805667 0 168.711349487305 0 145.821719920445 105.498363295594 107.801316270271 0 28.2549285940809 135.150390625 19.3435495093472 100.254686939165 151.267566348939 104.525407678032 58.9097993712953 41.6786922248545 40.7411933467847 0 117.47197323292 69.4148926479904 121.675747043355 117.867209267411 0 35.6288005856864 30.5803825602892 131.063383247311 0 132.490321667675 40.6200719414123 0 0 36.438683538979 0 121.279977924896 15.3399966600374 39.2045985657161 71.3005707296278 143.317430761375 25.1965808868408 16.3475868105997 105.422492980957 47.3710560395631 77.665251608768 103.989278151877 0 0 42.2487480072272 0 43.9587012412115 93.0988024637617 0 0 0 0 0 0 0 52.2713706836796 0 44.0736125623622 0 0 133.136063808377 81.1204535905119 60.9800823111095 69.8734734332935 0 114.953330993652 80.3231311609777 156.847282536095 158.656555300636 26.9909218752146 63.1951014366151 62.6200845506565 202.873306274414 0 0 67.9710312339268 0 0 76.8487073231509 0
113.201163074287 44.5685388547557 23.6948918777418 187.655792236328 0 128.012689197657 116.411933928542 137.398109516553 114.703762184545 134.83008150905 24.5480146090369 0 21.7458886390687 131.714485141838 155.815460205078 104.417909839818 32.4383909709042 20.9244340555325 24.0726086715131 0 81.5489502305781 76.8794123206742 61.5318782104882 125.034667724357 35.6288005856864 0 30.8628976971579 111.2668896899 115.479825882714 91.7275907189403 18.6314843841694 0 113.458829010475 44.3370896707349 139.807899249077 81.6019573125341 50.1868805842872 50.3326612933257 68.3399358192 107.989793498339 91.1500885349303 67.5160743542549 122.751871083579 95.108235154665 95.8175484719536 138.527584892568 0 113.44229888916 77.1443162359574 0 61.6240583092519 101.958526437293 0 0 0 123.158389724725 0 0 0 84.7673316907393 0 73.063561880569 0 0 135.138798635692 109.152978774872 91.0802558397424 92.5620987738025 0 140.105697978044 88.0841156865479 129.87347906399 0 55.9834521530969 86.303544394638 82.516959312951 201.633369953937 190.908664502835 157.294534146097 96.0927731352877 0 0 95.7560518562915 137.148420711906
126.88789621724 28.0854486176175 33.5094529284596 118.015965240291 0 136.148868446597 103.781819890416 141.870669874422 88.84664285671 136.615720154187 45.6394217126133 127.902058224165 26.7090512950936 138.070627079961 128.734466552734 26.605771764496 59.8680785819735 56.1104435921037 52.7838289196409 167.710146677175 67.4277169472188 42.3465170506653 39.1450301337744 77.6577162358621 30.5803825602892 30.8628976971579 0 74.1322915368803 120.457106257927 87.8065376211457 19.5538065839775 0 101.49090759361 52.669668696395 134.299756721598 76.1021431172242 51.5885829387362 56.5148919870109 68.3603291892436 87.0846292981868 92.0194176685431 60.9600428915128 110.665143865142 84.1543263330693 89.9432457023985 103.620788433393 126.074692829083 155.521536545302 89.8829615846971 153.967366546846 50.6879740027341 85.7900941781797 218.563585429557 0 0 155.37532863043 0 124.391957676649 187.07160949707 88.6711363085736 0 78.4780982550794 161.299939621319 0 91.4291868486602 101.049211181497 94.3968865053878 95.1181514732153 0 120.598239051932 71.2424449343889 97.4006751848105 138.832076739259 56.5674122331251 88.0580934921601 80.7538388771576 137.583300665759 157.888938303117 122.672594495669 103.218190915623 0 155.941131591797 89.4097597026471 151.286838946371
78.2011396787721 104.216952079312 83.6099367718262 16.7811896725727 104.918848586084 59.2322265361051 34.7083071168094 85.3866269843624 50.59502695161 27.0453536501055 138.792193956699 53.3194048867111 151.273281528207 95.0469756329412 76.3428950825804 35.6106179932656 98.422440947199 0 124.342428284189 22.8532348330199 25.8955282002723 57.4268908045335 51.8441629625605 20.7565952636432 131.063383247311 111.2668896899 74.1322915368803 0 83.6955328630545 40.2420877746589 179.072155146757 140.125338941393 67.9258733610859 60.5556565724648 127.3823290624 72.3979288471067 75.7868304224625 72.8522942703904 79.5300323496292 77.4085681422674 89.5992351156114 170.48942565918 117.907689070493 128.433818755261 130.044278662415 152.242697998135 111.818906570185 138.778205206825 0 117.843500322932 127.100335490522 139.383860082798 145.163045312142 0 163.037200927734 123.219218003365 151.435496097823 81.8239964020607 156.128165755389 156.538303315491 115.679247115775 0 136.734977093917 132.675527444877 111.705205319207 0 0 0 153.547225682541 129.798367963554 102.894339564168 132.334620535565 99.6477562052099 0 138.793685913086 134.553780860189 118.093304765965 134.343435037255 133.309143044784 0 0 131.913775627509 126.184250371971 163.031721422614
16.9604779429256 114.267915851587 100.691999122568 105.92230628191 27.5596198541758 42.333093920034 48.8956645551244 38.2324348685696 72.1913006197367 89.5451675419312 60.7410422571769 98.1026531728115 78.6640676047299 29.6504174818028 45.4522836130714 92.5536180258015 99.9135326076706 150.065905295973 109.240183219969 103.63852314836 80.4875785574405 99.7796000131893 93.7410611473162 82.7680993190395 0 115.479825882714 120.457106257927 83.6955328630545 0 29.3576677616906 104.82456081076 14.4773262458903 19.6416361208875 35.0592252195327 105.92271551385 59.4343081171141 73.1375953941014 51.410252836215 52.67656266596 40.1971707753054 31.556719978815 64.3566782383537 134.615958136715 117.455474853516 0 135.708230552149 141.306103823754 0 0 153.574808206168 129.148163979251 0 0 0 0 132.373158887015 182.707829334928 102.171265150655 0 0 0 0 148.380509907554 130.049072265625 164.286376360425 0 0 0 0 0 86.5041681130414 157.054093485507 115.705994296106 0 213.734754950356 174.108034126686 129.396528006458 152.253321610975 145.300687900077 0 0 208.985397338867 0 128.767938286105
33.8778706688908 97.3750007553896 70.5388342535668 109.471474455488 122.929450752997 83.0403299451749 22.2372818735373 73.5830028398285 55.6147318941951 67.3165747952649 116.33914892006 88.8117983031647 170.061026190993 66.8938704682437 88.9287200026604 70.20692720596 68.9703626074851 115.259989750069 89.2956021528955 136.066152305293 29.4527059449491 68.4868769127115 48.6212104576665 64.1971829153863 132.490321667675 91.7275907189403 87.8065376211457 40.2420877746589 29.3576677616906 0 0 119.668210188522 48.7557152745726 34.1867445695837 115.863468203912 59.2534224165126 61.0557226937324 51.3783101359193 63.0369474785021 74.8872038644424 75.9016977088576 119.663181665702 112.558392002991 122.339463655057 132.202574794123 130.390079014958 0 0 158.821350097656 136.538558645678 110.275965775419 120.183960530367 0 0 0 125.967244116484 148.384013674769 87.5937602465652 148.720181187081 0 0 0 131.20221598698 101.898280714227 123.330752966546 171.727966308594 0 0 0 130.541876226357 104.30701660201 139.14798193871 102.165523633743 141.098175048828 173.540687670799 131.667088722345 116.549235948952 130.19931380983 127.407638728486 0 0 136.247214654218 116.370753642217 139.987139460794
0 62.7769824465572 94.6354578640684 0 0 0 0 101.782760620117 143.690246492474 0 23.4364350864881 0 10.11037233243 105.739306424892 0 0 76.5877493458786 48.2912475127366 58.1580475254796 0 0 101.347270618261 114.499474752539 166.727935791016 40.6200719414123 18.6314843841694 19.5538065839775 179.072155146757 104.82456081076 0 0 0 0 64.6785952241418 135.221069335938 107.664859717526 57.7122140017724 63.6099592199868 73.4770325504803 202.430389404297 79.4288330078125 62.2240341156267 0 75.3188687345397 115.748980532868 0 0 0 78.6401371088239 0 100.72983540083 0 0 0 0 0 0 0 0 81.6155057697617 0 75.9031108208547 0 0 0 0 93.926300611207 99.9074805416842 0 0 165.263885498047 0 0 65.6899072001607 100.831920012601 99.7955195869252 0 0 0 102.60456188398 0 0 108.777770996094 0
82.3841125079038 0 172.782787028894 121.50838470459 11.4518187543046 25.9906881943762 119.977197773181 14.7838631007952 82.2932331261443 118.648083810925 66.6251954867463 128.680629685184 82.6494343212361 11.2824849811094 42.2600447785629 0 170.938491821289 0 0 137.603735203399 140.294540405273 153.70719909668 152.510330607742 109.676755779686 0 0 0 140.125338941393 14.4773262458903 119.668210188522 0 0 57.7500228881836 22.7921713676437 109.695847475812 73.2772025694796 69.4911714876431 44.8053636975879 50.4183895942847 41.244397775287 22.1198645766898 70.2108688354492 0 0 0 0 0 0 0 0 0 0 0 0 0 0 0 0 0 0 144.389266967773 0 0 0 0 0 0 0 0 0 0 0 0 0 0 0 170.546401977539 0 0 0 0 0 0 0
33.7126105639552 127.642021179199 93.9505171100601 97.6959838867188 75.6090701653813 89.1781419889686 61.916047442231 78.7191123356969 64.1396816371503 86.5037678209934 81.8453934502104 141.960961208456 0 56.3919161318031 0 68.6374011136563 96.9829453351988 0 113.690545940419 125.961508609629 73.2486277816544 75.9675739588075 82.6355811888975 70.567815247401 0 113.458829010475 101.49090759361 67.9258733610859 19.6416361208875 48.7557152745726 0 57.7500228881836 0 23.1189043215872 88.7270873170542 42.3388586962613 49.5881747870979 32.1786758197532 32.7517416465979 44.4642681936622 42.6742744711271 56.5386073575871 113.292915344238 0 0 0 0 0 0 0 0 0 0 0 0 118.947123772375 0 62.1272857290828 0 0 0 0 0 0 151.81005859375 0 0 0 0 0 0 126.265867203964 103.202462324329 0 0 158.776031494141 115.753623905638 151.090076630726 0 0 0 0 0 72.9025192260742
49.2352883624236 50.6745420733546 52.7284921791723 100.577834293984 15.656306996247 43.3011083704295 72.1268329542299 38.9832785010336 61.8257769577316 86.0381848789288 16.9666789190408 96.2682245094334 12.6096975066902 42.3630761193524 41.6631495106068 60.9389974536423 29.7520816449752 46.7831418560416 34.5655251153213 95.6790804450331 37.3655299236858 60.1652575138186 42.984561168685 70.1957699207981 36.438683538979 44.3370896707349 52.669668696395 60.5556565724648 35.0592252195327 34.1867445695837 64.6785952241418 22.7921713676437 23.1189043215872 0 77.981179266859 32.3477869434062 22.4715784401677 12.1487919872859 20.1330553089277 33.4512259565319 10.0408178961253 10.4613318224957 44.4933214450121 76.5940764340451 84.1509468838028 47.1782292642802 103.758741980269 50.4149216793534 30.2231055349607 137.558087539645 54.913897893299 88.4039415542757 0 0 0 145.209803622911 0 93.985084723917 0 40.2859377562227 0 40.9249932509813 177.117197710388 0 94.3841877558875 93.7038188021684 118.848870584608 81.6224746704102 0 117.218640021972 74.5811016561362 108.293434740047 109.052813066963 63.7627724450688 94.5182445627963 87.7533020718212 119.024807591568 127.847226507643 140.963315105118 104.208933182166 0 0 129.189844962254 77.5277341569247
101.719493966117 112.080956176966 136.285566999411 132.472512984541 82.8876876831055 119.417185825266 131.026809610363 119.795685671962 128.139274858503 144.088024576764 87.1096807796885 153.116973876953 74.3702539903602 107.497572346335 0 118.938263519132 124.688455699483 0 189.302993774414 136.577011108398 123.42816858834 133.020541046788 128.475356771182 132.868884220772 0 139.807899249077 134.299756721598 127.3823290624 105.92271551385 115.863468203912 135.221069335938 109.695847475812 88.7270873170542 77.981179266859 0 64.1844166309737 88.4083236912835 77.0145798626571 71.2780977714505 59.5239611998835 67.0594509603719 76.8785868405717 67.8358472520648 96.5031556941944 95.1074445176395 81.7818007422508 71.8449435859813 81.1700617318461 89.5820159357928 113.178631252807 164.650729455773 137.423712003114 0 0 0 156.312729009738 0 142.587982177734 140.249153919525 85.2152629352001 0 0 98.8271102905273 62.7703451829879 157.45904830772 150.950378417969 0 0 0 149.200012191871 131.687956601567 146.217951859739 180.415349889228 0 183.690307617188 144.609034513146 182.793479385756 158.796249549212 142.228309547238 0 0 132.151168823242 101.998276885184 26.1877147887968
62.0877067286387 78.5786338399789 74.8446217482329 78.5990924709111 64.5012530126176 81.0084261071968 79.0747983832915 71.7084912143622 62.146625503724 91.2054962878796 66.2556561604833 48.5835820358626 27.4517523619262 68.785178513736 35.9479271317787 68.3865007799842 76.6127087977812 92.7283140520914 83.6043321912873 85.1085480780517 66.0378282711561 65.5764799113017 67.9130087202392 74.8762019183482 121.279977924896 81.6019573125341 76.1021431172242 72.3979288471067 59.4343081171141 59.2534224165126 107.664859717526 73.2772025694796 42.3388586962613 32.3477869434062 64.1844166309737 0 31.1200685924039 35.0542938590986 26.6341164033562 25.3956405524968 33.4698656106654 25.6897439780722 47.5709998134716 75.0803798230001 85.9227284160328 59.3128608555725 57.7633822149158 59.597670317709 48.6443586328146 112.17152761792 85.6409863589777 112.97281114719 90.9792150125066 0 0 102.823439518682 113.56475276074 64.7368390332364 123.726270197568 33.8632023141149 66.2388234968115 46.1055040394518 130.079878850243 47.9181273617415 99.6978160368357 133.893894796337 115.920288085938 0 83.4377801673077 132.775126589857 84.1336190962527 116.695567387475 108.190498948499 122.515286611299 131.740729731032 110.525763939796 120.989676630526 144.561441717495 127.616158276496 0 86.4583282470703 94.237060546875 119.444150478625 72.247656493677
80.0048861556357 42.3021999192169 46.4682515924067 147.688781738281 56.2757415771484 92.6976152431423 86.2862652882359 95.3045098729477 112.423771395178 108.861937415621 20.8110498311179 161.405532836914 19.5219612497797 87.3391461007662 117.43677520752 53.940287339412 52.5853830185746 45.379022346702 47.8708993747068 121.296277780473 52.6381228630956 57.0907792966315 48.3036373985016 89.5624369386779 15.3399966600374 50.1868805842872 51.5885829387362 75.7868304224625 73.1375953941014 61.0557226937324 57.7122140017724 69.4911714876431 49.5881747870979 22.4715784401677 88.4083236912835 31.1200685924039 0 17.1636622779864 21.1650337299441 37.35632618 38.3515620648499 16.6980026692048 81.2417509340857 34.0144266806734 78.6484834789255 89.873402092846 87.7498914995626 91.0713140868172 27.7070550798087 141.178457424691 50.076293467619 89.3109965983237 0 0 0 0 133.803997544744 102.415487204581 132.027496337891 40.1938553399268 0 37.2162488396501 102.852509324775 0 90.8137594280469 118.518740637137 76.4386772232138 110.066053091454 0 125.767891653032 39.6107096561063 99.4519722457765 104.762475499794 33.9811397175647 91.4837304649822 84.0292986488591 122.139992295883 130.92507782925 0 66.3795852661133 0 0 97.7895166731316 97.0334641692183
