0 0.820685148239136 114.616753637791 9.26520162820816 5.17395862936974 101.663980603218 4234.64765363932 946.119941473007 37.9915282428265 348.337090671062 9.18701788783073 14.7285368144512 1.71585583686829 14058.0666581094 8.85472279787064 14.3117725849152 73.7830895185471 0.605917632579803 6.79894322156906 16.8142468035221 231.890835314989 6.73307773470879 314.196245104074 55.1008198261261 0.746855139732361 48.5589707195759 29.1908619999886 129.697429716587 13207.4133666456 2983.18755099177 0 6.7901331782341 581.191496402025 566.559342801571 8.7990634739399 341.359934806824 12.3082020282745 173.569810122252 47.7025739550591 152.80421897769 55.5615898370743 0 3.64207094907761 0 0 0 0 0 0.459388494491577 0.493041902780533 0 0 0 0 0.394381940364838 1.29690194129944 0 0.946138739585876 0 0 0 0 0 0 0 0 0 0 0 0.803035974502563 0 1.54808008670807 6.70926967263222 0 0 4.51462018489838 3.8778637945652 0 0 0 0 0 1.03245139122009 0.339757084846497
0.820685148239136 0 511.599967896938 0.805929601192474 0 0.895779490470886 13.5869437456131 2.18431508541107 394.192745983601 1.23395532369614 361.133046239614 3.05513069033623 648.071002334356 6.09025573730469 11.9713152647018 121.844958752394 543.85800793767 87.5150153338909 261.897462457418 1.32660686969757 36.7516473829746 2457.0507389605 247.378812402487 457.736526429653 3486.71260106564 1445.1319783628 7708.42164936662 66.6235038936138 6.77197712659836 29.1717289090157 45.3926371634007 0 2.57142227888107 233.938832551241 8.1899910569191 161.035805940628 287.345882415771 428.238006770611 94.0271948575974 27.8210934996605 0 106.164417207241 9.11629807949066 17.7318415641785 42.9856289625168 4.05024838447571 0 0 2.74658155441284 0.852842450141907 158.576108723879 88.0320860147476 0 0 0 2.78934323787689 0 1.90004706382751 0 9.10087126493454 1.0677330493927 21.9255903363228 0 0 10.5602421760559 12.2067967653275 4.87266972661018 4.85191816091537 0 5.74506932497025 28.8727602660656 31.7957904934883 2.23709744215012 23.0141760110855 111.304305762053 333.946024596691 1.50932860374451 0 0 2.37272655963898 0 0 34.7769965529442 0.972155690193176
114.616753637791 511.599967896938 0 0 0 30.3918668329716 353.452138900757 137.306623578072 30.3096937537193 29.1870811581612 29.277754843235 0 11.6124736964703 225.462242513895 0.351543188095093 54.5320335030556 2926.09064117074 59.3336867690086 313.432087928057 0.685469388961792 1227.30735531449 199.355314433575 10075.2307002246 57.0424314439297 14.5821475088596 11438.2877871394 8964.66333791614 388.069266557693 239.500641673803 1261.66322085261 5.94027832150459 0 35.0987011790276 281.52719771862 9.79456746578217 377.825233191252 160.159314215183 714.074475556612 163.522957503796 22.0966246724129 6.55713951587677 0 20.2349527478218 23.8190324902534 62.1586264371872 7.52808225154877 0 0 0 0 128.364767968655 140.256093472242 0 0 0 2.10906559228897 0.865317165851593 1.94357573986053 0 0 0 0 0 0 10.8918967843056 10.1182954907417 0.518736660480499 7.20606917142868 0 4.66611623764038 25.8868304491043 66.439669162035 0 2.06462866067886 46.500384002924 351.749796271324 3.31030136346817 0 5.02977699041367 0 0 0 26.8653929829597 4.67084002494812
9.26520162820816 0.805929601192474 0 0 4.04167097806931 172.943247884512 201.381356865168 71.5336075723171 468.559709429741 9782.5306610465 2.6469798386097 2113.89853811264 0 44.972307741642 69.3352143466473 3.77502501010895 0 0 0.498242527246475 25621.2551480234 0.537986099720001 8.05527931451797 3.38498347997665 3070.30674371123 0 0 4.67722687125206 12904.180431813 37.4484351277351 5.18100589513779 0 0 5.70976614952087 30.4534430801868 4.08047425746918 53.0302999913692 1.10149204730988 11.5564378201962 5.56488227844238 224.396703034639 1.88195243477821 0 3.43029189109802 0 0 0 11.6809746026993 0 0 0.659860849380493 0 0 103.512329041958 0 4.52782553434372 17.3320088684559 0 36.4314838349819 28.1398431062698 0 24.9677670001984 0 0 1.2079906463623 0 0 0 0 15.8294355869293 0 0 0 92.0683147013187 0 0 0 51.3280867934227 0 0.447537153959274 0 0 0 0 0.651653110980988
5.17395862936974 0 0 4.04167097806931 0 3845.77201810479 11.3926594853401 1520.68368834257 90.4540728926659 25.3818963766098 8.4660319685936 156.338981062174 0.653643131256104 229.852729767561 3341.85845920444 0.544911742210388 0 0 0 12.0986481308937 1.26030021905899 2.84534084796906 0.430165231227875 39.3337125182152 0 0 0.623195052146912 6.44144621491432 998.150981247425 2.88241279125214 0 3720.32221376896 0.619726836681366 701.492111384869 0 12.872559428215 3.08282607793808 22.8114613592625 2.22486662864685 5683.51844999194 4850.14594233036 0 0 0 0 0 0 0 0 0 0 0 0 0 0 0.900183916091919 0 3.225261926651 0.797025561332703 0 1.0655300617218 0 0 0 0 0 0 0 0 0 0 0 1.46587139368057 0 0 0 0 0 0 0 0 0 0 0
101.663980603218 0.895779490470886 30.3918668329716 172.943247884512 3845.77201810479 0 2133.38448438048 30379.1148067713 123.09936979413 15197.4795566797 33.9894279539585 4837.04662150145 3.34022989869118 2924.75540600717 5555.29250234365 5.17749801278114 6.9789103269577 1.17265820503235 0 594.411916404963 46.6672885119915 7.0379184782505 74.8534164130688 253.16864785552 1.41345632076263 10.7234772145748 12.0669870972633 665.929287791252 1396.36508500576 233.004661589861 0 1712.73747584224 14.707916021347 778.559851258993 42.0594959557056 168.079262286425 7.58123606443405 133.324615031481 33.4623836576939 7134.26906090975 1181.45000070333 0.918014645576477 1.50489220023155 0 0 0.411292403936386 6.46310365200043 1.0315260887146 0 0 0 0 2.88906854391098 0 1.3995680809021 5.5098380446434 0 11.9075870513916 3.26545816659927 0 2.36012518405914 0 0 0 0 0 0 0 1.29273521900177 0 0.682945251464844 0 38.0252854526043 0 0 0 10.3898803293705 0.429963171482086 0.380689293146133 0 0 0 1.05435228347778 2.6320429444313
4234.64765363932 13.5869437456131 353.452138900757 201.381356865168 11.3926594853401 2133.38448438048 0 3665.4227757901 466.024233192205 13334.1981924772 15.9314379394054 288.916471034288 1.23631516098976 6540.79338568449 52.0891991555691 175.722846388817 87.6057023406029 1.17233708500862 4.31733670830727 250.803988307714 848.77464351058 90.8694984316826 1459.66415479779 2997.56058320403 2.88970422744751 80.126530200243 302.548429846764 17319.0697450936 3221.50117717683 16946.794072777 0 9.66365748643875 351.031209111214 1109.53992524743 52.0176428556442 1180.55003318191 47.6454746723175 542.909203767776 253.117831915617 428.395383328199 151.371074318886 2.09224635362625 17.085851162672 0 1.61498832702637 1.43974876403809 5.78483939170837 0 0 3.23570904135704 0 8.8562383055687 14.5281357765198 0 0 22.9420121610165 0.564955651760101 38.7452310025692 17.1188967227936 0 9.84596666693687 0 1.95598372817039 0 8.09786239266396 0 0 0 3.96933525800705 2.19832628965378 6.80413249135017 9.31740313768387 185.895649254322 0 0.97977215051651 9.10740453004837 86.2768321931362 5.34791120886803 3.03838893771172 0 0 1.06642401218414 4.78382855653763 3.74909549951553
946.119941473007 2.18431508541107 137.306623578072 71.5336075723171 1520.68368834257 30379.1148067713 3665.4227757901 0 43.6773704588413 5614.89155039191 85.9325324296951 1577.82725322247 12.2060554623604 19759.420714885 858.964139342308 8.54774022102356 67.1925278604031 3.23948723077774 6.17349708080292 393.976222187281 195.069275557995 10.2921215295792 352.5993463099 85.2852358222008 2.82218736410141 39.1728306412697 33.1506806313992 282.313911110163 2784.23571941257 1119.48918424547 0 925.52926915884 50.268066316843 1525.34440866113 15.7006011009216 401.259919852018 20.0962443351746 268.854177862406 42.2400135099888 2422.97070300579 1683.36047652364 11.0636504590511 0.62453681230545 0 0.775903820991516 0 0 0 0 0.843237057328224 0 0 0 0 0 0.782638072967529 0 2.10364127159119 0.865188598632812 0 0 0 0 0.802593410015106 0 0 0 0 0 0 0.971623480319977 0.556714177131653 9.49069783091545 0 0 2.22054421901703 2.1569983959198 0 2.17956018447876 0 0 0 0.632393300533295 1.82237845659256
37.9915282428265 394.192745983601 30.3096937537193 468.559709429741 90.4540728926659 123.09936979413 466.024233192205 43.6773704588413 0 793.714968442917 27.9121114015579 1320.78059920669 30.6669828891754 73.9359237849712 1138.11883080006 67.920517295599 19.7189437747002 7.61567687988281 6.8555902838707 559.871432691813 39.4398786425591 3204.61689633131 94.3128006458282 13981.9336158037 105.735901147127 43.4352604150772 323.941610008478 2274.33738017082 190.048293948174 344.677279353142 0.373267322778702 2.89037799835205 54.9347833395004 98.6721300184727 7.9381850361824 270.891267597675 29.745848685503 88.7499110996723 34.3903478682041 2546.9953366518 9.48550373315811 4.49294230341911 18.8982232511044 1.0434262752533 0 1.72935879230499 23.0596041381359 0 0 4.69849306344986 0 0 45.4781857430935 1.98063623905182 8.2367103099823 65.1820264160633 1.05449879169464 162.394820034504 78.4101643562317 0 34.3679053783417 1.89901220798492 6.65354597568512 3.37839636206627 7.84724348783493 0 0 0 24.433480411768 3.0105342566967 2.29338586330414 12.5877231359482 482.794828802347 0 0.824634373188019 6.12842667102814 260.662895172834 10.3244622647762 14.588789999485 0 0 2.48920464515686 2.66797512769699 2.00756561756134
348.337090671062 1.23395532369614 29.1870811581612 9782.5306610465 25.3818963766098 15197.4795566797 13334.1981924772 5614.89155039191 793.714968442917 0 14.3587385416031 13787.8788254857 0.966477781534195 1842.35591211915 190.880983024836 29.0459982454777 5.34365800023079 0.760712862014771 0 18706.8887245953 59.7375471293926 24.9661298692226 117.53267967701 1645.08571320772 2.60327723622322 4.29969388246536 26.7511611878872 10789.1570443213 710.253142178059 334.070875555277 0 6.87215813994408 42.0485206246376 605.631363779306 149.65930557251 554.679276049137 3.05492308735847 166.197002440691 86.3819294571877 774.928057670593 109.46168833971 0.938724517822266 2.80499625205994 0 0 0 24.3454496860504 0 0 0 0 0 47.4072736203671 1.1351592540741 2.19355204701424 32.5620486140251 0.473414987325668 68.267422914505 43.4567649662495 0 36.8395154476166 0 0.340140491724014 1.61614310741425 0 0 0 0 23.262413173914 1.29229074716568 0 0 228.771642714739 0 0 1.55692231655121 116.649526804686 1.64959567785263 0.362280696630478 0 0 0 0 1.13913211226463
9.18701788783073 361.133046239614 29.277754843235 2.6469798386097 8.4660319685936 33.9894279539585 15.9314379394054 85.9325324296951 27.9121114015579 14.3587385416031 0 7.90541231632233 14288.9989261031 143.013695716858 2.73694628477097 8.21743559837341 303.111913055182 7366.34969592094 3885.63313093781 4.65752875804901 13.527179390192 98.3157482147217 49.7800298631191 20.7796057462692 2401.70376935601 5300.19088289142 2028.86046013236 5.94016715884209 94.2547053098679 16.1767782270908 1495.01211875677 14.2146502137184 2.99549406766891 9871.23017323017 2.28468286991119 81.9009392261505 5355.35104075074 11507.5047228634 73.7791609764099 34.0340859293938 159.743210196495 3752.17640265822 3.32176464796066 74.4622253775597 17.5148184299469 0.918579995632172 0.408488988876343 0 30.6812292933464 0 15.3493385314941 2.73411327600479 0 0 0 0 0 0 0 127.241713672876 0 347.2614107728 0 0 0 0.961378633975983 28.4673778116703 16.2797315120697 0 0 1.90106078982353 1.18168330192566 0 153.582238674164 149.852336317301 100.457470208406 0 0 0 18.2097088694572 0 0 7.35378712415695 1.48395967483521
14.7285368144512 3.05513069033623 0 2113.89853811264 156.338981062174 4837.04662150145 288.916471034288 1577.82725322247 1320.78059920669 13787.8788254857 7.90541231632233 0 0.760831415653229 416.141781538725 4426.26274442673 0.392095148563385 0.869349539279938 0 0 19989.1178503931 2.49123579263687 40.2249656915665 8.2060199379921 983.992087572813 1.46411201357841 0 9.22521534562111 629.374418228865 114.242785662413 12.125016450882 0 4.52463760972023 5.77280613780022 120.005381256342 207.819662362337 191.00344312191 1.48304176330566 26.5267913639545 10.6046650707722 5124.52278646827 25.3982018530369 1.82112550735474 3.01449626684189 0 0 0 17.0816858112812 0 0 0 0 0 38.737053245306 0 5.79442697763443 29.3202212750912 0 46.0807045996189 54.879538744688 0.865465819835663 119.222798764706 0 0 0 0.448896884918213 0 0 0 49.1626968085766 0 0 0 115.413968741894 0 0 0 56.175331890583 0 0.516514360904694 0 0 0 0 0
1.71585583686829 648.071002334356 11.6124736964703 0 0.653643131256104 3.34022989869118 1.23631516098976 12.2060554623604 30.6669828891754 0.966477781534195 14288.9989261031 0.760831415653229 0 19.0486074984074 4.83174848556519 3.56708094477654 30.1122922897339 307.161721050739 132.985388427973 1.82727110385895 2.33995598554611 180.081083297729 11.0232134759426 30.5051848292351 5057.27122235298 2618.24675926566 5193.06336501241 6.53185245394707 15.4796876311302 2.55535340309143 4753.22318407893 4.99330615997314 0.603131592273712 3107.19139453769 14.2046555876732 730.29473221302 3833.29944214225 3190.78514188528 391.607834160328 5.05981290340424 165.637286067009 7145.11885309219 12.1068555414677 115.177067518234 17.5683996081352 47.5050653219223 0 9.18090206384659 94.4792370796204 0 22.5527976751328 2.12668541073799 0 0 0 0 0 0.863412320613861 0 311.599519908428 0 662.373064786196 0 0 0 2.97678542137146 45.2419767379761 14.1043026447296 0 0 5.49829009175301 3.17788398265839 0 228.212857693434 200.188996464014 154.561036288738 0.31076717376709 0 0 29.0151876807213 0 0 9.55297178030014 5.73007744550705
14058.0666581094 6.09025573730469 225.462242513895 44.972307741642 229.852729767561 2924.75540600717 6540.79338568449 19759.420714885 73.9359237849712 1842.35591211915 143.013695716858 416.141781538725 19.0486074984074 0 199.868590503931 17.2383842170238 139.079111278057 8.58693969249725 18.2926107048988 228.330111473799 414.125608295202 18.4816624522209 633.196387320757 93.6761147379875 3.62656077742577 85.8201416730881 68.4053563475609 309.121487766504 7164.1665161103 2734.8104942143 1.35051223635674 643.510747462511 267.801660835743 2329.53086107969 42.491718173027 1177.769639045 37.5137175321579 637.664706707001 134.370490223169 1690.58343270421 847.339132636786 19.148044615984 4.81365752220154 0.947875440120697 0 0.609437227249146 0 0 0 0 0.929187417030334 0.270372688770294 0 0 0 2.9404159784317 0 2.08190900087357 0.91584974527359 0 0 0 0.443970113992691 0 1.2921599149704 0 0 0 0 0 0 5.64222887158394 18.1158337593079 0 0 5.32055994868279 7.8005046248436 0.264229863882065 1.25324279069901 0.855441689491272 0 0 0 5.41192102432251
8.85472279787064 11.9713152647018 0.351543188095093 69.3352143466473 3341.85845920444 5555.29250234365 52.0891991555691 858.964139342308 1138.11883080006 190.880983024836 2.73694628477097 4426.26274442673 4.83174848556519 199.868590503931 0 0.426291614770889 0 0 0.763084590435028 155.589203834534 2.50135865807533 48.2026770710945 0.524902701377869 554.836898267269 0 0.751268148422241 3.79807379841805 88.7404346466064 138.04403334856 5.99596258997917 0 54.5989994108677 0.555847585201263 75.4443851113319 9.57074418663979 27.8924040794373 0 7.47633647918701 1.43287324905396 17486.2267442346 104.92323243618 0 1.68573695421219 0 0 0 2.70791333913803 0 0 0 0 0 6.72846895456314 0 0 2.00668549537659 0 6.47624242305756 4.46452867984772 0 1.80468624830246 0 0.522787749767303 0 0 0 0 0 2.5821173787117 0 0 0 17.8085047006607 0 0 0 3.89180979132652 0 0 0 0 0 0 1.19721460342407
14.3117725849152 121.844958752394 54.5320335030556 3.77502501010895 0.544911742210388 5.17749801278114 175.722846388817 8.54774022102356 67.920517295599 29.0459982454777 8.21743559837341 0.392095148563385 3.56708094477654 17.2383842170238 0.426291614770889 0 56.5579009354115 1.374233096838 12.6723809540272 3.3043113052845 7674.63877481222 2541.69291034341 12718.9663213193 2946.22543126345 11.5828998982906 45.4677629470825 7183.85976132751 3454.9189375639 48.9044386148453 320.849382221699 0.612101197242737 0 37.4465318322182 298.005897253752 39.4493761956692 1110.45919293165 250.718512326479 966.062059760094 369.565135836601 84.1324105262756 16.0185407102108 1.15947353839874 62.471000790596 32.9875870943069 78.2151000499725 12.552781701088 3.80513417720795 1.48862648010254 0 1.00256904959679 5.19190067052841 31.073823094368 0 0 0 1.74405956268311 0.727764785289764 0.785141170024872 0 0 0 0 0.859222710132599 0 209.765518665314 3.50067228078842 0 0 0 59.7871311903 245.195198059082 429.203828185797 17.8695422410965 0 3.87060675024986 205.753226071596 15.063310444355 3.54445323348045 11.4573235213757 0 0 0 13.7188248038292 11.8664295077324
73.7830895185471 543.85800793767 2926.09064117074 0 0 6.9789103269577 87.6057023406029 67.1925278604031 19.7189437747002 5.34365800023079 303.111913055182 0.869349539279938 30.1122922897339 139.079111278057 0 56.5579009354115 0 270.485898256302 5246.41357061267 0 791.362509399652 171.377248644829 5996.15325140953 30.1840719282627 54.5186679661274 3560.73413848877 3061.68937724829 89.5036659240723 255.197831869125 898.745609998703 9.77557945251465 0 40.7202835679054 1436.89745381474 5.35948413610458 249.158698856831 175.526527225971 1222.82008501887 201.158808112144 16.361394405365 6.98624411225319 1.6790731549263 8.02283918857574 8.91413164138794 20.4404519796371 2.49006247520447 0 0.857391834259033 0 0 76.835735142231 61.293118417263 0 0 0 0 0 0.879335522651672 0 1.22199639678001 0 2.34819945693016 0 0 3.57963168621063 9.4394166469574 0 0 0 4.24259954690933 13.6768006682396 13.3930993080139 0 9.23535087704659 63.0565908551216 167.577711582184 1.241295337677 0 0.343638122081757 0.472640186548233 0 0.464609295129776 23.898608982563 1.39821481704712
0.605917632579803 87.5150153338909 59.3336867690086 0 0 1.17265820503235 1.17233708500862 3.23948723077774 7.61567687988281 0.760712862014771 7366.34969592094 0 307.161721050739 8.58693969249725 0 1.374233096838 270.485898256302 0 4599.96478077769 0 3.57444986701012 29.4021188020706 26.4175142049789 5.90548539161682 539.977882057428 5786.23961699009 662.82685521245 2.87442147731781 1.84517529606819 9.0863333940506 119.185307055712 1.97177010774612 0 268.993863195181 0 13.2188180983067 148.084286808968 558.560543984175 9.96902108192444 1.98523598909378 0.673400163650513 14.127344429493 0 5.50631505250931 8.76860475540161 0 0 0 0.941535174846649 0 6.55243471264839 0.891765773296356 0 0 0 0 0 0 0 30.747428715229 0 95.1521091163158 0 0 0.60362708568573 0.660669505596161 18.1691426932812 10.7102849185467 0 0 0 0 0 67.9924870431423 95.6977795064449 62.7694963812828 0 0 0 8.96178326010704 0 0 3.85331875085831 0
6.79894322156906 261.897462457418 313.432087928057 0.498242527246475 0 0 4.31733670830727 6.17349708080292 6.8555902838707 0 3885.63313093781 0 132.985388427973 18.2926107048988 0.763084590435028 12.6723809540272 5246.41357061267 4599.96478077769 0 0 38.9944209456444 47.0796764194965 315.787123471498 13.6488349735737 537.033420622349 6692.24406227469 1589.38893473148 10.9464022815228 27.4759097695351 74.0570368766785 63.4801983833313 0 7.59048843383789 752.741532236338 0 55.2113666534424 105.29852232337 840.440748095512 34.9926624298096 8.34329092502594 0 4.24506688117981 2.32419812679291 7.70444428920746 25.2844769656658 0 0 0 3.05981183052063 0 31.693376749754 2.87618845701218 0 0 0 0 0 0 0 15.6272516548634 0 64.3410497307777 0 0 0 6.08179399371147 24.97193390131 8.77371466159821 0 0 2.6388792693615 0 0.804783403873444 111.376850098372 148.088891267776 202.925099313259 0 0 0.643177688121796 10.4153141379356 0 0 10.6232869029045 1.67020702362061
16.8142468035221 1.32660686969757 0.685469388961792 25621.2551480234 12.0986481308937 594.411916404963 250.803988307714 393.976222187281 559.871432691813 18706.8887245953 4.65752875804901 19989.1178503931 1.82727110385895 228.330111473799 155.589203834534 3.3043113052845 0 0 0 0 1.93419581651688 7.68487733602524 1.72830188274384 2142.25197923183 0 0 0 3556.31633621454 101.558581441641 9.05980309844017 0 4.75666105747223 5.11701485514641 114.513256430626 26.3266940712929 121.4110044837 3.69879496097565 27.7743184566498 9.00194519758224 464.416457980871 11.4445712566376 0 3.20471358299255 0 0 0 17.7517731487751 0 0 0 0 0 55.6677376925945 1.39549446105957 2.58385229110718 40.3924399614334 0 47.6824352741241 36.9442413449287 0 21.5334985852242 0 0 5.60304337739944 0 0 0 0 9.15042412281036 0 0.638661324977875 0.922213077545166 133.896165370941 0 0 0 87.2471475601196 0 0 0 0 0 0 0
231.890835314989 36.7516473829746 1227.30735531449 0.537986099720001 1.26030021905899 46.6672885119915 848.77464351058 195.069275557995 39.4398786425591 59.7375471293926 13.527179390192 2.49123579263687 2.33995598554611 414.125608295202 2.50135865807533 7674.63877481222 791.362509399652 3.57444986701012 38.9944209456444 1.93419581651688 0 630.372546851635 18894.1244322062 894.966488450766 3.59882095456123 257.075460761786 1196.76637819409 9002.45866078138 594.004027247429 19356.8597896099 0.367343932390213 1.23986774682999 137.277115643024 3160.34259623289 90.4715251624584 2429.88547044992 308.001417160034 3151.39202684164 687.447992146015 165.275499403477 26.5194761455059 2.16316983103752 22.2178951501846 6.68194621801376 14.3266740441322 3.87041962146759 1.21463346481323 0 0 0 2.24436503648758 19.1476748883724 0 0 0 1.84331592917442 0 0.373097330331802 0 0 0 1.21271097660065 0 0 46.8805835843086 2.01543688774109 0 0 0 17.7473541796207 47.930780172348 96.3308596611023 8.13778877258301 0 6.14495894312859 62.4698992967606 10.8377281427383 1.53045159578323 5.03889518976212 0 0 0 3.87911123037338 10.1220518648624
6.73307773470879 2457.0507389605 199.355314433575 8.05527931451797 2.84534084796906 7.0379184782505 90.8694984316826 10.2921215295792 3204.61689633131 24.9661298692226 98.3157482147217 40.2249656915665 180.081083297729 18.4816624522209 48.2026770710945 2541.69291034341 171.377248644829 29.4021188020706 47.0796764194965 7.68487733602524 630.372546851635 0 1829.56447210908 5873.32522368431 561.890562236309 265.897829413414 4136.31168147922 848.700649887323 58.9693782627583 203.471382051706 14.4447432160378 0 17.3065831959248 237.085178107023 18.4196147322655 607.444424152374 240.798092156649 812.432523697615 227.947412371635 137.819708675146 7.69381415843964 26.0628880858421 24.2433688640594 16.4669576883316 39.4408090114594 12.8834990859032 2.60711264610291 0 1.19814187288284 1.47458377480507 30.1125056743622 41.1087984442711 1.39152327179909 0 0 6.85999327898026 0 5.41554680466652 0.718739628791809 2.45606452226639 3.83390927314758 3.01869180798531 0.874538481235504 0.525022804737091 168.491475045681 1.73264795541763 0 3.06966936588287 0 31.6314944028854 236.958938062191 209.166774570942 28.6289164423943 2.6971161365509 3.74602180719376 142.709805250168 15.3210621476173 1.22313064336777 7.18679004907608 0 0.235420525074005 0.921278059482574 15.2140149772167 4.25548478960991
314.196245104074 247.378812402487 10075.2307002246 3.38498347997665 0.430165231227875 74.8534164130688 1459.66415479779 352.5993463099 94.3128006458282 117.53267967701 49.7800298631191 8.2060199379921 11.0232134759426 633.196387320757 0.524902701377869 12718.9663213193 5996.15325140953 26.4175142049789 315.787123471498 1.72830188274384 18894.1244322062 1829.56447210908 0 939.042039275169 15.0478585064411 1492.25643068552 12922.1028557122 5321.1893401742 750.660587221384 8498.94665813446 4.65992486476898 1.18128976225853 157.146477162838 3368.00131967664 193.926168948412 4681.65554565191 1583.81888741255 6011.59628766775 2018.56660267711 342.285246610641 39.7599141001701 8.22715872526169 150.102639704943 82.1339269280434 227.67354798317 56.0235056877136 11.5363164842129 0.997930943965912 1.22056376934052 1.32792443037033 68.8198645710945 339.039543092251 0 0 0 6.61855211853981 0.762655913829803 3.82090401649475 0 0.946627855300903 0 0 1.70052453875542 0 302.045191407204 14.3974012732506 0 1.05950516462326 0 79.6983061134815 300.480327606201 840.71702387929 20.9469740390778 1.30611568689346 17.5563053786755 911.899938255548 26.5014195740223 2.30413845181465 25.9249665737152 0 0 0 23.8458658456802 25.8283707201481
55.1008198261261 457.736526429653 57.0424314439297 3070.30674371123 39.3337125182152 253.16864785552 2997.56058320403 85.2852358222008 13981.9336158037 1645.08571320772 20.7796057462692 983.992087572813 30.5051848292351 93.6761147379875 554.836898267269 2946.22543126345 30.1840719282627 5.90548539161682 13.6488349735737 2142.25197923183 894.966488450766 5873.32522368431 939.042039275169 0 125.108765482903 86.9902522563934 1537.62467452884 35133.7442683578 263.233388274908 877.638678878546 2.94070196151733 0.360470294952393 81.3511063158512 217.217467606068 21.4098637402058 490.895987182856 37.7137235999107 242.090373277664 107.650005787611 1005.47613865137 15.3216337263584 4.86910524964333 80.5565650165081 3.71461373567581 9.56828713417053 2.93820559978485 21.3276293575764 4.76199677586555 0 31.3209044933319 2.2728363275528 8.47850948572159 56.8171765506268 0 7.17606246471405 181.116943389177 11.5629965662956 247.964236140251 71.0132266283035 0.557106971740723 33.4909557402134 0.782953768968582 24.2407534718513 5.87701222300529 34.8254839479923 3.28543013334274 0 0 43.9458742439747 18.1385246515274 23.5602272748947 56.6975245177746 1466.38870128989 1.06820118427277 0.931959271430969 32.9750576615334 638.040390908718 33.2045527398586 46.4479992091656 0.657117128372192 0 11.5071750879288 16.1958725750446 5.43320959806442
0.746855139732361 3486.71260106564 14.5821475088596 0 0 1.41345632076263 2.88970422744751 2.82218736410141 105.735901147127 2.60327723622322 2401.70376935601 1.46411201357841 5057.27122235298 3.62656077742577 0 11.5828998982906 54.5186679661274 539.977882057428 537.033420622349 0 3.59882095456123 561.890562236309 15.0478585064411 125.108765482903 0 1825.02001592517 4804.56737086177 24.1705723702908 3.25868538022041 1.07255670428276 181.249291956425 0 0 173.56934183836 0 14.2831117808819 1637.17816710472 417.185284852982 6.27248764038086 6.39036682248116 2.40960901975632 1282.20012032986 4.42876982688904 98.3536754846573 48.906821668148 0 0 0 23.4059423208237 0 56.2455713152885 20.478193461895 0 0 0 0 0 0.710113346576691 0.577741920948029 152.714438378811 0 555.090524226427 0 0 0 7.13209336996078 95.6488481163979 43.7674880921841 0 0 8.1194159090519 7.25511369109154 0 399.329405128956 432.535280019045 354.879524856806 0.501438975334167 0 0 42.6304733753204 0 0 16.9601966142654 0
48.5589707195759 1445.1319783628 11438.2877871394 0 0 10.7234772145748 80.126530200243 39.1728306412697 43.4352604150772 4.29969388246536 5300.19088289142 0 2618.24675926566 85.8201416730881 0.751268148422241 45.4677629470825 3560.73413848877 5786.23961699009 6692.24406227469 0 257.075460761786 265.897829413414 1492.25643068552 86.9902522563934 1825.02001592517 0 22203.2416280508 89.725444227457 98.2995719611645 335.257027447224 1781.78733733296 0 10.7578621208668 1291.91763132811 5.49500951170921 224.595194131136 360.856521636248 1869.05692505836 134.804460406303 11.1750206649303 6.19720584154129 13.2956156730652 16.8422556519508 31.438252389431 96.9567087590694 7.05261594057083 0.573549687862396 0 2.39023822546005 0.69233900308609 179.185323119164 49.2582562863827 0 0 0 0 0 0.87630358338356 0 79.5864345431328 0 261.436753123999 0 0 5.88843739032745 22.8624873757362 76.3101395070553 76.4251549243927 0 0 19.1403948664665 14.6205905377865 1.88103112578392 407.277331829071 789.320622235537 950.725857555866 0 0 0 35.4371690452099 0 0 64.1449635922909 1.33074820041656
29.1908619999886 7708.42164936662 8964.66333791614 4.67722687125206 0.623195052146912 12.0669870972633 302.548429846764 33.1506806313992 323.941610008478 26.7511611878872 2028.86046013236 9.22521534562111 5193.06336501241 68.4053563475609 3.79807379841805 7183.85976132751 3061.68937724829 662.82685521245 1589.38893473148 0 1196.76637819409 4136.31168147922 12922.1028557122 1537.62467452884 4804.56737086177 22203.2416280508 0 1855.99565511942 90.963792681694 455.38873013854 2204.2642672658 0 27.1575610637665 2045.64273270965 79.0186814069748 2483.58673545718 1776.95363104343 5185.62157788873 1423.69743216038 134.586220920086 13.5344502329826 27.2464945018291 147.480558097363 186.447253108025 448.719634592533 66.5258780121803 6.2971687912941 3.63928315043449 5.26950997114182 1.54718941450119 594.983501493931 819.378757715225 0 0 0.765828847885132 16.8186868131161 1.77868044376373 2.25821641087532 0 79.0201513171196 0 232.576296120882 2.42218726873398 1.00705468654633 160.687314331532 90.1821551322937 71.8123614490032 96.8382036089897 0 55.7993890047073 296.334398984909 870.508022099733 12.1758477389812 394.5729380548 969.024844497442 2682.93843886256 27.4172369539738 0.561636924743652 29.5890994369984 23.133527725935 0 0 166.110464960337 28.6635996103287
129.697429716587 66.6235038936138 388.069266557693 12904.180431813 6.44144621491432 665.929287791252 17319.0697450936 282.313911110163 2274.33738017082 10789.1570443213 5.94016715884209 629.374418228865 6.53185245394707 309.121487766504 88.7404346466064 3454.9189375639 89.5036659240723 2.87442147731781 10.9464022815228 3556.31633621454 9002.45866078138 848.700649887323 5321.1893401742 35133.7442683578 24.1705723702908 89.725444227457 1855.99565511942 0 531.249389082193 9096.74275797606 0.628849148750305 2.40395843982697 267.16175583005 873.473426669836 77.4190014302731 1781.84694647789 141.878774702549 1014.63380992413 330.604225099087 411.87907281518 32.2003641426563 1.50456166267395 60.7503426373005 0.53855836391449 8.08930510282516 3.36817383766174 16.6402822136879 1.38247954845428 0 18.0981531441212 3.73667466640472 9.01623359322548 38.5203735530376 0 9.80860301852226 96.8795368075371 8.62069770693779 128.550112396479 53.6608571410179 0 29.1865203678608 0 22.0926818847656 3.82323402166367 43.6105584204197 1.67992150783539 0 0 20.5777240395546 17.222736030817 21.4996004402637 62.8709254860878 895.646282285452 0 0.571035146713257 30.7660826742649 477.618947654963 40.7759267389774 57.0030367076397 0 0.683857262134552 9.22790277004242 15.847994863987 8.89847099781036
13207.4133666456 6.77197712659836 239.500641673803 37.4484351277351 998.150981247425 1396.36508500576 3221.50117717683 2784.23571941257 190.048293948174 710.253142178059 94.2547053098679 114.242785662413 15.4796876311302 7164.1665161103 138.04403334856 48.9044386148453 255.197831869125 1.84517529606819 27.4759097695351 101.558581441641 594.004027247429 58.9693782627583 750.660587221384 263.233388274908 3.25868538022041 98.2995719611645 90.963792681694 531.249389082193 0 9591.76890328526 1.57521289587021 2221.05981627107 10728.7559928894 4537.42766073346 89.4264781475067 1960.05044829845 74.3215171694756 1172.33090013266 318.514664709568 1136.09822940826 2069.8572062254 13.4342290461063 9.12763351202011 0.950083315372467 1.02925610542297 3.350565969944 0 1.562455534935 0 0.982203125953674 0 0 0 0 0 6.9430436193943 0 6.42625531554222 1.13022124767303 0 0 0.645385682582855 1.55523666739464 0 1.63333201408386 0 0 0 0 1.30696845054626 0 4.37272524833679 47.2465218007565 1.21203851699829 0 2.94977974891663 20.3567642271519 3.2142461836338 6.53595155477524 0 0 2.00518000125885 0 8.54155611991882
2983.18755099177 29.1717289090157 1261.66322085261 5.18100589513779 2.88241279125214 233.004661589861 16946.794072777 1119.48918424547 344.677279353142 334.070875555277 16.1767782270908 12.125016450882 2.55535340309143 2734.8104942143 5.99596258997917 320.849382221699 898.745609998703 9.0863333940506 74.0570368766785 9.05980309844017 19356.8597896099 203.471382051706 8498.94665813446 877.638678878546 1.07255670428276 335.257027447224 455.38873013854 9096.74275797606 9591.76890328526 0 2.67499071359634 6.41690385341644 708.313831657171 4296.38256421685 93.3457488119602 1909.1314932704 128.020309329033 2418.72424343228 515.569046586752 228.560966074467 66.0543052852154 1.43669807910919 21.0689896345139 2.03295031189919 3.36230283975601 1.06877741217613 3.09225034713745 0.821292102336884 0 3.5285587310791 2.02641168236732 9.40217471122742 0.976597309112549 0 0 8.93230926990509 0.375622749328613 10.3429985642433 1.42881268262863 0 0 0.631851017475128 6.14272293448448 0.624507904052734 11.7324446439743 0 0 0 0 5.76291042566299 7.93526637554169 21.2809581160545 88.2954366803169 1.37693506479263 3.0826778113842 17.3918207585812 53.9983397424221 12.93951562047 8.98695814609528 0 0 4.22754350304604 2.31947159767151 8.56465798616409
0 45.3926371634007 5.94027832150459 0 0 0 0 0 0.373267322778702 0 1495.01211875677 0 4753.22318407893 1.35051223635674 0 0.612101197242737 9.77557945251465 119.185307055712 63.4801983833313 0 0.367343932390213 14.4447432160378 4.65992486476898 2.94070196151733 181.249291956425 1781.78733733296 2204.2642672658 0.628849148750305 1.57521289587021 2.67499071359634 0 0 0 33.2250773310661 0 5.95594546198845 46.8255539536476 107.334876596928 0 0 0 4.21565115451813 0 3.63451892137527 5.47864431142807 0 0 0 0 0 1.56576928496361 0 0 0 0 0 0 0 0 17.3260988593102 0 40.9967277050018 0 0 0 2.11535239219666 6.77032291889191 4.77250581979752 0 0 0 0 0 29.6630434393883 23.412471473217 83.6547874510288 0 0 0 4.33514413237572 0 0 4.16517651081085 0
6.7901331782341 0 0 0 3720.32221376896 1712.73747584224 9.66365748643875 925.52926915884 2.89037799835205 6.87215813994408 14.2146502137184 4.52463760972023 4.99330615997314 643.510747462511 54.5989994108677 0 0 1.97177010774612 0 4.75666105747223 1.23986774682999 0 1.18128976225853 0.360470294952393 0 0 0 2.40395843982697 2221.05981627107 6.41690385341644 0 0 2.75726073980331 1092.57338514924 0.279030531644821 27.8827649354935 4.54765075445175 51.9561556279659 5.65307793021202 153.895885318518 3258.45356377959 0 0 0 0 0 0 0 0 0 0 0 0 0 0 0 0 0 0 0 0 0 0 0 0 0 0 0 0 0 0 0 0 0 0 0 0 0 0 0 0 0 0 0
581.191496402025 2.57142227888107 35.0987011790276 5.70976614952087 0.619726836681366 14.707916021347 351.031209111214 50.268066316843 54.9347833395004 42.0485206246376 2.99549406766891 5.77280613780022 0.603131592273712 267.801660835743 0.555847585201263 37.4465318322182 40.7202835679054 0 7.59048843383789 5.11701485514641 137.277115643024 17.3065831959248 157.146477162838 81.3511063158512 0 10.7578621208668 27.1575610637665 267.16175583005 10728.7559928894 708.313831657171 0 2.75726073980331 0 1050.96106389165 33.2312983870506 845.752563893795 29.5931603610516 451.702759087086 156.187425583601 80.4372692704201 45.150567740202 0 1.61884653568268 0 0 0 0 0 0 1.33019912242889 0 0 0 0 0 0.991310954093933 0.637349128723145 1.82934337854385 0 0 0 0 1.73881781101227 0 0 0 0 0 0 0 0.801948726177216 0 5.93994390964508 0 0 2.32758414745331 5.65902006626129 1.66364902257919 1.22105604410172 0 0 0 0 1.05930626392365
566.559342801571 233.938832551241 281.52719771862 30.4534430801868 701.492111384869 778.559851258993 1109.53992524743 1525.34440866113 98.6721300184727 605.631363779306 9871.23017323017 120.005381256342 3107.19139453769 2329.53086107969 75.4443851113319 298.005897253752 1436.89745381474 268.993863195181 752.741532236338 114.513256430626 3160.34259623289 237.085178107023 3368.00131967664 217.217467606068 173.56934183836 1291.91763132811 2045.64273270965 873.473426669836 4537.42766073346 4296.38256421685 33.2250773310661 1092.57338514924 1050.96106389165 0 94.3243848979473 1849.22781199217 1613.23314753175 20566.464579612 1214.36894994974 573.923798561096 4699.25010949373 2226.63017144799 27.4573244452477 17.6563257575035 20.2539875805378 23.4841469824314 1.91870361566544 0 11.2962644100189 0 22.0916585922241 44.302154302597 0 0 0 5.04604977369308 0 4.87997061014175 0 18.9599526524544 0 25.4201218485832 0.676779925823212 0 10.1785340309143 3.57764011621475 5.36875891685486 5.38993406295776 0 4.18433585762978 16.1376143693924 61.1832608580589 21.5935143232346 12.4073790311813 37.4505265653133 149.899312436581 9.60314974188805 2.10699224472046 5.58184969425201 2.3243579864502 0 0.434405207633972 10.7370578050613 20.0750204920769
8.7990634739399 8.1899910569191 9.79456746578217 4.08047425746918 0 42.0594959557056 52.0176428556442 15.7006011009216 7.9381850361824 149.65930557251 2.28468286991119 207.819662362337 14.2046555876732 42.491718173027 9.57074418663979 39.4493761956692 5.35948413610458 0 0 26.3266940712929 90.4715251624584 18.4196147322655 193.926168948412 21.4098637402058 0 5.49500951170921 79.0186814069748 77.4190014302731 89.4264781475067 93.3457488119602 0 0.279030531644821 33.2312983870506 94.3243848979473 0 2127.84761413932 416.986950844526 291.751629561186 1843.5713351965 359.492057949305 117.624372154474 30.0580077171326 856.073725730181 198.273106455803 143.055957525969 555.822976112366 70.3061516582966 30.71468937397 15.5259710252285 0.906984269618988 1.8994545340538 5.38924252986908 0 0 0 9.75321421027184 0.451173931360245 1.1359806060791 3.02370381355286 28.4326549470425 0 0 5.16918829083443 13.693226993084 2.65204456448555 0 0 0 0 17.5014455914497 10.0621548295021 29.587854206562 4.75795984268188 1.29469719529152 3.6851903796196 22.5148711800575 5.07479903101921 6.50089505314827 4.7887310385704 0 0 0 5.36548066139221 34931.1405757666
341.359934806824 161.035805940628 377.825233191252 53.0302999913692 12.872559428215 168.079262286425 1180.55003318191 401.259919852018 270.891267597675 554.679276049137 81.9009392261505 191.00344312191 730.29473221302 1177.769639045 27.8924040794373 1110.45919293165 249.158698856831 13.2188180983067 55.2113666534424 121.4110044837 2429.88547044992 607.444424152374 4681.65554565191 490.895987182856 14.2831117808819 224.595194131136 2483.58673545718 1781.84694647789 1960.05044829845 1909.1314932704 5.95594546198845 27.8827649354935 845.752563893795 1849.22781199217 2127.84761413932 0 12834.4877328575 3657.63197574019 3834.46248099208 3863.59963554144 1399.46572858095 797.545188546181 463.188275396824 71.472852408886 74.2840602099895 84.8856680989265 13.3106595873833 10.3013054728508 4.94533729553223 4.81302934885025 19.077280163765 46.9195459187031 7.44491708278656 0 0 14.5193418264389 0 8.63130509853363 8.74033176898956 9.76075339317322 3.340924680233 11.7488710284233 4.2795250415802 0 52.1829236149788 6.71341902017593 0 1.23215270042419 4.72235357761383 20.3773619830608 47.0715618431568 107.519265532494 75.8381884396076 0 7.70299875736237 145.7453815341 46.6817190647125 7.83949857950211 17.4467545151711 0.522619485855103 0.408176779747009 2.96130275726318 11.96485003829 520.270641595125
12.3082020282745 287.345882415771 160.159314215183 1.10149204730988 3.08282607793808 7.58123606443405 47.6454746723175 20.0962443351746 29.745848685503 3.05492308735847 5355.35104075074 1.48304176330566 3833.29944214225 37.5137175321579 0 250.718512326479 175.526527225971 148.084286808968 105.29852232337 3.69879496097565 308.001417160034 240.798092156649 1583.81888741255 37.7137235999107 1637.17816710472 360.856521636248 1776.95363104343 141.878774702549 74.3215171694756 128.020309329033 46.8255539536476 4.54765075445175 29.5931603610516 1613.23314753175 416.986950844526 12834.4877328575 0 12230.1578716636 10122.2397092581 536.617256641388 203.043914198875 493.989232361317 82.3510194122791 79.1900389790535 29.6734877824783 22.6980464458466 1.96080777049065 1.69863176345825 46.8090694248676 1.47447335720062 28.7780187129974 33.0925697684288 0 0 0 0.724823415279388 0 0 0 98.2519700527191 0 234.007142782211 0 0 6.46385425329208 3.07441782951355 7.20054662227631 3.11852592229843 1.09005534648895 6.4378182888031 17.1325719058514 47.7373743057251 0 76.2674366831779 18.7864837646484 102.979440152645 1.211794257164 0 1.26279079914093 3.91993278264999 0 0 8.72493207454681 118.666283339262
