0 110.581344604492 98.123371638066 92.6912321060574 78.5513637453085 58.0378804310355 27.4928229451565 44.1432582977496 64.1704831770982 48.2263414550547 94.7445088172739 72.1450606836894 63.585277557373 16.6761542330753 53.8550671863534 101.796214121622 101.247267477842 121.144813537598 119.011818256792 77.6795274396858 82.8442650236811 91.8215270993619 92.0265813153635 78.2592532701611 136.797332763672 117.864211879424 124.058629148744 78.2930163641693 18.8086078434734 34.7235877242941 0 81.9611056297308 32.5026512949499 52.372097306793 105.248192432894 63.4569910244814 83.6877760842373 69.0244034129137 67.8521519026301 49.2812760440764 65.9582807830449 0 127.029087901912 0 0 0 0 0 148.658477783203 125.500419616699 0 0 0 0 180.830062866211 118.764633178711 0 93.9283065795898 0 0 0 0 0 0 0 0 0 0 0 123.621078491211 0 151.526596069336 125.941330950584 0 0 165.8380265639 123.964543154312 0 0 0 0 0 138.708084106445 217.074005126953
110.581344604492 0 42.1986513331956 140.847763061523 0 156.803085327148 117.151023340957 148.228956454745 71.5163155122014 132.919607239651 53.5397792256639 122.030495835869 45.7863155197959 130.298960848743 114.882356388867 69.5797445162056 50.6803616801834 62.928986677331 53.870801851913 152.336975097656 88.7797701583711 31.2703339463959 61.8903769402678 81.8818094234498 22.4442405494371 45.565265909047 25.1589423710273 102.168994037839 121.926696575762 87.3894670659305 62.9507472197453 0 103.95517956376 45.6509466138891 121.542045520076 72.707649356883 41.5423237595317 50.6443186460917 58.2937757250768 97.0557085713982 0 47.1568142591817 83.3134035918103 56.2070122456745 70.5716649285361 75.9140841333229 0 0 70.16008854129 148.701950073242 20.1023476135855 59.0450009081347 0 0 0 161.602996365006 0 136.935890371669 0 78.5433047188309 132.407302856445 67.9609667846982 0 0 89.270959544159 72.9120043453506 64.2445577257968 92.8914115656484 0 97.9995660043034 57.1287545193042 81.0376993319524 106.337259092765 35.1414199932031 67.0408836950213 56.169967814912 170.870819091797 0 0 107.626565880501 0 0 57.6595780317391 231.040023803711
98.123371638066 42.1986513331956 0 0 0 130.301884676496 96.5877147730377 122.187072223044 103.63422225945 119.767731697179 72.1837354420309 0 88.1620445471967 116.305824590152 174.168029785156 86.3223011589565 35.0452638136858 68.1948338636 52.3087239688436 144.964340209961 62.4355408286436 62.4286360797474 32.3140030624675 104.003572321323 67.4959212226515 24.221275655552 36.5324900463353 84.2087086231739 97.9322046758113 72.2274455332407 95.5638452331173 0 99.8792148684505 58.1101986155606 139.185196032242 81.3778913864019 49.569463169895 54.8765536478158 69.3622073567881 103.181582934936 139.986297453811 0 125.242471827721 90.1739325184207 95.3088458798967 130.59419136743 0 0 0 0 55.0211009253883 88.5842247734778 0 0 0 152.587857278212 169.449981689453 118.404528766952 0 0 0 0 0 0 114.729952552412 104.854017743192 132.186019897461 124.382198606727 0 118.777698618426 70.6874564677807 106.882623048745 0 99.1832528061045 99.5699743974915 91.0015668711471 143.495882602256 0 136.93430705354 0 0 0 87.0154303491259 129.129222517685
92.6912321060574 140.847763061523 0 0 109.110388759297 62.5661824538251 42.0084164293545 91.1254177948634 62.1284138051292 20.2697013480565 138.096038309766 44.7449419284961 0 95.9702550086766 74.8162864865492 86.6809599414847 0 0 202.359100341797 12.079303157147 122.115623474121 103.251947558185 129.284975055957 21.6954100594198 0 0 121.263572835088 17.9629804341932 104.451645432447 105.769127248997 0 0 86.88166724456 89.9874908216376 92.407373266008 88.1260488764608 164.687408447266 103.284481091794 93.7828791132964 65.4081007888576 111.036724745368 0 89.8335416819169 0 0 0 107.542339684864 0 0 191.42138671875 0 0 30.6357873680359 0 158.805001806668 138.356981417483 0 86.9289420024769 153.649007698402 0 118.318233209594 0 0 123.508323669434 0 0 0 0 151.080400930424 0 0 0 112.110025737029 0 0 0 142.429128365271 0 178.27978515625 0 0 0 0 174.799331665039
78.5513637453085 0 0 109.110388759297 0 11.5815422904862 101.830841749138 13.469218136046 50.730117003503 101.107371689809 52.571867339119 55.1638749583328 68.0510711669922 29.0143945698833 16.1726600360777 128.435882568359 0 0 0 99.9122933868204 138.297397990063 101.006300130255 141.899215698242 67.4540699622476 0 0 160.344299316406 102.895715976422 17.615905813986 106.610199983222 0 9.40158624254239 94.7551574707031 13.4099417490355 0 75.5092239684405 59.2746429889156 42.2056336702348 50.8962042987947 12.3000463742172 7.34687369072305 0 0 0 0 0 0 0 0 0 0 0 0 0 0 128.238128662109 0 87.6281337741095 139.523345947266 0 109.423843383789 0 0 0 0 0 0 0 0 0 0 0 87.6966412306233 0 0 0 0 0 0 0 0 0 0 0
58.0378804310355 156.803085327148 130.301884676496 62.5661824538251 11.5815422904862 0 51.1230521551388 16.5202933823111 65.6517931286347 26.6655058380874 78.7455845432692 34.1140931911621 85.6972371245887 35.2966278085638 16.2429268955059 115.569991689283 131.692345328721 113.692726135254 0 55.111917157583 109.90994044066 110.045283332732 120.273519629501 66.3724414176939 87.3721389770508 147.837048669439 132.182443497411 61.9188697581968 31.6031845994393 81.5642025504719 0 14.0874956505114 85.5269893858019 37.2069115561204 49.2474461052298 85.1204395043544 90.0499014446296 65.5984612716087 71.0548425516297 17.6133058249488 22.4503811195208 55.276985168457 199.357663718007 0 0 178.423294067383 98.9439726865771 182.475631713867 0 0 0 0 169.650856171418 0 166.490463256836 151.116618040687 0 94.6580151127047 161.979610857305 0 121.569323472873 0 0 0 0 0 0 0 145.670013427734 0 124.78490447998 0 117.560756010997 0 0 0 149.013642816012 203.641616821289 163.350280761719 0 0 0 163.8642578125 115.579877585361
27.4928229451565 117.151023340957 96.5877147730377 42.0084164293545 101.830841749138 51.1230521551388 0 53.9037708239493 59.4610335542217 23.2544617576792 110.02377256018 51.660707792538 163.232808209598 44.392176709814 76.5326839128184 79.3132443840779 108.743687836879 133.910888047018 122.48867265972 37.1117780879875 74.6288183564186 79.5609236331775 84.7002718289812 47.0079387314869 152.237000365095 117.364760751362 103.154389917052 33.4197100909214 51.8038664548916 19.7580715362728 0 109.56143161183 59.9061412576537 69.7955424482034 123.550755543466 80.3800675598933 80.9301268412066 76.3667879881345 80.6406549347309 72.5111389804301 81.2609840568961 120.114975607145 135.244114602847 0 129.6259765625 139.753723144531 104.736520646974 0 0 137.264517053361 0 137.561931556785 145.944529555967 0 0 136.288246383093 155.571533203125 82.7643914141711 146.318239882986 0 108.176519486993 0 179.826105636594 0 134.726132928895 0 0 0 132.492817932005 152.974430347438 122.463430168052 154.419339427388 108.709996524386 0 158.531326293945 158.508968788518 129.274330983797 153.72502080522 134.087931884851 0 0 143.042978092527 148.996302932537 145.552365642024
44.1432582977496 148.228956454745 122.187072223044 91.1254177948634 13.469218136046 16.5202933823111 53.9037708239493 0 77.6946759905203 36.6119093565336 68.0140695806852 52.2576105389575 59.2145875799522 18.8169592728187 33.122388757996 126.817090211245 127.446870069747 102.882954406202 158.994311673809 72.4181977535867 105.503525206968 99.0252408126879 115.149583741828 88.8707900319527 105.072525443825 140.567151962997 139.941309421964 83.0905120611652 32.3654062929648 73.8296516353436 0 14.3078985390269 71.5418263717213 36.607874651893 125.469425770371 74.1019096755032 91.7556831637128 70.1378710584496 66.6053557071077 29.1543663624918 22.2128012906839 61.6878661703154 157.360794067383 0 142.905975341797 0 0 0 0 202.06550616734 0 0 0 0 0 216.190689086914 0 94.490967871727 152.460556030273 0 0 0 0 169.865173339844 0 0 0 0 0 0 191.57698059082 211.366943359375 129.490181018451 0 0 195.703049489663 152.669767566781 0 153.014980482499 0 0 0 211.655364990234 131.3423848399
64.1704831770982 71.5163155122014 103.63422225945 62.1284138051292 50.730117003503 65.6517931286347 59.4610335542217 77.6946759905203 0 71.6203041977641 126.363116847866 28.0012191530058 119.082024144013 83.3350157789912 27.1495567446916 61.637391325229 112.928769172865 134.541844436827 124.77792109041 57.8807219285925 69.6383422381199 26.0703703997874 82.3382888210282 21.5923100708743 103.957841031251 122.530437755028 94.3767740491338 50.9467791374777 67.8360201097966 54.1786315393248 172.114562988281 77.1817222852953 58.5243762746307 64.3982788473147 105.835105952579 55.6893384770648 91.8398503375559 68.9064552115768 72.0515333306024 18.9050890371156 72.8484493190322 117.397235112412 74.6573481278491 94.6686477661133 0 123.372312637565 55.4813843787653 0 0 80.6492629632544 0 0 89.9770098172712 85.134460472481 83.5604817877187 77.1548749257314 79.0227432250977 26.0357501098793 92.3236046003383 0 58.7025258686394 110.354872748319 94.5117326458453 66.6931952940568 78.2321208700587 0 0 0 83.0894569164602 104.303915220909 72.7854107624404 108.639196605747 53.0569650162381 0 132.522415161133 129.250125166036 77.4420659377808 102.441612492486 89.4991080717209 0 0 66.5936225760604 76.6799355564741 176.855298824911
48.2263414550547 132.919607239651 119.767731697179 20.2697013480565 101.107371689809 26.6655058380874 23.2544617576792 36.6119093565336 71.6203041977641 0 128.91519967077 27.3736181576568 125.122415567132 60.6423230418647 76.2169826547121 100.421476195724 119.571964516467 153.27018737793 0 15.1275550221569 96.5822133116077 99.8099130617959 108.448696250484 49.0752400534355 171.19922064227 145.756501034456 125.149690883642 26.1501629096136 89.4552066073686 66.921652432018 0 109.514070768295 80.7042077267293 84.0046013651734 31.7810107393964 92.725271350875 119.455232207419 91.0379286516263 86.3910899436981 72.4302392986525 92.063658780174 117.315734863281 93.6817984047891 0 0 0 108.8650268186 0 0 0 0 0 151.469199639893 163.434265136719 168.688582828908 148.599805471383 184.570617675781 91.7255110478766 159.093385671211 0 127.217869165966 0 183.578018188477 122.002175827185 0 0 0 0 151.284720207738 169.2006121493 0 0 118.749677278599 0 0 175.77490234375 147.195078264765 215.46985901477 162.615356445312 0 0 0 0 148.951038149067
94.7445088172739 53.5397792256639 72.1837354420309 138.096038309766 52.571867339119 78.7455845432692 110.02377256018 68.0140695806852 126.363116847866 128.91519967077 0 129.885850536782 15.4346053067702 69.4456118900608 118.345722702786 119.778139191579 47.7945963648733 18.6600601369398 23.2100673384517 134.602318625145 107.534554469218 93.647004015061 90.4809910739078 141.341465894333 27.6850849318262 29.110249017957 47.144806371579 130.506656816842 65.9363737557665 107.440596885184 23.918219973705 62.2945747701495 114.000172438119 18.0567253193401 101.578790405869 67.9784695570474 20.7249812220519 22.7485807892986 40.9795539366155 67.1462703658422 37.4255487603056 12.7469861728984 168.456600947739 43.1325266490514 97.4314945615215 221.037384033203 175.645111083984 0 44.4585859834613 0 68.2087776350763 132.171357178139 0 0 0 0 0 0 0 66.2338566797015 0 60.0763474911043 0 0 0 98.1235809326172 92.1930331073272 90.6632157023769 0 0 109.924224690195 170.916291982269 0 50.7739835447336 89.7538205290363 94.0727624074476 0 0 0 88.5604678728802 0 0 93.5177005856019 132.938642981426
72.1450606836894 122.030495835869 0 44.7449419284961 55.1638749583328 34.1140931911621 51.660707792538 52.2576105389575 28.0012191530058 27.3736181576568 129.885850536782 0 153.293487548828 75.0651533931968 19.2692784501786 121.229331970215 144.056335449219 0 0 17.3355644244951 125.704714629127 63.8070755452355 145.020474758677 28.0806241899145 130.538485768567 0 118.434993523588 53.0566116707155 98.1517506931035 95.6890741118387 0 107.593522724112 97.1029654135344 89.7728476950186 17.0140391103615 62.777980799101 128.447662353516 103.868065676573 99.4962791609922 22.1389517901946 84.7002261898097 91.3537826538086 65.5386542596156 0 0 0 75.5932176031302 0 0 0 0 0 117.938945820965 0 136.588560043454 114.395395258545 0 65.8569895127817 113.018410718055 180.230117797852 33.138932125754 0 0 0 172.048706054688 0 0 0 59.4461508144968 0 0 0 89.1923652375564 0 0 0 120.403513907165 0 185.646347045898 0 0 0 0 0
63.585277557373 45.7863155197959 88.1620445471967 0 68.0510711669922 85.6972371245887 163.232808209598 59.2145875799522 119.082024144013 125.122415567132 15.4346053067702 153.293487548828 0 66.6617604505021 106.864019642094 110.12366891466 72.7651443173308 41.4277459417411 51.6210652068468 160.492076099531 137.714833134159 86.8923333771347 118.639817451861 134.426527032807 21.0343017559863 22.4147273695351 25.3916044366799 148.99212530987 62.7733637853488 136.501589014345 10.3976157105057 61.5127200121482 64.2236022949219 15.9131603686909 70.1157305305325 21.7442114150735 19.3998551640957 20.6415884576075 22.2414054568898 43.9995704539209 25.0603869196029 9.57860935403394 41.7180676138444 39.0175967425233 70.1216709385194 23.0437792674209 0 30.4221038256736 23.4610790368373 0 70.4026467669225 151.622188397676 0 0 0 0 0 108.317977905273 0 38.7052974698504 0 43.555565136597 0 0 0 90.1546663981333 78.0611875856094 79.5893405603256 0 0 106.579954521122 120.410728513481 0 47.4358203433064 80.4379224588132 67.3694962576465 176.953826904297 0 0 84.7888343647277 0 0 79.8216141532312 71.0141566831677
16.6761542330753 130.298960848743 116.305824590152 95.9702550086766 29.0143945698833 35.2966278085638 44.392176709814 18.8169592728187 83.3350157789912 60.6423230418647 69.4456118900608 75.0651533931968 66.6617604505021 0 42.9080745998234 114.551986006888 123.022313319308 122.943588547235 127.895160611655 87.1095205347277 98.5158106249095 100.725532813989 108.675014615607 99.188752129367 130.536659790871 132.571561185784 136.766112829212 92.6099397128459 34.7883415948239 67.838884998884 147.734762440678 17.1694018623842 49.820295489243 44.6153347540889 108.233986778853 67.7211883044217 92.6147958249214 65.6213838337274 68.2110011474867 36.10666155517 31.2482437468729 68.9824203180525 96.1165044002285 227.263610839844 0 140.264663696289 0 0 0 0 140.925094604492 146.682983398438 0 0 0 159.627085914042 0 84.6237535680141 190.517395019531 0 0 0 172.608367919922 0 135.502014160156 0 0 0 0 0 0 171.255094806633 134.337991726686 0 0 178.396683745245 154.428213733203 167.47932434082 173.586070199659 222.546981811523 0 0 0 130.000228135884
53.8550671863534 114.882356388867 174.168029785156 74.8162864865492 16.1726600360777 16.2429268955059 76.5326839128184 33.122388757996 27.1495567446916 76.2169826547121 118.345722702786 19.2692784501786 106.864019642094 42.9080745998234 0 110.756118774414 0 0 179.513137817383 65.8249496008869 124.278196257486 78.1239208753517 99.061408996582 42.5525850312702 0 183.003036499023 141.92474771904 75.763470803089 43.8767375750281 91.646112468141 0 39.6460348745773 83.2160186767578 43.6515816425657 48.306383225394 62.3104746330675 0 69.7401647206507 59.0099819827525 11.0407479458011 31.7495737910082 0 59.8311724219919 0 0 0 67.6244066745103 0 0 0 0 0 122.052774897758 0 0 112.073595753852 0 55.3100755634139 129.288737711079 0 108.762063844451 0 151.103012084961 0 0 0 0 0 120.862955617611 0 0 0 92.4481149112117 0 0 0 118.790180517423 0 0 0 0 0 0 89.7595138549805
101.796214121622 69.5797445162056 86.3223011589565 86.6809599414847 128.435882568359 115.569991689283 79.3132443840779 126.817090211245 61.637391325229 100.421476195724 119.778139191579 121.229331970215 110.12366891466 114.551986006888 110.756118774414 0 93.023457752925 153.47218404304 114.121914307321 97.7260709608205 17.0772569517048 35.5807076274386 16.1637467776388 37.2400806569005 109.538839342919 104.900327457259 26.8089900130888 37.7301414638861 98.1131794653668 69.1502289992924 149.248794555664 0 75.4523260293303 62.026623856791 127.932972356662 70.8234994552021 49.6926961091868 62.1042764204781 70.9051901516297 80.5512005561911 87.4837023517829 105.98706817627 108.596462137115 86.6174503623202 97.8694878784543 116.527894065422 113.733815670276 114.081428527832 0 124.480420753184 64.3841398026494 100.815528523336 0 0 0 151.104425231553 148.173126220703 102.230178833008 0 0 0 0 222.739318847656 0 92.8749301286217 129.217238204167 0 0 0 106.880936868369 51.1086619580159 95.6954592054641 121.754006582971 0 152.150305654927 94.720041146205 129.847136876847 144.491402688127 115.120336746147 0 0 0 116.502606601261 141.84054909637
101.247267477842 50.6803616801834 35.0452638136858 0 0 131.692345328721 108.743687836879 127.446870069747 112.928769172865 119.571964516467 47.7945963648733 144.056335449219 72.7651443173308 123.022313319308 0 93.023457752925 0 46.3963366102455 19.3766448973063 0 53.1616167224386 71.4584390844542 26.1954647652905 124.813602742268 62.8434931714564 35.3124197380067 60.9589418130098 99.574651149167 99.1689110683117 69.0770812306494 81.7056038677673 0 91.7739939190454 32.073363345442 112.538404586369 72.503063799531 44.7817223148863 43.6194139824624 62.6603257132051 111.018892489538 111.014650810139 69.1357951561042 130.648311122315 103.680468767352 103.787361723596 120.078122278999 0 97.6995086669922 0 0 61.2364440622592 103.202182247514 0 0 0 0 0 133.639556884766 0 98.7285304098778 0 133.806935242024 0 0 125.916776272102 113.559208354402 0 0 0 139.408799608799 86.8193972280352 122.201385001009 0 79.9291133972269 101.378056070665 99.6685281952492 147.979248046875 0 175.077682495117 101.743347167969 0 179.112854003906 96.3566801009236 158.919399872551
121.144813537598 62.928986677331 68.1948338636 0 0 113.692726135254 133.910888047018 102.882954406202 134.541844436827 153.27018737793 18.6600601369398 0 41.4277459417411 122.943588547235 0 153.47218404304 46.3963366102455 0 15.1247614706846 0 119.562688060111 102.030476241159 89.5280348701002 149.448975653529 40.8652070842441 21.6313711216932 53.9163276750296 148.217842781674 115.941827334685 113.888146239281 48.451109306243 85.7619611785138 0 47.6008767501146 0 91.0720195809991 46.2592617382066 49.4755221729714 64.6940867263448 103.623491251619 70.7783813476562 57.0760752891079 0 80.5007174642958 91.7922194884242 0 0 0 79.0728073120117 0 75.9584494985448 125.929862976074 0 0 0 0 0 0 0 84.9364518459277 0 75.3370600761581 0 0 164.645629882812 118.771812438965 88.9780774188636 96.5930349687532 0 0 0 0 0 62.5541703053142 92.7637656897527 94.9751021950072 0 0 0 94.9748342832868 0 0 105.968044355497 0
119.011818256792 53.870801851913 52.3087239688436 202.359100341797 0 0 122.48867265972 158.994311673809 124.77792109041 0 23.2100673384517 0 51.6210652068468 127.895160611655 179.513137817383 114.121914307321 19.3766448973063 15.1247614706846 0 0 76.0994267074945 93.067168748683 60.8237347151414 140.503437195529 42.0871983599409 25.6743116778265 55.9346435096736 130.026477347432 118.81340496985 86.3224503346433 56.4150132848081 0 125.161517069256 38.3390618260614 0 87.2155714213431 45.7784388184346 45.3921246451383 76.1268033098225 133.349670028492 0 60.2661767806183 130.500633535395 84.5429139202083 104.743828074102 0 0 0 87.4754836358621 0 62.4387907238004 119.108632460785 0 0 0 0 0 0 0 91.400956214228 0 83.1482158652809 0 0 0 126.562434031169 95.779546200663 97.2800480252076 0 0 101.055519970006 0 241.109756469727 60.6670975241434 89.5535535514783 87.3661611640917 0 0 160.083724975586 97.3905195418061 0 0 91.3443378319757 148.353134155273
77.6795274396858 152.336975097656 144.964340209961 12.079303157147 99.9122933868204 55.111917157583 37.1117780879875 72.4181977535867 57.8807219285925 15.1275550221569 134.602318625145 17.3355644244951 160.492076099531 87.1095205347277 65.8249496008869 97.7260709608205 0 0 0 0 140.588686494818 76.4055309032229 127.454626583064 21.2519421275833 0 0 0 23.5886602904837 98.6866119384347 102.438946947942 0 133.744177764866 76.9070654311429 97.4531098614283 52.4640291154573 91.0070523097203 130.737033978319 98.7747025886277 103.916551808089 62.3069435421736 102.600863447448 0 83.8068370050262 0 0 0 94.6012566266631 0 0 0 0 0 87.6833412571406 135.922866821289 156.657129849299 135.210797837872 0 88.7532276428773 148.52667093971 0 112.049608946962 0 0 116.813731665318 0 0 0 0 144.42426452644 0 133.86051940918 184.149429321289 112.79800808922 0 0 0 137.981875639625 0 0 0 0 0 0 0
82.8442650236811 88.7797701583711 62.4355408286436 122.115623474121 138.297397990063 109.90994044066 74.6288183564186 105.503525206968 69.6383422381199 96.5822133116077 107.534554469218 125.704714629127 137.714833134159 98.5158106249095 124.278196257486 17.0772569517048 53.1616167224386 119.562688060111 76.0994267074945 140.588686494818 0 50.9192152783679 33.8477032448303 32.8430017503092 120.423088078372 85.1282015169181 66.2005342379673 24.7459134523429 83.0969489583552 28.1224891462533 123.802001953125 145.116524574496 73.4090171350209 32.2909680723427 123.622806858095 66.4326435368994 49.9925122509274 53.6257747254499 66.1111427753148 81.030144723989 93.6989411304424 111.095045536763 118.739134590861 110.446485453597 110.218635055757 128.878633154543 97.319694519043 0 0 0 102.506623955704 123.20671872955 0 0 0 143.90341362708 0 129.47705078125 0 0 0 175.77409362793 0 0 95.9454596440554 109.636360168457 0 0 0 112.946025045829 68.5820473441203 109.367069889491 120.493769121328 0 151.063294606144 115.22540593811 132.89354455038 180.272396794834 132.418801464492 0 0 0 120.503635293621 144.388695869163
91.8215270993619 31.2703339463959 62.4286360797474 103.251947558185 101.006300130255 110.045283332732 79.5609236331775 99.0252408126879 26.0703703997874 99.8099130617959 93.647004015061 63.8070755452355 86.8923333771347 100.725532813989 78.1239208753517 35.5807076274386 71.4584390844542 102.030476241159 93.067168748683 76.4055309032229 50.9192152783679 0 50.7357767085243 33.2688691995474 67.2994457770527 81.1940225778844 42.0466186006277 57.3960052696033 86.0154742939628 61.1246060748722 100.991343346227 0 66.3663690690553 51.5118148779566 112.689513592055 60.8304698291812 46.6465813533027 52.7281039076669 55.6632525637238 66.0848940676311 69.9664735358049 89.9559011803813 93.9457403666966 76.5493441638918 66.6551844512917 74.1721416959387 74.2129265070244 0 113.19812693311 116.277006931177 30.9630964343638 70.1515166123776 145.54069947918 0 0 97.640893992925 0 62.2439474718366 158.87629699707 114.02280946448 124.120055653332 110.585876423901 121.662048339844 207.327041625977 51.3867933567843 85.899383088383 0 105.783252922646 0 70.4581803434355 16.0798521461 62.8821493363736 88.2574882115374 80.7173921685308 116.980685879192 63.1870417870941 101.962508625487 94.413510194591 92.3980453638913 0 206.495346069336 131.348919433669 66.1991785516142 137.041700588712
92.0265813153635 61.8903769402678 32.3140030624675 129.284975055957 141.899215698242 120.273519629501 84.7002718289812 115.149583741828 82.3382888210282 108.448696250484 90.4809910739078 145.020474758677 118.639817451861 108.675014615607 99.061408996582 16.1637467776388 26.1954647652905 89.5280348701002 60.8237347151414 127.454626583064 33.8477032448303 50.7357767085243 0 63.0593112873783 98.4870177606028 62.0239889957757 36.1610291492622 52.1553977622752 92.742548532784 50.0808055242182 110.787692926945 171.554465118485 83.5160518264328 40.6162029662014 126.475615478439 68.5503647949645 46.6352359094498 56.2137820432117 64.4020338958237 81.9600582355366 95.3547816664767 106.516140732348 115.598741815858 97.3907363070446 103.320847007374 120.079590539845 125.759808821925 146.012786865234 89.0004272460938 132.519890313128 67.2712869605664 98.4552728927675 0 0 0 161.377605910595 173.2367841496 99.1142354403634 0 116.199722290039 0 0 183.229559950565 0 96.8450387014809 118.556163062455 0 137.812846688748 0 113.302239602804 62.137068550707 102.706374925496 127.314691524613 103.286468231423 135.346662010228 96.106055239299 139.636965303955 159.382314695163 120.408582477806 0 0 0 105.753441827068 146.20472932161
78.2592532701611 81.8818094234498 104.003572321323 21.6954100594198 67.4540699622476 66.3724414176939 47.0079387314869 88.8707900319527 21.5923100708743 49.0752400534355 141.341465894333 28.0806241899145 134.426527032807 99.188752129367 42.5525850312702 37.2400806569005 124.813602742268 149.448975653529 140.503437195529 21.2519421275833 32.8430017503092 33.2688691995474 63.0593112873783 0 116.446239439086 128.291505652634 77.144820213651 18.9994165203264 80.2916998860232 61.2707262235011 159.40214446084 128.127349853516 67.6949315671974 70.9462269167672 132.110799551845 73.5801148620217 96.4506026450946 78.3364145442154 82.7361219541762 37.5072397899046 90.9058688494693 130.922218456223 110.713812294495 134.672961408394 122.029275096095 143.390470421942 92.2777171368586 127.160969757393 0 113.114376359609 104.491181567095 137.64358501988 118.219674480185 0 124.562935387765 108.650783521996 135.995519725175 55.9355916985723 123.404027973456 153.185791015625 89.9361850066182 159.51024219394 130.207449241606 98.8612811241063 109.831079947604 146.174070095603 0 0 110.743062161555 120.614984516503 73.2864221414853 121.286434296689 74.9764936973234 166.463756444533 174.983947753906 133.251912047666 105.311608866425 124.435393778487 116.47268833052 177.590423583984 0 122.64387397731 118.45465295844 165.672902090824
136.797332763672 22.4442405494371 67.4959212226515 0 0 87.3721389770508 152.237000365095 105.072525443825 103.957841031251 171.19922064227 27.6850849318262 130.538485768567 21.0343017559863 130.536659790871 0 109.538839342919 62.8434931714564 40.8652070842441 42.0871983599409 0 120.423088078372 67.2994457770527 98.4870177606028 116.446239439086 0 37.5085060761241 27.484754360724 127.04988955141 111.405314823162 124.131824950179 44.2969788267271 0 0 45.7849703934831 0 78.8096412435168 16.337660896807 42.989342058702 50.9707478082793 138.372346793425 50.8115320588548 16.6803816354762 128.577196482147 30.6721718860631 67.6052811304674 0 0 0 34.1789216347066 0 37.4760646312767 95.9420358788073 0 0 0 0 0 117.895584106445 212.883712768555 49.0689367459427 0 37.9257475319193 0 0 0 88.1967869497538 57.9702969399657 61.7547674625189 0 0 82.1503016749578 103.718167200595 0 25.2050906673769 61.6636435751188 62.7739756169055 135.182174682617 0 0 64.4748392015813 0 0 68.48435082012 0
117.864211879424 45.565265909047 24.221275655552 0 0 147.837048669439 117.364760751362 140.567151962997 122.530437755028 145.756501034456 29.110249017957 0 22.4147273695351 132.571561185784 183.003036499023 104.900327457259 35.3124197380067 21.6313711216932 25.6743116778265 0 85.1282015169181 81.1940225778844 62.0239889957757 128.291505652634 37.5085060761241 0 34.8094393388987 111.164333440983 114.661408937668 93.1545528853899 21.7990273071835 0 111.691183532533 44.9933486722205 163.750834067101 85.3610588213988 49.8883980628433 53.9024059327162 72.5345080893473 131.252887026305 103.738431446137 61.7280616996165 124.461872263011 93.633620877887 97.3752785528778 129.317057508275 176.022171020508 0 84.235296101147 212.582412719727 55.1939770034377 102.35953065761 0 0 0 0 0 137.446429044101 0 85.7912285697815 0 71.6480249802473 0 0 140.609334419456 106.172127588813 90.8793383915011 94.6480880754631 0 0 97.080358211859 142.933726120681 150.161729265126 57.1624327878512 87.4140874957356 82.5317127926675 0 0 0 98.8298388890339 0 0 85.4004645545984 147.24749255154
124.058629148744 25.1589423710273 36.5324900463353 121.263572835088 160.344299316406 132.182443497411 103.154389917052 139.941309421964 94.3767740491338 125.149690883642 47.144806371579 118.434993523588 25.3916044366799 136.766112829212 141.92474771904 26.8089900130888 60.9589418130098 53.9163276750296 55.9346435096736 0 66.2005342379673 42.0466186006277 36.1610291492622 77.144820213651 27.484754360724 34.8094393388987 0 72.0726668324881 115.989491333922 90.1311022151051 22.5491997181057 0 111.038208098965 53.048596841286 134.478295104037 75.3854081935542 50.6338767086217 57.9649631153479 67.6062750174359 89.5159430481563 104.657833604382 59.9302153751639 113.93201190221 88.2032872346834 91.4047845042309 107.059500167529 127.323557355054 124.940490484231 78.3749591885679 195.300081070993 47.1094088182892 86.6937929896963 0 0 183.86833190918 146.153451143866 161.019393920898 113.138427880653 0 91.7835571006441 0 76.5714487415088 198.767903154958 175.405426025391 95.7574141377623 101.911049880823 90.4386493806965 97.0099967916844 0 115.621849853288 63.084831502365 97.32670292627 139.017315351248 56.1627721990978 86.6678123030146 83.8154462989822 151.016200874794 147.735565185547 120.489075384728 102.468638754454 0 0 84.3737119661893 150.115542098883
78.2930163641693 102.168994037839 84.2087086231739 17.9629804341932 102.895715976422 61.9188697581968 33.4197100909214 83.0905120611652 50.9467791374777 26.1501629096136 130.506656816842 53.0566116707155 148.99212530987 92.6099397128459 75.763470803089 37.7301414638861 99.574651149167 148.217842781674 130.026477347432 23.5886602904837 24.7459134523429 57.3960052696033 52.1553977622752 18.9994165203264 127.04988955141 111.164333440983 72.0726668324881 0 81.1998953574686 39.2481651287599 126.905151367188 144.020288488972 68.0299879810636 60.4664134238706 128.717175556868 70.4999362365674 73.0045256588707 66.5980715817856 75.0270808300098 73.0658198958926 96.8824505294388 149.263122558594 131.139088278749 142.936569213867 137.080898098229 173.378462831081 106.906642271367 143.522177819511 0 120.95875852765 118.556649409569 138.735516808774 147.030494125869 0 144.340027117092 119.826680241153 141.651216419423 76.8338806517627 146.227691818945 0 115.757892255163 0 140.507701120018 116.219141967617 111.371166559484 120.317817687988 0 0 136.047436424695 134.142179548772 91.3057613226321 131.639621795708 99.5097920488398 0 200.876358032227 131.379660948292 117.787294749566 137.906445731148 121.824172847476 0 201.242797851562 127.151992288856 122.502464114263 157.795082507193
18.8086078434734 121.926696575762 97.9322046758113 104.451645432447 17.615905813986 31.6031845994393 51.8038664548916 32.3654062929648 67.8360201097966 89.4552066073686 65.9363737557665 98.1517506931035 62.7733637853488 34.7883415948239 43.8767375750281 98.1131794653668 99.1689110683117 115.941827334685 118.81340496985 98.6866119384347 83.0969489583552 86.0154742939628 92.742548532784 80.2916998860232 111.405314823162 114.661408937668 115.989491333922 81.1998953574686 0 29.6133968781112 135.918001082479 13.4990583848691 20.9998923294338 33.4547807907492 101.450542827529 59.1349021475571 75.1909688855736 51.2735240356893 52.396187422329 37.5751909586449 23.6723194953915 61.2177598344449 111.790880150871 143.229339599609 148.064544677734 127.02589292991 0 91.5361099243164 0 125.194580078125 0 0 0 0 0 139.198153313535 0 83.04975086702 167.008193969727 0 0 175.082366943359 171.390611652981 0 143.172554717178 0 0 0 0 133.46565246582 0 148.162512689119 117.649792062756 166.406600952148 0 162.305357041034 126.426708596756 150.112239498854 148.491746386326 0 0 140.763313477821 0 116.241126961205
34.7235877242941 87.3894670659305 72.2274455332407 105.769127248997 106.610199983222 81.5642025504719 19.7580715362728 73.8296516353436 54.1786315393248 66.921652432018 107.440596885184 95.6890741118387 136.501589014345 67.838884998884 91.646112468141 69.1502289992924 69.0770812306494 113.888146239281 86.3224503346433 102.438946947942 28.1224891462533 61.1246060748722 50.0808055242182 61.2707262235011 124.131824950179 93.1545528853899 90.1311022151051 39.2481651287599 29.6133968781112 0 147.003078825696 125.516882447446 51.7997130770179 35.2514072603309 117.006916935883 62.0366223424706 63.3128478696115 51.5870631552572 62.4389920965637 76.1477866511762 83.6893932478254 121.548762591927 122.970167355667 128.188615142872 128.220253288018 153.290017785598 121.019791709762 132.898315429688 0 121.493052778764 89.8871718034597 136.23470277282 153.668353649248 0 0 128.867720343123 143.16064453125 79.7795783885358 172.517950086381 0 0 148.43913269043 142.903549767385 171.999267578125 119.058871487767 0 0 0 0 140.361311470201 83.9238596652676 131.93283292967 108.599091737791 140.776876517548 158.641789121089 123.251537906601 122.810532926287 140.812304342254 128.944045712198 0 0 133.123904954544 122.467831767966 120.068726195355
0 62.9507472197453 95.5638452331173 0 0 0 0 0 172.114562988281 0 23.918219973705 0 10.3976157105057 147.734762440678 0 149.248794555664 81.7056038677673 48.451109306243 56.4150132848081 0 123.802001953125 100.991343346227 110.787692926945 159.40214446084 44.2969788267271 21.7990273071835 22.5491997181057 126.905151367188 135.918001082479 147.003078825696 0 0 0 61.5996103220026 0 132.362162093375 52.4294653001453 63.4276881600826 0 0 0 62.5371535259571 0 84.4357348810415 100.609396869986 0 0 0 0 0 74.6583129915389 0 0 0 0 0 0 0 0 81.6397595980917 0 79.4494687226285 0 0 0 114.111913330274 95.4511375742918 101.263774260783 0 0 0 0 0 64.4467058720547 98.4241853230327 34.5634796593238 0 0 0 99.3921894572895 0 0 121.507155406677 0
81.9611056297308 0 0 0 9.40158624254239 14.0874956505114 109.56143161183 14.3078985390269 77.1817222852953 109.514070768295 62.2945747701495 107.593522724112 61.5127200121482 17.1694018623842 39.6460348745773 0 0 85.7619611785138 0 133.744177764866 145.116524574496 0 171.554465118485 128.127349853516 0 0 0 144.020288488972 13.4990583848691 125.516882447446 0 0 62.7247066868375 21.2921276367759 181.422561645508 81.5672092817705 71.0758304743166 45.7499792270353 60.4065156086504 35.7980624584476 13.4858875789439 0 0 0 0 0 0 0 0 0 0 0 0 0 0 0 0 0 0 0 0 0 0 0 0 0 0 0 0 0 0 0 0 0 0 0 0 0 0 0 0 0 0 0
32.5026512949499 103.95517956376 99.8792148684505 86.88166724456 94.7551574707031 85.5269893858019 59.9061412576537 71.5418263717213 58.5243762746307 80.7042077267293 114.000172438119 97.1029654135344 64.2236022949219 49.820295489243 83.2160186767578 75.4523260293303 91.7739939190454 0 125.161517069256 76.9070654311429 73.4090171350209 66.3663690690553 83.5160518264328 67.6949315671974 0 111.691183532533 111.038208098965 68.0299879810636 20.9998923294338 51.7997130770179 0 62.7247066868375 0 23.3917023114338 88.6863879886123 38.4148768398576 42.2388882974636 29.3771630054104 41.1580605793423 43.5418530181812 43.1555491971075 0 191.490417480469 0 0 0 0 0 0 121.567474365234 0 0 0 0 0 136.877319335938 177.597076416016 115.796546819645 0 0 0 0 130.487823486328 0 0 0 0 0 0 0 114.699089050293 0 117.0146264166 0 0 169.756946077028 118.378415640495 141.840461185734 130.944836230452 0 0 0 0 109.353271484375
52.372097306793 45.6509466138891 58.1101986155606 89.9874908216376 13.4099417490355 37.2069115561204 69.7955424482034 36.607874651893 64.3982788473147 84.0046013651734 18.0567253193401 89.7728476950186 15.9131603686909 44.6153347540889 43.6515816425657 62.026623856791 32.073363345442 47.6008767501146 38.3390618260614 97.4531098614283 32.2909680723427 51.5118148779566 40.6162029662014 70.9462269167672 45.7849703934831 44.9933486722205 53.048596841286 60.4664134238706 33.4547807907492 35.2514072603309 61.5996103220026 21.2921276367759 23.3917023114338 0 86.7397756110994 35.811986507406 23.8478448279766 13.1217454639493 21.3483449259379 32.163671037118 9.72607926940861 13.2495918758838 80.0629870936863 82.9486459069631 94.5717435103567 62.2269142939391 135.321353229007 0 33.3903671664218 0 57.1926266596247 93.6365075390943 0 0 0 142.66413423744 0 86.8943223780443 0 40.3884379228057 0 48.4197277313673 211.472793579102 0 112.32784128391 102.183136882881 103.047676605119 120.307498217123 0 115.44343162554 66.5359924089647 102.015892491651 110.457722057037 63.4022223731485 94.0037680851623 90.1331123547961 125.873282513506 178.737348856564 137.342235054271 105.868338954592 0 136.555267333984 90.9390204918262 86.6837251829018
105.248192432894 121.542045520076 139.185196032242 92.407373266008 0 49.2474461052298 123.550755543466 125.469425770371 105.835105952579 31.7810107393964 101.578790405869 17.0140391103615 70.1157305305325 108.233986778853 48.306383225394 127.932972356662 112.538404586369 0 0 52.4640291154573 123.622806858095 112.689513592055 126.475615478439 132.110799551845 0 163.750834067101 134.478295104037 128.717175556868 101.450542827529 117.006916935883 0 181.422561645508 88.6863879886123 86.7397756110994 0 62.0255637287513 87.6866902203994 78.1955327727392 69.9117689579562 59.919318005547 66.405952077741 74.038966378198 66.1487715722232 97.0598716917036 94.9897935194893 83.6699336510873 73.7749589860483 81.2383570404306 84.5458808002163 116.002067565918 153.91829162199 140.051096232171 0 0 0 158.490771824479 176.06803894043 131.649627685547 155.272443031521 77.6989183772688 0 0 133.50803930687 82.6160855767788 145.359700924497 0 0 0 0 132.705273352894 138.643130804 141.587116538525 179.993436280584 131.624117587606 177.313676217691 144.805387801823 143.49781372208 152.329035409205 139.323605392757 0 0 0 127.027039425839 32.2172450897911
63.4569910244814 72.707649356883 81.3778913864019 88.1260488764608 75.5092239684405 85.1204395043544 80.3800675598933 74.1019096755032 55.6893384770648 92.725271350875 67.9784695570474 62.777980799101 21.7442114150735 67.7211883044217 62.3104746330675 70.8234994552021 72.503063799531 91.0720195809991 87.2155714213431 91.0070523097203 66.4326435368994 60.8304698291812 68.5503647949645 73.5801148620217 78.8096412435168 85.3610588213988 75.3854081935542 70.4999362365674 59.1349021475571 62.0366223424706 132.362162093375 81.5672092817705 38.4148768398576 35.811986507406 62.0255637287513 0 30.081945219364 32.195038323216 23.9997476412366 29.173552305597 34.1950579156077 27.2756164742781 51.9500679052284 84.6527854769574 94.1662471793155 70.5872600749567 49.9362091287627 63.5215239751726 32.4025200851957 111.020707105957 81.8937694818845 113.313724638944 89.0481669054684 0 0 120.681081834448 0 85.0254546817392 92.1817818582201 60.1653279076535 56.6493403079808 42.1972619416843 137.207137492831 0 108.896016912951 138.682636151548 0 147.578735351562 79.9695078545104 132.832074770704 74.888941041325 115.003103970205 108.619500482362 0 126.549996227319 111.123244212805 121.724234959905 123.468487587217 143.76252158988 126.195747375488 166.033157348633 143.610937752617 118.588940008157 71.8126017125065
83.6877760842373 41.5423237595317 49.569463169895 164.687408447266 59.2746429889156 90.0499014446296 80.9301268412066 91.7556831637128 91.8398503375559 119.455232207419 20.7249812220519 128.447662353516 19.3998551640957 92.6147958249214 0 49.6926961091868 44.7817223148863 46.2592617382066 45.7784388184346 130.737033978319 49.9925122509274 46.6465813533027 46.6352359094498 96.4506026450946 16.337660896807 49.8883980628433 50.6338767086217 73.0045256588707 75.1909688855736 63.3128478696115 52.4294653001453 71.0758304743166 42.2388882974636 23.8478448279766 87.6866902203994 30.081945219364 0 18.5296242282958 19.9167924989114 37.7823290125864 36.0986611794397 18.5568744240593 82.0560283200249 37.1636231098426 73.0824408354264 91.6641418089702 83.9963773825489 86.0505326268413 26.0347633117726 106.381080627441 51.9232418774282 89.4153625944798 0 0 0 115.977905273438 0 0 0 37.7220540784651 0 32.8676960794726 0 0 83.9563537627461 111.563054437835 69.1299985745178 61.4606565960954 244.377365112305 93.2897727817895 60.5246568945552 93.8051959181512 0 29.5256073761829 95.1851470195985 88.4283861182054 116.17359161377 0 96.782432883871 71.497896464259 0 0 77.9936785863477 98.6710793238287
