0 5.02562764286995 166.904207229614 16.998269289732 11.1813140809536 121.547361522913 3863.79635229707 967.358770698309 158.910346835852 274.702587455511 17.6964613199234 24.0696358084679 2.15672433376312 12268.1539849937 3.91058811545372 8.82271626591682 108.978854566813 4.46261781454086 19.5957625210285 17.5738018751144 220.816130548716 18.2070633769035 341.922421127558 329.325495839119 1.22537639737129 124.42984098196 52.1432739794254 508.37685072422 15959.7059361637 3528.60704571009 0 33.7394476830959 458.935450732708 324.377742290497 8.67287731170654 212.026813000441 13.8391469120979 230.708088219166 37.0469980239868 58.9088671207428 48.2350182831287 0.533907234668732 21.1229666471481 1.62551403045654 12.9312832951546 1.35383653640747 4.96660909056664 4.57541182637215 0 6.06857779622078 0.857902646064758 0 0 0 5.45344606041908 37.2039596140385 9.20073392987251 13.6702831983566 6.81016334891319 0 0.890381217002869 0 5.52255496382713 1.01436543464661 8.73994645476341 1.10677182674408 0 0.739228427410126 0 2.97113180160522 0.622394025325775 1.30058896541595 45.2442407906055 0 1.3606241941452 5.9827621281147 65.7350197732449 13.8071406781673 7.18512886762619 0 0 2.71343851089478 4.01034611463547 3.00031417608261
5.02562764286995 0 470.357153892517 0.424685448408127 4.70492804050446 2.44018939137459 23.488706856966 7.98802003264427 945.980669498444 3.11016371846199 170.269698441029 7.23366609215736 913.770746707916 9.02155461907387 27.848804473877 196.23838609457 419.021882861853 59.2897808849812 166.632323652506 1.8592649102211 64.7131077945232 2428.03137990832 183.573232203722 544.597885400057 2417.4946398735 1417.31990781426 6331.45688426495 77.3894109427929 9.15602871775627 45.9478289186954 40.8578400313854 0.636880993843079 1.93824207782745 213.105865299702 1.75907942652702 280.868843406439 217.852241367102 345.832152813673 94.0678840279579 59.660833388567 1.25260603427887 71.0372464060783 10.8064825534821 9.68979203701019 17.1260215044022 9.07519209384918 0 0 0 0 53.2414287924767 25.3771485686302 0.891859292984009 0 0.685310840606689 0.842727959156036 2.32588911056519 3.46657210588455 3.01957112550735 3.23133197426796 1.46080899238586 10.9724772572517 1.17632076144218 0 2.54071485996246 11.6328914761543 7.8718963265419 16.896003484726 0 4.01442441344261 12.0599343180656 12.2071897387505 0 19.7602154612541 101.833383232355 139.159770995378 2.94125640392303 0.658842027187347 2.06508374214172 1.8937346637249 0 0 4.20397859811783 1.67660236358643
166.904207229614 470.357153892517 0 3.1652954518795 4.87064546346664 166.185233354568 1007.49236121774 694.859462529421 102.977493286133 155.752226412296 200.858184367418 10.6917545497417 40.1608396470547 661.750365793705 3.24049371480942 316.976661473513 3833.18924224377 79.6527125537395 544.400432765484 4.37784540653229 2189.28745308518 275.574447244406 12287.0598518252 257.88187405467 50.061130553484 15374.8781827986 11443.7964581549 1192.89661228657 345.544709354639 1807.3543548584 21.1952697038651 8.37370824813843 48.0935588777065 1006.0553137362 24.9789754450321 1873.88810661435 884.52711224556 2036.96219611168 597.340323477983 140.700040966272 35.1539536714554 6.52404573559761 139.119992375374 69.7387655377388 204.273536264896 83.3481208086014 11.0984680950642 3.117600440979 1.47273898124695 4.92812526226044 369.850083351135 779.501384437084 1.31340205669403 0 1.51224997639656 24.8734588027 3.80261451005936 14.0954516232014 4.89873844385147 3.52278450131416 0 8.65309256315231 10.6227993369102 0.526183068752289 49.9188268184662 188.782981812954 11.04159116745 57.1827973723412 0 49.9773996770382 140.622259408236 263.427665531635 37.3299387395382 24.1645947694778 425.227284580469 1477.80929234624 39.2393944561481 8.90892004966736 34.4916747510433 1.32204204797745 0 1.03515815734863 67.7363632619381 25.564377874136
16.998269289732 0.424685448408127 3.1652954518795 0 3.72290915250778 194.021936327219 145.996376901865 94.2457167208195 338.857092618942 7756.89365822077 1.0711932182312 1929.11605381966 1.86448431015015 53.890000641346 48.0015519559383 1.03256818652153 0 0 0.440479576587677 25954.1124845445 5.77133890986443 8.53184095025063 13.4801027774811 2368.39620766044 0 3.00729268789291 6.02128177881241 12160.4362950623 67.8830747306347 17.7244500219822 0 2.41966566443443 7.14740857481956 41.037350744009 19.3568654060364 84.4460328221321 2.9870952963829 38.7158788144588 16.4952934384346 92.1106631755829 13.5354268848896 0 5.18436548113823 0 6.24013417959213 0 43.8287591040134 1.52059638500214 0 1.12251651287079 0 0.460919350385666 161.087848842144 0 33.3147874474525 59.7967388629913 17.7849568724632 58.6743383407593 135.764914035797 0.880929887294769 56.7242666482925 0 5.76257252693176 19.6908814907074 0 0 0 0 24.5095174312592 0.597281754016876 0.771289944648743 2.38796049356461 87.2869278788567 0 0 2.39306485652924 133.839283466339 4.35450464487076 0.84440416097641 0 0.330786556005478 0 1.91864383220673 0
11.1813140809536 4.70492804050446 4.87064546346664 3.72290915250778 0 12245.9738514125 40.251158118248 1030.70996195078 48.8191115260124 56.0864517986774 72.712611079216 69.1841990351677 11.5411288738251 285.479604840279 4034.57561987638 1.05338829755783 1.08743470907211 1.77473932504654 0.865230441093445 8.29462912678719 1.45876586437225 3.79128384590149 7.16325137019157 31.5618624091148 0.935065448284149 9.31842243671417 8.90761256217957 19.1466772556305 325.914136588573 11.8653617799282 0 6214.35349935293 4.18345177173615 2685.67734149098 81.573849350214 139.067509770393 4.3481736779213 203.810677289963 34.975049495697 12186.7064908445 3310.47599959373 3.73062932491302 3.66433799266815 0.595829784870148 1.66871947050095 4.03986889123917 4.09016358852386 1.8763176202774 0 0 0 0 0 1.81452703475952 1.20982554554939 1.55532449483871 0.281836986541748 1.23287439346313 1.21088683605194 0 0 0 1.32875037193298 0 0 0 0 0 0 0 0 0.707320094108582 2.73393857479095 0 0 0 2.35607123374939 0.395426452159882 0 0 0 0 1.33673942089081 62.579318344593
121.547361522913 2.44018939137459 166.185233354568 194.021936327219 12245.9738514125 0 3092.51662907004 20083.0747206211 353.920708745718 18946.655082047 218.403946906328 6409.16650164127 82.2091005444527 2881.26566445827 9259.51891407371 13.7756597697735 52.8317488133907 12.4535999298096 12.5843397676945 652.189126878977 152.102027714252 33.4719928056002 309.630315154791 629.803865075111 2.2987214922905 99.6722679883242 60.7171775251627 1342.00585095584 1488.4198692888 307.260825544596 2.23451799154282 4363.92181749642 26.5507640242577 1991.04097348452 1912.65332978964 640.36696818471 39.7134947776794 628.438205569983 130.815937042236 9187.21775314212 1834.01976659894 17.0159398317337 19.8640975058079 0.349747836589813 14.2653194367886 7.41262811422348 39.6276457905769 4.22903996706009 0 7.29514545202255 3.32044672966003 2.37824764847755 17.6892588436604 1.13148128986359 31.8068307936192 140.51223744452 28.2241031229496 56.0707948505878 85.3914156258106 0.320619255304337 32.7898314893246 0 20.5070005655289 16.9083486795425 5.06980240345001 0 0 0 17.5399253964424 5.05088931322098 4.86863532662392 5.32406806945801 160.105138301849 0.827900648117065 3.71944378316402 9.28021138906479 211.716682910919 25.2975622713566 8.9835067987442 0 1.45555022358894 2.30081155896187 9.08495770394802 6.92304748296738
3863.79635229707 23.488706856966 1007.49236121774 145.996376901865 40.251158118248 3092.51662907004 0 6048.23509450257 1714.48431155086 15346.4797678888 39.0619329512119 196.908932417631 13.7413613200188 10554.1193639934 96.4448937475681 182.169832497835 215.693658381701 7.8775243461132 44.7515873908997 96.0680396556854 1576.3669731617 178.796354740858 2155.03125727177 4599.86787626147 1.6072518825531 380.842248558998 462.567374318838 22616.6275478005 3003.93277519941 12150.7083172798 1.81924995779991 77.1544455736876 365.940214693546 978.343783915043 100.262310266495 1839.20616641641 91.1731558144093 1058.25251570344 259.62707144022 450.271926492453 219.034994035959 3.19102165102959 168.738700687885 7.63631582260132 127.031503260136 26.434672921896 86.6529591083527 34.2044461667538 2.15157595276833 55.2616432607174 5.91626635193825 27.726433634758 27.3751265108585 1.11059439182281 111.552415192127 515.942680895329 142.479814201593 177.463229477406 191.477531790733 2.38285893201828 31.8636077940464 0 157.948320776224 19.7845387458801 53.5827932655811 5.4395637512207 0 1.27261167764664 17.971283197403 30.9884554743767 40.2949156165123 52.8027836680412 599.934687614441 0.990614354610443 10.633192896843 99.2864186763763 1011.16816303134 147.101633965969 63.7295499444008 0 0.574829638004303 8.2766150534153 90.9580235779285 31.2324490249157
967.358770698309 7.98802003264427 694.859462529421 94.2457167208195 1030.70996195078 20083.0747206211 6048.23509450257 0 266.617846623063 8145.79083815217 268.735370904207 781.374006807804 53.4164673089981 27406.3114406615 420.215812414885 40.2983808219433 278.052860081196 11.5102737247944 65.2633880972862 197.409357011318 600.571190565825 35.5754551887512 1154.21178901196 754.741840839386 8.90910094976425 451.29659190774 212.38051186502 1708.53131270409 2430.5981592834 2056.91985219717 0.956394404172897 2475.68868102133 77.8282673060894 1692.41436555982 172.865667998791 1006.23858326674 59.174373537302 896.119663417339 159.230357974768 2361.69427379966 719.353729009628 16.5650901198387 30.7341372072697 2.72246360778809 16.6469161212444 4.26317569613457 15.7636002004147 1.74525833129883 0 9.15128669142723 3.95868274569511 9.4035672545433 4.21849331259727 0 18.0975631475449 101.528979361057 21.4732633829117 52.179406195879 46.3397813439369 0.422558009624481 6.34456992149353 0 27.1818541884422 3.41985446214676 16.8437242209911 0.500819265842438 0 0.764885902404785 4.3571939766407 9.25731262564659 8.88969576358795 14.0503685772419 136.668569982052 0 6.4054691195488 14.8891814053059 171.366481423378 30.9795604348183 15.7509082555771 0 0 3.38746818900108 18.8877620100975 8.00642588734627
158.910346835852 945.980669498444 102.977493286133 338.857092618942 48.8191115260124 353.920708745718 1714.48431155086 266.617846623063 0 1066.43366652727 43.6963731944561 1288.715616256 151.256779938936 291.766503304243 1387.86920776963 104.166407942772 71.087111800909 18.499208599329 34.59318831563 285.705202311277 150.819918483496 5607.86685675383 146.995125025511 12449.3280419409 276.777947753668 242.566724270582 1073.4871224463 2715.01611450315 497.058618485928 633.582242012024 7.39836719632149 8.04045341908932 116.893503159285 238.333549827337 30.0621030330658 746.254425495863 57.5916271209717 254.115563869476 62.0562508404255 2403.09970927238 53.1067378818989 12.2128083705902 44.99398458004 6.21734458208084 33.3167593479156 9.39788341522217 108.697939932346 2.37171792984009 0.736227035522461 12.0033246278763 10.5230323672295 15.9706490933895 50.5598759651184 3.64811629056931 55.0012147128582 160.159394979477 42.9154821038246 284.459024488926 212.120044857264 0.905631482601166 123.240411520004 2.30943334102631 32.5705338716507 57.9118467867374 27.2188459336758 2.31536510586739 0.70609849691391 2.19281262159348 29.6466155350208 24.3645912110806 55.1082807183266 22.8284951746464 447.854137152433 2.76057693362236 11.3545869886875 43.5855771005154 387.536271780729 36.0154393613338 34.9674422740936 0 0.857491970062256 5.86112695932388 27.4189755022526 6.94141641259193
274.702587455511 3.11016371846199 155.752226412296 7756.89365822077 56.0864517986774 18946.655082047 15346.4797678888 8145.79083815217 1066.43366652727 0 63.1352715492249 19130.5153160989 12.098482966423 2750.90911521018 209.394974529743 31.6672884523869 29.0620994865894 5.19376906752586 10.7046879827976 10761.0074132085 187.626143097878 41.8200213313103 295.815631061792 1848.53710526228 2.96909779310226 70.5231715142727 95.9798623621464 10545.4485729635 1363.88879652321 427.155981212854 0 100.004100143909 114.242155373096 699.82584258914 992.63641294837 1331.80383431911 31.8922056257725 765.020337462425 162.859472572803 722.618595719337 288.58104968071 3.86159133911133 38.1369073987007 1.66838181018829 35.910670042038 3.95939379930496 156.271134227514 11.5491914153099 0 20.6370291113853 2.79373025894165 3.58438926935196 87.7032849490643 0.82983011007309 130.585706174374 362.062702447176 67.1624115407467 198.940696179867 448.091807961464 2.57471942901611 81.7624899148941 0.721407175064087 42.2639814317226 73.4175712168217 16.3803667426109 0 1.02193474769592 1.42245626449585 40.7661172747612 13.244824886322 10.6921313107014 11.7857935428619 390.535803586245 0 1.45524734258652 21.349871724844 555.412240236998 43.3601895868778 12.0034254491329 0 0 1.74151909351349 28.9974619150162 14.8743994832039
17.6964613199234 170.269698441029 200.858184367418 1.0711932182312 72.712611079216 218.403946906328 39.0619329512119 268.735370904207 43.6963731944561 63.1352715492249 0 11.2383921146393 11540.6060929894 346.083150327206 3.93387681245804 25.7074362039566 990.858673632145 9638.39922517538 4913.25033780932 10.4522693157196 75.3114992380142 66.6182310581207 189.172176748514 48.2259884178638 1542.33639991283 16296.5191310942 3015.56201800704 35.1308580636978 293.817724257708 97.6640729308128 2231.59736683965 139.812881916761 3.29922753572464 10244.0674286187 7.34693077206612 476.96865862608 6587.90672844648 9037.16655215621 299.14424186945 72.8357231914997 44.8306123018265 4330.3313870132 8.25290864706039 3.68440240621567 12.1870717406273 1.99617701768875 0 0 0 1.174440741539 18.8283435702324 12.6150284707546 0 0 0 4.67626243829727 0 1.59766644239426 0.421538293361664 65.7647090554237 0 228.31692969799 1.39132982492447 0 0.753054559230804 5.02911898493767 42.0958025455475 15.3745015859604 0 1.7473052740097 2.81636846065521 9.03798562288284 2.97398856282234 71.2880290150642 160.343632698059 189.66407930851 1.37439900636673 3.07359451055527 1.65852662920952 6.99741679430008 0 0 7.24957209825516 2.58340793848038
24.0696358084679 7.23366609215736 10.6917545497417 1929.11605381966 69.1841990351677 6409.16650164127 196.908932417631 781.374006807804 1288.715616256 19130.5153160989 11.2383921146393 0 3.63493183255196 259.778504580259 2895.2082836628 3.68176990747452 2.78281697630882 0 1.68219065666199 27418.7792915106 7.76484861969948 50.5497943162918 10.4817633330822 944.058634281158 1.63080996274948 9.48173066973686 14.1923487186432 915.428352117538 163.942070633173 15.7174867093563 0 17.7535447776318 6.39277309179306 130.676945000887 961.720041185617 146.135129868984 7.73669099807739 91.4147811532021 9.41354304552078 4075.43522921205 43.1766511201859 1.57387268543243 10.4222230315208 0 2.7235626578331 2.49901354312897 160.653086572886 0.830353617668152 0 0 0 0 57.0573871433735 5.6008608341217 51.6386237740517 57.7144111990929 11.3062237501144 177.890552818775 194.199437648058 0 731.801416099072 0 6.80699208378792 105.396646291018 1.4295414686203 0.484629154205322 0 0 65.9733026921749 1.65583837032318 2.24324107170105 1.16999554634094 163.022901922464 0 0 1.7415377497673 160.000226587057 4.97548359632492 1.10428330302238 0 0 0 2.64925807714462 2.20920607447624
2.15672433376312 913.770746707916 40.1608396470547 1.86448431015015 11.5411288738251 82.2091005444527 13.7413613200188 53.4164673089981 151.256779938936 12.098482966423 11540.6060929894 3.63493183255196 0 60.223858833313 7.3135427236557 17.1820405423641 71.7633507847786 510.699934273958 258.064689427614 0 26.5876483023167 276.671116471291 41.4346295595169 70.2617361545563 10193.9702943861 7394.85764843225 7303.90435999632 30.839497178793 46.184814363718 19.0764875710011 9534.7175796926 19.2451038360596 4.73112526535988 1689.87400478125 73.9910487830639 1943.81704297662 4267.04983797669 1793.81476277113 2416.77497965097 98.6026502251625 1316.42140442133 4349.57889801264 19.5533034205437 23.0153861641884 27.8318963944912 8.40866705775261 0 9.89079946279526 4.76233410835266 3.0757018327713 31.034623503685 7.92792600393295 0 0 0 3.34792134165764 0 1.50727903842926 0 138.783179670572 0 658.121705442667 0 0 0.495737552642822 4.10868859291077 90.160538226366 47.8649180829525 0 3.39541172981262 0.720409870147705 3.66662645339966 1.55203193426132 173.555700838566 370.515910983086 327.701792895794 1.78766536712646 0.690606594085693 2.95563662052155 43.1430780887604 0 0.803664147853851 6.28485679626465 68.2069141864777
12268.1539849937 9.02155461907387 661.750365793705 53.890000641346 285.479604840279 2881.26566445827 10554.1193639934 27406.3114406615 291.766503304243 2750.90911521018 346.083150327206 259.778504580259 60.223858833313 0 48.6900655031204 36.3614027202129 342.548627227545 16.4834751784801 75.0580535531044 96.4512404501438 613.344584554434 49.6907760202885 1080.15309822559 727.676504462957 6.04804039001465 447.024498686194 207.915066629648 1526.42724692822 11093.5423285067 4072.12891231477 3.4311495423317 1578.66577622294 184.665565431118 2077.94892558455 49.3158724308014 1343.07002320886 50.5318560600281 1148.8084538877 181.140205174685 801.212153613567 466.083747535944 21.3198711276054 35.9126416742802 3.56373167037964 19.7645601034164 5.43455547094345 10.7079984545708 4.95188865065575 1.28796660900116 10.184868901968 5.65792119503021 7.10091862082481 2.96480584144592 0 14.7368942499161 65.7220343649387 18.8693994879723 34.6841867566109 21.7080783545971 1.52367091178894 0.998829960823059 0 37.0589371323586 2.21984392404556 14.5595235526562 5.54667919874191 0 1.1110235452652 3.03813308477402 14.752801656723 7.9680914580822 18.4790081679821 103.267574250698 0 3.55541378259659 36.0895158052444 153.880186110735 21.7863678634167 12.1157788336277 0 0.433777898550034 0.996654510498047 19.1139236092567 15.7758742570877
3.91058811545372 27.848804473877 3.24049371480942 48.0015519559383 4034.57561987638 9259.51891407371 96.4448937475681 420.215812414885 1387.86920776963 209.394974529743 3.93387681245804 2895.2082836628 7.3135427236557 48.6900655031204 0 1.83814138174057 4.7275857925415 0 0.347326159477234 154.584885567427 4.42797860503197 109.149347692728 12.2080689072609 889.011496722698 1.31153416633606 15.2056219875813 48.6573494970798 105.716603845358 56.2725847959518 14.5716325938702 0 231.541704803705 2.72854915261269 74.1762517094612 414.702838033438 35.0397507846355 5.12558698654175 21.6895062029362 6.25738316774368 13274.6175358295 83.0883423089981 2.44777035713196 11.8289775848389 9.93735146522522 0.629128038883209 9.70074525475502 46.0484077334404 7.15975654125214 0 0 0.483820497989655 0 5.08912873268127 2.95622158050537 8.35814985632896 5.84790563583374 1.55445176362991 33.4321485161781 17.8903820216656 0 20.9575220942497 0 1.90305665135384 26.3145786523819 0.702459037303925 0 0 0 2.85521239042282 3.45161983370781 0.322525858879089 0 15.903507143259 0 0 6.15377938747406 20.0362873375416 2.83607086539268 0.955050766468048 0 0.423621237277985 0 2.92604875564575 235.290776401758
8.82271626591682 196.23838609457 316.976661473513 1.03256818652153 1.05338829755783 13.7756597697735 182.169832497835 40.2983808219433 104.166407942772 31.6672884523869 25.7074362039566 3.68176990747452 17.1820405423641 36.3614027202129 1.83814138174057 0 238.286248624325 8.30609601736069 37.7746974825859 2.40151262283325 8994.17011648417 2934.4262727499 13078.7531432211 2669.7760707438 23.572006881237 257.681014865637 8297.86301872134 2317.93437159061 73.7136423885822 485.516643673182 1.76877948641777 0.41403192281723 16.3188950121403 502.892006486654 45.2344985306263 1582.77429193258 235.312557399273 1080.29604411125 294.549408614635 144.295772314072 41.4200559556484 4.15572905540466 273.210737198591 54.2939510345459 210.451902747154 87.54593282938 25.5362512171268 3.87565076351166 0 5.78426441550255 33.3541197478771 98.6399054527283 0.930127024650574 0 4.70835077762604 89.1081913411617 14.3183591663837 39.5102880597115 5.62768319249153 5.47064679861069 0.825720906257629 2.33940759301186 24.7251924574375 0.383096098899841 905.729857027531 12.7289848923683 1.37311547994614 5.84230172634125 0 864.863474845886 388.74150839448 876.66923481226 187.899604141712 2.03057301044464 30.0334174633026 623.038282364607 176.474573582411 32.9900481700897 111.536358356476 0 0 12.4297654032707 130.931431651115 34.6250306069851
108.978854566813 419.021882861853 3833.18924224377 0 1.08743470907211 52.8317488133907 215.693658381701 278.052860081196 71.087111800909 29.0620994865894 990.858673632145 2.78281697630882 71.7633507847786 342.548627227545 4.7275857925415 238.286248624325 0 426.384088903666 7336.2128714025 1.03651654720306 2381.88067755103 249.365722447634 8804.67492464185 154.921121686697 61.9126110672951 6501.50209271908 4928.27595537901 408.379892528057 512.20076328516 2176.08079785109 34.6046673357487 16.3707273006439 51.873918235302 2927.38499563932 12.3159218430519 846.782616794109 591.792226403952 2286.57388502359 373.193043857813 81.4239056408405 25.6902451217175 4.23864009976387 32.3568266928196 33.5807241797447 60.3040198385715 21.3149276375771 8.03522688150406 0 0 1.91001343727112 161.297416448593 178.494884103537 0.57637232542038 0 0.372685492038727 8.74197506904602 4.57988721132278 8.94900798797607 0.791053116321564 6.3593088388443 0.352085262537003 9.19769418239594 6.19349330663681 0 26.9574345350266 78.4125964641571 6.16686487197876 41.6025887727737 0 20.561405479908 22.7248304784298 67.0864423215389 8.31122517585754 25.3051556348801 261.612201631069 529.958174973726 17.530421435833 4.33605003356934 15.9206231534481 1.66525959968567 0 0 35.7766212821007 2.82601875066757
4.46261781454086 59.2897808849812 79.6527125537395 0 1.77473932504654 12.4535999298096 7.8775243461132 11.5102737247944 18.499208599329 5.19376906752586 9638.39922517538 0 510.699934273958 16.4834751784801 0 8.30609601736069 426.384088903666 0 5102.43068104982 0 28.0027215480804 25.22794470191 58.7263644635677 6.20143380761147 289.720499366522 6460.72414234281 1035.56563693285 9.98625907301903 17.6187289655209 34.4312446415424 199.268861144781 2.49822342395782 5.12176311016083 593.312570899725 1.06930553913116 113.093789637089 482.202488720417 659.586715459824 87.4634120166302 2.80830729007721 2.12363737821579 15.9544959068298 1.99631875753403 2.40962812304497 5.53585347533226 0 1.11481690406799 0 0 0 8.60694822669029 8.12489956617355 0 0 0 0.384127378463745 0 0 0 23.3308734297752 0 54.6013302206993 0 0 0 1.33700650930405 16.8031932413578 9.12250462174416 0 0.772530436515808 0.553035855293274 5.3943578004837 0 27.0597569644451 77.4766098856926 79.901758313179 0.86532860994339 0 0.899081766605377 6.48503410816193 0 0 2.34641712903976 1.98951897025108
19.5957625210285 166.632323652506 544.400432765484 0.440479576587677 0.865230441093445 12.5843397676945 44.7515873908997 65.2633880972862 34.59318831563 10.7046879827976 4913.25033780932 1.68219065666199 258.064689427614 75.0580535531044 0.347326159477234 37.7746974825859 7336.2128714025 5102.43068104982 0 0 179.92335626483 77.2067033052444 572.120050609112 42.8177012503147 327.174542039633 9344.64248606563 2762.23587983847 46.4801668822765 108.448968231678 326.479039728642 109.951230078936 11.1784629225731 12.4551184177399 1570.06740260124 5.33334067463875 385.945836991072 451.115016251802 1239.67659789324 182.534691214561 28.3715086579323 7.74951049685478 11.9982306361198 6.96189022064209 7.25006836652756 26.704697817564 2.23457449674606 0 0 0 1.66512328386307 52.512030094862 31.6015977263451 0 0 0 1.76132100820541 0 1.00975382328033 0 21.2003030776978 0 50.8736709058285 2.32789641618729 0 3.70691353082657 13.8521046638489 24.9034054577351 48.9028643369675 0 2.930618673563 4.65706166625023 14.3741198182106 6.02843731641769 52.3411270976067 191.977973848581 275.537412166595 1.86527043581009 0 2.25580829381943 6.07641631364822 0 0 8.83104580640793 2.70433628559113
17.5738018751144 1.8592649102211 4.37784540653229 25954.1124845445 8.29462912678719 652.189126878977 96.0680396556854 197.409357011318 285.705202311277 10761.0074132085 10.4522693157196 27418.7792915106 0 96.4512404501438 154.584885567427 2.40151262283325 1.03651654720306 0 0 0 3.90350222587585 4.53940084576607 6.54134792089462 2348.10345777869 0 2.14981916546822 9.39629563689232 3649.07785069942 87.4830709695816 7.16456285119057 0 7.38850125670433 12.0749265253544 58.0549234449863 150.40357118845 83.8038963675499 1.46683633327484 35.8841135501862 9.60079234838486 388.732947140932 20.3213811814785 0 2.16190719604492 0 3.20926168560982 0.663667440414429 53.6759954094887 1.62082785367966 0 0 0 0 133.536107122898 0.712415814399719 23.6773802042007 51.4476389884949 8.39302963018417 50.4538574516773 93.5938479304314 0 60.0061728358269 0 6.34426659345627 27.5822106599808 0 0 0 0 7.0747441649437 0 1.78484046459198 1.82681167125702 90.4421907067299 0 0 1.6039080619812 98.3467584550381 2.46714812517166 0 0 0 0 1.62501400709152 0
220.816130548716 64.7131077945232 2189.28745308518 5.77133890986443 1.45876586437225 152.102027714252 1576.3669731617 600.571190565825 150.819918483496 187.626143097878 75.3114992380142 7.76484861969948 26.5876483023167 613.344584554434 4.42797860503197 8994.17011648417 2381.88067755103 28.0027215480804 179.92335626483 3.90350222587585 0 962.57902610302 27522.1317282319 2209.85953703523 13.2425121366978 904.08586204052 1557.42816674709 11270.7279668748 687.87596476078 16897.5882906616 1.83675307035446 9.10164028406143 143.710482597351 4089.30681234598 129.265379369259 3785.07122132182 328.328883349895 3249.4006755352 699.213969558477 344.243489205837 123.215915113688 1.62477046251297 199.912269294262 18.3775859475136 135.218761950731 35.499263882637 27.2410753071308 5.43389987945557 0 13.718248039484 21.1412946581841 51.3947857916355 1.24778616428375 1.95869898796082 3.34212729334831 48.336941421032 15.026059448719 57.5564159750938 8.05662018060684 1.42567855119705 0.777873337268829 1.6827831864357 19.0870292782784 1.59196615219116 302.007650852203 14.6866071820259 0.646696090698242 6.33548253774643 0 276.722927749157 191.807355821133 377.849465966225 184.37455457449 3.26856929063797 16.8530115485191 233.463092595339 221.059929162264 48.5855457782745 130.442532807589 0 0 13.3571727871895 102.009104937315 52.6826283931732
18.2070633769035 2428.03137990832 275.574447244406 8.53184095025063 3.79128384590149 33.4719928056002 178.796354740858 35.5754551887512 5607.86685675383 41.8200213313103 66.6182310581207 50.5497943162918 276.671116471291 49.6907760202885 109.149347692728 2934.4262727499 249.365722447634 25.22794470191 77.2067033052444 4.53940084576607 962.57902610302 0 1542.42973953485 8719.93752530217 623.562449604273 519.045237600803 4613.60214966536 964.048857182264 100.418838858604 413.275491982698 16.2367812395096 2.46551942825317 29.2855159938335 330.396677523851 26.3406368196011 894.294986695051 231.092306107283 630.64561009407 210.181873440742 265.908663839102 28.4661749601364 22.2115903198719 57.2585589587688 9.56808346509933 36.4095678925514 12.8644950985909 9.26933619379997 3.63870131969452 0 1.4814600944519 36.5663272440434 45.8320549428463 2.84526610374451 0 6.26843222975731 26.8010922074318 6.8811477124691 23.2874133586884 11.3939405977726 0 5.36922904849052 7.1291643679142 9.50446292757988 3.16305422782898 74.6108658313751 6.30247414112091 0 5.07917249202728 2.5895369052887 52.0166382193565 57.3298890292645 107.918883502483 63.1780421733856 3.36109805107117 33.2271236181259 130.630010813475 71.9272428452969 19.7009279429913 21.6007219851017 0 0.757709175348282 4.85884973406792 18.7876136898994 13.0222087800503
341.922421127558 183.573232203722 12287.0598518252 13.4801027774811 7.16325137019157 309.630315154791 2155.03125727177 1154.21178901196 146.995125025511 295.815631061792 189.172176748514 10.4817633330822 41.4346295595169 1080.15309822559 12.2080689072609 13078.7531432211 8804.67492464185 58.7263644635677 572.120050609112 6.54134792089462 27522.1317282319 1542.42973953485 0 1036.38999563456 32.872665643692 3540.55895501375 12444.2147897184 6398.15616846085 837.303960263729 8627.70065557957 6.78085076808929 10.8023882806301 123.224030703306 4039.19964450598 150.495799362659 4599.25702321529 1453.95990329981 5817.43312320113 1302.85968616605 484.633701443672 141.468803942204 5.27145972847939 475.179338365793 181.096206516027 441.798976182938 185.950703591108 46.9074594676495 0.581284701824188 0 16.6398721337318 164.294627428055 525.874332427979 0 1.81486260890961 8.22781911492348 174.647764921188 28.1514951586723 44.2312327623367 17.354822576046 10.0576929748058 0.857364773750305 5.44238954782486 43.9772722125053 4.68820685148239 790.647814303637 77.6986300945282 7.45775493979454 26.0906344056129 0 285.708215147257 702.258126467466 1644.44242200255 169.71997615695 6.31618505716324 105.197219341993 2017.2266780436 214.513636857271 45.4354420602322 111.47777095437 1.05180343985558 1.09199047088623 7.82851803302765 182.509079575539 105.392835229635
329.325495839119 544.597885400057 257.88187405467 2368.39620766044 31.5618624091148 629.803865075111 4599.86787626147 754.741840839386 12449.3280419409 1848.53710526228 48.2259884178638 944.058634281158 70.2617361545563 727.676504462957 889.011496722698 2669.7760707438 154.921121686697 6.20143380761147 42.8177012503147 2348.10345777869 2209.85953703523 8719.93752530217 1036.38999563456 0 102.209959387779 274.461148172617 2464.69820660353 24510.7871562243 1312.52991068363 1687.17780134082 6.73390910029411 33.7854624986649 340.374333381653 819.583626776934 85.0907509624958 2286.19362309575 129.979887545109 940.928582519293 291.699542909861 1620.20300793648 178.551479876041 7.85368618369102 487.571757316589 15.5043888390064 257.961330831051 61.8748945891857 251.491388171911 48.5639667212963 0 100.319539159536 33.9493874311447 43.2035527229309 96.9872664213181 2.89585566520691 238.104109823704 881.298187613487 237.779424458742 501.512569248676 630.196434944868 4.2354271709919 128.319839894772 2.35387510061264 248.755972623825 67.8970514833927 238.431770980358 16.9644554555416 1.51248186826706 4.06754413247108 72.597227871418 225.051518172026 134.928755730391 189.714646905661 1783.655236274 3.57859793305397 26.5408452451229 168.850833684206 1937.21737411618 316.418639868498 217.99614277482 0.364238351583481 9.32476326823235 33.0078717768192 208.390826284885 45.7796168029308
1.22537639737129 2417.4946398735 50.061130553484 0 0.935065448284149 2.2987214922905 1.6072518825531 8.90910094976425 276.777947753668 2.96909779310226 1542.33639991283 1.63080996274948 10193.9702943861 6.04804039001465 1.31153416633606 23.572006881237 61.9126110672951 289.720499366522 327.174542039633 0 13.2425121366978 623.562449604273 32.872665643692 102.209959387779 0 1831.93335741758 6692.63281205297 10.2001547217369 1.36180576682091 16.3534714579582 266.427847772837 3.13132137060165 1.01884019374847 177.831554979086 0.420876622200012 77.2519299983978 2039.46544542909 404.938383132219 55.2001512050629 16.2528778910637 2.28641140460968 1463.87174493074 16.7332166433334 6.68381118774414 40.3440630435944 6.86533808708191 0 0 3.21311545372009 0.638079166412354 71.6870746016502 21.2714001238346 0 0 0 4.06299084424973 0 1.73303079605103 0 72.2709899842739 0 344.813967347145 0 0 1.49951711297035 8.56285008788109 90.205858707428 54.8404070138931 0 3.08150923252106 8.66719549894333 6.69630044698715 0 214.499740898609 442.793536514044 473.079370886087 0.764981925487518 0.893728494644165 5.50113064050674 34.2442294359207 0 0 6.44874691963196 2.82192981243134
124.42984098196 1417.31990781426 15374.8781827986 3.00729268789291 9.31842243671417 99.6722679883242 380.842248558998 451.29659190774 242.566724270582 70.5231715142727 16296.5191310942 9.48173066973686 7394.85764843225 447.024498686194 15.2056219875813 257.681014865637 6501.50209271908 6460.72414234281 9344.64248606563 2.14981916546822 904.08586204052 519.045237600803 3540.55895501375 274.461148172617 1831.93335741758 0 35093.0549517572 433.723997324705 373.274337351322 1183.36765271425 4187.32512244582 28.0363419055939 55.6581537127495 2925.86917999387 29.6942234039307 2088.6181242764 2644.1211989522 3958.32955726981 925.758097201586 139.643318772316 36.3900419473648 65.5767430067062 133.707743763924 99.8062311112881 229.041977792978 44.2223345041275 6.50276029109955 1.31278371810913 2.89323914051056 2.0275365114212 445.917064607143 345.570486843586 0 0 4.25957551598549 15.9911131262779 2.34275680780411 22.4830332696438 2.03394651412964 143.483072936535 0 421.233438432217 5.90773990750313 0 18.3185069262981 128.989658892155 194.268732845783 281.764964193106 0 32.0470158457756 48.2000189125538 113.217945724726 18.95855230093 380.427025854588 1897.72477412224 2362.64765617251 25.4148212373257 4.85914725065231 20.1858861148357 43.0420451164246 1.23265242576599 0 78.134035795927 24.9757375717163
52.1432739794254 6331.45688426495 11443.7964581549 6.02128177881241 8.90761256217957 60.7171775251627 462.567374318838 212.38051186502 1073.4871224463 95.9798623621464 3015.56201800704 14.1923487186432 7303.90435999632 207.915066629648 48.6573494970798 8297.86301872134 4928.27595537901 1035.56563693285 2762.23587983847 9.39629563689232 1557.42816674709 4613.60214966536 12444.2147897184 2464.69820660353 6692.63281205297 35093.0549517572 0 1705.11744442582 235.606893241405 692.406859636307 2632.6755720675 25.1098666191101 37.8560831546783 3430.02740031481 73.6675025522709 4947.14869201183 3661.25839591026 6848.83934611082 1935.42207637429 354.379778116941 59.3280790150166 98.0847904980183 493.183054149151 272.445744842291 663.198627591133 186.770011544228 42.2145680189133 5.61188322305679 7.90275120735168 10.8879059255123 1149.74359416962 1657.28651341796 0 0 2.88447448611259 106.168730229139 21.7443508207798 61.600750297308 14.1319516003132 163.748051524162 3.11094677448273 416.406346350908 27.2484973967075 3.89973747730255 270.698243558407 431.770505279303 220.999977886677 426.937586039305 0.866781711578369 123.20955747366 530.163816273212 991.688497453928 73.2265120446682 345.058541983366 2309.22513371706 5182.22323170304 115.973557204008 22.4024108350277 92.1735183596611 40.7797457873821 0.300088286399841 2.9368269443512 245.796147197485 63.770781993866
508.37685072422 77.3894109427929 1192.89661228657 12160.4362950623 19.1466772556305 1342.00585095584 22616.6275478005 1708.53131270409 2715.01611450315 10545.4485729635 35.1308580636978 915.428352117538 30.839497178793 1526.42724692822 105.716603845358 2317.93437159061 408.379892528057 9.98625907301903 46.4801668822765 3649.07785069942 11270.7279668748 964.048857182264 6398.15616846085 24510.7871562243 10.2001547217369 433.723997324705 1705.11744442582 0 1879.44178506732 14338.7964551747 2.12306776642799 29.4225797057152 539.566932141781 2254.99475947022 143.317746579647 4361.19327735901 210.66508680582 2019.9095749855 486.034572184086 583.963188767433 276.88869535923 9.43542146682739 520.689820706844 22.9812783300877 289.561708509922 67.5736445486546 185.264304190874 57.3728967010975 1.15162575244904 99.9797093868256 20.2862618267536 49.6016324162483 88.4086905121803 2.68861520290375 155.837666362524 725.89168292284 213.16544058919 472.459401786327 475.042982310057 5.03337073326111 94.0989898741245 0.687388300895691 228.896624714136 48.2197232842445 322.694383919239 16.3828732967377 3.66226732730865 6.27037626504898 43.0060983896255 322.236671537161 154.853227972984 256.403957247734 1517.57934468985 1.1972781419754 14.6269627213478 206.071163594723 1946.28901728988 340.050418227911 256.914067864418 0 4.41939851641655 47.5998049378395 182.879376262426 72.4683943986893
15959.7059361637 9.15602871775627 345.544709354639 67.8830747306347 325.914136588573 1488.4198692888 3003.93277519941 2430.5981592834 497.058618485928 1363.88879652321 293.817724257708 163.942070633173 46.184814363718 11093.5423285067 56.2725847959518 73.7136423885822 512.20076328516 17.6187289655209 108.448968231678 87.4830709695816 687.87596476078 100.418838858604 837.303960263729 1312.52991068363 1.36180576682091 373.274337351322 235.606893241405 1879.44178506732 0 7605.74084880948 5.37831592559814 1852.25640150905 11331.4471713006 3752.97160637379 60.0315751731396 1632.69558432698 55.9719551205635 1824.21831816435 205.303610861301 600.079265266657 761.887627407908 16.436604321003 73.5981442928314 4.71951723098755 50.904446542263 8.753891736269 20.5724061131477 11.5523219108582 0 22.7409587800503 4.38900434970856 4.91892617940903 2.9421626329422 0 17.1787786185741 88.2709685266018 34.7411424815655 71.4590176939964 28.7020151615143 1.06969702243805 0.855509161949158 0.632924020290375 59.0494773685932 2.07827115058899 33.7671450972557 1.00335443019867 0 2.3195589184761 0.8734410405159 35.467446833849 13.3634404838085 13.9420901238918 207.176484882832 2.07163113355637 2.42511171102524 25.6923971474171 285.823680281639 55.6239802241325 43.9686858952045 0 0 4.64501842856407 28.9210741817951 16.7777541279793
3528.60704571009 45.9478289186954 1807.3543548584 17.7244500219822 11.8653617799282 307.260825544596 12150.7083172798 2056.91985219717 633.582242012024 427.155981212854 97.6640729308128 15.7174867093563 19.0764875710011 4072.12891231477 14.5716325938702 485.516643673182 2176.08079785109 34.4312446415424 326.479039728642 7.16456285119057 16897.5882906616 413.275491982698 8627.70065557957 1687.17780134082 16.3534714579582 1183.36765271425 692.406859636307 14338.7964551747 7605.74084880948 0 3.07563769817352 35.6662202775478 930.003208607435 5244.04185184836 93.7686752080917 3330.27787527442 175.646940529346 2988.04030263424 606.688246428967 304.250875264406 191.173472166061 2.83008223772049 182.813381165266 14.2729961276054 84.1664634048939 25.5626690685749 29.3129511475563 10.9025357961655 0.45097690820694 35.8295422792435 20.3875374794006 27.9838370978832 2.7626838684082 1.16330599784851 12.0217101871967 91.8690134584904 38.6944132447243 116.696353256702 24.9668237864971 0.840110301971436 0.759288430213928 5.38143861293793 75.0435773134232 1.81754767894745 147.103494226933 10.8378107845783 2.30742931365967 3.92764583230019 0.738420426845551 158.245573997498 77.2683210670948 109.996364086866 334.720022618771 1.44479554891586 15.7981069982052 98.6182305216789 420.198770701885 93.7691596448421 89.7961934506893 0 0.275945693254471 6.62458291649818 71.4638580679893 42.0588706731796
0 40.8578400313854 21.1952697038651 0 0 2.23451799154282 1.81924995779991 0.956394404172897 7.39836719632149 0 2231.59736683965 0 9534.7175796926 3.4311495423317 0 1.76877948641777 34.6046673357487 199.268861144781 109.951230078936 0 1.83675307035446 16.2367812395096 6.78085076808929 6.73390910029411 266.427847772837 4187.32512244582 2632.6755720675 2.12306776642799 5.37831592559814 3.07563769817352 0 1.92468863725662 0 77.6345907151699 0 23.50053358078 151.869170665741 119.049616903067 13.6286700367928 0 0 16.7458488345146 0.974296927452087 2.89794379472733 0.550465404987335 0 0 0 0 0 2.48329091072083 0 0 0 0 0 1.29415273666382 0.51435261964798 0 21.6912878453732 0 78.6615273058414 0.916721045970917 0 0 0 8.19270640611649 6.72648280858994 0 0.360326528549194 1.39745479822159 0.854185283184052 0 11.3430297970772 32.1224375069141 43.4015735089779 0 0 1.27754986286163 5.68986514210701 0 0 1.37214049696922 0
