0 137.813129879379 98.9798466559542 90.2123650794286 81.2035436970811 78.5076373618597 32.4453694483544 44.811870855716 78.0751508201845 83.3190091302532 105.497346348045 99.9327288945601 117.320310687684 17.9067873460877 75.8335219147184 109.35784726889 103.809341074161 142.5269658321 119.359024413255 97.9548730890333 83.0463888659018 96.895825598116 90.69485415562 81.0275147892534 137.809504029139 116.384700835703 129.390613760956 81.8714960728582 17.4931363670139 33.9396785372216 0 85.6488322857412 32.5671016731951 59.9383637266973 129.86223278461 71.0547453485582 111.297779544428 70.468431280746 74.8031869319712 64.3483931156728 61.3738222749487 112.913932800293 174.83090382647 161.416142835644 171.960584433406 158.112548828125 158.582195892453 177.407533535621 0 150.587810081359 136.723541259766 0 0 0 185.666133881675 149.078508522801 179.179353023813 93.7048810972162 167.667525059703 0 202.545333862305 0 172.573397514163 132.380462646484 136.952902514859 172.561630249023 0 192.622253417969 0 173.152952971882 93.094596862793 143.222314179352 132.029947265288 0 180.966201782227 169.661979736799 145.267393719712 174.01101248597 167.219537346994 0 0 164.297282609423 182.71117658162 206.201439884555
137.813129879379 0 46.068683305539 128.541854858398 136.308919987369 157.665278745749 127.729314900026 136.831724485243 67.7476655872248 165.860418755742 63.9754770183771 92.7040968349721 45.222479287431 150.603919667245 104.247037011069 62.3027462329579 57.6883612777615 71.8696404315102 63.7708197750453 145.485904686042 93.9676249639242 30.391837511328 74.8860559215719 77.8094291142057 22.5576973606895 49.4623580620217 35.5422943298984 103.717112132421 113.982221124652 99.5295584229875 70.0963101724383 99.6622695922852 109.814829128675 64.6970773450344 151.423930202965 77.3206642494743 52.9074384966703 61.1204425616014 64.8233004199317 92.0439537394904 67.9499130249023 43.7120438110882 101.038345222598 73.5992097880379 91.7189710024595 102.131380484139 0 0 0 0 24.96202224099 85.8239475037145 171.17756652832 0 200.072265625 152.472030639648 151.031719513135 75.6126704346988 164.41957792546 86.7253874300465 125.013557434082 86.3307044501055 171.26216087294 0 155.808766255409 94.9678045392838 101.931306698577 90.9130384562135 0 137.526109743617 66.117066401153 120.123242009201 0 56.9858051794237 77.7595233826189 71.1425488049561 156.970791273012 165.161651611328 174.404391065985 121.169982414453 0 0 92.9403171890795 124.260249199185
98.9798466559542 46.068683305539 0 145.71122273527 137.423953935421 123.591527173038 95.3981135454571 117.450634004193 101.778859906547 115.862037254147 81.272490077449 140.950865061386 93.117202229831 112.947863485004 127.201951340054 79.8057334538505 41.7870590947853 85.8607761074936 61.9278629801365 158.954127698993 62.1764844008493 64.858050421737 35.5338025614675 101.017534573868 75.1494079823509 30.457354727344 38.5878812865917 83.8071562050845 109.384216059123 73.8986610246428 97.5234197205943 149.156520018163 107.07376260681 62.2213934904935 134.447450611066 71.8629593772591 49.7038514058508 57.8768007661324 61.3768499620094 88.9425419398469 108.773805637375 81.7965637842033 128.936721451299 100.788487396805 111.992522490787 120.095183915835 135.220976512027 128.257049626216 137.423782348633 180.982526620222 57.1343863229234 98.2211846676997 197.988586425781 0 194.151514250656 169.932980792973 182.127091437478 107.082712676856 205.338496134408 138.903962635636 0 123.597703927461 196.023348357839 207.772613525391 121.494472648068 107.852825099935 133.198409432246 114.653298152338 0 138.602953495115 73.3369764622717 118.567700570909 155.827422157524 95.6347493618004 103.757469910697 96.5166089498271 164.259548254502 171.264727166303 151.250912584635 143.940421097042 0 193.452894511794 123.674016745608 160.177171128867
90.2123650794286 128.541854858398 145.71122273527 0 100.60237384789 67.3549386843887 64.6598006833001 101.069727048287 63.2599023652228 18.0494173730485 158.788879394531 31.9712121562181 172.317656979733 111.400217220479 75.5873874403283 114.47841237222 0 0 175.935287475586 9.97473399294028 116.801682565302 100.415945844073 117.285966241125 24.0207559961727 0 167.185181245004 131.271453132095 17.8460142109673 112.031085331649 103.001139624402 0 155.803299680415 112.512369837418 108.415660975261 46.318656075306 110.877213202299 143.285605661257 110.214432477191 106.224194115282 74.3432112312038 113.256271309984 0 154.789809288828 0 196.971805755318 0 106.00891829832 181.171997070312 0 134.631164550781 0 199.824417114258 26.3268101535274 0 165.278589366524 141.207487145871 174.178430565195 85.3976456137132 147.585032833019 223.841537475586 72.8695755614784 0 184.776102546374 109.173982646589 0 0 0 0 118.474882045984 164.725845336914 171.858062744141 185.251289739888 122.778102436637 0 0 172.698849605722 142.632819470251 186.746484097369 151.370513916016 0 219.317611694336 0 181.81542473347 0
81.2035436970811 136.308919987369 137.423953935421 100.60237384789 0 11.2023033835615 109.523661187016 31.367598107095 58.3822253729996 111.131455647275 54.7036746373008 62.0578266969576 61.100216168615 45.493937702906 14.4265549472148 133.81068054051 181.067994477432 95.0653767873663 99.3600769042969 84.9640990644232 154.858467298091 105.512232167896 136.324975883225 91.1709293440205 70.1735153198242 114.39822813585 118.245461516782 127.846206442122 29.4258155695446 124.164442460716 0 12.7941428924617 62.338928674885 15.8110751451614 49.7564431624032 70.2638531664819 55.7365231196339 36.8280458788199 41.0339038870804 11.8266512924208 10.4432985569627 47.0686238619185 39.5813889023665 67.5680847167969 79.702908238597 46.1900675124072 41.8916206059945 63.5312843322754 0 0 0 0 0 30.8696613311768 231.815159050101 202.448435188385 243.176727294922 117.060630636691 177.927841186523 0 0 0 224.815399169922 0 0 0 0 0 0 0 0 124.689834594727 158.558157002759 0 0 0 166.280444005256 235.631820678711 0 0 0 0 203.299880981445 71.7520411695855
78.5076373618597 157.665278745749 123.591527173038 67.3549386843887 11.2023033835615 0 57.0682065223297 26.7403577092118 74.2454489197671 33.1987501767525 67.8892340058122 35.5048446329533 66.9378643145875 47.722297043308 13.9529036069648 119.653793589676 135.180838912814 107.223345973202 141.345782102426 50.00648260286 110.075424388365 115.391700537855 115.172420444513 79.0947658516942 119.37943588574 137.224469348417 137.87345151313 75.3642798733694 46.4211879932284 95.0199200430883 158.421409738495 17.4752420979523 100.737219267966 35.6225112965592 16.3594720761181 82.4538250236641 85.6406446417418 58.8490360520375 60.332784547104 20.3360127707497 23.0963705164467 57.676978973326 180.912654935698 224.097885131836 199.937625463004 183.480109404678 119.403246406617 218.319594796905 0 166.873937034036 174.271633155529 179.313910045901 154.365704033061 150.348480224609 173.203878305706 151.27629994439 194.206072857969 94.7260011984582 161.626566179981 234.15071105957 115.425467600164 0 175.751535898358 111.655748924085 165.809493209275 0 0 0 159.638239861551 191.058643419446 145.197842612854 185.527275454494 137.136438732167 99.0740203857422 206.245771390048 184.933669996425 152.596139810043 189.935827976206 161.184488364823 0 241.235441563753 197.74346691807 184.338882166852 142.369453266969
32.4453694483544 127.729314900026 95.3981135454571 64.6598006833001 109.523661187016 57.0682065223297 0 59.4141843310837 59.4061691219481 25.6907319479996 142.09588436249 70.3982480376894 140.407834976747 43.7866655359082 85.4602021488618 91.1223553929359 113.794709473827 166.233939855133 136.579287353713 78.016752730455 71.8359020015903 84.6291402157777 83.8817920176905 52.7376634446871 139.011853659668 119.992842545947 111.398267445939 39.4158823734004 63.979433240319 31.757648065755 170.967808118012 125.801243006843 68.8209342423363 86.276680084344 100.494702882246 85.2934733491194 105.531803025651 89.7055687240013 90.3760676253203 83.2182793045119 94.0482342625819 135.878745711269 159.210353283309 155.030217843076 157.627136760814 161.303006649553 133.658582789359 175.554597192339 188.379978022582 141.732766628815 136.035087410228 162.267370519797 147.026102566998 208.506861774996 156.481686122355 131.111610690078 164.444261754991 85.2561865650296 143.349458154335 192.915502222939 123.381243000469 0 166.384428965205 121.947484608941 140.78244405873 185.266753387105 0 223.027385047938 160.957908451698 143.127272168491 114.354596576496 159.175299530065 116.194644872152 164.411590576172 180.939069672282 156.06457526213 128.017222598675 161.475483261597 148.732262699974 0 193.116051196997 141.812984880805 159.44421773941 175.643754663054
44.811870855716 136.831724485243 117.450634004193 101.069727048287 31.367598107095 26.7403577092118 59.4141843310837 0 93.8305342484919 39.0968595227653 81.4706095637369 75.7756476948105 86.6801615499375 22.200617952203 45.292855190895 132.620062551509 126.153025982848 138.332614416183 141.760317441958 89.2080116420955 100.844929545805 116.82884424114 109.217906979673 95.8284706504599 121.841600843723 134.229125443894 141.903587190539 91.6980033538544 48.8001113473598 76.3614691333026 174.465746578882 25.8234635522199 78.8835138308383 52.734741630118 47.3082269755036 81.9185379539955 106.200166354687 70.6672265751794 76.0697437638827 36.5781070130323 40.393319168463 62.893785883667 186.010817623449 187.89782351944 206.036491422819 186.345267034357 165.786759260661 180.388469108558 0 176.207814823044 157.342371691306 191.383779405069 165.060906695279 0 182.963508928834 162.418905019271 197.494320060208 105.845422949582 174.335028979631 219.340438842773 163.57738213243 0 202.529885132686 126.05243758583 166.411696787749 245.635284423828 0 159.524719238281 188.169338743263 170.339156059407 152.573307336268 183.995205750753 149.45457379628 0 206.383163862783 183.805626260295 160.929639643617 191.084903922144 173.56018971174 0 0 168.942152286542 186.836281032241 148.101705869995
78.0751508201845 67.7476655872248 101.778859906547 63.2599023652228 58.3822253729996 74.2454489197671 59.4061691219481 93.8305342484919 0 72.4315290356111 133.064154456622 20.9962483898605 116.718449343184 97.399847625725 27.1443126325333 67.0964791165068 118.597946700568 134.595234725584 130.470389389593 54.0149476200062 74.6731426217507 26.641516412491 89.4841042437006 25.6142494651937 95.6061013152419 121.231886808943 93.5491267682143 56.1776566649347 86.8715328385597 67.3703262075073 132.865948063152 128.300052001431 75.1846697401938 84.3274457659022 128.306696259658 75.4718125171507 103.026340799463 96.9828178097731 94.6123008843662 23.5185916805695 97.2806215428958 116.258220173224 95.3982828326327 106.14874193435 115.490772955173 113.486491445113 55.235343673424 137.697986172289 159.919006347656 110.25532146076 102.846910830259 121.575169132685 88.4734969866813 94.3451425100922 104.216312784511 82.8394762797605 121.864921995271 23.4867386473368 90.5979523526823 148.015502929688 51.9795827517632 141.431270503437 125.028458144881 57.7919503570913 78.9359321985967 143.823083274235 148.019927978516 143.836458597906 89.9607025128157 86.4576296367707 58.2286150765394 113.550703804432 54.9674093160204 122.987239023874 139.110244366205 135.445948986354 82.6121355988956 114.291688747189 99.2473138964561 0 146.890276811552 90.9066718990417 93.944151757377 156.301984110386
83.3190091302532 165.860418755742 115.862037254147 18.0494173730485 111.131455647275 33.1987501767525 25.6907319479996 39.0968595227653 72.4315290356111 0 144.053404172925 18.962832229436 153.614998910591 62.8826013994771 63.0618692979167 120.09581449504 145.139022824742 186.276827838332 170.432346621857 15.6293100806644 102.831854893505 104.939354398232 111.330416409612 60.9336262722558 169.473401640333 149.917597807452 138.38758358399 35.386898202705 100.198252918052 86.0612762027682 0 132.889552027971 94.265154891277 101.161517214931 25.1971662012476 101.262716250501 131.736123242104 99.1783312085317 104.708234889008 80.8394252351898 103.889728260846 142.841743729941 171.700029258279 157.908441469854 176.907527448207 203.315960120725 122.660581863339 200.108902221957 0 173.870749966042 219.948639881431 184.05772358974 139.271375204808 146.416717529297 168.268217754051 142.762071793437 180.765507947769 95.4740639123504 141.765705380522 237.929504051668 133.567527871877 213.211563110352 184.956863718157 127.701620935665 174.01146419366 0 228.841217041016 209.018453726113 163.864203577357 175.175194810941 148.457869919371 168.505373137678 128.461445683186 0 211.733285429455 173.081777257474 148.142991939688 186.555242530335 148.639427162108 0 0 154.835333373581 194.142011090763 168.711329037149
105.497346348045 63.9754770183771 81.272490077449 158.788879394531 54.7036746373008 67.8892340058122 142.09588436249 81.4706095637369 133.064154456622 144.053404172925 0 144.483368019941 19.4427056657941 79.3191616756704 119.031129941656 134.024043419721 52.1017107720749 21.6072454576698 27.4336878040735 149.266348255468 99.8962678121842 100.194112440373 93.2225182345171 148.273086748787 30.9087901928665 21.4575179888172 55.9817605266927 147.063792126654 74.9214876459153 114.814344968105 21.7799910596907 64.805429998376 118.909240864229 23.9834798856861 112.736578765272 79.3235683320252 25.211120970702 25.9127174788294 55.8674629958125 79.1688381009418 56.4084353396937 13.1165536389526 154.400810319721 122.872411859198 139.520609794941 133.069063148353 0 0 0 216.042633056641 88.6662493055082 151.617192708904 0 0 0 223.289461791198 0 131.6201663859 212.687103271484 89.782030976403 0 79.718258657348 211.877928971422 0 242.698760986328 141.345208530311 108.275104894144 117.150557487646 0 155.838678384508 84.1982612619831 166.330869829231 205.444299308998 70.1566749257341 108.184111563869 107.655091283814 226.754605253958 238.216688761418 211.115479466221 111.612766111411 0 0 122.627550604997 106.553075252213
99.9327288945601 92.7040968349721 140.950865061386 31.9712121562181 62.0578266969576 35.5048446329533 70.3982480376894 75.7756476948105 20.9962483898605 18.962832229436 144.483368019941 0 135.469166165276 97.3117125896947 22.9776721721644 106.36570250267 139.353680343149 0 164.668426513672 11.470275918004 100.134956235774 66.6202583548004 131.10855691568 32.2588630261172 123.229252260364 149.929935111217 132.073085792481 54.2660656456271 107.913247188636 115.584480729928 0 110.381624806079 110.563433124068 103.237103672733 16.4610209739725 94.5703115059575 130.957185028819 98.8825864000043 110.34758621445 23.0729906771007 101.411974697622 143.577377319336 74.1642087555881 0 160.344697184415 168.677575779767 71.5609683021621 140.838195800781 0 0 0 0 106.661405676444 103.315398135872 107.827461495209 116.548161697634 154.284531742844 49.9759718939011 103.604240126062 0 20.010716993449 0 177.850635659059 78.7914682811763 163.514724731445 200.729034423828 0 0 63.8896774501629 190.153198242188 100.061544898809 211.874053955078 82.4536896729125 0 0 204.717698760493 116.651637084562 196.599248862874 180.98825089271 0 0 0 181.394064767326 112.191995583936
117.320310687684 45.222479287431 93.117202229831 172.317656979733 61.100216168615 66.9378643145875 140.407834976747 86.6801615499375 116.718449343184 153.614998910591 19.4427056657941 135.469166165276 0 87.3227084881897 119.09029237964 120.036126377695 86.0241529390035 47.5992182085495 61.2244111269753 0 120.110630147446 81.7537571002608 117.807942110786 131.479726781733 18.2535900877436 20.7181208601423 32.1045309114153 138.293136720888 78.9689407635681 121.364366890872 8.74562422592334 66.587574347332 97.0463737172143 25.2280738013872 74.192146639363 28.5151368968298 21.5348517294369 31.284214777963 15.1843435470582 43.3394057333961 12.2635798711953 12.8056503798153 89.1848559806357 101.993471310091 110.317610808879 78.3713400049323 0 36.4998016181288 100.957979582608 173.709104007516 65.2019375931117 144.237430067742 0 0 0 204.673286544862 0 136.095539342488 0 78.7068219622924 0 66.2337721693469 0 0 197.704376220703 115.81975358819 88.3127324358824 98.6547926929836 0 172.42729755355 78.8460693359375 161.022540847391 160.150334468453 51.783305128194 89.6797216439778 90.908966664505 170.964706420898 224.295822143555 203.205380890805 89.1613627361601 0 232.822738647461 114.432873179622 80.4376203830285
17.9067873460877 150.603919667245 112.947863485004 111.400217220479 45.493937702906 47.722297043308 43.7866655359082 22.200617952203 97.399847625725 62.8826013994771 79.3191616756704 97.3117125896947 87.3227084881897 0 60.0130366263188 126.283641883815 118.965443533134 132.785991225047 131.914308807065 102.677524629612 96.8332383568306 121.096925501376 105.292833552079 97.6978521491828 145.900924212391 131.205307152316 136.720931840271 93.6789168218384 29.2500611972584 63.8060667021187 135.773975037199 30.0330791800128 53.4878931824297 52.3234176001844 101.397624886061 73.0493146440842 97.8641321116717 61.1977384592709 74.141218595335 48.9495040852095 52.0380236606212 68.2062279053966 179.099098165907 183.007270386952 186.338650131283 184.887281484318 177.528186166956 197.676053176224 99.5960464477539 180.231115401893 167.357366276777 188.701241327971 194.176581371393 0 194.680742453363 168.053738709168 201.036580488299 111.285749150354 188.748375452376 196.408279418945 194.095779418945 0 189.966573202621 179.397386198107 160.963403466115 197.054414156036 0 213.557830810547 189.610158204049 168.336847086836 144.441115042181 187.140986782451 151.665453975427 0 215.9746616909 183.942590560378 165.528956348676 182.141411013925 170.997737073576 0 218.363067626953 187.845153808594 196.136074725448 140.23957314035
75.8335219147184 104.247037011069 127.201951340054 75.5873874403283 14.4265549472148 13.9529036069648 85.4602021488618 45.292855190895 27.1443126325333 63.0618692979167 119.031129941656 22.9776721721644 119.09029237964 60.0130366263188 0 114.781404036137 148.879394864178 0 164.104598999023 49.4112637331229 116.058447875024 73.7108678788133 143.424876226267 42.4491254114438 140.269256591797 149.605903417311 121.720766686525 84.386720920416 65.9777831073183 108.423565781515 0 40.7523265514137 100.19315971709 47.4654468036423 47.3860870854913 79.2472926218076 89.8010133518813 93.082959775949 71.9247802764593 10.8766128613692 31.4879030609345 95.9195637748701 98.2637270022011 72.0209087902864 201.15087890625 59.2350407109927 69.9046815793814 88.7347587684916 0 0 135.631317138672 0 104.976583233086 31.8586368353475 138.311265532873 125.005427611691 142.896847927495 60.3404867765175 120.238031464013 0 91.1238700196923 0 183.479977437673 71.1822580042186 128.78532409668 0 0 0 129.185168210496 118.241804939945 198.362228393555 0 91.9206926081202 0 0 150.635197927406 113.062059106301 143.439444207412 136.86946105957 0 235.838485717773 0 111.96820797451 71.3904333469436
109.35784726889 62.3027462329579 79.8057334538505 114.47841237222 133.81068054051 119.653793589676 91.1223553929359 132.620062551509 67.0964791165068 120.09581449504 134.024043419721 106.36570250267 120.036126377695 126.283641883815 114.781404036137 0 96.2567068920946 135.855840896005 117.439100079207 80.5024616525574 19.4369561611238 35.7173568034562 20.40490541743 35.8599527274573 101.648994600594 102.742099952758 31.8157040490607 40.7319389872919 100.085967006924 78.0914306268983 143.852926948068 148.858749389648 84.2081298491289 76.0058800054113 139.588513348106 77.2639889763111 65.2894871258994 76.0665021612491 81.5322370454445 88.624349212328 93.0729621710728 110.84591149586 114.970024814043 98.4177691173339 117.60501458938 115.162184646751 120.865847133919 140.842100736864 0 151.503370786792 92.7708936131324 112.057979911599 187.949768066406 0 163.720779770324 139.085501079231 161.546985522144 78.0348621002454 153.968204212808 158.47967707881 180.558715820312 159.192213439344 159.428554138587 166.814544677734 58.3098636161042 139.008454724842 180.012173390747 173.950241647 0 34.4387991464557 62.1172529374628 104.665231173344 63.8596622921692 146.800765309927 156.58235587375 101.787414111516 91.0854527538419 144.392680853306 110.029914738169 0 0 123.311217453772 110.249049027389 162.829511832488
103.809341074161 57.6883612777615 41.7870590947853 0 181.067994477432 135.180838912814 113.794709473827 126.153025982848 118.597946700568 145.139022824742 52.1017107720749 139.353680343149 86.0241529390035 118.965443533134 148.879394864178 96.2567068920946 0 57.7026577930286 23.0798222201963 154.639068603516 48.4387391350785 78.3718816997505 29.2276779820785 119.660161369489 71.3517583888783 36.9756108307472 65.5071502004027 105.523852009588 103.299667681889 67.7632979829135 84.6492665966481 112.507884201749 103.160478819374 37.8973939563197 139.872986216966 77.6069142788751 49.0745441598575 49.7202664252276 61.0053416049444 98.8509143556921 112.68868698487 65.6987502295253 149.082813790203 116.283192733188 126.707581682458 132.196336944813 157.61548545948 0 0 186.485028396628 65.6034159000624 113.321590190283 232.557922363281 0 206.673477172852 197.904460777158 194.155413839455 109.190302718754 199.978790283203 133.760865904402 217.953094482422 118.325623340549 207.322938630245 0 135.781418831524 117.425432578932 121.389087685911 115.398820834767 0 154.612434973652 89.9877210613835 139.655848646901 162.253468403838 97.5766597025031 109.884543569647 110.684536892885 182.146521352824 197.848518231176 166.661794844803 129.806319711941 0 0 139.686146783709 160.118464468557
142.5269658321 71.8696404315102 85.8607761074936 0 95.0653767873663 107.223345973202 166.233939855133 138.332614416183 134.595234725584 186.276827838332 21.6072454576698 0 47.5992182085495 132.785991225047 0 135.855840896005 57.7026577930286 0 17.8140953434888 0 101.06972936514 100.358985632277 100.569807933502 160.620749284056 45.0860404575204 27.1595386451462 61.7708777143248 158.853388929121 134.919764008484 122.323548327979 49.9469987651244 133.681209860119 135.12821265511 54.2616328275068 102.954055786133 86.7569168364057 49.8300458677396 56.386532644784 71.3987692257524 99.3226945919036 169.578519038432 63.4276159544493 187.951851979515 125.329969055703 123.102369792905 0 205.095169067383 0 0 0 99.0629331327915 159.335410303396 0 0 0 219.913726806641 0 0 0 96.0698664872535 0 87.1917267023084 0 0 0 140.138247681718 112.305870599689 120.879849930578 0 178.339370727539 114.903457641602 173.665086747307 0 78.1475014596893 111.368713250914 111.061659923947 212.326748029153 0 208.165756225586 104.367211025736 0 0 142.973240764861 186.071762485199
119.359024413255 63.7708197750453 61.9278629801365 175.935287475586 99.3600769042969 141.345782102426 136.579287353713 141.760317441958 130.470389389593 170.432346621857 27.4336878040735 164.668426513672 61.2244111269753 131.914308807065 164.104598999023 117.439100079207 23.0798222201963 17.8140953434888 0 0 84.2977061802159 93.9130685060252 74.6469907160865 136.883703510577 49.8806941141134 34.3113919852666 64.284910835069 131.017086968312 116.999098122367 91.4452572330342 63.5711928381859 87.8115130782694 121.580818130756 43.0856197940717 146.089634570893 83.5465703516287 54.8683945296179 54.0837900529913 65.9237541698277 108.249179958044 103.727546168792 69.3775527801158 158.349292779585 122.265835848438 134.823762890951 147.00359649558 0 0 0 194.837207137913 74.8676370789412 127.721153949946 0 0 0 232.759141569207 0 119.41088104248 0 103.532804488187 0 94.98145636491 225.314362351406 0 193.631434599788 124.977446562198 108.523035127856 116.499540388636 0 177.67183780008 133.687122109968 151.569036217233 189.767144940421 75.3507352717487 108.548157539784 108.597690785884 218.565094452197 0 189.266662575408 106.629506042382 0 0 135.181912879873 146.494080637788
97.9548730890333 145.485904686042 158.954127698993 9.97473399294028 84.9640990644232 50.00648260286 78.016752730455 89.2080116420955 54.0149476200062 15.6293100806644 149.266348255468 11.470275918004 0 102.677524629612 49.4112637331229 80.5024616525574 154.639068603516 0 0 0 113.822385926446 90.289099842383 149.393507159449 19.5461318141231 0 163.303263343806 131.55259994937 33.0544607278096 106.734541595873 132.713585770281 0 137.0200234128 103.818843347686 106.326545293159 20.5226726961311 107.767570157169 177.986038208008 105.186485292061 114.918683777699 49.7513574792653 112.181222937287 0 191.637605861845 0 180.309635207485 226.151763916016 95.4573948077594 191.247172675941 0 0 0 0 26.7363621091932 108.542213439941 162.597929898726 140.7685584139 170.812524074037 72.4155134204569 147.029463827839 0 70.9179864658749 0 176.003526676379 104.241170336193 0 0 0 0 143.729556898631 0 110.500925482631 139.337585449219 118.673805026968 0 0 197.299682617188 141.394081355774 194.684333241658 0 0 0 0 183.987602000929 0
83.0463888659018 93.9676249639242 62.1764844008493 116.801682565302 154.858467298091 110.075424388365 71.8359020015903 100.844929545805 74.6731426217507 102.831854893505 99.8962678121842 100.134956235774 120.110630147446 96.8332383568306 116.058447875024 19.4369561611238 48.4387391350785 101.06972936514 84.2977061802159 113.822385926446 0 53.9652647839647 29.931226413904 32.9206393423864 129.801280891447 85.9852067199554 73.9731155815849 30.4124999520666 85.5157803044713 32.710967603529 126.975785482799 133.863929654867 78.1332575759212 40.9950830424188 134.713722489958 69.7454460005894 64.7266503237235 60.7686729814034 71.7436401783661 83.8059556265986 92.7908849558656 149.187340253 132.232480989437 122.747109026061 136.965476405656 149.510709365848 142.116723653651 147.862131598431 0 146.755223209863 105.338780477685 130.001918392239 229.226043701172 204.834067330536 189.852257386444 146.129949260355 170.512650914239 79.1798693033516 176.795007275028 201.552050158967 195.153747558594 231.694883954811 162.789591336174 123.185424804688 109.551083343856 152.525476024855 197.224212646484 173.196577092944 0 114.065072964352 71.8862398854272 116.920545271242 116.072651490107 163.928186596511 159.612269473143 124.490019097673 127.681510216029 147.419523810904 120.350452086292 0 0 137.319245251318 123.434695211598 150.533220772066
96.895825598116 30.391837511328 64.858050421737 100.415945844073 105.512232167896 115.391700537855 84.6291402157777 116.82884424114 26.641516412491 104.939354398232 100.194112440373 66.6202583548004 81.7537571002608 121.096925501376 73.7108678788133 35.7173568034562 78.3718816997505 100.358985632277 93.9130685060252 90.289099842383 53.9652647839647 0 53.7927178816884 32.6646389483591 60.5687772530648 84.7121146944748 44.8693389136584 56.417779461043 92.6601406319829 67.3672500524296 101.001077730885 127.911142648779 76.8928461420362 70.2813040571862 138.845933835859 70.2013880304078 60.4028145054022 67.9882436085501 74.1811524735157 68.7320309984652 85.1719627286538 81.4950505280282 110.889135654399 72.2687064533885 118.427227555291 133.718001460871 120.735355540684 97.2132085998628 0 119.755813598633 71.1475537916757 106.283531463042 135.115623544214 0 178.070017452787 133.930492110129 157.522140886386 61.2677487262915 151.256610709377 0 100.05560438179 112.761695638011 153.230781675402 63.5860221681316 71.0668033031828 133.151923085443 0 122.94758205494 114.928790828578 91.4788742560135 28.8466007842335 90.7985551385568 90.2198679167387 109.929103086472 122.368682161085 99.3772025996776 117.418212226768 155.991455262399 94.7046383336965 0 223.392421659384 124.273038646446 90.3668076900758 170.07922671755
90.69485415562 74.8860559215719 35.5338025614675 117.285966241125 136.324975883225 115.172420444513 83.8817920176905 109.217906979673 89.4841042437006 111.330416409612 93.2225182345171 131.10855691568 117.807942110786 105.292833552079 143.424876226267 20.40490541743 29.2276779820785 100.569807933502 74.6469907160865 149.393507159449 29.931226413904 53.7927178816884 0 71.4673757328228 98.3642563505784 65.7544795175501 42.8980833883047 57.0288318509566 98.7725092468809 52.6943511322162 107.331258888068 162.924095474928 90.7620819712165 48.1502740109924 137.962288814577 71.0667258840704 52.2311446927231 61.4486744433484 68.1310124103784 85.96097287861 92.3017868155061 121.403899754785 127.578642271826 104.054661207741 122.952894416726 123.747357507111 133.725428555336 183.882827758789 0 161.377816034458 77.1799097832413 109.565701047173 0 160.765655517578 192.902280761542 150.397521556623 176.340285495842 102.396507531601 173.470847009982 160.758790326539 133.022583007812 164.837289043387 168.9052943961 141.878995978719 101.018098957356 127.728685328768 175.052989386024 149.618466117821 0 124.331274474531 66.195604532678 111.682046980955 132.326804779595 107.86489628778 141.240343402479 103.973604611743 139.464339934228 156.524565054565 135.857296815583 194.253948812422 240.959182739258 133.229240269972 121.810941232626 150.730114215794
81.0275147892534 77.8094291142057 101.017534573868 24.0207559961727 91.1709293440205 79.0947658516942 52.7376634446871 95.8284706504599 25.6142494651937 60.9336262722558 148.273086748787 32.2588630261172 131.479726781733 97.6978521491828 42.4491254114438 35.8599527274573 119.660161369489 160.620749284056 136.883703510577 19.5461318141231 32.9206393423864 32.6646389483591 71.4673757328228 0 107.914988665103 124.69480027019 79.4805960644549 23.8403286952117 89.2941647539581 71.7603463623597 159.513876114107 136.970658175154 78.2662709150207 85.957487302049 142.528973941428 80.9960428215152 101.116841900095 90.5983950822466 94.0753782728641 47.9667472042022 98.8118563148074 125.102192407207 128.900515055145 145.055059407326 138.123096321114 146.18743452709 101.23868376742 153.618102686087 0 127.351888822674 128.242871832175 143.874689913472 120.72290976432 111.947729875334 137.261902705359 115.447721573911 146.365452265276 60.5984064492801 121.673125505754 192.622615466222 88.7238801036235 221.408359364257 146.211531101765 94.3063936077523 107.396797871364 156.446129247329 186.238120015121 174.1512573807 125.07765426346 115.837470705239 80.205821583842 126.100705125374 75.618867058845 162.587069023223 170.575954724558 136.523070068245 109.762375039381 141.38116066309 117.42301715525 235.190765380859 185.251638065218 126.609188119619 138.103068842063 172.852896783069
137.809504029139 22.5576973606895 75.1494079823509 0 70.1735153198242 119.37943588574 139.011853659668 121.841600843723 95.6061013152419 169.473401640333 30.9087901928665 123.229252260364 18.2535900877436 145.900924212391 140.269256591797 101.648994600594 71.3517583888783 45.0860404575204 49.8806941141134 0 129.801280891447 60.5687772530648 98.3642563505784 107.914988665103 0 42.4115041115583 25.1178298778688 135.374604204352 170.260151260401 126.183966892142 45.1847253900046 90.2724573497029 162.048613320254 55.7099723996206 103.728385925293 88.3706262051313 17.6400862078451 46.9169515602257 67.295297404721 123.638738530534 154.554485676382 15.3190297745682 123.277042396454 80.602751750631 84.1227348550152 107.026602659636 0 0 21.4566838644569 161.645095825195 41.2985703150937 99.0267370058305 0 0 0 174.628697579477 0 70.732002281408 0 65.1626161791678 0 51.7647686224302 0 0 164.642288225554 109.217309714224 69.8865551636024 76.1682753010146 0 131.233285412489 84.2426229920192 135.222571486159 0 29.5776462467572 70.5304611364801 69.6906847252943 218.794525146484 120.597778320312 139.854955766159 70.574366814686 0 0 68.2581268027334 145.908307855711
116.384700835703 49.4623580620217 30.457354727344 167.185181245004 114.39822813585 137.224469348417 119.992842545947 134.229125443894 121.231886808943 149.917597807452 21.4575179888172 149.929935111217 20.7181208601423 131.205307152316 149.605903417311 102.742099952758 36.9756108307472 27.1595386451462 34.3113919852666 163.303263343806 85.9852067199554 84.7121146944748 65.7544795175501 124.69480027019 42.4115041115583 0 33.0324854334424 115.9485960372 121.643350304668 90.7346146642942 19.4384593110248 116.368723894637 116.050674108997 58.3519963695284 147.503570323598 82.4733421087908 54.0905918985879 59.592326970762 67.3153017739927 103.151313002742 104.021313928275 65.4863358249254 138.92297611566 107.137686347692 115.009676827223 132.981272066457 160.24819350942 164.833969116211 108.580998717405 189.200288966159 63.3730637960546 110.373731440103 0 0 231.068175276424 191.188715045817 212.627490544047 133.582107518691 194.359137321117 99.4090562169403 0 85.176082033835 195.168748116227 0 152.627944941031 110.236557804654 103.605223183953 106.46397394654 0 173.856603060816 107.940816272167 142.092731073471 173.593985067008 71.1961335824201 97.1352145150165 98.162817749784 188.637866203793 175.799845704733 170.305209441703 103.977824361166 130.674514770508 0 119.645458787322 163.293818520924
129.390613760956 35.5422943298984 38.5878812865917 131.271453132095 118.245461516782 137.87345151313 111.398267445939 141.903587190539 93.5491267682143 138.38758358399 55.9817605266927 132.073085792481 32.1045309114153 136.720931840271 121.720766686525 31.8157040490607 65.5071502004027 61.7708777143248 64.284910835069 131.55259994937 73.9731155815849 44.8693389136584 42.8980833883047 79.4805960644549 25.1178298778688 33.0324854334424 0 82.027871016498 123.563966287574 102.531729253293 23.8472735002097 132.024608117094 125.093784580589 66.8078770825554 144.502811586814 81.7411721277737 59.2546369226175 65.0409457080309 71.8894913393771 95.5264115567123 104.044979814824 64.7232453107355 125.075297016048 99.2405272026051 109.119584929194 117.329617252963 138.630281891939 124.019592026483 118.708103726226 175.213513688952 54.6043034146589 96.4806302341764 0 0 199.461133049375 153.737562672829 184.482071114272 108.776321065615 171.804191147868 107.749869601779 150.91395120932 87.053333831836 182.373387795785 134.619795042744 104.336102777409 104.795296188222 102.933754284404 107.958234215563 188.448310542976 135.886440899376 62.187951642019 109.179627960702 149.227900779661 72.1410745765828 97.0995349295068 94.2609954469006 148.796345244323 187.559556350983 147.029184772431 113.250079732349 208.280746459961 153.275201117855 114.167268699671 157.298557428238
81.8714960728582 103.717112132421 83.8071562050845 17.8460142109673 127.846206442122 75.3642798733694 39.4158823734004 91.6980033538544 56.1776566649347 35.386898202705 147.063792126654 54.2660656456271 138.293136720888 93.6789168218384 84.386720920416 40.7319389872919 105.523852009588 158.853388929121 131.017086968312 33.0544607278096 30.4124999520666 56.417779461043 57.0288318509566 23.8403286952117 135.374604204352 115.9485960372 82.027871016498 0 91.2533716943605 43.2638281241743 176.353589016247 143.406918235456 77.2399931137721 72.608429408122 129.514898271029 79.6894855658132 84.7508311384226 83.8412211687445 90.5813950074781 88.6149619174123 102.38869635542 122.008787979337 138.155516602684 155.653736085907 143.076699077052 145.685772076892 127.576622990196 155.989693664701 168.66796875 138.191240008605 126.685723769683 156.118626590279 119.229402286587 182.384510005335 161.04720469519 130.447763459579 163.569794872039 77.3923834073137 147.427579288815 208.841545212346 122.057917614257 178.858215332031 153.929258026095 118.594179132695 113.003872095437 175.6886059403 201.165113649856 176.490282961012 147.95236056872 119.626350690527 94.9904778549108 133.768879438724 110.703353510568 178.084503173828 185.212528314129 142.622335044201 123.308723795383 148.856256971664 127.025808278695 0 199.083833113779 131.688895550943 138.701839202387 169.783638815413
17.4931363670139 113.982221124652 109.384216059123 112.031085331649 29.4258155695446 46.4211879932284 63.979433240319 48.8001113473598 86.8715328385597 100.198252918052 74.9214876459153 107.913247188636 78.9689407635681 29.2500611972584 65.9777831073183 100.085967006924 103.299667681889 134.919764008484 116.999098122367 106.734541595873 85.5157803044713 92.6601406319829 98.7725092468809 89.2941647539581 170.260151260401 121.643350304668 123.563966287574 91.2533716943605 0 40.9079268510117 106.484645555184 23.3993283405847 18.8240146043848 37.3263138555807 113.358508806021 62.8264513842638 92.3013866703359 50.9966536274706 63.745176575439 51.6897186860696 34.6427762281545 58.8738220773537 165.614697997267 159.704045862961 172.824282133196 144.315352691827 168.276681460113 183.414253628433 0 170.785086385493 127.030090013716 162.134020016983 170.572090657967 0 193.524772120649 161.968205911307 189.665019263768 104.608852942081 189.528144875558 208.852111816406 154.435974121094 145.586135864258 186.740009757027 199.950388573838 140.161553177428 210.594497680664 0 171.640919962023 211.433212280273 139.992167803106 147.4951453916 148.978812241745 139.964420913671 155.434310085017 184.716026127775 175.099067269055 153.332587375733 180.439598448546 153.498299768137 0 0 172.563085672047 170.589909699144 149.234184443307
33.9396785372216 99.5295584229875 73.8986610246428 103.001139624402 124.164442460716 95.0199200430883 31.757648065755 76.3614691333026 67.3703262075073 86.0612762027682 114.814344968105 115.584480729928 121.364366890872 63.8060667021187 108.423565781515 78.0914306268983 67.7632979829135 122.323548327979 91.4452572330342 132.713585770281 32.710967603529 67.3672500524296 52.6943511322162 71.7603463623597 126.183966892142 90.7346146642942 102.531729253293 43.2638281241743 40.9079268510117 0 133.144646232169 127.08173242501 50.4448385409967 39.0231045434275 126.82161576386 63.0132266650652 74.8447519579986 60.2630171397273 67.9841265267171 76.6380442368285 78.6345606468722 107.244507826048 139.394247791835 138.125363531456 153.979607374739 143.058827217394 149.836098239176 170.442035948929 193.393508911133 145.187526026855 119.548772828452 148.833169050907 221.341655340846 98.2520904541016 161.705311486704 147.242490780762 168.421220907219 80.5834537167151 170.524232728293 232.197815920688 177.022048950195 180.75375253049 166.093059198415 149.875089896804 117.988696324966 174.99856631673 184.906817506649 173.828260818607 176.838424682617 120.718106022074 84.4812072861218 133.295224974507 120.740314137954 145.951463388257 179.263432634539 147.195245133002 129.198047623877 158.980944589694 127.784301880925 0 220.424301147461 152.192436420911 139.564133725984 146.631615518277
0 70.0963101724383 97.5234197205943 0 0 158.421409738495 170.967808118012 174.465746578882 132.865948063152 0 21.7799910596907 0 8.74562422592334 135.773975037199 0 143.852926948068 84.6492665966481 49.9469987651244 63.5711928381859 0 126.975785482799 101.001077730885 107.331258888068 159.513876114107 45.1847253900046 19.4384593110248 23.8472735002097 176.353589016247 106.484645555184 133.144646232169 0 111.302033128249 0 72.2406689540086 0 110.46537584396 58.5356605462337 70.5069517763019 83.2455291697848 0 0 57.5692445701166 182.59147218579 124.4016228759 130.788345336914 0 0 0 0 0 97.1792422209021 0 0 0 0 0 184.067031860352 118.798286437988 0 97.0653218492598 0 90.3176280466319 217.556137084961 0 0 0 106.211948357239 122.686507367713 0 187.641738891602 138.308934870029 187.016983032227 0 75.5752316658926 111.745838755151 115.377897620092 0 0 193.561462402344 108.807105779773 0 0 151.349602552765 0
85.6488322857412 99.6622695922852 149.156520018163 155.803299680415 12.7941428924617 17.4752420979523 125.801243006843 25.8234635522199 128.300052001431 132.889552027971 64.805429998376 110.381624806079 66.587574347332 30.0330791800128 40.7523265514137 148.858749389648 112.507884201749 133.681209860119 87.8115130782694 137.0200234128 133.863929654867 127.911142648779 162.924095474928 136.970658175154 90.2724573497029 116.368723894637 132.024608117094 143.406918235456 23.3993283405847 127.08173242501 111.302033128249 0 75.6610153218715 22.3460698808999 104.952215156682 78.187653018701 73.2900671220705 42.1853714054433 52.518462646791 43.2541257763372 17.7390533118591 61.75137432382 208.373238396837 0 226.769957721779 0 0 0 0 0 0 0 235.446746826172 0 235.828765869141 202.0040163695 0 0 0 0 242.263778686523 0 232.407852172852 0 206.896301269531 0 0 0 0 0 0 0 180.182693698359 110.380172729492 181.665080885858 153.747406005859 205.07986329886 244.632425453614 0 0 0 0 0 126.846065613958
