0 27.8044236898422 341.472672998905 41.9632476270199 27.0377319455147 237.869413524866 6652.08573678136 1736.58263704181 164.263582497835 425.709711968899 26.0760154128075 32.6190490424633 6.02586421370506 11526.6437380016 24.1221223175526 15.3588662147522 365.96675029397 4.83484724164009 53.6604786217213 34.9384605884552 308.768076717854 86.1239586174488 481.740859210491 288.518411397934 2.7909597158432 121.623388320208 83.0512898862362 724.459610193968 19695.7509067655 7650.14947754145 0 25.8891619443893 571.007552951574 602.051858097315 28.9877414107323 512.216097414494 31.7725312113762 393.472611784935 66.147142380476 263.650484025478 90.643858730793 1.45457887649536 13.8470858931541 1.02649939060211 7.40271630883217 4.0397781431675 10.2360776662827 1.79918336868286 0 8.07221737504005 2.53578343987465 6.78043228387833 4.63256752490997 0 2.55788680911064 47.8339097499847 13.093581289053 18.0808174610138 8.29207220673561 0 0.548153936862946 0.453007370233536 15.0447315573692 0 2.02441421151161 1.21744859218597 0 0 6.07945561408997 11.2446744143963 2.61885744333267 13.0414260923862 54.7545410692692 1.23580992221832 1.57992315292358 9.81897440552711 77.9387584626675 13.3864106535912 12.3027138411999 0 0 1.85014796257019 4.87381318211555 7.20656925439835
27.8044236898422 0 851.945490539074 6.45369338989258 7.32190304994583 24.4185609817505 91.8464396297932 29.8033672869205 682.739150732756 11.9219840764999 296.455292880535 18.8372049033642 1394.64911052585 36.8792943954468 42.3423775434494 135.207644194365 987.132702708244 95.5290926098824 504.244877785444 0.854677230119705 107.010814130306 2877.97930833697 311.263577312231 641.41828456521 4206.25741565228 2073.2607832551 9613.81821939349 159.679799735546 27.2250539958477 118.326904296875 72.0343585908413 5.29724061489105 17.0208739638329 547.190770834684 15.1773336529732 629.896537363529 692.132159352303 884.752693891525 263.871804773808 136.568972378969 7.47636425495148 190.215151667595 33.9089630842209 9.61898306012154 30.6558301746845 5.31874173879623 2.21079912781715 0 1.32357501983643 1.27840948104858 341.85976421833 235.099181056023 3.00124424695969 0 0 6.95346936583519 1.05151748657227 3.08997172117233 2.46074569225311 10.8664455115795 1.58224332332611 33.3384337425232 1.67641511559486 0 14.9704318344593 54.1321962475777 2.05053961277008 23.9232033491135 1.29513442516327 8.30181980133057 19.3033775091171 63.4129764437675 15.5425956845284 55.7091017365456 216.990899324417 869.236849606037 6.34676429629326 1.44298601150513 8.06388777494431 1.81787204742432 0 1.29304349422455 22.4976666867733 14.5044357180595
341.472672998905 851.945490539074 0 23.9374340772629 5.51859790086746 102.563946768641 1819.17752316594 535.828061819077 48.480244666338 138.901855379343 78.7441919744015 12.9192225039005 52.5131961405277 548.918859302998 6.82955205440521 83.5117193162441 5560.20582312346 59.5035654306412 539.355826586485 12.8541620373726 1401.3473739624 562.874030560255 10639.0145691931 140.440640449524 45.1320797204971 8844.5927926302 7065.30099108815 1749.94687467813 171.81597507 1730.76066842675 12.2331057190895 10.6138118207455 18.1726071834564 1066.50955209136 69.1880858838558 2335.13790532947 1223.84458583593 2241.88623026013 822.856051743031 158.628025323153 21.5710272490978 2.32186055183411 53.39681661129 6.45938462018967 36.6134717166424 18.9293360412121 5.13040408492088 0 0.625243663787842 2.75339925289154 225.058939427137 578.29589626193 0.391505151987076 0 0.332234799861908 40.189956009388 12.242666631937 3.0996909737587 4.38364949822426 6.47396078705788 0 12.2554323673248 13.1337600052357 0.256929636001587 73.6872327923775 98.9170927107334 0.748004019260406 19.96648016572 0.590637505054474 42.6831232309341 68.9713741540909 341.932249933481 35.9048899710178 18.4057691693306 176.978445678949 1404.63717350364 41.4018122553825 4.52046149969101 17.7649018168449 3.91453176736832 0 0 25.8022329211235 38.2159406542778
41.9632476270199 6.45369338989258 23.9374340772629 0 10.4331538379192 366.677682429552 809.617110013962 144.450490474701 888.439502447844 17305.7067694962 4.8077055811882 1852.06446126103 2.36459940671921 125.013143509626 81.466681599617 4.80760416388512 3.12691527605057 0 0.384125888347626 28213.2111104429 13.2075612545013 51.1016284823418 11.2905928790569 5353.68651276827 2.33784180879593 3.99112614989281 17.6807608902454 15373.0352941453 166.964817225933 35.6166574656963 0 3.91053226590157 17.1325787901878 93.7876087129116 35.4777821302414 191.430361092091 1.74964043498039 95.7977551817894 9.95940354466438 320.709541767836 20.233167797327 0 41.213184595108 1.20157778263092 6.50686544179916 2.99744340777397 61.825861364603 0 0 1.10507327318192 0 0 225.958326071501 6.63059335947037 37.1159587204456 78.0756665766239 27.1363758146763 41.4221692383289 106.528141826391 0 81.4308917820454 0 11.6966737210751 20.5842996835709 1.22973036766052 0 0 1.40715003013611 212.135680526495 2.92047426104546 6.0080873966217 1.14938953518867 231.415132135153 0.495110303163528 0 3.35984963178635 194.829402178526 7.19000709056854 6.14411783218384 0 0 2.22829031944275 3.59616029262543 0
27.0377319455147 7.32190304994583 5.51859790086746 10.4331538379192 0 5620.51847600937 66.1072043180466 1428.37323918939 76.4042292535305 72.611694842577 13.5072863698006 108.37165877223 2.05090135335922 268.662362158298 4655.10444709659 0.540475189685822 5.73061525821686 2.60508108139038 2.22708943486214 13.4241523146629 4.43565031886101 23.6688850224018 12.1777383685112 46.1867199540138 1.18411338329315 10.369568169117 7.40668964385986 24.489642560482 292.42909514904 15.3424621522427 0.443835347890854 2065.3680048883 2.36634516716003 1680.27688741684 5.98433524370193 79.7850651741028 1.45572167634964 108.876957803965 19.7000893950462 5677.93557748199 1349.93045118451 2.61241793632507 0 0 0.417201727628708 0.366416931152344 1.42821711301804 0 0 0 0 0 0.530444860458374 0 0 0.972263127565384 0 0.712593793869019 0.494656562805176 0 1.22659713029861 0 0 0 0 0 0 0 2.38167816400528 0 0 0 6.58236458897591 0 0 1.1447594165802 2.79933071136475 0 0 0 0 0 0 1.02803325653076
237.869413524866 24.4185609817505 102.563946768641 366.677682429552 5620.51847600937 0 2955.85324093699 26715.0805645585 252.339587628841 20075.6097838283 88.8035906255245 7252.40440896153 9.11513704061508 3299.37534147501 10388.3129199147 13.064336180687 53.8055408298969 4.71491283178329 14.5344479680061 761.567680031061 47.0350729823112 55.6290340721607 122.675587981939 536.287013411522 5.65999799966812 44.9938251376152 53.2918729484081 847.74112918973 1068.03224205971 163.198717862368 1.07009172439575 2871.08199548721 23.7971146404743 1935.57960215211 1224.42264959216 451.228473097086 23.3579897582531 411.717458099127 64.097616314888 6150.68063122034 1032.61391744018 8.55810558795929 10.733193218708 0 3.83669948577881 1.3109934926033 13.6237810850143 0.621968418359756 0 1.48364186286926 1.56879338622093 2.19017082452774 42.1069024801254 0 11.1889979243279 49.3674503266811 19.8897738754749 15.6719789505005 43.9495765864849 0.987168669700623 18.5669189095497 1.0427540242672 7.18963479995728 1.45506799221039 2.8122883439064 3.06435602903366 0 0 20.9328391849995 3.07716220617294 6.02832388877869 1.77437674999237 97.3894663453102 0.603206157684326 1.18966701626778 7.90031790733337 101.998607367277 8.26069039106369 6.08269339799881 0 0.982279181480408 2.13169747591019 2.26287201046944 5.3397371172905
6652.08573678136 91.8464396297932 1819.17752316594 809.617110013962 66.1072043180466 2955.85324093699 0 5610.59799829125 1279.51567366719 12801.7745165825 27.7672746777534 573.297962486744 14.3133549690247 10188.8101737648 174.754898697138 252.446518063545 503.546353042126 5.66090843081474 64.8735790848732 1150.999106884 985.002538412809 531.074239879847 2124.95277690887 4497.29900848866 3.86996212601662 322.639970481396 568.038969874382 17433.7396541238 2437.15778228641 11671.6467929482 0.382054150104523 48.0413006544113 338.015188902617 1070.73674213886 132.416189342737 1789.15178510547 122.101253896952 1084.85751029849 204.557018518448 858.005904316902 233.638015806675 2.57515531778336 96.934110969305 0.956949234008789 28.9703203737736 27.7860424816608 72.9954575300217 7.04739704728127 0 24.2620069980621 12.0377756357193 38.3393113315105 156.202657729387 2.51563775539398 46.1240884810686 383.802767634392 96.3303804993629 120.696294277906 175.185604572296 4.16610908508301 34.2486855089664 5.88543027639389 74.8444719016552 13.4329840838909 51.9779956042767 4.58644169569016 0 1.163498878479 68.8127388060093 77.1400416195393 25.8555420339108 75.5144218504429 598.841395229101 1.30860421061516 6.98445647954941 67.3443290889263 651.748723357916 78.9107594192028 85.931970179081 0 0.693945407867432 16.0726097226143 49.9442468583584 27.299823731184
1736.58263704181 29.8033672869205 535.828061819077 144.450490474701 1428.37323918939 26715.0805645585 5610.59799829125 0 164.111256062984 3643.19621512294 180.626089721918 781.562136799097 23.4112846851349 36383.817673862 1305.22658973932 34.5872672498226 398.563262671232 18.9297318458557 58.6824986040592 255.123908042908 291.981417238712 82.0441883206367 654.368587106466 463.365501880646 11.158965498209 211.747546046972 136.304509788752 997.134245574474 2576.02104699612 1272.54279199243 2.57135245203972 2041.49831944704 75.6812508404255 1779.75336787105 59.8680993020535 803.308142602444 47.7788795828819 776.955998271704 103.461683422327 3420.63153412938 608.734489828348 14.114968508482 6.51152190566063 0 4.45191037654877 1.64327895641327 12.018718957901 1.53813508152962 0 5.0084225833416 2.21881169080734 8.65621769428253 20.0798700153828 0 5.37040922045708 72.4962562322617 20.0856200754642 22.0326292812824 21.5586315393448 0 13.7080329060555 0.315500289201736 13.6507845669985 0 10.0597164928913 1.88093113899231 0 2.46979987621307 13.8735466003418 14.2448075115681 6.18221145868301 12.3757680952549 116.51190534234 0.405068159103394 7.69618493318558 27.6452459096909 122.89481651783 20.8819334506989 16.7235534191132 0 0 4.06535148620605 8.97572436928749 7.27528122067451
164.263582497835 682.739150732756 48.480244666338 888.439502447844 76.4042292535305 252.339587628841 1279.51567366719 164.111256062984 0 625.438426733017 31.3300058245659 747.45566868782 151.396036237478 189.76654329896 790.011019051075 79.9136644005775 55.543845385313 10.6773172616959 25.8963442146778 397.609703332186 109.461416333914 3867.62822914124 65.9134706258774 13329.9218445122 224.965901762247 164.750803202391 493.066654294729 2596.68650409579 335.38040933013 716.164628088474 11.3473387658596 4.04227498173714 127.37409055233 153.536472737789 24.1208149790764 392.704255282879 35.9289982020855 126.957013994455 25.0661828219891 2004.41909956932 37.4984745383263 12.4544190168381 38.5454908311367 0 4.87109357118607 9.18979251384735 54.5434193015099 0 1.83600956201553 16.4054999947548 19.861496835947 8.50077846646309 112.004557013512 1.08535602688789 21.1821375787258 161.074262231588 38.5944882333279 132.014354914427 95.7215985059738 2.67519509792328 45.2492141127586 1.13117682933807 31.2276360690594 22.4096385240555 35.4966335892677 2.32169854640961 1.18757367134094 0 64.3574392795563 61.9153448045254 31.0796367824078 19.092677205801 479.41304820776 6.1315079331398 8.29702278971672 27.4243969321251 285.469078540802 48.7488603591919 66.6067909300327 0 0.94783690571785 6.56738793849945 13.2426707148552 1.87740075588226
425.709711968899 11.9219840764999 138.901855379343 17305.7067694962 72.611694842577 20075.6097838283 12801.7745165825 3643.19621512294 625.438426733017 0 23.8926939666271 24247.9232027531 3.13381868600845 3199.08585566282 430.796603888273 25.0530512928963 33.8365472257137 4.66625869274139 8.30220890045166 25168.3103195131 61.9113802909851 92.947330892086 144.739274740219 2504.5442057848 1.32110798358917 40.0904836654663 75.9213762581348 10699.3213126659 776.601825475693 185.405437529087 0.331706583499908 41.9546495378017 55.4931724369526 597.404433369637 804.904240220785 815.872261404991 24.0946112573147 425.910244643688 47.6510184705257 1080.88757735491 204.475746393204 4.20592534542084 40.0253924429417 0 8.03274178504944 7.29018175601959 77.8862424790859 1.46690392494202 0 6.3804349899292 3.12004235386848 8.52120578289032 158.667206227779 1.85744407773018 42.4072783589363 155.786838024855 47.5807612836361 78.5615131258965 724.260279595852 2.17673486471176 403.179151833057 0 22.3258836865425 30.4805807173252 6.1128311753273 2.30943608283997 0 0 140.347404062748 8.66853737831116 10.8093059957027 12.9020642340183 361.980085998774 0 1.11015546321869 13.3935240805149 324.764486283064 19.4773012697697 16.3145293295383 0 2.10203504562378 2.35363721847534 16.5887513458729 6.81309998035431
26.0760154128075 296.455292880535 78.7441919744015 4.8077055811882 13.5072863698006 88.8035906255245 27.7672746777534 180.626089721918 31.3300058245659 23.8926939666271 0 7.89230877161026 19863.7877931297 252.30293905735 6.58300697803497 4.20758879184723 1003.31437042356 11204.9119768441 5173.09272655845 5.62575387954712 31.936752974987 56.3398509323597 67.1513181626797 26.0223596990108 1498.44356271625 9157.33452484012 1559.80662444234 11.8091060519218 218.565741300583 76.8023457825184 1357.78503841162 67.7243593335152 3.08057335019112 9901.29368406534 6.42127990722656 386.049744874239 4938.53821384907 6305.84725087881 366.590632021427 131.841955155134 32.2859252095222 2160.4022642076 11.7388687133789 30.096238553524 8.44855150580406 1.46650183200836 0 0 0.643821120262146 0 51.2666510939598 7.81405794620514 0 0 0 0.864597797393799 0.955193996429443 0 0 64.1561616957188 0 170.892629593611 0 0 1.60416838526726 1.85442614555359 40.4111182689667 17.7232252061367 0 1.38684415817261 5.68952077627182 1.32422181963921 1.35583451390266 108.798975586891 176.069426774979 233.51969447732 3.30232679843903 0.376794338226318 0.928345084190369 24.2188247442245 0 0 7.20351073145866 2.93287360668182
32.6190490424633 18.8372049033642 12.9192225039005 1852.06446126103 108.37165877223 7252.40440896153 573.297962486744 781.562136799097 747.45566868782 24247.9232027531 7.89230877161026 0 7.09915268421173 436.396390706301 4095.42015966773 3.48789775371552 4.24920830130577 2.86369216442108 2.78026533126831 19886.8485298455 2.89282095432281 58.8197069168091 6.09492698311806 842.600564062595 8.33716022968292 10.6255314350128 19.8073849380016 473.124133527279 287.89810025692 12.5397072434425 0.885271310806274 20.7132264375687 5.58455246686935 270.796105235815 3332.54140752554 370.727015346289 2.12031829357147 156.167481690645 9.9334445297718 3840.80884936452 110.912907272577 3.11929023265839 10.7118390202522 0 4.00265103578568 1.33739590644836 19.4665382504463 0 0 0 0 0 48.5897541344166 1.42916268110275 16.4600105583668 28.3256003260612 10.1391959786415 8.3510046005249 54.5341158509254 0 554.33017116785 0 2.04838958382607 12.6621890962124 1.11394393444061 0 0 0 67.563950330019 0.540657699108124 1.36270654201508 0 55.9083253443241 0 0 2.01340237259865 47.0882419645786 3.55237326025963 4.45215135812759 0 0 1.09943044185638 0 4.01719933748245
6.02586421370506 1394.64911052585 52.5131961405277 2.36459940671921 2.05090135335922 9.11513704061508 14.3133549690247 23.4112846851349 151.396036237478 3.13381868600845 19863.7877931297 7.09915268421173 0 42.5112572014332 15.2613984644413 5.05872017145157 132.607264280319 738.977885723114 317.972558110952 0 10.660128891468 336.738077878952 18.7594715058804 90.4771080315113 13317.3048999906 7012.15751898289 8490.41514146328 20.7826932072639 32.7748657166958 13.7481002807617 9016.48094749451 7.57284128665924 0 3438.22446775436 7.2095895409584 326.892597258091 4194.19313523173 2639.48161360621 292.175495654345 31.8912000060081 65.8560560941696 5500.60904055834 7.04545927047729 103.642330914736 23.6535321772099 0.86985832452774 1.10068070888519 1.41568064689636 9.39818674325943 0.643356800079346 116.833284020424 8.84148448705673 0 0 0 1.77765613794327 1.36271107196808 2.99568817019463 0 170.475155800581 0 503.489563703537 0.551687479019165 0 0 5.62711426615715 63.8983491957188 46.5232683122158 0 0 10.6797323822975 5.76717245578766 6.63052326440811 369.414517045021 432.427465975285 537.602704316378 0.744932591915131 0 0.688890695571899 61.5436390340328 0 0 14.1335287690163 2.64874053001404
11526.6437380016 36.8792943954468 548.918859302998 125.013143509626 268.662362158298 3299.37534147501 10188.8101737648 36383.817673862 189.76654329896 3199.08585566282 252.30293905735 436.396390706301 42.5112572014332 0 183.448514789343 31.2968145310879 476.867091566324 19.3241243064404 100.60346275568 201.320313543081 306.423365235329 98.0291384160519 667.087555199862 413.379824787378 10.3553740084171 230.965193331242 157.23139321804 985.971432447433 9908.41859847307 2043.30124717951 0 1620.70042085648 175.191977262497 1966.77915856242 56.7374850511551 1061.23593395948 52.1853251159191 985.798165619373 102.210185110569 1616.26412940025 370.615306824446 12.9485090374947 11.7127608954906 0 5.04296940565109 4.10765832662582 14.0073993802071 0 0 3.05941021442413 0 18.3754779696465 12.3673747777939 0 2.16405004262924 53.0157707929611 15.280607521534 18.1258109509945 18.2841331958771 0 4.73583608865738 0 14.9531446248293 0.534188747406006 6.3826647400856 0.901025116443634 0.772473812103271 0 5.00236475467682 8.11109644174576 11.8126865923405 15.2482926547527 73.3015304505825 1.64163747429848 5.38386511802673 19.7259494364262 92.750946611166 12.0877662301064 17.8873933702707 0 0.605392605066299 0.954448997974396 7.68677145242691 8.30139291286469
24.1221223175526 42.3423775434494 6.82955205440521 81.466681599617 4655.10444709659 10388.3129199147 174.754898697138 1305.22658973932 790.011019051075 430.796603888273 6.58300697803497 4095.42015966773 15.2613984644413 183.448514789343 0 3.48602950572968 8.20730468630791 0 1.63102725148201 174.049690902233 11.7556799948215 200.595086634159 8.07765975594521 530.926581263542 5.13338804244995 11.272260427475 30.7995130121708 149.413768857718 110.144038140774 15.0669867396355 1.25097966194153 324.673069357872 1.99004507064819 162.637577205896 56.912904292345 82.9718271791935 3.70681518316269 32.0056610703468 21.211676210165 10032.0021394491 97.3185089826584 0 3.8877260684967 0 1.41286087036133 1.70486259460449 6.7456032037735 0 0 0 0.299546837806702 0.605276644229889 14.9548596143723 0 2.64032176136971 7.55355349183083 1.21414798498154 7.06490135192871 7.91680842638016 0 3.19045209884644 0 2.6030321419239 2.1304686665535 1.1909481883049 0 0 0 4.44390624761581 0.564988493919373 1.33447098731995 1.02203154563904 21.8486075103283 0 0 0.841961264610291 17.4655729234219 0.328602939844131 1.86931669712067 0 0 0 0.5450159907341 11.3033391237259
15.3588662147522 135.207644194365 83.5117193162441 4.80760416388512 0.540475189685822 13.064336180687 252.446518063545 34.5872672498226 79.9136644005775 25.0530512928963 4.20758879184723 3.48789775371552 5.05872017145157 31.2968145310879 3.48602950572968 0 114.365011483431 1.0306191444397 13.3670490384102 4.04095751047134 5896.15472951531 3329.12905028462 8499.59430751204 2021.54899331927 8.33550232648849 52.552758783102 5650.16833233833 2273.25787094235 77.3003725409508 549.237761735916 0 0.897286295890808 56.0230596065521 680.754683941603 69.4034254550934 1286.05470645428 178.403993576765 726.61732763052 297.069850683212 133.078310459852 12.9299095869064 4.69608119130135 18.1730473339558 2.10555803775787 4.82048925757408 6.55959671735764 3.17052853107452 0 0 3.19545286893845 5.55097287893295 24.0473379790783 4.42038694024086 1.31393671035767 1.9597033560276 37.8003957867622 11.2892227470875 8.88010406494141 3.84836378693581 1.9106388092041 0 0 9.84132143855095 0 314.052965909243 7.74247950315475 0 0 0 183.224397778511 112.961272031069 264.166109085083 88.9777789711952 0 6.35129535198212 52.5924011468887 114.411028206348 15.0198037624359 46.0598450899124 0 0 4.329899340868 14.3441930413246 17.9003530442715
365.96675029397 987.132702708244 5560.20582312346 3.12691527605057 5.73061525821686 53.8055408298969 503.546353042126 398.563262671232 55.543845385313 33.8365472257137 1003.31437042356 4.24920830130577 132.607264280319 476.867091566324 8.20730468630791 114.365011483431 0 496.292027533054 12041.6010050476 3.36490425467491 2028.36955541372 326.937336862087 12269.8614752889 95.9356213510036 71.0270443558693 6894.18519330025 3651.75818580389 370.15669131279 404.047496289015 2632.52341029048 23.4641899168491 14.814560085535 65.5866077840328 2870.4278511703 45.5795784890652 1379.17495799065 804.204117327929 2804.28463131189 600.147392570972 104.002128273249 17.4373842477798 9.86474704742432 14.4635464549065 4.31450715661049 20.2623690962791 9.44021624326706 1.85174709558487 0 0 2.45531857013702 121.189900904894 209.690881103277 0.456639915704727 0 0 19.5140842497349 2.68930652737617 5.22194361686707 1.1115854382515 4.28589856624603 0 4.20552894473076 5.96986892819405 0.53205806016922 23.2224200367928 44.4223918020725 2.62686240673065 13.9314852654934 0 12.7772749662399 12.3545445501804 81.8369767069817 15.0742881596088 11.3118416070938 101.98853302002 552.332720518112 19.2900414466858 0.338153451681137 9.81703406572342 1.9599686563015 0.251400858163834 0.822345614433289 10.5951760411263 16.4611528515816
4.83484724164009 95.5290926098824 59.5035654306412 0 2.60508108139038 4.71491283178329 5.66090843081474 18.9297318458557 10.6773172616959 4.66625869274139 11204.9119768441 2.86369216442108 738.977885723114 19.3241243064404 0 1.0306191444397 496.292027533054 0 4985.31651210785 0 9.1252007484436 20.808010071516 35.0439561009407 4.34018555283546 405.159233510494 6494.46331399679 804.953332543373 5.5810928940773 22.3482953310013 25.0937459766865 187.347501456738 3.87265747785568 2.46313753724098 529.13339817524 3.86292219161987 154.506994396448 328.402847707272 624.464216023684 110.009926617146 9.90734896063805 1.2215932905674 14.8760680556297 1.82966458797455 3.17172539234161 2.53462141752243 3.10418522357941 0 0 0.797511458396912 0 27.635410130024 3.21090537309647 0 0 0 0.785972952842712 0.431354731321335 0 0 12.4258021116257 0 61.0513518452644 0 0 0 3.42789068818092 17.7232137322426 21.5578392148018 0 0 0 6.62013882398605 0 72.9339853823185 163.760231941938 183.966598898172 0.374337434768677 0 0.54998105764389 2.58907830715179 0 0 0.832846462726593 0
53.6604786217213 504.244877785444 539.355826586485 0.384125888347626 2.22708943486214 14.5344479680061 64.8735790848732 58.6824986040592 25.8963442146778 8.30220890045166 5173.09272655845 2.78026533126831 317.972558110952 100.60346275568 1.63102725148201 13.3670490384102 12041.6010050476 4985.31651210785 0 0 147.634878069162 83.7364132702351 421.809611111879 28.9174825251102 325.586598426104 8809.52364775538 2417.93013110757 35.2218585908413 69.7082131206989 234.310004085302 91.1588335633278 11.0400818884373 7.66933566331863 1643.80169558525 18.3775776028633 573.458844840527 532.831781208515 1463.36086431146 323.494774609804 35.9383342266083 5.06311851739883 11.7443132996559 7.0208939909935 1.76745581626892 12.8485940694809 4.95480310916901 2.52334827184677 1.05975079536438 2.02847933769226 0 102.090721487999 32.3552913665771 0 0 0 5.84046286344528 0 0.616185247898102 0 7.10699063539505 0 14.4547566473484 1.29331719875336 0 2.3371205329895 21.4741886258125 8.11112576723099 22.5277734398842 0 1.10803800821304 4.06631982326508 8.48258537054062 1.53981333971024 31.7646450996399 186.913249731064 354.928663045168 2.07576271891594 0 1.51464968919754 1.10041558742523 0 0 10.9357523322105 5.30921351909637
34.9384605884552 0.854677230119705 12.8541620373726 28213.2111104429 13.4241523146629 761.567680031061 1150.999106884 255.123908042908 397.609703332186 25168.3103195131 5.62575387954712 19886.8485298455 0 201.320313543081 174.049690902233 4.04095751047134 3.36490425467491 0 0 0 5.86830896139145 9.35477682948112 10.0601364672184 2576.3467232585 0 1.38551092147827 4.35216400027275 1913.08423477411 213.823651939631 17.7249684929848 0 9.86402153968811 9.96461114287376 173.613464295864 151.537763565779 219.080471545458 1.98594725131989 111.252618640661 9.75230956077576 368.437001615763 55.9206101298332 2.39637422561646 23.4524022936821 0 0.663845986127853 0 48.708983361721 0 0 1.16036784648895 0 0.514553725719452 84.8945679068565 0 14.4484664201736 48.3780964910984 14.8662367165089 25.8608327507973 214.871567964554 0 254.546711981297 0 8.96493393182755 11.6160600781441 0.623779058456421 0.879954695701599 0 0 78.233078867197 3.42854374647141 3.74633103609085 0.456160575151443 175.810186415911 0 1.50523933768272 0.943205773830414 147.519416064024 4.43100506067276 3.64551359415054 0 0.406162679195404 1.30313634872437 4.59834814071655 1.63774016499519
308.768076717854 107.010814130306 1401.3473739624 13.2075612545013 4.43565031886101 47.0350729823112 985.002538412809 291.981417238712 109.461416333914 61.9113802909851 31.936752974987 2.89282095432281 10.660128891468 306.423365235329 11.7556799948215 5896.15472951531 2028.36955541372 9.1252007484436 147.634878069162 5.86830896139145 0 1612.04869508743 30129.5856205523 527.876290112734 16.5545761585236 227.155291199684 889.694908887148 6697.55899181962 533.2750864923 17101.4843407869 1.28612917661667 4.83418679237366 212.29712125659 4132.59872037172 214.293998748064 3976.96653786302 391.248308449984 2521.79581972957 805.247366249561 431.608483046293 73.0233786404133 2.80691155791283 34.7439289689064 2.13607683777809 7.58036831021309 13.5026138424873 5.31285721063614 2.31133785843849 0.407982975244522 22.5907103717327 2.25817474722862 42.617409080267 1.36033350229263 0 1.33175903558731 77.7595863044262 19.2553139925003 21.5041022896767 10.7039248347282 2.5908610522747 3.02834808826447 0 23.830824226141 1.19051885604858 202.152316331863 6.61002025008202 0 2.44828009605408 2.33899104595184 265.511568546295 84.6017147600651 137.924708873034 155.003362059593 2.76036304235458 8.98466020822525 77.0609073340893 192.135446250439 42.507157176733 138.182438790798 0 0.377799302339554 3.91694003343582 28.2002578377724 58.413483440876
86.1239586174488 2877.97930833697 562.874030560255 51.1016284823418 23.6688850224018 55.6290340721607 531.074239879847 82.0441883206367 3867.62822914124 92.947330892086 56.3398509323597 58.8197069168091 336.738077878952 98.0291384160519 200.595086634159 3329.12905028462 326.937336862087 20.808010071516 83.7364132702351 9.35477682948112 1612.04869508743 0 2437.12057098746 6454.12378764153 659.052616536617 423.344472080469 5449.98412522674 2136.39673757553 154.461398303509 957.377553135157 15.6515990197659 2.71109437942505 56.0500542521477 452.120775789022 30.7299979925156 813.835477739573 254.190131157637 602.018096596003 219.601439088583 492.013041377068 10.4281244874001 33.2882309556007 26.3145905733109 3.83360069990158 19.6279803216457 8.0488520860672 7.85087466239929 0 0.87714558839798 7.86042067408562 44.1601116061211 154.822500288486 16.0291646718979 0.534746289253235 3.30453336238861 51.5447871685028 9.30244159698486 52.9406417012215 19.1649254858494 2.37431442737579 4.32449460029602 5.0929434299469 10.9512701332569 0 497.707521945238 10.192533493042 0 9.82320481538773 4.77886492013931 207.826764345169 326.470573455095 389.889846473932 297.150633811951 13.9840475618839 37.1209565997124 365.974386304617 150.874835669994 16.3645750880241 61.3525460362434 0 0 1.91914054751396 24.6386575996876 12.1576527357101
481.740859210491 311.263577312231 10639.0145691931 11.2905928790569 12.1777383685112 122.675587981939 2124.95277690887 654.368587106466 65.9134706258774 144.739274740219 67.1513181626797 6.09492698311806 18.7594715058804 667.087555199862 8.07765975594521 8499.59430751204 12269.8614752889 35.0439561009407 421.809611111879 10.0601364672184 30129.5856205523 2437.12057098746 0 448.828881412745 22.1958652734756 1264.56652671099 6143.66440966725 4834.11169919372 469.960588872433 8552.27085036039 1.42618650197983 7.3626306951046 121.491182267666 4085.88013711572 274.954660743475 5655.29143330455 1736.21548476815 4554.06833302975 2065.37845680118 694.055271595716 75.6926760673523 11.6062617003918 38.3780024945736 1.98913764953613 10.1802617311478 18.6452289223671 8.07274389266968 1.43821859359741 0.4411960542202 6.82545429468155 30.4158716201782 194.567237406969 2.56951549649239 0 2.3639423251152 52.5473549664021 8.5269740819931 13.5150213837624 9.0231069624424 1.07819527387619 0 1.79119190573692 14.7917930483818 0 602.121650516987 19.0364111363888 0.868056356906891 3.20194751024246 1.39823111891747 168.75356015563 236.332490950823 803.202553987503 88.0760640203953 2.32712385058403 35.0538637936115 472.969706505537 100.885311961174 15.8915554285049 69.9215272963047 1.45648097991943 0 0.966855823993683 33.7429246902466 126.284275621176
288.518411397934 641.41828456521 140.440640449524 5353.68651276827 46.1867199540138 536.287013411522 4497.29900848866 463.365501880646 13329.9218445122 2504.5442057848 26.0223596990108 842.600564062595 90.4771080315113 413.379824787378 530.926581263542 2021.54899331927 95.9356213510036 4.34018555283546 28.9174825251102 2576.3467232585 527.876290112734 6454.12378764153 448.828881412745 0 139.934167057276 141.462524920702 1415.95838063955 20537.0848851502 671.805422276258 1299.72361275554 3.23767268657684 7.53727829456329 236.656363844872 439.994651645422 58.8201010227203 994.138910114765 71.9034821391106 412.643957853317 117.160195738077 1190.76810181141 63.7501358389854 15.3956184387207 145.908959031105 2.3530170917511 44.3641650676727 27.5244791805744 158.252592146397 7.47776633501053 0.788395464420319 43.5730282068253 14.9713141024113 33.3167640566826 381.863433271646 6.0937332212925 70.1299177110195 586.173078775406 167.884535431862 264.04013928771 341.478443562984 1.02092707157135 93.9440249204636 3.41794613003731 113.20928029716 46.4281001389027 84.8781283199787 11.4417738616467 0 1.76831620931625 159.80450296402 106.857139080763 60.2184633612633 76.8776022195816 1268.33182671666 3.08675408363342 11.1693747341633 50.8165411651134 1224.32055702806 128.050041913986 148.11897328496 0 1.12346735596657 19.110631197691 54.1817967891693 22.1232959330082
2.7909597158432 4206.25741565228 45.1320797204971 2.33784180879593 1.18411338329315 5.65999799966812 3.86996212601662 11.158965498209 224.965901762247 1.32110798358917 1498.44356271625 8.33716022968292 13317.3048999906 10.3553740084171 5.13338804244995 8.33550232648849 71.0270443558693 405.159233510494 325.586598426104 0 16.5545761585236 659.052616536617 22.1958652734756 139.934167057276 0 1751.11489796638 7501.64253038168 34.7850932180882 9.16639399528503 13.1238258183002 184.511374562979 0.635714888572693 1.12430119514465 612.181037962437 6.1846778690815 143.354439407587 2133.46821475029 754.568852305412 92.61692070961 22.0086497664452 1.34142279624939 1833.12060770392 19.8198346495628 48.2593896985054 51.261195987463 6.06059348583221 1.90826871991158 0 9.83879789710045 0.435134321451187 213.766177922487 20.5805313587189 0.94603705406189 0 0 2.77028119564056 2.1111769080162 10.4339987039566 0 135.346115767956 1.42889285087585 453.330619305372 3.18188565969467 0 1.38684546947479 18.0995611250401 101.901949703693 112.225910365582 0 2.88848152756691 9.22485336661339 7.35090160369873 2.20625221729279 550.57488244772 952.892808198929 1150.00519686937 1.24505990743637 0 3.95512753725052 44.342544734478 0 0 20.4814896285534 1.73571825027466
121.623388320208 2073.2607832551 8844.5927926302 3.99112614989281 10.369568169117 44.9938251376152 322.639970481396 211.747546046972 164.750803202391 40.0904836654663 9157.33452484012 10.6255314350128 7012.15751898289 230.965193331242 11.272260427475 52.552758783102 6894.18519330025 6494.46331399679 8809.52364775538 1.38551092147827 227.155291199684 423.344472080469 1264.56652671099 141.462524920702 1751.11489796638 0 29841.2626108229 209.800036966801 139.567144572735 523.686940133572 4281.60700121522 15.6904896497726 20.488682448864 2292.3723924458 43.3909787833691 1859.07621240616 1764.54930132627 3166.90017217398 715.239547550678 90.8108614683151 13.6550757884979 30.9087571501732 124.09465020895 44.0177091360092 112.57847866416 32.1142261922359 4.90115827322006 3.43582105636597 11.0697626471519 1.37918639183044 642.717748224735 319.896466642618 0 0 1.67604953050613 18.9799743592739 3.34414911270142 8.16349506378174 1.24176347255707 95.2562240958214 0 296.036051690578 5.98980838060379 0 19.9182377755642 189.513775736094 88.6378366351128 257.38113167882 0 5.98451155424118 38.1552632749081 69.8473971784115 17.3453166484833 476.485243022442 1863.61360836029 3154.84073832631 16.2256809473038 0.919233351945877 22.941959798336 31.7535984516144 0.933224737644196 0 68.8393076360226 29.6228486299515
83.0512898862362 9613.81821939349 7065.30099108815 17.6807608902454 7.40668964385986 53.2918729484081 568.038969874382 136.304509788752 493.066654294729 75.9213762581348 1559.80662444234 19.8073849380016 8490.41514146328 157.23139321804 30.7995130121708 5650.16833233833 3651.75818580389 804.953332543373 2417.93013110757 4.35216400027275 889.694908887148 5449.98412522674 6143.66440966725 1415.95838063955 7501.64253038168 29841.2626108229 0 1498.48371520638 122.926323413849 437.118317008018 2302.86475625634 7.28086519241333 20.7992482185364 2745.75800707936 117.463582664728 3994.54150018096 2495.98576328158 4698.52833843231 1618.43836176395 295.39969843626 27.7724692523479 49.1284109652042 159.18523055315 43.5751275718212 155.834787070751 53.1739109158516 13.4930376410484 3.55668050050735 8.95511972904205 3.66431295871735 932.518013507128 1187.5285616219 2.85408210754395 1.0508114695549 1.18025425076485 94.1240340173244 21.7958988547325 11.1114276349545 11.0374964773655 69.3477816581726 0.641732811927795 233.367894113064 18.8553601503372 0.329705148935318 315.42605021596 283.595535606146 62.2162542939186 218.128966391087 1.08677768707275 110.307160258293 179.754996806383 1014.18619951606 76.2343143820763 424.752409398556 1848.1321965754 4829.77571210265 90.8970119357109 10.3220510780811 59.2763436734676 30.3645347058773 0 1.48953902721405 114.846719861031 75.7470747232437
724.459610193968 159.679799735546 1749.94687467813 15373.0352941453 24.489642560482 847.74112918973 17433.7396541238 997.134245574474 2596.68650409579 10699.3213126659 11.8091060519218 473.124133527279 20.7826932072639 985.971432447433 149.413768857718 2273.25787094235 370.15669131279 5.5810928940773 35.2218585908413 1913.08423477411 6697.55899181962 2136.39673757553 4834.11169919372 20537.0848851502 34.7850932180882 209.800036966801 1498.48371520638 0 1429.65944209695 15509.7895562053 0 15.8924408257008 516.210461735725 1459.63585048914 165.713287889957 2850.93334358931 203.396185904741 1336.15126529336 379.139346152544 644.015864491463 135.58537581563 5.73949700593948 174.519051551819 1.3823150396347 59.9167109727859 25.6134179234505 134.721771121025 4.20192369818687 0.461170583963394 75.1994172036648 16.1790771782398 62.5368231534958 247.016366243362 3.71035832166672 88.9379454553127 720.107901960611 217.922263532877 265.849597096443 305.720445364714 14.4085626006126 80.2021071016788 4.59855496883392 151.200807631016 37.2316930890083 129.333062291145 8.43835639953613 0 3.02172473073006 146.248319089413 220.37806174159 104.979448258877 159.217308878899 1298.3473739028 5.57215458154678 21.6466749608517 99.0977090895176 1459.83699497581 195.456073075533 259.4616317451 0.658268511295319 1.96271181106567 37.1717678010464 107.902200460434 50.2657677829266
19695.7509067655 27.2250539958477 171.81597507 166.964817225933 292.42909514904 1068.03224205971 2437.15778228641 2576.02104699612 335.38040933013 776.601825475693 218.565741300583 287.89810025692 32.7748657166958 9908.41859847307 110.144038140774 77.3003725409508 404.047496289015 22.3482953310013 69.7082131206989 213.823651939631 533.2750864923 154.461398303509 469.960588872433 671.805422276258 9.16639399528503 139.567144572735 122.926323413849 1429.65944209695 0 10167.7551968992 2.37628048658371 3141.01204705238 9160.66169261932 3731.73093375564 102.53515329957 1830.04511788487 72.3904497027397 1354.82111805677 142.187901943922 978.758753120899 942.246179938316 12.4118166267872 18.7523011863232 0 12.9356454610825 7.49274224042892 11.7658806443214 1.18414822220802 0 11.6977930665016 5.17334562540054 6.64737644791603 9.73219701647758 0.523722887039185 4.34792797267437 92.4917810559273 25.5847500264645 39.8029659986496 19.3419909775257 0 2.6164824962616 0.274918437004089 18.7707025557756 1.08597528934479 8.20775443315506 0.556639492511749 0 1.08351880311966 6.48625376820564 32.5847158133984 6.83218103647232 13.6459296345711 124.1596390903 0.513961255550385 0.489043146371841 12.9915089309216 180.53446662426 35.0071487426758 33.161475032568 0 0 8.56424424052238 8.41170141100883 15.6616162657738
7650.14947754145 118.326904296875 1730.76066842675 35.6166574656963 15.3424621522427 163.198717862368 11671.6467929482 1272.54279199243 716.164628088474 185.405437529087 76.8023457825184 12.5397072434425 13.7481002807617 2043.30124717951 15.0669867396355 549.237761735916 2632.52341029048 25.0937459766865 234.310004085302 17.7249684929848 17101.4843407869 957.377553135157 8552.27085036039 1299.72361275554 13.1238258183002 523.686940133572 437.118317008018 15509.7895562053 10167.7551968992 0 0 23.5151497423649 784.507914245129 5538.18561306596 136.151588171721 2275.65394324064 183.509150534868 2279.45192113519 424.144000768661 394.723669528961 101.53730532527 7.4898334145546 84.3605667352676 2.03729289770126 31.1883229911327 26.1785984635353 42.6991384923458 3.37150698900223 0 40.1308082342148 5.53309205174446 42.7646697163582 18.2724811136723 0.448263794183731 11.5820496380329 256.825353592634 61.7823385596275 88.7496804893017 45.2032614648342 1.60814043879509 3.8676483631134 2.54308286309242 68.5661462396383 0.99011042714119 78.7918846011162 3.97437161207199 0 2.47039461135864 8.46176490187645 217.654323607683 40.5983969867229 70.3006318509579 349.618471592665 0 10.9490886926651 72.4410996735096 494.21007886529 113.501040995121 193.50219476223 0 1.2827807366848 22.4035520553589 52.9610940515995 46.7859270870686
0 72.0343585908413 12.2331057190895 0 0.443835347890854 1.07009172439575 0.382054150104523 2.57135245203972 11.3473387658596 0.331706583499908 1357.78503841162 0.885271310806274 9016.48094749451 0 1.25097966194153 0 23.4641899168491 187.347501456738 91.1588335633278 0 1.28612917661667 15.6515990197659 1.42618650197983 3.23767268657684 184.511374562979 4281.60700121522 2302.86475625634 0 2.37628048658371 0 0 0 0 71.32003647089 0 11.8382553160191 79.7185654938221 111.551219761372 13.2323783934116 1.28892642259598 0 4.92749431729317 1.83256375789642 3.82644754648209 2.23723465204239 0 0 0 0.600478768348694 0 12.6584992110729 1.8155409693718 0 0 0 0 0 0 0 11.9870076477528 0 32.0002349317074 0 0 0.816189050674438 2.28917580842972 9.47453236579895 9.80730643868446 0 0 0.445916742086411 0.621755659580231 0.668993175029755 39.8526552319527 86.7795447707176 86.1329542696476 0 0 0 2.41265398263931 0 0 0.940264523029327 0
25.8891619443893 5.29724061489105 10.6138118207455 3.91053226590157 2065.3680048883 2871.08199548721 48.0413006544113 2041.49831944704 4.04227498173714 41.9546495378017 67.7243593335152 20.7132264375687 7.57284128665924 1620.70042085648 324.673069357872 0.897286295890808 14.814560085535 3.87265747785568 11.0400818884373 9.86402153968811 4.83418679237366 2.71109437942505 7.3626306951046 7.53727829456329 0.635714888572693 15.6904896497726 7.28086519241333 15.8924408257008 3141.01204705238 23.5151497423649 0 0 4.13999477028847 2595.98550122976 5.88836839795113 98.9622938334942 7.34906780719757 253.773710161448 13.7540839016438 435.068202614784 1468.47415915132 0.906586647033691 0 0 0 0 0 0 0 0 0 0 0 0 0 0 0.241577625274658 0.381293773651123 1.75993698835373 0 0 0 0 0 0 1.66039526462555 0 0 1.65177810192108 0 0.898343801498413 0.824843347072601 0.742505609989166 0 0.994223892688751 1.92093539237976 0.513119041919708 0 1.1034964621067 0 0 0 0 0
