0 111.552611803696 97.8837079122139 93.0619146433871 76.1310072030046 66.1216817727124 32.6412232160442 38.7772389032048 76.2889591185795 55.184667237483 103.154154463841 86.8952363037853 134.885479426256 21.066205830896 65.5380126710641 97.1831925771043 102.354129836662 146.602617520992 118.335484454589 81.3934384052464 82.1746822364126 82.480709381162 91.2839834670423 77.653417149395 158.184796106349 122.563811449704 125.851466786997 75.7555655246946 17.8645308153011 25.0766961908627 0 86.6353064783638 29.8025117853643 56.5409323642134 121.339708082619 69.4055971650196 83.6281205795592 67.6580033489423 88.8832864523157 50.5373485146334 53.9803717242098 109.599523196455 163.374357063182 141.077358054042 154.841430692212 163.247228718027 166.672148771868 151.270324707031 0 150.415131982101 183.636410528141 172.499477312381 178.461661197798 0 167.725899263565 150.004620908279 172.634482791087 93.088372556719 168.287751073064 0 132.809814453125 182.532241821289 175.110522998219 0 138.637090012705 207.34114074707 0 0 176.773445318408 150.39634575125 88.4199961217309 168.606306479464 131.562440625463 152.235164230963 212.418075966517 160.802006985209 139.946914097133 148.460985750849 142.481084254159 0 0 183.382873535156 160.404039387242 161.790210163438
111.552611803696 0 43.2839996236811 114.908832930311 129.381626681889 123.862233300276 107.378805722942 129.912151462034 72.1937165307367 144.020397453285 60.7119001008035 95.746816206007 45.6990400939585 134.224288075568 99.8564012575521 56.7565529173651 55.4922751029827 67.6622377485431 57.494490009758 168.827954438645 90.4073606382731 31.1826092812272 64.8940588600224 79.9054778126407 21.9736505697517 48.5733250119244 22.7336510456525 95.045070312631 126.687532388068 97.450748754041 65.5967262548665 130.137550738901 110.385641174082 52.1270715440727 129.51805284553 68.3421915961523 41.2272398999752 51.3511817833636 58.8167813772619 89.8597370908946 81.1802186556713 43.7107204633837 97.7151423755543 55.5243761118413 82.5044426711652 83.9620547348408 113.215823471467 0 48.7057772132692 119.267944335938 25.2103695877657 69.7704522464618 182.110726103838 0 0 139.537768955407 171.309728145228 106.938758598941 121.364081008168 111.916716012316 96.5453414916992 79.4199533378594 160.822778251968 0 111.101328662325 75.2252322584026 106.834490429638 76.1622663739686 193.868804931641 118.30622201457 54.0864091417407 84.0686205571491 118.541258240821 44.0551467122614 72.0720389889021 63.185894871747 152.773580101216 164.861371583115 113.465665240809 89.883940283494 0 166.235916137695 70.3626801909233 145.324739956244
97.8837079122139 43.2839996236811 0 113.141618187797 144.486749707183 127.246319341484 89.469185969668 116.804843526041 109.166274300077 114.634943236172 87.4224103881958 144.375004563836 86.578772144967 115.085243124917 115.068143638909 79.7531887568589 46.899816497168 85.9506284497048 68.0815005708537 128.198147393941 57.5370114323993 52.3384932719781 30.9342822511525 101.046960491796 71.7686642798553 35.969262751558 32.2107355637927 73.5119236446731 118.29663717455 70.2837046456322 90.334237805519 138.619812247048 93.901399980794 58.7309053861869 141.163219317969 68.9433323136298 44.9160346893332 54.6970915204249 59.5307856805514 90.1558029500372 98.3733446417438 99.9697372720253 130.537272095837 126.519243839112 117.829126286862 125.125610443205 192.810711565448 0 118.81672668457 143.983803571989 70.0643684944503 96.5196210494119 189.611373901367 0 219.267242431641 157.718857584418 183.956827473059 124.357705790411 174.564178183387 153.210171005335 0 127.663654683101 182.30383640828 181.114944458008 98.9861264977541 110.746989927182 133.634979248047 125.615246293788 174.192230224609 125.9339796658 78.1480550978925 101.961345063161 139.802701121896 113.638604057959 109.86746793687 94.2462924684094 148.55514430481 175.09047334218 142.978797461705 145.255638580959 0 0 112.86773724278 142.038959471307
93.0619146433871 114.908832930311 113.141618187797 0 109.543890200638 75.3720791156315 49.2183413510642 99.6449412234345 51.8794854669925 25.6756491487716 159.87088090283 55.8547878188608 180.043714385216 111.135420688343 73.1874555209653 94.6831548554574 167.500765798284 0 148.036880493164 15.9839188431617 124.92705168573 79.1874799773413 107.303557453952 26.090784231077 144.884730627939 185.486981662503 127.233624960819 17.7145083865958 111.418493085202 94.5130657932959 0 153.607924533731 90.2778487859573 104.775779212003 99.7257667396683 96.4116940260052 148.147488343852 109.42109598667 120.101809728903 69.0126995164893 112.721105837808 0 92.8715717335379 173.131393432617 143.367250285832 152.276609642795 109.134373099708 0 0 167.829506194834 0 0 92.0185224806284 140.510562919936 143.629540437717 145.770682248935 170.203430651239 95.6752037334333 111.005640485199 0 73.1596034662403 0 180.721291371832 112.611463502311 135.041790778891 0 0 180.767486572266 47.1716202621445 163.096300467575 115.343972756036 176.048306794417 116.848378695336 160.259796142578 0 181.336515058935 139.802752292859 166.606311477808 141.06860632016 0 0 200.074254033081 210.925903015455 0
76.1310072030046 129.381626681889 144.486749707183 109.543890200638 0 16.9841075084477 103.319766940106 33.5814578108461 59.8936303196609 101.362077088009 61.0647880269644 67.7917467062569 181.246311767151 43.9325594994656 15.8377399547639 144.450424194336 120.99844768261 85.0728530983108 146.632444810401 96.7267928932384 129.40515131198 96.4458764692421 143.017644655906 85.0675397921875 152.018417358398 144.327234184563 125.411763251143 117.66741654428 33.4368795138973 106.854649629464 219.697204589844 19.0453044405292 113.704162716429 17.4520282359461 102.669575603141 66.9957950604219 63.5439400209375 45.9700901198378 45.1672466829286 14.5004785811402 11.5753570717924 57.6494342040462 0 0 177.310668945312 233.346603393555 117.614109067553 0 0 0 0 0 207.222091674805 0 0 182.481508154621 0 144.827667236328 226.058197021484 0 128.56503132536 0 0 0 0 0 0 0 147.108943555571 0 0 0 173.532532152567 0 0 241.019622802734 165.514478032864 0 0 0 0 0 0 129.949493408203
66.1216817727124 123.862233300276 127.246319341484 75.3720791156315 16.9841075084477 0 56.75549134452 21.5381610631311 71.0104821633848 27.3118133175787 72.9535263370215 37.2545256047967 93.6874914547932 41.7831421090838 16.3731379821505 114.575888826069 146.943492832013 122.994316545316 117.565608776601 57.2164716791193 118.828839359084 101.859001501847 122.997970421451 76.3936237129476 108.776326111209 140.209832984109 133.570138259925 76.5038698679811 51.0935560889922 103.249068193107 105.10620880127 17.1078685196476 100.430512774474 36.1936440223455 21.1231283246304 84.5381387338879 103.154815079164 62.162590646883 72.2432296152103 25.1526540316864 28.2777494901936 62.3075368990101 134.550538688567 0 212.290662781305 172.220292496274 134.48225807279 225.088310207277 0 183.616519217818 198.550887284042 199.203847278516 167.104615104912 0 187.704946348718 160.947750625255 181.062238100006 135.95883958824 174.162546111726 228.630859375 135.957564990832 219.115064200725 182.431043221872 119.57056427002 155.882956780006 183.69359164954 0 0 167.846903343742 166.697536626293 156.966804379553 191.424064414823 145.050426482074 204.018478393555 216.067748051396 190.064297119028 158.775308657955 195.658775833135 167.49865954562 0 197.637939408395 183.712989963913 177.007095013096 163.056826841545
32.6412232160442 107.378805722942 89.469185969668 49.2183413510642 103.319766940106 56.75549134452 0 60.2719081976653 61.9455986619154 26.5723902264096 137.13219819433 56.9267786934565 143.416968577111 39.9165705748181 80.7348746002534 73.189230612187 105.666731857799 157.347183913222 126.201246638407 26.8940894847094 73.9997262918831 75.0846355132705 79.100494568927 49.8470408323575 134.247998905431 120.993976861257 99.657844804022 34.8028302310217 66.7008610721817 25.502551217634 153.624725341797 119.94661343543 69.6403695901017 81.8641013803895 131.50619859422 85.3043178120463 101.905661767622 87.1078387024514 92.7478079483341 75.6735098238242 84.9138619399931 130.154121646229 136.450351266242 152.724349975586 153.768090105443 167.052466746428 132.770491814679 172.519921039653 0 146.191078705105 164.12612247995 159.390366392772 149.490474210583 143.830440938132 160.655371886209 133.803251189027 158.434744749657 85.5300441462573 150.875033052662 199.660637548614 116.970844722636 181.169801764034 166.099598096897 140.370579082747 138.894011381272 187.434912166764 0 204.971160888672 138.756435552096 139.858919212469 113.611198525625 157.121978089639 116.979077304822 159.070387172754 208.592374132636 162.634047946742 130.584004948684 163.0734066225 133.56736730122 0 206.832336425781 140.756119215205 153.299616074376 180.062840092185
38.7772389032048 129.912151462034 116.804843526041 99.6449412234345 33.5814578108461 21.5381610631311 60.2719081976653 0 94.117880085074 52.2992421802533 78.5573159986055 70.1139762993326 109.031886219313 17.6091257962191 42.1607642545927 123.326535730983 123.966111387328 124.484624080425 127.527786594936 82.2693774588859 103.884747834428 111.148399234899 109.452518829817 88.6870299551521 112.228949161838 136.965564076622 138.299938711771 92.1083031648422 46.907825537935 77.1995759034664 133.508739735763 25.4209519583064 77.3957009203655 52.0846313833535 109.72894846352 81.8644328574218 107.43226924399 64.852608876304 85.772663072435 36.4684300539287 40.8418426943803 82.4585175908558 168.089119792755 0 167.184102656962 172.132293701172 162.696057484809 191.80389608662 0 170.318709708492 150.728799336974 181.692258164919 177.633236073079 0 206.259371991979 164.399188182598 188.43887295514 115.235423048222 183.057219242565 0 147.872873318412 167.117538452148 188.407285269871 0 167.416762399925 194.321506467613 0 190.271963663011 161.019587558741 165.19719448046 146.505186644626 192.926980608467 147.192049983191 187.442718505859 197.629803034814 183.237954058861 153.520589595649 180.160162378146 177.905287580601 0 0 178.228281577432 165.716972941357 200.917000052445
76.2889591185795 72.1937165307367 109.166274300077 51.8794854669925 59.8936303196609 71.0104821633848 61.9455986619154 94.117880085074 0 77.9827652423581 134.100512967372 19.778211071035 121.888783633605 96.5896497871425 30.6636630957659 58.6908206926749 118.179100975628 132.75097999098 121.515386318678 51.7563416368574 67.7041119666394 32.7115500813156 92.8027755856019 22.9421512372582 99.9695192103392 119.92264108051 96.1074406955624 58.0910785515769 84.0591577447731 63.9531797416451 137.775366446252 102.092822979462 69.2824318657464 84.7114010204604 130.136697370522 64.8708680255885 103.55583610957 97.9403079131169 96.0716171771983 20.8118214287383 92.7440003052225 118.619017736264 74.8170117021509 0 101.380425477266 121.755529976184 72.8015371355987 0 112.777008088878 83.8174801622777 103.80922057026 123.364624299289 92.5839326632418 99.5820997874194 103.370330937943 81.871857715293 120.932073504324 21.792951024964 106.24906841499 165.00495374839 66.3032542755881 135.893157958984 120.288153522299 64.0889595216252 64.0522444550545 151.695296396463 160.174453735352 0 86.0594094226912 78.9637126850181 46.8721467387064 101.570135076504 55.3045063293368 116.420053798429 177.704731849342 123.619426051174 84.2392667674132 99.4335810450522 79.9287856570763 0 131.712787061119 85.6397595230272 122.204073886767 179.834306290407
55.184667237483 144.020397453285 114.634943236172 25.6756491487716 101.362077088009 27.3118133175787 26.5723902264096 52.2992421802533 77.9827652423581 0 148.649584813445 29.4583845632939 151.052187927963 43.8663912673285 71.6784646516653 91.5954135200473 146.454002757142 173.65891490633 162.591164422828 20.5472727598616 100.41988704736 93.5366075716587 109.41982455052 56.5640974545883 175.723404575146 150.383667297492 128.49395902381 28.1220452674132 104.810387156317 95.8201321837275 182.036331176758 126.400687574796 99.9693694050027 96.6646128473438 41.8864986448732 100.324711857704 123.804505737417 98.5994003293924 111.782908005202 74.6970151136169 95.1329524232697 101.89301082736 126.348211727993 0 178.926745034971 171.65470774025 129.672764320607 170.776770529405 0 161.88069204512 177.305229646057 184.151244215705 161.762250219183 167.937268233534 166.537925899258 152.687184405906 181.542883916398 116.632213786243 37.2657893874769 208.020701042928 30.8373186402376 0 189.183951373678 133.932250541756 155.507326842546 188.603637428274 0 0 87.8082820016484 178.024737944494 150.55566199086 178.974541126952 132.474684422994 0 183.577117919922 177.72443883923 151.575268488572 185.608759152181 164.902782415685 0 194.232637121499 152.275226105978 182.643900806868 189.377671415093
103.154154463841 60.7119001008035 87.4224103881958 159.87088090283 61.0647880269644 72.9535263370215 137.13219819433 78.5573159986055 134.100512967372 148.649584813445 0 136.583557557599 18.0762316957277 79.0333365561576 99.2718755964447 123.848572414421 53.2777042127306 24.7364384151809 28.9013078855101 142.265132211007 100.327368658849 99.2306506460911 86.8118877216241 143.017523859222 33.7161484232696 29.8420908684257 55.4497325993357 143.802692641977 72.6557458030065 107.081812614282 29.8369950788243 67.0856140043282 110.704968782869 22.5450869717752 144.106279900548 73.9636923493249 24.2888015815493 26.5786227498045 44.6870391398691 67.8278950227847 69.9680055827866 15.2852719183954 151.966655474464 56.4177193461357 132.011407100157 140.539221605159 0 0 128.455169677734 0 84.3080052974908 137.418147768125 0 0 0 211.086045974874 187.074866510182 0 0 86.2999392591311 0 81.7547120842113 0 0 161.865256714536 184.345707091935 99.3596116051468 108.681478767244 0 198.746337890625 128.229139138429 162.27890592167 228.092541365157 67.2201968788884 107.040343638643 104.45216890545 210.944783184228 189.401473999023 244.567718505859 99.2621645884818 0 0 139.060246845977 147.737741921968
86.8952363037853 95.746816206007 144.375004563836 55.8547878188608 67.7917467062569 37.2545256047967 56.9267786934565 70.1139762993326 19.778211071035 29.4583845632939 136.583557557599 0 134.933317289059 82.3609976121105 23.4225489823674 151.203685870532 172.546235480445 147.214701271658 137.184607449514 19.1052727674119 133.998612680666 67.5188224089077 124.463673970429 33.4899028647633 123.277287299096 153.933206098329 135.92827290941 67.9811039733008 97.8506116512499 122.526931978653 164.013809204102 113.315017268174 90.8192169690365 91.8154707517346 16.2354356709229 78.6244664257885 133.789187302814 90.2412738235107 96.2190194868311 28.7945132786596 84.7282829273466 137.057232562558 101.057708148814 0 223.975294572867 96.1163635253906 113.754382527716 0 0 0 0 0 119.169978186085 122.211627917844 68.9783691545483 128.310858824661 137.725969449567 114.631323024247 94.5745310134933 0 17.3939905530931 0 131.922243198565 98.7310996167225 140.989883422852 0 0 0 32.4210069402232 100.421478271484 74.8267288208008 0 117.004062802299 0 0 164.625306158325 147.925620978079 169.827945291961 121.02251151163 0 0 143.48323059082 0 173.957889685774
134.885479426256 45.6990400939585 86.578772144967 180.043714385216 181.246311767151 93.6874914547932 143.416968577111 109.031886219313 121.888783633605 151.052187927963 18.0762316957277 134.933317289059 0 101.824217168439 146.016438114839 118.980869086224 75.5313665502311 48.9920777652174 59.2215295842323 0 127.051121030031 85.4162946012044 107.7992509874 133.45288269475 17.3303104372829 21.6829032959263 22.8364770115894 146.466050870514 94.0708834640578 131.346480551262 8.26697590026318 81.1919311546707 0 20.8353691599706 106.288060884016 42.3917636832447 23.1090218956875 28.2995278368965 32.947459558431 105.490245631134 30.2109451059185 11.2984774211193 146.052773629727 52.2368818827493 109.35761782058 122.346687316895 236.018371582031 147.802154541016 57.6355842529383 196.724884033203 72.9706610342937 124.855998817038 0 0 0 193.822427907427 137.602203369141 146.236782125032 0 75.8707442241495 0 67.5472629861288 198.177322387695 0 0 122.719885496408 91.7093250178505 105.607660079649 0 0 112.713021952793 145.198697998245 161.404233372583 58.5698943520713 93.7775241833638 93.3394767151923 221.11262512207 0 161.220779418945 90.7522478364682 0 0 111.082936976311 128.539364766254
21.066205830896 134.224288075568 115.085243124917 111.135420688343 43.9325594994656 41.7831421090838 39.9165705748181 17.6091257962191 96.5896497871425 43.8663912673285 79.0333365561576 82.3609976121105 101.824217168439 0 58.9993346669458 107.554553440806 121.243676166064 132.420987414318 131.144875080301 93.4751140419688 104.455530602661 106.927882196438 109.983382529689 91.1276298349777 123.165488550797 133.34381583655 129.556567426027 92.8731367616534 30.1694739142357 72.5940544491793 0 25.699102148829 58.8823739657931 54.1636410757383 124.477364704609 79.8561510775623 105.723162444432 65.7019482239128 88.5964357117456 43.8959110245072 47.6670999447698 64.0084764469914 167.138387290463 0 188.6524991449 177.244044089442 167.507693326189 0 0 163.498093609889 0 183.091022563907 183.013333354025 0 177.95942542054 167.909292005709 192.136651386514 117.067626830803 182.516487044694 0 144.985191850036 0 190.606903851849 190.376541137695 165.842557021078 196.239761352539 237.770904541016 0 169.943166831203 174.297800335113 157.530934494673 185.273983140764 155.974756818524 158.374819120973 205.911400574309 181.308940261215 160.988845114534 168.052176041121 167.974386150774 0 233.082521865149 202.964721777683 189.323722153568 183.188981503875
65.5380126710641 99.8564012575521 115.068143638909 73.1874555209653 15.8377399547639 16.3731379821505 80.7348746002534 42.1607642545927 30.6636630957659 71.6784646516653 99.2718755964447 23.4225489823674 146.016438114839 58.9993346669458 0 100.904576415475 129.356378128521 0 158.706553036632 59.9806813989678 111.437335570734 68.9473644988353 117.195201748765 46.2829604633926 140.376611484038 161.05279243437 128.404752182726 85.6461506550903 63.937554689418 107.950877315277 169.944751405947 44.3796489100789 119.845263022674 51.2450946963824 56.5201347196979 56.7479125820892 58.5330505844453 92.2495521336371 42.8649288806916 12.9212160358238 27.4012210407244 0 67.7719650269562 0 142.820388793945 59.4652148298508 102.909996186023 0 0 0 177.669677734375 204.304504394531 126.265116578441 0 134.564736999991 138.383237648848 185.55237414683 64.3270570620216 135.089376372218 0 76.3846758590199 0 187.830428675155 88.3015724301718 141.992393390856 0 0 0 120.113751561588 128.520172119141 126.306663513184 213.72087097168 92.3425851602829 0 0 175.116439819336 125.777799824455 216.746307373047 180.615824039234 0 0 0 186.466583251953 76.5381366456095
97.1831925771043 56.7565529173651 79.7531887568589 94.6831548554574 144.450424194336 114.575888826069 73.189230612187 123.326535730983 58.6908206926749 91.5954135200473 123.848572414421 151.203685870532 118.980869086224 107.554553440806 100.904576415475 0 87.2500104175224 110.870986938477 112.668764510943 120.500088706166 20.7540817876022 32.980804634353 17.5381351487434 33.7406203601982 109.101459717539 108.007030539381 21.9656920028683 36.7376635972314 91.0837188279093 66.0117393034604 0 147.56966974814 68.0583144279605 57.5198530020217 127.726558461845 64.7165407579271 58.4451487707569 63.5348201672392 65.4403397872842 75.6636175329268 75.6969470109093 143.249240909448 141.335371792755 138.681334157666 141.841338017521 144.986222255026 146.936429190022 0 0 145.932062572513 109.573900654335 122.883432607354 178.807781433385 173.172821044922 171.215783751453 141.883874245995 165.745921627844 98.343644911509 176.702470574352 145.896026549556 0 0 151.066371936818 0 94.7703501356222 134.832149817725 0 0 0 104.665719482993 53.9421007171007 99.4410630418243 108.061876911267 0 153.168594457305 107.033705203383 122.317141144935 138.228955673279 109.296837927946 0 0 139.821072325666 107.169956776057 143.859789896516
102.354129836662 55.4922751029827 46.899816497168 167.500765798284 120.99844768261 146.943492832013 105.666731857799 123.966111387328 118.179100975628 146.454002757142 53.2777042127306 172.546235480445 75.5313665502311 121.243676166064 129.356378128521 87.2500104175224 0 58.7301376263935 22.6011860706445 171.046883892186 49.8845052620988 73.8487085646799 27.8081359241888 126.921730884256 70.9081437493864 40.4688381898657 60.8904033243465 103.842441242187 107.063446294741 65.6752954120005 85.1832705685489 130.727488848955 97.4430145705607 40.7221759069009 137.467371720088 72.2324894679238 50.5807273542384 47.1385239575121 61.3140969710607 97.4323046887873 106.471353333107 65.7090370649417 133.594335429342 145.921738839566 129.655444372631 130.265888460169 172.433440514948 0 0 176.285343085613 80.2177479825957 110.451445707613 215.791198730469 0 0 170.644643300641 203.526580198185 143.965941437058 196.171093539277 133.835822467497 0 125.013731590216 188.581911481517 187.151245117188 126.711409794708 120.798201871237 151.511504304892 133.856493284999 0 156.777651921253 90.0554156286332 122.090388324831 157.638567132544 107.479889114579 120.781675011016 106.835957492483 169.929050647864 218.505722045898 159.568016753749 143.180871155697 228.383087158203 154.680267333984 142.277289162722 149.197394333149
146.602617520992 67.6622377485431 85.9506284497048 0 85.0728530983108 122.994316545316 157.347183913222 124.484624080425 132.75097999098 173.65891490633 24.7364384151809 147.214701271658 48.9920777652174 132.420987414318 0 110.870986938477 58.7301376263935 0 21.9995438983861 0 112.275945520747 113.993323839922 97.5032577307188 146.667432123529 46.4900355914369 27.8088454098331 61.6215429093841 153.070484780411 117.497060497577 118.535129140387 54.692874182011 93.5027636262548 134.90506820603 55.9088478246196 158.045340051036 87.3821352492346 50.5451533442849 55.6865602314848 63.6297092488001 106.711584775452 142.605808185918 57.6648869519739 143.780836434978 130.088294762531 121.776579196507 151.619804399522 0 0 71.8507690429688 0 87.8755429964803 156.676385364797 0 0 0 239.150772094727 226.881805419922 0 0 105.941845647812 0 93.856016932441 0 0 0 121.233028776122 104.4403856402 115.554739986486 0 0 0 163.907638717837 0 76.831084026961 107.142507172886 107.227921829187 217.537780761719 0 208.006240844727 109.595804304526 0 0 145.400543212891 0
118.335484454589 57.494490009758 68.0815005708537 148.036880493164 146.632444810401 117.565608776601 126.201246638407 127.527786594936 121.515386318678 162.591164422828 28.9013078855101 137.184607449514 59.2215295842323 131.144875080301 158.706553036632 112.668764510943 22.6011860706445 21.9995438983861 0 0 86.5433377944836 92.8587609181448 68.857241162467 136.056685047904 49.7284360155644 35.4356901007702 60.2662693173442 125.901822735038 114.898877200908 91.6199923979534 65.2991074819174 109.656505955342 115.977876904822 43.0424390182498 151.740134239095 79.2016072534693 49.100465381598 50.7736668233732 61.1939028102635 103.661222588584 96.6497312596932 71.7850305458282 147.146893876372 100.912128449682 114.679768822467 123.317941992936 159.516251939165 137.308517456055 90.7024559737079 0 82.6939849833212 123.648189391118 0 0 0 187.881064191542 0 131.489334106445 0 131.20682736374 0 115.248556343332 211.081157553206 0 149.772528458267 121.081122137752 103.87169444126 119.380961606408 0 184.786548771976 88.124654179733 137.058737045825 164.776189884767 84.9733009586192 111.45914670916 108.133616984995 197.577331705156 0 191.402244956392 164.133769301761 0 0 114.961710148949 169.072038467184
81.3934384052464 168.827954438645 128.198147393941 15.9839188431617 96.7267928932384 57.2164716791193 26.8940894847094 82.2693774588859 51.7563416368574 20.5472727598616 142.265132211007 19.1052727674119 0 93.4751140419688 59.9806813989678 120.500088706166 171.046883892186 0 0 0 125.726561931761 83.0691167921394 139.094202071752 24.7461472105273 0 191.922103881836 149.740481470683 34.6462664937476 101.941033619559 98.5558186744522 0 140.777231538913 77.658546425416 93.1534417480877 41.7760826317463 89.689565992797 130.50713036844 94.7203696629638 93.3978478681364 65.268384998699 97.5904889820898 110.711708068848 86.3202983945501 0 180.59382447691 0 111.287682501948 0 0 182.553833007812 0 162.697174072266 140.413335181605 0 141.119098924325 128.228514041767 149.238379016164 86.1151583784167 51.6488160693911 0 26.489297819475 0 168.470960325656 99.8457338580965 135.797164916992 182.062118530273 0 0 89.1557072815899 186.13970714706 121.489343496851 226.405044555664 108.013673736252 0 223.199320538561 155.548873901367 128.506485398467 181.557956669323 149.744126652847 0 206.510894775391 128.63981628418 190.923819184482 235.16401038771
82.1746822364126 90.4073606382731 57.5370114323993 124.92705168573 129.40515131198 118.828839359084 73.9997262918831 103.884747834428 67.7041119666394 100.41988704736 100.327368658849 133.998612680666 127.051121030031 104.455530602661 111.437335570734 20.7540817876022 49.8845052620988 112.275945520747 86.5433377944836 125.726561931761 0 52.348568705105 24.4702977418597 44.6989570165413 118.927632357641 98.4457963103108 69.8908381323272 30.7615647936519 82.5392414837046 31.9995636606293 150.483431464502 129.974726281027 68.1672973831149 42.3511326448879 134.483995561392 64.9802762942745 58.7410341045859 60.5962141687323 66.8320979670458 77.5702546392161 81.884675883948 119.173258380713 125.002335929248 165.719057186208 147.37111611935 135.004086843317 140.692844044092 164.136148358094 148.787017822266 121.616503459481 128.861168009195 133.6765304229 152.906512924453 0 180.581136526207 135.494439598439 164.423784885681 101.961403197043 166.229222035798 145.398431810099 153.513115644729 0 157.179080640389 109.579666137695 108.459790457893 158.573661828526 0 179.913294904486 185.591838332343 114.684129097249 73.9714533083124 119.700726715783 113.590138224723 190.729917357566 166.536544892521 133.13293243786 126.287664201203 138.690443429646 115.890105199664 0 245.431838989258 126.164333719112 122.474638256899 146.988052964696
82.480709381162 31.1826092812272 52.3384932719781 79.1874799773413 96.4458764692421 101.859001501847 75.0846355132705 111.148399234899 32.7115500813156 93.5366075716587 99.2306506460911 67.5188224089077 85.4162946012044 106.927882196438 68.9473644988353 32.980804634353 73.8487085646799 113.993323839922 92.8587609181448 83.0691167921394 52.348568705105 0 49.706287872182 37.4235302790519 67.2605303255145 84.4564145476537 35.9588053007707 57.9967813748496 88.3434454920312 60.1446884895625 108.962057021362 145.76013399366 70.9565010797555 59.3262329625137 128.91725600095 65.196682285996 54.4780323367734 63.5546069575193 63.9889138310747 61.2217649536355 89.8946155986431 86.069758867297 95.673876445874 107.024634947959 109.156783355847 98.2338218049806 102.443259136305 0 128.011566162109 100.006305108854 39.1370602802395 71.3517457043465 141.771403000568 126.58277130127 139.374072826891 103.696457388435 143.548061507926 30.151288950792 145.113349880333 135.339208416138 134.851991044772 148.145011135204 122.90863595668 0 53.2387943378916 94.6937349794062 0 124.63745208674 146.899833102473 73.7322771838144 14.6334873503246 67.6614422250606 44.7138156971548 83.8615312957008 111.69570063521 63.2320304337413 92.7473366017435 104.04976353906 80.8681565024167 0 0 84.4828736344062 79.8215678891104 152.978448595162
91.2839834670423 64.8940588600224 30.9342822511525 107.303557453952 143.017644655906 122.997970421451 79.100494568927 109.452518829817 92.8027755856019 109.41982455052 86.8118877216241 124.463673970429 107.7992509874 109.983382529689 117.195201748765 17.5381351487434 27.8081359241888 97.5032577307188 68.857241162467 139.094202071752 24.4702977418597 49.706287872182 0 67.6914282196075 100.329832658258 68.6833896250965 34.1276059019001 52.1401310713952 95.7855282477746 44.6325081855138 112.588284357931 145.633597402544 75.9617893474562 45.7390979304772 133.267689780886 65.0931697785427 47.8023671303693 56.1296724783299 61.9355711674571 75.5505230225237 87.6086053925964 102.914881349347 130.042602826223 131.262494024889 138.56522875436 129.991360341159 159.830337772104 101.28604888916 134.290725708008 140.891656088908 91.7122637586912 109.169899281221 176.805127268167 0 183.386728396965 152.234934145131 182.679416167906 110.284693123304 177.344959258261 173.574837952187 0 168.120566823919 168.260804172104 0 97.6153359868869 140.970307453271 202.26708984375 153.970925303839 164.621022741875 115.734411391872 64.9750330908993 106.125488658079 127.695185395503 129.214126048971 142.053723165279 105.413515076172 141.723076686628 148.28178685122 127.818077700761 166.011169433594 0 180.481796572027 127.763481438972 143.550080935237
77.653417149395 79.9054778126407 101.046960491796 26.090784231077 85.0675397921875 76.3936237129476 49.8470408323575 88.6870299551521 22.9421512372582 56.5640974545883 143.017523859222 33.4899028647633 133.45288269475 91.1276298349777 46.2829604633926 33.7406203601982 126.921730884256 146.667432123529 136.056685047904 24.7461472105273 44.6989570165413 37.4235302790519 67.6914282196075 0 112.750113091651 129.504323559212 79.2651307678822 25.583839873318 87.5095162010226 69.0948265207617 148.068386792226 128.261130879815 74.8470524603728 79.7398080102311 140.127651123211 75.960628021481 104.573379714265 90.0933970100732 94.7616276996109 43.7115772211659 88.4666635839937 132.606412099047 113.22820718201 162.035643833407 146.812501045636 138.485600152665 110.209446570763 158.72979093333 213.624710083008 122.199452106355 133.289152081654 142.374004651386 124.506253054097 120.885689305161 143.636539606294 119.155808132982 145.227377267665 66.8421293495608 134.358655437635 203.238228027482 106.139818004583 164.112854422191 151.925466230842 100.202860590785 115.88323007484 163.937585417793 0 197.56915817672 120.696978707061 118.237117204209 89.72093399748 131.248879180069 93.3229254376178 139.973573954718 193.305092279656 149.965871569797 116.062682859368 139.67144618742 121.087510722556 0 199.414289962862 135.192493702653 127.33670215206 169.447661804223
158.184796106349 21.9736505697517 71.7686642798553 144.884730627939 152.018417358398 108.776326111209 134.247998905431 112.228949161838 99.9695192103392 175.723404575146 33.7161484232696 123.277287299096 17.3303104372829 123.165488550797 140.376611484038 109.101459717539 70.9081437493864 46.4900355914369 49.7284360155644 0 118.927632357641 67.2605303255145 100.329832658258 112.750113091651 0 42.900885148979 20.5901568850106 129.675037062861 113.197615947135 128.552446714415 47.6449721437483 103.578521728516 188.667419433594 38.2931932748077 174.615946652165 83.7944347180336 18.9458971636969 46.8887201666898 59.4941786456923 115.018527546788 103.959945678711 16.8282126773674 103.404056630054 55.1479469284697 84.1845088251768 90.8194974217086 133.549204878089 0 27.7536282978737 151.300018310547 43.2567667505739 95.0642419196344 219.972579956055 0 0 167.720754364715 153.586490756759 124.380218791452 0 66.8843225365652 157.617965698242 45.5232805896303 137.729084564756 0 173.720947265625 97.5771453420524 70.0381577612009 71.8635269668013 0 142.280192824716 81.0416286914103 129.831840058368 153.231945057743 29.9673848531745 70.5661154123482 66.3390461108869 153.67076686791 0 155.875437756509 78.8041236333879 0 0 80.1448103432906 136.859371949346
122.563811449704 48.5733250119244 35.969262751558 185.486981662503 144.327234184563 140.209832984109 120.993976861257 136.965564076622 119.92264108051 150.383667297492 29.8420908684257 153.933206098329 21.6829032959263 133.34381583655 161.05279243437 108.007030539381 40.4688381898657 27.8088454098331 35.4356901007702 191.922103881836 98.4457963103108 84.4564145476537 68.6833896250965 129.504323559212 42.900885148979 0 30.5698380102549 122.520994401049 127.205669760257 100.384553039925 21.4387632090948 108.588791574503 124.661851217088 58.2196452394062 148.652547593725 80.2387505154232 51.2411755947115 57.8023686951134 64.8777249387978 117.992482953473 107.34275839249 71.0254117154754 130.244893681383 108.652967708001 117.915052783258 118.580403458846 179.333988152013 120.568968824058 85.7122626147186 224.103740590028 75.1153238416582 108.92379281693 0 0 221.773653915696 181.211161887712 203.636983453753 138.445764512283 236.534636650326 107.118953081817 0 95.4026386464349 198.819782073814 0 134.287051127329 107.086193022875 107.574149242318 110.395525433153 0 164.319632382491 112.026478672771 134.80651871791 171.315978899921 78.2468782508988 101.820464505382 98.2441135825507 184.116116723316 195.318015147008 157.824283317141 116.420256085069 141.849960327148 0 115.586754736179 145.525118189466
125.851466786997 22.7336510456525 32.2107355637927 127.233624960819 125.411763251143 133.570138259925 99.657844804022 138.299938711771 96.1074406955624 128.49395902381 55.4497325993357 135.92827290941 22.8364770115894 129.556567426027 128.404752182726 21.9656920028683 60.8904033243465 61.6215429093841 60.2662693173442 149.740481470683 69.8908381323272 35.9588053007707 34.1276059019001 79.2651307678822 20.5901568850106 30.5698380102549 0 77.52249175812 125.879095663278 96.0615789190602 21.4367748001237 147.527752453081 111.15818678496 58.3219750054389 140.134757674233 72.6060770695756 48.0427104133852 56.9684065033744 62.4803424480239 89.2126144227471 89.4376106518011 70.8605197476216 120.345693573395 95.0867448195674 104.649149076025 109.579316836455 143.666058372687 116.996425705453 79.0944561221118 170.78874911523 66.8152518381192 91.1681591365117 171.976744982444 168.715066144135 178.271455297474 146.900637297564 176.010847407863 138.721718983545 169.464647515037 111.966613085334 153.197845458984 96.8093992189918 166.74098123564 182.046234130859 90.5162304903104 103.752054376339 104.86648484008 107.824094183927 171.341567993164 120.448387767717 65.2972103904868 96.5137046963884 136.85063544057 73.4979492326685 97.3554165028652 89.3112642687494 141.645778532628 175.689824137413 135.376833364028 116.519007017414 0 130.123652929466 109.008344018711 152.054683101604
75.7555655246946 95.045070312631 73.5119236446731 17.7145083865958 117.66741654428 76.5038698679811 34.8028302310217 92.1083031648422 58.0910785515769 28.1220452674132 143.802692641977 67.9811039733008 146.466050870514 92.8731367616534 85.6461506550903 36.7376635972314 103.842441242187 153.070484780411 125.901822735038 34.6462664937476 30.7615647936519 57.9967813748496 52.1401310713952 25.583839873318 129.675037062861 122.520994401049 77.52249175812 0 89.5498751091527 36.9448246540136 0 136.654590203614 73.5834177800275 71.1424025433283 140.499442037727 77.5221254511557 86.6728320781723 82.2072214345297 83.1399647584264 83.3371506173636 92.1824876309705 121.220961293924 132.721547697179 159.822716703996 146.526204508283 143.60368085614 129.894768095979 163.95101761166 180.78874206543 127.014147741896 143.873967609131 148.037619474854 145.483206595478 152.638476165926 159.649810374601 130.902689751444 158.173100348661 83.4351471225388 152.133675045252 185.065214303131 119.39155384841 180.49501092535 162.577848330219 115.320872762247 121.601112196124 178.48691009745 0 188.012416364233 135.965683282447 125.14158296832 94.5997861683565 138.491380332813 108.580835676811 174.471834099076 175.618707872174 143.264547585548 127.51548898544 150.342380350258 129.202808674449 221.427627563477 185.314707738163 129.781315660237 143.448762020452 165.349989717721
17.8645308153011 126.687532388068 118.29663717455 111.418493085202 33.4368795138973 51.0935560889922 66.7008610721817 46.907825537935 84.0591577447731 104.810387156317 72.6557458030065 97.8506116512499 94.0708834640578 30.1694739142357 63.937554689418 91.0837188279093 107.063446294741 117.497060497577 114.898877200908 101.941033619559 82.5392414837046 88.3434454920312 95.7855282477746 87.5095162010226 113.197615947135 127.205669760257 125.879095663278 89.5498751091527 0 25.8221520883888 109.570806204296 20.9581576711022 19.8803963564014 36.7845155854645 109.728792316131 67.1637819538103 90.0704441269101 54.0840560597376 69.87890315418 50.6650743808445 33.5555850064052 69.6610629728023 155.708484639803 0 171.660076058987 167.069438502505 156.133399655702 136.774641575867 0 151.386619095073 136.295605188629 188.411057906736 182.141332299035 192.537002563477 197.070191301754 155.645468708206 187.931800893324 104.781430487956 174.338768002526 0 197.424319420098 216.860961914062 177.457122071435 231.836227416992 131.49448433248 172.282379150391 0 220.838862519776 185.813687271913 137.956684426719 133.260937081932 170.767314132469 134.110425118278 187.206039428711 158.904357910156 178.817824030299 147.44710291923 165.647736642177 148.81718500091 0 0 157.164174780571 139.467389477446 135.294557596086
25.0766961908627 97.450748754041 70.2837046456322 94.5130657932959 106.854649629464 103.249068193107 25.502551217634 77.1995759034664 63.9531797416451 95.8201321837275 107.081812614282 122.526931978653 131.346480551262 72.5940544491793 107.950877315277 66.0117393034604 65.6752954120005 118.535129140387 91.6199923979534 98.5558186744522 31.9995636606293 60.1446884895625 44.6325081855138 69.0948265207617 128.552446714415 100.384553039925 96.0615789190602 36.9448246540136 25.8221520883888 0 0 122.464311378354 49.99618078964 35.7989093782443 121.287692175861 64.2451743417446 72.2002416273999 58.2180023744794 65.3845240920331 73.4612655746765 71.7858696222333 105.064303353302 136.121920714236 128.098313813709 139.223895797071 140.23940489448 146.796745688735 175.459298422745 0 128.201273137514 144.414061394231 146.201879198513 159.274445230421 180.840301513672 174.565946985657 134.309595818801 160.954642885901 80.0274927765301 159.571186352507 196.632256743525 133.819441834598 169.28960623662 160.997861429886 137.087176680679 114.352900708712 164.739662784211 0 206.297940035529 175.068008339458 117.708126891797 80.198804160634 137.926712964799 117.434504207024 0 178.718815745235 143.347481393559 126.559269754331 144.793818332525 124.793262415098 0 193.975405799098 127.058773326376 144.042064764767 155.579701181457
0 65.5967262548665 90.334237805519 0 219.697204589844 105.10620880127 153.624725341797 133.508739735763 137.775366446252 182.036331176758 29.8369950788243 164.013809204102 8.26697590026318 0 169.944751405947 0 85.1832705685489 54.692874182011 65.2991074819174 0 150.483431464502 108.962057021362 112.588284357931 148.068386792226 47.6449721437483 21.4387632090948 21.4367748001237 0 109.570806204296 0 0 0 0 70.2168570640004 0 97.4182670346459 61.1363630795708 65.6418531112573 76.7794779524798 181.495178325771 0 58.6471682737292 121.061134338379 77.9983836730896 119.16670117215 0 0 0 67.6735992431641 0 90.63123354228 159.496335434323 0 0 0 0 0 0 0 103.390756806654 0 102.284070101949 0 0 205.499649047852 131.001757532557 112.698871384029 115.561552202196 0 0 135.216125488281 245.649520874023 185.44775390625 80.4861608810436 112.495830097241 111.926165170119 0 0 0 113.746994587638 0 0 132.313507080078 0
86.6353064783638 130.137550738901 138.619812247048 153.607924533731 19.0453044405292 17.1078685196476 119.94661343543 25.4209519583064 102.092822979462 126.400687574796 67.0856140043282 113.315017268174 81.1919311546707 25.699102148829 44.3796489100789 147.56966974814 130.727488848955 93.5027636262548 109.656505955342 140.777231538913 129.974726281027 145.76013399366 145.633597402544 128.261130879815 103.578521728516 108.588791574503 147.527752453081 136.654590203614 20.9581576711022 122.464311378354 0 0 91.8908981905545 23.1227154459826 117.485415735514 79.5227673592373 70.3070070263873 47.3063820954006 63.1892033526739 41.0205908513428 20.709082177719 69.0341567993164 0 0 0 0 0 0 0 0 0 0 0 0 0 0 235.586715698242 169.958511352539 243.836084304324 0 0 0 0 0 0 173.22265625 0 0 155.975326538086 0 217.386840820312 211.94303894043 188.028244018555 0 170.868835449219 136.925774278569 209.607513427734 0 213.145824851797 0 0 0 0 0
