0 0.614268004894257 133.538439065218 9.19659605622292 13.7779981195927 123.249483197927 5574.29913330078 1377.9170499146 43.0482722818851 546.605549484491 16.4523192346096 28.3460859060287 4.74244153499603 13469.0685645938 7.55395141243935 8.54932177066803 70.0781904459 0.662888407707214 6.43642529845238 29.3374919891357 212.260017871857 8.31537726521492 420.49403077364 76.0725926160812 0 63.3365263938904 47.1659554541111 188.612582862377 16879.926179558 3888.69293025136 0 16.9594469368458 504.443433433771 744.69115254283 19.9564130306244 427.68918710947 5.68865901231766 173.342092394829 97.8606391251087 135.210559427738 59.1046313345432 0.569312512874603 3.51695412397385 0 0 0 2.03704118728638 0.506457209587097 0 0 0.616353094577789 0.93448394536972 0 0 0 0.602517187595367 0 4.26472699642181 0 0 0 0 0 0 0 0 0 0 0 1.16685557365417 0 2.36653488874435 15.1948073506355 0 0 5.14394867420197 6.15163013339043 4.60135996341705 0.96956080198288 0 0 0 0.842272698879242 2.83560866117477
0.614268004894257 0 447.482655018568 1.50966107845306 0.446134746074677 0 8.68401518464088 0 423.160586297512 2.67084431648254 295.296234250069 4.19815957546234 536.705386966467 5.36055544018745 4.70819759368896 108.770087629557 350.239181995392 63.0669012069702 182.805422127247 2.68027448654175 49.1073869764805 2267.60400164127 204.156958013773 441.215632379055 3103.94950312376 1084.3551312089 7749.13807979226 46.5644088685513 4.36577853560448 17.1142331063747 19.4681522250175 0 0.607636153697968 134.725263208151 3.87142670154572 136.279761195183 273.517849653959 242.555675506592 95.0820319056511 31.889298081398 0.632193088531494 150.902169257402 21.7933480143547 29.2675501704216 49.6395712792873 6.81667590141296 0 0 1.37482905387878 0.930514454841614 119.10204744339 46.9396771192551 0 0 0 1.1942982673645 0 2.11807489395142 0 7.73546117544174 0 42.8460995256901 0 0 7.39760109782219 21.7507463693619 4.32454660534859 18.6666661202908 0 2.70510178804398 15.5195211172104 42.0374557971954 4.4016225039959 34.9415620267391 151.35631147027 332.874694734812 0.88085263967514 0 1.80872839689255 0.885352909564972 0 0 6.08053088188171 2.05222368240356
133.538439065218 447.482655018568 0 0 0 19.1286989748478 355.907458901405 125.01078826189 30.9297885000706 20.6468823850155 40.6761804223061 2.84766194224358 9.6124213039875 205.437649726868 2.39303529262543 115.239757478237 3346.56705209613 58.6286098957062 387.68506360054 0 1141.4974925518 185.636387497187 11590.0144670606 88.3268540501595 15.7545095980167 10918.029787451 10244.4342407882 468.770120084286 216.541875720024 1215.35251536965 3.38867127895355 0.59938257932663 40.6168755292892 257.729180246592 17.1593505442142 654.749604344368 349.500491857529 706.760514080524 320.56779718399 50.4140215814114 2.84045106172562 2.65949618816376 44.8646146655083 43.5344403982162 90.8680446743965 18.0290845632553 0 0 3.49610751867294 1.09107184410095 209.296065986156 187.776997327805 0 0 0 0.356384456157684 0 0.617319941520691 0 2.06964284181595 0 13.1044648587704 0 0 20.5395542383194 44.859114408493 3.61801451444626 5.76206910610199 1.19282329082489 7.45951932668686 34.822063356638 96.199454665184 3.83312013745308 8.2720034122467 89.8726977109909 674.400219470263 1.17014902830124 0 5.1680600643158 0.614624917507172 0 0 11.7220831513405 2.34179431200027
9.19659605622292 1.50966107845306 0 0 3.00913745164871 287.840999901295 68.5496074855328 55.0860238969326 512.87541654706 7600.72102174163 0 1949.50214490294 0 36.5377593636513 89.913380920887 1.96114802360535 0 0 0 21460.3720042408 0.440746694803238 7.768928617239 4.65689545869827 2797.26348975301 0 0 2.0025577545166 10376.5976499915 28.25595921278 4.08571267127991 0 0.460448712110519 2.0396556854248 22.6828370690346 3.39328449964523 25.9098983407021 0.405422449111938 3.92993241548538 4.89798450469971 266.489887028933 3.77506387233734 0 14.6882095932961 0 0 0 29.9900740981102 0 0 0 0 0.937499642372131 17.8564296960831 1.54701614379883 1.69185566902161 45.0420823991299 0 43.9217105507851 20.7644470334053 0 55.2073749899864 0 0 2.08311009407043 0 0 0 0 9.55151110887527 0 1.04574131965637 0 91.2364808619022 0 0 0 53.3634219169617 0.498509019613266 0 0 0 0 0 0
13.7779981195927 0.446134746074677 0 3.00913745164871 0 4272.1886869967 12.6506693959236 2490.91045340896 98.4148064255714 27.8951047062874 12.7917078137398 159.042144715786 2.75062549114227 513.651181310415 4613.76690122485 0 0.458457142114639 0 0 5.94823843240738 0.909615248441696 5.07044714689255 1.28186249732971 56.6682458221912 0 0 0.737845242023468 9.04692342877388 426.828009694815 3.47788140177727 0 2398.29435616732 3.68370684981346 1441.11899825931 0 36.3885867893696 2.72701478004456 62.6646356582642 5.96570810675621 5774.61585247517 1601.08000138402 1.73964512348175 0.536716222763062 0 0 0.438316315412521 0 0 0 0 0 0 1.79076451063156 0 0 1.3437734246254 0 0.990551710128784 1.49011033773422 0 0.881574273109436 0 0 0 0 0 0 0 0 0 0 0 0.521018385887146 0 0 0 3.85334128141403 0 0 0 0 0 0 0
123.249483197927 0 19.1286989748478 287.840999901295 4272.1886869967 0 2293.62734779716 32923.6573572159 112.883482813835 13015.6212342381 54.4868878126144 4659.75438314676 14.1015186607838 3092.01889026165 4958.71120965481 2.7829804122448 5.88611680269241 0 1.82543787360191 708.083422541618 31.7700803279877 6.99990957975388 70.4148061871529 222.868749320507 2.36785489320755 6.23591867089272 16.4433023035526 856.776758611202 652.378433942795 163.255469799042 0 641.265708088875 5.45869889855385 940.930401444435 27.01622569561 154.930518716574 6.69719874858856 155.600983768702 29.9230837523937 7122.00111305714 1145.26139971614 3.72454524040222 1.88396680355072 0 0 0 1.18685734272003 0.993420362472534 0 0 0 0 6.86017057299614 0 0 15.0252343416214 0 5.40207466483116 6.4790575504303 0 5.50043487548828 0 0 0.536247491836548 0.586377084255219 0 0 0 3.47863185405731 0.332717806100845 0 0 20.6798552274704 0 0 0 11.1953056752682 0.791680574417114 0 0 0 0 0 0
5574.29913330078 8.68401518464088 355.907458901405 68.5496074855328 12.6506693959236 2293.62734779716 0 3544.45005723834 505.741526782513 13809.8211283684 11.4558401107788 232.212663292885 3.38963323831558 6591.51811024547 31.5255338549614 165.840469002724 95.3635863959789 1.19650891423225 7.46393355727196 105.968971729279 964.29334333539 87.2715873420238 1607.90428671241 2540.14750936627 4.79475328326225 87.7094266116619 330.557101279497 15201.6052817404 2725.54099217057 16512.9395373464 0 11.8457408845425 266.1456553936 904.550240248442 43.4112038910389 964.371275693178 29.2486371099949 315.44917216897 216.429064810276 406.271003603935 86.781577527523 4.46022349596024 16.8544261455536 0 3.054822742939 0.479509145021439 9.9952906370163 0 0 10.1896892786026 0 6.0967001914978 8.26592898368835 0 0 30.4949499070644 0.791819512844086 18.5842655599117 10.7174436151981 0 3.72991943359375 0 3.76806175708771 0.648401498794556 6.45963963866234 0 0 0 3.251933157444 2.57062745094299 1.80727258324623 9.45477288961411 139.854350656271 0 0.469435811042786 6.56610372662544 75.4772022068501 8.93727245926857 8.00975120067596 0 0 2.9990901350975 2.40865445137024 5.61947217583656
1377.9170499146 0 125.01078826189 55.0860238969326 2490.91045340896 32923.6573572159 3544.45005723834 0 40.4675621688366 4720.23369564116 157.448642343283 1396.38459467888 30.2740134000778 21057.021489054 912.904434591532 3.54096657037735 41.0852109789848 2.4059921503067 4.37028503417969 363.757194072008 167.598750859499 5.57448342442513 299.106690347195 91.687152504921 0.908753752708435 34.3268158137798 40.5475485920906 325.030730873346 2491.4059099555 884.469321221113 0 709.858323693275 25.1676528453827 1609.36203050613 10.6784197390079 371.833613783121 17.5214844346046 332.697052896023 52.7631843686104 2391.21933376789 1099.67766726017 11.4149315059185 0.536227643489838 0.929622769355774 0 0.603746652603149 2.0120484828949 0 0 0 0.734054327011108 0 0 0 0 3.8538099527359 0 0 2.61965078115463 0 0 0 0 0 0 0 0 0 0 0 0 0 14.0209235697985 0 0 3.0824094414711 3.92854765057564 1.60272294282913 0.919122755527496 0 0 0 0 0.987930953502655
43.0482722818851 423.160586297512 30.9297885000706 512.87541654706 98.4148064255714 112.883482813835 505.741526782513 40.4675621688366 0 772.846938341856 15.0369740128517 1423.8500033319 30.7661294639111 55.7343258261681 1268.44730809331 56.580337792635 20.7522658407688 4.43741488456726 5.35479342937469 620.759455233812 42.9953904151917 3252.61529004574 76.4134047031403 14930.5238478482 94.7605853974819 65.6617558896542 390.67262634635 2147.76712623239 176.437336623669 398.912036955357 1.37518432736397 2.23086440563202 70.9406791031361 115.165310323238 6.15436851978302 298.979637980461 25.9472199678421 55.3744873404503 44.7789592146873 2582.09037026763 8.93731319904327 4.89782863855362 24.1986578702927 2.70652401447296 3.2864453792572 2.0501064658165 23.0198142826557 0 0 16.243615925312 3.7510381937027 1.07559216022491 32.0750662088394 0.412274718284607 1.77278560400009 117.172603398561 2.18607723712921 272.756203144789 52.9015508890152 0 22.3017628788948 0.431015908718109 8.59434333443642 5.33291852474213 10.570343285799 0 0.451434999704361 0 10.3710350096226 2.40789598226547 77.290245950222 13.1321746408939 516.233276754618 0 3.15187269449234 10.3882755041122 271.098024070263 17.738684207201 15.5161309540272 0 0 3.53411078453064 3.500856757164 1.45341664552689
546.605549484491 2.67084431648254 20.6468823850155 7600.72102174163 27.8951047062874 13015.6212342381 13809.8211283684 4720.23369564116 772.846938341856 0 6.11276066303253 12616.3939571381 5.72775122523308 1962.50305849314 201.004062384367 13.4695711135864 3.71960574388504 1.02294182777405 0 15280.3723512292 39.2127259075642 22.6899890899658 75.2930466234684 1674.34624269605 0 5.66341292858124 29.1548845469952 11365.1372743845 549.284354060888 223.106393069029 0 13.05728495121 24.70988920331 478.440567791462 43.7661935389042 390.434419453144 5.2655209004879 94.3164106607437 61.2756453752518 834.357425570488 64.3958115279675 1.6024072766304 38.151450753212 1.01805317401886 0 0 46.2523735165596 0 0 0 0 0.653381943702698 44.5989484786987 0.955008685588837 7.52088510990143 106.291045606136 0 63.471078902483 78.6930621266365 0 51.9984319508076 0 0 1.69390320777893 0.636210024356842 0 0 0 50.0338908135891 0 0 0.880372315645218 256.332209944725 0 0 0 130.408696711063 3.27939248085022 0.47302719950676 0 0 0 1.68082720041275 0
16.4523192346096 295.296234250069 40.6761804223061 0 12.7917078137398 54.4868878126144 11.4558401107788 157.448642343283 15.0369740128517 6.11276066303253 0 1.14105367660522 14311.7360242009 167.289582163095 1.94388893246651 7.54481607675552 550.113224208355 6800.38752704859 4734.68888363242 1.86170735955238 10.9735459685326 49.4045874774456 59.1375603675842 12.78850081563 2768.97416779399 7101.19972774386 2010.4663605988 9.05879247188568 176.646585971117 15.6115659475327 934.485288351774 18.9665959477425 4.28962129354477 11331.0911396444 7.12307015061378 195.583307474852 5596.43767857552 11055.7305021584 414.467129051685 39.1122654974461 96.2428776621819 4943.40089258552 4.31087905168533 96.5582984089851 17.7153625786304 0.63665896654129 0 0 5.5391538143158 0 14.6024487614632 1.48790833353996 0 0 0 0 0 0.464074283838272 0 125.495970785618 0 391.363829284906 0 0 2.748908162117 0 20.906974285841 14.9558270871639 0 0 0.476506620645523 3.71826547384262 0 123.359715878963 86.9448631703854 73.6606747210026 0 0 0 15.6514707803726 0 0 3.18060672283173 1.3110523223877
28.3460859060287 4.19815957546234 2.84766194224358 1949.50214490294 159.042144715786 4659.75438314676 232.212663292885 1396.38459467888 1423.8500033319 12616.3939571381 1.14105367660522 0 2.28576683998108 480.436024904251 5088.71024489403 3.3330275118351 0 0 0 19988.1063624322 4.6268515586853 30.3795059919357 4.2520118355751 1397.64767205715 3.93515342473984 1.04068315029144 6.60516828298569 548.223766326904 130.238936185837 12.8457737863064 0 16.1002536714077 7.92682564258575 107.500389128923 189.368731856346 224.007615447044 3.66892141103745 37.9625016450882 28.3106267750263 5267.44270914793 52.7036566138268 0 20.928375005722 0 0 0 29.8682176470757 0 0 0 0 0 21.0378182530403 0.587921798229218 1.55364733934402 44.3865552246571 0 30.0549961924553 26.7164100408554 0 23.7513244748116 0 0 0 0.817857563495636 0 0 0 13.7484498620033 0 0.556130170822144 0.97794109582901 79.6668518185616 0 0 0 40.0671643316746 0 0 0 0 0 1.42785036563873 0
4.74244153499603 536.705386966467 9.6124213039875 0 2.75062549114227 14.1015186607838 3.38963323831558 30.2740134000778 30.7661294639111 5.72775122523308 14311.7360242009 2.28576683998108 0 34.8570809364319 0 1.67018964886665 46.4177550375462 271.956929862499 167.059546768665 1.633540391922 2.97497621178627 96.1554004251957 11.8692692518234 25.2409764528275 5269.96216788888 4328.52181577682 6325.45304462314 3.05846956372261 29.9706498682499 1.50054180622101 4056.25820204616 2.5438988506794 0 1919.82991808653 32.9071046411991 811.618090987206 3725.99352496862 4038.08209726214 1621.51303803921 28.4510298967361 456.807141959667 7549.68315306306 47.4496464729309 126.442581444979 24.7193598747253 15.9156807661057 0 0.881921172142029 34.7660674154758 0.991523265838623 22.8747542500496 1.90049546957016 0 0 0 0 0 1.53992354869843 0 197.247405529022 0 617.601064115763 0 0 0.929361701011658 1.62564784288406 34.2421410381794 13.3946925401688 0 0 3.44200849533081 0.436743348836899 0 165.799252599478 136.589004904032 119.886312067509 0.757642507553101 0 0 26.7966811954975 0 0 3.82756087183952 16.176495552063
13469.0685645938 5.36055544018745 205.437649726868 36.5377593636513 513.651181310415 3092.01889026165 6591.51811024547 21057.021489054 55.7343258261681 1962.50305849314 167.289582163095 480.436024904251 34.8570809364319 0 225.350647002459 7.9665030837059 112.196596384048 6.40898793935776 15.6183553040028 235.604688078165 327.478758186102 10.295005261898 633.811561286449 89.1840662062168 1.61830115318298 78.8949801623821 57.4166980087757 324.65248015523 7814.9756924808 2374.70573031902 0 691.629443883896 135.457513153553 2127.87428224087 43.1277763545513 1196.04568073153 32.7418945729733 539.642035394907 144.656944423914 1623.14109307528 784.30994412303 24.6282714903355 5.56188815832138 0 1.83791545033455 1.30271637439728 1.99929445981979 0 0 0.328637182712555 0 0 1.68819904327393 0 0 1.48221322894096 1.05657505989075 1.12386152148247 1.16660708189011 0 0 0 1.04343867301941 0 1.34925451874733 0 1.24102985858917 0 0 0.486606001853943 0 5.44406735897064 18.7384167015553 0 0.940777480602264 0.876631677150726 9.52881595492363 3.01532843708992 1.01079896092415 0 0 0 0.640504956245422 5.74342522025108
7.55395141243935 4.70819759368896 2.39303529262543 89.913380920887 4613.76690122485 4958.71120965481 31.5255338549614 912.904434591532 1268.44730809331 201.004062384367 1.94388893246651 5088.71024489403 0 225.350647002459 0 0.845813810825348 0 0 0.548217713832855 151.252051353455 2.0148569047451 30.4369502663612 2.08777832984924 538.926637709141 2.11315351724625 0 7.57385888695717 81.2967395484447 31.4486476778984 3.97773572802544 0 84.2465196251869 0 78.6921413838863 3.77173075079918 36.0140023827553 0 11.0125866830349 2.08087277412415 18607.2108282149 166.017398655415 0 6.29294168949127 0 0 0 12.0961136221886 0 0 0 0 0 5.88554191589355 0 0.589299261569977 7.34457322955132 0 7.84266144037247 15.3325430750847 0 11.1590574383736 0 0.366310685873032 0.70188307762146 0 0 0 0 0.788157999515533 0 0 1.01526355743408 17.8994100689888 0 0 0 10.7309987843037 0 0 0 0 0 0 0
8.54932177066803 108.770087629557 115.239757478237 1.96114802360535 0 2.7829804122448 165.840469002724 3.54096657037735 56.580337792635 13.4695711135864 7.54481607675552 3.3330275118351 1.67018964886665 7.9665030837059 0.845813810825348 0 89.3553982079029 0.67567241191864 8.63825958967209 1.57519912719727 7903.33041977882 2164.89013600349 13686.8044076562 2529.02995952964 22.5432429015636 48.3951860964298 7263.64628440142 2606.40309259295 55.8099969625473 333.78138461709 0.408798158168793 0 26.7116307914257 309.128741264343 51.7971456646919 1358.88250002265 356.820165008307 905.537738978863 489.981975078583 142.685594141483 10.5450573265553 2.78367924690247 74.1692651510239 31.6896148324013 105.809968650341 43.6738839149475 7.83326554298401 0 0.489496886730194 3.13932871818542 23.7309911251068 28.0002781748772 0 0 0 6.66143441200256 0 1.85858684778214 0.408969849348068 0 0 0 0 0 314.073334276676 6.22207534313202 0 0.919100284576416 0 55.6149887442589 240.528923094273 515.560405373573 16.9170500934124 0 4.47186806797981 261.653179168701 34.3751908540726 4.57629328966141 15.1815246641636 0 0 0 22.125103533268 5.53807705640793
70.0781904459 350.239181995392 3346.56705209613 0 0.458457142114639 5.88611680269241 95.3635863959789 41.0852109789848 20.7522658407688 3.71960574388504 550.113224208355 0 46.4177550375462 112.196596384048 0 89.3553982079029 0 291.962383300066 5887.50778979063 0 836.46203815937 139.557606995106 6633.5110001266 41.9786317646503 37.4474836885929 3388.82351496816 3152.7080142498 123.69145911932 303.555584430695 1006.23391231894 12.0468284785748 0.84119638800621 48.6636043488979 1599.45902478695 11.7252960801125 379.747514098883 226.660347819328 905.488602012396 226.511632859707 30.8079847097397 2.32899191975594 0 19.4494834542274 15.1750687360764 30.2777798771858 3.57283079624176 0 0 0.918887853622437 0 67.18206346035 39.8625848591328 0 0 0 1.11208891868591 0 1.56104171276093 0 3.78954273462296 0 14.3667033612728 0 0 2.94777661561966 16.4597390890121 0.681009292602539 6.06361263990402 0 1.11162787675858 2.17905217409134 20.5236734449863 2.01716560125351 14.2675320506096 67.1735160052776 212.477925479412 2.35317507386208 1.20123159885406 1.8565120100975 1.6516335606575 0 0 3.37513262033463 3.84658527374268
0.662888407707214 63.0669012069702 58.6286098957062 0 0 0 1.19650891423225 2.4059921503067 4.43741488456726 1.02294182777405 6800.38752704859 0 271.956929862499 6.40898793935776 0 0.67567241191864 291.962383300066 0 5010.65759518743 0 4.96014019846916 9.61409315466881 30.8124143779278 3.49853029847145 317.261792451143 6025.30784639716 654.554226011038 3.73462271690369 3.57978701591492 9.41911581158638 77.3356665074825 0.825851082801819 3.23491305112839 254.937724739313 0 32.9778791069984 158.350618958473 446.761942952871 39.4052813053131 0.889870345592499 2.77167248725891 22.5797183215618 0.649401485919952 6.44440793991089 8.03944939374924 0.491489917039871 0 0.450448930263519 0 0 4.81474888324738 0 0 0 0 0 0 0 0 22.0287063121796 0 64.1401669383049 0 0 0 1.76269257068634 15.0452255606651 7.68432748317719 0 0.6910719871521 0 1.23025277256966 0 47.2089000940323 62.1367997229099 53.5437544882298 0 0 0 8.82805809378624 0 0 0 0
6.43642529845238 182.805422127247 387.68506360054 0 0 1.82543787360191 7.46393355727196 4.37028503417969 5.35479342937469 0 4734.68888363242 0 167.059546768665 15.6183553040028 0.548217713832855 8.63825958967209 5887.50778979063 5010.65759518743 0 0 51.5975010097027 38.9763712286949 309.341210484505 10.4215762019157 337.644065976143 6342.51709628105 1671.15294331312 11.1205280721188 28.2995081245899 64.4167477786541 49.872954249382 1.69430375099182 2.36468359827995 1015.33989775181 5.89786279201508 101.532613158226 165.581386297941 796.534420251846 85.2569053769112 3.62644994258881 0.510964155197144 6.4537345468998 3.77619329094887 12.9902310371399 15.5292741060257 0 0 0 0.642887711524963 0 18.2550745010376 2.25388431549072 0 0 0 0 0 0 0 11.7046126723289 0 52.7975996434689 0 0 0 2.6998330950737 17.3547632098198 10.5169978141785 0 0 1.24259471893311 1.98804396390915 0 83.2037690579891 133.867748707533 150.545057982206 0 0 0 8.98468041419983 0 0 4.20189011096954 0
29.3374919891357 2.68027448654175 0 21460.3720042408 5.94823843240738 708.083422541618 105.968971729279 363.757194072008 620.759455233812 15280.3723512292 1.86170735955238 19988.1063624322 1.633540391922 235.604688078165 151.252051353455 1.57519912719727 0 0 0 0 1.28840517997742 11.9843219816685 1.8559198975563 2442.02399873734 0 1.59864521026611 4.11036658287048 2286.33342629671 97.0832521915436 4.33561620116234 0 4.95970624685287 3.20131742954254 93.9690005779266 6.95227521657944 74.6666040718555 0 20.8953319489956 17.0984084606171 514.495922386646 15.7386366724968 0 22.4202179908752 0 0 0 23.7985225319862 0 0 0 0 0 29.1657259464264 0 3.97092890739441 66.2856451869011 0 39.420080780983 50.0871232151985 0 78.1039382815361 0 0.876151263713837 2.23655539751053 0 0 0 0 16.796460211277 0 2.02132058143616 0 165.320098161697 0 0 0.848935067653656 95.160315155983 0 0 0 0 0 0 1.47945940494537
212.260017871857 49.1073869764805 1141.4974925518 0.440746694803238 0.909615248441696 31.7700803279877 964.29334333539 167.598750859499 42.9953904151917 39.2127259075642 10.9735459685326 4.6268515586853 2.97497621178627 327.478758186102 2.0148569047451 7903.33041977882 836.46203815937 4.96014019846916 51.5975010097027 1.28840517997742 0 620.175245165825 21312.7680648267 867.713491141796 4.96252316236496 257.730267971754 1257.80733203888 9576.99572339654 533.195559799671 17515.9715259373 0.511591851711273 1.18083861470222 128.960790902376 3349.02993226051 127.010405421257 2638.63383504748 294.354004532099 2250.44792768359 841.835317313671 251.323361128569 33.4909657239914 2.18930488824844 33.3948860168457 6.22143256664276 19.0628154277802 9.53553456068039 0 1.93820697069168 0.986184537410736 0.356437683105469 3.76670187711716 16.6067662239075 0 0 0 6.92455366253853 1.03848123550415 0 0.570905327796936 0 0 0 0.67467588186264 0 81.5449287891388 4.69156205654144 0 0 0 18.3184245526791 57.5563738048077 111.059780806303 14.7030192315578 0.710094809532166 3.50095176696777 70.5366488695145 15.3025941848755 3.36165431141853 2.55013170838356 0 0 0 4.19373732805252 10.1489211022854
8.31537726521492 2267.60400164127 185.636387497187 7.768928617239 5.07044714689255 6.99990957975388 87.2715873420238 5.57448342442513 3252.61529004574 22.6899890899658 49.4045874774456 30.3795059919357 96.1554004251957 10.295005261898 30.4369502663612 2164.89013600349 139.557606995106 9.61409315466881 38.9763712286949 11.9843219816685 620.175245165825 0 1317.24571800232 5832.56012907624 393.786882191896 250.749600470066 3781.15109372139 669.739238888025 19.1838526427746 113.535535156727 6.69339928030968 0 14.5820261538029 142.786601394415 12.8309977650642 411.355984598398 197.156396687031 364.73000138998 185.900131762028 127.214532166719 2.74515247344971 13.4543836414814 18.5253721475601 4.6187732219696 16.4524931013584 10.4376929998398 4.45248907804489 0 0 0.580283224582672 10.5379127860069 16.5162094533443 0 0 0 1.89936524629593 0.70455664396286 12.5502358078957 0 0.46483102440834 2.59854447841644 1.45239591598511 1.04948806762695 0 76.8792390525341 6.81197434663773 0 0 1.10180938243866 11.3679964542389 127.960429549217 60.7001721858978 46.9785207808018 3.91312527656555 6.20301851630211 67.5234073400497 22.8567745089531 1.54716005921364 9.50119590759277 0 0 0 6.91623681783676 3.25461345911026
420.49403077364 204.156958013773 11590.0144670606 4.65689545869827 1.28186249732971 70.4148061871529 1607.90428671241 299.106690347195 76.4134047031403 75.2930466234684 59.1375603675842 4.2520118355751 11.8692692518234 633.811561286449 2.08777832984924 13686.8044076562 6633.5110001266 30.8124143779278 309.341210484505 1.8559198975563 21312.7680648267 1317.24571800232 0 1311.58900344372 21.4374053776264 1551.46994352341 13612.6203581095 6069.1086961925 800.215626597404 8491.69448459148 3.07206863164902 0.990529149770737 220.19208034873 3308.52452671528 274.9128446877 5925.87607228756 1562.41045546532 5543.23407414556 2816.86289855838 569.103999823332 44.44976785779 4.19930082559586 204.255353152752 90.1429350972176 289.080827325583 97.9656607210636 2.09704905748367 1.83278495073318 1.3561275601387 1.3983142375946 95.594473361969 293.843356192112 0 0 0 16.9607411324978 1.08147740364075 6.71608519554138 1.35040783882141 2.17959356307983 0.662213444709778 0 4.58948928117752 0 436.942097842693 21.5577649176121 1.1191965341568 4.28027820587158 0 111.585403263569 285.417195528746 1020.85123130679 47.887226074934 4.07170468568802 24.5216078162193 1176.41134756804 47.5437832176685 4.10405832529068 25.1726676225662 0 0 0 44.6288166642189 38.9106085598469
76.0725926160812 441.215632379055 88.3268540501595 2797.26348975301 56.6682458221912 222.868749320507 2540.14750936627 91.687152504921 14930.5238478482 1674.34624269605 12.78850081563 1397.64767205715 25.2409764528275 89.1840662062168 538.926637709141 2529.02995952964 41.9786317646503 3.49853029847145 10.4215762019157 2442.02399873734 867.713491141796 5832.56012907624 1311.58900344372 0 113.364278614521 69.4123986065388 1835.8239517808 30633.1451889873 283.322760999203 702.805629462004 0 0.328630745410919 113.369833350182 318.15310844779 16.8685880899429 662.321383059025 51.7337871789932 191.946661233902 141.251569479704 1415.4150711298 18.1006959676743 4.39698296785355 90.0547702312469 6.46747606992722 6.81186628341675 6.8307438492775 48.1916496753693 2.40112042427063 0 36.2787348330021 6.38045459985733 5.14705619215965 69.4052166938782 0 5.38264918327332 287.066867649555 12.2754455506802 204.230744093657 82.0429829657078 0.815502285957336 76.6673525869846 0.726218700408936 30.652894616127 5.74983957409859 28.2543777227402 0.429283708333969 0 0 22.2169225215912 9.94490316510201 37.6536416709423 42.1497538685799 1152.48783966899 1.08911061286926 1.44818210601807 23.7450131475925 748.837107717991 60.5602514743805 48.8558660745621 0 0 10.9039991497993 18.9723565280437 8.9952275454998
0 3103.94950312376 15.7545095980167 0 0 2.36785489320755 4.79475328326225 0.908753752708435 94.7605853974819 0 2768.97416779399 3.93515342473984 5269.96216788888 1.61830115318298 2.11315351724625 22.5432429015636 37.4474836885929 317.261792451143 337.644065976143 0 4.96252316236496 393.786882191896 21.4374053776264 113.364278614521 0 1703.31021338701 5917.04717954993 12.1819669902325 1.35743370652199 5.50397109985352 99.7633069753647 0.694496929645538 0 174.823243767023 0 24.4965226948261 1621.85500475764 403.911784917116 31.110425889492 6.29132273793221 2.37424266338348 1595.58944901824 12.5253200829029 133.471234679222 33.5116982460022 10.457758128643 1.40719199180603 0 17.6725456118584 0 42.0720441639423 9.14312076568604 1.0350546836853 1.3285973072052 0 0 0 0.872679591178894 0 195.765036731958 0 657.539239346981 0 0 1.60290104150772 14.3096126616001 70.2731467783451 24.3645829260349 0 1.09194231033325 8.09153312444687 1.84537029266357 0 358.314205735922 274.414682239294 263.005658954382 1.15467441082001 0 0 41.3883575797081 0 0 6.67135569453239 1.29308950901031
63.3365263938904 1084.3551312089 10918.029787451 0 0 6.23591867089272 87.7094266116619 34.3268158137798 65.6617558896542 5.66341292858124 7101.19972774386 1.04068315029144 4328.52181577682 78.8949801623821 0 48.3951860964298 3388.82351496816 6025.30784639716 6342.51709628105 1.59864521026611 257.730267971754 250.749600470066 1551.46994352341 69.4123986065388 1703.31021338701 0 25792.0031950176 156.515036076307 80.0640389919281 332.068678349257 2179.03585109115 0 16.4633597433567 1225.19025599957 5.49363392591476 329.390535086393 541.37203681469 1685.56149706244 274.413722425699 19.8483147919178 6.594906270504 29.2787448465824 22.076621979475 41.5985195934772 117.346784055233 8.58291363716125 0 0 0 0 142.363527327776 46.2075099050999 0.777002334594727 0 0 1.04418778419495 0 0 0 100.412955850363 0 318.921059042215 0 0 4.84272557497025 40.105029374361 92.1901591420174 70.2384927272797 0 1.4066504240036 8.28775003552437 21.8254089951515 1.37371253967285 439.77586132288 831.537519842386 990.541000843048 1.11833602190018 1.27053284645081 4.67865288257599 35.9322653412819 0 0 27.4540103673935 0.586675465106964
47.1659554541111 7749.13807979226 10244.4342407882 2.0025577545166 0.737845242023468 16.4433023035526 330.557101279497 40.5475485920906 390.67262634635 29.1548845469952 2010.4663605988 6.60516828298569 6325.45304462314 57.4166980087757 7.57385888695717 7263.64628440142 3152.7080142498 654.554226011038 1671.15294331312 4.11036658287048 1257.80733203888 3781.15109372139 13612.6203581095 1835.8239517808 5917.04717954993 25792.0031950176 0 1821.80124700069 101.853749632835 531.320080250502 1971.47717964649 0 30.8702473938465 1866.05756047368 96.9967105984688 3165.79190587997 2280.84761193395 4517.93098145723 1953.05552348495 254.511931598186 30.4572591781616 61.2960809767246 289.653421342373 211.562190026045 610.706079930067 178.873184889555 7.54660755395889 7.90159076452255 5.02470144629478 2.30625861883163 611.719416081905 683.834794253111 0 0 0 20.1695919632912 0.983321040868759 2.67527461051941 0 104.727848649025 1.60735738277435 354.296413600445 4.60770303010941 0 196.661786705256 178.516836822033 94.1644201278687 122.296834826469 0 86.5296483337879 220.671117872 1031.37685891986 40.9061626493931 460.938874512911 1273.48017480969 3698.61689889431 35.1505514979362 3.13028079271317 40.541862487793 34.6839279830456 0 3.00116068124771 95.4472767412663 25.5487162768841
188.612582862377 46.5644088685513 468.770120084286 10376.5976499915 9.04692342877388 856.776758611202 15201.6052817404 325.030730873346 2147.76712623239 11365.1372743845 9.05879247188568 548.223766326904 3.05846956372261 324.65248015523 81.2967395484447 2606.40309259295 123.69145911932 3.73462271690369 11.1205280721188 2286.33342629671 9576.99572339654 669.739238888025 6069.1086961925 30633.1451889873 12.1819669902325 156.515036076307 1821.80124700069 0 715.500130295753 9445.42728638649 0.753463447093964 1.37877497076988 338.034174412489 1315.49756979942 81.4055887758732 2105.24541270733 158.279882758856 802.13995474577 407.647565543652 468.119138211012 49.148173391819 2.79996138811111 94.4856253564358 3.39931607246399 11.7194871604443 7.14070123434067 35.0100011825562 4.97030147910118 0 43.9013721346855 1.69923919439316 9.73247793316841 26.54135414958 0 0.346646249294281 162.309831231833 7.83471515774727 112.771110117435 33.9089932143688 0 37.9819275140762 0 36.2494512796402 3.84394121170044 40.7546632289886 0.604218602180481 0.668270111083984 0 14.9118373095989 13.5303994715214 25.5465923547745 41.3490756750107 769.010714352131 1.79432088136673 4.35515496134758 42.1439268290997 457.88114207983 62.8136931657791 45.9504408538342 0 0 9.13179129362106 6.61865931749344 14.2916134893894
16879.926179558 4.36577853560448 216.541875720024 28.25595921278 426.828009694815 652.378433942795 2725.54099217057 2491.4059099555 176.437336623669 549.284354060888 176.646585971117 130.238936185837 29.9706498682499 7814.9756924808 31.4486476778984 55.8099969625473 303.555584430695 3.57978701591492 28.2995081245899 97.0832521915436 533.195559799671 19.1838526427746 800.215626597404 283.322760999203 1.35743370652199 80.0640389919281 101.853749632835 715.500130295753 0 8573.10579782724 0 1083.99485608935 11255.4145353138 5514.60058906674 79.5254911780357 2142.11308977008 57.9801352024078 987.212098509073 351.366631925106 879.500204443932 2190.15008330345 16.2825262248516 22.7589827775955 0 0.860111057758331 3.29786717891693 0 1.27581083774567 0 4.05316829681396 0 1.30659568309784 0 0.452398866415024 0.480732321739197 13.0410750210285 0.525565445423126 9.10740703344345 1.14832454919815 0 0 0 2.0778449177742 0 1.63343316316605 0.484288394451141 0 0 0 0.938504785299301 1.82925754785538 4.02474784851074 62.9116978943348 0 0.521825850009918 5.10376906394958 26.7746551036835 7.31367745995522 8.71067976951599 0 0 1.06375443935394 0.853270053863525 2.51559752225876
3888.69293025136 17.1142331063747 1215.35251536965 4.08571267127991 3.47788140177727 163.255469799042 16512.9395373464 884.469321221113 398.912036955357 223.106393069029 15.6115659475327 12.8457737863064 1.50054180622101 2374.70573031902 3.97773572802544 333.78138461709 1006.23391231894 9.41911581158638 64.4167477786541 4.33561620116234 17515.9715259373 113.535535156727 8491.69448459148 702.805629462004 5.50397109985352 332.068678349257 531.320080250502 9445.42728638649 8573.10579782724 0 0 6.80354556441307 934.935688078403 4599.96120280027 114.37605252862 2437.6798927784 138.6269787848 1516.08623194695 571.666817545891 298.518307685852 72.9089288115501 0.547104060649872 29.5713501274586 4.00587609410286 8.58163702487946 3.15166616439819 3.92528373003006 0.714807093143463 0 13.6442923843861 1.98555099964142 7.7447721362114 0.856641799211502 0 0 18.3538089990616 1.06498456001282 9.03111582994461 2.46438056230545 0 0 0 11.2054567337036 0 14.0191151499748 0 0 0 0.996329784393311 4.82140243053436 16.379979968071 28.4932998716831 118.589256346226 0 3.53405439853668 29.5753000974655 80.4490848183632 14.4962979853153 17.9320032596588 0 0 0.733184814453125 5.46993809938431 10.6085566878319
0 19.4681522250175 3.38867127895355 0 0 0 0 0 1.37518432736397 0 934.485288351774 0 4056.25820204616 0 0 0.408798158168793 12.0468284785748 77.3356665074825 49.872954249382 0 0.511591851711273 6.69339928030968 3.07206863164902 0 99.7633069753647 2179.03585109115 1971.47717964649 0.753463447093964 0 0 0 0 0 22.2254020571709 0 0 43.9080321788788 50.9703337848186 2.8202460706234 0.832987427711487 0.575100600719452 5.62346202135086 0 5.3260515332222 4.91628104448318 0 0 0 0.477279722690582 0 0 0.392845720052719 0 0 0 0 0 0 0 9.32386776804924 0 29.2759947776794 0 0 0 1.58865082263947 6.35976409912109 2.41974648833275 0 0 1.17205393314362 0 0 15.3962928056717 16.1815748214722 14.4796993136406 0 0 0 2.92037388682365 0 0 0 0
16.9594469368458 0 0.59938257932663 0.460448712110519 2398.29435616732 641.265708088875 11.8457408845425 709.858323693275 2.23086440563202 13.05728495121 18.9665959477425 16.1002536714077 2.5438988506794 691.629443883896 84.2465196251869 0 0.84119638800621 0.825851082801819 1.69430375099182 4.95970624685287 1.18083861470222 0 0.990529149770737 0.328630745410919 0.694496929645538 0 0 1.37877497076988 1083.99485608935 6.80354556441307 0 0 3.40412625670433 2172.27724805474 0.497511327266693 39.6011748015881 3.94820815324783 62.900778055191 6.22536599636078 196.224257469177 3259.53190529346 1.0517190694809 0.693672299385071 0 0 0 0 0 0 0 0 0 0 0 0 0 0 0 0 0 0 0 0 0 0 0 0 0 0 0 0 0 0 0 0 0 0 0 0 0 0 0 0 0
504.443433433771 0.607636153697968 40.6168755292892 2.0396556854248 3.68370684981346 5.45869889855385 266.1456553936 25.1676528453827 70.9406791031361 24.70988920331 4.28962129354477 7.92682564258575 0 135.457513153553 0 26.7116307914257 48.6636043488979 3.23491305112839 2.36468359827995 3.20131742954254 128.960790902376 14.5820261538029 220.19208034873 113.369833350182 0 16.4633597433567 30.8702473938465 338.034174412489 11255.4145353138 934.935688078403 0 3.40412625670433 0 1195.15962296724 39.9987109303474 959.118141680956 32.4188267886639 302.519071251154 140.145381689072 64.3904626965523 45.0025325119495 2.05098289251328 4.18204176425934 0 1.0571483373642 0 0 0 0 3.28526175022125 0 0 0 0 0 0.790151536464691 0.509739577770233 2.19691222906113 0 0 0 0 0 0 0 0 0 0 0 0 0.428719103336334 1.47424951195717 21.8341975212097 0 0 2.55146643519402 9.9832204580307 1.10818886756897 1.61324226856232 0 0 1.52824652194977 1.23030233383179 0.784389495849609
744.69115254283 134.725263208151 257.729180246592 22.6828370690346 1441.11899825931 940.930401444435 904.550240248442 1609.36203050613 115.165310323238 478.440567791462 11331.0911396444 107.500389128923 1919.82991808653 2127.87428224087 78.6921413838863 309.128741264343 1599.45902478695 254.937724739313 1015.33989775181 93.9690005779266 3349.02993226051 142.786601394415 3308.52452671528 318.15310844779 174.823243767023 1225.19025599957 1866.05756047368 1315.49756979942 5514.60058906674 4599.96120280027 22.2254020571709 2172.27724805474 1195.15962296724 0 104.95719152689 1715.01561716199 1222.88074329495 19616.9898647666 876.171169877052 604.254354715347 3701.83251053095 913.162360906601 20.9610596001148 13.7961227893829 25.9250916242599 7.96921271085739 1.25324523448944 0 0 1.3367722928524 12.3193783164024 15.0054993927479 0 0 0 9.21562790870667 1.18950521945953 3.26639547944069 0 5.31568396091461 0 8.91256803274155 3.99477115273476 0 6.91898733377457 5.38089644908905 2.35527127981186 3.86308389902115 0 4.74188280105591 17.8610550165176 30.7659620940685 32.0510311424732 18.9957939982414 33.4973249435425 101.805926978588 13.6958202421665 5.06400382518768 3.8928544819355 1.2371119260788 0 1.38737118244171 5.77475276589394 18.3156414330006
19.9564130306244 3.87142670154572 17.1593505442142 3.39328449964523 0 27.01622569561 43.4112038910389 10.6784197390079 6.15436851978302 43.7661935389042 7.12307015061378 189.368731856346 32.9071046411991 43.1277763545513 3.77173075079918 51.7971456646919 11.7252960801125 0 5.89786279201508 6.95227521657944 127.010405421257 12.8309977650642 274.9128446877 16.8685880899429 0 5.49363392591476 96.9967105984688 81.4055887758732 79.5254911780357 114.37605252862 0 0.497511327266693 39.9987109303474 104.95719152689 0 2111.31708726287 505.791516125202 266.405325472355 1484.55652076006 567.556282669306 75.5661190748215 42.0213071703911 618.599677741528 146.146975755692 83.0227120518684 684.555059283972 72.1396551132202 58.0193622410297 15.206756323576 0 1.31977361440659 2.09902748465538 0 0 0 6.87491545081139 1.3675354719162 0.409541070461273 1.33399951457977 42.524934977293 0 7.02737104892731 1.50210499763489 0 11.2369792163372 0.418090909719467 0 0 0 18.5549173355103 3.28091990947723 21.4869290292263 2.53475281596184 0 0.77766227722168 26.5064230561256 3.36649432778358 5.01575553417206 8.41411000490189 0 0 1.08860790729523 3.54607746005058 36400.4836733341
427.68918710947 136.279761195183 654.749604344368 25.9098983407021 36.3885867893696 154.930518716574 964.371275693178 371.833613783121 298.979637980461 390.434419453144 195.583307474852 224.007615447044 811.618090987206 1196.04568073153 36.0140023827553 1358.88250002265 379.747514098883 32.9778791069984 101.532613158226 74.6666040718555 2638.63383504748 411.355984598398 5925.87607228756 662.321383059025 24.4965226948261 329.390535086393 3165.79190587997 2105.24541270733 2142.11308977008 2437.6798927784 0 39.6011748015881 959.118141680956 1715.01561716199 2111.31708726287 0 13763.8009281456 2221.6184515059 3546.94714677334 3577.40938416123 1213.35718494654 1051.57574242353 493.21993303299 61.411738038063 50.8288358449936 185.445458441973 25.6846941113472 11.0358371138573 7.63649320602417 5.5698333978653 36.9751642346382 25.2178001403809 11.0398455858231 0 1.45894467830658 33.5582669377327 0 13.4159092307091 8.24860805273056 37.5422865748405 6.49428549408913 9.40819758176804 11.4572895467281 0.810989499092102 31.336837053299 5.74195671081543 0 7.19255268573761 2.86360615491867 19.3543958961964 31.631956577301 89.761847615242 66.3066156804562 1.19553112983704 14.6068186759949 186.870510071516 67.7113198935986 16.6781023144722 9.04683867096901 0 0 3.5140306353569 7.83779382705688 623.658208489418
