0 119.011299133301 99.2288014353671 101.727892545071 75.3330977925156 59.220183854669 27.6191897406215 35.721363282404 62.8285058569375 41.0237015565472 92.3038578270889 78.9861337044501 99.7732272222092 17.210262614182 64.6139665073323 93.2794738964231 105.834632010173 151.939910888672 119.98999712527 73.8079786868481 81.9450865608223 93.9281623633273 90.9751958008858 76.5823228462856 0 116.425737903332 122.099062965922 76.5111778655853 16.9391301550553 33.4997444919378 0 78.3983515561748 33.0817419073156 48.0752108322495 120.367075504501 63.4021284050798 76.446969889217 60.8583909871246 62.9615615373775 49.3226102205905 57.7306614266374 80.2978363037109 112.452712705979 0 0 0 142.688099048008 138.929977416992 0 0 120.290191650391 162.804382324219 0 0 0 109.964401245117 0 97.4190309768094 0 0 0 0 0 0 0 0 0 0 0 185.569285582982 0 149.177029201003 118.91319356711 0 0 162.116348145978 131.532394389921 148.516882339592 144.80451965332 0 0 0 211.609085083008 161.124066871704
119.011299133301 0 43.0625814905314 150.620864868164 101.270835876465 0 124.538170527258 0 70.6099657314576 141.517686772561 51.3481513839471 98.2706320610081 45.1524093025522 128.809450940958 117.20668108495 71.7911900702559 51.7474179401034 59.3260169207168 51.5309835942137 112.907897949219 87.3378234309427 32.0700171559877 62.8981392305546 82.1419720565314 24.0552965062904 46.0002159348873 25.6297015142358 102.080786404816 124.217090320603 99.0270247343053 60.0985251056064 0 105.897315979004 46.0853201771142 146.667149301253 71.6994644396252 41.4245735122216 54.4147105493437 59.7086462616367 93.9046997226244 106.294067382812 45.2594914853347 85.7414870843326 53.1315845395721 72.3589717895442 65.740740844133 0 0 71.2862319946289 105.026756286621 28.350663162811 64.0923610103528 0 0 0 113.522033691406 0 89.2477403248233 0 67.3129734236619 0 62.6745999317352 0 0 78.7547218747619 79.405599133812 91.3330349298951 80.8170489449629 0 110.97037842909 45.5328538648812 83.6395202936495 91.1116626730641 45.5850194975071 67.7837564478038 58.3879895313577 194.595733642578 0 91.3159469505339 73.3801879882812 0 0 62.8514896848431 117.073201999527
99.2288014353671 43.0625814905314 0 0 0 124.572418632599 96.6335734238239 122.644128448718 103.973343726967 119.618986595667 74.774821340983 124.66420091739 82.6742386865988 118.953259665966 170.939857225123 86.2154567978162 35.3581358729675 67.1950642572211 52.8004409727877 0 63.0681356210847 61.2072625463156 31.8188389340349 106.100791793721 80.0239972655701 23.3553138464475 35.7521818173747 83.2406134479854 99.1894366137497 73.2480888130789 91.0906028731362 149.787261962891 92.9890132148283 65.4572394393676 137.44529853127 76.4338958774649 44.4622749479629 54.4398269368522 64.2355962109252 94.6734851297532 112.506566289886 102.585987612473 124.038235384453 85.7463216362579 93.482034333004 103.267246393305 0 0 116.227111776322 143.394470214844 53.8356660292164 89.3251059496798 0 0 0 152.189636230469 0 150.445037841797 0 113.268351715394 0 109.509257894947 0 0 113.012422424208 102.115160257621 135.248398265675 105.874709007157 176.666046142578 133.823200723175 88.3073001414577 109.301227957252 140.793129947266 82.9759793348979 96.4150879497053 86.8837512785477 145.732957842917 0 157.5106094681 143.811325073242 0 0 84.9859656124889 157.649731408921
101.727892545071 150.620864868164 0 0 101.505884161189 54.6683519138478 49.9640154002097 90.5794888718009 60.7131959238022 20.6376859011412 0 42.1358868275144 0 100.275644031686 78.5313523860666 125.133936428832 0 0 0 13.1735886831907 128.069427490234 100.928515201671 112.973550406764 23.7105766504662 0 0 192.160182327239 17.4750387757392 109.027203025571 109.531992067723 0 145.249588012695 139.282531802367 106.041831894109 87.4344080136585 92.5483123087865 130.258666992188 121.007937960143 108.611543133772 65.3150199816138 115.582389334375 0 79.7626488743452 0 0 0 101.637966048189 0 0 0 0 161.288497924805 155.566981153111 144.63264465332 165.797009340701 138.159374780685 0 90.2854759592393 155.336007424433 0 60.292743318308 0 0 118.971502983474 0 0 0 0 138.483487710133 0 68.9856643676758 0 117.374809483407 0 0 0 142.683562488881 187.186569213867 0 0 0 0 0 0
75.3330977925156 101.270835876465 0 101.505884161189 0 11.5583293306483 101.531429476291 11.929391376831 49.4560326844228 101.991161957333 48.5507641963021 53.3654875463727 52.4045909394448 31.3368884919652 14.7446124445585 0 143.425003051758 0 0 96.7916146874561 132.604703404355 100.370094366847 141.898106098863 64.9100107269735 0 0 140.062744140625 108.132183404385 20.6819877080686 111.801791517241 0 9.66612463324311 79.4718345644928 15.1644767345391 0 66.1658944961229 61.0357005270962 36.3353648463617 62.3237404420464 12.3801247910758 9.83805858728102 62.3421033919313 72.2099151611328 0 0 126.453414916992 0 0 0 0 0 0 152.860691326178 0 0 131.018145203704 0 123.385215759277 136.817973915403 0 65.8332290649414 0 0 0 0 0 0 0 0 0 0 0 88.2728576660156 0 0 0 155.95509532246 0 0 0 0 0 0 0
59.220183854669 0 124.572418632599 54.6683519138478 11.5583293306483 0 49.7598969059968 17.1202837384475 60.927568007664 29.3388939186658 62.7246803847868 32.6026110010883 64.0619569609579 34.4624558132034 16.8004201889684 127.754796740271 122.407815660385 0 164.225959284918 54.6431149824611 106.706458087693 119.558785007841 119.585673019947 66.5911718765971 61.9954595387642 137.607624864788 133.962776927101 58.2588279264091 38.5508591180584 80.1137529007689 0 21.3338324390806 84.1193659410646 32.4705183759702 50.1965107317595 74.6865100310936 75.8009157442451 51.6706331141401 65.439348224303 16.2258487895404 22.0713955091415 85.2443338805554 98.9935671972355 0 0 0 81.2398223876953 216.426940917969 0 0 0 0 149.145347705176 0 0 134.844224119456 0 105.267275764456 164.375092821769 0 91.5577194348904 0 0 131.330001831055 195.342666625977 0 0 0 151.314533236811 196.303359985352 0 0 115.188944000235 0 0 0 142.988762061481 169.659528503312 0 0 0 0 0 0
27.6191897406215 124.538170527258 96.6335734238239 49.9640154002097 101.531429476291 49.7598969059968 0 53.6816470232247 57.1371341201492 24.0274886594465 130.90973426287 53.8545919034169 112.186744626108 42.841888961604 74.0997983564056 80.6296591592284 100.572883251192 146.885675387078 136.22695457636 48.5628741419905 70.7515943411693 76.1668914237525 81.9492881658869 48.3714357267076 145.926556308828 117.905685253862 101.790655430921 32.9199495494947 51.6353286940324 19.347607019315 0 106.440467616679 60.0756373985967 68.1022398953621 128.356148181542 77.0617925291841 94.205740378097 79.99541058559 82.4252508431506 69.8659218771223 81.1380051060029 125.87609999678 142.079685493655 0 137.035134212638 246.366516113281 91.5826102686183 0 0 135.095532488147 0 140.582347751612 142.387720380754 0 0 123.108595044701 173.031640955204 102.660425143127 153.67485179967 0 101.970799027482 0 167.086399646332 115.06388092041 135.979383584453 0 0 0 142.701758920773 149.317583177555 101.404233644102 150.175981412537 109.128483560043 0 193.525268554688 170.526986412744 125.051304264137 166.555279314216 137.177890117255 0 0 143.925504216885 112.436717925464 183.94759704904
35.721363282404 0 122.644128448718 90.5794888718009 11.929391376831 17.1202837384475 53.6816470232247 0 79.1230917204149 41.9656382166002 61.1372078508633 48.3763397782724 59.5665835010896 19.0048961994344 32.2813478734225 132.068509613406 130.358480869062 135.953310292 137.236390597191 76.871749817602 103.099565250961 125.448604662556 112.870126416616 86.9877431365206 63.6222991943359 146.041382835608 138.572591198754 81.2850610852105 32.107336194849 74.46926443737 0 15.3167679906685 72.4781195973118 33.7638869542493 94.8505408132967 71.8610004496607 88.9065582442232 52.4660434740467 69.6671133704039 27.9720309726856 21.2018423116992 62.7355853579452 97.0741577148438 183.490493774414 0 120.626846313477 108.41400909824 0 0 0 223.322174072266 0 0 0 0 148.681564569179 0 0 164.589474156304 0 0 0 0 0 0 0 0 0 0 0 0 0 140.243568556788 0 0 200.737243126989 172.336922852947 154.864251621552 186.836316242245 0 0 0 0 102.154327392578
62.8285058569375 70.6099657314576 103.973343726967 60.7131959238022 49.4560326844228 60.927568007664 57.1371341201492 79.1230917204149 0 68.5433975360797 121.735396542884 23.996655457798 124.130443727716 85.1946922848739 23.7016935237519 58.3067551419053 113.666473021628 130.511779537737 130.04784160109 55.8461137209981 81.3572935549646 26.4376620732373 88.7084302063351 20.846491254083 101.689013009819 115.805557636716 93.147380411798 48.8765682771241 63.7700680106976 52.6761576755924 131.554097239089 74.0535590510632 56.7740796826466 64.0629159536919 125.632632969002 52.0060401921347 89.6034728601749 74.8848835781426 69.2662012122917 18.8333583281598 72.6984547173851 119.823552389549 75.6223831424803 100.980036473743 94.7173449172091 103.259339139081 55.5318071624358 0 0 76.7714808322294 53.7630470877083 99.562921369588 89.6565757347815 101.154235839844 85.9921528316871 80.2484738919047 122.578479251549 20.7569127650082 91.4742831684317 0 55.567076307188 134.657302856445 95.2593230134909 75.9138841139434 98.8103918978925 0 140.461654663086 0 78.1245528162636 79.5761061266518 33.7818646019674 101.057365129542 51.0821930510149 0 155.350678390288 118.275213100186 73.8797919777511 96.9074989586598 83.010586077345 0 0 87.4199011582988 83.3991786542313 169.997245584034
41.0237015565472 141.517686772561 119.618986595667 20.6376859011412 101.991161957333 29.3388939186658 24.0274886594465 41.9656382166002 68.5433975360797 0 132.735966971795 28.5421651930975 112.922531182096 61.4096337187393 73.1334038905277 97.9455081546128 170.619848230632 175.292190551758 0 15.3428403821377 95.3205144571104 92.4459821470543 107.448239343353 49.9688053972616 0 143.136550365748 129.349660284324 24.7037614646965 90.6210226070518 68.18013735667 0 118.074613153665 86.3599587533961 83.6392298405699 77.2100027290705 93.6199310735032 108.660344128098 92.8356723518274 90.5205946694482 69.8322564599898 93.8362303869685 102.896344381003 92.1062611391417 213.506088256836 0 0 106.953491113129 0 0 0 0 160.257019042969 155.860326445686 140.964584350586 175.271777203102 144.618569245249 0 91.6237720177105 150.036882333916 0 115.121737005096 0 0 145.037376082312 174.0234375 0 0 0 81.4281458186743 0 0 187.809132370019 119.611864824081 0 0 0 145.25832993446 177.482160431272 173.575820922852 0 0 0 200.661733542201 0
92.3038578270889 51.3481513839471 74.774821340983 0 48.5507641963021 62.7246803847868 130.90973426287 61.1372078508633 121.735396542884 132.735966971795 0 40.9504661560059 14.4178217116546 67.9889415208077 63.0026421234229 125.681448380077 48.8211264509449 21.0705328348793 23.246464542442 117.048072261728 101.502131165221 94.977592617617 85.8593080795419 146.740041993158 22.3056198387354 25.6649869666197 44.6663389745237 103.527634367677 58.7398041101088 101.098108657253 23.955803722014 55.2499345062424 102.481772316375 16.872537616664 119.132772629029 58.8769661071365 20.5956403576406 21.2759228069742 34.4053946648185 62.6042602906896 34.1330302199939 12.8126620033574 112.5130838823 46.8900836361003 90.9015056913445 57.0663795471191 0 0 51.7726356048394 0 76.0363558386813 119.351134257339 0 0 0 0 0 119.683921813965 0 69.2624592909367 0 55.8129715591332 0 0 166.00088484733 0 85.5854094283121 102.759772935804 0 0 94.0298461914062 164.914075723745 0 52.7314770827045 94.0923635599608 92.5619758197613 0 0 0 82.9371699252441 0 0 97.7432848379531 86.6770405244117
78.9861337044501 98.2706320610081 124.66420091739 42.1358868275144 53.3654875463727 32.6026110010883 53.8545919034169 48.3763397782724 23.996655457798 28.5421651930975 40.9504661560059 0 89.7048263549805 69.334001771148 17.9891675544618 112.808786044425 0 0 0 18.5292366216442 116.3797139471 67.1836473087539 119.18857908665 24.2421415141025 138.254265656208 145.467440762224 118.838355753167 53.9553542257742 74.8816880578623 89.6502682036193 0 68.8736749971614 90.7808672476397 82.0075184955779 14.472214540559 54.663781691368 105.032613982136 91.2224988902823 45.7774156843897 24.0576142884194 47.3401926015197 0 64.7391020350656 0 0 0 75.4569657017999 0 0 0 0 0 120.198925321921 97.2355194091797 102.837289678666 115.601828404941 0 69.7900771150982 126.728248851284 0 87.4785767456891 0 0 0 109.973617553711 0 0 0 131.296734435028 0 63.7856101989746 143.886077880859 95.5684075900854 0 0 0 119.269777543714 0 0 0 0 0 124.691917419434 0
99.7732272222092 45.1524093025522 82.6742386865988 0 52.4045909394448 64.0619569609579 112.186744626108 59.5665835010896 124.130443727716 112.922531182096 14.4178217116546 89.7048263549805 0 63.445254093337 0 121.839524608549 73.5769409973284 47.1582001081409 53.0084182621894 109.288352966309 113.229453990974 91.2434173874294 107.489118586099 133.451884070921 17.4977455034993 17.6219788260821 20.6004606832891 115.76870287794 65.0812644216767 124.526969429482 7.64649149962438 53.1991128564673 0 16.8684255913557 69.3624967903705 23.0037827157094 19.1345095808233 19.074406348061 15.8804703399932 34.0048289497017 19.1816921487363 9.69109741172075 28.9025775421509 41.7180494775297 83.0467501762703 45.5934945684515 0 35.1691970825195 24.2713546743858 196.898468017578 72.9990911139443 122.64839212286 0 0 0 0 0 157.945053100586 0 53.3322972872047 0 52.4495833663823 0 0 133.275009856533 107.501014699654 77.8757383707544 95.388446097755 0 0 107.119706242286 121.59130859375 0 46.2291402724068 83.9818832597246 86.369532070831 89.9322967529297 0 0 79.8288391770727 0 0 100.554798814756 76.6097330041427
17.210262614182 128.809450940958 118.953259665966 100.275644031686 31.3368884919652 34.4624558132034 42.841888961604 19.0048961994344 85.1946922848739 61.4096337187393 67.9889415208077 69.334001771148 63.445254093337 0 40.1319208885776 135.998158948478 123.500560289994 132.087483882621 132.099130479447 87.4118304485172 96.4308517307798 117.729420294243 107.697823399678 95.0686304920981 97.6941263845365 134.298692420595 139.333140921188 89.8066440250035 31.2695367858966 67.1307970087268 0 17.4512255357858 56.8787258006237 43.8910940981105 113.000186916452 65.2707927875211 87.8786192208462 54.3251635429694 62.1500790602014 35.9852832172021 29.6778378099496 66.4138013626964 144.566292210323 0 154.242244051829 184.829635620117 129.826806539028 0 0 148.925674438477 0 0 186.155767211432 0 0 157.292318144098 164.007141113281 97.5219213366637 210.25922530236 0 0 0 157.208923339844 0 139.427472055421 0 146.217041015625 0 0 194.99934387207 0 173.296866319529 136.249786457716 0 180.131500244141 154.232452392578 147.215647513589 172.66457178598 156.730052545835 0 0 0 161.007919311523 143.291205655313
64.6139665073323 117.20668108495 170.939857225123 78.5313523860666 14.7446124445585 16.8004201889684 74.0997983564056 32.2813478734225 23.7016935237519 73.1334038905277 63.0026421234229 17.9891675544618 0 40.1319208885776 0 120.091819763184 0 0 149.191345214844 63.7730760798025 126.34321885461 78.0451684213982 117.288144346826 42.5143151407969 149.291533418321 0 139.991960149737 79.6030193689531 50.546063761512 98.3546350200424 0 38.6839034644879 0 38.4182964540095 72.5428929872855 34.7218738156944 0 54.4876080972263 69.9655725315601 11.2231668532984 26.4231423930999 0 58.6340542355322 0 0 0 64.8169163159591 0 0 0 0 0 120.480175373244 0 128.075042724609 108.839377601255 0 69.5441119930213 123.191523447653 0 73.5322736286724 0 185.600021362305 102.616653442383 0 0 0 0 80.2735214233398 0 0 124.685195922852 85.2770818854161 0 0 0 113.941893312795 0 0 0 0 0 0 0
93.2794738964231 71.7911900702559 86.2154567978162 125.133936428832 0 127.754796740271 80.6296591592284 132.068509613406 58.3067551419053 97.9455081546128 125.681448380077 112.808786044425 121.839524608549 135.998158948478 120.091819763184 0 94.083756015777 132.85523462988 110.43406934402 112.765934297685 18.1140605979825 35.2701985547186 18.4785809234148 37.9287014126499 108.889153860073 102.446402072967 30.2070383804215 39.1851207243341 90.5664961966549 68.1080651699436 110.543159484863 0 82.42976674654 62.3935199579265 126.10803187672 70.3134157757863 51.8381786591988 63.6094141873848 70.3148731826819 78.0790404979315 84.7250179044944 110.800486356332 111.806305973718 94.2028687497299 100.993118780144 108.309177492519 113.101427635128 0 171.097396850586 138.576459707736 79.9857995029265 100.508949881599 0 0 0 149.389432071007 0 112.123497077784 150.408477783203 0 0 0 0 0 91.6994800874176 133.426183392395 0 174.254745483398 0 109.650757865018 52.8459531159514 96.9915684318622 109.672009940371 0 140.463131962823 94.6899791519541 118.946742337646 129.492448771208 117.7542784715 0 0 0 94.1617317293446 149.459005648528
105.834632010173 51.7474179401034 35.3581358729675 0 143.425003051758 122.407815660385 100.572883251192 130.358480869062 113.666473021628 170.619848230632 48.8211264509449 0 73.5769409973284 123.500560289994 0 94.083756015777 0 46.5322655385395 19.0639681934986 0 56.0643609521345 77.0692883125352 28.21147005938 120.649980453206 59.1631824507828 36.2898828337137 60.428145604905 102.87148862976 96.0046717861444 69.7814083764575 77.0907897623402 162.979631563559 93.3807394128995 33.2651298078748 133.772069650259 77.9093960667982 45.2786038264368 45.8823728103981 68.720065210671 100.856913264877 120.992877224797 0 136.757915742686 105.815231790356 107.513063454163 145.13029000317 0 0 142.612930297852 0 67.8137922643153 106.198117110889 0 0 0 187.464874267578 0 126.967167260119 0 109.629677233347 0 100.94573829646 0 0 115.535242167008 115.14268826269 113.86604309082 112.5032558618 0 153.166429451006 92.2343145446498 126.232441749863 174.934914726567 82.2804958786038 101.905991387118 99.2103702753561 151.051444205355 185.815963745117 145.319931986155 114.566645927502 0 0 116.782170759025 155.658062525076
151.939910888672 59.3260169207168 67.1950642572211 0 0 0 146.885675387078 135.953310292 130.511779537737 175.292190551758 21.0705328348793 0 47.1582001081409 132.087483882621 0 132.85523462988 46.5322655385395 0 15.0793053984424 0 107.495941646079 103.22005669899 75.9764921500608 157.36217976824 41.8129296616422 22.1375257531698 54.6290911373354 94.6673341348202 136.887527258876 118.671675828176 48.8243089563603 99.9517288208008 124.044322572622 48.5445584538085 0 83.9216560881588 43.4731168160905 49.4353018687736 60.217967317781 79.3283538818359 72.0516677130213 56.1587256109205 165.98649597168 75.5983601818862 100.12223150613 127.753639221191 0 99.7408142089844 0 0 72.4196584009242 0 0 0 0 0 0 0 0 91.7888253652438 0 74.9717354151969 0 0 0 117.921600341797 90.7791867317786 106.095126779941 0 227.167541503906 0 207.016125922499 0 60.9395751020019 95.3878889656396 94.7643882932982 0 0 0 97.7788630945679 0 0 0 0
119.98999712527 51.5309835942137 52.8004409727877 0 0 164.225959284918 136.22695457636 137.236390597191 130.04784160109 0 23.246464542442 0 53.0084182621894 132.099130479447 149.191345214844 110.43406934402 19.0639681934986 15.0793053984424 0 0 85.0298255623459 92.1948753584597 60.5366854668797 137.03841791259 43.1215091727569 26.2921229725532 56.4611679738122 108.500797362022 121.230139440029 92.4539252929837 57.6069831670854 81.1923828125 116.576023163663 34.8850791418618 158.440018360883 79.5991232030343 41.7872482434752 45.0855222242473 59.2758983697369 108.957769219793 147.447296142578 47.2048209834591 135.397388721199 102.054922845906 104.819282571866 0 0 0 76.8004302978516 0 74.3253285652572 122.02097100725 0 0 0 0 0 0 0 90.6915399910191 0 81.8764221867976 0 0 0 117.542662112288 98.6426055767074 104.897628512471 0 0 134.481975175781 123.363779920016 0 65.1072800552136 94.5138805332933 92.927477231212 0 0 0 102.7327804093 0 0 103.456534016567 0
73.8079786868481 112.907897949219 0 13.1735886831907 96.7916146874561 54.6431149824611 48.5628741419905 76.871749817602 55.8461137209981 15.3428403821377 117.048072261728 18.5292366216442 109.288352966309 87.4118304485172 63.7730760798025 112.765934297685 0 0 0 0 137.488845825195 93.6362083557678 159.180593397624 19.4502557971927 0 145.534866333008 123.641262764631 24.0201025802133 96.0659361342227 102.529994144751 0 126.524744112218 106.61172115293 90.9498653512001 52.7020423760545 91.8231772654354 0 95.2819307372956 88.4227596962115 59.7275803805765 97.8355958609588 0 78.8319360836422 0 0 0 93.8241587296236 0 0 0 0 0 144.379262635328 0 149.440981616017 133.335835962858 0 85.1879926869904 146.503730236081 0 58.1187376889755 0 246.810394287109 139.973987944524 0 0 0 0 127.738537978866 0 129.644012451172 0 111.79778593353 0 0 232.388946533203 135.751997201947 0 0 0 0 0 0 154.39208984375
81.9450865608223 87.3378234309427 63.0681356210847 128.069427490234 132.604703404355 106.706458087693 70.7515943411693 103.099565250961 81.3572935549646 95.3205144571104 101.502131165221 116.3797139471 113.229453990974 96.4308517307798 126.34321885461 18.1140605979825 56.0643609521345 107.495941646079 85.0298255623459 137.488845825195 0 49.3177899272064 32.8861421264198 36.3821052701598 113.804817225932 86.91248566423 67.4177722912726 22.913210168008 80.8507687013536 27.651264692738 150.203521728516 151.21581966306 70.7403525121586 34.1742809946863 123.93977907705 66.9799249402264 50.015464147401 53.6186230681429 65.4060655749936 79.4541455748872 94.7055456210345 132.792671281491 113.775049985787 95.2021448942977 124.982083727317 114.87481064398 0 161.367207343038 170.003356933594 173.715759277344 93.5920403480569 119.637420874175 0 0 0 138.708312573594 150.748672485352 0 174.422424316406 0 0 0 158.353698730469 0 100.756721961652 133.183362063782 0 0 0 112.764461706232 66.7380301870408 109.614878901941 113.921987687439 99.9518966674805 139.11463411275 114.514039716406 116.185771666952 180.114676207263 116.802065427246 0 0 0 104.964798821105 139.946695552578
93.9281623633273 32.0700171559877 61.2072625463156 100.928515201671 100.370094366847 119.558785007841 76.1668914237525 125.448604662556 26.4376620732373 92.4459821470543 94.977592617617 67.1836473087539 91.2434173874294 117.729420294243 78.0451684213982 35.2701985547186 77.0692883125352 103.22005669899 92.1948753584597 93.6362083557678 49.3177899272064 0 48.8018726502338 32.6639458110103 69.4895369706065 80.5377436904809 43.0969512371591 55.0512350814013 88.8171895919265 61.6976589130463 105.634846899258 0 57.4029518234306 54.7485030724713 108.397449851773 61.6364504257981 48.832205463722 53.0261544040283 57.4334089215271 67.0899907598904 60.6668438220663 99.2563254750345 95.0359012649378 56.355115765795 83.1351209347489 92.1018805903409 89.0483651504688 0 0 152.749053955078 68.8355876753175 67.8842082951639 0 0 0 102.143506917137 133.058486938477 48.227057189255 0 149.959014892578 107.204602727048 159.229856592228 114.25382232666 0 64.8796525665836 116.360860378815 0 0 160.464569091797 75.4117071103959 18.8301485592596 78.1710889054585 46.7136270019426 89.0390772462956 108.050743936163 74.4128206998888 88.3625928770847 145.973219248742 85.6678316007574 0 0 0 76.2404583855574 142.991632237845
90.9751958008858 62.8981392305546 31.8188389340349 112.973550406764 141.898106098863 119.585673019947 81.9492881658869 112.870126416616 88.7084302063351 107.448239343353 85.8593080795419 119.18857908665 107.489118586099 107.697823399678 117.288144346826 18.4785809234148 28.21147005938 75.9764921500608 60.5366854668797 159.180593397624 32.8861421264198 48.8018726502338 0 61.7580517179324 117.539260683973 61.5786910277091 36.6397486742301 53.2214320741344 91.6021980270417 51.0063586690461 113.863887542038 127.350260390883 82.794204066879 42.5400166541393 124.679537532556 67.7234913233962 48.2116251186382 54.0927780918529 64.0191321674329 77.7511531148284 91.8417406129671 91.2717143723475 115.279247079108 95.9224185222004 101.868248868529 114.024789623488 119.275436043265 115.067245485223 136.40988165346 149.837681546241 75.4360415161349 97.2168445114573 0 0 0 156.639769088004 174.005325317383 95.1030664161814 172.764068603516 121.800987281084 161.693572998047 0 176.494302654588 0 96.3260235703187 117.14656805207 164.021345961043 137.24610484016 0 119.593925615081 67.5808126457893 103.425040113688 130.113970454989 102.780720816498 123.539266225135 95.6595442240238 133.092147009341 159.248051260084 128.588886010741 0 0 0 106.503495695434 151.646139486406
76.5823228462856 82.1419720565314 106.100791793721 23.7105766504662 64.9100107269735 66.5911718765971 48.3714357267076 86.9877431365206 20.846491254083 49.9688053972616 146.740041993158 24.2421415141025 133.451884070921 95.0686304920981 42.5143151407969 37.9287014126499 120.649980453206 157.36217976824 137.03841791259 19.4502557971927 36.3821052701598 32.6639458110103 61.7580517179324 0 116.352803177254 126.304991600421 79.3218142149147 20.5337471442299 77.6249535009789 63.272820470654 0 140.598892211914 67.1743559915556 66.302263813916 148.094473833225 74.1704502063352 89.5633608744185 80.5148675536441 87.3550944938904 37.1736818819899 91.4553456833293 123.00174254293 103.422478356594 114.754974741621 117.247685485193 133.790180731119 80.4322914154309 133.327898173281 0 113.235118700229 118.292161436427 146.437028855886 117.122671871573 0 122.430700041928 107.813161216104 144.045245818987 59.4637093225367 121.761380337455 152.375839233398 61.0034740471 151.827311040112 133.590167688982 94.2312695415213 108.869642870673 168.027252197266 0 0 114.049324428115 123.070156037722 66.7670530184888 121.90543075137 84.0047502419713 139.519668579102 148.977916059537 138.468452769951 105.507842035598 128.905874600855 116.972200253754 0 0 117.029361604172 117.604338122604 160.14467687849
0 24.0552965062904 80.0239972655701 0 0 61.9954595387642 145.926556308828 63.6222991943359 101.689013009819 0 22.3056198387354 138.254265656208 17.4977455034993 97.6941263845365 149.291533418321 108.889153860073 59.1631824507828 41.8129296616422 43.1215091727569 0 113.804817225932 69.4895369706065 117.539260683973 116.352803177254 0 35.077784077701 22.9456370640309 98.4739059265071 65.1078123313761 137.49645320909 42.9379511817566 79.6482238769531 0 40.8917332785999 0 72.6546461474729 15.8075717997616 35.9971867220433 37.4945353299578 123.887564956802 36.0209587396653 15.8655777098907 27.2804646659163 31.0727759607434 65.9310929754814 41.7030993019576 133.999298095703 0 15.5742266569852 0 47.6841975852286 102.009863382026 201.251266479492 240.540130615234 0 0 0 106.576156616211 0 44.0391095320728 0 36.3395734959958 0 0 116.821154264014 89.3439903913817 59.9736971853987 63.7756104352809 0 114.758430480957 91.0728991449735 110.939795307052 0 26.6161293052632 62.1318720395368 65.8531713818951 171.795867919922 0 0 64.5527564621947 0 0 68.7188342254467 72.8183288574219
116.425737903332 46.0002159348873 23.3553138464475 0 0 137.607624864788 117.905685253862 146.041382835608 115.805557636716 143.136550365748 25.6649869666197 145.467440762224 17.6219788260821 134.298692420595 0 102.446402072967 36.2898828337137 22.1375257531698 26.2921229725532 145.534866333008 86.91248566423 80.5377436904809 61.5786910277091 126.304991600421 35.077784077701 0 31.8955164278409 69.8809259382132 118.78253211872 92.1365138766238 17.0916292307262 0 115.698780469816 46.2983548721866 137.942069301565 84.1410999908554 49.1703308085224 52.5687487759118 69.171343321251 104.360389990375 82.7629889254873 62.4216488181296 123.881010770154 90.1682827115511 99.5520731284274 116.842653124562 0 0 0 0 62.9683020493916 104.185046949281 221.927719116211 0 0 139.535202026367 0 0 0 87.0242126696513 0 74.0516442702657 0 0 152.254792177179 102.393205177249 90.4192680575196 95.1703177316553 0 140.444982993931 103.012306413161 129.780330993195 169.750378254337 58.1301128421178 87.7444914073869 87.7537550848587 158.143020967611 167.84440612793 159.231719763334 98.780854841167 0 0 88.3795447963627 144.942840576172
122.099062965922 25.6297015142358 35.7521818173747 192.160182327239 140.062744140625 133.962776927101 101.790655430921 138.572591198754 93.147380411798 129.349660284324 44.6663389745237 118.838355753167 20.6004606832891 139.333140921188 139.991960149737 30.2070383804215 60.428145604905 54.6290911373354 56.4611679738122 123.641262764631 67.4177722912726 43.0969512371591 36.6397486742301 79.3218142149147 22.9456370640309 31.8955164278409 0 75.445459800224 117.206446241195 91.2178318631803 18.7488465019851 0 114.232641415108 55.0873214237643 134.879278422767 74.1536486523889 49.3857660083557 56.5524710843942 67.103550712873 88.5228748682209 84.7776031316791 60.6406418384618 111.797451126754 86.6558695761972 91.6899204664132 106.440825388056 110.606968479586 115.022312333142 98.0113097615119 145.503038780581 53.6843467450099 88.484089308107 0 0 0 163.642476270099 159.21834040628 104.912726014924 0 89.2620373863446 170.260904924612 76.214907343839 173.416580716844 0 97.9752924355021 97.7800418167192 88.5358837616266 96.3813970854397 0 117.102385483242 70.2921326340783 98.3194940824975 125.590447430994 57.2714272222479 86.7566017800178 84.1829654450576 132.305478555647 171.517772930646 133.10996241604 101.636656761724 0 134.614034653346 91.6520756762952 148.81502404622
76.5111778655853 102.080786404816 83.2406134479854 17.4750387757392 108.132183404385 58.2588279264091 32.9199495494947 81.2850610852105 48.8765682771241 24.7037614646965 103.527634367677 53.9553542257742 115.76870287794 89.8066440250035 79.6030193689531 39.1851207243341 102.87148862976 94.6673341348202 108.500797362022 24.0201025802133 22.913210168008 55.0512350814013 53.2214320741344 20.5337471442299 98.4739059265071 69.8809259382132 75.445459800224 0 76.9570123164568 35.2892177043446 48.8198585510254 136.045994719738 63.5458486630254 58.7859000493724 127.241936798314 71.841333709203 70.1985626456348 69.2119636135471 80.8781320700642 75.4123149032703 90.5037839467666 117.336752229703 113.255742393244 130.863044522144 147.478202414212 132.653267304414 104.097710617964 149.902307879749 0 120.933827860956 105.56759176336 152.996002805402 151.688526864762 0 171.22004699707 124.198417213237 146.286964425993 78.4940108399967 155.073757022837 0 93.0688032138627 0 134.27381077273 104.572697524004 116.902817731081 146.711776733398 94.1765899658203 0 141.72226644732 119.803075524514 89.4389639649182 135.72139144154 98.2398897887789 115.738246748996 171.06919547584 131.186272534804 115.935594790098 133.523677341418 126.050768526079 0 0 134.306222329525 120.187811300572 159.792821027667
16.9391301550553 124.217090320603 99.1894366137497 109.027203025571 20.6819877080686 38.5508591180584 51.6353286940324 32.107336194849 63.7700680106976 90.6210226070518 58.7398041101088 74.8816880578623 65.0812644216767 31.2695367858966 50.546063761512 90.5664961966549 96.0046717861444 136.887527258876 121.230139440029 96.0659361342227 80.8507687013536 88.8171895919265 91.6021980270417 77.6249535009789 65.1078123313761 118.78253211872 117.206446241195 76.9570123164568 0 30.0383949877194 0 18.125064674644 19.0956068712351 31.1586204802248 100.331726665296 58.1408969836337 75.2657818076478 47.6394291173475 52.9050031317829 42.6547906471174 22.9964993777357 55.389239787402 132.675887835147 0 167.197891235352 109.275759478217 0 151.995880126953 0 167.868444045218 0 175.527786254883 0 203.100814819336 187.812057495117 136.45011398305 161.13166809082 100.068967814052 169.643640039295 0 0 0 163.328460976717 0 129.964745974824 150.980804443359 0 0 0 105.450098732614 117.913493572996 160.121966525101 119.312727047837 0 194.294403076172 148.297888688193 126.279755992304 158.282270334809 139.871966459847 0 0 168.126159667969 139.265060424805 137.205891695209
33.4997444919378 99.0270247343053 73.2480888130789 109.531992067723 111.801791517241 80.1137529007689 19.347607019315 74.46926443737 52.6761576755924 68.18013735667 101.098108657253 89.6502682036193 124.526969429482 67.1307970087268 98.3546350200424 68.1080651699436 69.7814083764575 118.671675828176 92.4539252929837 102.529994144751 27.651264692738 61.6976589130463 51.0063586690461 63.272820470654 137.49645320909 92.1365138766238 91.2178318631803 35.2892177043446 30.0383949877194 0 0 107.388277552045 49.9186510287596 36.2584448110968 117.209421770946 60.5939916114048 60.8555881857747 50.9585527484264 64.0850013604069 69.1543622317326 73.9558284369424 107.684951782227 135.347725189562 134.52839052732 135.247483642828 113.67703790962 127.555998675574 157.869232177734 0 116.629608632087 86.0368622303463 125.85131136648 171.483748950753 0 0 119.036696776524 120.983505249023 77.1069591869236 158.292291146851 0 0 0 132.945466427083 0 111.958826685391 0 0 0 109.156997680664 130.57861752375 100.674188661515 122.818601788812 101.486295400102 0 161.011793485431 128.327563113702 116.170196897894 131.274146590805 128.334021962273 0 0 174.472625732422 120.831071735842 159.041155823015
0 60.0985251056064 91.0906028731362 0 0 0 0 0 131.554097239089 0 23.955803722014 0 7.64649149962438 0 0 110.543159484863 77.0907897623402 48.8243089563603 57.6069831670854 0 150.203521728516 105.634846899258 113.863887542038 0 42.9379511817566 17.0916292307262 18.7488465019851 48.8198585510254 0 0 0 0 0 63.5504817953227 0 0 53.7357973974757 62.4272487085866 77.2567182646911 161.989624023438 72.0707092285156 59.4419796600862 0 80.8977473657792 106.980512568386 0 0 0 69.1997604370117 0 0 145.772323608398 0 0 0 0 0 0 0 88.4453187774436 0 76.9985293728673 0 0 0 121.7529296875 99.8552936984485 112.446532971665 0 0 146.175338745117 0 0 65.1301181817453 105.373303095288 102.416512413051 0 0 0 105.114403065931 0 0 0 0
78.3983515561748 0 149.787261962891 145.249588012695 9.66612463324311 21.3338324390806 106.440467616679 15.3167679906685 74.0535590510632 118.074613153665 55.2499345062424 68.8736749971614 53.1991128564673 17.4512255357858 38.6839034644879 0 162.979631563559 99.9517288208008 81.1923828125 126.524744112218 151.21581966306 0 127.350260390883 140.598892211914 79.6482238769531 0 0 136.045994719738 18.125064674644 107.388277552045 0 0 66.0774416292931 15.6662360907069 128.09098815918 74.5482109652785 73.3028216926155 41.3084702337234 66.8139255725204 34.6024406148317 12.671619333155 39.6555557250977 86.7798538208008 0 0 0 0 0 0 0 0 0 0 0 0 0 0 0 0 0 0 0 0 0 0 0 0 0 0 0 0 0 0 0 0 0 0 0 0 0 0 0 0 0
33.0817419073156 105.897315979004 92.9890132148283 139.282531802367 79.4718345644928 84.1193659410646 60.0756373985967 72.4781195973118 56.7740796826466 86.3599587533961 102.481772316375 90.7808672476397 0 56.8787258006237 0 82.42976674654 93.3807394128995 124.044322572622 116.576023163663 106.61172115293 70.7403525121586 57.4029518234306 82.794204066879 67.1743559915556 0 115.698780469816 114.232641415108 63.5458486630254 19.0956068712351 49.9186510287596 0 66.0774416292931 0 22.7620853325858 84.1615471195521 37.9371034408318 50.6467987769926 35.6969966982311 38.625274633259 42.4055559422069 42.5249918373367 65.825741197927 139.632788752917 0 89.7244644165039 0 0 0 0 140.531040729603 0 0 0 0 0 120.769371032715 165.400619506836 66.5853886138371 0 0 0 0 0 0 0 0 0 0 0 0 151.67578125 113.394704444553 108.301618497418 0 0 172.809474993798 126.327603749147 151.293015115452 136.066770794962 0 0 126.896598706453 192.86735534668 115.192588806152
48.0752108322495 46.0853201771142 65.4572394393676 106.041831894109 15.1644767345391 32.4705183759702 68.1022398953621 33.7638869542493 64.0629159536919 83.6392298405699 16.872537616664 82.0075184955779 16.8684255913557 43.8910940981105 38.4182964540095 62.3935199579265 33.2651298078748 48.5445584538085 34.8850791418618 90.9498653512001 34.1742809946863 54.7485030724713 42.5400166541393 66.302263813916 40.8917332785999 46.2983548721866 55.0873214237643 58.7859000493724 31.1586204802248 36.2584448110968 63.5504817953227 15.6662360907069 22.7620853325858 0 75.9438485435715 41.2203476575734 24.1198169712778 12.0123290022053 25.8138117660818 34.0834248627932 8.85299653098378 19.1753713411093 79.8269984063744 79.4621017547904 106.870085083258 97.659134345786 63.1911430358887 0 0 124.412683867484 72.0935495939945 91.7725551520218 0 0 0 128.207385415968 141.213563784613 105.289458029777 0 87.1641436120054 0 82.5590378920999 152.529788048951 0 98.7829166859059 98.0770236358764 97.1014592169167 90.9289461043178 0 128.104354259638 78.0994260079946 96.9511090096297 104.531425732571 68.9101589257052 98.2260903827702 89.939354580869 118.657661503749 138.784787389519 152.291303980412 100.137870788574 0 141.449604550977 103.672888219263 83.9299254828141
120.367075504501 146.667149301253 137.44529853127 87.4344080136585 0 50.1965107317595 128.356148181542 94.8505408132967 125.632632969002 77.2100027290705 119.132772629029 14.472214540559 69.3624967903705 113.000186916452 72.5428929872855 126.10803187672 133.772069650259 0 158.440018360883 52.7020423760545 123.93977907705 108.397449851773 124.679537532556 148.094473833225 0 137.942069301565 134.879278422767 127.241936798314 100.331726665296 117.209421770946 0 128.09098815918 84.1615471195521 75.9438485435715 0 61.448256785715 87.7111387517165 72.9630318690191 68.948022776733 55.4610819151439 68.7139259681058 72.19293222618 67.7653382817213 95.1201575409237 90.1426050757631 80.8344697684815 70.4156701120119 77.5371073485991 87.9035522543958 0 156.489586475583 175.470505013353 0 0 0 140.159452899937 102.9082003419 168.754547119141 190.930297851562 73.3219599025881 0 74.7041269209348 129.043535049017 0 147.938137200155 224.112228393555 0 0 0 136.613083822356 132.124338459785 146.033408656572 199.13888427067 0 183.75959777832 161.372417733537 163.958085421753 145.006958998821 133.382015887607 0 0 120.125733768386 142.857525966354 30.7613894725305
63.4021284050798 71.6994644396252 76.4338958774649 92.5483123087865 66.1658944961229 74.6865100310936 77.0617925291841 71.8610004496607 52.0060401921347 93.6199310735032 58.8769661071365 54.663781691368 23.0037827157094 65.2707927875211 34.7218738156944 70.3134157757863 77.9093960667982 83.9216560881588 79.5991232030343 91.8231772654354 66.9799249402264 61.6364504257981 67.7234913233962 74.1704502063352 72.6546461474729 84.1410999908554 74.1536486523889 71.841333709203 58.1408969836337 60.5939916114048 0 74.5482109652785 37.9371034408318 41.2203476575734 61.448256785715 0 30.0607319954257 37.0514930284877 24.2510582567806 26.8358570280127 34.638635183844 23.9408516750994 49.1763968627659 76.9893820689093 95.5952047846486 62.2356398072949 50.512537192952 72.5978886928737 60.1250305043205 137.018212275503 78.4772436829824 114.485242483018 84.2558528680356 0 56.79283318687 103.522998175399 0 93.7471101582553 90.6394538796682 54.1272563835982 53.0571597802193 59.8505377515526 148.702053972802 109.611656188965 104.381418783744 121.704836923507 0 138.826250637309 75.1115840055104 124.957170068714 70.7850103231273 118.937425610395 105.235830810289 95.9935455322266 143.611995457793 112.758750370609 114.133369479023 142.795706215146 150.755716788702 0 0 118.873337876812 123.876250161417 68.0931956240798
76.446969889217 41.4245735122216 44.4622749479629 130.258666992188 61.0357005270962 75.8009157442451 94.205740378097 88.9065582442232 89.6034728601749 108.660344128098 20.5956403576406 105.032613982136 19.1345095808233 87.8786192208462 0 51.8381786591988 45.2786038264368 43.4731168160905 41.7872482434752 0 50.015464147401 48.832205463722 48.2116251186382 89.5633608744185 15.8075717997616 49.1703308085224 49.3857660083557 70.1985626456348 75.2657818076478 60.8555881857747 53.7357973974757 73.3028216926155 50.6467987769926 24.1198169712778 87.7111387517165 30.0607319954257 0 18.6679215006004 21.2082362921656 38.0678868707738 34.8038445044608 19.2634999504299 74.6168998957641 49.6480294670866 88.2116734575597 86.310208423319 78.7752354988905 76.1236801147461 45.754843027828 0 56.1747591245817 95.0494960400417 0 0 0 160.854212059068 0 73.4010848999023 0 44.7482551917976 0 34.7713169440496 0 0 102.83197042782 102.405595221382 105.146939602978 117.043705540972 0 134.319039910109 46.5497556203886 100.803757949265 135.751663208008 38.2247392070721 86.0404069126196 85.8597474007989 120.048485718555 0 137.518493652344 0 0 0 103.289034845891 95.4402931558223
