0 132.999864810649 95.0734452582138 94.5595676420139 97.3702940230813 57.044802229138 28.0249853071659 35.9288342313233 65.9610898284824 52.9585808523028 101.319347735745 68.7191976031777 92.9091713145007 17.2169629146928 71.0231018066406 103.501914318082 97.3741542887882 127.878387592617 109.926761568859 102.11188008651 76.8318502891571 74.7258351608814 86.5301852361581 74.8626757542592 0 112.344817497056 116.669523070784 74.6520932651303 19.8968217503902 30.0307834374442 0 88.8426164046548 33.2717350952178 52.232451117193 145.180155200005 63.9617184177302 80.4617107724119 65.2550541383763 73.7179248410865 55.1668516540529 58.7396579966089 107.250490124985 139.9367655995 106.722679138184 154.938222157725 153.806779951288 153.789672851562 0 0 146.201041575225 0 0 145.819274902344 0 0 156.226983576017 179.947998046875 95.4641457935409 181.233520507812 0 0 0 162.326709854172 0 119.564781188965 0 0 0 0 137.869197645086 87.6676454115137 150.772375963972 123.824413669906 0 0 163.298934936523 128.680487479873 155.563663553303 130.546658119332 0 0 145.090454101562 176.90983581543 0
132.999864810649 0 42.2408757752781 155.976486206055 0 157.762366669515 98.7297623703942 149.856137288687 74.1552637920899 0 54.2942311859096 111.599351728609 42.9040779425204 127.438656950814 117.944348385471 60.7430447647144 57.9267258005044 65.6063032051847 62.4553492957176 124.003936009343 86.3438953812767 30.1588998792506 72.6487475892352 80.3382565871899 23.1047290712404 42.3790950506305 31.8660472500999 98.714039590064 120.59588419297 109.364442849252 62.2897331651018 0 103.363671861364 61.2189618924462 158.409251758391 80.5781165171416 55.9089382081818 61.720215740337 68.3230045929548 102.311992046988 72.6263007315251 48.5117437332714 110.497059651181 61.3657648643906 79.1108048522463 96.9341264175734 0 0 33.585880279541 0 21.0257091678905 56.0373662063931 0 0 0 122.912521362305 0 110.438003069595 0 90.7038440442705 0 78.1661842952432 0 0 117.157002525075 76.6370844422263 91.402590570599 73.5336748965063 0 103.176542295543 54.1632895253459 83.7019510338235 133.943207039385 36.9861074257513 59.2267829436658 54.8103299841296 123.148380013447 0 113.397964952439 77.9181518554688 0 0 70.1030749844556 161.144754197232
95.0734452582138 42.2408757752781 0 122.050672432895 157.449798413135 120.251917959435 89.3193696571676 110.11472812878 96.2417344501121 117.164420928773 79.3433157046352 129.810837129624 84.7807793612921 107.97874588899 106.177680500548 66.6230843938652 44.294531362645 82.8833175026103 66.8102537103006 118.208829160648 63.5794155389057 49.0556616112126 35.2685239959687 87.1798658454395 74.5441391918281 29.8945998027186 30.1232783202152 69.2290445524471 104.502122716756 73.6499918755017 85.4033810419382 0 82.6056944930468 57.9485762990392 138.688896724174 71.2243437496917 52.4584745469056 55.8729617086375 61.4022366146829 95.44425693712 77.178107048963 101.145815114922 124.797646723201 96.5098465197089 118.631963849154 118.248204339791 106.354934692383 0 0 0 66.3832711016588 95.0144634800427 194.865964094137 0 186.853240966797 145.415145874023 170.084274291992 127.564647520976 0 127.064445495605 200.365097045898 116.574099867744 166.205928252546 0 108.02966227721 117.741177126459 125.519973754883 141.830228755291 225.192260742188 130.624946129743 58.9120639049761 103.655882449463 158.490344056717 98.1745655354118 132.865540764128 91.4926870506309 134.523085371199 172.679184824195 145.994480232251 0 0 161.559030066412 107.574138718097 139.503743147306
94.5595676420139 155.976486206055 122.050672432895 0 149.400451660156 56.3596067119278 46.2586533621233 78.690422118559 54.3059813401581 25.2498117979104 133.385641093466 39.4661066797562 0 98.7656473967187 75.6857382427305 86.9552204274711 0 0 0 13.9302482362289 98.4703566293245 89.7136190003981 105.072217514048 24.3449229667218 0 0 122.886638582586 19.8962556370749 106.813598157453 106.597146698623 0 0 78.7180023193359 102.651142865501 38.7262895067029 109.444281450341 0 108.44112993024 110.212868976051 58.6320983966643 115.304936703804 0 0 0 0 203.473419189453 87.3940725735706 172.188873291016 0 0 0 190.665634155273 33.9346307033773 0 0 83.9624144118375 0 78.3039509577102 20.4422037751815 0 19.103660505748 0 0 89.3260166089065 0 0 0 0 24.2971156616423 132.370254516602 123.678525107076 0 98.0771215900866 164.876726626838 0 173.915329569698 67.2291441432706 0 0 0 0 0 0 226.192306518555
97.3702940230813 0 157.449798413135 149.400451660156 0 11.1273109268137 104.155376678681 24.8614768077736 57.5308424467207 113.051616346208 55.8028238149919 55.7039027477418 55.5833554852735 32.4195943984148 20.1788741732894 0 81.4069877315391 81.9198737108764 96.9939751978438 86.2485784455556 0 115.935852021813 147.293229318509 86.2189821712502 79.1974182128906 88.0387937669163 108.106170654297 99.951998695732 29.932171278631 108.870870892136 100.545051574707 12.9360589181306 64.3284912109375 16.7240310107876 117.819235370114 64.6226216753901 56.811901386761 39.7972446676796 41.4542478324125 12.5592495845492 9.29262124515803 55.649126105526 0 0 0 0 90.4418029785156 0 0 0 114.092124938965 0 0 0 0 0 0 0 0 0 0 0 0 0 0 0 0 0 0 0 0 0 103.710350036621 0 0 0 209.493911743164 0 0 0 0 0 0 144.859813811607
57.044802229138 157.762366669515 120.251917959435 56.3596067119278 11.1273109268137 0 51.2713199969818 23.3398224825692 55.4236086311861 24.659844865299 68.9615385248286 21.7043423842233 55.3731078054379 39.6939950896201 11.6270147938799 123.312831331897 124.845060985051 98.2990031703271 108.295967906741 37.9629220722675 113.392405203995 133.021957180519 118.402925008198 73.7890879341467 99.3701782226562 105.123505339211 135.071686707494 59.0013086817383 36.2156916630102 85.2371832185494 95.7096176147461 21.0721091639454 87.6209433811164 32.6827909132327 14.1949241833401 82.9391707075515 60.9813681666107 61.8688345507307 75.4464818038866 14.2411921434839 18.0682675416131 74.3814033797657 147.446044921875 0 200.4384765625 204.388946533203 0 0 0 0 181.636123657227 0 145.198690718906 0 0 152.87467956543 0 90.1781282663709 162.367751397737 0 81.1832116712736 0 194.129928588867 0 151.032119750977 147.427551269531 0 0 124.74174776403 0 128.934273237808 203.46614074707 119.417050728717 0 0 162.593059422876 140.943371536579 190.030883789062 156.085325879748 0 0 0 165.291717529297 237.289245605469
28.0249853071659 98.7297623703942 89.3193696571676 46.2586533621233 104.155376678681 51.2713199969818 0 48.1974345565855 59.7828303979627 22.6312316457567 78.3350613710541 59.0892114179712 107.092051297861 28.6479352083885 81.2707616303524 84.5278443407865 105.637774035433 151.928213507161 127.589633333678 29.6838873535863 71.9126832796756 81.6120447989387 81.9538976492913 52.6635083258988 170.743911481805 117.832991053603 106.437284372389 38.3718167143998 60.1901619850906 19.0862944193721 0 113.376668637152 63.0733457068132 73.3746476188551 100.668546790672 78.0720235093236 100.868747413271 79.4693364281454 79.0072046409282 70.9676787454189 84.5045624434146 105.155270346736 153.720819207533 0 162.229697441805 152.844930259444 95.86159071102 171.206706107847 0 145.148113794071 164.122682566237 161.961196820048 117.781688330218 0 169.114965151199 136.771401365705 181.055964917811 81.2259682754815 142.217134323548 0 118.349002768436 0 162.173648342276 110.963213983733 122.838850407683 0 0 185.879943847656 114.405756798853 144.952026356631 135.251797963592 163.327821416385 108.656637746012 0 193.513916015625 162.176835580409 126.02086263742 157.01817665854 131.054261900272 0 0 167.227861063472 150.213046834417 166.065566469621
35.9288342313233 149.856137288687 110.11472812878 78.690422118559 24.8614768077736 23.3398224825692 48.1974345565855 0 83.8216243252679 42.8637146817551 69.4099032177852 51.5803025645322 65.7620515313498 22.7010062521079 32.7634372346853 115.914159906625 115.451372979284 111.54862390359 115.332138286231 63.0618186769382 101.405835248354 97.2843717167756 109.537347928924 94.3432331996057 82.6078794693216 115.293388486412 130.750970449506 84.6983341068149 34.0964287118719 73.7684797591945 107.821345692137 23.7469481018711 83.571909843624 47.2385413138826 77.8864770237638 76.2396530610844 73.8677240723906 63.3074015547324 71.4880661187415 39.2895754486753 29.2976036086842 64.4182623252532 171.931861009392 0 184.652231948769 150.511068554197 130.43349078634 0 0 165.750880994921 0 208.563034057617 182.855712890625 0 201.289619356999 160.110792549511 238.673797607422 95.1131157283774 0 0 0 0 195.75173059775 0 139.684097161966 0 0 0 0 166.342711597759 94.7495837454917 0 144.725705004948 0 155.152603149414 176.990931679024 147.075319066699 167.03768386382 157.484529956729 0 0 154.844696044922 0 132.819982446392
65.9610898284824 74.1552637920899 96.2417344501121 54.3059813401581 57.5308424467207 55.4236086311861 59.7828303979627 83.8216243252679 0 69.1031678033368 128.187347250039 24.8833875747879 118.558340087324 87.5465558604645 23.3964113938027 56.5696384657461 123.992304748457 140.518381264142 132.544265969089 47.7751104608128 73.3499325837066 32.2244734637446 89.1527703929727 25.3272524184346 106.543778691416 114.559766309341 96.6456221896301 49.600860353474 79.6513555092345 59.2864240482892 118.77449798584 96.9471607647951 67.5165036353143 75.9125450734549 123.043998190293 74.0056318949963 84.0063881685368 83.6338083204601 80.213421284797 19.9282355037863 68.1547596491149 118.003548670672 118.373325223636 206.783889770508 125.279912817774 151.01381827655 45.5447549330804 100.000816345215 0 92.5035738662645 105.807841017958 131.052539157142 69.2406902956612 80.0747451782227 96.7147085618639 99.3388866952654 141.246333493811 30.1085588639398 88.1044180953077 137.59814453125 58.2064764594436 155.291424468421 133.721152025652 51.2378017037375 100.379247473114 145.146545410156 0 0 62.8905916842739 106.056567164498 61.3229424075966 111.344755135102 54.7259051704526 152.781869562348 126.629959106445 127.41051699855 82.9716797316107 118.383303632232 107.104573900569 0 0 0 130.978151345453 162.139636980806
52.9585808523028 0 117.164420928773 25.2498117979104 113.051616346208 24.659844865299 22.6312316457567 42.8637146817551 69.1031678033368 0 129.266839821081 31.599288401511 116.039718448218 29.5117604406399 72.3287608216108 104.210021040086 131.416447596691 152.43264811487 0 19.4941276594701 102.78173138098 117.080197143091 116.495385821557 60.507977661057 0 153.838917096321 126.042991343427 30.5386513021731 96.8460722222815 80.0788134031706 0 115.9009539084 93.305328395551 89.3921243585021 27.1083439911005 90.0909665243612 142.865595523612 90.2295504240819 89.768390312525 69.8593305985876 91.3310553563238 120.326900507785 0 186.355804443359 195.263743293388 168.781311035156 104.242152716622 0 0 170.150619506836 160.979766505827 0 138.133028750422 144.242622397266 147.788719651823 169.455951400113 195.67822265625 90.3679945832632 153.666352281933 0 59.634746146782 0 190.075042724609 121.223930360849 168.634674072266 0 0 0 127.692022991068 174.306490300646 138.42042040576 0 113.91271909395 0 222.215713500977 227.072067260742 142.721738096622 0 0 0 0 0 0 173.186515355381
101.319347735745 54.2942311859096 79.3433157046352 133.385641093466 55.8028238149919 68.9615385248286 78.3350613710541 69.4099032177852 128.187347250039 129.266839821081 0 115.9340543415 20.0923235106957 69.6561517560143 100.69874783372 125.31391436036 49.2374508350432 18.3577223452498 25.7516399141692 127.230021336186 95.2559058591543 94.848789469261 89.1121897079756 139.790347921451 28.2199390504378 25.3865963229273 54.3846521348123 139.375027058921 63.0401541740584 123.820993485505 26.3839165973172 59.5561435207871 89.4039772353149 23.4728764928741 138.472495380546 82.7779668527123 20.2945325657906 25.224851982419 41.2919838863374 71.8024381933121 44.2240820044334 15.0266523574275 169.407426817538 57.3969199402562 89.243364330855 0 0 0 0 0 79.2543516852138 160.899333105325 0 0 0 0 0 0 0 80.9665651947895 0 70.031735611676 0 0 0 0 93.1930298576423 118.512520881316 0 201.007720947266 0 0 0 56.1020410964766 97.1393275805957 92.0365459648981 0 0 0 88.9279535822189 0 0 135.214221686074 148.524078369141
68.7191976031777 111.599351728609 129.810837129624 39.4661066797562 55.7039027477418 21.7043423842233 59.0892114179712 51.5803025645322 24.8833875747879 31.599288401511 115.9340543415 0 113.700440293791 70.7105132305089 22.2049537695859 111.025771613338 133.589064092168 0 142.491659928958 17.2608022934627 117.60255579657 76.1377811871592 126.76127238539 31.4077202938203 126.788032531738 156.960719174251 129.463552930465 52.1766128931848 94.0898853072152 95.9825297824574 0 106.818107437355 0 88.0398420310371 13.7851732789033 86.3058184208492 128.444128308018 88.4629231882383 92.9123305419706 20.4009251552592 73.6121921450281 123.674223608225 0 0 0 0 71.4215340458645 0 0 0 128.773437374576 0 108.565264678917 0 92.9899749755859 194.718566894531 0 53.2789652184779 121.757043862993 0 12.2739185848795 0 129.543197631836 70.0073192447426 0 188.80989074707 0 0 91.2615768622563 0 92.789828306652 183.030090332031 83.3766791143246 0 0 172.931397116243 110.214945985829 0 162.917358398438 0 169.019348144531 0 0 0
92.9091713145007 42.9040779425204 84.7807793612921 0 55.5833554852735 55.3731078054379 107.092051297861 65.7620515313498 118.558340087324 116.039718448218 20.0923235106957 113.700440293791 0 74.1191020540789 58.5514889927718 111.045703216505 82.7626823661372 42.1968791770888 55.4518345180574 0 120.58568635587 81.8876906755596 99.3157235527004 129.138672282649 18.6267036300431 27.0188224483462 25.6203620365316 125.414702500171 74.5179463994416 123.126102069665 12.4878053800937 60.5036440641685 59.2334250763457 39.7336232169728 79.6321209289918 30.1610384101148 18.5066075997787 24.0190800672326 20.0127432550381 33.9447460738996 16.1014189563045 9.06623637449427 70.768709855427 59.8993597957286 105.756968309037 97.7504299267121 0 0 44.5044305444379 0 51.6639973107677 106.633303537516 0 0 0 0 0 0 0 74.8296093278282 0 42.6589528113629 164.636306762695 200.77571105957 141.816024780273 0 83.9669799287402 98.681496032926 0 0 117.149482727051 228.827453613281 165.935778449013 51.3534642371363 83.1117894158652 85.5386375619604 167.505071032264 0 0 87.289127637552 0 0 99.5195698995782 90.317311578064
17.2169629146928 127.438656950814 107.97874588899 98.7656473967187 32.4195943984148 39.6939950896201 28.6479352083885 22.7010062521079 87.5465558604645 29.5117604406399 69.6561517560143 70.7105132305089 74.1191020540789 0 52.9802251469493 120.269285017627 114.88065250569 100.474799107915 111.078921122547 79.3426206670437 98.1824966819356 96.1311931147632 105.329487140487 94.4084658282236 94.7704611351683 117.171955785023 130.455580248456 88.2175576684653 31.468947918307 66.6047970953886 120.149442090818 22.0032718977017 49.0428028189947 46.5116786960945 117.599122759924 71.4565249855502 76.864874727412 59.6470425481024 72.7498114836943 48.5897858658485 35.9262994058679 73.6439741721208 155.91722933177 134.510142688862 162.977216554145 148.187413531662 172.584197998047 208.227645874023 0 0 170.966105152539 184.586906394404 0 0 175.577926635742 160.914939842354 0 98.9108676220168 0 0 143.072326660156 0 192.380937107295 164.20166015625 147.987702133933 0 146.533294677734 215.04084777832 0 153.603974350664 96.9256802906652 187.946670465843 140.81107552694 0 150.693969726562 142.433692334004 150.768824379744 171.980397380969 163.47094969889 0 0 144.857650756836 158.917122444196 150.739814451867
71.0231018066406 117.944348385471 106.177680500548 75.6857382427305 20.1788741732894 11.6270147938799 81.2707616303524 32.7634372346853 23.3964113938027 72.3287608216108 100.69874783372 22.2049537695859 58.5514889927718 52.9802251469493 0 109.564767049345 147.908579180396 170.542755126953 200.562088012695 59.6338018344902 125.5929062916 77.3359452652674 131.59307995586 47.0703713741027 159.398338038576 167.719805245453 132.956640717945 72.2907749182672 54.313795876256 91.3858118643502 0 35.0797735086014 0 37.3226207382243 43.5962359487463 50.3316471217474 61.286418333453 53.3836891730842 51.1384008283256 8.88005695512894 24.9910524534663 58.1141471862793 55.4176172131431 80.1511564673429 79.6140365600586 58.5074024445483 51.6929261789226 52.5728111870357 0 0 148.91796875 0 100.7337697505 0 0 177.510345458984 0 47.4523751071293 113.671679746679 0 67.9573502486016 0 143.450696006521 50.7855729830616 160.888565063477 0 0 0 85.4127671163655 139.396911621094 90.7637928717859 162.360858246202 84.5409415702957 153.703552246094 110.060791015625 188.429535526128 109.350457199109 97.8182924221875 154.673033335076 0 0 0 88.6649877221513 73.509371441274
103.501914318082 60.7430447647144 66.6230843938652 86.9552204274711 0 123.312831331897 84.5278443407865 115.914159906625 56.5696384657461 104.210021040086 125.31391436036 111.025771613338 111.045703216505 120.269285017627 109.564767049345 0 101.698155567854 142.701095581055 109.525915763814 88.6542209968799 14.5304655825371 32.1311592325344 15.5568711289401 42.5239113456465 101.630706767041 106.05174585547 25.8307767999835 35.1033225919408 99.1465345789735 72.4980554198554 124.788860949343 0 75.6230101754387 70.5326066326082 140.7900741095 71.042275131916 64.086804558802 76.0644262585999 78.1471013414154 82.5382355980096 100.850102769457 139.402633666992 123.213406781254 89.2165261408456 122.99714956752 133.638774002192 148.220446630513 134.639724731445 0 128.646077394993 77.94137833498 128.344270151205 143.382034594172 0 182.9765625 139.87852310951 0 103.114029013549 167.938435705699 0 0 0 151.71637554625 0 63.0423671254767 148.05769490626 0 0 0 106.670134726828 54.297819564423 43.0247590569707 106.453049354543 142.203460693359 147.929322892668 95.7541366338551 111.686820316236 125.135016478073 111.497196481437 0 0 0 129.586875648319 155.240587506654
97.3741542887882 57.9267258005044 44.294531362645 0 81.4069877315391 124.845060985051 105.637774035433 115.451372979284 123.992304748457 131.416447596691 49.2374508350432 133.589064092168 82.7626823661372 114.88065250569 147.908579180396 101.698155567854 0 49.2833175604677 21.0495151891495 0 60.1263459958064 76.8945065898837 37.0692781313106 117.10067883641 83.6043288295286 30.2588489306416 67.1407958054258 97.8700235590611 98.7144027635576 74.5981982180295 80.4846910686644 119.673049761032 93.6723880683633 36.4133255195099 148.093540077447 78.4500312610021 46.7645078831315 45.84465296209 62.2675308881186 91.7776350004364 124.593953804088 64.321228216418 169.383391954565 117.192663567298 141.892182493719 140.389532623553 0 0 0 0 75.985160562721 114.327016920048 0 0 0 205.182342529297 0 180.256866813691 213.888824462891 0 0 108.965745204723 0 0 148.42458817485 156.939170573254 0 137.598724365234 242.581848144531 156.795572657251 110.405189390518 125.344177130417 158.867202758789 142.894385592156 118.833186464214 113.418697845293 166.749201311013 0 155.630533435239 0 0 0 143.745420051838 165.70904041685
127.878387592617 65.6063032051847 82.8833175026103 0 81.9198737108764 98.2990031703271 151.928213507161 111.54862390359 140.518381264142 152.43264811487 18.3577223452498 0 42.1968791770888 100.474799107915 170.542755126953 142.701095581055 49.2833175604677 0 15.220703708094 0 115.56132483079 90.9821625954873 91.3122382236431 159.367084456153 43.019791310431 27.2324449531411 53.8266835359673 144.297978624066 93.5350262069525 108.242736586049 47.9719071350482 86.1420832378276 116.673217773438 47.4986674422028 149.738464355469 94.3823169669871 41.5117913784457 54.570980981848 67.2638849165909 126.005466124526 73.6617527087848 55.0488013271946 0 140.721282958984 0 0 0 0 0 0 75.9972795162809 138.571450880305 0 0 0 0 0 0 0 100.300879621925 0 89.2247653303604 0 0 0 0 97.6516019995031 0 0 0 0 165.553009033203 0 67.2623205773043 101.893241923314 104.079520836274 0 0 0 103.432741249971 0 0 103.71533203125 0
109.926761568859 62.4553492957176 66.8102537103006 0 96.9939751978438 108.295967906741 127.589633333678 115.332138286231 132.544265969089 0 25.7516399141692 142.491659928958 55.4518345180574 111.078921122547 200.562088012695 109.525915763814 21.0495151891495 15.220703708094 0 204.943435668945 82.2274593536431 94.9947192963477 66.0857473612094 136.801465155808 51.7539318122314 32.2793003393335 62.4887497953429 110.773530677642 105.776282268377 87.6530274109208 65.8317111063002 91.664459541826 107.607821899485 38.2887455444123 135.5574233869 90.4462662109339 45.4629472591948 48.7505078202758 63.7294367769152 154.709079222464 182.333557128906 55.2515293887564 160.151000976562 0 172.358396374529 141.234466552734 0 0 0 0 78.7342133389084 139.982082760998 0 0 0 0 0 0 0 111.627960205078 0 105.011808593423 0 0 149.460150021905 136.666793823242 0 153.397554601359 0 162.815002441406 116.895378112793 155.329415707408 0 74.7900149926606 105.807981878746 108.247201237494 0 0 0 126.104043933453 0 0 138.148416705157 172.606227347059
102.11188008651 124.003936009343 118.208829160648 13.9302482362289 86.2485784455556 37.9629220722675 29.6838873535863 63.0618186769382 47.7751104608128 19.4941276594701 127.230021336186 17.2608022934627 0 79.3426206670437 59.6338018344902 88.6542209968799 0 0 204.943435668945 0 106.288947187734 103.154273205729 125.313907158206 20.9886313186793 155.665782478206 158.43586730957 116.447371910649 28.008980195725 98.2726831207324 94.7672937111603 0 124.238979045141 81.9594267175881 97.4370570383837 24.4206477315491 93.9587270939013 139.115589501435 88.989354285583 94.195601485123 56.4166480379247 98.2049007998703 0 0 0 0 0 89.3623014523012 0 0 153.783843994141 158.421778150542 0 118.146558669822 112.419659231804 154.325332641602 129.227432492494 0 71.1966025879921 100.185063737964 0 22.8003806472328 199.790985107422 0 97.5494991870934 117.216415405273 0 0 0 96.4474935591591 0 105.765043389627 0 93.4168062487339 173.853469848633 0 166.764579149223 122.715372022097 216.463394165039 0 0 0 0 0 0
76.8318502891571 86.3438953812767 63.5794155389057 98.4703566293245 0 113.392405203995 71.9126832796756 101.405835248354 73.3499325837066 102.78173138098 95.2559058591543 117.60255579657 120.58568635587 98.1824966819356 125.5929062916 14.5304655825371 60.1263459958064 115.56132483079 82.2274593536431 106.288947187734 0 54.5301879701367 35.9187014696694 51.5188389562393 125.129756150393 89.8723870487048 72.7100826179917 26.5883207546803 83.3078178507321 28.0801703155172 0 145.240589465855 74.5751563483274 41.4469054405632 141.324379581208 67.7057286553106 65.2600757789116 61.8373340444064 72.6529241881214 85.8211844189888 104.785557985132 124.270793857478 135.276326054801 106.813132142327 140.468958350687 141.404748886645 142.012386735085 176.097259521484 0 146.454011864226 231.882766723633 129.276224989795 0 0 0 138.642884832695 178.977477520743 93.1746218624432 181.717407226562 0 0 0 169.654754313663 0 112.907559158236 158.984276604735 0 186.487181082859 187.564544677734 118.43881461669 73.1668949215358 122.198284285873 116.512879668115 0 218.825607299805 133.912184597204 123.314907879888 143.381536718103 126.699693759882 0 0 139.637918290986 125.227499562024 154.8028942908
74.7258351608814 30.1588998792506 49.0556616112126 89.7136190003981 115.935852021813 133.021957180519 81.6120447989387 97.2843717167756 32.2244734637446 117.080197143091 94.848789469261 76.1377811871592 81.8876906755596 96.1311931147632 77.3359452652674 32.1311592325344 76.8945065898837 90.9821625954873 94.9947192963477 103.154273205729 54.5301879701367 0 54.9279622227606 32.3218715722201 68.8448690909625 82.004532969521 35.2240746374915 56.636974495004 77.55564298234 64.5904517311995 100.754652103832 133.834106445312 68.0510061071705 61.7635521070963 127.607412185804 66.2755247522462 51.7061794492957 64.4696905360075 66.0091744892919 73.1904088511335 90.1742012010497 90.152853908051 93.5940881688246 97.0372058907302 91.3790895727475 116.629686043722 63.3353614807129 0 0 92.255975596225 77.0333045191951 82.6516799803291 96.8840704674061 0 0 108.763193381024 0 40.240970961611 156.360275268555 158.316367555937 121.383117675781 121.314239501953 159.882512422434 0 62.1118677325042 105.090351147596 159.89729309082 162.095672607422 150.791915893555 79.8669623774837 22.8745249673741 69.6025677848083 67.2649114903103 109.89606205081 132.503637146305 75.8191244423529 89.8320455566624 121.761116307176 82.8816237021709 0 0 0 88.1515166620376 149.082035041326
86.5301852361581 72.6487475892352 35.2685239959687 105.072217514048 147.293229318509 118.402925008198 81.9538976492913 109.537347928924 89.1527703929727 116.495385821557 89.1121897079756 126.76127238539 99.3157235527004 105.329487140487 131.59307995586 15.5568711289401 37.0692781313106 91.3122382236431 66.0857473612094 125.313907158206 35.9187014696694 54.9279622227606 0 69.0946005143276 113.614771974417 69.1895779288385 35.2731436851154 48.4048360197783 92.6762023939145 56.2914188461354 100.850377446115 144.634302275992 80.9255444766544 46.0051907661455 141.034391394698 65.9109655774828 55.0789395327194 60.1029937949544 67.7727235399579 91.1809497613895 88.8086582989808 105.897400769061 134.76542318226 114.741449487021 124.399339449135 134.790104440582 126.44609174052 164.492638137654 180.25114440918 138.10121903426 96.5112133773374 109.517335340635 0 0 0 152.480034501354 190.713480209117 123.065721224218 0 0 0 0 136.19896256151 0 104.777513811965 147.786196860988 184.071690666203 158.568010219687 145.201466752556 125.124681635668 70.4482326124501 106.259925390347 126.661826147598 0 149.023761264505 102.127260976692 135.316435023761 168.188016436899 128.653305850194 0 174.934860229492 154.221328735352 137.16263537824 147.791657638094
74.8626757542592 80.3382565871899 87.1798658454395 24.3449229667218 86.2189821712502 73.7890879341467 52.6635083258988 94.3432331996057 25.3272524184346 60.507977661057 139.790347921451 31.4077202938203 129.138672282649 94.4084658282236 47.0703713741027 42.5239113456465 117.10067883641 159.367084456153 136.801465155808 20.9886313186793 51.5188389562393 32.3218715722201 69.0946005143276 0 113.635740176663 122.503062111344 75.9188017426624 19.2472411509988 85.3324150020824 59.139718287124 146.308792114258 119.628028869629 72.357080477557 76.2732145099406 137.824168155936 76.7383889130721 104.583050901627 90.9663034075092 86.6755787256467 39.6252802020742 95.475178490504 135.451011783918 128.538634214609 100.333834071341 134.040061998296 135.982522165494 79.6755281235809 143.851562532651 0 128.270578297861 132.452056147852 129.162107041777 15.5679446457697 0 105.491600426294 120.850641385593 149.681661652053 57.8016703498802 114.499577470377 0 86.3234532631342 174.072871423842 148.514259756972 80.6458317523566 107.067294844597 153.816408916078 0 168.525838420247 87.645357265048 113.730631654406 70.899949920857 127.383145080953 86.2522656885272 148.677581787109 160.689910888672 136.285188333791 104.897141172776 136.825811467044 112.996455882501 0 0 123.418996361025 124.115512556382 172.675754166539
0 23.1047290712404 74.5441391918281 0 79.1974182128906 99.3701782226562 170.743911481805 82.6078794693216 106.543778691416 0 28.2199390504378 126.788032531738 18.6267036300431 94.7704611351683 159.398338038576 101.630706767041 83.6043288295286 43.019791310431 51.7539318122314 155.665782478206 125.129756150393 68.8448690909625 113.614771974417 113.635740176663 0 38.5029517030398 26.2384622434706 129.497521578631 97.779637645899 140.44262784676 43.1038209825282 75.5934175408473 139.597766199032 55.5443426134287 0 59.9501457710944 21.5030352441992 38.677923956954 39.2892970689662 125.62048223477 35.2533043668172 13.8507379416477 105.439114676547 40.0318549486618 79.5294517130492 0 169.028411865234 0 43.1650900153416 0 29.1147734287991 87.7315126055661 0 0 0 0 188.130142211914 112.903999328613 0 57.5385109852085 0 52.6498753271701 164.909231755013 0 121.135846433503 97.9532937357241 63.9834775503641 94.3757333229611 0 106.04955291748 95.8636225461514 151.516901721958 131.83419344649 31.9654850315026 64.067549040412 64.8344349086543 137.856885044161 0 0 76.6583630269506 0 0 118.218939802903 0
112.344817497056 42.3790950506305 29.8945998027186 0 88.0387937669163 105.123505339211 117.832991053603 115.293388486412 114.559766309341 153.838917096321 25.3865963229273 156.960719174251 27.0188224483462 117.171955785023 167.719805245453 106.05174585547 30.2588489306416 27.2324449531411 32.2793003393335 158.43586730957 89.8723870487048 82.004532969521 69.1895779288385 122.503062111344 38.5029517030398 0 30.4316246708848 108.623404069474 108.463130935069 99.2503077779346 21.9658544241729 105.112266295661 112.192493443351 53.9016424453052 135.265403335014 81.6324230367099 46.2080471896767 56.058031360095 67.7434040807307 114.307109121508 88.0667948949915 59.3468112235558 142.519274903073 100.528943129139 120.149996113542 159.76100200138 0 0 90.1658031322475 0 60.0442422369694 106.043584138491 0 0 0 0 0 147.873892455951 0 93.7728866435425 0 85.5242163873007 171.089141845703 0 135.883850097656 114.307554716608 100.983834342747 108.342547629777 0 159.54753112793 102.677954113585 134.186993000544 176.703063806278 62.4061669878269 93.2506508191993 90.7252455005607 172.485153198242 199.28466796875 178.691879272461 97.1382170162805 0 0 132.832383755015 155.158423679112
116.669523070784 31.8660472500999 30.1232783202152 122.886638582586 108.106170654297 135.071686707494 106.437284372389 130.750970449506 96.6456221896301 126.042991343427 54.3846521348123 129.463552930465 25.6203620365316 130.455580248456 132.956640717945 25.8307767999835 67.1407958054258 53.8266835359673 62.4887497953429 116.447371910649 72.7100826179917 35.2240746374915 35.2731436851154 75.9188017426624 26.2384622434706 30.4316246708848 0 74.119962638356 120.240003856316 97.0894236368936 20.6424327580407 112.780655285451 113.266162035128 65.6132834181377 141.2317662087 78.529899600684 57.0703613505852 66.4704835196396 72.333566421589 101.633719274606 100.068266878451 69.6009047932489 127.923848342318 100.813767795436 111.328416012638 120.520735717246 142.011598860584 136.7182378021 96.814000017887 161.208696096055 56.6791379904516 92.7994502322146 87.9369773645041 0 200.702987670898 158.651171150618 182.688629150391 114.612511917806 0 100.057987582734 155.900741577148 81.5129504464691 176.875597598031 151.819137573242 98.8098489932667 115.981629736929 95.4473660949865 110.457075149302 160.313995361328 148.951541442623 56.9488323212201 99.7354294567382 123.650792399621 66.1522086619959 91.8387209828017 87.5993912580922 130.010956250872 160.787995426538 151.89674780606 103.360588371117 0 0 112.107441475153 156.706702967503
74.6520932651303 98.714039590064 69.2290445524471 19.8962556370749 99.951998695732 59.0013086817383 38.3718167143998 84.6983341068149 49.600860353474 30.5386513021731 139.375027058921 52.1766128931848 125.414702500171 88.2175576684653 72.2907749182672 35.1033225919408 97.8700235590611 144.297978624066 110.773530677642 28.008980195725 26.5883207546803 56.636974495004 48.4048360197783 19.2472411509988 129.497521578631 108.623404069474 74.119962638356 0 84.7426476800173 43.7144755034112 149.955993652344 147.152665489988 71.3858230560727 66.2486056116341 131.547841229103 71.8199834439686 76.8791849346482 76.5341599981041 79.2916577231885 67.8935833686554 108.24708658437 0 137.633941534157 127.301996397334 142.997629610652 142.11155905599 91.1224320243245 144.400979064774 0 130.094034339445 147.317240843432 159.927158168577 105.077717074275 127.019370857753 119.653721670338 130.214438308362 152.883278706751 71.8359582589386 134.627148313301 227.336059570312 99.1671370186049 199.230255126953 153.049795536992 104.865901407949 110.345205170817 199.403332963965 0 0 105.896160568609 120.695068019135 80.0629605933102 134.807864510799 99.3020408001807 0 188.156477782469 139.516106489544 116.612596544462 147.679411394731 122.54997056202 0 152.214928468582 136.301157076116 129.737261911152 174.453930979196
19.8968217503902 120.59588419297 104.502122716756 106.813598157453 29.932171278631 36.2156916630102 60.1901619850906 34.0964287118719 79.6513555092345 96.8460722222815 63.0401541740584 94.0898853072152 74.5179463994416 31.468947918307 54.313795876256 99.1465345789735 98.7144027635576 93.5350262069525 105.776282268377 98.2726831207324 83.3078178507321 77.55564298234 92.6762023939145 85.3324150020824 97.779637645899 108.463130935069 120.240003856316 84.7426476800173 0 33.884434706461 114.417386277636 11.1552479212694 21.4783192601678 35.6593105760725 118.087804037062 60.5455562329132 69.6768070312051 52.1334057135966 63.1065071092386 41.8021003999121 31.5147905740514 74.2912450801812 160.984221794107 140.716761012541 166.028891162346 161.169467587211 131.596223388645 166.721705075196 0 144.778758385718 105.717010498047 166.354888916016 96.93994140625 0 0 155.118454819421 182.167085572296 97.9210795364033 193.744384765625 0 0 0 175.285176675793 0 140.702927623525 0 0 0 0 139.801220449873 94.2453559583994 159.531956395658 128.210344124911 136.707336425781 0 160.353372517904 139.576307300293 163.506571456049 140.870316580571 0 0 139.06526184082 154.948157952733 141.089819473814
30.0307834374442 109.364442849252 73.6499918755017 106.597146698623 108.870870892136 85.2371832185494 19.0862944193721 73.7684797591945 59.2864240482892 80.0788134031706 123.820993485505 95.9825297824574 123.126102069665 66.6047970953886 91.3858118643502 72.4980554198554 74.5981982180295 108.242736586049 87.6530274109208 94.7672937111603 28.0801703155172 64.5904517311995 56.2914188461354 59.139718287124 140.44262784676 99.2503077779346 97.0894236368936 43.7144755034112 33.884434706461 0 0 123.589564540501 51.1419257517971 40.7810032004872 133.67025902582 66.7112496554719 83.9662966475573 63.3927378185348 68.7776582568239 76.769663114164 90.9568100965981 143.631969719826 141.758989400369 135.990026941965 150.268886802253 140.094282901086 149.631528675302 174.293398315303 0 134.469659125761 106.999755859375 148.201654205627 217.068725585938 0 141.980880737305 132.062110893321 167.098580945794 75.6351780785685 166.028435512738 206.878707885742 114.644165039062 0 164.321114681807 0 110.294461406599 186.49660041527 0 156.316253662109 0 120.852846086498 80.1815262985828 139.704069231522 113.52539932116 0 183.454833984375 131.438869361366 122.37634468708 153.316928622327 122.818422749596 0 201.251434326172 140.36566979812 138.745440710539 134.40376596008
0 62.2897331651018 85.4033810419382 0 100.545051574707 95.7096176147461 0 107.821345692137 118.77449798584 0 26.3839165973172 0 12.4878053800937 120.149442090818 0 124.788860949343 80.4846910686644 47.9719071350482 65.8317111063002 0 0 100.754652103832 100.850377446115 146.308792114258 43.1038209825282 21.9658544241729 20.6424327580407 149.955993652344 114.417386277636 0 0 0 0 68.7355084713267 0 118.768142700195 52.0214079208311 67.7147213768568 78.3547955963475 97.483039855957 0 59.1412218744068 0 0 0 0 0 0 71.2128601074219 0 70.887635423328 127.958511352539 0 0 0 0 0 0 0 107.923489609851 0 91.6902259344244 0 0 0 121.467056274414 107.634596960915 0 0 0 126.255996704102 0 0 71.0118326557424 103.340290019992 98.6777507207876 0 0 0 105.699797230786 0 0 121.646768815963 0
88.8426164046548 0 0 0 12.9360589181306 21.0721091639454 113.376668637152 23.7469481018711 96.9471607647951 115.9009539084 59.5561435207871 106.818107437355 60.5036440641685 22.0032718977017 35.0797735086014 0 119.673049761032 86.1420832378276 91.664459541826 124.238979045141 145.240589465855 133.834106445312 144.634302275992 119.628028869629 75.5934175408473 105.112266295661 112.780655285451 147.152665489988 11.1552479212694 123.589564540501 0 0 76.8566155908877 19.0807486162769 109.351570997543 72.9390326329673 59.0520645109484 44.7796113999595 50.6736226474377 37.9952557608303 15.9504120766774 59.2935338567442 0 0 192.283584594727 0 0 0 0 0 0 0 0 0 0 0 0 0 0 0 0 0 227.919952392578 0 216.092254638672 0 0 0 0 0 0 0 0 0 0 0 0 0 0 0 0 0 0 167.677324475036
33.2717350952178 103.363671861364 82.6056944930468 78.7180023193359 64.3284912109375 87.6209433811164 63.0733457068132 83.571909843624 67.5165036353143 93.305328395551 89.4039772353149 0 59.2334250763457 49.0428028189947 0 75.6230101754387 93.6723880683633 116.673217773438 107.607821899485 81.9594267175881 74.5751563483274 68.0510061071705 80.9255444766544 72.357080477557 139.597766199032 112.192493443351 113.266162035128 71.3858230560727 21.4783192601678 51.1419257517971 0 76.8566155908877 0 25.1248333747372 96.7099311247621 38.6290083788945 52.7264292243933 35.3564762113748 41.425454315049 34.7800167822268 46.5047737923517 62.1791458129883 142.36630801709 0 145.176354892206 152.664272465254 0 167.404605402203 0 148.882537841797 0 0 0 0 0 150.865392770358 160.880477905273 91.330686459585 0 0 0 0 170.519683457244 0 116.569363553703 0 0 0 0 132.962095029633 82.721003988852 121.617172241211 124.127764037971 0 0 177.906585693359 125.476312403802 154.953346679341 131.565447320705 0 0 0 155.463316775614 102.1770862385
52.232451117193 61.2189618924462 57.9485762990392 102.651142865501 16.7240310107876 32.6827909132327 73.3746476188551 47.2385413138826 75.9125450734549 89.3921243585021 23.4728764928741 88.0398420310371 39.7336232169728 46.5116786960945 37.3226207382243 70.5326066326082 36.4133255195099 47.4986674422028 38.2887455444123 97.4370570383837 41.4469054405632 61.7635521070963 46.0051907661455 76.2732145099406 55.5443426134287 53.9016424453052 65.6132834181377 66.2486056116341 35.6593105760725 40.7810032004872 68.7355084713267 19.0807486162769 25.1248333747372 0 99.2018276943077 46.1493402011066 27.2490110091759 16.1905794121244 30.4026080160633 39.6812460969885 12.0798094365742 25.628617200331 141.662548189523 160.397827148438 132.845457833148 148.460811572711 0 144.177551269531 0 120.851590771122 73.6835620128008 102.706930605754 80.0176672491142 0 0 143.355866762472 160.462326049805 79.025583529801 170.564346313477 189.951686410347 0 95.4216527556951 185.764775656291 0 113.012000508368 133.990139433581 166.923461914062 156.850250244141 145.985778808594 132.758652340787 80.4811082537388 112.192007447988 122.966807813503 87.3396213921699 114.051611310091 105.754877949541 138.272931953072 152.56827833362 141.975942376865 0 0 137.580869407686 118.124785761431 130.114378760983
145.180155200005 158.409251758391 138.688896724174 38.7262895067029 117.819235370114 14.1949241833401 100.668546790672 77.8864770237638 123.043998190293 27.1083439911005 138.472495380546 13.7851732789033 79.6321209289918 117.599122759924 43.5962359487463 140.7900741095 148.093540077447 149.738464355469 135.5574233869 24.4206477315491 141.324379581208 127.607412185804 141.034391394698 137.824168155936 0 135.265403335014 141.2317662087 131.547841229103 118.087804037062 133.67025902582 0 109.351570997543 96.7099311247621 99.2018276943077 0 67.9647033022228 98.4073078281556 86.5312601027489 80.0128412724295 73.1495400281387 83.7115809887626 87.1829549408585 81.6030408138115 105.150224636108 98.4810238418898 91.4497557512941 79.6267311212564 91.2779545461235 102.795139508098 235.234329223633 156.719004579993 159.175510116193 0 175.3466796875 89.4085388183594 165.844167923953 127.079136671743 146.520873991769 178.176834106445 161.078164125664 134.750923257225 93.2165756225586 162.81380264725 76.9444374949066 158.023934229064 149.025199707927 0 195.251289687389 172.114761352539 151.441053512812 136.036358419402 155.279049022718 191.729570775766 0 155.62276457965 159.170926490927 167.813182970956 125.424923732133 162.710873785675 0 0 89.8782755933437 93.7644648452859 27.6714207090791
