0 16.4399391710758 208.656765758991 27.208485275507 4.63389664888382 429.692321747541 4867.77930873632 3171.01251482964 305.834134012461 548.233193159103 36.7049279510975 75.0521686971188 9.94626820087433 17942.839400351 20.6795706450939 31.4739344418049 401.905722886324 2.46364599466324 66.3929581046104 45.4316777288914 414.243063688278 167.660499095917 660.320365309715 498.260169535875 3.85471612215042 149.708218753338 197.560803323984 560.334527552128 12310.0495699942 5315.34067758918 0 21.8397590517998 159.486153006554 466.864270597696 22.3732726573944 523.5641964674 10.1746841669083 307.609295547009 16.2214852273464 197.048414826393 38.4055054783821 3.52629458904266 17.1640622019768 0.909183740615845 10.4994559288025 1.10394012928009 7.9882071018219 0.881919384002686 0 8.29669845104218 3.19003283977509 6.99564582109451 4.86626410484314 0 4.54974710941315 75.4399043917656 14.918458878994 43.075731754303 13.0207854509354 0 0.789131700992584 0 30.9291369318962 0 23.9068456888199 2.20991957187653 0 0.461818546056747 0.753519535064697 15.561728656292 14.5843448638916 29.5578166544437 172.878172338009 0 5.61798697710037 26.121018409729 146.623551875353 29.8848124146461 40.6275004446507 0 0 0.498657315969467 9.72579044103622 1.39437258243561
16.4399391710758 0 214.501767337322 1.49345004558563 0 6.9079937338829 50.8186999261379 14.3812704980373 1052.26008191705 9.11611920595169 211.313170552254 39.5079455375671 738.098194241524 19.7146898210049 76.6165657639503 122.988235384226 403.266648769379 18.6438698768616 111.381331264973 9.33610346913338 74.0818472504616 3081.03118678927 218.857259303331 1056.65510836244 3259.03851431608 511.698338836432 6067.25429096818 148.489107042551 34.4026525616646 56.6055501103401 44.7403127253056 0.578610599040985 10.3281515836716 105.531036019325 0.394352644681931 108.134849905968 121.213369011879 94.2961105108261 60.1444723010063 67.537899017334 3.08947497606277 177.83589053154 39.9095451831818 8.06109642982483 35.3181927800179 8.29511618614197 0 0 1.12096059322357 0 76.7367228865623 152.454879462719 0 0 0.446726739406586 8.06223660707474 0.765938580036163 6.08306622505188 0.589754521846771 7.31602704524994 1.28307008743286 6.25540292263031 2.80520570278168 0 9.6706817150116 26.5327748060226 1.96297478675842 12.9895545840263 1.91908258199692 3.74728918075562 64.5769670009613 46.6195151805878 14.7556340694427 8.4194815158844 61.9996772408485 499.069208532572 14.3591871857643 0 6.64782589673996 0.80859512090683 0.618748366832733 0 7.17307466268539 1.28056395053864
208.656765758991 214.501767337322 0 13.6447844803333 0.709943771362305 144.648433923721 1514.90130513906 237.171599179506 42.8648963272572 170.511393338442 233.971540510654 18.1730946600437 63.3164584338665 370.826358824968 4.03944173455238 70.6430947780609 6311.14278170466 62.4686171710491 620.267553925514 11.2740580439568 1354.29586955905 254.929153263569 15547.60215047 93.9435750544071 30.7731672823429 12293.4653401971 12111.6243799329 785.60746216774 175.950048446655 1507.4410417974 18.2037800252438 0.683002471923828 27.7339454889297 931.791133671999 6.88272294402122 801.121849149466 216.840192764997 432.386748671532 340.673992842436 34.8698390722275 5.6151174902916 7.84655851125717 163.099017471075 63.3620402216911 115.858549356461 36.6292147040367 15.6340338289738 0.868494629859924 1.42015302181244 2.44910180568695 182.207653462887 632.528375804424 1.36362433433533 0 4.02048426866531 24.0887937545776 4.98155796527863 15.7134732604027 4.95629894733429 10.1531672477722 0 10.602371275425 10.8373426496983 0 88.0170700848103 135.385793924332 3.10002607107162 34.2127819061279 0.699478626251221 48.3777293264866 255.439566075802 310.422730654478 64.499888420105 14.5625953674316 180.684105634689 2062.85001060367 39.8809990286827 14.5488570332527 39.0449178516865 0.888767659664154 0 2.31357252597809 35.7908772826195 7.63361775875092
27.208485275507 1.49345004558563 13.6447844803333 0 1.51642090082169 198.473547548056 526.22711032629 117.724484980106 606.971859395504 6710.03780832887 0 3261.12591353059 0.662595987319946 117.906517952681 53.6623716950417 8.35191148519516 5.03131538629532 0 1.44581252336502 35644.009898901 23.7557760179043 18.0940146148205 31.4515866935253 3096.21329534054 1.62869215011597 5.60005256533623 32.2844118177891 14430.8003524542 144.830434292555 16.47702729702 0 1.73867693543434 17.628860026598 29.6198137700558 11.3688929080963 162.913080573082 1.45343267917633 43.8182181417942 2.56743034720421 171.623490452766 9.17913469672203 1.50474333763123 21.308555662632 0 0.552888453006744 0 39.3771865665913 0 0 1.42220723628998 1.05714786052704 0.827574133872986 668.830156385899 0 21.2662794589996 59.0031916201115 8.45062106847763 69.7055287659168 108.286429613829 0 148.42127430439 0 7.24784103035927 1.3341868519783 4.6720894575119 0 0 0 39.6572335362434 0.454894334077835 3.3528079688549 2.89784681797028 169.653898566961 0.533120334148407 0 3.85434120893478 71.7434128522873 5.39898318052292 2.42289063334465 0 0 0 0.987426578998566 0
4.63389664888382 0 0.709943771362305 1.51642090082169 0 1017.23790347576 15.114033550024 483.951314181089 20.0032186508179 13.9941535294056 1.71877408027649 41.0233727097511 0 78.1683455407619 1928.68619477749 0 0.753854990005493 0 0 8.61107927560806 0.504888474941254 2.18907442688942 1.76164379715919 11.8189025521278 0.983871698379517 0 2.00676816701889 4.86631339788437 158.487842381001 2.36717781424522 0 1687.91325157881 2.22613114118576 944.750952661037 0 26.147996544838 1.75648832321167 101.636215627193 0 3675.33962157369 3621.40264183283 2.93223261833191 0 0 0 0 0 0 0 0 0 0 1.07798218727112 0 0 0 0 0 0 0 0 0 0 0 0 0 0 0 0 0 0 0 1.53497186303139 0 0 0 0 0.708188593387604 0 0 0 0 0 0
429.692321747541 6.9079937338829 144.648433923721 198.473547548056 1017.23790347576 0 4414.81271961331 20645.0229098797 293.480946600437 17080.3220302463 9.07194498181343 12304.4906937182 24.2355901300907 3246.28298246861 2896.95729267597 12.2980806827545 76.1865200698376 1.18071746826172 10.8700869381428 765.43890479207 152.092390865088 42.9605169594288 276.617812097073 505.78665843606 3.15601673722267 45.2627393007278 121.383108943701 825.894296526909 734.887175023556 367.362169653177 0.50408524274826 2051.62320974469 10.2234516739845 1005.77900141478 50.6470646560192 364.783535182476 6.72514519095421 384.749041825533 15.7252221703529 5566.97721233964 1056.84123906493 17.1685076355934 21.4876073896885 2.03169870376587 8.49722361564636 0 22.4493051171303 0 0 3.52435976266861 1.26641377806664 6.67429918050766 41.0128187537193 0 26.0805217027664 87.7723658382893 23.7158750891685 67.2239272892475 99.7092386484146 0 38.0447100102901 0.712090015411377 22.6406801342964 0.952157706022263 9.7531501352787 1.59225523471832 0 0 33.9708200395107 7.51838719844818 10.169108748436 14.7873758673668 136.519669920206 1.48943501710892 1.49227875471115 16.7705445289612 154.400334715843 13.3375781774521 13.5463216304779 0 0.956058263778687 1.22348582744598 4.83660128712654 3.85212057828903
4867.77930873632 50.8186999261379 1514.90130513906 526.22711032629 15.114033550024 4414.81271961331 0 3644.9345869422 2413.65565699339 17132.2357304096 32.8162884116173 1198.14888715744 9.55524060130119 8422.51605892181 177.266486793756 266.52364641428 472.56846010685 5.59673795104027 77.9607220292091 354.100315630436 2293.88847401738 424.156442701817 3374.169449687 5150.00219741464 11.9779809117317 309.32099506259 1170.07703775167 21402.7609685659 2983.38943085074 15905.8155484796 0 30.8082020580769 300.719717502594 488.302258193493 71.6377367079258 1828.22671937943 33.5358381867409 354.736865997314 16.8547105193138 540.810787081718 78.2726896107197 5.50118333101273 147.040694832802 6.39140117168427 80.6378840506077 16.4004165232182 133.461468607187 10.8968732059002 0 70.0806213617325 29.5886639654636 50.3431500196457 99.055007070303 1.19105350971222 144.052450627089 948.541328310966 161.919067025185 513.109309256077 389.286165058613 5.28947639465332 124.434249252081 0 234.545374214649 8.62123072147369 76.5101286172867 7.09578731656075 1.02810990810394 3.50312256813049 99.7654986679554 101.662967771292 85.3675545454025 167.768153727055 1466.96759852767 1.52847921848297 8.76464286446571 199.572113037109 1344.43962430954 126.389158755541 188.306951552629 0 2.24417161941528 27.6781594753265 48.2449595332146 12.5116049051285
3171.01251482964 14.3812704980373 237.171599179506 117.724484980106 483.951314181089 20645.0229098797 3644.9345869422 0 479.73661929369 3426.99981367588 54.5070073008537 1584.23446249962 41.5323103964329 26486.9550932944 637.863919168711 21.6659071445465 300.973783195019 7.20824936032295 52.1476587355137 401.622781604528 317.851376593113 163.314639598131 574.320649802685 831.824533849955 9.31552776694298 115.450435131788 193.023811489344 910.529128283262 2314.73956623673 1492.75598412752 0.695482790470123 1206.98132845759 37.3728009462357 2254.82542610168 32.3861384093761 850.979482740164 19.529642611742 1557.86013045907 47.5287275314331 3079.49171775579 1147.82632541656 52.2083047330379 28.1461578309536 1.31263470649719 19.8174109458923 3.36916452646255 26.4524017870426 5.45115971565247 2.13593417406082 17.1581030488014 1.31114566326141 2.93806320428848 18.6266568899155 0.768619954586029 35.5998321771622 171.552279025316 38.8402484953403 83.0961642861366 72.1068528592587 0 28.2292737960815 0 47.8769802451134 0 15.899100869894 0 0.508021235466003 1.48127996921539 17.5475254654884 44.9596534669399 20.27358096838 20.8249731063843 308.091263264418 0.8655024766922 2.08508503437042 20.8396008014679 269.398365437984 33.4951697587967 48.4998067319393 0.855121731758118 2.28546938300133 2.47857791185379 13.964123159647 3.74709957838058
305.834134012461 1052.26008191705 42.8648963272572 606.971859395504 20.0032186508179 293.480946600437 2413.65565699339 479.73661929369 0 1647.8529393971 60.8022491633892 2253.88563910127 180.008356034756 575.019003480673 1597.30579698086 71.479600250721 45.2446877360344 3.05022573471069 10.600352615118 594.229088425636 103.811269044876 4165.51872709394 134.037500172853 12666.6891676188 353.349799156189 58.692714035511 1125.38401344419 3422.28737485409 512.632884949446 625.76101949811 12.2504857480526 7.01302134990692 124.141730755568 108.895494550467 8.9727591574192 388.596578329802 28.588700979948 82.2121731936932 4.66293749213219 1043.32545796037 14.8375382125378 32.5968253016472 47.780475050211 0.495596587657928 46.5720321238041 7.07921278476715 91.7618642449379 0.673230767250061 0 32.2021849453449 13.5913413763046 21.1580674052238 81.4334987998009 0 51.0523481369019 313.433385014534 45.4489004611969 377.346817493439 156.398739427328 0 111.778100818396 2.66949069499969 78.0820880234241 6.45374113321304 27.6529174149036 5.13343423604965 1.27029550075531 1.61409494280815 61.3396355211735 40.0217693448067 51.3265029191971 37.8360323905945 694.657863646746 2.69962549209595 7.73670691251755 67.0713725984097 596.500140160322 50.5799601972103 102.423652231693 1.30023002624512 1.06486999988556 8.30731916427612 22.9651520848274 2.88360932469368
548.233193159103 9.11611920595169 170.511393338442 6710.03780832887 13.9941535294056 17080.3220302463 17132.2357304096 3426.99981367588 1647.8529393971 0 4.67658022046089 16964.7233376503 6.22589093446732 2831.52975741029 241.884786188602 37.2002962827682 46.2015064060688 1.38065338134766 7.27470326423645 20596.3805086017 164.614283531904 64.8322800397873 300.843395262957 1919.13622820377 3.00862443447113 33.776333540678 187.486602693796 12575.6194009781 1333.17178571224 243.858436644077 0 26.3767176866531 89.8376044631004 354.566587597132 149.459609299898 1625.44759881496 8.3839755654335 382.650911659002 5.6452928185463 862.003513038158 100.387999176979 5.93736240267754 84.5007942318916 1.46925088763237 29.1830478310585 4.43992292881012 210.445033222437 2.48239043354988 0 8.03473392128944 4.06137362122536 7.36916688084602 204.787067592144 0 113.437712609768 265.097315967083 53.5185239911079 330.210146427155 435.502906262875 2.6115602850914 226.704236328602 0.702287614345551 65.2367622554302 14.7685907185078 7.28299829363823 1.87527388334274 0.441683769226074 0.920106649398804 134.811499923468 8.56460934877396 14.0320429503918 24.46536937356 472.465117931366 0.569526255130768 3.46718317270279 30.5127557218075 449.225913405418 11.4549973905087 23.2683743536472 0 0 0 8.94533053040504 11.871161043644
36.7049279510975 211.313170552254 233.971540510654 0 1.71877408027649 9.07194498181343 32.8162884116173 54.5070073008537 60.8022491633892 4.67658022046089 0 1.46439591050148 10824.218983531 79.0157261788845 2.17923200130463 15.0614516735077 988.982196182013 5894.05048063397 5072.15403068066 4.32460123300552 77.744863897562 109.073811411858 199.644149124622 42.597570836544 2013.23989567161 6782.26518326998 3704.60994148254 20.5646979212761 74.5058214068413 114.379303514957 832.119104206562 2.13821285963058 3.99053633213043 5098.76258274913 0.691780567169189 512.051923215389 5185.90880936384 11211.4226504266 463.274580597878 14.4648325443268 4.63449367880821 6092.3497390449 7.47290331125259 148.73624676466 10.2569597959518 0 1.84665697813034 0 14.8107489347458 0 28.8682970702648 6.98277944326401 0 0 0 1.95854192972183 0 1.34589827060699 1.33379936218262 91.0947116613388 0 316.17157715559 0 0 1.31638443470001 2.76541686058044 55.7074643969536 15.4117887616158 0 0 6.42273151874542 2.83007773756981 2.41459357738495 112.372910648584 196.309191048145 256.057515472174 1.46473968029022 0 0.902800619602203 56.7290408909321 0 0 3.25234037637711 0
75.0521686971188 39.5079455375671 18.1730946600437 3261.12591353059 41.0233727097511 12304.4906937182 1198.14888715744 1584.23446249962 2253.88563910127 16964.7233376503 1.46439591050148 0 2.66272580623627 656.741717040539 2720.5060813427 4.7241182923317 7.54324996471405 0 2.5174800157547 23394.086830914 16.5860977768898 87.4802687466145 37.9838998317719 2914.6028599143 7.7955707013607 6.49783271551132 74.2523691058159 1768.13281819224 291.652829438448 35.2860458791256 0 47.4817128777504 6.66468462347984 199.859595924616 248.996211081743 284.467624902725 1.88837838172913 234.685214161873 0.654272198677063 2844.9551961422 74.7887147068977 5.83358818292618 17.0518390536308 0 0.421092748641968 1.27124392986298 29.9315443634987 1.2949470281601 0 0 0.358716189861298 1.16784286499023 676.669135212898 0 22.7062202095985 33.9089173972607 10.3170060813427 52.3977265954018 95.3224685192108 0.545428216457367 457.696348398924 0 4.77311813831329 2.09487283229828 0.532581865787506 1.89061808586121 0 0 252.969051033258 0.749512672424316 4.85774660110474 0.51469212770462 101.4881939888 0 0 2.99203795194626 143.83015114069 0.971286058425903 2.76785635948181 0 0 1.23663425445557 3.16367697715759 2.19148856401443
9.94626820087433 738.098194241524 63.3164584338665 0.662595987319946 0 24.2355901300907 9.55524060130119 41.5323103964329 180.008356034756 6.22589093446732 10824.218983531 2.66272580623627 0 35.4582221806049 7.68315809965134 9.15164202451706 45.5685906410217 255.225666850805 92.3226738870144 0.564221203327179 7.01578390598297 316.852377146482 20.0195319950581 143.230042040348 9036.15641146898 1985.08995649219 8260.47685644031 14.0252123773098 21.7087444663048 8.19356915354729 2167.98301610351 5.31334340572357 2.92270582914352 1140.61993801594 44.4359622299671 813.988243639469 4120.71507543325 3192.71808701754 582.470766931772 63.3207619786263 353.656804203987 8654.98129320145 9.19070678949356 406.993948221207 32.815437078476 10.708342820406 0 0 84.693766951561 0 67.8364300131798 10.1418408453465 0 0 0 0.504894316196442 0 2.56352907419205 0 247.929913252592 0 696.05023419857 0 0 0 5.52037981152534 83.1140587925911 15.3069939017296 0 0.876503229141235 4.08611842989922 1.56368082761765 5.42324733734131 262.195119321346 270.320397287607 360.891794711351 0 1.01127922534943 1.28225606679916 99.4032073318958 0 1.06846714019775 43.0135165452957 9.46230214834213
17942.839400351 19.7146898210049 370.826358824968 117.906517952681 78.1683455407619 3246.28298246861 8422.51605892181 26486.9550932944 575.019003480673 2831.52975741029 79.0157261788845 656.741717040539 35.4582221806049 0 92.533000677824 51.0532854497433 463.667159765959 11.8057027161121 75.4195547401905 340.155018061399 560.003914952278 263.516785502434 987.738911867142 1011.60884478688 4.04880046844482 191.083570122719 283.52005636692 1164.57843902707 8154.8585588038 3240.63232395053 3.82777082920074 910.913468718529 103.052010834217 1768.9128972888 40.0312406122684 1251.76416262984 40.2690443396568 2494.91791599989 30.1740902662277 1094.27873528004 252.110338926315 33.7635171711445 35.4476889967918 3.15349161624908 21.0524298846722 4.93228048086166 12.8776178658009 3.4116233587265 0 15.7858161330223 2.13504040241241 13.8348070085049 15.6236157417297 0 17.2559782266617 211.337848722935 32.0847670435905 75.1299491226673 82.5245951414108 2.75758945941925 20.9708354473114 0 69.9441626667976 0 26.9469099342823 2.70846039056778 0.482993513345718 1.57024872303009 27.0386272668839 46.951818138361 33.2764342427254 40.2737730145454 350.437144756317 1.03156435489655 7.40627872943878 37.9022898375988 335.930308818817 36.8742737174034 81.5838857591152 0 0.831766128540039 10.8926518559456 17.1288821995258 5.30152508616447
20.6795706450939 76.6165657639503 4.03944173455238 53.6623716950417 1928.68619477749 2896.95729267597 177.266486793756 637.863919168711 1597.30579698086 241.884786188602 2.17923200130463 2720.5060813427 7.68315809965134 92.533000677824 0 1.52119779586792 2.74913048744202 1.57234466075897 0 173.041472226381 5.47007527947426 142.081692308187 5.62963992357254 634.679759293795 19.7325609624386 4.30352920293808 100.364677101374 184.716947436333 99.9934709072113 22.4911218881607 0 288.309053003788 1.58560907840729 121.934602349997 226.363086998463 107.495190382004 1.39030110836029 27.7224894762039 22.2044709920883 15168.9005701542 233.34907335043 3.62471795082092 8.78763920068741 4.30770647525787 2.1462037563324 4.57479560375214 11.3268218040466 0 0 0 0 0 2.91534733772278 0 2.42594510316849 5.60576462745667 0 7.23105657100677 8.58772832155228 0 5.91877371072769 0 0.805781066417694 1.63468205928802 1.24102759361267 0 0 0 1.28009402751923 0 1.90419900417328 1.41933768987656 7.34028714895248 0 1.05907332897186 2.83392477035522 5.56298875808716 0.454096019268036 1.0619992017746 0 0 0 0.573482513427734 123.88764923811
31.4739344418049 122.988235384226 70.6430947780609 8.35191148519516 0 12.2980806827545 266.52364641428 21.6659071445465 71.479600250721 37.2002962827682 15.0614516735077 4.7241182923317 9.15164202451706 51.0532854497433 1.52119779586792 0 87.6984118819237 0.489640742540359 14.0050581991673 5.43378964066505 8580.1876654923 3176.52413633466 18441.8828603327 1297.76581269503 17.3000664114952 23.3590274453163 9403.70621216297 2464.78043341637 105.952738851309 378.06993290782 0.418311536312103 1.25502145290375 43.2767976820469 301.628538161516 1.0816398859024 66.1492520570755 1.54854714870453 67.167124658823 3.55047565698624 7.08293676376343 0.716797173023224 1.17976379394531 141.9957485497 19.2420605421066 104.375538825989 68.0208087563515 11.3095860481262 1.06414365768433 0 9.94629949331284 12.8043211102486 132.261734306812 1.04623830318451 0 2.0153583586216 43.0943439602852 5.72057577967644 25.3660520017147 4.3861517906189 1.34597656130791 1.06338477134705 0 9.53871893882751 1.97908586263657 1048.77985826135 32.203395485878 0 1.58833175897598 0 335.044902026653 574.210991024971 1459.60350736976 230.379495412111 0.822577953338623 7.69687029719353 646.582647979259 134.970627307892 22.7684119343758 115.833882510662 0 0 5.81171375513077 68.1964774727821 5.82517659664154
401.905722886324 403.266648769379 6311.14278170466 5.03131538629532 0.753854990005493 76.1865200698376 472.56846010685 300.973783195019 45.2446877360344 46.2015064060688 988.982196182013 7.54324996471405 45.5685906410217 463.667159765959 2.74913048744202 87.6984118819237 0 257.709112912416 9176.91852635145 1.23253548145294 2295.65001356602 191.627758592367 10194.8580148816 70.2710821330547 30.2286082804203 6443.67793789506 5297.87562078238 190.679308503866 595.860877335072 1905.35061666369 12.0252023637295 1.53038245439529 66.6827368140221 2273.5417381525 1.2170877456665 210.855776816607 125.641364634037 806.448390722275 81.8607842028141 19.2791563868523 7.72589895129204 11.076779872179 35.7613870501518 15.3538597822189 39.729743719101 20.7214933633804 7.01247471570969 0.625051915645599 0 0 91.3829553425312 209.404652923346 0.738017797470093 0 0 7.29096704721451 0.356865167617798 9.00271016359329 0 7.43877267837524 0.878058612346649 6.67851519584656 0 0 36.6459121704102 49.4102579951286 3.70970344543457 27.4897686243057 0 15.791513055563 59.5212824046612 98.6401146352291 19.2113506495953 9.30814105272293 113.072291731834 635.64456897974 7.19801741838455 3.74811464548111 17.93404763937 0.876483201980591 0 0.447414934635162 8.82413321733475 0.856360137462616
2.46364599466324 18.6438698768616 62.4686171710491 0 0 1.18071746826172 5.59673795104027 7.20824936032295 3.05022573471069 1.38065338134766 5894.05048063397 0 255.225666850805 11.8057027161121 1.57234466075897 0.489640742540359 257.709112912416 0 5091.85876297951 0 15.1951175034046 10.4431782662868 43.3317525684834 1.44089806079865 172.087383717299 4694.38939487934 767.111252635717 2.14730763435364 8.3875367641449 15.9662950634956 113.155607879162 0 0 264.579002916813 0 93.1744712591171 280.748922407627 400.896924614906 91.2018896639347 0 1.41935205459595 28.2732418775558 6.75572597980499 10.1272035837173 9.56764149665833 0 0 0 0 0 6.86436069011688 2.36866480112076 0 0 0 0.647216618061066 0 0 0 34.9143434166908 0 52.4444364905357 0 0 0 0 24.3537700772285 6.04458704590797 0 0 0 2.42721873521805 0 42.8507364988327 96.703577876091 72.7090347409248 0 0 0 10.7005766034126 0 0 1.91865998506546 0
66.3929581046104 111.381331264973 620.267553925514 1.44581252336502 0 10.8700869381428 77.9607220292091 52.1476587355137 10.600352615118 7.27470326423645 5072.15403068066 2.5174800157547 92.3226738870144 75.4195547401905 0 14.0050581991673 9176.91852635145 5091.85876297951 0 1.98026072978973 239.709808915854 36.1323272883892 725.488932728767 11.3153373897076 108.173007547855 10536.5535028279 2220.9723597765 26.0284494161606 100.470425546169 274.925743639469 34.9807215929031 0.421590179204941 20.656971514225 1427.20070797205 0 213.103122740984 167.054033696651 786.941011190414 204.738731503487 3.56889197230339 0.731556117534637 21.6388102769852 7.32106798887253 7.93226993083954 8.52923488616943 6.90430128574371 0 0 0 0 39.9190532565117 43.948204100132 0 0 0 1.12104725837708 0 1.04696261882782 0 7.23495775461197 0 21.9931054413319 1.34437215328217 0 1.12149095535278 5.07505232095718 7.96403712034225 15.4035360217094 0 7.44813597202301 8.3690493106842 16.1403884291649 4.08586311340332 30.3589200377464 136.336851775646 199.010321080685 2.55291485786438 0 0.754209399223328 3.98553985357285 0 0 0.86575573682785 0
45.4316777288914 9.33610346913338 11.2740580439568 35644.009898901 8.61107927560806 765.43890479207 354.100315630436 401.622781604528 594.229088425636 20596.3805086017 4.32460123300552 23394.086830914 0.564221203327179 340.155018061399 173.041472226381 5.43378964066505 1.23253548145294 0 1.98026072978973 0 8.22318735718727 23.2895966470242 20.3740149736404 3253.48446530104 1.30450057983398 3.5904096364975 18.6741861999035 6164.80796527863 214.256119698286 24.5433920323849 0 11.1682935655117 12.5718484520912 74.8367071151733 30.2738801836967 217.502207428217 1.82090693712234 113.367889106274 2.93070709705353 355.176340758801 33.088988006115 0 8.47445404529572 0 1.31198465824127 1.16120064258575 46.4811857640743 0.53426319360733 0 0.524197280406952 0.564268589019775 0 437.583603739738 0 10.0438649058342 39.2294532060623 10.112796485424 64.6929053068161 72.0289784669876 0 194.942591786385 0 9.51541924476624 4.17947906255722 2.94332301616669 0 0 0 29.9079870283604 1.39184206724167 2.27906626462936 3.70257163047791 105.870548307896 0 0 2.82248374819756 73.5620603263378 0 0.632301926612854 0 0 0 1.89950406551361 0.95984148979187
414.243063688278 74.0818472504616 1354.29586955905 23.7557760179043 0.504888474941254 152.092390865088 2293.88847401738 317.851376593113 103.811269044876 164.614283531904 77.744863897562 16.5860977768898 7.01578390598297 560.003914952278 5.47007527947426 8580.1876654923 2295.65001356602 15.1951175034046 239.709808915854 8.22318735718727 0 1324.44970184565 29171.0411101878 825.043657004833 19.6747181117535 287.138194322586 1850.61454629898 10641.396625191 882.810381799936 20762.8313391507 5.24668300151825 0.316388994455338 241.592334032059 3152.38636410236 4.40431013703346 229.383447408676 26.6750051379204 375.644404619932 5.94694599509239 47.340672314167 4.70326599478722 3.3016152381897 95.2349597215652 9.59786552190781 75.5311300158501 31.2598102688789 15.6146730184555 0.550414144992828 0 13.436965495348 8.12528240680695 68.8600936233997 2.15665781497955 0 4.47203969955444 74.0278132855892 3.65609741210938 39.5827314257622 6.60338091850281 2.03326910734177 3.73388278484344 1.39966356754303 22.2699871063232 0.52919203042984 606.89712998271 15.1125366985798 0 3.453329205513 1.1733363866806 427.566338330507 277.374874949455 606.239556819201 315.290251046419 0 14.6349897384644 271.135302633047 202.450940310955 64.3396642208099 178.239079713821 0 1.05564212799072 15.8264486789703 67.3650176525116 7.07118558883667
167.660499095917 3081.03118678927 254.929153263569 18.0940146148205 2.18907442688942 42.9605169594288 424.156442701817 163.314639598131 4165.51872709394 64.8322800397873 109.073811411858 87.4802687466145 316.852377146482 263.516785502434 142.081692308187 3176.52413633466 191.627758592367 10.4431782662868 36.1323272883892 23.2895966470242 1324.44970184565 0 2511.76499646902 7530.83658260107 808.032964468002 141.955466836691 5060.7173217535 1568.69442716241 503.7675357759 1028.87010413408 24.7681668996811 3.98674795031548 145.934850424528 404.293283939362 5.46420207619667 252.374477356672 48.202198266983 119.345520704985 11.7442920506001 139.464985460043 5.55991411209106 76.4186274409294 126.262719988823 31.1793755292892 84.4188576936722 56.3424856066704 23.7853045165539 1.06645500659943 2.45869809389114 15.6235529482365 33.6426800787449 163.868463248014 2.23872178792953 0 1.75611591339111 81.0196479260921 7.95257976651192 71.9600683450699 16.7891188263893 3.05914533138275 1.96364718675613 4.6788772046566 28.7918499410152 3.46187442541122 756.602311134338 27.4384005069733 1.28014445304871 6.40537053346634 2.34519737958908 322.867451995611 601.163044035435 861.409146606922 316.948808670044 5.13095623254776 27.863645195961 694.72819969058 210.296486496925 50.8798532485962 165.327425420284 0.678475618362427 0 12.3053619265556 48.2728608846664 8.13210093975067
660.320365309715 218.857259303331 15547.60215047 31.4515866935253 1.76164379715919 276.617812097073 3374.169449687 574.320649802685 134.037500172853 300.843395262957 199.644149124622 37.9838998317719 20.0195319950581 987.738911867142 5.62963992357254 18441.8828603327 10194.8580148816 43.3317525684834 725.488932728767 20.3740149736404 29171.0411101878 2511.76499646902 0 903.338164329529 25.6649242937565 2035.11817973852 15112.8931466639 6314.96322187781 899.964304596186 7567.29186630249 8.75247070193291 5.524159938097 153.754267245531 3202.25351494551 19.6273670494556 335.491082012653 82.1439958810806 573.981848329306 65.1886520683765 43.8362014293671 7.1762101650238 4.84447109699249 397.770800709724 96.1690135300159 349.049030959606 162.930202066898 53.6285288333893 5.00487634539604 0.864945113658905 10.9675309360027 92.9840855896473 727.280913352966 3.42784580588341 0 5.17697647213936 127.36521935463 18.2960012853146 46.5268184542656 12.0424192845821 9.83745622634888 3.35868793725967 8.57735767960548 33.3663285672665 1.1070202589035 1658.20089140534 109.682506352663 5.72245705127716 25.2487127184868 2.42519602179527 375.750873625278 1155.76504004002 2978.55785775185 318.830017387867 5.72974812984467 68.7551116943359 3184.25096988678 218.318584799767 28.8089482784271 155.652901113033 2.88726580142975 0 9.90358376502991 118.333552628756 13.0501554608345
498.260169535875 1056.65510836244 93.9435750544071 3096.21329534054 11.8189025521278 505.78665843606 5150.00219741464 831.824533849955 12666.6891676188 1919.13622820377 42.597570836544 2914.6028599143 143.230042040348 1011.60884478688 634.679759293795 1297.76581269503 70.2710821330547 1.44089806079865 11.3153373897076 3253.48446530104 825.043657004833 7530.83658260107 903.338164329529 0 302.727764695883 63.7379528284073 2041.15002858639 37378.5629484653 931.84984305501 1364.04308834672 5.81800672411919 8.61621075868607 233.840168178082 320.295265674591 25.6051676273346 910.235123187304 39.7682234048843 187.089952021837 11.1090675592422 585.993083506823 30.512335896492 30.8862815797329 204.840590447187 18.2913224101067 113.153072625399 22.2235976457596 135.083542257547 18.0752938985825 0 101.85559502244 19.8633859455585 59.8123134970665 154.80662637949 0 143.083141565323 1140.17017024755 175.196785241365 727.149338155985 412.759343206882 1.93263554573059 212.441355645657 3.50638556480408 326.94479316473 14.6167396903038 199.802584171295 8.21291589736938 1.09139156341553 1.19877731800079 122.333145111799 224.036609143019 233.356732845306 228.982780128717 2207.80976456404 2.66781741380692 7.15646362304688 197.91494306922 1722.50612723827 197.305658787489 338.235420703888 0 1.06075200438499 39.1615655422211 98.4359739422798 11.1762987375259
3.85471612215042 3259.03851431608 30.7731672823429 1.62869215011597 0.983871698379517 3.15601673722267 11.9779809117317 9.31552776694298 353.349799156189 3.00862443447113 2013.23989567161 7.7955707013607 9036.15641146898 4.04880046844482 19.7325609624386 17.3000664114952 30.2286082804203 172.087383717299 108.173007547855 1.30450057983398 19.6747181117535 808.032964468002 25.6649242937565 302.727764695883 0 794.945279955864 5530.3401991725 33.5341450870037 8.93968939781189 9.70943820476532 276.165524989367 0 2.45391118526459 91.2869026958942 2.87266936898232 110.777327150106 1116.35070174932 402.567211508751 189.254202485085 14.5556604862213 18.3115364909172 3065.30937510729 55.1264668107033 216.813748300076 65.0685403943062 45.9674059152603 0 1.18276596069336 80.5786829590797 0 103.881006360054 8.7962139248848 0 0 0 5.58239802718163 0 1.16278660297394 2.86833530664444 129.308005869389 0 381.297550320625 0 0 0 12.6177209019661 77.5419854223728 30.7388470172882 0 2.40044146776199 10.9469558596611 4.28183490037918 3.97828829288483 272.720810592175 376.848773211241 459.232901155949 1.0489581823349 1.3623218536377 1.5376935005188 84.00517141819 0 0 123.823127031326 0
149.708218753338 511.698338836432 12293.4653401971 5.60005256533623 0 45.2627393007278 309.32099506259 115.450435131788 58.692714035511 33.776333540678 6782.26518326998 6.49783271551132 1985.08995649219 191.083570122719 4.30352920293808 23.3590274453163 6443.67793789506 4694.38939487934 10536.5535028279 3.5904096364975 287.138194322586 141.955466836691 2035.11817973852 63.7379528284073 794.945279955864 0 38461.1292067468 97.0089828372002 139.829797074199 461.542855173349 1959.87178868055 1.80475872755051 14.2688030004501 1217.838501513 3.05270606279373 1460.63560184836 1108.57412230968 1840.74341878295 1059.33985695243 18.9046981334686 14.3951957821846 70.486215621233 101.31202685833 127.539358437061 111.173864305019 17.0428472757339 3.80360102653503 0 8.92309522628784 1.22625362873077 400.548257857561 263.670782744884 0 0 0 8.07805395126343 0 7.92806163430214 0.944227933883667 114.445464789867 0 286.537247896194 0 1.03728151321411 9.63366866111755 115.179123312235 133.700329810381 173.079996436834 0 14.367261826992 34.9406772851944 52.8371261060238 10.8308151364326 275.846755385399 1484.45017296076 2446.89723843336 6.69706949591637 1.23558658361435 5.12435027956963 65.436482489109 0 0 51.1180567145348 1.99409514665604
197.560803323984 6067.25429096818 12111.6243799329 32.2844118177891 2.00676816701889 121.383108943701 1170.07703775167 193.023811489344 1125.38401344419 187.486602693796 3704.60994148254 74.2523691058159 8260.47685644031 283.52005636692 100.364677101374 9403.70621216297 5297.87562078238 767.111252635717 2220.9723597765 18.6741861999035 1850.61454629898 5060.7173217535 15112.8931466639 2041.15002858639 5530.3401991725 38461.1292067468 0 2121.39695316553 262.740134596825 1023.51193860173 3518.8222900033 0.988795042037964 58.7638644278049 2709.30379828811 15.4782198667526 2977.23678672314 1791.62873253226 2762.73271363974 1812.43797340989 134.332334220409 18.8685628771782 184.796172261238 767.637997448444 380.520586073399 705.832162201405 231.150564432144 40.291804432869 11.0555616617203 20.2536998987198 22.6330241858959 1366.59468856454 2542.91769462824 5.19753569364548 0 4.9207381606102 120.768400907516 17.5641336739063 41.4978496432304 7.7141460776329 211.855503261089 3.33438402414322 458.516204297543 41.1626266539097 1.32119926810265 672.038476377726 539.239194154739 205.020916670561 345.140181869268 1.7880665063858 188.464405745268 1191.23386994004 2000.33547696471 143.187726765871 484.071462005377 2815.38541132212 10668.7768158615 118.51285341382 24.0279735922813 141.22579112649 118.827859163284 0 6.74335074424744 217.833205163479 13.9704501330853
560.334527552128 148.489107042551 785.60746216774 14430.8003524542 4.86631339788437 825.894296526909 21402.7609685659 910.529128283262 3422.28737485409 12575.6194009781 20.5646979212761 1768.13281819224 14.0252123773098 1164.57843902707 184.716947436333 2464.78043341637 190.679308503866 2.14730763435364 26.0284494161606 6164.80796527863 10641.396625191 1568.69442716241 6314.96322187781 37378.5629484653 33.5341450870037 97.0089828372002 2121.39695316553 0 1349.95371627808 6920.27720609307 0 13.2623596191406 427.362820893526 901.360434800386 38.3491633832455 1393.20187303424 24.2899442017078 248.821093261242 14.9558284282684 386.230489850044 40.733728736639 4.10657426714897 226.657642364502 9.54200729727745 115.836226314306 27.233210593462 151.579433917999 22.3891137838364 0.758840382099152 74.8153008520603 9.94086730480194 68.476883918047 187.652554154396 0 134.656336188316 958.882998049259 137.877150535583 578.821368157864 344.913014322519 4.36642968654633 207.215353429317 1.06925332546234 261.74967366457 11.3105653226376 329.506287395954 17.7263742387295 0 5.79897573590279 113.479330033064 353.514449179173 248.722819447517 381.47367271781 2024.00023037195 5.00928401947021 11.0438816249371 234.86310005188 1670.97538778186 209.91371679306 437.603086411953 0 4.25650110840797 40.8734312951565 94.9214279949665 8.26108276844025
12310.0495699942 34.4026525616646 175.950048446655 144.830434292555 158.487842381001 734.887175023556 2983.38943085074 2314.73956623673 512.632884949446 1333.17178571224 74.5058214068413 291.652829438448 21.7087444663048 8154.8585588038 99.9934709072113 105.952738851309 595.860877335072 8.3875367641449 100.470425546169 214.256119698286 882.810381799936 503.7675357759 899.964304596186 931.84984305501 8.93968939781189 139.829797074199 262.740134596825 1349.95371627808 0 9267.2598285079 0 853.355563104153 8670.17248892784 3762.03325456381 86.1728121638298 2095.89754477143 41.4441928267479 2109.46715673804 22.9342380464077 926.057436197996 682.826676785946 24.2044722437859 56.8268532454967 4.36328142881393 28.2265512347221 8.68618044257164 7.29414343833923 1.17080402374268 0 20.360714673996 3.42473769187927 16.994980275631 1.89563888311386 0.688855886459351 7.15505889058113 146.085911512375 9.52241742610931 78.6051690578461 15.6149917840958 0.420700222253799 9.17718961834908 0 57.2156402170658 1.04851937294006 57.7685756087303 7.13188505172729 0 0 4.38951548933983 103.9207264781 71.4451645314693 64.5387948155403 265.087306648493 0 4.53052562475204 42.8894212245941 279.911800652742 29.6310084760189 109.582598060369 0 0.470839649438858 7.83622473478317 27.4496587216854 13.4454946219921
5315.34067758918 56.6055501103401 1507.4410417974 16.47702729702 2.36717781424522 367.362169653177 15905.8155484796 1492.75598412752 625.76101949811 243.858436644077 114.379303514957 35.2860458791256 8.19356915354729 3240.63232395053 22.4911218881607 378.06993290782 1905.35061666369 15.9662950634956 274.925743639469 24.5433920323849 20762.8313391507 1028.87010413408 7567.29186630249 1364.04308834672 9.70943820476532 461.542855173349 1023.51193860173 6920.27720609307 9267.2598285079 0 1.04732972383499 13.5892964303493 915.099350631237 3820.85219249129 21.5252352058887 1040.01536303759 38.750317633152 463.678854435682 15.6960917413235 171.659507662058 19.9788638651371 9.06010091304779 74.5796449780464 6.27527844905853 57.1144252419472 23.0500351190567 26.0653581321239 2.1363999247551 0 24.9680006206036 13.7329435646534 58.922193467617 4.0761895775795 0 7.75018283724785 216.933046728373 19.9881819486618 135.755561888218 13.2422277629375 3.59461754560471 6.83316612243652 2.01693519949913 80.6437457501888 1.23145115375519 227.6775380373 9.30757316946983 0 2.11426681280136 4.28411316871643 230.73874604702 140.808001756668 242.632894158363 491.762669742107 1.11011338233948 12.4051967263222 169.189849823713 507.836469173431 87.8663147389889 207.443683475256 0 2.18611717224121 18.9707238674164 47.2314184010029 5.84647887945175
0 44.7403127253056 18.2037800252438 0 0 0.50408524274826 0 0.695482790470123 12.2504857480526 0 832.119104206562 0 2167.98301610351 3.82777082920074 0 0.418311536312103 12.0252023637295 113.155607879162 34.9807215929031 0 5.24668300151825 24.7681668996811 8.75247070193291 5.81800672411919 276.165524989367 1959.87178868055 3518.8222900033 0 0 1.04732972383499 0 0 0 59.9153419137001 0 45.8514658808708 121.446153342724 146.49550139904 42.0975036025047 2.47563183307648 0 22.6811160445213 0 24.6943633556366 1.74982413649559 0 0 0 2.77936089038849 0 3.24997687339783 1.24002587795258 0 0 0 0 0 0 0 25.1529309749603 0 47.6873163580894 0 0 0 2.61841750144958 18.9346740543842 1.27105629444122 0 0 1.44838464260101 0 1.15317475795746 37.2973284125328 43.9648551046848 62.919767677784 0 0 0 11.7841640710831 1.04813158512115 0 0.796286702156067 0
21.8397590517998 0.578610599040985 0.683002471923828 1.73867693543434 1687.91325157881 2051.62320974469 30.8082020580769 1206.98132845759 7.01302134990692 26.3767176866531 2.13821285963058 47.4817128777504 5.31334340572357 910.913468718529 288.309053003788 1.25502145290375 1.53038245439529 0 0.421590179204941 11.1682935655117 0.316388994455338 3.98674795031548 5.524159938097 8.61621075868607 0 1.80475872755051 0.988795042037964 13.2623596191406 853.355563104153 13.5892964303493 0 0 1.53907191753387 1522.55779787898 3.3357367515564 82.7696135938168 4.68862628936768 273.773924171925 6.57975372672081 604.084731847048 1951.43915623426 9.83015996217728 0.949241638183594 0 0 0 0 0 0 0 0 0 0 0 0 0 0.618996560573578 2.48030948638916 2.04062360525131 0 0 0 1.61150920391083 0 0.544417321681976 0 0 0 0 0 0 0 1.19500601291656 0 0 0 4.73089283704758 0 0 0 0 0 2.17478966712952 0.842028737068176
