0 12.5804236233234 155.098549991846 34.2054676413536 3.76944243907928 81.8750523626804 6716.94383260608 745.227800607681 281.213115692139 257.237179964781 35.997860044241 32.518812507391 4.11817070841789 12770.085087508 8.29356873035431 114.476518452168 190.586970478296 2.23119333386421 43.4296727776527 35.5131466686726 342.957908153534 173.665811032057 467.248235464096 632.943077296019 3.11602836847305 79.1970342248678 137.192164778709 880.327185302973 12669.7552034855 3622.28847083449 0.474635541439056 23.1044403016567 499.419436514378 759.316232472658 24.3280646800995 460.838071763515 39.5216947793961 365.713958710432 45.4019268751144 108.848293125629 86.7730950117111 0.644545614719391 19.4910352528095 2.34758168458939 17.1914801001549 0.594341397285461 8.74681958556175 5.52280515432358 0.534629344940186 5.53327223658562 2.0937157869339 6.22316193580627 1.44680690765381 0 2.79209744930267 72.5450580716133 12.5052508413792 45.1821555495262 12.1673292815685 0.91512668132782 3.49167707562447 0 10.6575191617012 2.28482508659363 9.0494427382946 0.558295369148254 0 0.489372462034225 0.537793636322021 15.1422263383865 7.90874853730202 18.3431122899055 99.4761992394924 0 0.351965397596359 12.5077500641346 106.5808596313 13.3384385704994 33.8863097429276 0.897158324718475 0 2.38568705320358 10.3534860312939 8.4342914223671
12.5804236233234 0 719.985742300749 0 0 0.609625816345215 39.7093428969383 12.7896792888641 988.519166082144 0.766239792108536 238.952878892422 11.5392202138901 586.715226739645 10.7571949958801 8.50476163625717 204.670877814293 611.310219109058 61.4303680956364 462.196023762226 0 82.8171462416649 3483.21426823735 300.198904871941 407.773072361946 3981.09094181657 2222.1397112608 9740.48758536577 103.288828790188 26.9597257226706 58.5874784588814 26.8101147413254 1.35690170526505 8.00739681720734 238.177917540073 9.58945739269257 360.210898041725 329.261953800917 576.169555068016 131.389808535576 49.3210834264755 0 50.6845968663692 25.5420361757278 54.3415751159191 68.0582373142242 29.5319131016731 2.11536598205566 0 0.480666130781174 0.685923933982849 205.084269970655 178.347703486681 0 0 0 19.8386177718639 1.54482081532478 2.5056209564209 1.58193349838257 16.7374459505081 0.32562518119812 7.41058519482613 5.00358203053474 0 10.2720490694046 58.704987347126 15.9896720051765 50.711331307888 0.516777634620667 10.0585484802723 35.1706400513649 64.0048160552979 7.49226799607277 26.9876163601875 337.32151851058 612.298764765263 9.05710959434509 0.390127718448639 15.4017411470413 0.985570281744003 0 0 33.0548129379749 2.61363738775253
155.098549991846 719.985742300749 0 1.40056717395782 0 31.5763813853264 1069.93313717842 227.347167044878 85.4009593427181 45.303506821394 166.93494656682 3.11641263961792 36.1484450101852 327.272285014391 0.389859586954117 205.492077112198 6945.97606471181 98.7831022441387 889.851700901985 1.54151147603989 2021.54812699556 837.264446571469 18778.1258294582 318.167595475912 32.7396157383919 14965.4456546307 14555.9106965959 1139.7219954133 181.996486395597 1353.29454019666 18.9349986314774 3.05286276340485 29.1145966947079 1046.39399150014 94.0160667002201 3168.81422835588 2510.4925237298 3383.1120814085 1202.19664409757 57.3686537146568 12.735048353672 2.35625785589218 205.231607377529 139.63077890873 512.463317066431 68.3362274169922 15.4815444946289 1.34618008136749 0 5.76966416835785 189.721645861864 1191.90919429064 0 0 0.604664087295532 67.4265474081039 4.20199212431908 11.8511281311512 2.0949045419693 8.37344664335251 0 8.36034595966339 18.0344658195972 0 127.961470723152 244.413142055273 10.5283611416817 45.4218046367168 0.394440948963165 100.559040039778 165.811620652676 692.401336222887 54.1235710382462 12.1416351497173 325.478744328022 2542.55236428976 65.712044775486 15.4419925808907 105.171168714762 1.06662133336067 0 0 140.437156826258 56.6680136620998
34.2054676413536 0 1.40056717395782 0 3.61627221107483 272.499222308397 397.023736655712 116.160666435957 146.105924785137 5588.19239225984 0 2826.90407165885 0 111.036657750607 21.6322349905968 2.96583533287048 0 0 0 26108.5526441932 2.74153673648834 3.51294612884521 6.73458689451218 2018.79884079099 0 0.558505892753601 2.48613011837006 12687.4725922644 105.073507577181 4.41908457875252 0 0.821146368980408 9.35737165808678 44.4955026805401 9.47211873531342 161.554816693068 1.30081808567047 21.2180509567261 9.14858999848366 97.5859960615635 19.6784511208534 0.679020881652832 8.04340517520905 0 0.581492364406586 0 13.4287171959877 0 0 1.45017874240875 0 0 768.248585999012 0 5.11331212520599 48.654631704092 2.70837658643723 38.0427052378654 66.2944431900978 0 18.6542261838913 0 2.79620921611786 3.71231585741043 0.434983998537064 0 0 0 85.904495716095 0.826013326644897 0 0 67.5496801137924 0 0 1.70959401130676 175.89488953352 1.17123758792877 0.691070318222046 0 0 0 0 0
3.76944243907928 0 0 3.61627221107483 0 1666.8197235465 8.59616062045097 864.110510528088 24.9957956671715 6.5557222366333 10.6447060704231 39.3471255898476 0 99.6063587665558 2485.49221605062 0 0 0 1.55936634540558 0.88293331861496 1.66000437736511 0 0 12.5074670016766 0 2.43146073818207 0.506605625152588 7.41736915707588 183.335765123367 6.53295248746872 0 2818.61205202341 0 968.969598174095 0 32.8394128084183 0 65.893166333437 4.74020612239838 6277.76484689116 2600.19199213386 1.14805519580841 0.823140680789948 0 0 0 0 0 0 0 0 0 0 0 0 0 0 0 0 0 0 0 0 0 0 0 0 0 0 0 0 0 0 0 0 0 0.734664976596832 0 0 0 0 0 0 0
81.8750523626804 0.609625816345215 31.5763813853264 272.499222308397 1666.8197235465 0 3956.89534333348 17763.3120743632 266.658786535263 20812.7757005394 81.126684576273 4377.92123377323 6.45595705509186 1986.38459992409 1851.63453787565 7.07907596230507 16.0843108594418 3.1750316619873 6.95453888177872 641.039187371731 53.2991944551468 14.7608860433102 61.3600316941738 531.180295199156 0.30548620223999 17.2793012559414 18.5111824572086 1312.79845449328 821.835507124662 89.8748379051685 1.40144109725952 1834.9316328764 24.1041757166386 1257.3014074862 22.6313683688641 310.744698405266 16.2365828454494 260.945786476135 27.876186311245 3502.66685983539 2074.67523622513 4.22038424015045 15.9103538691998 0 5.52344241738319 0.652787744998932 14.1726464629173 0 0 1.69843235611916 0.739363312721252 0 13.7964491248131 0 6.29016175866127 69.3401317596436 12.9291169047356 44.9169802069664 37.967948526144 0 34.1317764520645 0 7.27360531687737 4.80687344074249 1.83724999427795 0.450457215309143 0 1.03960466384888 13.3345144689083 2.51892977952957 1.82450777292252 0.667442739009857 84.6678900122643 0 0 1.43710964918137 94.6530130803585 2.91908213496208 9.77823001146317 0 0 0 2.81977379322052 1.45755106210709
6716.94383260608 39.7093428969383 1069.93313717842 397.023736655712 8.59616062045097 3956.89534333348 0 6371.163546592 1463.65142384171 12006.2339943647 75.3841124176979 220.519340783358 12.4751899838448 12857.6814515591 55.9814318716526 247.680315852165 414.984584748745 11.6942482292652 75.1228760778904 245.641139984131 2013.79998192191 404.873295754194 2561.65354472399 5439.41720566154 12.7311252057552 334.513212621212 593.364206269383 24372.3075929582 4500.33778214455 12152.6692302525 3.31418335437775 34.1490316689014 570.366463005543 1380.09506949782 181.263179033995 2535.95010438561 137.944337546825 1128.12014120817 227.227792233229 602.093565285206 358.041763812304 1.58669725060463 90.1921147406101 7.00513768196106 44.6673666834831 10.7643457949162 44.3683042228222 11.1502049267292 0 25.0567187070847 5.20190796256065 18.972281396389 36.1624764800072 0 25.398710668087 462.820677876472 75.8370645046234 215.665248185396 89.9174569249153 1.3313005566597 49.3013240993023 0 54.7501461803913 5.15809696912766 33.7254441380501 9.93730089068413 0.583558440208435 1.25629687309265 35.7885940670967 37.3047159314156 13.2848186790943 84.1830547749996 539.320053547621 0 6.66829279065132 72.979042828083 568.583551168442 52.7218769192696 110.314429312944 0 0 6.51133722066879 32.4750329256058 22.4620162546635
745.227800607681 12.7896792888641 227.347167044878 116.160666435957 864.110510528088 17763.3120743632 6371.163546592 0 461.540721297264 6087.59285333753 312.147551208735 1002.05756157637 15.0309156775475 18469.4269688725 786.202410846949 33.3928665816784 136.367214143276 16.5965193510056 35.8068090677261 207.166521698236 286.259491384029 100.167155086994 451.721608251333 935.774487942457 8.53291112184525 99.598294198513 127.457450345159 1243.16400113702 3422.89297306538 936.965217232704 2.5460524559021 1554.58057674766 60.0129788517952 2026.73972901702 42.8492519855499 585.600606411695 44.3969610333443 592.177968561649 84.8660245537758 1871.52705097198 1692.61139571667 11.3989874720573 33.1011264026165 1.42754125595093 9.38871031999588 2.31094175577164 13.6157743036747 0.59947806596756 0 6.63784462213516 2.39557605981827 5.87952771782875 4.8130929172039 0 7.8152442574501 173.175178050995 21.13448959589 82.5365028679371 43.6814895570278 0 18.5263991653919 1.20570921897888 19.3730556666851 1.21333467960358 10.5257643163204 1.86079275608063 0 0.592279732227325 18.9616829156876 10.9529518783092 4.38974887132645 12.9582266509533 195.382098764181 0 2.14587098360062 14.3420993685722 209.352884098887 24.8432851731777 25.3435148894787 0 0 2.51544791460037 10.7347710728645 7.52119889855385
281.213115692139 988.519166082144 85.4009593427181 146.105924785137 24.9957956671715 266.658786535263 1463.65142384171 461.540721297264 0 637.661126703024 24.6391880214214 1243.44651189446 88.6384497284889 572.381612181664 1333.07893651724 126.750248759985 45.1340970396996 10.7796691656113 27.6529361307621 123.117676973343 111.018194943666 5491.73943689466 160.206230252981 13605.0238660872 422.705951750278 122.058061867952 800.408449873328 2781.48232188821 428.37998649478 510.267320662737 2.44811403751373 2.81477373838425 123.900902479887 150.320604115725 36.3606914281845 629.704695433378 52.2469738870859 136.494800537825 29.2738573849201 2548.27054712176 45.3411238491535 11.6416493952274 68.5853672325611 5.58718410134315 27.286630064249 4.86655694246292 108.90375033021 4.08327025175095 0 20.0897661745548 11.5279121696949 21.6514255106449 72.0978434681892 0 32.9892617762089 376.926683068275 45.2692331373692 331.674094647169 186.150570958853 2.26861077547073 133.306000232697 0 48.6753445267677 12.0100967884064 27.141257584095 2.79902666807175 0 4.48139664530754 83.762458562851 29.7442337274551 29.1526052355766 56.3941926956177 559.136407792568 3.20736101269722 14.1984727978706 55.5164394676685 616.152481347322 52.2037090659142 83.5441817045212 0 1.61869019269943 5.35233438014984 19.6113061606884 9.52825284004211
257.237179964781 0.766239792108536 45.303506821394 5588.19239225984 6.5557222366333 20812.7757005394 12006.2339943647 6087.59285333753 637.661126703024 0 24.3891808390617 12260.5210362375 2.98547971248627 2141.14872899652 83.5539119243622 16.8579316437244 14.3405515551567 1.13487029075623 6.30131462216377 14506.6170602143 65.2136802375317 36.0914694368839 105.600077718496 1859.12364223599 2.75689789652824 16.8327234387398 25.7299444675446 10245.6432476044 1014.3374543786 137.954191178083 0 25.6550926566124 62.0325440466404 464.661957472563 51.7384312748909 1051.24842235446 17.8844363391399 351.214787423611 57.5302667915821 734.756752073765 188.433177947998 1.90362048149109 52.5115586817265 2.56962072849274 11.0270774960518 1.75475990772247 47.6167425811291 0.399518668651581 0 8.42872530221939 2.34834522008896 1.03636106848717 60.2594632506371 0 12.2983000278473 189.634267181158 25.5428103804588 120.970758259296 92.6979574859142 0 126.565763294697 0 23.3781613111496 4.13425463438034 1.26100480556488 1.20016172528267 0 2.52025973796844 46.4297645390034 4.87293800711632 4.72206616401672 3.1087244451046 228.151803761721 0 0 6.21044185757637 260.564130306244 17.1253441572189 9.55206248164177 0 0 1.39621582627296 6.47898098826408 11.1926352083683
35.997860044241 238.952878892422 166.93494656682 0 10.6447060704231 81.126684576273 75.3841124176979 312.147551208735 24.6391880214214 24.3891808390617 0 6.17826282978058 11291.2046428919 356.874584496021 1.92249429225922 10.0314399003983 570.431874275208 10538.786458075 4836.89172026515 3.9554368853569 51.9385952055454 71.9191015660763 182.143711149693 20.3563725650311 3430.59291994572 13134.9404252172 4321.18148294091 46.5588518679142 351.667398393154 79.865405857563 2109.58730939031 93.3776901364326 6.10439506173134 12787.4500803649 16.1592855751514 657.272220253944 8502.53147849441 19843.0633461475 355.088456273079 121.40327000618 106.944566756487 5439.4835934639 11.0797009468079 25.1483680009842 11.8094146847725 0 0.479545563459396 0 2.0975387096405 0 28.6755783557892 7.93900352716446 0 0 0 4.83803850412369 1.5187363922596 0 0 105.734881848097 0 289.293253868818 0 0 1.92159184813499 14.2235650122166 55.4118596613407 51.9457181692123 0 3.16972225904465 9.24193194508553 7.55604612827301 3.30103799700737 174.473583012819 266.64896735549 258.711809068918 1.80204874277115 1.27361583709717 3.18464285135269 16.0087576806545 0 0 12.3552531599998 7.69188740849495
32.518812507391 11.5392202138901 3.11641263961792 2826.90407165885 39.3471255898476 4377.92123377323 220.519340783358 1002.05756157637 1243.44651189446 12260.5210362375 6.17826282978058 0 0 409.998784542084 2442.59059405327 1.66817581653595 1.94031846523285 0 3.02368861436844 25021.3806554973 2.13403895497322 47.6908276081085 3.57502949237823 1113.96281012893 4.76030766963959 5.47558814287186 11.8499237298965 1499.90337988734 212.652820438147 8.74053454399109 0 5.97085505723953 1.21651709079742 101.048718422651 1089.69074845314 491.392608076334 3.49556308984756 71.5882728993893 16.9407930374146 3986.67354816198 55.3949485719204 0.889004707336426 33.6680997014046 0 0 0 50.8523541688919 0 0 3.72433069348335 0 0 37.8562492132187 0 10.316621363163 78.3473338484764 8.9750702381134 57.0029736161232 63.1785085499287 0 435.321218550205 0 6.23621705174446 4.20359218120575 3.19791448116302 0.46679824590683 0 0 24.9434126615524 1.90347909927368 0 1.72684472799301 104.925846129656 0 0 0.818018913269043 116.494744688272 1.64346259832382 2.12593361735344 0 0 0.38679563999176 0 0
4.11817070841789 586.715226739645 36.1484450101852 0 0 6.45595705509186 12.4751899838448 15.0309156775475 88.6384497284889 2.98547971248627 11291.2046428919 0 0 28.6910853385925 1.88162606954575 10.680290967226 34.3077939152718 339.64659807086 198.825954437256 0 7.85391807556152 205.389984101057 29.3340273797512 28.8038807064295 9378.59698149562 3422.42553201318 6024.32542341948 13.8673451542854 29.2128861248493 9.78827717900276 6098.33710104227 4.27804392576218 0.564024388790131 908.445057958364 33.2510977089405 1155.88081088662 5825.32526519895 3219.6282350719 336.15622612834 40.5874569714069 229.465423762798 8556.14753830433 7.79776501655579 37.7210514545441 25.4388620257378 2.64340591430664 0.343727618455887 0 3.36831203103065 0 29.8541916310787 10.1380680203438 0 0 0 1.13239678740501 1.12032294273376 3.04461121559143 0.676383376121521 193.742672264576 0 811.263302862644 1.37462347745895 0 0 3.95501708984375 149.036884456873 94.0672173500061 0 1.71832525730133 4.97705057263374 4.22607401013374 0.403814285993576 318.81656730175 457.268153458834 394.695832192898 0.807394713163376 1.00396323204041 1.3907498717308 77.3214084804058 0 0 14.6063719987869 30.3171348571777
12770.085087508 10.7571949958801 327.272285014391 111.036657750607 99.6063587665558 1986.38459992409 12857.6814515591 18469.4269688725 572.381612181664 2141.14872899652 356.874584496021 409.998784542084 28.6910853385925 0 89.3052924871445 99.1593934297562 250.95092985034 13.1832482516766 69.8017178475857 175.325182259083 545.796367973089 208.189081907272 731.855008512735 1073.4926841855 4.32983337342739 181.671238556504 216.199540674686 1731.09803587198 11924.3497133255 2797.18494975567 2.87803384661674 1161.89603716135 173.952462434769 2748.19159021974 92.4982976913452 1309.41645008326 90.7230593264103 992.589557021856 120.606287330389 1181.34060031176 682.575667589903 11.9378790855408 35.8269137740135 3.92728507518768 18.9690197110176 0.641478836536407 14.1230685710907 2.23584386706352 0 10.8150635063648 2.73003041744232 10.1200995147228 8.48040664196014 0 9.82744467258453 174.476461082697 25.4124891161919 69.2056278586388 25.2799593806267 1.41959148645401 4.71536985039711 0 15.4099561572075 1.49943852424622 14.3748065233231 0.617148697376251 0 0 8.43968138098717 16.5924671292305 12.3015060722828 37.825855910778 211.37878370285 0 2.7856457233429 31.1203438043594 230.830080911517 28.9728199094534 40.5479820966721 0 0.701829731464386 1.10829928517342 11.6641425490379 26.8868761062622
8.29356873035431 8.50476163625717 0.389859586954117 21.6322349905968 2485.49221605062 1851.63453787565 55.9814318716526 786.202410846949 1333.07893651724 83.5539119243622 1.92249429225922 2442.59059405327 1.88162606954575 89.3052924871445 0 0.853428602218628 1.56066143512726 0 1.45854842662811 55.050909101963 1.72550362348557 67.3213194310665 7.61703488230705 722.39089730382 5.81075510382652 1.98707002401352 9.13047704100609 113.259673118591 33.659115344286 4.61199048161507 0 70.6810696125031 3.49702960252762 45.5083964169025 26.0369995832443 117.081495463848 0 6.48715028166771 0 13780.5915415287 294.853630781174 0 12.2146059274673 0 0 0 8.24446111917496 0 0 0.42719778418541 0 0 7.17213445901871 0 0.398447841405869 21.2926045954227 4.84087714552879 8.92894983291626 14.0586268305779 0 16.2334585785866 0 0.977680444717407 3.63196861743927 0.748072981834412 0 0 0 8.24512511491776 0 2.09245765209198 0 22.5313527584076 0 0 1.11294519901276 33.1843400895596 1.30274185538292 1.44287297129631 0 0 0 0.94075882434845 0
114.476518452168 204.670877814293 205.492077112198 2.96583533287048 0 7.07907596230507 247.680315852165 33.3928665816784 126.750248759985 16.8579316437244 10.0314399003983 1.66817581653595 10.680290967226 99.1593934297562 0.853428602218628 0 81.9166582524776 1.87446427345276 23.2604281902313 0.450722128152847 11557.1929270923 4071.87744641304 19847.637239635 1855.03069570661 24.6247416436672 88.0650626122952 13288.3794467449 3508.15092018247 254.037789642811 1275.01440989971 0.478108197450638 0 121.233412772417 734.050371855497 147.221745282412 1833.38699266315 408.84721159935 789.021794646978 363.821956157684 145.221618831158 41.2138802111149 1.85264030098915 88.0997304618359 25.6965174674988 145.252409934998 38.4412443041801 26.1500298976898 5.94947442412376 0 5.26950818300247 14.2117041051388 58.0994228124619 2.90030813217163 0 0.41026046872139 82.644229143858 8.46716824173927 61.5290721356869 6.31494984030724 5.32069337368011 0.401853442192078 0 19.9471547603607 0.947959780693054 723.24666801095 13.6957392096519 0.311223477125168 3.57421684265137 0 272.078020632267 265.798023432493 1048.34527516365 199.765365034342 1.71716466546059 24.5279256105423 648.364766091108 207.046677172184 31.9586496651173 137.776310741901 0 1.03655004501343 3.8988151550293 35.4890019893646 32.540267765522
190.586970478296 611.310219109058 6945.97606471181 0 0 16.0843108594418 414.984584748745 136.367214143276 45.1340970396996 14.3405515551567 570.431874275208 1.94031846523285 34.3077939152718 250.95092985034 1.56066143512726 81.9166582524776 0 351.114693403244 6702.34562459588 1.24242079257965 1416.6815713346 255.295851200819 7567.43431788683 68.3061101734638 48.4063918888569 5741.7682017386 5204.19226416945 224.30999854207 286.958302408457 1513.87331396341 11.5973756015301 1.62334752082825 47.123098731041 2375.0603966713 40.9592959284782 1084.94958901405 1269.63003271818 2637.01686102152 382.709828048944 17.2763637900352 9.22904908657074 2.84509932994843 28.8604184985161 51.0783849358559 123.899835526943 12.4239358305931 1.61781871318817 0 0 5.1004738509655 103.903528243303 300.687094926834 0.697675168514252 0 0 14.4350842535496 1.7827350795269 5.54022586345673 3.03004139661789 6.21115145087242 0 5.14427188038826 3.73461961746216 0 20.0168465971947 102.824602901936 4.03553771972656 32.2173424065113 0 25.3011084198952 30.9207889437675 89.3518404066563 9.19101715087891 13.4381775856018 293.254548698664 725.528940200806 17.8429511189461 2.62072655558586 23.605563044548 1.04416519403458 0 0 45.4044701755047 18.4867278337479
2.23119333386421 61.4303680956364 98.7831022441387 0 0 3.1750316619873 11.6942482292652 16.5965193510056 10.7796691656113 1.13487029075623 10538.786458075 0 339.64659807086 13.1832482516766 0 1.87446427345276 351.114693403244 0 6267.06500613689 0 19.0727792978287 13.3878923356533 58.8142691552639 2.26455628871918 258.46850296855 9824.92427921295 1102.17071864009 5.57964992523193 13.6758336722851 15.6757879853249 130.286288559437 4.94994950294495 0.59295392036438 238.795663774014 0 112.290529310703 551.190432667732 748.234970152378 73.9816160202026 0.810593664646149 2.07349056005478 30.2948980331421 2.20597845315933 5.89785340428352 8.90334349870682 0 0 0 0.676530241966248 1.03936564922333 10.7749112248421 4.25204962491989 0 0 0 1.13175344467163 0 0 0 19.2713675796986 0 86.8805347979069 0 0 0 2.50301370024681 18.0005494952202 21.319786131382 0 0.564314842224121 0.446825236082077 2.21058905124664 1.15849179029465 55.8051072955132 124.688707351685 123.420237839222 0.773351520299911 0 0 4.84398281574249 0 0 2.65367120504379 1.13044798374176
43.4296727776527 462.196023762226 889.851700901985 0 1.55936634540558 6.95453888177872 75.1228760778904 35.8068090677261 27.6529361307621 6.30131462216377 4836.89172026515 3.02368861436844 198.825954437256 69.8017178475857 1.45854842662811 23.2604281902313 6702.34562459588 6267.06500613689 0 0 172.53175625205 75.1332508921623 659.640837311745 21.2995983064175 483.023196190596 15524.8378988206 3721.53948566318 65.3729989528656 85.413896471262 176.499124765396 73.5382045209408 2.40209364891052 10.7332738041878 1323.04440894723 10.4444251656532 753.126898765564 1344.88248455524 2525.04388478398 342.165289223194 7.59876093268394 7.97394824028015 21.9207260608673 22.4673159122467 34.3172159790993 40.5399678349495 5.24438917636871 0.424655556678772 0 0 1.14590632915497 80.384064167738 61.3321289122105 0 0 0 7.74124374985695 0 1.33525884151459 0 22.9852045476437 0 51.8479528129101 0.902765572071075 0 5.41604036092758 43.5428365170956 23.7669014632702 76.5365593135357 0 9.80456206202507 6.70606082677841 27.2907571196556 1.93434220552444 103.812990158796 363.526930302382 451.227005183697 4.15205359458923 3.64003121852875 6.84437221288681 3.88654154539108 0 0 20.7404563724995 8.57560002803802
35.5131466686726 0 1.54151147603989 26108.5526441932 0.88293331861496 641.039187371731 245.641139984131 207.166521698236 123.117676973343 14506.6170602143 3.9554368853569 25021.3806554973 0 175.325182259083 55.050909101963 0.450722128152847 1.24242079257965 0 0 0 6.54987925291061 1.96183931827545 6.84472236037254 1658.72879934311 0 0 0.438528507947922 5243.11492332816 103.469181060791 8.13172498345375 0 8.03030437231064 7.75626602768898 46.8716422915459 24.0726534724236 149.457747220993 2.67145454883575 35.1282004714012 6.11900165677071 175.068680047989 29.9663923978806 0 8.74161070585251 0 0 0 9.93391185998917 1.36455750465393 0 0.546891093254089 0 0 154.906116962433 0 1.00250637531281 26.1083424687386 4.45405620336533 29.3473200201988 20.9246225953102 0 139.502091556787 0 2.47247380018234 2.19432371854782 1.77670228481293 0 0 0 9.74463605880737 0 0.778185248374939 1.45283198356628 34.6559108793736 0 0 0 43.9293733239174 2.00083994865417 0 0 0 0 1.14198541641235 0.729396790266037
342.957908153534 82.8171462416649 2021.54812699556 2.74153673648834 1.66000437736511 53.2991944551468 2013.79998192191 286.259491384029 111.018194943666 65.2136802375317 51.9385952055454 2.13403895497322 7.85391807556152 545.796367973089 1.72550362348557 11557.1929270923 1416.6815713346 19.0727792978287 172.53175625205 6.54987925291061 0 1426.0113299191 32611.9640137553 896.052392959595 17.363047927618 443.66086858511 2913.33750325441 11325.920956105 604.195128172636 18111.7772265077 2.5876227915287 4.55419039726257 145.520890980959 3676.93660134077 289.213595539331 3488.33113360405 554.452953577042 2490.55105492473 603.652076989412 220.418585300446 99.0083606243134 1.71201288700104 77.7123184204102 19.9481172859669 84.1548067927361 30.0404261648655 14.1397930979729 4.03469201922417 0 13.5672073960304 5.6463286280632 57.4071706533432 0.41509872674942 0 1.92732414603233 92.978863298893 8.9414795935154 54.5008160173893 7.60783568024635 0.414918333292007 2.85888877511024 0 25.8789437115192 0.545200228691101 233.830834448338 14.9814015924931 1.20371341705322 5.69680979847908 0 188.220555573702 127.865324914455 330.776066690683 186.408132731915 0.597747325897217 17.4671566486359 241.953129559755 180.611978083849 36.7027624249458 108.83584100008 0 0 3.5455396771431 28.3155016899109 41.8201508522034
173.665811032057 3483.21426823735 837.264446571469 3.51294612884521 0 14.7608860433102 404.873295754194 100.167155086994 5491.73943689466 36.0914694368839 71.9191015660763 47.6908276081085 205.389984101057 208.189081907272 67.3213194310665 4071.87744641304 255.295851200819 13.3878923356533 75.1332508921623 1.96183931827545 1426.0113299191 0 3252.34480008483 5431.63606205583 964.969516932964 363.777750730515 6834.67253752053 1882.25456348062 432.271917521954 995.83119392395 11.1861284971237 1.37831687927246 128.700427740812 397.235724419355 57.6699964702129 911.28355500102 271.663247674704 682.618701457977 264.825448274612 223.213121056557 18.6485053002834 27.3419168889523 102.127815186977 36.4930029511452 139.466180890799 36.6991554200649 18.4631785750389 5.4571328163147 0 11.4609820246696 31.9621246159077 137.055429339409 2.24165731668472 0 3.2595280110836 107.991541564465 9.60570657253265 46.3772602975368 8.00163319706917 4.56873348355293 3.1759397983551 4.81937974691391 19.910477668047 0 463.222040653229 28.7248895764351 3.5545746088028 9.87558647990227 1.09927099943161 144.201991081238 303.856649011374 658.598096132278 172.474868476391 6.75260818004608 54.5246624648571 621.213098555803 190.271600574255 30.1414839923382 118.110278785229 0 0 3.54037594795227 43.2460079789162 15.1692969799042
467.248235464096 300.198904871941 18778.1258294582 6.73458689451218 0 61.3600316941738 2561.65354472399 451.721608251333 160.206230252981 105.600077718496 182.143711149693 3.57502949237823 29.3340273797512 731.855008512735 7.61703488230705 19847.637239635 7567.43431788683 58.8142691552639 659.640837311745 6.84472236037254 32611.9640137553 3252.34480008483 0 1236.25176253915 30.8834178447723 2324.93286013603 18531.5558138788 6763.75022611022 651.493161529303 8418.73308238387 5.06874871253967 7.76574462652206 143.706869244576 4098.30467954278 342.772270411253 6563.73735207319 3086.77974042296 5803.83251231909 2237.77167606354 385.022099971771 64.2694616913795 4.27268707752228 290.817287266254 100.83670759201 470.086803674698 128.239319264889 27.0662206709385 8.57696506381035 0 7.70187544822693 43.9434086680412 427.296246826649 1.1849140226841 0 0.830496549606323 154.870274364948 22.1023289859295 49.3270899951458 10.1739110350609 4.39930084347725 1.83110997080803 0.321489781141281 17.840663343668 1.51314726471901 1211.10908874869 55.487212151289 0.385515213012695 22.2748809754848 1.39402008056641 310.862618088722 403.396897405386 2554.50794434547 198.887126147747 6.55440989136696 99.0280070602894 2034.04401123524 252.647176325321 35.3047550022602 175.457489997149 0.349437206983566 0 6.92068988084793 117.304211080074 110.715827345848
632.943077296019 407.773072361946 318.167595475912 2018.79884079099 12.5074670016766 531.180295199156 5439.41720566154 935.774487942457 13605.0238660872 1859.12364223599 20.3563725650311 1113.96281012893 28.8038807064295 1073.4926841855 722.39089730382 1855.03069570661 68.3061101734638 2.26455628871918 21.2995983064175 1658.72879934311 896.052392959595 5431.63606205583 1236.25176253915 0 155.574247419834 118.023986637592 1788.78301616013 41916.8156919777 1171.34956508875 1812.50241644681 1.7326517701149 11.0680125355721 320.818788617849 638.162036061287 102.745720595121 1887.54413816333 119.98685669899 601.006895244122 102.804525256157 1566.59602609277 122.200738042593 1.5033772289753 284.427179604769 10.3413319289684 142.412998169661 19.4051890671253 219.879498839378 22.6047848463058 0 57.110338807106 6.35392716526985 43.4451420009136 133.806662768126 1.11982560157776 79.9623307287693 1299.11551168561 185.075612694025 747.231635630131 434.294823646545 2.51438874006271 231.058463811874 0.428422778844833 132.254032999277 23.5687341094017 139.683514237404 12.5294471383095 0 5.07629144191742 155.295960336924 132.262462764978 99.0883350968361 182.260000169277 1820.66702923179 1.53906083106995 18.1745716333389 149.03666433692 1762.9331844151 127.594145596027 264.899574637413 0 1.7847007215023 10.4721300601959 71.3321169912815 27.3119868636131
3.11602836847305 3981.09094181657 32.7396157383919 0 0 0.30548620223999 12.7311252057552 8.53291112184525 422.705951750278 2.75689789652824 3430.59291994572 4.76030766963959 9378.59698149562 4.32983337342739 5.81075510382652 24.6247416436672 48.4063918888569 258.46850296855 483.023196190596 0 17.363047927618 964.969516932964 30.8834178447723 155.574247419834 0 1742.82250487804 5496.03535875678 33.3535815775394 8.58023050427437 12.365324601531 221.213036030531 0 0.977729886770248 153.335994392633 0 56.3042137026787 1407.45923033357 452.046543121338 27.1760648787022 19.5733013451099 1.83290967345238 2215.93719449639 22.5531889200211 109.684139251709 70.6041797995567 4.461301445961 5.35442721843719 0 9.68912500143051 0 118.784284800291 35.684639185667 0 0 0 8.45681658387184 1.17350792884827 2.32195287942886 0 256.366805106401 0.893448054790497 634.900200515985 1.12000811100006 0 1.95460855960846 36.4124510884285 163.22175899148 270.596211582422 0 4.89520210027695 19.9247463345528 15.820134729147 4.40325099229813 749.333259433508 1005.88821566105 1070.42931860685 2.51699322462082 1.4263072013855 7.45505636930466 32.7735414505005 0 0 60.2718902528286 2.12087118625641
79.1970342248678 2222.1397112608 14965.4456546307 0.558505892753601 2.43146073818207 17.2793012559414 334.513212621212 99.598294198513 122.058061867952 16.8327234387398 13134.9404252172 5.47558814287186 3422.42553201318 181.671238556504 1.98707002401352 88.0650626122952 5741.7682017386 9824.92427921295 15524.8378988206 0 443.66086858511 363.777750730515 2324.93286013603 118.023986637592 1742.82250487804 0 34751.1290878057 264.216160029173 129.910031527281 455.337464168668 3190.08012729883 10.4424023628235 14.5453668534756 2047.09860476851 43.1323857903481 2195.7563341558 5031.4687037468 5508.25282394886 896.334685027599 41.1024225950241 15.2791724056005 107.655139356852 109.265749245882 230.728054612875 256.609660863876 49.0104976594448 6.8750222325325 2.78305548429489 4.91237446665764 7.32683140039444 489.671129435301 462.864195942879 0 0 1.01702952384949 40.161249011755 8.48218509554863 12.8717998862267 0.840427041053772 167.098240196705 0 338.811685055494 10.5923811793327 0 32.6542970836163 315.922485053539 140.434601157904 362.067348480225 0.45546293258667 39.6373546719551 74.7806747853756 192.961761027575 23.6695148944855 429.905878901482 1981.91309034824 2662.27144816518 19.6369478404522 3.94654473662376 40.3136885762215 34.317559927702 0 0 129.807252854109 23.9011981785297
137.192164778709 9740.48758536577 14555.9106965959 2.48613011837006 0.506605625152588 18.5111824572086 593.364206269383 127.457450345159 800.408449873328 25.7299444675446 4321.18148294091 11.8499237298965 6024.32542341948 216.199540674686 9.13047704100609 13288.3794467449 5204.19226416945 1102.17071864009 3721.53948566318 0.438528507947922 2913.33750325441 6834.67253752053 18531.5558138788 1788.78301616013 5496.03535875678 34751.1290878057 0 2664.68477658927 226.03451423347 1118.95423440635 3442.8421472609 2.84014528989792 51.9165706634521 3341.41929847002 257.82135990262 7640.55868113041 6213.13992142677 9664.26057928801 3198.17966413498 268.424154341221 33.7112300097942 103.635070472956 463.523650676012 422.287161290646 1198.92681610584 251.80428686738 46.5787742435932 8.50404036045074 2.15080809593201 19.4611481428146 820.44753485918 2278.26950192451 3.20824939012527 0 1.41902089118958 175.739128768444 22.3648662269115 29.3485284149647 6.32477378845215 145.211591124535 0.305099099874496 303.312040239573 30.0988444685936 0 713.146861106157 657.118273347616 118.637905389071 438.584743797779 0 274.2648178339 597.933800190687 2573.63783210516 100.536699980497 381.050362735987 2087.41992208362 7077.15270996094 140.893463850021 17.2397309541702 212.271644920111 32.3506876528263 0 1.50860616564751 378.573219120502 151.165247738361
880.327185302973 103.288828790188 1139.7219954133 12687.4725922644 7.41736915707588 1312.79845449328 24372.3075929582 1243.16400113702 2781.48232188821 10245.6432476044 46.5588518679142 1499.90337988734 13.8673451542854 1731.09803587198 113.259673118591 3508.15092018247 224.30999854207 5.57964992523193 65.3729989528656 5243.11492332816 11325.920956105 1882.25456348062 6763.75022611022 41916.8156919777 33.3535815775394 264.216160029173 2664.68477658927 0 1921.84616222978 12531.07774508 1.69177049398422 25.1571004986763 535.464711844921 2061.3649764061 262.735440611839 3869.7251586616 291.92604765296 1787.59726205468 356.731069982052 638.928945600986 293.260965973139 6.27570760250092 211.221954286098 9.53823354840279 118.184816330671 24.9448345601559 119.983070850372 11.1149900257587 0.735724210739136 53.956951290369 4.87402746081352 39.5034277737141 116.617413759232 0 52.5241859853268 923.084171652794 144.153055667877 516.613370209932 224.447790950537 3.15327715873718 112.351451605558 0 133.836698204279 13.3323504924774 161.48829293251 13.87587210536 0.339278787374496 5.19095534086227 62.9083907604218 173.680014580488 120.319602519274 214.504373252392 1249.78635537624 0.490407705307007 21.2808726131916 164.24570915103 1341.05241194367 126.809255838394 284.846380740404 0 0 12.3070383965969 74.7814136445522 50.7768923342228
12669.7552034855 26.9597257226706 181.996486395597 105.073507577181 183.335765123367 821.835507124662 4500.33778214455 3422.89297306538 428.37998649478 1014.3374543786 351.667398393154 212.652820438147 29.2128861248493 11924.3497133255 33.659115344286 254.037789642811 286.958302408457 13.6758336722851 85.413896471262 103.469181060791 604.195128172636 432.271917521954 651.493161529303 1171.34956508875 8.58023050427437 129.910031527281 226.03451423347 1921.84616222978 0 6285.93461382389 0.808623731136322 1210.57451888919 12440.4039002657 4920.30795037746 139.078954875469 2119.07318294048 120.677732169628 1611.82340759039 175.016089737415 673.646819978952 1668.04052385688 11.0895227789879 38.676003485918 9.13679784536362 29.5472299456596 4.48500266671181 8.72334837913513 1.81359791755676 0 9.26293340325356 2.76919937133789 10.8830296099186 4.77955436706543 0 3.05007314682007 142.07974717021 19.3441246747971 69.0569165050983 19.1707223057747 0.403605282306671 4.97446259856224 0 22.6283098757267 2.87648922204971 32.7855224013329 2.05634343624115 0 1.31993997097015 1.01244986057281 43.211726218462 15.0568256378174 31.3261561691761 180.434364974499 0 2.52279543876648 33.4244278967381 202.665328145027 25.0439161658287 60.8592565655708 0 0 2.56709259748459 17.4440571963787 28.7673096060753
3622.28847083449 58.5874784588814 1353.29454019666 4.41908457875252 6.53295248746872 89.8748379051685 12152.6692302525 936.965217232704 510.267320662737 137.954191178083 79.865405857563 8.74053454399109 9.78827717900276 2797.18494975567 4.61199048161507 1275.01440989971 1513.87331396341 15.6757879853249 176.499124765396 8.13172498345375 18111.7772265077 995.83119392395 8418.73308238387 1812.50241644681 12.365324601531 455.337464168668 1118.95423440635 12531.07774508 6285.93461382389 0 2.67039802670479 7.37971892952919 642.213150888681 4993.66439303756 137.722458839417 2017.51270058751 290.537887126207 2145.74301117659 295.2923425138 152.002963274717 123.238326758146 0.564610958099365 79.1408828496933 15.3876606225967 61.5596877038479 20.68366548419 18.9476297199726 4.53283566236496 0 26.5599331259727 5.87888398766518 45.4191855192184 2.84365367889404 0 4.46396082639694 203.776739627123 23.7343267500401 103.763409644365 13.9445549845695 1.45734035968781 2.2754862010479 0.817718923091888 36.1927134990692 0 89.2747299671173 9.94871002435684 0 2.02395841479301 2.31281709671021 102.881806015968 66.1416998505592 172.941472530365 298.640528202057 1.47958114743233 20.8415683209896 146.508905082941 331.441522538662 45.8483140170574 126.243151962757 0 0 6.52824112772942 37.1688292622566 24.8634029328823
0.474635541439056 26.8101147413254 18.9349986314774 0 0 1.40144109725952 3.31418335437775 2.5460524559021 2.44811403751373 0 2109.58730939031 0 6098.33710104227 2.87803384661674 0 0.478108197450638 11.5973756015301 130.286288559437 73.5382045209408 0 2.5876227915287 11.1861284971237 5.06874871253967 1.7326517701149 221.213036030531 3190.08012729883 3442.8421472609 1.69177049398422 0.808623731136322 2.67039802670479 0 2.19766682386398 0.561588406562805 30.9541489779949 0 27.7405676841736 211.373941034079 162.077447682619 14.1053577363491 1.3000565469265 0 20.8459523916245 0 3.25406384468079 2.31088450551033 0 0 0 0.594988524913788 0 3.02215975522995 1.88215690851212 0 0 0 0.343761801719666 0 0 0 16.5026126503944 0 47.0441212654114 0 0 0.637579083442688 2.75810205936432 9.1021716594696 6.87188032269478 0 0 0 1.06919607520103 0 18.7350364327431 37.2613727450371 28.1057240366936 0 0 0.63804703950882 1.4523828625679 0 0 2.05267348885536 0
23.1044403016567 1.35690170526505 3.05286276340485 0.821146368980408 2818.61205202341 1834.9316328764 34.1490316689014 1554.58057674766 2.81477373838425 25.6550926566124 93.3776901364326 5.97085505723953 4.27804392576218 1161.89603716135 70.6810696125031 0 1.62334752082825 4.94994950294495 2.40209364891052 8.03030437231064 4.55419039726257 1.37831687927246 7.76574462652206 11.0680125355721 0 10.4424023628235 2.84014528989792 25.1571004986763 1210.57451888919 7.37971892952919 2.19766682386398 0 5.89083278179169 1898.3460804522 4.7484327852726 128.479869306087 4.3542069196701 291.240962803364 13.783426463604 227.540448367596 3688.88363713026 3.070208132267 1.62822914123535 0 0 0 0 0 0 0 0 0 0 0 0.58259791135788 0.307841271162033 0 0 0 0 0 0 0 0 0 0 0 0 0 0.504949510097504 0 0 3.19392192363739 0 0 0 1.28023338317871 0.358571082353592 0.647305071353912 0 0 0 0 0.265711694955826
499.419436514378 8.00739681720734 29.1145966947079 9.35737165808678 0 24.1041757166386 570.366463005543 60.0129788517952 123.900902479887 62.0325440466404 6.10439506173134 1.21651709079742 0.564024388790131 173.952462434769 3.49702960252762 121.233412772417 47.123098731041 0.59295392036438 10.7332738041878 7.75626602768898 145.520890980959 128.700427740812 143.706869244576 320.818788617849 0.977729886770248 14.5453668534756 51.9165706634521 535.464711844921 12440.4039002657 642.213150888681 0.561588406562805 5.89083278179169 0 1274.69249892235 39.0369714200497 730.481188327074 25.2411996126175 424.478282511234 41.2581605017185 43.5109572410583 70.4469106197357 1.37339329719543 4.7234722673893 0 4.3088361620903 1.0185469686985 0 0 0 2.10582938790321 0 6.41603887081146 0 0 0 30.8106433749199 3.74600520730019 18.630899220705 1.17581045627594 0 1.35069757699966 0 3.66628438234329 0 8.7060167491436 0 0 0 0 12.9449836611748 2.1713932454586 7.57828938961029 35.1229947507381 0 0 8.54813861846924 32.7424674034119 3.75062593817711 19.2757456600666 0 0 0.418250232934952 1.44972485303879 10.7536679804325
