0 118.929685421435 99.4220558448499 86.0092730447284 83.1582250200798 67.9235703587715 33.3552486084456 42.1837624022727 66.5023352436152 76.1600522992043 109.545449371984 89.6290881204538 135.335076111612 19.4392785115994 74.497640308718 79.9752547418978 94.4877458619023 141.302024929375 117.409965959491 76.9964998723041 80.4652973989466 71.9389131108823 89.1802594589592 71.1213380377579 152.283450959704 118.21501164315 122.424545935037 75.5276006203059 21.6102990755928 38.8720991031224 135.612518310547 81.7215769085322 33.302750580809 60.9588283641185 130.442707159233 64.9932172844687 91.5358638539088 70.1237095485114 82.8825749147998 55.2646461007964 62.7112882504916 86.6773910522461 144.138219301673 162.859731849665 153.427584655154 185.556777954102 144.331300330177 160.45730992419 184.065399169922 149.303850421368 139.864719736994 189.382091900015 146.343145366917 0 163.016217328369 140.370966271432 161.904863986338 95.9667064662488 146.991483092526 236.466171264648 132.348513628531 0 157.647538506971 108.391848156357 134.590166588386 189.515518188477 0 226.845626831055 141.245376586914 135.020640237942 114.082816646977 167.464072098029 123.103599471304 0 199.707550048828 172.757505694434 134.317966955446 156.582427995216 138.388883274286 234.929534912109 0 157.636356117361 160.575273491612 159.595473229858
118.929685421435 0 47.1577539722706 0 0 156.142028808594 118.360500138196 133.351229771154 62.0831768077039 130.721757942092 55.719696271511 87.6456973596112 45.1970354055162 136.14096869803 91.5974693137892 63.175961012281 51.3514487848866 67.7810112460325 51.6916431527562 0 95.4067389043073 27.884520936323 70.9029200450753 75.3119147972845 24.8649844497984 42.249001361876 31.4609036435126 100.170347454939 127.02955197126 99.2672946302599 73.3046400941681 109.649604832487 103.460695858879 51.150973981731 138.045438416279 70.4609812135314 43.5835944711891 50.5535733172015 58.7597509489477 82.5604635939876 0 47.8472644643724 82.6737878198057 50.4265420983193 75.1537080541818 71.0830649080782 159.138611363751 0 84.5212631225586 191.706130981445 18.6244113146034 66.9185961472838 0 0 0 149.174849582638 139.567423014196 94.8770767197186 148.923400878906 69.0843539395898 126.885932922363 75.1491706485889 150.475060322471 0 111.127748397345 77.9828433207356 81.6491567164249 68.44200946995 168.262771606445 118.039201446304 52.5281141189602 96.2098805555001 111.870910722669 56.3848883009019 62.7895020824604 59.3177749422018 123.63526513974 233.97509765625 117.468043886656 79.9320412321933 0 0 64.2575290882637 145.774295656372
99.4220558448499 47.1577539722706 0 153.413164523283 0 118.184631752439 94.2810010232181 116.294227479875 94.4875182802082 117.078723379741 75.7287039572342 137.617263028307 91.311671558218 112.986262175848 113.433769226074 75.1284160160862 39.5535217242034 81.5591851091082 61.8185506833458 170.033903270323 67.4920076506877 52.9791174867901 36.6842741290641 94.5991338895433 85.4851666804656 32.4384717126416 38.5348269197369 84.0055597601917 102.956170326847 82.2594807083251 96.7338873262045 153.353008865729 96.2918330210113 57.9255267445445 134.796381674464 67.0214387711607 41.5034826947421 50.5912997266191 56.8283106095589 86.6763690384802 111.327677282798 90.5327810792876 119.736940484288 98.1470812788302 105.183142432901 114.227588296739 116.006432159871 116.814895629883 0 156.207013418527 69.0221969439928 99.2810047973722 0 0 211.933303833008 157.720244359317 168.474181502924 129.418702879057 184.745747597826 140.775356533891 0 125.66675577494 179.395672042056 0 115.941215427595 113.771166492655 139.316911406343 130.024368750902 245.067291259766 139.457325091722 75.4565206339945 110.04420092064 142.165772866148 101.738200989035 112.255462936438 99.0272110251551 149.343045333955 173.738218148899 140.847679443748 171.507801415369 0 0 107.668466060505 147.680162560478
86.0092730447284 0 153.413164523283 0 141.006086211296 57.6532085074493 50.9785044479829 91.5690064541605 71.4893015353807 25.6446023099056 0 35.6377206877059 0 100.814260404799 78.261328995561 106.577720166201 0 0 0 11.6590284934191 143.19919330768 96.766795810861 120.893467702601 27.1243527271457 0 177.116500854492 149.919682918186 17.9380205933235 102.744044032471 112.631023605246 0 141.975988612763 89.4686593043718 103.961765424975 106.927387835354 92.9284382068418 185.461180443242 108.125397690003 114.187316318853 80.8804046056048 100.000145227694 143.016952514648 94.1529256420509 0 191.165786743164 0 111.079240675509 0 0 175.163127222337 0 0 11.6281581929418 0 166.653001629815 141.021232896299 153.414109247016 99.3936269078698 74.6405428825227 0 79.658803873239 0 171.204881469884 119.62705956069 212.152038574219 0 0 0 26.1265274210396 147.738418579102 0 0 115.060732537405 0 0 174.479232788086 46.1192706412329 186.406097412109 214.838851928711 0 0 0 0 0
83.1582250200798 0 0 141.006086211296 0 14.6458359107677 107.927423115787 20.0170830315771 56.0874287896526 107.749720734772 66.5962919943054 55.2816788679986 0 40.2743941298746 17.2024649907668 0 0 0 95.8159408569336 136.798934936523 131.739637145669 0 0 78.2577599969232 0 76.6869877125925 145.9921875 76.4077438212563 21.2943571932712 113.415653972039 0 10.801938131609 0 18.2637564714179 0 71.8178999806685 0 44.447688923085 55.6491618696869 9.73970626901186 11.2998436869548 59.8091583251953 87.02783203125 0 0 0 0 0 0 0 0 0 0 0 0 0 0 0 0 0 0 0 0 0 0 0 0 0 0 0 0 0 0 0 0 0 130.159408569336 0 0 0 0 0 0 0
67.9235703587715 156.142028808594 118.184631752439 57.6532085074493 14.6458359107677 0 39.5886028268689 22.2764735202303 65.3514160150532 23.8535176023875 73.2685149759482 29.0289188328501 63.2730425931792 41.7198527313449 20.5688345211216 101.058425725088 128.310580325663 94.6317285974381 135.475961101558 42.4636476966148 99.578598247153 93.8395267946541 112.250310219267 64.1771176273491 160.790390014648 124.136989603399 131.27953460522 56.9022882894675 45.3589298300372 84.9185665650865 132.636245727539 14.4241942715338 82.8651859259502 34.3534928581499 118.633057919835 82.8171286145534 85.6937940480014 60.870822025946 79.6477763112414 20.09275707674 19.2958487666946 72.6610988516531 128.325479279345 0 179.949698897532 196.219879150391 107.394040248748 0 0 160.259413561168 191.299057006836 0 141.504176819386 0 154.104376923752 141.832420014622 156.045284087257 98.0241956255494 146.381031859696 0 105.931841601955 0 163.660756579055 127.647355501955 172.08822278226 204.704345703125 0 200.363372802734 144.954991488718 193.123978510718 170.556060044548 173.765274047852 127.435317056822 0 0 171.809051237171 140.517637535837 192.219992406304 166.560672904631 0 0 0 201.657017261188 161.44249847691
33.3552486084456 118.360500138196 94.2810010232181 50.9785044479829 107.927423115787 39.5886028268689 0 50.6326273017614 59.0339909876941 27.7562010173516 121.940455917597 60.0222925401585 124.480027793388 41.8617822767193 74.2787815949726 79.6528879776223 98.2947875915083 149.812443325767 120.986096453265 48.9463760269007 70.9720539668876 71.4807699869215 80.7371871755626 52.138085523302 145.992000969778 118.809150055224 109.827831896253 36.414895762857 53.8909151815958 30.4652759883131 146.189029115329 113.610170807396 60.4641296605916 73.9688878077253 135.660609653391 76.5658297943722 88.9300923248084 80.2310416632888 87.1548850028752 71.444143010154 80.5282322362074 123.336440493669 117.253810281563 159.371829917837 159.742292662203 157.380668476284 108.245123323846 141.945133491362 0 141.396919836861 161.688761107465 170.162272307193 141.311311351692 0 148.454657898973 131.524869576596 149.617479705515 89.3822334715527 140.320270300707 192.369477580206 114.559571565502 0 155.160144777401 114.338362805266 135.264021484792 174.8171547888 222.29296875 183.478146508194 131.955716611603 147.915696782429 122.984218611445 150.817768279824 117.984784813884 0 176.921036331659 156.729799644816 128.755981778064 152.831982672998 136.776655826555 0 0 142.041252229046 144.942907591899 157.746587308249
42.1837624022727 133.351229771154 116.294227479875 91.5690064541605 20.0170830315771 22.2764735202303 50.6326273017614 0 76.1184967359131 35.1477071330541 69.3159361000143 62.3732839726453 92.1676058652202 23.1445990586001 35.3121633198788 103.89655867899 120.468889469643 112.61203520813 129.653518036796 80.3227538175071 98.6992147842169 95.2641752071336 107.043209130568 78.9519146647789 118.110043672172 130.611054310579 135.409123628687 83.6112046574952 34.0149985948716 75.7081747946668 127.215198421341 18.438174374109 77.5686969350416 45.0380241874441 134.386550685267 82.0767811791145 100.263070212584 62.8518752214689 76.910868230038 33.22722828231 23.9940197667723 73.0703633531813 141.297965726107 196.909809289925 176.703860373325 179.813137042585 128.153486968651 196.884643554688 0 158.889357504962 209.390952227262 185.52129227608 149.825098076715 0 158.775263712997 145.322289377279 161.121568297788 106.982931043523 156.827569641764 0 130.59564293046 134.936386108398 173.975965571673 141.940872192383 160.679352590087 191.64588402921 0 186.879119873047 158.666150645872 179.920947872739 142.657452685214 179.582646047697 133.310590798644 0 192.40882994346 192.41257436753 147.104297666904 176.415582188706 154.217880951914 0 0 159.866594397259 167.498149106812 168.926733226094
66.5023352436152 62.0831768077039 94.4875182802082 71.4893015353807 56.0874287896526 65.3514160150532 59.0339909876941 76.1184967359131 0 70.1315827830742 118.093542007788 23.0416523977206 109.207027614194 80.2522009084896 22.7644749920807 52.6264474906216 109.692737478699 141.413523540259 120.925259883178 61.4813907578801 73.6681062236568 23.0071911778972 82.9834279187384 21.9063000674913 92.7415444977281 112.316755307224 86.6528524912688 54.4012382882485 79.9638505005829 63.9763790157855 132.619360577587 109.566769216456 65.7974242189046 79.9736788986021 139.503356121195 47.1949995600248 93.9552387948196 87.6869383876287 97.8638742372273 18.2561518830327 82.6883505372994 108.870566793285 68.503723184741 126.232828075408 124.32666228634 122.765585419334 48.176737657596 143.769031278685 0 89.7324689579631 107.593594585688 129.198029870399 89.3746618211144 0 100.633857264658 86.0693644329071 100.763706840922 38.1258004657603 93.3633029633286 158.477088784897 58.1386042765296 0 106.936233600691 57.2486385219796 93.3707444687263 149.10735409839 0 162.547707122823 80.7822986127129 111.806707618052 57.0450255099768 105.616993597335 66.7732173665657 124.388153692472 142.534391068969 125.379835752075 83.2390367196258 108.175746112396 89.9755402131694 0 175.708521073479 98.603412989886 111.725328851645 146.972782713944
76.1600522992043 130.721757942092 117.078723379741 25.6446023099056 107.749720734772 23.8535176023875 27.7562010173516 35.1477071330541 70.1315827830742 0 132.907516328951 27.0500927282137 139.088053689487 67.6685516743718 70.8164301539195 114.796786639352 124.000488616448 188.62776184082 156.596523456987 14.8431856070611 103.873754450005 102.566838271057 107.668453035666 57.3257958873589 156.089988880115 145.702932507622 145.248580173482 36.7728796002035 90.245019813257 86.1356927779333 0 119.337085661998 85.0672685297655 95.8200013672638 131.507016025073 90.9915643940637 119.174848479129 96.4344684307591 94.6277960363472 71.020865566442 93.405693316911 105.185483775218 117.337746743792 178.902107362765 164.973412462059 169.571547573399 116.649855400498 179.535263061523 0 161.392054676974 159.592942006311 191.848017279187 109.287254230566 0 152.152548083605 144.155398987001 150.173560121629 99.725885093299 154.72945385707 0 83.8727952357991 0 167.997497596981 131.728332342007 153.61407959629 219.790965113512 0 237.610278355935 144.768340100824 165.017864375874 160.545001264121 172.137449599342 125.623002722258 0 0 192.189959983782 142.135411332286 169.850432657555 155.266185918579 0 0 167.580886012656 169.32998856492 168.69599382439
109.545449371984 55.719696271511 75.7287039572342 0 66.5962919943054 73.2685149759482 121.940455917597 69.3159361000143 118.093542007788 132.907516328951 0 129.13449524533 18.099313426333 76.831034216564 86.7192328802341 108.44585994208 50.9061910217918 18.4405689929233 24.0362818077781 141.466060289896 101.497051008144 91.3349405359702 88.7055092908581 130.894726312776 22.103648972383 22.4560907918446 44.3839058287756 97.9062171259064 60.9015121953178 108.743888029448 23.6426597973143 61.7858591133031 94.2706694477923 19.3299527731853 152.677732460946 68.494312348946 23.2675453117165 20.7195155006128 43.2214875079641 57.4435569547537 44.1363455212137 13.3029721080265 135.293279615448 89.3131605964312 128.320623757398 0 238.796997070312 0 102.679500801236 0 82.605688936577 111.605303944954 0 0 0 204.160097799423 217.94252780125 0 0 79.2512748567791 0 66.4757223682384 0 0 165.412748190181 114.106508929453 90.2942548186576 99.4544709628711 0 151.246022932861 126.173424840447 155.190202637528 196.926345870973 55.5396117164033 89.9355146651138 92.2826100124491 179.127220215368 212.944951213788 174.825512400959 92.092075919798 0 0 100.971020857356 145.345337357182
89.6290881204538 87.6456973596112 137.617263028307 35.6377206877059 55.2816788679986 29.0289188328501 60.0222925401585 62.3732839726453 23.0416523977206 27.0500927282137 129.13449524533 0 0 80.0284111046847 17.729198060713 84.7137750964819 137.401867042234 0 149.999727127707 13.3455703153125 122.419666186623 58.9764656331112 148.765758305681 27.9243031341028 136.029503943291 170.073691262097 128.571102137412 44.40101374133 91.6291031107269 134.262992635846 0 100.172932529455 123.237207660969 93.5527079047435 11.2305982737518 55.0414385991456 144.73314356257 97.5159543797353 94.515895285977 19.5104170958245 93.8897574792726 111.104316711426 58.9452370991683 0 0 0 66.3363406859458 0 0 108.731361934681 0 0 86.4687746528525 0 111.092999669468 110.257469391988 135.496055294013 64.1008522864928 116.384376540669 0 19.378886679947 0 143.655050178572 82.5475966172347 157.907625136615 165.490753173828 0 0 92.5690741321094 177.647439028858 0 148.457651753715 92.8582411352247 0 0 123.622482299805 106.187165787035 181.591467958831 163.351922489577 0 0 160.523101806641 0 0
135.335076111612 45.1970354055162 91.311671558218 0 0 63.2730425931792 124.480027793388 92.1676058652202 109.207027614194 139.088053689487 18.099313426333 0 0 96.1274315652105 133.975420005909 124.499843938236 81.1461748459339 47.0965743698722 54.8872134781413 0 131.82643735373 80.3455060978779 114.244874407478 123.587224836626 18.0961707470614 23.9283796436008 28.8945694712671 139.451048135332 82.5125184455961 154.499122445078 9.83628979342178 55.6335683422898 124.362533569336 24.3576988043896 93.1486674896201 27.7699480339186 20.243521960462 18.4795902608135 24.889956265831 46.8169732245041 21.8193344937657 10.6508935001477 82.9962653477088 85.2538657248914 88.2478824774466 71.8407056787613 217.893753051758 0 56.0199097031886 0 80.1862564802119 115.719600118107 0 0 0 185.907645151605 144.85124206543 125.914200883994 193.585052490234 72.4064937081166 0 50.2618639825521 149.66180848084 0 0 105.168276965376 83.5872160626838 89.7313402763156 0 180.885560352173 123.885889328804 167.459819596285 202.318084716797 46.1776348887564 77.5441448759553 73.6889820339989 190.231987995491 205.204971313477 189.945920975566 51.5371443453142 0 0 87.6830532402088 89.8440743124947
19.4392785115994 136.14096869803 112.986262175848 100.814260404799 40.2743941298746 41.7198527313449 41.8617822767193 23.1445990586001 80.2522009084896 67.6685516743718 76.831034216564 80.0284111046847 96.1274315652105 0 48.6922522537275 94.6149117748779 112.901895405036 108.825025890562 127.568910267751 91.3424259541102 97.339988536314 88.7195191620102 104.421084343067 83.7537169515246 144.476706761176 129.917718616675 135.096411075929 86.9760469819746 30.4060456568807 68.1833968172583 137.546347428435 24.4906913958256 63.2889321877887 50.8990558015497 131.110801517212 73.9167076756795 100.08765080065 67.1095553029426 80.7768917457432 39.4012128777373 42.564489878984 80.8062521796652 144.981214740982 173.903618661499 168.437942378561 169.901947021484 155.397215594115 170.364249260475 0 160.530729703763 153.973427731876 190.559005575299 158.210383773098 0 160.629306169126 152.430123349161 169.209909432656 107.124929397782 161.017606936485 218.522922761651 125.437966602199 0 173.047785421674 132.266632080078 152.108921472734 182.355422973633 0 0 153.235960702722 155.74906317726 125.276047735834 167.560540105847 136.967000219341 0 190.831630531543 182.760634208663 148.398344887798 172.350240607081 153.981290232679 0 205.836517333984 180.268199172979 173.416014376755 161.611852516781
74.497640308718 91.5974693137892 113.433769226074 78.261328995561 17.2024649907668 20.5688345211216 74.2787815949726 35.3121633198788 22.7644749920807 70.8164301539195 86.7192328802341 17.729198060713 133.975420005909 48.6922522537275 0 125.485084533691 135.529660468493 0 156.639434814453 43.0746817968595 127.789653820302 61.1528170667809 121.992188800184 34.1280589982303 135.666718174028 150.140022562615 129.390518592194 65.461432173628 61.5919675697692 96.8356667425745 0 39.1431359416859 84.0969865542926 48.0197324612205 21.8619471535884 41.8296351681347 0 81.6848789638273 0 11.0200007037159 21.0156497347769 0 70.5770129078131 0 0 0 68.7035473856886 0 0 122.487785339355 0 0 112.218778036214 0 169.865005493164 117.05626791503 137.10218093592 62.4395144032122 119.169310418649 0 88.6671370189378 0 221.41828918457 99.8617726909338 98.76513671875 0 0 0 95.9531053095738 0 82.2627547322141 0 96.6417808501871 0 0 145.964427546868 107.737360765824 154.931535132764 109.331288170187 0 0 0 157.430128973008 0
79.9752547418978 63.175961012281 75.1284160160862 106.577720166201 0 101.058425725088 79.6528879776223 103.89655867899 52.6264474906216 114.796786639352 108.44585994208 84.7137750964819 124.499843938236 94.6149117748779 125.485084533691 0 95.4147688240708 130.470286418967 117.642050087286 101.324768066406 22.0655656475876 35.0203432374893 18.7633838643921 36.495185511103 100.97355572838 103.839388070945 29.6321773673271 32.7884433941286 76.5558445320988 63.8489625640386 131.994857788086 0 60.9481135232624 60.8124203976926 131.083354992853 62.8357476982413 47.1787171512161 66.6338277202504 65.6849143323676 74.0654067646503 78.2847103370419 122.502231672758 107.714978196018 94.8288115458943 115.173888824727 114.133728005214 116.750477856197 125.958396785443 0 121.346102556807 100.977013624817 119.6897174083 139.816712765898 0 144.955307006836 124.632357784708 148.626371514809 79.8038195581183 149.17203955741 168.088305705202 148.965484619141 0 150.978927911997 108.785537719727 89.3620094448457 132.056584231075 157.543060302734 156.833957855496 0 110.444599352545 60.1204549998224 100.266038139457 98.9297076982255 149.606733263793 153.348793580589 80.326793612378 112.158172450988 132.116382462644 112.809029407816 0 149.136917114258 122.519772089879 111.515806259005 154.228383613397
94.4877458619023 51.3514487848866 39.5535217242034 0 0 128.310580325663 98.2947875915083 120.468889469643 109.692737478699 124.000488616448 50.9061910217918 137.401867042234 81.1461748459339 112.901895405036 135.529660468493 95.4147688240708 0 51.7286139619018 24.0853377466706 131.361801147461 59.66216200909 71.5947065288228 36.3476211957063 115.153332398657 70.3115054093562 36.0492840595343 61.4800660914593 100.802358997097 94.5058047279138 71.1438509765894 88.879289287523 110.688285827637 88.6192143066399 33.850357838192 144.308549861473 71.717724017924 43.0116566560579 42.0248526783272 57.9437690761417 93.486457041311 89.5768204467828 67.8019973093119 136.102769919729 103.122036582501 115.594296542768 127.986649099114 133.932348955779 0 0 183.590993957514 72.3282782075721 107.7625623335 221.285781860352 0 0 178.251794648034 202.625248632487 146.834729583523 186.344617351798 155.743005033364 0 122.077760739092 180.074097764336 0 135.449060304402 118.744559047078 132.209095337036 119.657146358009 0 148.701081921512 103.05756334613 128.407764974081 156.853681013237 84.7809389265049 105.71613669898 104.814498508675 165.218669143855 191.141076786415 155.956120306068 130.011066159726 0 0 114.477035110426 155.69328043835
141.302024929375 67.7810112460325 81.5591851091082 0 0 94.6317285974381 149.812443325767 112.61203520813 141.413523540259 188.62776184082 18.4405689929233 0 47.0965743698722 108.825025890562 0 130.470286418967 51.7286139619018 0 18.6234162306024 0 124.736338293736 100.949214250028 100.345288325466 148.582879847474 47.4045908644743 21.1716385683699 58.545747645495 147.305285137077 98.3770272845159 126.810732262854 52.2813114112023 84.2768445495745 146.160202026367 53.3736683481971 0 90.4292879916145 44.3964859605638 49.0643895896509 68.4541548431064 149.414794921875 112.866565294295 53.6050454610116 163.993253400501 101.246303056718 133.54655776765 0 0 0 70.9081726074219 202.920288085938 98.946882591403 142.380550879066 0 0 0 229.626424542011 0 0 0 100.807053878274 0 80.6878225333705 0 0 0 125.40408334854 106.285755706517 106.960152798236 0 206.178314208984 111.881622314453 195.683005469826 170.282765468814 69.5284596498457 101.619079410164 100.923500644159 192.83422427895 0 0 102.920172113391 0 0 119.512154748113 176.005299296763
117.409965959491 51.6916431527562 61.8185506833458 0 95.8159408569336 135.475961101558 120.986096453265 129.653518036796 120.925259883178 156.596523456987 24.0362818077781 149.999727127707 54.8872134781413 127.568910267751 156.639434814453 117.642050087286 24.0853377466706 18.6234162306024 0 0 89.3123145940882 100.021139148925 71.8045199554679 134.166231451312 48.5219810161037 28.1217284900964 58.9649734920386 119.879611467837 108.440852111681 97.6974332434668 64.4924781662473 76.9501384753167 109.948734111846 43.5438768367414 149.611294794684 78.8981924518123 47.5606766569949 46.5977626629156 57.5690607167745 109.853547268021 98.5350859949698 54.9278806006806 137.247318821293 96.0525388104144 121.41169347823 127.079789813408 172.613677978516 0 0 215.906723022461 69.450987634576 119.185152172597 0 0 0 178.66801078546 0 180.0087332254 0 106.455672756082 0 84.9315407189637 185.397247314453 0 143.222237400241 114.912776814983 103.706487304466 112.697532582325 0 159.713836891467 112.830572827369 137.572549592937 167.641727394705 68.6682672438897 99.0864900732261 101.840609784939 191.655420362695 200.530520202622 166.756899283456 120.569223632568 0 0 115.955243565658 159.187548996969
76.9964998723041 0 170.033903270323 11.6590284934191 136.798934936523 42.4636476966148 48.9463760269007 80.3227538175071 61.4813907578801 14.8431856070611 141.466060289896 13.3455703153125 0 91.3424259541102 43.0746817968595 101.324768066406 131.361801147461 0 0 0 119.357776713158 96.3422573099853 167.418374322078 21.1763460560607 0 0 194.155410766602 27.2693182462462 95.1785912171431 104.910433253749 0 125.332271546682 81.4460200731052 100.294397649454 45.7595599030867 88.0735220848628 112.891393486259 99.627446719238 109.144883454298 53.1989626204986 99.2300890462883 0 90.5377842325066 0 0 0 96.1853080279329 180.442932128906 0 139.101623535156 0 0 11.0286993369182 0 160.148696899414 138.71015651929 155.395258501459 88.626870551102 148.36937654922 0 22.0369218231379 0 164.03071158965 125.299563245683 156.868270874023 0 0 0 132.077294834997 0 168.92463684082 235.82649230957 119.150559496984 0 0 0 109.644046510951 185.339288532987 0 0 0 0 144.744522094727 207.895735909684
80.4652973989466 95.4067389043073 67.4920076506877 143.19919330768 131.739637145669 99.578598247153 70.9720539668876 98.6992147842169 73.6681062236568 103.873754450005 101.497051008144 122.419666186623 131.82643735373 97.339988536314 127.789653820302 22.0655656475876 59.66216200909 124.736338293736 89.3123145940882 119.357776713158 0 56.8280625628707 34.9029990728326 52.3317081941532 120.443685530012 92.8263334314885 70.2398752432309 30.9552055605267 82.1265550213185 35.7901378699263 134.423729211668 111.63051367189 74.6803734253086 47.6793359717725 134.344127544535 65.5439367880749 57.1996132697768 60.4743250418139 66.8125008143213 75.595876567264 81.451646021433 103.840899587159 126.254241505653 128.857614350956 137.963355385701 132.443953060381 135.176381506137 134.52694132681 0 130.991033033313 136.239211038549 138.415134629116 210.848114013672 0 218.012162164889 141.018648620314 163.148926306777 97.8756307697214 168.19903304135 160.728500366211 170.410873641082 0 163.071959460457 138.432174682617 110.895330113703 159.449524099274 198.176239013672 168.610688769154 0 126.950528532186 82.4338472641554 121.552283833363 114.898775879905 124.162460327148 161.61951055416 131.114350530871 127.885473771413 149.223648394589 127.446357694234 0 0 134.941117495872 138.115847530993 164.812908442121
71.9389131108823 27.884520936323 52.9791174867901 96.766795810861 0 93.8395267946541 71.4807699869215 95.2641752071336 23.0071911778972 102.566838271057 91.3349405359702 58.9764656331112 80.3455060978779 88.7195191620102 61.1528170667809 35.0203432374893 71.5947065288228 100.949214250028 100.021139148925 96.3422573099853 56.8280625628707 0 52.8648871288963 31.4473526036904 64.1899915656808 80.7407188755027 44.4892447829497 55.8338028521663 70.4770632821103 58.2804201767175 103.800546985023 161.703399658203 57.8394559696454 59.7808843754497 123.150954527118 60.4776720975904 49.176246405857 57.0413980328858 58.3389223758146 55.1222865229637 86.6433261303649 82.6085963813771 85.6572956138571 67.7335556546319 82.0148947337659 88.4513967726798 91.9103403232242 90.6594960398681 0 87.6732128205896 69.0567216834831 88.4331772576023 120.733548162337 0 114.045050712412 106.635113973664 118.003954183182 48.5994767097117 130.850942300101 100.67330621981 111.764848473087 114.126409994911 115.192777122058 0 60.2526201886572 108.551155539902 110.486183033653 130.736134232276 116.499902441401 86.2255173430701 27.3530178672505 73.4796763458939 79.97347382571 82.0231690269279 116.193946022306 76.1060252683923 93.2064775801526 106.320211873545 91.8029592490619 0 0 83.3117146369342 91.8829876456009 151.482079270171
89.1802594589592 70.9029200450753 36.6842741290641 120.893467702601 0 112.250310219267 80.7371871755626 107.043209130568 82.9834279187384 107.668453035666 88.7055092908581 148.765758305681 114.244874407478 104.421084343067 121.992188800184 18.7633838643921 36.3476211957063 100.345288325466 71.8045199554679 167.418374322078 34.9029990728326 52.8648871288963 0 70.4059801456816 115.567424977667 71.578492480369 46.6016513258112 55.8748822603612 91.4346942187358 57.7086060651375 127.19599016324 125.943492725194 84.2949646152859 48.2952507510885 134.256790656772 65.3814646136307 44.0609954140013 55.3132357340587 61.2006009074566 73.291736562142 83.7108696038762 88.2605055384915 118.068608457109 96.2357211264915 116.900981916106 119.455502628807 133.138706384424 136.245401850816 0 154.355338479139 112.853631746347 111.760121190327 193.126748748311 0 206.413687891164 148.472446192218 168.198365590075 105.573582667111 170.713448310945 186.995528683367 145.418434947144 188.370895385742 169.95435761649 172.150937125593 100.417532086359 130.494095472942 179.453796386719 147.776630324408 162.206314086914 125.948924693351 73.4292085641301 108.243085659911 127.018704505252 168.46139296142 149.901635443174 108.465356315654 136.162161003789 149.600770441039 135.451429388283 216.710708618164 0 132.446239368394 116.386142461451 150.28541557152
71.1213380377579 75.3119147972845 94.5991338895433 27.1243527271457 78.2577599969232 64.1771176273491 52.138085523302 78.9519146647789 21.9063000674913 57.3257958873589 130.894726312776 27.9243031341028 123.587224836626 83.7537169515246 34.1280589982303 36.495185511103 115.153332398657 148.582879847474 134.166231451312 21.1763460560607 52.3317081941532 31.4473526036904 70.4059801456816 0 107.380894070102 118.982297996128 77.9361683197677 20.2712321538127 80.6205493496303 65.5822990408048 144.847965245468 119.400456072232 69.1525468060988 76.0647063009811 141.124103748068 66.4104602330067 80.6324930217734 83.1468510215387 88.0696064894462 35.5382062526208 85.8217494735951 115.897114864172 99.0516842592045 126.825302181878 135.248485567991 138.874151794906 86.3157761078266 140.849006247657 0 118.348966725015 126.67462087366 137.219987113833 117.397156266089 124.459594726562 118.707658680223 111.184697027903 127.572962539014 66.5477172460427 120.085674221597 187.785538235406 89.4927186131473 133.964004516602 134.403720744152 94.253239908842 112.15615101923 159.135330169885 0 166.786761300394 107.726455530268 122.298943044556 84.9386993340585 125.711348810703 86.3565410336486 139.578247070312 157.95592264496 137.297547425443 105.488177311192 135.169813728375 116.040235037571 0 177.297576643273 117.345011127924 134.377613585968 159.209128822197
152.283450959704 24.8649844497984 85.4851666804656 0 0 160.790390014648 145.992000969778 118.110043672172 92.7415444977281 156.089988880115 22.103648972383 136.029503943291 18.0961707470614 144.476706761176 135.666718174028 100.97355572838 70.3115054093562 47.4045908644743 48.5219810161037 0 120.443685530012 64.1899915656808 115.567424977667 107.380894070102 0 40.270276150716 30.0987654488549 130.649980665035 113.780117162655 130.008523204355 44.2093362238736 0 143.288477827025 42.9267612451383 0 92.9288242704687 20.7103897210272 41.5744302400787 66.2281101290632 110.891554268761 110.064316409783 10.7738782514014 89.3759143192065 59.4906743837059 73.9534904043795 110.783807113015 124.525674313619 0 43.5189268534366 0 34.7576750615788 88.4435655310182 0 0 0 157.890249139985 85.27001953125 100.83109248597 0 59.087962567131 161.788284301758 46.3356434453392 161.369033813477 0 112.880294799805 85.5584096170714 69.4769588512892 69.1365939122333 0 131.069068246864 83.0217797117028 104.985338160354 152.281995441733 22.321366425062 60.5127039749149 55.9330091107511 189.252797226477 106.091888427734 130.189579132109 76.685309741702 0 0 71.1814442097605 145.845926092767
118.21501164315 42.249001361876 32.4384717126416 177.116500854492 76.6869877125925 124.136989603399 118.809150055224 130.611054310579 112.316755307224 145.702932507622 22.4560907918446 170.073691262097 23.9283796436008 129.917718616675 150.140022562615 103.839388070945 36.0492840595343 21.1716385683699 28.1217284900964 0 92.8263334314885 80.7407188755027 71.578492480369 118.982297996128 40.270276150716 0 32.871108893554 117.490463610669 115.708351444466 104.499694690286 18.7909710378613 100.504814295542 116.549530358874 50.3555873205425 138.916162318915 78.3646792694231 43.864843926374 49.6467145137767 61.6668983037076 105.862844603218 113.274188209988 56.0505222219554 125.081136070423 88.4336185281602 107.261943425176 117.910232464611 154.542446557281 131.655438060516 103.579161987537 162.409617268666 60.5524479510129 104.570608599817 0 0 179.731750488281 176.536010931114 175.536840790675 151.126001052563 205.177780151367 99.5350971341692 0 75.6593753431006 183.432401374634 0 138.095086718001 106.721673998307 102.20814635759 102.258332005645 201.944580078125 160.520604583663 107.324509461338 131.389420348494 168.181614541978 62.5496561776427 91.6902350851178 91.6627875309955 165.469023239552 178.273766687581 154.056152531279 107.67983543374 0 0 103.236876408781 163.003881667307
122.424545935037 31.4609036435126 38.5348269197369 149.919682918186 145.9921875 131.27953460522 109.827831896253 135.409123628687 86.6528524912688 145.248580173482 44.3839058287756 128.571102137412 28.8945694712671 135.096411075929 129.390518592194 29.6321773673271 61.4800660914593 58.545747645495 58.9649734920386 194.155410766602 70.2398752432309 44.4892447829497 46.6016513258112 77.9361683197677 30.0987654488549 32.871108893554 0 74.6655297030539 119.419716421223 97.8844539406699 21.1019187666375 111.51735934835 105.762772408902 61.2481027073237 140.065598319481 74.2467482157592 48.5244256648788 58.3450540886702 64.7825901690029 86.146223980049 101.474818690492 57.4810878076875 115.368523353408 91.9412634148077 104.055041388125 111.301446776715 122.723353276384 152.012591443228 75.7604322527325 158.559312912755 60.7129571321229 98.3068675840256 152.114454485089 0 202.436157226562 156.423472021115 175.143844798709 129.987667842412 170.551754126584 104.319378419616 143.057876586914 80.03433712443 170.394199707966 0 99.1797584361369 110.143631124583 108.61592501498 105.437353421415 0 132.656312970301 67.9077185342855 105.187862371796 133.050716769211 63.8310203105695 96.0638898157916 95.0499747209855 143.331937134255 170.310175702946 141.780660961648 107.175947186005 0 183.086785002263 103.442064137146 156.237435872818
75.5276006203059 100.170347454939 84.0055597601917 17.9380205933235 76.4077438212563 56.9022882894675 36.414895762857 83.6112046574952 54.4012382882485 36.7728796002035 97.9062171259064 44.40101374133 139.451048135332 86.9760469819746 65.461432173628 32.7884433941286 100.802358997097 147.305285137077 119.879611467837 27.2693182462462 30.9552055605267 55.8338028521663 55.8748822603612 20.2712321538127 130.649980665035 117.490463610669 74.6655297030539 0 83.8334990672128 42.5560746956485 153.975283056793 71.9442083816596 69.7062917235656 66.349522844566 139.97492782115 74.8366596861172 74.4312891747246 77.2803901710947 84.8821401273874 73.9153864308586 81.1652528708464 124.005482808838 118.435133496415 155.522206907878 149.609307862368 150.768051479135 115.307230780236 147.374912492707 164.005905151367 131.693905398797 146.790155694261 155.040024061178 86.3593926894349 0 146.602823749343 128.159908471022 142.83291808918 86.867062652686 138.880653278391 182.504848134172 104.477008522457 0 148.890015151885 114.853603346558 119.153181532995 162.721681047232 229.196105957031 198.053562539238 128.612738828834 132.306970599844 93.440489477244 135.230228961787 111.101647842204 183.26936340332 175.697100528425 146.342113710183 123.285629495012 150.481300382031 127.715118928611 0 0 125.722047390008 142.868473602283 165.67692512996
21.6102990755928 127.02955197126 102.956170326847 102.744044032471 21.2943571932712 45.3589298300372 53.8909151815958 34.0149985948716 79.9638505005829 90.245019813257 60.9015121953178 91.6291031107269 82.5125184455961 30.4060456568807 61.5919675697692 76.5558445320988 94.5058047279138 98.3770272845159 108.440852111681 95.1785912171431 82.1265550213185 70.4770632821103 91.4346942187358 80.6205493496303 113.780117162655 115.708351444466 119.419716421223 83.8334990672128 0 30.4208858585003 151.135853712233 20.6245588073024 19.2062562942538 35.3968942549042 117.796780405445 62.471368438205 80.3812346914479 52.0531445743848 62.3419707108739 45.1217554657179 24.0195594369579 62.3283817829229 132.444329499895 150.607646756775 164.626376747398 152.63593710431 147.870326181448 197.954562230054 0 152.499589419062 109.051548672519 170.362528125893 170.241365512762 0 158.253400212904 150.16283759748 168.916368223941 108.913643171339 174.00804297684 232.07878112793 155.490249330926 0 177.051680865115 141.200002761218 131.792163110169 195.24131787622 0 190.041488647461 136.796997070312 141.561395216923 103.199871280974 149.116703515022 134.566770896426 0 205.435341759663 166.659997973482 142.254717910409 158.887529210569 141.905575655052 0 0 164.445648124721 170.316088518335 140.804882259406
38.8720991031224 99.2672946302599 82.2594807083251 112.631023605246 113.415653972039 84.9185665650865 30.4652759883131 75.7081747946668 63.9763790157855 86.1356927779333 108.743888029448 134.262992635846 154.499122445078 68.1833968172583 96.8356667425745 63.8489625640386 71.1438509765894 126.810732262854 97.6974332434668 104.910433253749 35.7901378699263 58.2804201767175 57.7086060651375 65.5822990408048 130.008523204355 104.499694690286 97.8844539406699 42.5560746956485 30.4208858585003 0 145.299597364507 114.11787258173 47.5302871581343 39.4268577194864 128.264179674175 63.3291459318742 69.093804827195 57.4353678717763 69.4911561620756 72.867534662777 70.5036019139059 121.676452636719 129.95472420447 137.206403315536 149.963883268623 139.347142523335 136.522042699926 154.561419960548 0 133.865448078314 138.419057933077 152.602858185834 180.571316006438 0 148.791101853783 136.395491542113 157.967350093018 95.4628078136133 167.426851125612 210.363509543762 126.493394117636 165.832128749533 160.457853207223 0 119.645987316093 166.553310592147 0 184.136210585549 155.345081434735 131.589765879058 86.448634729046 134.892921882185 116.141880300448 151.372124598221 170.752758088786 145.089641876811 129.641818063084 152.669433464032 132.79446768896 0 0 158.744833781432 139.263159572728 162.264617109964
135.612518310547 73.3046400941681 96.7338873262045 0 0 132.636245727539 146.189029115329 127.215198421341 132.619360577587 0 23.6426597973143 0 9.83628979342178 137.546347428435 0 131.994857788086 88.879289287523 52.2813114112023 64.4924781662473 0 134.423729211668 103.800546985023 127.19599016324 144.847965245468 44.2093362238736 18.7909710378613 21.1019187666375 153.975283056793 151.135853712233 145.299597364507 0 115.145346934399 152.718841552734 67.02274955819 0 103.020572535923 51.9851386821076 60.7387471509793 82.7833134197207 111.611754137361 0 57.9733069067095 0 114.490144586783 115.976071993783 0 0 0 84.0902938842773 0 78.0428777875611 145.736555570968 0 0 0 200.094909667969 0 0 0 105.913892523834 0 83.1194687191626 0 0 204.23828125 134.019091959308 106.094704917136 110.556795042888 0 0 0 164.701241276082 0 68.4775847060929 106.413514478941 106.222802873221 0 0 189.867721557617 107.930958440095 0 0 128.809050325314 0
81.7215769085322 109.649604832487 153.353008865729 141.975988612763 10.801938131609 14.4241942715338 113.610170807396 18.438174374109 109.566769216456 119.337085661998 61.7858591133031 100.172932529455 55.6335683422898 24.4906913958256 39.1431359416859 0 110.688285827637 84.2768445495745 76.9501384753167 125.332271546682 111.63051367189 161.703399658203 125.943492725194 119.400456072232 0 100.504814295542 111.51735934835 71.9442083816596 20.6245588073024 114.11787258173 115.145346934399 0 61.5137570761698 22.4216934244182 123.777082134425 76.5878426723113 88.0599835578357 43.9101944791659 52.3438456209658 37.592973718512 16.6146324731749 65.651080788768 179.294528921934 0 0 0 0 0 0 0 0 0 0 0 221.619018554688 202.414916992188 0 0 0 0 0 0 0 0 0 0 0 0 0 224.611755371094 0 0 196.858809703422 0 0 0 203.216586100152 230.593215942383 175.821062413427 0 0 0 0 246.621429443359
33.302750580809 103.460695858879 96.2918330210113 89.4686593043718 0 82.8651859259502 60.4641296605916 77.5686969350416 65.7974242189046 85.0672685297655 94.2706694477923 123.237207660969 124.362533569336 63.2889321877887 84.0969865542926 60.9481135232624 88.6192143066399 146.160202026367 109.948734111846 81.4460200731052 74.6803734253086 57.8394559696454 84.2949646152859 69.1525468060988 143.288477827025 116.549530358874 105.762772408902 69.7062917235656 19.2062562942538 47.5302871581343 152.718841552734 61.5137570761698 0 24.7804386439388 100.673133309179 44.7485962540432 58.7596090229419 41.378379390972 48.0279431597709 53.2935015069161 45.105806527542 66.5253982543945 132.722640702689 0 144.730731660685 152.294909914176 0 0 0 129.887076243155 0 159.022939667589 0 0 0 147.412437901003 170.141811121813 87.3897760750432 154.088685964505 0 102.269540555743 0 151.031697417487 0 118.753314800366 0 0 0 0 132.050430453143 134.740867550651 149.841060990487 125.752604968091 0 0 150.375907631351 125.155397551682 155.985818307507 127.381259558517 0 0 159.590194702148 153.324787451352 129.964153615813
