0 4.99442028999329 262.731503725052 40.6345519721508 0.47000977396965 209.561430364847 8149.98738360405 2926.86644133925 121.722433686256 359.882418453693 23.1808811724186 23.1078583300114 4.34924420714378 13215.5281063616 8.57961094379425 33.9428739249706 91.3838392794132 2.07638943195343 19.3962135910988 53.780814409256 275.024629145861 34.9768787324429 724.140522837639 271.306335955858 0.387912452220917 41.7047815918922 92.0886518955231 1024.64697644114 15300.4088752866 5127.83635294437 0 4.99681529402733 165.387595176697 268.955277562141 15.9415305256844 405.603090435266 39.2574661672115 308.751486957073 47.4826474189758 71.3026507496834 39.7816272079945 1.20292437076569 9.11623603105545 0 0 0 0 0 0 3.42847102880478 0 3.1629843711853 1.62815248966217 0 1.58545237779617 31.7517355084419 6.4215869307518 6.96582221984863 5.70650494098663 0 0.857241690158844 0 8.0546543598175 0 4.18643739819527 0 0 0 1.76023137569427 8.1897968351841 7.24362647533417 5.24161869287491 50.0267564952374 0 1.64834916591644 6.58780747652054 68.5858774781227 7.16691923141479 5.27838051319122 0 0 0.959068059921265 2.94777309894562 0
4.99442028999329 0 179.202342331409 2.96977114677429 6.24983114004135 6.16603419184685 23.3612312376499 6.36171841621399 1013.83775103092 6.19234558939934 264.902970731258 21.866290718317 858.702132463455 6.58673569560051 49.1415129303932 176.693724095821 176.439888358116 88.279392182827 272.03377571702 2.06667017936707 29.7423845529556 3024.79228553176 119.825620383024 584.546900421381 3449.36170315742 1318.71168580651 8825.29894116521 51.9073334336281 9.20009350776672 18.6279873847961 38.517296731472 1.77704584598541 1.7209098637104 165.714570522308 6.65902438759804 214.90131175518 268.175652801991 411.561507642269 70.5547476410866 70.5312114655972 2.15782725811005 355.328905463219 37.4758077859879 16.7619534134865 15.8504156470299 30.5294687747955 0 0 6.65634447336197 0 331.83578056097 76.7010469436646 0 0 0.486556082963943 0.595745086669922 0.766378074884415 5.03788211941719 0 32.9649907946587 0 46.1012359261513 0.77018940448761 0.593677163124084 4.89359486103058 55.0100269913673 16.4018476009369 67.7101494669914 0 5.24403977394104 9.85533732175827 24.7179697155952 8.78700318932533 60.6079937815666 447.484974235296 978.754181534052 4.53489145636559 0.680377423763275 5.02570915222168 4.98905235528946 0 0 21.6197890639305 0.906472444534302
262.731503725052 179.202342331409 0 1.18255209922791 1.48466598987579 61.5064060091972 582.953522205353 417.740822210908 28.7235218882561 28.7248048782349 290.218833208084 0.311331778764725 70.0413630008698 523.558022335172 3.77980214357376 125.09983509779 4916.94350278378 112.96990352869 730.876708090305 1.82802712917328 2236.54978016019 258.420294493437 14944.2633833289 115.137129366398 13.2721805870533 7318.36393925548 6998.08178821206 558.544005662203 589.726320713758 1462.20614907146 24.3663863241673 1.70235416293144 56.0386250317097 990.700484961271 72.3852833807468 2888.72246238589 1780.78158459067 3793.28156787157 1461.64322593808 195.67153480649 44.164918422699 11.43108522892 23.2268124222755 3.88511019945145 8.24137768149376 13.7479563057423 0 0.459177583456039 1.34558534622192 2.15938970446587 178.245672404766 389.907360166311 0 0 0.471337765455246 18.2455395460129 7.43710580468178 2.82457911968231 0 7.36881881952286 1.39859879016876 8.32233512401581 4.81041312217712 0.38602277636528 22.718240737915 76.4892880618572 3.69991090893745 28.032630443573 0 20.9797102212906 64.6930236518383 193.098426133394 19.3034076690674 6.35940510034561 153.455130904913 1208.64322271943 19.3416616916656 2.21097382903099 16.9767906963825 1.6036673784256 0 0.309894621372223 12.9745323061943 24.2405323982239
40.6345519721508 2.96977114677429 1.18255209922791 0 0.707218527793884 894.350091189146 1471.16711077094 275.382166057825 516.104746103287 13766.1938154101 4.73227667808533 1576.22878080606 1.63513654470444 216.604275107384 27.9601498842239 11.5634711384773 1.36535596847534 0 0.890381991863251 36643.3770983517 2.46275418996811 18.2310220897198 7.59701743721962 3573.04761952162 0.49644461274147 0 19.2526097595692 16639.3433912694 205.02097171545 16.390468120575 0 3.06025582551956 14.216938495636 96.3535598814487 19.1052583158016 348.772481203079 1.20984160900116 101.813682854176 15.6119068562984 130.524617016315 30.6477326750755 0 46.4210096001625 1.43840086460114 1.41637802124023 2.76928853988647 30.9656263887882 1.73567825555801 0 0.751735806465149 0 0 166.893302261829 0 21.4599776864052 117.949495971203 29.1813209354877 76.9505340456963 67.1004730165005 0 615.167551219463 0 10.2480258047581 4.63672983646393 0 0 0 0 153.696669697762 1.3123345375061 2.27765512466431 0.786661326885223 178.775881111622 0 0 1.12917476892471 186.747700482607 7.40844893455505 2.6830986738205 0 0.38807937502861 1.22396242618561 10.0947681963444 4.61527097225189
0.47000977396965 6.24983114004135 1.48466598987579 0.707218527793884 0 1060.63668572903 6.85497999191284 643.36323672533 87.2692765593529 11.6565178334713 14.2145604491234 81.9902645945549 2.41684180498123 38.8958658277988 3796.29535573721 1.29935109615326 0 0.966072380542755 0 3.44060075283051 0 9.00633102655411 0.397935450077057 39.180589735508 1.04409384727478 0 4.42679899930954 7.02263396978378 129.94552898407 3.7177965939045 0 1682.93384844065 0 483.525401711464 0.636419355869293 19.2727024555206 1.96768593788147 42.9882588386536 3.43684029579163 8101.77184975147 1967.69194710255 3.23235726356506 0 0 0 0 0 0 0 0 0 0 0 0 0 0 0 0 1.28610110282898 0 0 0 0 0 0 0 0 0 0 0 0 0 0 0 0 1.15117859840393 0 0 0 0 0 0 0 0
209.561430364847 6.16603419184685 61.5064060091972 894.350091189146 1060.63668572903 0 3727.72848880291 23790.8607662916 197.253530800343 21741.6645842791 119.710851192474 8308.25561104715 6.9869718849659 2156.04835420847 1805.36185863614 13.3896239101887 9.51795718073845 10.1568956077099 14.2146580517292 1740.2186139226 64.2388906478882 23.5283641517162 147.136473953724 506.685324430466 0.983018189668655 19.1682277321815 50.6321769356728 1251.83244603872 1452.69586332142 187.135925263166 0 1920.15303251147 19.1559606492519 1178.18726786971 64.149223536253 466.7430293262 24.5024891495705 375.403274863958 27.2933026850224 5540.09876361489 2034.31401765347 9.75303727388382 13.3113342225552 0 0 4.29609006643295 7.28525561094284 1.09927868843079 1.03069674968719 4.43849718570709 0 0.383605748414993 21.0507310926914 0 13.1998221278191 107.004695385695 22.6416555643082 31.1233386099339 18.227180570364 0 7.40391081571579 0 14.7684661746025 1.46987926959991 5.14181631803513 1.21876239776611 0 0 5.19815927743912 3.35988745093346 5.16419976949692 1.28924059867859 130.137936010957 1.57875514030457 0.784004509449005 4.64698934555054 114.646088063717 10.2237412333488 5.54251465201378 0 0 1.50075137615204 0.738608121871948 3.10661798715591
8149.98738360405 23.3612312376499 582.953522205353 1471.16711077094 6.85497999191284 3727.72848880291 0 6087.59828016162 1535.48695275187 16463.8961730003 58.0704146623611 432.870507091284 10.3308129608631 10988.4339960665 75.568731546402 402.930304646492 96.9839922785759 3.36100250482559 20.1262415349483 1966.50272995234 932.024014115334 346.866158306599 2347.15399390459 6268.23554882407 4.28393030166626 57.146787405014 852.573746681213 26013.8633422554 4199.18659316003 12547.5808851421 0.864897608757019 20.4795399010181 550.006991893053 1002.52973097563 150.936375081539 2985.22342732549 154.623473733664 1288.07375687361 280.442307204008 461.080155193806 258.626912415028 2.52746990323067 108.291146367788 1.53010001778603 14.5034464001656 23.1154645681381 25.7207962572575 7.90849554538727 2.04065537452698 34.6210933923721 1.43476364016533 13.6054034233093 77.7604252994061 0.94697630405426 39.134371638298 629.230533957481 111.631392151117 170.620266467333 99.4515107870102 0.665817677974701 26.8428089618683 0.638229668140411 94.9391498267651 6.02160754799843 51.4204300940037 1.37512528896332 0 0.645171523094177 27.2562983036041 56.8949330449104 56.4886418879032 52.0941168367863 949.494881957769 0 6.63698509335518 67.7164621651173 948.317092701793 83.8813037276268 99.3596082925797 0 4.06528499722481 9.48026964068413 24.6532220542431 15.5381383895874
2926.86644133925 6.36171841621399 417.740822210908 275.382166057825 643.36323672533 23790.8607662916 6087.59828016162 0 204.43566006422 5852.94498243928 392.650646716356 1117.93227124214 47.678785264492 17981.2267470807 880.145086735487 56.478679060936 173.506899192929 25.0142803788185 58.3232843279839 548.340835243464 381.33501920104 64.585775822401 1040.00114640594 543.727428525686 5.57989937067032 89.2691760361195 196.849292546511 1529.65593004227 4814.60097882152 1870.11442551017 2.74838572740555 1002.15093126893 74.7442510426044 2231.01431342959 46.1027871668339 1245.57764069736 108.223916590214 921.658219486475 76.5767257809639 2916.94066873193 1911.54122447968 15.0185870230198 9.80856619775295 0 1.55611616373062 2.41582980751991 1.87237387895584 1.13474199175835 0.382107377052307 2.56609690189362 0.719282865524292 1.90978229045868 11.0195682644844 0 6.81670838594437 76.5164300650358 11.5546473562717 26.2764938473701 15.2022190392017 0 1.34744995832443 0 20.4848187565804 1.96101319789886 14.8824165612459 0 0 0 3.61302423477173 12.9874918311834 9.97323328256607 15.5285342037678 135.321358844638 0 2.48173379898071 20.7602636516094 131.960769861937 7.92641744017601 16.9297140240669 0 0.366669267416 1.05239775776863 7.51547819375992 2.89359569549561
121.722433686256 1013.83775103092 28.7235218882561 516.104746103287 87.2692765593529 197.253530800343 1535.48695275187 204.43566006422 0 496.992508411407 233.486800968647 1098.22001597285 160.645100653172 215.810152977705 1445.09082451463 288.298563063145 22.3772212564945 14.2638119757175 13.0662769973278 225.879613995552 122.62922295928 6169.18318513036 116.787790358067 14645.5819306076 412.962502390146 78.7742258906364 1251.53719782829 2538.82336780429 341.77467378974 428.729807406664 8.4322050511837 13.8712981045246 91.3178941607475 125.414581418037 19.6677085459232 894.482680380344 49.5992023348808 211.19813477993 45.4369558095932 2820.81191948056 38.8072884082794 52.26176404953 60.7367906570435 3.75767737627029 4.72634008526802 10.9794652760029 25.9630608558655 3.42492973804474 0.533090829849243 18.440976947546 2.73616117238998 4.97041529417038 87.1863906085491 0.375688791275024 21.566256403923 292.323759406805 45.0016110539436 310.016206160188 88.2242291271687 1.06003153324127 24.0787858068943 1.25475865602493 51.6866329014301 1.4130243062973 54.1471192538738 1.61247509717941 0 0.684004127979279 37.7365545928478 33.7697920203209 89.7972757816315 38.2619922757149 608.895337820053 1.76025283336639 7.79889017343521 48.1869556009769 497.196054697037 41.5191485285759 63.0545335412025 2.01353493332863 0.450045049190521 7.71497684717178 16.8259413540363 1.93290430307388
359.882418453693 6.19234558939934 28.7248048782349 13766.1938154101 11.6565178334713 21741.6645842791 16463.8961730003 5852.94498243928 496.992508411407 0 55.8960177004337 20938.8942404985 4.39703947305679 5857.51390427351 143.758775770664 35.0474997162819 4.23748382925987 4.01280575990677 3.01263380050659 37029.829619348 27.4156920313835 32.0640283226967 68.5103513896465 1989.07504212856 0.490146726369858 13.4845319092274 50.2649137675762 8363.12120905519 1073.15001688898 137.583667039871 0 15.8259708583355 73.1046087443829 451.445241957903 352.585140109062 892.637673586607 10.05237236619 541.226177662611 44.1053100824356 421.549388587475 145.09352940321 3.391725897789 51.9462812840939 0 4.02643489837646 2.30408352613449 24.3817585110664 3.42450344562531 0 4.18063074350357 0 0.843399405479431 129.072033375502 0 23.2496194839478 180.761439740658 30.8897254765034 87.9086909890175 54.0359171032906 0 18.6387224197388 0 18.3079323172569 0.483233273029327 8.19307088851929 0 0 0 21.9979994893074 3.8377306163311 2.2564948797226 1.38769409060478 233.060999959707 0 2.0040899515152 1.92349919676781 246.724361717701 8.37559103965759 6.59724828600883 0 2.40082275867462 0 0.884103417396545 1.74889302253723
23.1808811724186 264.902970731258 290.218833208084 4.73227667808533 14.2145604491234 119.710851192474 58.0704146623611 392.650646716356 233.486800968647 55.8960177004337 0 21.6563079953194 9297.1569775939 261.780043333769 7.50437015295029 9.88467502593994 1076.33200266957 9104.90960022807 4502.70971861482 16.0889763832092 122.075228124857 49.6675936281681 358.620949566364 34.2946568727493 1503.39838182926 12951.787115097 3724.06702446938 45.997545927763 331.761068761349 109.92548391223 2596.55599012971 34.9053984284401 6.3218754529953 8843.64362946153 7.08456227183342 332.866516113281 5414.15497821569 9209.79586225748 282.158552259207 111.572126716375 152.332095891237 3626.47863796353 4.4764050245285 88.6947827339172 11.6694843173027 1.55715334415436 0.664706408977509 0 13.9136805534363 0 36.7325938940048 10.3673121333122 0 0 0 1.49332332611084 0 1.90929269790649 0 110.266456663609 0 237.138485938311 0 0 0 6.01176929473877 44.6925154626369 20.9656125307083 0 0.641801595687866 7.76553845405579 5.69480687379837 4.3502633869648 132.553541690111 227.27516824007 282.396760553122 7.73439773917198 0 0 13.0887320041656 0 0 5.88256496191025 4.76062321662903
23.1078583300114 21.866290718317 0.311331778764725 1576.22878080606 81.9902645945549 8308.25561104715 432.870507091284 1117.93227124214 1098.22001597285 20938.8942404985 21.6563079953194 0 4.71064954996109 411.665134519339 3762.35863348842 4.30711126327515 1.40329778194427 0.613116085529327 2.21830260753632 27710.2325564623 1.4467665553093 95.7273449003696 8.46984821557999 760.391095072031 7.22356823086739 2.75442802906036 28.2133657336235 693.135142713785 407.850245684385 14.916216224432 0.534643471240997 16.4243828356266 1.78764659166336 198.077719777822 1160.12608611584 375.247150808573 5.36006152629852 174.894757598639 9.9880234003067 4261.17331373692 67.034047216177 2.46499040722847 14.2634640336037 0 0 0.335873246192932 19.7411707639694 0 0 0.555884957313538 0 0.667976200580597 214.155120909214 0 15.094752073288 36.809341520071 9.16460511088371 38.9768911600113 28.8565198481083 0 71.1641691327095 0 1.29135805368423 1.09238508343697 0 0.90617698431015 0 0 184.987224876881 0.604092061519623 0 1.99045857787132 115.29779034853 0 0 1.18806886672974 54.8045698702335 4.27012175321579 0 0 0 0 0 0.467813193798065
4.34924420714378 858.702132463455 70.0413630008698 1.63513654470444 2.41684180498123 6.9869718849659 10.3308129608631 47.678785264492 160.645100653172 4.39703947305679 9297.1569775939 4.71064954996109 0 28.1531108617783 12.2092504799366 14.6593133807182 65.8272520303726 434.026417434216 159.254916787148 1.36886528134346 14.5778673291206 270.375907987356 59.5279459059238 48.9378248751163 6289.04567310214 4116.01656827331 6354.64833334088 20.2693477869034 25.223666280508 13.1447536051273 7550.62035772204 2.43337738513947 0 1504.75796088576 50.0250571966171 886.220469027758 3877.32266455889 2788.58546444774 311.751757442951 59.9933717250824 369.890484929085 5639.12662988901 25.7033455073833 378.762410253286 23.3199410736561 8.15013778209686 0 0.408765435218811 90.1885657906532 0 78.4996889233589 5.48287886381149 0 0 0.713409543037415 0.902167022228241 0.479852885007858 5.29273355007172 0 363.966776907444 0 835.11852529645 0 0.763859391212463 0 7.85887390375137 100.486192971468 26.7631070315838 0 0 9.58437770605087 3.86425563693047 0.866323888301849 376.368568390608 361.976520210505 454.974222660065 0.328752636909485 0 1.81298834085464 86.0668323636055 0.47796705365181 0.411401778459549 18.6740892529488 22.1827341020107
13215.5281063616 6.58673569560051 523.558022335172 216.604275107384 38.8958658277988 2156.04835420847 10988.4339960665 17981.2267470807 215.810152977705 5857.51390427351 261.780043333769 411.665134519339 28.1531108617783 0 54.1402100324631 63.7599536180496 220.600701123476 16.9523995518684 76.1506707072258 524.839535832405 495.432879731059 82.8779113590717 1265.94397141039 774.549871981144 4.93355506658554 108.493352919817 236.237752318382 1807.65598379076 15736.4759559035 3553.00978899002 3.34452992677689 777.319358170033 176.842260807753 1727.61565820873 44.2425970137119 1343.69775941968 109.904248148203 1069.49973401427 106.986317694187 622.238496690989 475.629214137793 12.8167478442192 11.4884727150202 0.732491791248322 0 2.93967390060425 3.18793067336082 0 0 5.36238986253738 6.49786803126335 3.16144043207169 11.4697265625 0 4.07661911845207 72.6098672151566 15.7003317773342 19.763933390379 12.249152392149 0 1.91643491387367 0 12.5306987017393 0.711750626564026 14.5984553694725 1.01737892627716 0 1.30606782436371 2.3775594830513 12.974163711071 16.4257245957851 11.0037655234337 90.858060836792 0 3.09378987550735 25.9984876513481 129.197883114219 13.7138678431511 17.3187682032585 0 0 1.14507552981377 2.39417931437492 5.75213426351547
8.57961094379425 49.1415129303932 3.77980214357376 27.9601498842239 3796.29535573721 1805.36185863614 75.568731546402 880.145086735487 1445.09082451463 143.758775770664 7.50437015295029 3762.35863348842 12.2092504799366 54.1402100324631 0 3.51581490039825 2.41189175844193 0.88183856010437 1.49618852138519 97.9513799846172 2.59263199567795 163.152768909931 7.26993805170059 726.006908267736 13.4135740697384 6.46511599421501 77.5130723714828 74.5351684987545 123.923568069935 9.88702163100243 0 255.374131649733 3.66694539785385 53.3009878993034 0 101.916797041893 2.21968364715576 20.4136763513088 1.82483488321304 15210.845783174 172.24124109745 1.25548613071442 3.05116015672684 0 0 0 5.18917679786682 0.507392168045044 0 0.458052635192871 1.28512287139893 0 11.8115666508675 0 0.816470444202423 8.67953187227249 0.422648161649704 16.2079380750656 5.94771820306778 0 2.55855458974838 0 0.622144281864166 0 0.943380892276764 0 0 1.30636286735535 7.390340924263 0 1.4879994392395 1.02026760578156 11.9023936986923 0 0 0.883374392986298 15.498039573431 0 0 0 0 0 0.339225858449936 0
33.9428739249706 176.693724095821 125.09983509779 11.5634711384773 1.29935109615326 13.3896239101887 402.930304646492 56.478679060936 288.298563063145 35.0474997162819 9.88467502593994 4.30711126327515 14.6593133807182 63.7599536180496 3.51581490039825 0 57.2545282542706 2.45372778177261 22.6296160817146 2.19027921557426 8202.7544515729 5451.53452429175 17164.3533946574 3320.14548763633 31.4710327088833 34.4021633267403 7555.33898192644 4964.36537739635 177.547836959362 687.593073964119 0.820502460002899 0 79.2669432163239 346.613008111715 84.2673764526844 2657.99404999614 459.021480411291 824.413458406925 431.049201577902 198.314125269651 41.5453613996506 2.28787177801132 78.7093434035778 0.720471382141113 4.66971397399902 11.2348074913025 4.43740063905716 1.1404390335083 0.726576507091522 7.76229631900787 5.8341383934021 64.9322012960911 3.44014233350754 0.518570721149445 2.08150014281273 66.669683277607 18.2032324969769 14.5718515813351 2.48129197955132 0 0.501786887645721 0.513694941997528 26.1425516009331 0 625.755812108517 12.505973815918 0.948044657707214 3.49320974946022 0 487.565936625004 498.887083828449 771.437196731567 259.009153991938 2.46607959270477 17.9770456254482 456.563659548759 303.959364950657 51.5362371206284 182.098366141319 0 0 13.7857132554054 21.4482158124447 14.7555333971977
91.3838392794132 176.439888358116 4916.94350278378 1.36535596847534 0 9.51795718073845 96.9839922785759 173.506899192929 22.3772212564945 4.23748382925987 1076.33200266957 1.40329778194427 65.8272520303726 220.600701123476 2.41189175844193 57.2545282542706 0 664.345572561026 5933.17464232445 1.518514752388 1692.63807240129 51.3345361351967 9692.89091929793 28.5232034623623 45.5244750082493 6136.78018510342 3925.08985838294 174.159077972174 398.021554782987 1388.17302808166 29.0408110618591 0 47.864314943552 1830.17678815126 33.7919423282146 1043.88783329725 1303.92166304588 2704.91034960747 550.244399785995 66.6462351977825 17.4011783003807 10.9604230225086 12.6466394066811 3.75898838043213 3.51399332284927 5.11935150623322 0 0 0.708792924880981 0 67.8896211981773 50.5926190316677 0 0 0 1.33981138467789 0.366771042346954 2.06070798635483 0 6.92532396316528 0 4.3622205555439 1.8001896739006 0 6.91466635465622 25.1189343333244 2.26683473587036 13.4373789131641 0 2.04376512765884 12.9170538187027 18.2442281842232 0.70052844285965 4.78694999217987 100.408398330212 357.435380369425 6.18717834353447 0 2.45894739031792 3.36118972301483 0 0 3.16882553696632 12.4064061045647
2.07638943195343 88.279392182827 112.96990352869 0 0.966072380542755 10.1568956077099 3.36100250482559 25.0142803788185 14.2638119757175 4.01280575990677 9104.90960022807 0.613116085529327 434.026417434216 16.9523995518684 0.88183856010437 2.45372778177261 664.345572561026 0 3636.51494291425 0.690914571285248 36.4451125562191 8.53367471694946 122.896009892225 2.24740424752235 448.775577813387 6818.75622689724 1377.24361672997 7.10807394981384 33.7039203643799 40.6366837620735 259.232807278633 2.95016473531723 1.48600888252258 525.161696016788 4.34089398384094 180.355422914028 744.991981506348 1093.28652280569 122.377751410007 12.2340019643307 7.0254265666008 63.4112904667854 0 15.6411580443382 6.03125447034836 3.76724123954773 0 0 1.13926517963409 0 16.3954917788506 2.61045324802399 0 0 0 0 0.407486170530319 0 0 20.1551322937012 0 50.5725935399532 0 0 0 3.10239100456238 29.8384380638599 8.68726661801338 0 0.348950207233429 3.09036946296692 2.22250559926033 0.330625236034393 36.9610456228256 136.281301736832 199.857033729553 0 0 0 8.00953495502472 0 0 3.31617957353592 0.504663527011871
19.3962135910988 272.03377571702 730.876708090305 0.890381991863251 0 14.2146580517292 20.1262415349483 58.3232843279839 13.0662769973278 3.01263380050659 4502.70971861482 2.21830260753632 159.254916787148 76.1506707072258 1.49618852138519 22.6296160817146 5933.17464232445 3636.51494291425 0 0 231.478332281113 22.3614295721054 787.831251621246 9.93914216756821 277.735218524933 11645.2633438706 2556.71572074294 41.5904765129089 117.238203704357 256.806506693363 85.9797931313515 5.58705580234528 13.2469145655632 1913.50471386313 20.0496027469635 784.805153250694 1253.48430639505 2659.16343343258 476.482809901237 22.9149464964867 11.9686698615551 39.783102273941 6.6877960562706 10.9590099453926 5.14461904764175 4.18262147903442 0 0 0.668292582035065 0 62.8841357827187 6.93587598204613 0 0 0 1.27384695410728 0.427667737007141 1.79855394363403 0 13.2507306337357 0 23.2637093663216 0 0 0.572894930839539 16.354157358408 25.8648647069931 35.6838854253292 0 0.442758589982986 2.03103858232498 4.96096849441528 1.67667633295059 20.0483627319336 249.490523338318 388.350035041571 1.27361857891083 1.07574129104614 0.586397111415863 6.99156591296196 0 0 6.12219542264938 6.68364357948303
53.780814409256 2.06667017936707 1.82802712917328 36643.3770983517 3.44060075283051 1740.2186139226 1966.50272995234 548.340835243464 225.879613995552 37029.829619348 16.0889763832092 27710.2325564623 1.36886528134346 524.839535832405 97.9513799846172 2.19027921557426 1.518514752388 0.690914571285248 0 0 6.92171713709831 7.28889405727386 1.83966308832169 869.532170593739 0.632015228271484 2.56839752197266 8.81964364647865 5437.40334939957 291.667332917452 21.6650557518005 0 4.40615466237068 19.0648101866245 118.873721957207 293.033999145031 324.447534173727 7.91159802675247 146.77457678318 9.23525351285934 213.839296936989 36.0135117769241 0 21.6574756503105 0 1.477947473526 1.33245754241943 8.97821652889252 2.21215713024139 0 0.935601115226746 0 0 155.126219689846 0 8.83401316404343 58.4988919794559 16.7552189230919 38.0193529129028 22.3798995018005 0 98.5169733166695 0 8.32016056776047 1.40848898887634 4.11464947462082 0 0 0 12.8221110105515 1.16042637825012 1.73031342029572 0 77.9586683809757 0 0 0 68.6824645996094 3.21166849136353 2.0327622294426 0 0 0.847366988658905 0.768464028835297 1.26153922080994
275.024629145861 29.7423845529556 2236.54978016019 2.46275418996811 0 64.2388906478882 932.024014115334 381.33501920104 122.62922295928 27.4156920313835 122.075228124857 1.4467665553093 14.5778673291206 495.432879731059 2.59263199567795 8202.7544515729 1692.63807240129 36.4451125562191 231.478332281113 6.92171713709831 0 781.292101055384 27269.1927091479 314.742984712124 5.11887821555138 303.955254584551 1719.35965380073 5721.44376820326 951.155467957258 16790.4822598845 3.05065253376961 2.50873772799969 211.792455732822 4149.86844700575 259.911504387856 7133.91374114156 1225.38803213835 3993.5536685288 1348.07525098324 620.067505896091 121.81871047616 5.79225891828537 42.4879293739796 0.989559769630432 2.78681942820549 10.5700289607048 2.89048254489899 2.10518717765808 0 7.7734577357769 8.53209084272385 41.7868805229664 2.82413744926453 0 2.44692474603653 58.9318193495274 8.57469117641449 7.81068724393845 0.87470954656601 0.413395613431931 1.01531392335892 0.821327805519104 25.0451264381409 0.716121554374695 368.899621903896 4.72401976585388 0.495083183050156 2.5186402797699 0.513051569461823 292.896384268999 265.716906458139 376.153536081314 149.167789041996 0 16.0014164745808 243.752710193396 192.32000619173 43.1446349024773 156.386942267418 0 0 12.8952785432339 24.85444226861 33.2658278644085
34.9768787324429 3024.79228553176 258.420294493437 18.2310220897198 9.00633102655411 23.5283641517162 346.866158306599 64.585775822401 6169.18318513036 32.0640283226967 49.6675936281681 95.7273449003696 270.375907987356 82.8779113590717 163.152768909931 5451.53452429175 51.3345361351967 8.53367471694946 22.3614295721054 7.28889405727386 781.292101055384 0 1994.97976911068 7824.17576518655 766.899548530579 136.400902241468 7743.37816926837 1561.88631126285 175.494451314211 528.225940793753 14.4062775373459 0 44.1226280629635 174.456339687109 25.4513822495937 1118.2524600029 221.355796843767 407.808431208134 186.317767709494 313.674907684326 30.6741190552711 116.005439370871 23.126522898674 5.45491272211075 2.86405715346336 13.0639173388481 3.30621296167374 1.15502405166626 0 6.58822470903397 72.8260276913643 99.1449879407883 0 0 1.78039291501045 41.6394903957844 11.8726948201656 19.6633863151073 10.9882685542107 3.87912827730179 0.472468256950378 3.06069502234459 17.7805493175983 0.342662870883942 435.484852105379 18.6571722328663 4.10710656642914 10.8482475280762 3.76922327280045 147.605200320482 314.449179857969 606.27501732111 115.948372840881 2.61103427410126 37.6779294312 795.177638202906 129.354668825865 15.6906790435314 71.2113574743271 0 0 4.4676006436348 18.0502355098724 4.63845187425613
724.140522837639 119.825620383024 14944.2633833289 7.59701743721962 0.397935450077057 147.136473953724 2347.15399390459 1040.00114640594 116.787790358067 68.5103513896465 358.620949566364 8.46984821557999 59.5279459059238 1265.94397141039 7.26993805170059 17164.3533946574 9692.89091929793 122.896009892225 787.831251621246 1.83966308832169 27269.1927091479 1994.97976911068 0 978.763967782259 10.1692043244839 1622.43367907405 18082.9661966562 6050.12567976117 1403.35415947437 7939.40961173177 7.64904049038887 3.78328022360802 194.676425516605 4018.75800520182 463.27594012022 11910.3576919436 5113.56976270676 9571.28621941805 4086.41925096512 1118.14901652932 149.316536784172 9.04853683710098 41.2627450525761 3.6173123717308 4.96018642187119 14.174823641777 5.46597608923912 0 1.03443169593811 9.38878872990608 77.7996387481689 425.864948362112 0.902712404727936 0.598779261112213 4.18178156018257 104.750763446093 24.3067364394665 23.6539371013641 7.26337325572968 4.57848513126373 1.67729812860489 6.0858550965786 26.3141326904297 0 599.148861706257 54.9982360005379 3.85018336772919 13.5180044770241 0.688629627227783 203.018986403942 585.679227441549 1886.58148959279 135.896375656128 1.39951080083847 80.9279999434948 2683.38292449713 159.6217879951 26.9953517913818 96.7203438580036 0.940564930438995 0 8.2025537788868 34.4732114374638 53.6054618954659
271.306335955858 584.546900421381 115.137129366398 3573.04761952162 39.180589735508 506.685324430466 6268.23554882407 543.727428525686 14645.5819306076 1989.07504212856 34.2946568727493 760.391095072031 48.9378248751163 774.549871981144 726.006908267736 3320.14548763633 28.5232034623623 2.24740424752235 9.93914216756821 869.532170593739 314.742984712124 7824.17576518655 978.763967782259 0 135.606969833374 46.7893060743809 2568.99312213063 29698.6500765979 779.776171445847 1007.01706445217 1.82405367493629 8.82201704382896 207.554522544146 316.270194143057 58.9890620112419 1867.00482562184 78.543058514595 431.138406664133 114.159668266773 1094.28068464994 83.1533275544643 15.753100425005 296.618730843067 5.20985901355743 31.5193049013615 41.1983423233032 69.2833124697208 19.8224705159664 0 48.6570048630238 12.8886629343033 29.3569114506245 188.752207130194 0 103.433636933565 1124.36327829957 256.966354042292 490.821847707033 216.65883859992 1.36393916606903 50.4482989609241 3.94408217072487 187.943117141724 8.88122624158859 240.857324421406 5.57693567872047 0.563838064670563 1.11616063117981 76.3962176144123 245.186865657568 263.922452539206 213.751792520285 1951.4938608408 1.06997394561768 12.895494133234 126.447592109442 2007.18395698071 194.514259159565 261.544506937265 0 3.99230369925499 27.835265994072 88.0456128716469 24.1380679011345
0.387912452220917 3449.36170315742 13.2721805870533 0.49644461274147 1.04409384727478 0.983018189668655 4.28393030166626 5.57989937067032 412.962502390146 0.490146726369858 1503.39838182926 7.22356823086739 6289.04567310214 4.93355506658554 13.4135740697384 31.4710327088833 45.5244750082493 448.775577813387 277.735218524933 0.632015228271484 5.11887821555138 766.899548530579 10.1692043244839 135.606969833374 0 1524.7186833024 5822.49387899041 13.7447638213634 6.55270290374756 7.71054455637932 272.395453155041 0 0 133.744907170534 3.77132964134216 44.539688795805 1660.40310901403 737.476202815771 48.8085588216782 15.2669656574726 6.80421012639999 3176.95378535986 3.71580868959427 230.889519810677 19.2007798552513 5.77814880013466 0 0 41.6758082509041 0 106.801711976528 11.35896474123 0 0 0 1.18115866184235 1.46108505129814 5.44901293516159 0 184.324947416782 0 480.711212158203 0 0 0.883020162582397 8.61112320423126 97.4613725543022 33.7433876097202 1.0471510887146 1.09834933280945 7.14319312572479 2.75447082519531 5.19698280096054 339.839903116226 520.724549978971 575.859699875116 2.06331571936607 0.928396672010422 1.07813441753387 56.6735934615135 0 0 9.07731831073761 0
41.7047815918922 1318.71168580651 7318.36393925548 0 0 19.1682277321815 57.146787405014 89.2691760361195 78.7742258906364 13.4845319092274 12951.787115097 2.75442802906036 4116.01656827331 108.493352919817 6.46511599421501 34.4021633267403 6136.78018510342 6818.75622689724 11645.2633438706 2.56839752197266 303.955254584551 136.400902241468 1622.43367907405 46.7893060743809 1524.7186833024 0 27009.9916262627 126.769334375858 159.335860937834 291.265507429838 3112.15061888099 3.16903725266457 13.5492624044418 1739.20193380117 29.6353422999382 2090.72896572948 3987.08616739511 5126.82775062323 1142.57043710351 73.8537303805351 25.0159294009209 165.543686300516 66.6002621352673 105.356070905924 67.3676793277264 46.5533127784729 0.373816013336182 0 14.0891542732716 1.45137682557106 472.637837946415 104.783702999353 0 0 0 4.66517728567123 4.55214431881905 5.40622898936272 0 161.882467240095 0 231.642097502947 0 0 5.37913265824318 133.516381323338 175.057191073895 231.315820217133 0 7.62085357308388 32.2083972990513 38.2433319687843 10.8998866677284 189.666424453259 1638.88901382685 2795.84732401371 7.08491992950439 0.358709096908569 12.7995999157429 31.5827105045319 0 0 38.7126070559025 25.7457565665245
92.0886518955231 8825.29894116521 6998.08178821206 19.2526097595692 4.42679899930954 50.6321769356728 852.573746681213 196.849292546511 1251.53719782829 50.2649137675762 3724.06702446938 28.2133657336235 6354.64833334088 236.237752318382 77.5130723714828 7555.33898192644 3925.08985838294 1377.24361672997 2556.71572074294 8.81964364647865 1719.35965380073 7743.37816926837 18082.9661966562 2568.99312213063 5822.49387899041 27009.9916262627 0 2193.05566734076 279.764992073178 740.124522179365 2554.72093120217 4.27345252037048 60.6538864970207 2762.33331589401 190.845006734133 7885.81748691201 5985.4449890554 10077.3335918486 3837.93572357297 618.435015588999 80.3052515685558 193.987350225449 186.982999026775 158.645419120789 98.9199929833412 118.084455043077 10.7576708197594 0.527738213539124 17.5380874276161 12.6019241809845 1581.86423379183 1493.41311103106 3.11859488487244 0 4.59469419717789 100.298116326332 31.8697405457497 37.8768102228642 4.24965026974678 200.330456644297 0.643507421016693 323.715555429459 32.2370001673698 1.89374473690987 345.351195663214 497.960430711508 201.666639566422 375.944592535496 0 120.682655870914 701.278268933296 1933.1330678761 116.172749757767 287.700446486473 2833.10343599319 9516.7261428535 97.5799570381641 22.2122731804848 81.4890456795692 62.7161468863487 0 4.10610163211823 135.62562802434 46.1953423023224
1024.64697644114 51.9073334336281 558.544005662203 16639.3433912694 7.02263396978378 1251.83244603872 26013.8633422554 1529.65593004227 2538.82336780429 8363.12120905519 45.997545927763 693.135142713785 20.2693477869034 1807.65598379076 74.5351684987545 4964.36537739635 174.159077972174 7.10807394981384 41.5904765129089 5437.40334939957 5721.44376820326 1561.88631126285 6050.12567976117 29698.6500765979 13.7447638213634 126.769334375858 2193.05566734076 0 1936.61329604685 18965.3975601196 1.86736571788788 6.97074356675148 552.620025366545 1224.93349435925 146.020197480917 4911.09390899539 238.454165965319 1450.13168111444 441.973300844431 478.44202157855 204.822109401226 1.49113512039185 239.289289534092 7.32340186834335 20.6375644207001 26.2305074036121 38.9948350191116 8.71991202235222 0.65941196680069 51.7892153859138 6.17731285095215 29.9988838434219 91.4306542277336 0 63.470437079668 918.248918026686 188.573459029198 318.260404020548 135.677086621523 0.855194985866547 52.5208604931831 1.07943451404572 172.203673183918 8.27342483401299 403.07320651412 11.0465525090694 0.332339316606522 0 48.4333428740501 381.552359372377 412.312346816063 327.657525151968 1615.56670284271 1.64449164271355 8.46029278635979 194.729085505009 1640.73163595796 198.736889958382 376.173743665218 0 0.873555064201355 37.534526348114 71.8650054037571 27.3280908167362
15300.4088752866 9.20009350776672 589.726320713758 205.02097171545 129.94552898407 1452.69586332142 4199.18659316003 4814.60097882152 341.77467378974 1073.15001688898 331.761068761349 407.850245684385 25.223666280508 15736.4759559035 123.923568069935 177.547836959362 398.021554782987 33.7039203643799 117.238203704357 291.667332917452 951.155467957258 175.494451314211 1403.35415947437 779.776171445847 6.55270290374756 159.335860937834 279.764992073178 1936.61329604685 0 12301.046303302 5.17697840929031 1792.95911854506 12542.7672158778 3383.33704647422 107.45310164988 2347.42043626308 134.003396689892 1740.98052328825 193.88829767704 881.32852011919 1240.87929663062 9.86467984318733 16.7353232502937 1.09784519672394 1.12839543819427 3.104228079319 1.12638306617737 1.13807153701782 0 5.78476268053055 3.81933438777924 3.36024451255798 9.45781770348549 0 5.50860601663589 113.406060516834 19.2174990177155 31.4788353443146 1.47069117426872 0 3.8811342716217 0 15.097542911768 0 26.1003431975842 0 1.32784605026245 1.95589566230774 1.85830676555634 30.294254720211 30.4218167662621 30.1250460445881 142.287653684616 0 3.20348834991455 16.8306424319744 176.227952942252 21.8211577236652 33.5246572196484 0 0 2.00280168652534 5.61442518234253 10.5583071112633
5127.83635294437 18.6279873847961 1462.20614907146 16.390468120575 3.7177965939045 187.135925263166 12547.5808851421 1870.11442551017 428.729807406664 137.583667039871 109.92548391223 14.916216224432 13.1447536051273 3553.00978899002 9.88702163100243 687.593073964119 1388.17302808166 40.6366837620735 256.806506693363 21.6650557518005 16790.4822598845 528.225940793753 7939.40961173177 1007.01706445217 7.71054455637932 291.265507429838 740.124522179365 18965.3975601196 12301.046303302 0 3.7131073474884 5.32006669044495 960.259886801243 4178.91084134579 173.760615468025 4494.80438411236 415.582426548004 2483.60238203406 678.340527236462 346.81816342473 175.077389955521 5.22499343752861 43.6278582215309 1.90504860877991 1.55286392569542 11.1536128818989 4.56386709213257 3.57113808393478 0 15.6550830900669 5.68153059482574 11.5264235138893 1.85930418968201 0 4.2057032585144 107.211394459009 14.5655331909657 27.8806840181351 8.2378850877285 0 0 1.19004857540131 27.9997759461403 0.694192737340927 105.249301999807 3.88793218135834 0 0.819597125053406 1.40121302008629 128.079763054848 85.5840673446655 128.596631556749 206.591243982315 0 5.67361035943031 80.9107142090797 252.500743538141 29.2155164480209 82.6082994043827 0 0 8.19534868001938 14.7563771605492 19.2277064323425
0 38.517296731472 24.3663863241673 0 0 0 0.864897608757019 2.74838572740555 8.4322050511837 0 2596.55599012971 0.534643471240997 7550.62035772204 3.34452992677689 0 0.820502460002899 29.0408110618591 259.232807278633 85.9797931313515 0 3.05065253376961 14.4062775373459 7.64904049038887 1.82405367493629 272.395453155041 3112.15061888099 2554.72093120217 1.86736571788788 5.17697840929031 3.7131073474884 0 0.6097491979599 0 45.3619070351124 0.989351570606232 19.4787643551826 250.919407188892 193.705085963011 13.9440029263496 5.11610773205757 1.66058439016342 40.5224098563194 0 28.7090371251106 1.47519242763519 1.99754345417023 0 0 2.27488565444946 0 9.50143480300903 0.853370130062103 0 0 0 0 0 0 0 18.7101785242558 0 39.5333608388901 0 0 0 1.85006558895111 19.2780527174473 9.01275771856308 0 0 0 0.661477386951447 0 32.515200316906 74.9362138807774 82.9712579846382 0 0 1.15860152244568 8.02954417467117 0 0 0 1.19546091556549
4.99681529402733 1.77704584598541 1.70235416293144 3.06025582551956 1682.93384844065 1920.15303251147 20.4795399010181 1002.15093126893 13.8712981045246 15.8259708583355 34.9053984284401 16.4243828356266 2.43337738513947 777.319358170033 255.374131649733 0 0 2.95016473531723 5.58705580234528 4.40615466237068 2.50873772799969 0 3.78328022360802 8.82201704382896 0 3.16903725266457 4.27345252037048 6.97074356675148 1792.95911854506 5.32006669044495 0.6097491979599 0 0 926.842755407095 1.18526422977448 49.3068100810051 7.11441648006439 83.9613349735737 4.27424857020378 492.659909844398 2861.53264892101 0 0 0 0 0 0 0 0 0 0 0 0 0 0 1.15215945243835 0 0 0 0 0 0 0 0 0 0 0 0 0 0 0 0 0 0 0 1.00593411922455 1.75454673171043 0.274519115686417 0 0 0 0 0 0.704942464828491
165.387595176697 1.7209098637104 56.0386250317097 14.216938495636 0 19.1559606492519 550.006991893053 74.7442510426044 91.3178941607475 73.1046087443829 6.3218754529953 1.78764659166336 0 176.842260807753 3.66694539785385 79.2669432163239 47.864314943552 1.48600888252258 13.2469145655632 19.0648101866245 211.792455732822 44.1226280629635 194.676425516605 207.554522544146 0 13.5492624044418 60.6538864970207 552.620025366545 12542.7672158778 960.259886801243 0 0 0 754.658638417721 28.6062361896038 572.792549222708 19.4704650044441 250.869899511337 42.1298773884773 34.9899266064167 39.4983524680138 0 8.16430962085724 0 0 2.73690116405487 2.65330159664154 1.14607346057892 0 0.6176877617836 0 0 1.11815237998962 0 1.06285983324051 16.1923476755619 2.06302419304848 5.55881649255753 1.52099907398224 0 0.351978212594986 0 1.91187423467636 0 13.9870089292526 0 0 0 0 6.01597979664803 7.35607296228409 3.25678992271423 27.7273923456669 0 2.42912149429321 6.28439277410507 50.1919713318348 5.08114257454872 9.74129554629326 0 0 0 4.44697636365891 1.41043788194656
