0 11.3693552613258 137.45729637146 21.7392341196537 0.567920863628387 66.9983652532101 5382.17184767127 449.124576419592 99.5373374521732 276.64978402853 45.0312332510948 21.7111248075962 6.76485475897789 11424.5945091844 3.42030009627342 21.8704486489296 273.13343578577 13.812608897686 60.3897207379341 28.2783673405647 353.668787509203 44.2741225361824 628.09517788887 149.540514647961 1.80544552206993 167.026014566422 120.681930869818 541.480493634939 16113.4977330565 3159.52114379406 1.82742840051651 17.7178412377834 327.683521091938 547.679232895374 0 454.70180863142 16.0331100821495 503.621538966894 99.890845656395 77.9016759097576 31.9361074566841 1.65272378921509 8.67876723408699 0 2.04633414745331 0 0 0 0 3.18287888169289 0 5.01581826806068 0.450357913970947 0 1.71735990047455 21.5376537144184 0.678282260894775 3.7921935915947 1.9345600605011 0 0.78635448217392 0 2.12569266557693 0 8.04168722033501 0.858095526695251 0.796132564544678 0.707557678222656 0 11.5307901799679 1.81638240814209 4.275206387043 26.6766292750835 0 5.83867663145065 20.189709097147 55.3339329361916 7.26455700397491 9.97892951965332 0 0 0.645338952541351 3.07678863406181 0
11.3693552613258 0 771.166724354029 4.45039683580399 2.53637400269508 10.2482693791389 35.6602848172188 22.9887613654137 1468.36679026484 13.5459085404873 327.483032673597 32.923635751009 529.067383855581 63.1645346283913 69.2703747749329 199.64973282814 913.954534709454 58.7606438398361 301.026891082525 0.427167356014252 80.5840121209621 3016.59351378679 404.057226657867 997.736849546432 1966.20989504457 1584.42645436525 10321.5184298158 109.599090486765 44.4453616440296 46.0434828400612 34.0888010561466 4.52356350421906 9.08446073532104 402.864478200674 0 693.562860041857 599.23950061202 934.440108180046 254.64610594511 133.85305967927 1.47892719507217 49.4873980879784 0 0 2.74919044971466 0 0.664705693721771 0 0 0.521013915538788 217.911180198193 222.809346050024 1.44764825701714 0 2.11194354295731 7.59744843840599 0 2.43124690651894 6.64955365657806 28.0751128196716 2.46042543649673 52.0985875725746 2.92906540632248 2.1971001625061 8.84784942865372 65.4021259844303 12.8918536007404 80.7899598777294 1.54341870546341 9.77779972553253 25.7207990288734 36.4086530804634 12.3285996317863 75.8069896101952 402.395227134228 897.520807355642 18.5903027653694 0.987025737762451 4.40010964870453 7.35504072904587 0 0 53.5347188711166 0
137.45729637146 771.166724354029 0 19.9706074297428 5.39664685726166 389.630753517151 1872.50688308477 865.292150706053 89.3636899888515 430.535580188036 177.673256605864 15.6816035211086 41.5528110265732 931.137896969914 7.18972855806351 140.165116816759 4426.31159994006 82.9901958703995 399.158962488174 22.0570170879364 2282.3535566926 685.799703359604 22546.6868561208 252.626748174429 37.0170525610447 13414.6192978621 14788.0228324234 1186.53078168631 348.020878523588 617.797787159681 10.2421581447124 13.9718210995197 47.2250497043133 1157.73554027081 0 2599.69565081596 1197.826895684 2839.41130319238 1127.27576559782 181.351022690535 14.9987089335918 11.5767133831978 13.3713328242302 1.10770452022552 5.30539762973785 6.68423640727997 1.00815844535828 0 0 0.573463797569275 319.076537966728 1076.42525595427 2.52199894189835 0 4.31798562407494 48.4129346907139 5.98888993263245 3.17041039466858 3.19884237647057 11.76799929142 2.7185050547123 13.7289083898067 5.66496589779854 0 71.5248048603535 110.701567292213 6.48650160431862 86.7119958102703 1.75695127248764 48.569488286972 121.689291268587 253.889618337154 45.2501154541969 26.2139626145363 648.383641391993 3090.57821941376 65.136615216732 9.94442668557167 34.6287307739258 4.08055949211121 0 1.99363368749619 61.9866308569908 0
21.7392341196537 4.45039683580399 19.9706074297428 0 4.25084894895554 582.485829204321 219.392264068127 142.045709729195 733.228970855474 9166.08738833666 3.1829794049263 4044.23803818226 0.340609222650528 141.557607084513 128.50431907177 11.6926066577435 1.99966964125633 0.919590890407562 2.57163268327713 34302.5604265034 5.55290240049362 18.2186763882637 30.9605682194233 3381.06508147717 1.71622741222382 14.2717651426792 66.5784239172935 18783.1303898096 184.006250083447 15.163192898035 0 9.92650493979454 13.490892380476 77.7290552854538 0 207.444157809019 5.77652257680893 113.095632851124 25.0579918622971 257.435324192047 19.7987498342991 0.470712661743164 22.3707440495491 0 3.91839694976807 2.30585467815399 17.7210556268692 0 0 2.74077051877975 3.90562024712563 0 525.18794798851 0.898176848888397 42.2825693190098 69.3525083661079 8.62205946445465 37.9344666004181 176.674434572458 0 95.8685649037361 0 4.03108280897141 4.59246492385864 2.0189773440361 0 0 0.373521029949188 152.40076431632 1.21160399913788 4.32908272743225 5.41339319944382 165.349215596914 1.27251768112183 1.9331476688385 3.94563353061676 270.077352464199 7.8690989613533 2.08339506387711 0 0 0.606106817722321 3.44504377245903 0
0.567920863628387 2.53637400269508 5.39664685726166 4.25084894895554 0 2844.23606672883 20.0638311505318 1831.04213383794 38.6088981032372 44.3433320820332 56.5870068669319 107.674300968647 11.0556445717812 151.881300747395 1184.34376674891 0.596685349941254 4.4445925951004 4.93941444158554 16.3858399391174 23.0683679580688 1.51839524507523 1.37162959575653 4.3671583533287 23.5544373989105 4.30231362581253 32.0406859517097 30.880215883255 14.5271908342838 120.992612272501 1.72786730527878 2.44868004322052 2122.85867667198 0 1126.65194818377 0 51.5470883250237 4.83584487438202 190.229488939047 15.948169708252 3644.14505010843 1465.23396682739 3.36662316322327 0 0 0 0 0 0 0 0 0 0 0 0 0 0 0.439583212137222 0 0.626233875751495 2.46522736549377 0 0 0 0 0 0 0 0 0 0 0 0 4.78946650028229 0 1.38145768642426 0 3.11326283216476 0 0 0 0 0.653126537799835 0 0
66.9983652532101 10.2482693791389 389.630753517151 582.485829204321 2844.23606672883 0 4553.67092853785 20695.1968367696 356.267693638802 20112.0677990019 127.297124832869 8410.25543153286 28.155185520649 1660.35835599899 4747.46233728528 32.8057648539543 76.799456268549 23.1916309297085 46.0209401845932 1239.21031969786 242.051829248667 32.3832081258297 528.036231994629 813.682163447142 13.0657436549664 202.145898595452 266.295271813869 3602.37527340651 749.212578445673 156.67215283215 2.78829488158226 1519.75176030397 21.8707660138607 1111.81058061123 0 501.398105472326 30.8245451450348 574.530079394579 87.8212995529175 7594.82838872075 1345.62382295728 8.0100564956665 10.9871055781841 0 7.45463028550148 0.989039301872253 9.82538574934006 0 0 4.90425884723663 0.72204178571701 6.16980761289597 36.1918597817421 0 26.525318056345 92.4282439947128 15.22504144907 19.4271343946457 69.0484988093376 1.30760312080383 58.000514626503 1.12721249461174 22.972508251667 4.95920741558075 5.61848437786102 0 0 2.16323626041412 26.1853739619255 11.5533354580402 1.76781576871872 9.82255345582962 191.817442834377 2.13763678073883 8.73963803052902 19.748132199049 213.146831095219 16.2627854347229 12.1068705916405 0 0 1.03952214121819 2.41234079003334 0
5382.17184767127 35.6602848172188 1872.50688308477 219.392264068127 20.0638311505318 4553.67092853785 0 5419.49106323719 1487.61851483583 18371.175331533 81.2771744728088 690.806262135506 11.3170497119427 13741.2304290533 156.686371952295 318.07068285346 469.509443461895 23.0663588345051 108.862261265516 212.080054998398 2486.82518425584 269.976835548878 4677.73481714725 3447.23336988688 11.3305483460426 544.890763193369 1400.9501491785 25986.9457696676 5272.05592039227 8737.47500446439 2.40898191928864 38.6878203749657 577.572525054216 1303.50846174359 0 3080.490575701 115.523576796055 2288.12135979533 586.796265184879 677.651185154915 139.777896791697 6.0574314892292 96.4258303642273 2.88003104925156 52.5150223970413 19.7733659148216 26.6858725547791 1.93375670909882 0 42.8233737647533 5.29698941111565 26.3963733911514 60.4615469574928 1.66868415474892 63.5109175443649 486.561022609472 100.394962310791 124.114672511816 146.344695478678 1.62162062525749 54.9109399020672 0.519303500652313 111.165871173143 3.09420844912529 39.7105395197868 7.26807534694672 2.10319578647614 4.1240251660347 45.9809841513634 59.1678706407547 32.9097372293472 82.6637094914913 745.241882801056 0 20.7075152099133 114.814072489738 1096.63465377688 121.990513086319 88.5109386146069 0 0 19.2436021566391 36.27792724967 0
449.124576419592 22.9887613654137 865.292150706053 142.045709729195 1831.04213383794 20695.1968367696 5419.49106323719 0 250.394183397293 6153.70434814692 446.509681612253 1599.8527931869 82.0649407505989 17555.0868536234 1414.16380563378 33.9069818854332 371.154379397631 74.1912030279636 169.570790976286 570.9743694067 702.831992894411 67.4682922661304 1399.6096945107 409.033438026905 42.1263778209686 738.561546444893 493.07467636466 1562.28574636579 1558.51559321582 1159.15226826072 18.9779860973358 1107.35153445601 27.6184682548046 1972.17748653889 0 683.15403097868 76.9621978402138 1136.9260237515 170.608422905207 6164.77419996262 1342.30419531465 13.5889822840691 13.3114358484745 0 8.26602873206139 2.20791625976562 5.4443079829216 0.43151530623436 0 4.33668747544289 2.67238992452621 10.946894556284 8.07659858465195 0 9.26528272032738 73.3685739338398 10.2820080518723 18.8787515461445 20.0947436094284 4.83964252471924 14.188911318779 5.84195652604103 12.721984744072 0 15.4280261993408 2.10542750358582 4.71874782443047 10.0553199052811 7.86897152662277 15.025174677372 0.51170939207077 11.3263875544071 89.7845298945904 3.32964450120926 11.7307650744915 53.7678919732571 158.122546941042 25.6352704465389 17.6310026049614 0 0 2.02293637394905 3.62791049480438 0
99.5373374521732 1468.36679026484 89.3636899888515 733.228970855474 38.6088981032372 356.267693638802 1487.61851483583 250.394183397293 0 1180.34588739276 63.7369522154331 1784.92945334315 127.633661597967 338.175121068954 906.617967903614 97.2799116969109 101.909424722195 12.3653886914253 52.3716213107109 539.614823579788 173.477134108543 4739.41123592854 302.798223406076 14632.4953051805 356.400545150042 225.176579862833 1672.21128535271 4210.3832154274 627.006046175957 695.17526870966 13.8517019748688 13.7737318277359 91.8146464526653 233.65195786953 0 662.737678557634 93.5473027229309 396.17966902256 91.297438532114 1151.74003261328 33.6079457104206 9.41986936330795 47.6350762248039 0 23.2470101714134 9.84874194860458 35.0472871661186 0.560097217559814 0 18.1895099282265 5.55774787068367 8.42098620533943 91.3225113749504 0 57.6975376307964 217.209081143141 29.6146551668644 247.593286842108 183.593529373407 4.16765001416206 72.0213803648949 2.89810112118721 54.4249979257584 9.67265066504478 21.2077539563179 0 0.815727770328522 6.23836064338684 88.9095221161842 54.8611820936203 13.0923216640949 28.7689348161221 491.698232799768 2.44437530636787 23.6745022833347 46.7135843336582 588.307713389397 69.7061569988728 72.1276188790798 0 0 7.38346475362778 27.3242272436619 0
276.64978402853 13.5459085404873 430.535580188036 9166.08738833666 44.3433320820332 20112.0677990019 18371.175331533 6153.70434814692 1180.34588739276 0 96.6003248393536 18308.1318084002 22.7903601229191 3453.48306152225 408.351373970509 63.3243868649006 50.9041075706482 9.62911680340767 46.8250112831593 23588.3622716069 308.987444460392 49.3970211744308 704.238328933716 2392.43688207865 19.4555080533028 186.215025991201 404.112975388765 18794.163138628 2387.96272753179 139.609882831573 2.59367340803146 83.3707993030548 97.1462585926056 877.427138090134 1.04191768169403 1877.03223207593 46.096102386713 1371.1083034575 195.937659591436 1097.89112225175 256.082115709782 0 46.4477915763855 0 10.2039993703365 5.17615610361099 59.2037475705147 1.49983143806458 0 5.32786649465561 7.53503429889679 10.3682111203671 161.828387588263 2.18178516626358 113.261111319065 249.255898028612 42.9237670898438 90.0366534590721 300.843462079763 2.49178475141525 487.289447844028 0.799113214015961 35.5437773168087 11.4381642043591 9.06042152643204 0 2.58339846134186 2.865035623312 101.103994607925 12.1038417220116 6.87641641497612 23.7485217750072 450.118959009647 1.85250553488731 11.8934187293053 34.2517963945866 605.172578960657 16.8978719115257 12.7301182150841 0 0 6.32276198267937 7.33515974879265 0
45.0312332510948 327.483032673597 177.673256605864 3.1829794049263 56.5870068669319 127.297124832869 81.2771744728088 446.509681612253 63.7369522154331 96.6003248393536 0 73.352951914072 6845.77818644047 1097.65164759755 4.47394624352455 24.3878882527351 915.857767850161 6977.7880256176 6100.24623417854 27.7334919571877 76.5302857458591 100.135047823191 266.724380642176 52.3512315452099 2044.92559465766 9114.50277239084 3780.03212979436 55.0754823386669 565.417035162449 126.349688440561 1146.60539597273 133.224092334509 18.875116109848 7717.10523283482 0 305.696077376604 3967.59329020977 4956.79539605975 247.196488946676 146.205243229866 17.1325351595879 1361.18378531933 0.403898358345032 3.39122706651688 15.4839426875114 1.57347822189331 0 0 0 0 33.1536902785301 11.9353230893612 0 0 0.340778768062592 4.62857389450073 0.538778960704803 5.34127137064934 0 245.109170943499 0 298.936062663794 0 0 1.36061877012253 9.89933308959007 120.850831568241 60.9033609628677 0 1.01888504624367 7.71586775779724 5.43084174394608 6.61727872490883 189.154269397259 352.666997343302 284.437075138092 3.13045465946198 0 1.22553366422653 63.8058712184429 0 0 28.0199165344238 0
21.7111248075962 32.923635751009 15.6816035211086 4044.23803818226 107.674300968647 8410.25543153286 690.806262135506 1599.8527931869 1784.92945334315 18308.1318084002 73.352951914072 0 16.8652546107769 991.406277805567 2002.86394816637 8.90428927540779 12.846970975399 14.8259456157684 14.0636983215809 25074.3412834704 8.20311802625656 45.0065879821777 42.2885032296181 1502.69093203545 13.7020947933197 89.7379566729069 93.4352940022945 2937.27873310447 574.774707764387 9.37992960214615 4.229407787323 68.310438901186 5.4120862185955 338.023401081562 0 576.88862362504 7.09418883919716 435.723186373711 33.4922533631325 3816.46569022536 168.795399755239 2.67320144176483 19.7940294742584 0 9.29347836971283 0.665562987327576 44.8703640699387 1.42606377601624 0 1.56968742609024 0.740338802337646 1.4196845293045 58.5650978684425 0 59.5060333907604 53.261064440012 23.3174706697464 29.4459444284439 213.75219219923 1.73090136051178 1051.36741515994 1.43626725673676 13.393915951252 1.09952056407928 1.37628084421158 0 1.76299500465393 1.04443800449371 120.985230118036 0.459951490163803 1.33029353618622 4.38735169172287 112.405020147562 0.858270108699799 5.65184664726257 4.45486018061638 114.094233632088 5.20449247956276 0 0 0 0.464337825775146 4.8597569167614 3.19305431842804
6.76485475897789 529.067383855581 41.5528110265732 0.340609222650528 11.0556445717812 28.155185520649 11.3170497119427 82.0649407505989 127.633661597967 22.7903601229191 6845.77818644047 16.8652546107769 0 166.05869102478 3.49084174633026 11.2971159517765 37.2930194139481 256.138022392988 173.545721918344 9.6166213452816 10.0445834100246 160.907138139009 30.5418102443218 52.7500348687172 4676.41214063764 2688.77592137456 9209.97193267941 8.83340111374855 61.3979788720608 9.85715827345848 3619.26741015911 26.2562059164047 0.833455204963684 791.063834190369 0 158.852380156517 3282.36625832319 1592.41569551826 142.179181158543 49.271834820509 118.898151218891 944.361799061298 3.13831317424774 6.78177231550217 10.5142104625702 0 0 0 0 0 29.985671967268 6.29381993412971 0 0 1.28280377388 0 0 5.93683704733849 1.76172959804535 221.721482157707 0 301.089325964451 0.297332674264908 0 0 7.30417597293854 75.5842259526253 36.676940202713 0 0.310094267129898 4.33209580183029 1.22602689266205 3.32215201854706 170.163769245148 261.240859925747 192.923010766506 1.77841919660568 0 0 60.6569841504097 0 0 20.4619590342045 0
11424.5945091844 63.1645346283913 931.137896969914 141.557607084513 151.881300747395 1660.35835599899 13741.2304290533 17555.0868536234 338.175121068954 3453.48306152225 1097.65164759755 991.406277805567 166.05869102478 0 138.23167142272 49.0039101243019 763.630307793617 194.614585638046 431.485007971525 371.146975725889 931.078124195337 126.255094081163 1874.13191893697 547.873805969954 111.573771476746 1306.22052104771 976.093777745962 1972.4923633039 10678.6754951924 2913.84318950772 38.8943963646889 1123.47815322876 127.159926742315 2917.07610681653 0 1753.3692959547 187.192786097527 1880.9512348175 269.408218324184 2493.4300160408 702.473149836063 19.7692576050758 21.401035130024 0 9.12227022647858 10.0924678444862 0 0 0 10.2748717665672 5.07122051715851 18.8029511272907 5.24409079551697 0 11.8038644790649 81.6766650676727 14.1545667946339 31.3962449133396 23.9179988801479 12.6334229111671 16.8291825056076 8.98801749944687 16.2919943034649 0.680655777454376 11.029203414917 0.515758872032166 7.2085046172142 10.7058235108852 1.03998327255249 25.2835921049118 3.7313506603241 23.2231967747211 126.068390250206 11.4086644053459 51.4622369110584 108.727804124355 178.315330266953 21.0354800224304 27.2840759754181 0.868412613868713 0 5.53871601819992 16.5939686894417 0
3.42030009627342 69.2703747749329 7.18972855806351 128.50431907177 1184.34376674891 4747.46233728528 156.686371952295 1414.16380563378 906.617967903614 408.351373970509 4.47394624352455 2002.86394816637 3.49084174633026 138.23167142272 0 3.07940208911896 7.64632573723793 2.89778506755829 3.28550505638123 221.89075922966 5.28374755382538 89.0155097544193 14.2677548229694 803.93495196104 16.120702624321 16.9683567136526 86.9878016710281 282.648374468088 89.4647649824619 5.71466171741486 0 332.921944141388 2.88994556665421 75.7855871319771 0 221.264022916555 6.52514597773552 58.1640047729015 5.5287894308567 7445.56105041504 91.8241482377052 1.68847715854645 4.94620469212532 0 0 0 3.53004556894302 0 0 0 0 2.0309701859951 6.37159562110901 0 3.70640915632248 10.4744102358818 1.71928805112839 1.86122593283653 16.7984418570995 0 8.4613444507122 0 0.441839963197708 1.46516716480255 1.02124637365341 0 0 0 10.9932364821434 1.46947950124741 0 2.11163014173508 10.0826363861561 0 1.17009878158569 0.422691285610199 20.7786373794079 0.819600850343704 0.538996696472168 0 0 0 0 0
21.8704486489296 199.64973282814 140.165116816759 11.6926066577435 0.596685349941254 32.8057648539543 318.07068285346 33.9069818854332 97.2799116969109 63.3243868649006 24.3878882527351 8.90428927540779 11.2971159517765 49.0039101243019 3.07940208911896 0 128.949885934591 5.39101365208626 27.3288244903088 4.57745763659477 14879.4089525938 5348.7944086194 23485.9903131425 2956.12734830379 17.7408892214298 123.760663628578 12378.0825446844 3343.19550094008 179.269981056452 486.859593719244 3.29621228575706 1.80096048116684 78.6204248964787 676.267605990171 0 2512.91216361523 597.826865643263 1271.84642389417 886.840339541435 131.103866308928 8.34034377336502 0 231.46588242054 22.6523502767086 96.9237749874592 55.7398272156715 0.918209373950958 0 0 14.7569860816002 3.55007648468018 89.8326912224293 0.652580976486206 1.54645526409149 8.61846649646759 71.1532019376755 5.45643758773804 10.9950363636017 13.9603607654572 1.22238314151764 0 1.45481014251709 23.2904425859451 0 1251.3462818563 16.0261011719704 1.02673900127411 3.84253624081612 3.88307192921638 619.644113391638 288.987392991781 1844.12172761559 208.021585553885 3.21404877305031 24.3434840738773 700.601908147335 306.301093429327 53.5885989069939 186.412715435028 0 0 17.4647043943405 75.0760537087917 0
273.13343578577 913.954534709454 4426.31159994006 1.99966964125633 4.4445925951004 76.799456268549 469.509443461895 371.154379397631 101.909424722195 50.9041075706482 915.857767850161 12.846970975399 37.2930194139481 763.630307793617 7.64632573723793 128.949885934591 0 433.496125161648 10690.3936407268 2.06197708845139 1895.63773846626 307.004872411489 8875.27046832442 117.805947750807 87.2410408258438 5502.43317577243 6728.40829503536 264.834300547838 763.828996062279 1504.33127108216 7.74309486150742 15.1302916407585 92.5798100531101 2914.99494615197 0 602.678867161274 555.228867441416 1845.58652275801 314.715327858925 61.7780426442623 4.85107606649399 5.38102099299431 4.44739627838135 0 8.2142661511898 1.46437168121338 1.14354535937309 0 0 2.43740344047546 125.117888480425 216.522250324488 1.30024898052216 0 0.441781282424927 12.1665105521679 1.23274087905884 0 0.413706660270691 10.078824698925 0.814969390630722 19.7278769612312 0 0 14.5756078660488 46.3088845610619 10.17896682024 95.3483220040798 1.30945467948914 11.7979959845543 34.0745994448662 67.7198902964592 12.2772375941277 32.0155221521854 505.963708370924 877.786944627762 27.3709724247456 0.421843886375427 4.74199125170708 0 0 0 50.6236043572426 0
13.812608897686 58.7606438398361 82.9901958703995 0.919590890407562 4.93941444158554 23.1916309297085 23.0663588345051 74.1912030279636 12.3653886914253 9.62911680340767 6977.7880256176 14.8259456157684 256.138022392988 194.614585638046 2.89778506755829 5.39101365208626 433.496125161648 0 4378.39680600166 0.614547610282898 33.4563314914703 17.882788002491 141.711423367262 9.94976800680161 530.590046495199 5929.44566047192 1279.50138735771 10.9207298457623 132.716757267714 49.6773772537708 131.139351129532 18.4487270116806 4.00825446844101 543.466461241245 0 146.210315197706 458.185431838036 888.849669039249 115.048789769411 26.9366946220398 1.08748853206635 24.9218175411224 1.53974401950836 2.97982853651047 5.45752274990082 0 0 0 0 0 13.2183221578598 1.56752043962479 0.466542989015579 0 1.18155109882355 0 0 2.40641903877258 0 113.590409904718 1.45507979393005 164.69961515069 0 0 1.57856959104538 0.698464870452881 82.5836922824383 33.3083652853966 0 0.437725156545639 5.11069846153259 5.67889049649239 1.53783094882965 92.5397989153862 270.09118488431 215.733980417252 3.44504341483116 0 0.562103629112244 32.1791995167732 0 0 20.8321485817432 0
60.3897207379341 301.026891082525 399.158962488174 2.57163268327713 16.3858399391174 46.0209401845932 108.862261265516 169.570790976286 52.3716213107109 46.8250112831593 6100.24623417854 14.0636983215809 173.545721918344 431.485007971525 3.28550505638123 27.3288244903088 10690.3936407268 4378.39680600166 0 11.9071398377419 260.926663398743 98.4969608783722 785.787227660418 46.3555848300457 605.001173973083 6251.82203990221 3590.47624975443 63.627898812294 367.276038080454 277.990879863501 39.0369376242161 29.1116319000721 35.3374233543873 2089.29539060593 0 385.168391048908 484.708366900682 1513.45554423332 230.748167574406 41.1742026805878 9.53571137785912 12.0811219215393 0.387195289134979 0.988506376743317 8.69951093196869 2.56581473350525 0 0 0 0 52.4823427498341 34.2642244398594 0 0 0 1.67579716444016 0 5.46886187791824 0 77.1339647471905 1.30069804191589 89.2958685159683 0 0 6.94152694940567 25.7208630442619 99.6888614594936 123.976269811392 0 3.05808791518211 5.54608714580536 14.5236699879169 4.49679979681969 82.2535629868507 475.091964870691 536.116252481937 5.57261523604393 0 0.954858958721161 20.27939671278 0 0 39.1970261931419 0
28.2783673405647 0.427167356014252 22.0570170879364 34302.5604265034 23.0683679580688 1239.21031969786 212.080054998398 570.9743694067 539.614823579788 23588.3622716069 27.7334919571877 25074.3412834704 9.6166213452816 371.146975725889 221.89075922966 4.57745763659477 2.06197708845139 0.614547610282898 11.9071398377419 0 11.5269117951393 5.67329657077789 27.8867634236813 1766.15365788341 2.08207800984383 23.8175044059753 62.2347119450569 8127.31524816155 301.218337029219 10.5003182291985 0 17.5442418456078 11.291698127985 132.206388115883 0 276.826204687357 7.09950065612793 189.367243230343 16.9360365569592 474.460894465446 49.6104736030102 0 16.6065518856049 0 4.25607949495316 1.51248097419739 20.2187034487724 0 0 0 1.29499042034149 1.51156890392303 129.571628093719 0 41.0433379709721 64.0781290233135 6.77890843153 29.2743905484676 116.202843278646 0 223.085253059864 0 11.0718030929565 2.29246258735657 2.29437893629074 0 0 0 36.2813985943794 2.28199261426926 0.462874561548233 3.81795039772987 176.069338142872 0 3.06043526530266 5.66327986121178 197.484355449677 6.45049574971199 2.0392404794693 0 0 0 3.23382127285004 0
353.668787509203 80.5840121209621 2282.3535566926 5.55290240049362 1.51839524507523 242.051829248667 2486.82518425584 702.831992894411 173.477134108543 308.987444460392 76.5302857458591 8.20311802625656 10.0445834100246 931.078124195337 5.28374755382538 14879.4089525938 1895.63773846626 33.4563314914703 260.926663398743 11.5269117951393 0 1794.71972668171 30625.6364396811 1232.68440589309 20.0626476705074 573.338967680931 2039.03925865889 13027.4035099447 1296.92927834392 20085.7564091384 2.07522183656693 10.6495133340359 439.41802573204 6181.38840946555 2.29846602678299 6755.85961049795 588.984325766563 4927.87983158231 2242.07812863588 452.813630878925 43.4580895006657 8.92829829454422 185.948461264372 9.36300471425056 84.2985894978046 50.0690501928329 2.23106780648232 0.422229379415512 0 31.9719826281071 17.3844641447067 47.6466761827469 1.07223916053772 0 9.69529291987419 104.859803259373 6.56935235857964 17.4816874563694 14.7288942039013 2.308449447155 2.82263705134392 3.19946449995041 34.0813284218311 0 599.985412448645 10.6069391965866 2.35144299268723 5.92626136541367 2.57575511932373 764.534241229296 141.573567211628 544.644263833761 342.865572541952 1.70483124256134 33.3405427932739 219.65577852726 499.803693622351 104.212254732847 348.338650554419 0 0 33.2974508404732 87.2622771263123 0
44.2741225361824 3016.59351378679 685.799703359604 18.2186763882637 1.37162959575653 32.3832081258297 269.976835548878 67.4682922661304 4739.41123592854 49.3970211744308 100.135047823191 45.0065879821777 160.907138139009 126.255094081163 89.0155097544193 5348.7944086194 307.004872411489 17.882788002491 98.4969608783722 5.67329657077789 1794.71972668171 0 4361.23766496778 7942.40476581454 594.965188503265 398.294707924128 7208.71247157454 1423.90049517155 356.798329114914 1208.10830879211 8.86418974399567 3.62433671951294 134.751481831074 579.610690832138 0 1816.24668592215 582.37976616621 1264.09462347627 668.144092619419 276.983889073133 17.1393210887909 16.9243902862072 82.9327827990055 7.50238519906998 39.6460063457489 27.8026546239853 4.2319051027298 0.928151369094849 0 14.6282889544964 35.2514553070068 171.282862216234 2.01757282018661 0 3.10414206981659 65.4486846923828 5.71866685152054 14.5939068496227 4.09019628167152 11.9205961227417 2.7459708750248 6.24365440011024 23.2823357582092 0 401.077892661095 11.9533737897873 0.447305828332901 7.05027216672897 7.48616752028465 303.437019348145 199.370359003544 480.260176539421 175.370766460896 2.45379599928856 46.9105354547501 598.184211701155 238.637628555298 46.0855840742588 129.973828613758 0 0 12.8063574433327 53.4190326333046 0
628.09517788887 404.057226657867 22546.6868561208 30.9605682194233 4.3671583533287 528.036231994629 4677.73481714725 1399.6096945107 302.798223406076 704.238328933716 266.724380642176 42.2885032296181 30.5418102443218 1874.13191893697 14.2677548229694 23485.9903131425 8875.27046832442 141.711423367262 785.787227660418 27.8867634236813 30625.6364396811 4361.23766496778 0 2012.31929934025 27.9141792356968 2874.72104009986 24011.4714953601 10385.8342186511 1629.08695286512 7299.15034073591 8.19486331939697 8.76998734474182 342.508025467396 5979.92741575837 0 13783.949483633 4238.5799548924 10351.4851618409 6210.73609799147 978.57400855422 35.225368976593 13.973909676075 252.549587488174 28.7507834136486 126.474249780178 80.1053851246834 3.41624140739441 0.875080049037933 0 20.0197121798992 98.1150325536728 810.139137595892 3.3071668446064 0 11.0634316504002 186.564747035503 23.6695506572723 26.268118172884 26.6803783178329 1.61644071340561 5.23167261481285 8.58133301138878 51.5870294570923 0.323325604200363 2225.99944758415 61.9754522442818 3.08360347151756 20.811895608902 5.87340232729912 616.925774097443 511.231053084135 3551.0715200901 325.455041468143 6.96652457118034 165.152568429708 3398.34764021635 440.771611511707 58.1905691027641 253.76707187295 2.64817142486572 0 12.3239657282829 112.819852471352 0
149.540514647961 997.736849546432 252.626748174429 3381.06508147717 23.5544373989105 813.682163447142 3447.23336988688 409.033438026905 14632.4953051805 2392.43688207865 52.3512315452099 1502.69093203545 52.7500348687172 547.873805969954 803.93495196104 2956.12734830379 117.805947750807 9.94976800680161 46.3555848300457 1766.15365788341 1232.68440589309 7942.40476581454 2012.31929934025 0 167.896365404129 284.688860923052 3930.51616865396 30852.0294486284 1225.46881213784 966.488610804081 6.91864296793938 12.8406022489071 319.349877029657 624.795896977186 0 1936.25540941954 119.770138382912 1043.43800115585 329.6675362885 1135.51297384501 60.7029268145561 3.01597586274147 267.60820582509 1.0786737203598 141.527922213078 58.6408553719521 122.61870187521 1.41504669189453 0 104.470855712891 13.3216739296913 34.2337558567524 260.935988426208 0.751543879508972 219.605502814054 1092.74659961462 169.247777402401 331.334745705128 595.617715626955 0.461068898439407 188.470715999603 5.32853484153748 191.10674059391 27.039883852005 233.278796374798 5.0236594080925 1.07654225826263 3.59405806660652 220.366354942322 460.947141647339 118.709652245045 240.908573746681 2068.59222379327 0.915071487426758 25.6891444921494 151.701212286949 2630.49038296938 318.302988320589 374.128285527229 1.32156527042389 1.05927741527557 52.3981734514236 116.506203979254 0
1.80544552206993 1966.20989504457 37.0170525610447 1.71622741222382 4.30231362581253 13.0657436549664 11.3305483460426 42.1263778209686 356.400545150042 19.4555080533028 2044.92559465766 13.7020947933197 4676.41214063764 111.573771476746 16.120702624321 17.7408892214298 87.2410408258438 530.590046495199 605.001173973083 2.08207800984383 20.0626476705074 594.965188503265 27.9141792356968 167.896365404129 0 2790.71117460728 6136.36781781912 16.630049943924 64.7554430365562 7.14464882016182 251.822582960129 9.27746504545212 2.16747945547104 446.135690748692 0 189.342814952135 1246.9791353941 947.119678616524 108.499501347542 37.8348582983017 0 293.728245556355 0 5.9755032658577 22.8248395323753 1.84581637382507 0.978275656700134 0 0.945020198822021 0 56.227233082056 13.5630738437176 0 0 0 0 0 7.79884254932404 0.4250847697258 323.1756529212 2.55826860666275 504.285199224949 0 0 0.558412790298462 11.145091354847 155.708098649979 72.9125332534313 0 1.01812613010406 18.0877958536148 0 4.74652227759361 524.994259923697 495.841862082481 442.424777269363 0.58513480424881 0 0 74.3510788083076 0 0 39.9967549145222 0
167.026014566422 1584.42645436525 13414.6192978621 14.2717651426792 32.0406859517097 202.145898595452 544.890763193369 738.561546444893 225.176579862833 186.215025991201 9114.50277239084 89.7379566729069 2688.77592137456 1306.22052104771 16.9683567136526 123.760663628578 5502.43317577243 5929.44566047192 6251.82203990221 23.8175044059753 573.338967680931 398.294707924128 2874.72104009986 284.688860923052 2790.71117460728 0 33367.6862603426 337.632710576057 842.501224935055 515.791402727365 2050.2798756361 74.6350091099739 53.1754684746265 3485.50390213728 0 2748.1922005415 3255.01713988185 6029.74046051502 1256.37791669369 170.382899746299 29.9390563368797 74.581144541502 10.6778960227966 5.75482857227325 55.7649576961994 5.8231959939003 0 0 1.66484522819519 0.554526627063751 331.429525434971 188.140259474516 0 0 2.42178446054459 8.49949681758881 2.51155313849449 14.8783804476261 2.60690373182297 501.119782656431 0.751023471355438 701.594206154346 5.49415481090546 1.58523607254028 14.5258830189705 164.275375038385 547.387078464031 838.527920544147 1.05785226821899 11.4213382303715 32.1348759829998 58.8712891638279 27.3405241966248 590.451230943203 3324.70671477914 3308.54172956944 23.5082975625992 1.77239057421684 10.897070646286 155.427107900381 0 0 253.993732273579 0
120.681930869818 10321.5184298158 14788.0228324234 66.5784239172935 30.880215883255 266.295271813869 1400.9501491785 493.07467636466 1672.21128535271 404.112975388765 3780.03212979436 93.4352940022945 9209.97193267941 976.093777745962 86.9878016710281 12378.0825446844 6728.40829503536 1279.50138735771 3590.47624975443 62.2347119450569 2039.03925865889 7208.71247157454 24011.4714953601 3930.51616865396 6136.36781781912 33367.6862603426 0 3303.53118860722 721.584425419569 655.213767826557 3516.42800596356 78.5328585803509 101.436457008123 5029.68839737773 0 11046.885643214 6112.598374933 12270.9829978943 4699.71991685033 735.674022644758 26.7861717045307 96.2193473279476 95.7448062896729 15.6280935406685 91.2936741113663 19.0514275729656 7.79999959468842 0 0 10.7762320041656 940.367796719074 2558.05519741774 2.8218389749527 0 20.5604546368122 164.933153867722 26.9932078719139 38.1375813186169 28.5209761857986 458.533443689346 4.31300088763237 698.266087800264 36.4884514808655 0 779.496960222721 392.219223439693 568.57135400176 931.092481970787 3.51833209395409 220.899487018585 559.190829217434 2096.01276028156 190.089075982571 607.022154927254 4219.71929967403 10152.7218786776 262.308535844088 22.8191860020161 103.260952353477 149.831368774176 0 11.3736088275909 385.863491594791 0
541.480493634939 109.599090486765 1186.53078168631 18783.1303898096 14.5271908342838 3602.37527340651 25986.9457696676 1562.28574636579 4210.3832154274 18794.163138628 55.0754823386669 2937.27873310447 8.83340111374855 1972.4923633039 282.648374468088 3343.19550094008 264.834300547838 10.9207298457623 63.627898812294 8127.31524816155 13027.4035099447 1423.90049517155 10385.8342186511 30852.0294486284 16.630049943924 337.632710576057 3303.53118860722 0 3231.12970241904 11526.5018710196 0.343734472990036 29.6700180470943 908.741849571466 2135.63403147459 0 4909.19764727354 195.876924514771 2551.23855358362 864.105679154396 918.088425755501 137.516326755285 3.08283704519272 287.989255905151 1.56476879119873 117.436480671167 66.7976837158203 89.1886606216431 2.16964471340179 0 109.060239464045 5.82660305500031 37.5091901123524 206.297276854515 0.682782471179962 216.84841889143 1082.17701715231 189.348870098591 309.745183050632 564.11376735568 0.579103171825409 178.031409174204 2.98577511310577 244.004646420479 23.1397045850754 299.909085273743 4.24732285737991 0.539497852325439 1.3425145149231 193.404153615236 505.890533834696 74.2924200296402 267.322676539421 1850.03754132986 1.06108698248863 23.1193314492702 185.369863927364 2669.29766020179 356.252552956343 480.271853506565 0 3.33070027828217 63.892884105444 118.313190102577 0
16113.4977330565 44.4453616440296 348.020878523588 184.006250083447 120.992612272501 749.212578445673 5272.05592039227 1558.51559321582 627.006046175957 2387.96272753179 565.417035162449 574.774707764387 61.3979788720608 10678.6754951924 89.4647649824619 179.269981056452 763.828996062279 132.716757267714 367.276038080454 301.218337029219 1296.92927834392 356.798329114914 1629.08695286512 1225.46881213784 64.7554430365562 842.501224935055 721.584425419569 3231.12970241904 0 7594.6546266973 10.4097420573235 2747.87958681583 13803.9210352302 5460.84528550506 0 2871.85856994987 117.489531934261 2938.42119805515 343.606339991093 881.653594642878 666.363955497742 8.35633760690689 34.0503359138966 0 26.4042564034462 11.9457583427429 2.79651319980621 0 0 16.2246073782444 7.64306750893593 24.4553864002228 7.67713949084282 0 20.9356432557106 137.32023280859 20.5874508619308 45.944304972887 25.455350458622 3.35212844610214 16.1944849491119 1.37657654285431 31.5956523418427 1.64167827367783 60.7853491902351 5.79304993152618 2.62990522384644 3.32411527633667 7.46073418855667 112.472776323557 17.5866438448429 49.1181965470314 255.014892160892 6.86865943670273 44.0671185851097 72.5037409961224 316.475876271725 61.0037958323956 69.5109257996082 2.97741317749023 0.425190478563309 9.95738345384598 29.9094650149345 0
3159.52114379406 46.0434828400612 617.797787159681 15.163192898035 1.72786730527878 156.67215283215 8737.47500446439 1159.15226826072 695.17526870966 139.609882831573 126.349688440561 9.37992960214615 9.85715827345848 2913.84318950772 5.71466171741486 486.859593719244 1504.33127108216 49.6773772537708 277.990879863501 10.5003182291985 20085.7564091384 1208.10830879211 7299.15034073591 966.488610804081 7.14464882016182 515.791402727365 655.213767826557 11526.5018710196 7594.6546266973 0 2.28074365854263 11.635851919651 748.550241410732 4951.84729027748 0.973943948745728 2020.94695213437 152.156626373529 2092.86908125877 664.626909285784 204.620413839817 39.8820289373398 7.04123252630234 133.873395979404 3.27282950282097 54.1343449354172 24.9152492880821 0.904095411300659 0 0 40.0534460544586 5.01983499526978 13.5749598443508 6.75844895839691 0.622119843959808 7.12695172429085 195.246711909771 20.2109834253788 46.7483738958836 10.5285318493843 0.720612585544586 1.25065982341766 3.77003228664398 60.4503341317177 1.28442537784576 218.732863843441 3.48022639751434 0 1.88023611903191 1.5982072353363 385.872542411089 68.8754576146603 186.993425667286 364.150883406401 0.987709164619446 25.5931859016418 104.968284338713 639.016316652298 124.680628627539 216.694575577974 0 0 10.8357716202736 47.9106757342815 0
1.82742840051651 34.0888010561466 10.2421581447124 0 2.44868004322052 2.78829488158226 2.40898191928864 18.9779860973358 13.8517019748688 2.59367340803146 1146.60539597273 4.229407787323 3619.26741015911 38.8943963646889 0 3.29621228575706 7.74309486150742 131.139351129532 39.0369376242161 0 2.07522183656693 8.86418974399567 8.19486331939697 6.91864296793938 251.822582960129 2050.2798756361 3516.42800596356 0.343734472990036 10.4097420573235 2.28074365854263 0 3.39327472448349 0.364607900381088 103.957419931889 0 26.2981925010681 181.425321131945 201.155930250883 13.8324078917503 3.19106221199036 0 18.1935819089413 1.28460645675659 1.22873103618622 2.94070827960968 0 0 0 0 0 2.365358710289 0.750417530536652 0 0 0 0.392809987068176 0 2.58229896426201 0 31.1116762459278 0 55.2015260457993 0 0 0 0.484999418258667 21.794055044651 1.98371863365173 0 0.758626341819763 4.00632923841476 0.694462895393372 0 35.5370130240917 46.4363668262959 44.1166402101517 0 0 0 16.8353272676468 0 0 4.83987954258919 0
17.7178412377834 4.52356350421906 13.9718210995197 9.92650493979454 2122.85867667198 1519.75176030397 38.6878203749657 1107.35153445601 13.7737318277359 83.3707993030548 133.224092334509 68.310438901186 26.2562059164047 1123.47815322876 332.921944141388 1.80096048116684 15.1302916407585 18.4487270116806 29.1116319000721 17.5442418456078 10.6495133340359 3.62433671951294 8.76998734474182 12.8406022489071 9.27746504545212 74.6350091099739 78.5328585803509 29.6700180470943 2747.87958681583 11.635851919651 3.39327472448349 0 2.938756108284 2584.54261636734 0 116.950963795185 26.4782807826996 395.153990536928 36.6542697846889 674.867218226194 1929.90074512362 1.81658560037613 0.786702632904053 0 0 0 0 0 0 0 0.929127871990204 2.2123829126358 0 0 0 0.990266799926758 0 1.64400970935822 0 0 0 0 0.700091779232025 0 0 0 0.721321403980255 1.74197655916214 0 0.37834432721138 1.20446348190308 0.965703964233398 2.85138866305351 0 7.09931522607803 3.03421664237976 2.39075797796249 0.60212653875351 0 0 0 0 3.17836928367615 0
