0 111.061090586508 96.0787981723904 91.6355656204279 72.8022689819336 81.1436106812785 27.2469725203821 47.0063339729174 64.350164037883 73.5425042744741 103.518164852159 94.0060535426253 124.441146759332 18.7176638732891 83.9448791778933 101.172740135903 95.8792673648886 129.227359004657 112.587768024425 84.3621736598053 76.6897759010086 76.7818844166055 85.7029446505701 75.9935539123187 112.114755537636 115.21783680042 121.037556112705 74.8312610278822 19.2316375924375 33.3761939713954 124.848818503572 78.3220361468512 29.5215998440008 50.7898382805176 0 59.4795642845569 99.5407671683534 59.897637829187 70.0047680599019 47.9046897049145 58.1215920373551 105.763914724785 131.078195044498 0 171.119195119907 0 0 0 0 139.150679215677 0 183.537121807156 147.18913269043 0 160.442248278889 135.447410919961 151.482147077997 62.6961416095889 188.587964984895 0 161.563339233398 0 144.319507118732 0 121.794203257847 165.271118164062 148.841430664062 172.27571105957 0 136.002845129944 180.86686706543 153.318523779824 125.8135672049 0 162.863226556019 164.035655186333 132.838847380329 145.278048383003 132.770310886888 0 0 139.831344604492 146.256298877051 0
111.061090586508 0 42.6417174973799 135.982603884877 110.446523718579 137.059098114362 113.636234590018 116.605178450543 68.1715630747349 149.140368064323 62.5140292560164 105.198275163692 46.6731650098359 113.585522821002 96.1914823755712 61.3863717117292 55.66036601584 74.4134733620478 57.8564597860255 142.151870727539 90.5958622160049 26.0717194488635 66.7922155153645 75.1650453327498 24.6107130766804 47.1132257552707 31.9172717310581 98.5218040092309 108.250157288815 97.4909610575213 68.2325231621872 95.624807808238 92.8887792869617 58.2049712169318 0 67.3918508621248 44.9429916121772 54.2547518494827 60.3116505312394 86.0075347169107 85.1528384417085 47.8617848032375 0 0 86.6548579160008 0 146.007186889648 0 0 136.31184387207 17.7202221104848 58.2422703956374 179.26597349616 0 164.38502666938 138.526834768266 0 69.7821130736728 155.282686286906 85.3641056446678 142.282715285131 57.1900355408645 144.403070689316 106.609855651855 102.944877117308 61.3094012700059 89.0001373751567 66.8363947693903 170.186249400695 93.7117860701761 47.4246903793591 82.9782951037129 127.827619254795 44.8939884637654 58.8149027732584 55.628165805927 141.981875594297 154.667029483247 113.056684110478 92.1865653765774 0 0 69.9242002298738 0
96.0787981723904 42.6417174973799 0 119.160585580454 103.658882634547 116.501662275152 92.0964248555139 113.307963809245 98.5198283163675 111.990316835624 80.7688734421523 139.797338874277 95.7161781836651 108.618248679558 130.687161946866 88.7047666055945 44.7155070678844 79.8044848252276 65.0218943989351 133.690936102424 67.9239898137873 51.4164326083017 38.3398184553883 94.5513037951435 86.5682965973941 39.0839537924418 36.6458597495911 82.4189057806294 115.061713808569 80.853494815203 87.0186592181597 118.612474591878 101.576034308724 62.0918240708249 0 66.7734983468836 45.7849682598131 57.0317765455672 61.9537828337385 89.5445994141985 123.897108799879 82.5197648133606 142.772505366255 155.537246704102 138.003875744635 146.21498686907 175.734779713443 0 0 194.132919311523 59.5714653712462 93.9166861913441 208.498877530967 0 174.371639307557 157.543235651702 187.696367421651 123.609035048701 198.292323348452 123.068027000291 181.275799412063 120.386948345552 190.922694436365 0 125.68334145378 102.110562200068 134.685986157591 110.670175852216 164.062422037113 145.009313931924 84.7948309506395 114.398459692598 142.58774453103 100.544632394927 99.3560368299146 93.5226258963526 153.607757696122 172.331562094608 155.22268417515 118.891697845555 0 153.080293613361 100.732988519843 0
91.6355656204279 135.982603884877 119.160585580454 0 108.221224651718 60.1753660171767 59.6275303662728 94.5609568101945 57.2493638754678 24.0542600721705 134.134497227986 43.1146935552924 171.2783203125 105.297828919596 70.2941544468256 91.0246166437607 149.351555051967 170.331741333008 177.828797156977 12.4841133379762 100.308761187913 82.0015862889187 115.116634639258 27.2910182398978 134.046401977539 162.755646595353 121.846108497716 18.5506541837623 102.117496906188 91.1340774220824 0 129.797089691593 95.5394513187409 95.9328183807747 0 86.7430994720272 146.391265910616 95.489905051006 96.1732709168208 67.7383300647913 103.233051684922 152.037261962891 98.0380510451656 0 127.206268978248 154.538059135741 109.124917127287 0 0 165.537246020431 174.365219719516 0 28.9258002776168 132.635925292969 140.946046397228 133.664665898652 134.512425034831 98.0043957262815 104.470500502414 0 79.8538851638059 0 161.795158455139 114.628180476831 196.767571926594 0 0 215.709609985352 46.8620644926853 159.174362182617 134.129401724399 175.81180070026 106.882797220309 166.663330078125 213.085618025758 186.938868698775 114.986439392897 173.721536108016 155.13915570595 0 0 86.4749908447266 170.372408902642 0
72.8022689819336 110.446523718579 103.658882634547 108.221224651718 0 13.2645047033909 98.7907739953747 18.3801013799574 48.3059240896902 99.0444583610085 50.3233071351495 70.9667248789187 54.244970435669 38.4600027845968 16.0081458887436 167.691940307617 117.922557470121 79.4337780044277 76.321080338606 98.097125497781 136.604728109218 105.962173461914 142.514940190282 63.1810157490244 79.0108192113873 84.4934717137928 102.209117158988 109.720291218603 29.3109519852497 98.9244903163346 88.1888222238569 13.9784005435236 0 13.623495749928 0 63.2722903617625 80.9964893289194 31.8740264534496 39.2880626429358 13.0082154289756 9.97739430044071 44.6554608568603 0 0 0 0 0 0 0 0 0 0 0 0 0 0 209.190780639648 0 133.593246459961 119.378575975352 0 0 0 0 0 0 0 0 0 0 0 0 143.913986905295 0 115.77970123291 0 177.28309773966 0 0 0 0 179.101654052734 0 0
81.1436106812785 137.059098114362 116.501662275152 60.1753660171767 13.2645047033909 0 53.2022143485245 20.9493036190385 64.4313039908776 30.6940588870102 86.1409116990545 32.8149978833771 91.0806836826539 50.3744960533066 21.0028419852606 115.247034753755 126.906285737045 103.537217826617 110.432639364036 46.8873879206346 97.8618605410339 108.008068759435 111.662043478076 72.1140876006545 101.459055290292 126.199760361475 131.487390150201 65.8346082847914 67.9887672917434 86.8391311026126 141.206583740138 22.2657530748472 96.3932036065723 35.1970507461954 0 85.721050233141 99.5555069463139 62.8800132722981 77.6765370127565 20.8180956268365 20.5225299811892 55.7900544652923 143.197590031752 0 156.228387005091 154.266220092773 109.852119095951 0 0 156.990375077529 171.232711791992 199.601504891604 150.828898611014 0 156.194530686389 144.317357620672 156.386951281162 106.355348478181 151.836969730906 185.241744995117 78.5946109923528 145.970832212938 162.845781474799 137.668639462707 163.289847686349 0 0 166.184056129596 143.499049295689 159.981235620538 131.096498669807 185.595789460818 127.162426229853 147.564386850481 168.609030913583 179.408288614414 145.249434406999 160.190631508101 165.837393637296 0 0 152.780370933898 164.993628836206 0
27.2469725203821 113.636234590018 92.0964248555139 59.6275303662728 98.7907739953747 53.2022143485245 0 57.7443863785164 54.0340164711965 28.8993163174332 124.480136288169 58.2564126020878 153.873189758883 40.6026459286312 74.241490765976 85.8795730485662 101.711756142438 132.848559088357 121.657215649139 62.0146844072905 66.6702423094287 76.5179456556711 80.2534928538476 54.1391270695046 140.717908694305 118.315184154283 102.545426360266 40.2176543079994 59.1107847845998 30.054138526771 160.072399240229 113.354418278803 60.1840795989681 72.8688547372226 0 78.5087166842016 95.5522337554532 78.7414366067348 85.2247299553118 75.7067605276544 85.0499290297269 128.7983014849 131.170568552936 124.727540369205 140.072826599089 131.549709159282 113.461487505318 143.743240356445 0 126.989713522036 138.639663883212 158.797175890438 137.225721989256 172.950970123735 146.601225551515 123.142215701864 142.857254996864 75.9142278773305 136.756758443358 191.761812466391 125.697126591006 165.846542358398 144.329653047045 146.486310862502 136.737072112941 180.269067729554 198.923176959037 188.718053621826 125.707852004506 143.33968448336 106.520061948508 156.458835092812 109.588836542617 0 177.653095615045 155.472837354837 123.344886859633 146.049517337196 127.504215671397 0 0 136.616421960826 144.926077371885 0
47.0063339729174 116.605178450543 113.307963809245 94.5609568101945 18.3801013799574 20.9493036190385 57.7443863785164 0 82.3500405111628 50.3316560387205 72.3594799314972 73.8926452819806 77.2076713706752 22.0761350449929 32.6453636371726 130.279809940102 121.856497470817 99.7155591262886 108.059379414338 77.5285344085154 95.5068831064355 106.701399429253 107.453262546639 88.645251290504 95.2953663148033 121.11164228784 123.371467634987 88.7026491132072 48.6237711697069 74.980271004491 115.00709563128 29.9901318750578 89.8629201029565 37.5265716216756 0 84.2826729011659 90.025754660202 59.7820861521356 86.9005862424794 26.8853997599785 23.5108680646058 65.8757803040646 157.27454977165 0 158.296989720011 157.494641501044 166.812643395144 194.536865234375 0 151.484553324471 148.103582800083 168.610738020865 164.294245360486 0 175.161347351876 150.008713845491 171.441646412842 95.1169098563129 164.570598737332 137.78933116997 89.9969187596702 140.081013072187 174.204017388253 0 165.232782355557 140.837761210923 150.659603561111 171.735350776935 172.948065729186 163.186068499538 149.333084106445 168.495048108669 136.358795078537 112.363840126405 168.904927980569 163.158866556392 150.970617562287 164.528562416301 162.025874582506 0 0 185.034663194428 157.320578881322 0
64.350164037883 68.1715630747349 98.5198283163675 57.2493638754678 48.3059240896902 64.4313039908776 54.0340164711965 82.3500405111628 0 70.518070595958 130.211277581226 20.4629661180631 115.177540193692 88.6721015948895 24.3367075071514 64.8518412655799 116.115582504953 141.941002396254 127.700973480735 52.8375367259107 66.6530842625557 28.5053927858177 90.0996181972197 24.7771931772021 98.8789491014797 120.469702457687 95.9367206923456 55.8609295104061 76.7295505073676 55.1568265603815 137.12327455977 100.020890615637 62.348466193696 79.8099762286877 0 72.6385787625334 105.529678716575 91.770574806246 94.1726813773099 25.673959634876 84.4116725863097 126.472164698918 89.6406568055214 0 91.8647641818118 93.7286864477948 57.2617903716804 147.994705200195 0 80.7072857666622 96.0643332078003 137.827962360566 89.7055703143475 0 94.7324130647233 83.9991575851835 115.869654547791 17.6420159719186 89.3676624853189 159.649600165736 72.2046002771425 148.302921308197 109.253837371065 68.4269635547673 96.0612500873988 0 169.524642944336 166.053861535773 78.8841573150381 94.3022296386881 47.4529310243454 115.652631343758 64.2723931653906 114.632622811586 164.05701139517 131.626767254705 83.5848332320354 104.793815191274 81.3915296054671 0 0 93.0761028279984 99.2643855327717 0
73.5425042744741 149.140368064323 111.990316835624 24.0542600721705 99.0444583610085 30.6940588870102 28.8993163174332 50.3316560387205 70.518070595958 0 139.413643772708 25.2925539080173 147.925690335873 66.4854445124861 67.3709122920043 104.143137665302 140.147405171035 148.57933912886 149.513812467947 16.0890385529866 92.6912294546587 102.028297611829 104.830392755064 61.6923532820772 161.074179785379 149.622769419293 131.109728526133 39.2947676293579 92.0660232728953 96.0039222651147 161.839724529825 117.407293406397 87.8715611426277 91.0905589827895 102.157722473145 92.3803563243891 127.055677251389 89.0848943070193 99.136312767306 70.2831140419401 92.5131182142813 0 126.299862921888 0 176.302309133231 150.159707925787 106.512920505104 180.839736938477 0 157.09206228019 154.341149180048 167.055946625124 145.692990033898 139.977820564046 153.125456723261 143.549085821631 155.591327292939 94.6943869229629 152.515639489917 233.324431148194 38.2978800428195 208.809722900391 168.232931024525 135.277222182864 164.877727903036 0 202.926135005177 212.62357145532 142.698931752188 169.434301061239 143.603894103954 174.683972816447 124.517689927254 195.53600918979 200.728195538691 177.155539538488 145.317282949668 180.334517025409 181.69956020453 0 0 167.253773813137 183.685496340983 0
103.518164852159 62.5140292560164 80.7688734421523 134.134497227986 50.3233071351495 86.1409116990545 124.480136288169 72.3594799314972 130.211277581226 139.413643772708 0 133.300675021471 24.1287739498638 72.6155613330194 89.583912178038 128.277953853173 51.8340155637968 21.3755330644639 26.9239036860911 132.236379629683 100.007871095214 96.5577359937192 92.260544220902 140.097506757965 33.95993338881 35.3598853121988 58.8415158195272 137.935163337506 71.821270811715 103.293097221929 35.9213391228012 62.3075225445751 94.0515040085591 24.7783869097137 0 82.9300112871209 23.9960309562446 31.5997743215327 56.1564065953322 80.0485821949142 72.7552098571994 17.4181909601473 155.327239990234 88.8647714880576 100.037121093775 111.011597691086 0 0 0 0 86.2414960393814 142.469458932147 0 0 233.439697265625 210.478136749148 240.484130859375 138.318482066873 0 78.7136069429642 0 73.0419799449069 0 0 186.370972173258 115.730314946533 94.0246478220591 112.708897220699 0 195.322990486904 118.609883077811 190.39795220567 171.93863019871 60.2731713687944 97.1947087156102 104.065708712757 203.17420233797 0 194.871785526389 93.1850840256679 0 0 109.688783419522 0
94.0060535426253 105.198275163692 139.797338874277 43.1146935552924 70.9667248789187 32.8149978833771 58.2564126020878 73.8926452819806 20.4629661180631 25.2925539080173 133.300675021471 0 138.721998813691 89.7612179352712 28.5582432041956 113.875920540667 145.508578224967 156.752504117063 140.925778602331 16.4203093476164 154.216530246208 73.2801086791735 138.232957698091 35.6645843602211 143.943495800217 153.07255988095 141.324185011942 55.5573152098903 98.8651770276962 122.026062846716 168.334669315619 100.024292037921 91.7558079526149 93.274984561609 0 69.7941001265737 117.854476518075 93.1111467743363 98.0942258742962 29.1999892583208 86.2529636522179 116.21112275451 99.8614042310317 0 106.315178343435 81.4371795654297 79.7794106918513 87.5966796875 0 175.59418775718 165.588607788086 226.667819176889 79.3762823049975 0 91.1715962961744 133.655065513244 93.4516632723838 90.4317671710246 61.5612629046967 204.21614074707 17.3426148559838 145.912612915039 119.163346270826 40.1544532775879 106.841430947435 0 212.771438598633 214.588912963867 44.2210838702592 152.271896362305 96.9881286621094 180.202045235053 116.378758896153 158.072174072266 193.147617569631 187.737694111926 130.989726502562 143.658899986244 0 0 0 189.545471191406 132.434386459412 8.70160996094291
124.441146759332 46.6731650098359 95.7161781836651 171.2783203125 54.244970435669 91.0806836826539 153.873189758883 77.2076713706752 115.177540193692 147.925690335873 24.1287739498638 138.721998813691 0 83.8887878735476 102.592873701557 131.122870077833 87.8399509904834 51.7568230447282 64.0684958086116 150.05813600764 129.027434161207 80.5421776576663 115.768615210282 130.507335030274 19.3068404086075 29.2062636365715 24.2661196261583 157.644783086562 82.5413695859659 151.853274408006 11.9809661481708 65.5492838695873 100.350883483887 41.1683186617359 0 61.4624714050822 18.7576134378273 34.0432247203566 35.8626562799295 78.878122061498 15.6426032214469 16.979491093862 20.2854035030617 50.0166754403562 68.1041513488335 0 0 0 0 0 70.2820804777381 122.396965394737 0 0 184.097503662109 0 0 162.641862832207 170.337127685547 72.6008328416571 0 65.2951842174481 212.828033447266 0 0 108.415354683655 88.3038019185486 99.4248272626564 0 216.297119140625 126.070865674084 148.275073458488 181.920925118044 49.6216223642884 85.7420236068318 94.3275635650034 176.890147919243 0 0 87.2322104746472 0 0 79.1196940045364 0
18.7176638732891 113.585522821002 108.618248679558 105.297828919596 38.4600027845968 50.3744960533066 40.6026459286312 22.0761350449929 88.6721015948895 66.4854445124861 72.6155613330194 89.7612179352712 83.8887878735476 0 52.5524008729523 115.186711566955 111.495243599661 98.218461387168 96.6107781624369 91.9595726808525 91.6426219710738 97.1936193643959 103.536531779178 93.8668650658383 94.4367829287132 110.313943541389 116.075000474424 87.9899995923478 34.2106038566626 65.8343842266157 119.874605666401 26.4177273633833 59.3175613393277 46.5031179169411 0 69.5288127697002 84.2123422938742 58.9031758777185 86.0937026664132 35.1407964551741 36.7582283454593 71.2638044694444 161.73613510191 0 158.215947384275 155.241906171834 0 0 0 148.673933450039 135.247443099846 173.971367673525 190.515864419599 0 180.266175325535 154.223225328502 171.60223505564 101.492413169902 161.922057982522 142.978914169746 116.049126745196 124.655830810815 175.60360161032 185.106704711914 152.47006641144 171.879791259766 157.183816502057 155.447495759909 202.086715698242 156.050082376194 101.432632065659 176.289806036213 141.424754910723 120.889014435002 156.115541559204 155.759207067581 151.914370227227 164.475903174196 152.477243911481 209.452987670898 0 161.619307308952 167.899224092757 0
83.9448791778933 96.1914823755712 130.687161946866 70.2941544468256 16.0081458887436 21.0028419852606 74.241490765976 32.6453636371726 24.3367075071514 67.3709122920043 89.583912178038 28.5582432041956 102.592873701557 52.5524008729523 0 121.349516357023 137.628328950536 171.54530549112 134.578302599988 56.4424264708622 122.560540846121 66.8323795940195 133.898394040437 40.6821473863161 137.254791961293 140.395502873425 124.890081642493 80.5129565616454 56.720336178286 99.7963921145384 0 37.644548731955 114.044981535071 50.3271365124908 0 41.4009039477556 140.588540642743 85.3668326552824 130.299762550761 11.9412585939404 27.7827131950607 60.2580757141113 65.4088580183837 0 0 0 69.0151083812557 0 0 0 0 181.049541328878 126.787233225409 0 150.212019079731 131.266310480097 141.340843687974 101.430542954811 140.569279272069 0 82.5431533616321 0 185.262054443359 78.3089981079102 161.09462783419 0 0 0 132.128409253567 145.480005636838 0 147.364955509643 121.257800766525 0 171.665740966797 131.871459960938 119.405659167357 160.043225147231 167.396667480469 0 0 0 0 0
101.172740135903 61.3863717117292 88.7047666055945 91.0246166437607 167.691940307617 115.247034753755 85.8795730485662 130.279809940102 64.8518412655799 104.143137665302 128.277953853173 113.875920540667 131.122870077833 115.186711566955 121.349516357023 0 103.697075626429 133.032888093164 120.323236828682 106.443977062635 18.2640688994792 34.5239064132494 22.2767793088458 39.3722690791051 101.863260177827 104.651151531569 27.7893242464462 41.6365067198829 95.887858582489 74.2594244943957 180.202149157851 169.30664272655 70.6129684726284 68.374796581664 0 72.7138664136314 52.8500333271543 74.7414383678913 73.464171560785 82.892839892866 91.8961993351419 0 113.176728798811 82.0494152239898 103.910719188318 107.594323046235 143.950485229492 0 0 126.171119269137 98.2727038822885 113.384058814848 188.359802246094 193.365692138672 160.596597820503 134.074225670065 173.020646561453 94.331563237141 149.677455878164 168.481704711914 0 164.284566330614 156.105971515346 0 95.8917786084645 137.121336064807 182.191268920898 157.805734286292 147.111420845763 113.686839273605 57.273350339421 102.409150164405 106.12153388802 132.329306449759 138.12989545439 102.544502619203 118.441640033425 128.061489303541 110.844150076574 0 0 116.411354848976 99.0702186555573 0
95.8792673648886 55.66036601584 44.7155070678844 149.351555051967 117.922557470121 126.906285737045 101.711756142438 121.856497470817 116.115582504953 140.147405171035 51.8340155637968 145.508578224967 87.8399509904834 111.495243599661 137.628328950536 103.697075626429 0 50.1189973642923 16.5570171280745 152.811107615057 56.0662903349718 76.2284033349799 31.3963380643041 126.154206892342 66.2616544402064 40.1266352638161 68.0806972610637 99.296681394927 96.5760184644499 68.4654626052869 103.54628457324 94.9923728024824 88.8419058581386 37.601973842776 0 80.7022355906766 49.1700378898295 50.0275431474652 69.1297458531331 106.22285823201 116.864939784081 93.2773183264603 136.273114880539 0 126.903740290386 157.870572025342 206.272193513961 0 0 176.73496710803 68.9455491058659 110.570034515865 235.737197875977 0 200.383255004883 177.025960603312 205.338256835938 0 214.835830688477 127.203231922794 228.512718419718 110.919201699651 0 0 133.953230546531 113.061180571696 123.009699414905 115.292630271928 235.992248535156 162.153180616764 113.469209924183 138.594920430802 163.918100711906 90.0265373876492 105.61199003073 108.603944131766 174.19058174377 228.64990234375 166.862795822099 0 0 0 110.331516575161 0
129.227359004657 74.4134733620478 79.8044848252276 170.331741333008 79.4337780044277 103.537217826617 132.848559088357 99.7155591262886 141.941002396254 148.57933912886 21.3755330644639 156.752504117063 51.7568230447282 98.218461387168 171.54530549112 133.032888093164 50.1189973642923 0 19.7118084067973 166.82453918457 102.909513442147 105.144251802291 90.8934287105293 153.911939380708 44.1366803530163 25.1272033461891 62.8460003353849 158.908212745439 97.4349262068263 113.284505929893 53.1371342360563 86.884422470059 111.657316997292 54.3287385072309 0 85.7874635556249 47.9873646766042 51.7911585546456 65.0346452077099 92.5786113355043 111.948303222656 54.4465880970939 131.834457397461 109.053872811151 87.4245782515893 0 0 0 0 0 84.2360461782355 135.340696872944 243.858200073242 0 209.987747192383 0 0 194.134422317128 0 90.0498932245796 145.644149780273 80.7149093134182 0 0 180.118354336024 120.43928527832 98.05141958271 109.342098287875 0 218.905639648438 156.224433838698 153.644243237119 211.252792358398 61.4210170313917 94.9727301859425 99.0542587350341 187.67303912049 0 175.707000732422 98.14896428603 0 0 110.778243027112 0
112.587768024425 57.8564597860255 65.0218943989351 177.828797156977 76.321080338606 110.432639364036 121.657215649139 108.059379414338 127.700973480735 149.513812467947 26.9239036860911 140.925778602331 64.0684958086116 96.6107781624369 134.578302599988 120.323236828682 16.5570171280745 19.7118084067973 0 151.840882969141 85.7662908163089 91.8378953392523 65.6793322090733 140.078951276731 46.6414590105145 35.3963494522877 64.4386755914076 128.427734337824 96.5875885159318 88.2073262791686 68.2087883919742 84.8318217379622 101.57174496061 43.5380991800967 0 81.7447501844993 49.4444575004097 50.0281351045817 64.0801624144127 96.8437948077749 125.773811592097 56.972934257854 165.177032470703 115.296501159668 92.4373779558384 114.348878712854 0 0 0 0 76.9587699858732 121.572384562684 0 0 0 191.875125466703 0 148.961711398254 0 96.7192096505451 212.872650146484 91.570035093045 0 0 170.918618606139 113.869632021984 99.9772170690088 103.368730511299 0 186.926859574434 120.075124385744 143.407880561274 193.056852985757 71.8825996541792 99.3005424894231 103.890998559614 193.92872813468 0 162.280364990234 99.2662530516976 0 0 109.685171987524 0
84.3621736598053 142.151870727539 133.690936102424 12.4841133379762 98.097125497781 46.8873879206346 62.0146844072905 77.5285344085154 52.8375367259107 16.0890385529866 132.236379629683 16.4203093476164 150.05813600764 91.9595726808525 56.4424264708622 106.443977062635 152.811107615057 166.82453918457 151.840882969141 0 126.79342785487 110.41407152964 127.135354623838 28.7917523196514 174.653875482785 157.157764879025 143.869214726295 28.2110591726646 96.8872499967918 130.275520650545 0 121.353033130475 85.9599935729034 96.4177389922874 0 88.3118712643189 138.966865370812 94.8630989774887 96.3881288858053 59.5372997644273 93.1404681251692 0 86.3665496946286 0 152.879400711049 128.761474609375 92.1531938083235 0 0 0 213.690078735352 160.389739990234 89.4984963691742 0 142.263966549989 137.062399873339 145.761431005016 87.2205638963116 138.922504054628 0 40.6498965493355 0 148.101981406471 142.680988312525 160.67873482623 0 0 0 126.586638881383 181.383372914207 177.635345458984 171.023420714931 112.676200682973 0 219.942432856791 185.982351798236 130.215287306313 177.781738944769 182.298174245543 0 0 0 151.47784938794 0
76.6897759010086 90.5958622160049 67.9239898137873 100.308761187913 136.604728109218 97.8618605410339 66.6702423094287 95.5068831064355 66.6530842625557 92.6912294546587 100.007871095214 154.216530246208 129.027434161207 91.6426219710738 122.560540846121 18.2640688994792 56.0662903349718 102.909513442147 85.7662908163089 126.79342785487 0 57.7878266229431 36.9434883176497 35.585405185682 119.269665721889 96.8328849322954 80.7320905898619 25.2254073483504 78.739112664131 28.907146087617 141.421440643624 130.467291482117 69.7632512993306 44.1563656218115 151.204936293922 71.1868888683602 56.6214638992443 65.2078272166439 69.7777120558558 79.7310846127935 86.7604042770926 107.59883023671 124.654828716874 100.923775565342 126.343094137583 125.270566158415 142.249570545544 145.700378417969 0 125.424794510079 116.223186727049 133.626452392258 147.289685241973 0 165.373106132919 136.812397116331 155.534092197415 93.1672301818044 162.047153384225 190.450373841307 147.806958102304 183.80259116076 151.463737917519 0 111.812726065743 160.427863384047 206.129626170552 161.794861782381 145.149169753133 123.359531548337 74.2670322290968 121.903043229505 114.676911717276 116.177621120485 160.402898270873 132.992875093712 124.682593042646 137.706218407864 123.257841779511 0 0 124.338759612089 118.492591332166 0
76.7818844166055 26.0717194488635 51.4164326083017 82.0015862889187 105.962173461914 108.008068759435 76.5179456556711 106.701399429253 28.5053927858177 102.028297611829 96.5577359937192 73.2801086791735 80.5421776576663 97.1936193643959 66.8323795940195 34.5239064132494 76.2284033349799 105.144251802291 91.8378953392523 110.41407152964 57.7878266229431 0 54.6088968633996 34.0819731851536 59.7272025125746 82.7305374061684 40.9150040043445 58.434825484667 73.5869290341577 55.4612122511686 104.132533184078 129.738358022036 57.7454541655864 55.367307621467 0 56.84656315144 45.0136151971034 58.6390559474405 58.9937958789643 63.4069505004331 79.8892082503143 82.8123546011888 83.1428800761855 64.9317555766297 72.0350206291745 69.8728226315213 97.6823345940141 86.1589889526367 0 95.7683813961711 32.9207155827708 66.7110944152796 112.964436396774 0 144.427530184846 106.491765920454 139.91028330843 46.0957204476457 115.942687754098 119.338417077453 145.992639458594 116.323583969246 113.915483747042 0 57.5182914350428 85.0432408919309 183.450622558594 125.72280803659 116.846083547557 81.0731942381284 22.4248951748792 68.4544336402881 74.981258971363 83.5277967824774 111.170483130931 64.5262444662934 89.6227205561806 96.4652034955521 76.7691280087629 0 0 78.562311114565 80.1433470742681 0
85.7029446505701 66.7922155153645 38.3398184553883 115.116634639258 142.514940190282 111.662043478076 80.2534928538476 107.453262546639 90.0996181972197 104.830392755064 92.260544220902 138.232957698091 115.768615210282 103.536531779178 133.898394040437 22.2767793088458 31.3963380643041 90.8934287105293 65.6793322090733 127.135354623838 36.9434883176497 54.6088968633996 0 68.618186372168 100.053029519216 73.1218088365187 46.7967962101489 55.1557225237901 94.8901553776654 54.9905014354647 130.877247420265 152.026012189869 79.8568563737468 51.7564516300837 0 68.6893838394096 46.8917384100791 64.3110031794126 68.2770836680799 80.0875191036938 102.813671261001 92.5719059579343 124.969663768692 99.4351204920156 117.526551522591 122.996569067701 160.46086036936 186.640426635742 0 150.372718569344 77.6317226022612 106.642335703055 179.953589903455 0 179.190402233073 147.905867492073 172.340512908747 119.544158459313 166.453658440958 163.604617202582 175.874898080365 159.72192647432 163.933030897736 243.47639465332 103.610619656168 123.501857360102 163.621287824314 141.667918172957 168.084725852968 126.236722983802 74.3520389277514 111.336482109034 128.332836627083 140.817420355951 130.326008620987 105.240924365305 134.665359041398 154.301981806161 127.808338330959 171.384949477898 0 125.73976799354 117.536716389767 0
75.9935539123187 75.1650453327498 94.5513037951435 27.2910182398978 63.1810157490244 72.1140876006545 54.1391270695046 88.645251290504 24.7771931772021 61.6923532820772 140.097506757965 35.6645843602211 130.507335030274 93.8668650658383 40.6821473863161 39.3722690791051 126.154206892342 153.911939380708 140.078951276731 28.7917523196514 35.585405185682 34.0819731851536 68.618186372168 0 106.737403574974 123.97180453228 80.819248810204 22.2982947478603 85.0528548719409 66.9035007891586 148.349875575894 122.357130033585 70.9005965949097 80.55318823332 0 79.214976345434 97.1922455616311 87.8621694950855 88.513938721239 46.0632293427676 89.9746612702713 135.917239813003 113.497607949934 94.8192901611328 122.192661971156 121.981788766891 86.4083828976287 124.308090209961 0 116.255598410163 136.151083485435 146.277629649055 113.127099633424 101.50170135498 123.394135465021 110.521638537843 127.052484704609 51.8930440285213 117.738254694655 188.707534790039 99.0481495422268 178.510061680247 134.228627133867 95.5047679205258 106.831684337198 144.534165252368 165.403725628187 167.81410785653 105.967187482699 115.542358201606 70.5981789583738 123.933421819936 90.0063657529631 145.091983820718 163.492006755225 139.958464688461 109.685609053382 130.97983999788 111.418401688275 195.7221054122 160.263671875 116.69001980532 127.724039791962 0
112.114755537636 24.6107130766804 86.5682965973941 134.046401977539 79.0108192113873 101.459055290292 140.717908694305 95.2953663148033 98.8789491014797 161.074179785379 33.95993338881 143.943495800217 19.3068404086075 94.4367829287132 137.254791961293 101.863260177827 66.2616544402064 44.1366803530163 46.6414590105145 174.653875482785 119.269665721889 59.7272025125746 100.053029519216 106.737403574974 0 38.1894770289475 31.0750542376942 139.618114257922 87.1120314066741 131.881583748621 42.5480754045563 90.5029639369614 125.066425837115 49.0623119450797 0 75.0054231856652 27.00660081378 45.2217218011759 58.7973640773316 104.808148770252 0 26.1733165618982 0 38.8932601590577 51.8043338953169 73.1734479487179 138.074279785156 0 22.1391448974609 0 50.617553815425 101.434952938567 0 0 0 0 0 122.926777764402 175.854293823242 47.0440509160616 161.237013684744 38.9881733860212 0 0 150.169982910156 76.8122864784129 58.9200867916789 65.3223577061557 0 132.154144287109 82.8079458330033 0 152.812403675939 18.6539609535619 59.288845999839 57.6775195336402 153.469787597656 0 0 59.094074055688 0 0 68.5707360670912 0
115.21783680042 47.1132257552707 39.0839537924418 162.755646595353 84.4934717137928 126.199760361475 118.315184154283 121.11164228784 120.469702457687 149.622769419293 35.3598853121988 153.07255988095 29.2062636365715 110.313943541389 140.395502873425 104.651151531569 40.1266352638161 25.1272033461891 35.3963494522877 157.157764879025 96.8328849322954 82.7305374061684 73.1218088365187 123.97180453228 38.1894770289475 0 35.6678446295123 123.115532671366 105.222238440467 101.082288747051 22.2970153079893 94.5438820728691 109.505897126675 58.5476269751075 0 76.8230209477911 47.9421088033783 54.547405444945 64.0038794863892 106.913196266607 115.752127751799 61.5622234784139 148.512131129017 111.758619128534 110.170232337149 105.082416172147 0 0 121.151344299316 198.069961547852 63.7627375305839 109.767608176393 0 0 215.577473478724 188.664727772785 192.4042266579 154.591494264017 222.028297323384 90.1142788287442 188.194686889648 81.1101553902908 203.960311080394 200.613235473633 157.556610744173 101.391466895096 92.8995485807248 96.0025838272317 245.326019287109 159.045025624038 124.327634951755 141.429987951923 180.387170993714 62.0587103578523 89.3608073340546 91.3948796256844 177.129775094988 179.302256869731 155.881813214783 97.4612292300189 0 0 95.199871895575 0
121.037556112705 31.9172717310581 36.6458597495911 121.846108497716 102.209117158988 131.487390150201 102.545426360266 123.371467634987 95.9367206923456 131.109728526133 58.8415158195272 141.324185011942 24.2661196261583 116.075000474424 124.890081642493 27.7893242464462 68.0806972610637 62.8460003353849 64.4386755914076 143.869214726295 80.7320905898619 40.9150040043445 46.7967962101489 80.819248810204 31.0750542376942 35.6678446295123 0 81.5155827614942 113.185767805419 100.342120403993 17.8871821433551 108.663854299766 101.572881948156 68.8925612978931 0 73.1706842429607 54.0484379960986 64.6836596850742 70.0427939833081 89.9217881984391 118.136958988 71.8846590305166 136.400429590982 106.04111799092 116.335988263933 125.528355883866 165.833389407977 0 0 164.905191087119 57.2979962780861 93.1544717743438 175.191569683469 0 179.782895044897 153.845938945944 171.863770216533 134.547822010308 170.671308113221 93.7427579150596 169.0892522602 84.916846735578 172.548070286288 0 99.4321912113296 102.925243589016 95.293360957514 99.2704062249017 212.571553509617 133.14786281082 72.6993205771669 105.402754046122 137.367092358916 62.3423646720045 93.4043131168773 92.3803719047838 145.773957326178 170.732785546639 139.803926089023 101.149498327481 0 137.08717902156 100.345532828642 0
74.8312610278822 98.5218040092309 82.4189057806294 18.5506541837623 109.720291218603 65.8346082847914 40.2176543079994 88.7026491132072 55.8609295104061 39.2947676293579 137.935163337506 55.5573152098903 157.644783086562 87.9899995923478 80.5129565616454 41.6365067198829 99.296681394927 158.908212745439 128.427734337824 28.2110591726646 25.2254073483504 58.434825484667 55.1557225237901 22.2982947478603 139.618114257922 123.115532671366 81.5155827614942 0 85.3394294391893 38.0558073290923 156.226150512695 127.945554946041 69.1359459755484 68.844182506508 0 79.5012847790109 82.1799049397093 82.0576636302302 81.9580842830006 80.6188408303536 99.8607931277589 135.177198684347 127.725385263433 119.243093460511 130.612514018012 128.675896823994 113.760411807072 144.622760272979 0 126.60698628148 152.749761245434 157.799827763171 142.762279885193 146.567977905273 145.475933312593 125.143420861709 142.5984350112 77.5824861395079 141.045131533872 191.643402099609 126.438757331462 193.752774006479 145.735801329677 126.815587178132 115.872855491354 158.89889405448 197.335708618164 183.180054854868 134.886265865241 124.569554211106 93.8972303728547 139.454761168915 110.564849171866 183.136804755733 182.572826109827 149.150549573284 125.476858825679 140.458585708383 121.782865167522 0 178.868443728527 127.36156774353 133.082634152511 0
19.2316375924375 108.250157288815 115.061713808569 102.117496906188 29.3109519852497 67.9887672917434 59.1107847845998 48.6237711697069 76.7295505073676 92.0660232728953 71.821270811715 98.8651770276962 82.5413695859659 34.2106038566626 56.720336178286 95.887858582489 96.5760184644499 97.4349262068263 96.5875885159318 96.8872499967918 78.739112664131 73.5869290341577 94.8901553776654 85.0528548719409 87.1120314066741 105.222238440467 113.185767805419 85.3394294391893 0 34.275275753791 105.535234610822 13.5162221641061 16.8248460652958 34.6223278662868 0 61.8196238261568 74.7519042428997 48.6552298167143 63.6375812169146 46.906839229092 34.2712513161973 65.8752732222201 144.334032475918 0 147.281369720768 134.277807314443 176.570244820519 0 0 139.333483961378 136.80230372169 159.452294795123 167.247642144306 0 170.696286746046 146.613835296358 165.999609540222 97.3438106743472 161.335228733105 127.265834991719 148.32919178716 158.192031860352 159.39921321417 171.419635590012 130.457127415188 153.112063868161 148.969058927524 136.971163790078 165.104141311224 137.735128550798 98.8164588802477 145.521492082489 131.969736068828 103.579364915788 153.504425970926 163.120158724789 142.43485186077 156.024981699808 137.495434612146 161.481282897269 201.942504882812 145.410175852832 152.105341046259 0
33.3761939713954 97.4909610575213 80.853494815203 91.1340774220824 98.9244903163346 86.8391311026126 30.054138526771 74.980271004491 55.1568265603815 96.0039222651147 103.293097221929 122.026062846716 151.853274408006 65.8343842266157 99.7963921145384 74.2594244943957 68.4654626052869 113.284505929893 88.2073262791686 130.275520650545 28.907146087617 55.4612122511686 54.9905014354647 66.9035007891586 131.881583748621 101.082288747051 100.342120403993 38.0558073290923 34.275275753791 0 144.37716264772 113.441490150447 46.4491480033275 35.7406016418189 127.312973022461 66.4476799050865 66.5974518718669 59.5430121660445 64.2928309050386 71.2530425367546 81.5171643517081 95.3202416848533 124.868139712035 121.109239431299 127.219171720634 123.535226399374 139.812213036162 0 0 127.333261434339 106.896875199459 150.402477498854 147.538561439529 203.828964233398 153.396638250462 123.17478520098 156.559623762053 83.3408746525603 150.488677502978 153.41291809082 153.009975141354 194.069759096188 146.518471698102 111.012825012207 116.035535653095 165.891521205883 0 195.032953460375 147.864181100243 121.640991673277 77.4821735277528 127.309533646555 109.227862887272 193.510803222656 153.936690210133 142.398239049984 119.801671434482 137.043266048489 120.909937995021 0 0 127.356134019884 121.887218772807 0
124.848818503572 68.2325231621872 87.0186592181597 0 88.1888222238569 141.206583740138 160.072399240229 115.00709563128 137.12327455977 161.839724529825 35.9213391228012 168.334669315619 11.9809661481708 119.874605666401 0 180.202149157851 103.54628457324 53.1371342360563 68.2087883919742 0 141.421440643624 104.132533184078 130.877247420265 148.349875575894 42.5480754045563 22.2970153079893 17.8871821433551 156.226150512695 105.535234610822 144.37716264772 0 103.226310187571 150.933456420898 67.7000290845506 0 95.101202127018 54.4583255116881 64.0372373144633 83.4747823053081 118.505985122188 0 56.3291787672653 125.742172241211 92.3072128295898 123.280814171537 0 0 0 0 0 73.4858362311547 131.757141113281 0 0 0 211.919326782227 0 192.945855140852 0 92.3889915358074 0 81.566628673495 0 0 0 99.7138366699219 101.731126400833 136.770539657447 0 213.334396362305 135.753537982231 219.441482543945 0 65.4649918366698 98.7300767910901 105.80436335647 0 0 0 98.4091093206605 0 0 109.570665098048 0
78.3220361468512 95.624807808238 118.612474591878 129.797089691593 13.9784005435236 22.2657530748472 113.354418278803 29.9901318750578 100.020890615637 117.407293406397 62.3075225445751 100.024292037921 65.5492838695873 26.4177273633833 37.644548731955 169.30664272655 94.9923728024824 86.884422470059 84.8318217379622 121.353033130475 130.467291482117 129.738358022036 152.026012189869 122.357130033585 90.5029639369614 94.5438820728691 108.663854299766 127.945554946041 13.5162221641061 113.441490150447 103.226310187571 0 65.3874714237064 20.2186803901706 0 75.8921916003958 64.4858165954165 40.0510023405952 53.6285707976709 37.8114340352442 16.7673764142 62.5672952412136 214.255065917969 0 0 0 0 0 0 0 95.1364517211914 146.826188305199 0 0 0 168.320846557617 0 109.019660949707 0 0 0 0 204.404251098633 0 0 0 122.401992797852 133.662393655944 0 168.078323364258 189.127578735352 172.930480957031 161.799965810153 0 136.093673596736 150.048621356497 216.448677819983 215.441329956055 0 0 0 0 166.329488650653 0
