0 105.534577320011 97.0983118990231 93.1727750676806 78.7323274075443 77.5253568668467 27.0154472537782 44.4264950235526 63.6070539554739 76.1038717226156 101.465834013743 87.6399481321888 82.7854331473672 18.2760110613313 94.14791350578 93.8449831386933 97.0748430703232 123.223176978173 106.748114541011 80.8446796945401 76.0968228970185 69.6095549999335 87.1457863923 74.5500528285974 111.212011653384 116.872070723752 126.768719709443 77.0172638255583 19.4578944315696 33.5908985185907 136.667831420898 72.2254084499794 27.695608920571 51.5628233187736 108.868535487731 60.7803435037701 101.09974633505 64.6412489086626 66.9750689337963 53.9820198188184 60.1682308226957 98.1918741768966 136.774096048489 0 118.594728743415 126.861027828071 120.412963867188 135.21125793457 0 136.633879392572 180.039901733398 147.366180419922 153.004795564529 0 158.793120679046 129.209731081133 173.138805169287 105.361521844164 151.807041613757 198.521756755924 160.998629819847 152.937484741211 153.210500924089 131.105453491211 125.544222299737 143.525364135697 0 157.706436157227 135.072357177734 129.780904899386 102.59438486931 134.245250181737 113.37772559923 119.177963256836 163.146206126084 148.033351789122 127.843588960052 144.130248327228 131.255847104565 0 0 140.977172851562 144.969218099294 0
105.534577320011 0 43.7465541547391 0 125.00256248433 128.722107456364 120.213117567394 124.827257982928 66.7983986640851 140.051185193369 61.726068570149 136.110136885468 48.7741231943914 111.655265916944 98.4521314157626 67.4617594983812 57.5359836715812 75.1379809461053 62.1889694700157 0 96.5144146837586 28.9342009847732 60.6807444195364 77.4773552944652 25.9590572001313 45.5139296839779 34.7936462390437 102.619313386235 109.884271823474 92.2546852519355 65.8112079856512 90.3221746417337 108.472059552917 55.7026988262177 126.692193460407 68.1521840623939 45.3192792510694 53.7894779216385 57.5844284049889 86.5834935866596 92.9870595981549 46.7751935621667 149.623962402344 0 0 0 0 0 0 0 20.1912738408966 59.1902770581558 146.801208496094 0 190.285787339067 131.078619129065 0 141.183228531814 135.204995083431 78.0234947540532 0 63.9950647170817 135.328506469727 0 94.890262135936 47.4182408682902 106.468273301035 58.0838548182818 0 106.100069123246 35.5484610831251 88.5746310218892 125.715215247612 54.5707737988904 62.8035494696093 57.4671879574866 141.864331006134 0 90.0750122070312 135.12678527832 0 0 46.0223417535102 145.987553018002
97.0983118990231 43.7465541547391 0 125.642418783117 100.734523804012 116.403048536351 93.6085993486403 111.123654610651 89.7940571385913 112.252929533318 80.8940132814386 134.136919983066 96.7664288261819 109.680395318785 146.466367712186 76.9343282224656 45.5191582337316 80.3213577058078 65.0332957970304 113.048846747355 68.6677030973997 51.2588800205619 38.2181706230162 89.9471672652926 71.0430403385823 37.2677180532184 33.4583619698339 88.2677131961575 113.661443751589 76.3015679995516 100.748355547521 140.136000561125 99.7672490664524 61.7756769019452 125.543669816247 72.2283879290056 45.4539538764522 55.8999040687724 60.6927486772686 83.3478293592082 105.148292923823 102.288717457143 132.884607863406 0 124.343655828962 135.984197108114 175.604851193688 0 0 144.931625366211 56.9907595136977 93.6681903877651 187.710922241211 0 186.1483948366 148.055490698999 178.580834821308 132.543905206073 166.639856752249 124.08298804103 155.162208429777 134.441939927975 165.738184510978 211.594848632812 118.315763715003 81.1530342308157 138.771915676591 89.7464829860706 192.308471716938 143.174753967555 67.7782983257478 113.764729741598 138.887621206826 85.955899727129 99.3064903544148 93.7654632982811 145.423706363634 169.654317987061 157.295450333381 0 0 191.224182837993 82.1854047646054 131.898457765463
93.1727750676806 0 125.642418783117 0 94.2130749288108 56.4460714741137 61.8912496450249 93.2122520378253 59.2255311037284 25.5494797025806 137.674486772828 40.7805119883804 159.311775297736 102.829784242535 69.4069111292804 90.1052186684808 155.500501920832 0 0 12.4508672313639 103.632492523966 81.1964615704994 107.173140246834 25.1270017150708 0 151.654485101019 124.526142417172 21.7696108363708 104.517396414235 98.9290173995174 0 102.798473930135 92.1966683910297 104.026033182919 73.0176692801627 89.3580948403513 108.663201795882 102.060245220166 104.101833869962 67.3603144181323 105.956136152377 158.631118774414 129.37178780054 0 173.738788061434 151.135879516602 96.023212314115 0 0 168.21354675293 172.612060546875 0 15.6930523872846 0 133.268493109034 133.638663775992 148.091150339038 81.565045873402 71.9311945437888 0 88.3098282585592 0 146.199114256899 121.319222656212 139.262386162685 183.256774902344 0 0 45.3489196910751 132.551636086939 150.055628134069 155.559717414235 108.695320187612 0 0 178.968240395701 103.187481367326 171.087350627591 192.353759862757 0 174.801239013672 0 137.042367162102 214.441558837891
78.7323274075443 125.00256248433 100.734523804012 94.2130749288108 0 14.8874245029156 101.93472996902 17.245828422687 52.5984723726172 94.0105992022805 52.2350969386487 56.4343206843809 84.5802192059482 34.1617569529507 19.1536832909163 0 91.6392141450012 86.3760768222613 76.4010457430188 84.9811226210197 143.694061279297 100.774091643715 131.07499592013 69.3507549393728 102.624007935946 92.3482721991425 116.714493791413 112.72625319779 31.4036398218047 125.308561749784 0 12.9769600768937 0 15.8102064218834 47.4515042945404 67.3518550663562 58.5551968668717 37.0803569109995 41.8728433304958 15.9846586649167 9.09700316481 60.0993743510121 102.705618711631 0 0 67.4157867431641 83.278686616651 0 0 0 83.2564544677734 0 0 0 0 0 0 0 146.627207696006 0 122.847403594727 0 0 99.7041015625 0 0 0 125.700942993164 133.500854492188 173.859146118164 0 0 137.739838584807 0 0 180.717624602542 147.595477737664 0 0 0 0 0 0 60.347592166179
77.5253568668467 128.722107456364 116.403048536351 56.4460714741137 14.8874245029156 0 51.9372023685362 22.0843200415585 64.6428906149615 25.9994544871839 75.2562141340618 30.3260070902089 81.500764164041 43.3799825224325 20.5838781206969 114.453603947689 125.434155563009 115.926119929879 120.810678096384 44.5550866208909 100.023262914292 106.02458127746 108.290136526195 68.6341405420844 106.762999883936 130.523529739384 130.453270013756 64.9825963145174 57.4504068249429 83.8722664130521 128.885953750751 20.1850144708768 92.3664972799811 52.1037058276081 24.9578402060113 83.7409582487974 96.7373095011618 66.4784796489025 78.4194416864104 21.7138865273504 25.2596905250743 61.761286971062 144.860567113242 0 165.727254721501 154.154669618819 134.829281969243 157.919710934574 0 131.43379527926 161.176672298473 171.285264648788 135.699091702167 185.960830688477 148.350527671286 142.534994030715 154.717391003676 90.1813040231975 147.23628628847 161.16535949707 101.831938458016 0 160.464633989944 127.106881361133 155.365864073055 168.931986150968 0 190.501159667969 135.909672239183 177.326260956348 133.19977019835 181.259973097214 125.389775407215 177.470525964849 168.690809201357 173.53327365475 137.689759064727 161.274865897962 165.281049994177 0 0 163.334488622809 165.158517876922 193.167766151948
27.0154472537782 120.213117567394 93.6085993486403 61.8912496450249 101.93472996902 51.9372023685362 0 56.9145670282076 57.177123406468 31.4922458773758 122.524696265802 55.8708880138726 121.348377259642 42.811628487054 76.3602323883058 92.3655846496402 101.470167668292 141.320608561066 119.583531906465 60.5005047930669 70.5775833701542 77.7136114136465 80.9454910775098 53.0591421945329 145.04552584643 123.573947479684 107.604490734357 39.660853144203 64.9563805697118 35.468439154581 0 113.645392769742 62.8119588414627 75.4486243118416 122.301266298868 78.7694458977468 94.0561534008949 81.5775444412237 86.6688487214339 78.9683287536453 86.3610429713728 118.937772264787 135.220944480972 0 141.501252256476 145.657752566753 131.312914958089 151.481485538181 0 117.196535320973 146.61915505062 160.405827635694 136.370687331322 163.62223815918 139.665622376391 123.7558885388 140.642698189175 79.1594471972285 134.368503707331 224.915355431685 131.501358823935 0 143.1524035592 126.528184265058 136.04946970638 157.594661082935 204.851364135742 222.323150634766 123.2389059847 143.590057078103 103.204282205972 144.747727606305 110.085411001996 229.685623168945 174.327623428843 158.133074089494 121.235618055358 147.403044282283 131.712441930369 0 170.142584658116 132.310038434751 134.639464173166 157.729826044357
44.4264950235526 124.827257982928 111.123654610651 93.2122520378253 17.245828422687 22.0843200415585 56.9145670282076 0 77.5443526607453 46.8135992878677 64.8610104815643 68.6039338298063 83.3234920254771 20.8890919526862 36.0280589933543 124.156555257476 117.872837351711 101.998058212046 107.396331229316 76.0916500013779 95.1481192139005 102.038521110222 105.52705583802 86.832943849594 90.5613848680381 111.05821137866 118.899377641569 86.4013029107834 38.997238899013 75.3852104617462 117.909458044073 32.9804928268813 93.1173615576932 44.7686982956199 92.9416179602368 82.0517410391107 79.2521108211983 62.6739665200054 76.411866824699 27.50518995728 25.3273017507858 61.4671552561505 157.055670256473 0 164.762606224511 155.497844637611 87.8810424804688 156.241180419922 0 150.656516940956 145.295501708984 169.022809771798 159.749769901075 0 159.986438168046 145.771283185935 155.109993917367 123.971475094466 161.213661223804 172.86341004401 98.5311696297161 125.205242160253 161.289630887246 151.822143285038 151.066138307875 154.244796838887 168.087552409689 145.800299161613 143.655733425399 150.583437725851 143.855279006664 174.134398108948 136.675010759824 135.370432291773 146.362099029066 152.310965770896 145.241205321656 162.713674574724 149.549434067049 0 0 161.281206724218 161.974266440285 156.775218192954
63.6070539554739 66.7983986640851 89.7940571385913 59.2255311037284 52.5984723726172 64.6428906149615 57.177123406468 77.5443526607453 0 70.1469289223199 129.225167993475 24.6814799189348 115.807663198065 83.3258140340371 23.0045112975039 57.9357225110547 117.334780103869 140.810401919897 120.035898799032 51.9157737878238 72.1943146247989 25.2902865137737 88.8990813437582 25.1495829869634 96.0806864045872 114.865786996649 95.1240906695581 56.4361101289505 75.6767571308642 56.3017965743317 134.188484073813 91.3448530245069 62.4184097633888 77.7350906452481 122.142297073559 67.4387928342206 98.8390258886348 86.8758499903405 88.3071522716327 19.8388460481846 86.2903194142625 116.216026203992 89.8579274467321 0 98.7082050946205 98.9039020737088 54.9967275839214 77.2626113891602 0 78.2840302491215 103.48902726983 124.054659116168 87.1054588979762 80.5995813841928 94.6656941666099 78.2350127196241 106.063139606009 18.3522818653568 85.9695068683356 145.150939941406 67.785149950997 138.614353117107 101.075221545292 62.4116339575001 101.400605665747 128.425759472416 156.025640591795 131.026969808018 75.141262118706 88.6104653336442 48.2994493962332 118.423136713907 49.522506253843 128.871807802474 147.325918799944 128.567033655781 75.6234209543105 92.2465434601615 82.2246369478788 0 144.943923950195 87.7431483082663 84.1419944600655 145.813945757815
76.1038717226156 140.051185193369 112.252929533318 25.5494797025806 94.0105992022805 25.9994544871839 31.4922458773758 46.8135992878677 70.1469289223199 0 129.215630097143 20.0045817522886 146.243628947437 64.0841978195792 70.473887034861 108.63584426996 132.53898365749 154.702736553286 147.788662417585 15.0710771766203 99.004009907885 103.121289662076 102.66364677136 59.1055158610069 147.262592263091 149.271058964289 133.069459020927 41.6127398230112 91.2904849798933 82.9172209163987 158.553647823294 116.986157854942 92.52991174612 92.3091772021919 78.8171765667566 92.9594022235197 119.43216723695 91.5187966190611 103.360644685876 73.370596556745 93.4369031327194 113.456854147325 145.009604256505 0 189.054441152598 151.009432878505 118.391383332535 174.044435225173 0 154.495671220071 156.180682848941 154.118377685547 137.786946132573 133.142147328124 149.600485777794 139.683531947661 154.533183066909 92.2140442561878 147.446872826534 198.882995605469 35.6037725115074 132.480911254883 162.076731429587 124.396710025381 173.324844024379 183.564943014039 195.611450195312 197.623135447793 139.963811684122 182.868434169692 142.849927212121 174.530388892588 122.701331982389 217.997741699219 201.875354658516 171.835115921977 140.333234451189 172.187448681106 143.431285005063 0 181.85774230957 0 168.265857523296 158.685855933032
101.465834013743 61.726068570149 80.8940132814386 137.674486772828 52.2350969386487 75.2562141340618 122.524696265802 64.8610104815643 129.225167993475 129.215630097143 0 120.892354825474 18.7827962159389 70.3933049369793 107.066582817492 126.322529881363 52.3508617875481 20.5659217519597 27.0070237711346 126.520907780001 96.343093498197 95.1398409276356 84.8807473413034 137.449535704659 26.6141479655593 31.6559524539033 56.3135191860609 130.809211127569 69.4104524278546 102.788803380371 38.5595061998966 58.7572192107872 91.35123333382 21.970391573844 130.589559061269 76.0534650862828 21.87567540197 26.6905167910005 46.6492589162571 67.4362136322372 58.5380146520141 16.9153552495955 121.758407592773 0 94.3626362577928 158.941512600174 172.297050597366 0 63.7747268676758 216.960250854492 75.9658718958434 139.34559430272 0 0 172.077301025391 207.595939581947 0 150.691615522779 0 77.685578654309 0 63.9114677570257 223.634826660156 0 176.635883617865 114.72525612198 92.7163297427623 109.425740781741 0 157.108444213867 112.662722456686 157.952330774589 189.626213448677 53.0905129348246 90.9209715055059 93.7014033263177 191.962866040244 198.171463012695 179.91957573676 90.5108020932333 0 0 115.33269434184 135.350142147214
87.6399481321888 136.110136885468 134.136919983066 40.7805119883804 56.4343206843809 30.3260070902089 55.8708880138726 68.6039338298063 24.6814799189348 20.0045817522886 120.892354825474 0 123.759470875433 87.048057190117 22.59367257492 127.82367092206 162.356133615633 150.107358854904 143.610101594248 15.6870056461416 144.223733100325 70.0588650362563 124.772882951654 38.1670990907085 144.004352996408 144.4137024442 139.115527725228 54.2032919046608 94.7463661434868 118.113956595039 155.068222045898 94.2745744987953 96.938777560419 92.4062468285865 17.8825274013206 68.6215065341756 120.96184310329 90.3401809530063 92.9908643037024 31.2461729114344 84.3319107995916 121.522524849106 129.703363491519 0 162.032132743014 142.78047297924 83.47184197151 108.15841906595 0 115.806274414062 141.255391141169 0 89.5585571527565 81.0545883178711 108.229695709432 121.594389484933 122.168414498146 79.2236794511886 58.4820084982765 0 17.8800399277745 0 137.222681719858 88.1704476515937 150.307987059684 0 0 196.040634155273 30.3158545584057 166.7060745245 137.55534518809 192.385582854578 109.093917762999 177.719941366084 192.076217651367 180.525337280388 125.659876652698 129.261093155236 180.003839967639 0 214.979141235352 0 186.787992067774 116.815387489229
82.7854331473672 48.7741231943914 96.7664288261819 159.311775297736 84.5802192059482 81.500764164041 121.348377259642 83.3234920254771 115.807663198065 146.243628947437 18.7827962159389 123.759470875433 0 82.069503681344 143.726581395624 125.107398701825 91.410597796894 49.9509275062952 65.1304136310761 0 145.581048176296 85.299052335157 133.480695572933 124.988059414028 19.4358658902955 27.4004731732876 27.3226737076556 152.914963342856 89.9678662949757 143.620893471252 12.0578006182746 71.5387489060828 131.958197304487 21.2977966520344 84.1019789442891 32.0851951683937 19.6938394603344 28.9886023484807 22.4489487825607 73.667885854665 17.9497348078949 13.3618401828747 59.757437582192 69.8973922729492 39.9633097136293 24.2342177672092 0 0 0 0 80.933936908706 124.935516357422 0 0 0 0 0 174.910495778442 0 65.7441850198299 0 48.7814473169729 0 0 0 105.184785769396 92.0280376379245 96.7260096427805 0 218.808334827798 128.340927124023 164.125686645508 0 49.0435239347785 84.0449649570705 86.3527879846353 153.371655545916 0 0 85.8876035232024 0 0 82.2189918775568 84.5220920837258
18.2760110613313 111.655265916944 109.680395318785 102.829784242535 34.1617569529507 43.3799825224325 42.811628487054 20.8890919526862 83.3258140340371 64.0841978195792 70.3933049369793 87.048057190117 82.069503681344 0 45.4472513901453 127.564389384009 110.643448678626 102.161637455591 103.761518847201 89.8363794408271 94.1967344757337 93.7519259378771 102.850470923815 91.3248649147898 90.3329242503805 105.830001009473 114.669692686775 89.2660138737978 34.5394794109825 67.0729059120548 115.106232853853 26.4122435765768 66.2649015338659 44.6060731844299 116.701150900004 69.6825666235918 76.7085709659332 59.1936213578774 76.490696784251 36.0475542595462 38.8966949580574 67.8984851622436 154.625930337745 0 145.440990321262 155.873076057138 165.649010784702 179.759081290414 0 166.749877155643 135.694023579445 176.313055833756 160.1926753368 185.222064521794 178.75096588684 149.301501581277 164.712251805957 100.42029385256 174.096517728996 132.748315193651 161.313304813146 123.818175304845 176.569325842808 0 152.065998157546 156.040837023889 157.015752480355 152.405848401771 157.685335873501 154.380500197032 124.62012880717 160.952791134053 139.570358577911 130.851413063177 151.719830350756 155.107536461871 147.757295858441 167.192166727781 146.533244529541 148.504287742672 0 165.322310074994 146.884379675228 127.900641863241
94.14791350578 98.4521314157626 146.466367712186 69.4069111292804 19.1536832909163 20.5838781206969 76.3602323883058 36.0280589933543 23.0045112975039 70.473887034861 107.066582817492 22.59367257492 143.726581395624 45.4472513901453 0 117.470667052878 134.162317098453 139.028755331453 150.768600463867 55.175663531318 125.024117809813 66.3647860123651 123.274640638292 40.9248580349471 126.004809461002 131.042094403185 122.2666043437 81.2238537626096 53.1158358006805 92.1643374205632 0 40.1539337586273 95.6477716841169 52.5207892812622 45.568390961579 49.504556776989 98.8438694054398 76.7666306438443 60.6437100932031 13.9152025193207 26.4988341369744 96.8957143128459 75.6514814873661 0 46.8215873369643 44.435708803453 77.4553389147489 0 0 0 0 0 139.06742840151 124.802360534668 118.207901843975 119.82216584821 158.104291474831 101.394881391568 128.368336209346 0 112.313186745446 0 175.57055345726 97.8389035614299 127.405723571777 172.543663470222 0 0 105.415489871702 153.721680894909 0 135.13369921481 108.77177070149 0 158.555862426758 173.067094749913 119.191592180919 0 144.936263570211 0 0 129.10368347168 121.880348430496 67.4631054639205
93.8449831386933 67.4617594983812 76.9343282224656 90.1052186684808 0 114.453603947689 92.3655846496402 124.156555257476 57.9357225110547 108.63584426996 126.322529881363 127.82367092206 125.107398701825 127.564389384009 117.470667052878 0 101.238210353574 124.37459920959 112.14967986413 107.280762849978 21.2311120272086 35.1491638068261 23.8372924348698 42.6947508880523 101.582556511631 97.3541459435767 29.8319377939781 45.4664712635781 89.7516646377339 72.5076451793226 124.05931854248 158.404153367675 74.1729328130205 66.0039243636232 136.352079407818 74.0566362238376 54.4913478120396 76.4037287707938 74.7035273785575 82.6908257354874 101.419782087306 0 112.627010982758 0 112.172042613212 110.143386604984 122.705695671049 128.553712958624 0 129.262013520024 127.350309727738 111.346843717375 145.34464006725 0 154.718903075491 130.172550729925 149.41302675345 116.05268677751 148.033690447806 0 134.475972506249 230.501556396484 142.909299371758 89.1587600708008 94.0192836424403 116.012757584212 162.127288818359 138.941866265499 172.409918723908 113.137625516036 57.356858883364 100.123563035867 107.121688050611 0 131.755085984367 90.6624852981677 114.772448001838 126.419726803852 116.071850094919 217.901519775391 0 111.789512657078 95.4191352390292 158.12082678173
97.0748430703232 57.5359836715812 45.5191582337316 155.500501920832 91.6392141450012 125.434155563009 101.470167668292 117.872837351711 117.334780103869 132.53898365749 52.3508617875481 162.356133615633 91.410597796894 110.643448678626 134.162317098453 101.238210353574 0 50.0498997338338 18.4716376165225 145.094154866361 58.6962725729928 78.8705319077308 30.8563564468539 124.635196635385 69.5482035165323 39.6533962579718 68.1844919710289 101.219957428448 97.0644051179676 68.7357867627329 90.7922433919896 97.9774125501376 83.8846877139672 40.1672487068979 127.127531350272 75.9213867324724 48.0166333332547 49.1310930425521 57.8276731255004 86.7519222834643 97.7828838112199 72.5802705366891 155.738229620183 0 171.915839787606 135.377202779868 0 0 0 173.585122223742 66.4744647946713 112.284212890027 0 0 188.571380615234 171.793225841217 203.514751399618 195.829650878906 0 122.848784098665 0 106.821698320421 212.008966791529 0 132.834792837178 93.7473319384346 128.336168591963 99.3149244567968 0 150.151212917219 89.1307089049633 137.849611734912 164.150254862832 92.3888553060239 107.435050579712 108.185702466352 171.197978108471 175.622637059612 158.869881742589 134.380958714133 0 0 110.301104424594 143.09412621049
123.223176978173 75.1379809461053 80.3213577058078 0 86.3760768222613 115.926119929879 141.320608561066 101.998058212046 140.810401919897 154.702736553286 20.5659217519597 150.107358854904 49.9509275062952 102.161637455591 139.028755331453 124.37459920959 50.0498997338338 0 16.7352919207858 156.010857669753 105.823532122077 103.987678232749 91.943610150377 150.710503832736 42.7060797824941 27.4333051622572 61.9572652614331 139.291130964017 99.8160720450678 110.611918615398 50.6851185676004 84.820138165954 104.125270043076 52.9851566707339 151.141382998473 82.4726547228133 46.2180107369391 50.5837506506245 61.158706707535 97.7588103239151 97.9663262741322 53.3423915103644 159.027690486038 0 126.601540034523 150.634841354985 0 0 0 0 78.3217252944871 124.857180276095 0 0 0 214.256942749023 0 0 0 87.5859443455048 0 73.674580977448 0 0 0 122.637333335716 92.5593538468551 107.710791358455 0 0 118.851615905762 190.690222697817 171.735260009766 64.421298646133 93.6707156442861 92.6646949515135 205.340773356535 0 0 97.4643849110715 0 0 98.5009166129276 125.25917710594
106.748114541011 62.1889694700157 65.0332957970304 0 76.4010457430188 120.810678096384 119.583531906465 107.396331229316 120.035898799032 147.788662417585 27.0070237711346 143.610101594248 65.1304136310761 103.761518847201 150.768600463867 112.14967986413 18.4716376165225 16.7352919207858 0 145.47776677171 83.6846301771606 95.4101793737272 60.6743468968226 137.594533118379 46.2785804859438 37.3713239379801 65.2282810125148 126.166454311984 95.8408533334107 90.8814845844932 65.5841414196961 85.55870340589 97.4679558143963 47.6484382179372 140.774989608337 76.4017385974472 48.565111937854 49.0579922297901 57.2207012056648 91.0477067258302 85.7198283805353 61.3083523790582 147.733693608486 0 0 131.570651693301 0 0 0 164.529632568359 62.8350913837888 128.183931494411 0 0 0 169.702651977539 0 0 0 101.005766332975 0 88.5568389147358 235.551832053689 0 181.732592840878 105.923759630837 100.455109015167 101.399629164761 0 173.192295488716 106.449338807375 150.870553482467 180.048594654331 65.9800926427873 97.78668324241 98.1451945395835 197.163002560042 245.066558837891 0 110.717440591274 0 0 121.960195529785 139.334194731627
80.8446796945401 0 113.048846747355 12.4508672313639 84.9811226210197 44.5550866208909 60.5005047930669 76.0916500013779 51.9157737878238 15.0710771766203 126.520907780001 15.6870056461416 0 89.8363794408271 55.175663531318 107.280762849978 145.094154866361 156.010857669753 145.47776677171 0 133.322275236071 96.7835558557129 109.962291836151 26.3783921225541 144.324845637345 153.459530118493 139.610397317016 30.2505850198913 98.1090451683798 103.483761541024 178.667633056641 112.252084316642 101.559112326141 98.5243861788119 30.4091268265246 79.9810108511612 129.94358310962 94.15057018042 102.602501721357 57.7352925676801 96.2351951759297 108.153981763503 120.458554894462 0 149.125427246094 132.337051391602 99.8066020175922 0 0 154.104920100575 153.063865902894 210.178436279297 41.3251731190596 127.143594377708 132.655119588386 121.30538741527 145.672424280892 76.1039854310281 130.261609818728 0 46.7584640252779 0 134.39466051317 111.657319543632 132.673905416806 181.670837402344 0 0 126.02221071967 177.218015715752 118.661820250779 0 108.235979858825 0 187.891708374023 185.146679486378 125.098878381888 169.058253370309 150.432137712866 0 0 163.499199029996 170.513216147737 0
76.0968228970185 96.5144146837586 68.6677030973997 103.632492523966 143.694061279297 100.023262914292 70.5775833701542 95.1481192139005 72.1943146247989 99.004009907885 96.343093498197 144.223733100325 145.581048176296 94.1967344757337 125.024117809813 21.2311120272086 58.6962725729928 105.823532122077 83.6846301771606 133.322275236071 0 59.7348286312808 38.8891602720915 32.7779591231267 125.729738803902 97.9666091935528 79.4676378706518 27.0315742194186 79.6994082459107 30.8179664593654 171.549710518363 141.151793223453 68.3401324212259 44.7455035852739 130.3227954162 71.4996209209204 62.6436407683097 67.1595014753658 70.8616290006381 81.5157272811607 93.9298007255171 110.451748698954 127.210776895905 0 127.585601960788 128.99939560429 152.71007936117 137.145302059209 0 135.385354334631 133.878193283789 132.022017179394 172.850190088439 0 171.164098843916 135.856292856151 164.91201018848 107.673668019694 160.686147887155 124.81169128418 153.332647088403 176.058517456055 150.03474875268 165.105024082288 114.699427910972 131.085294835914 0 135.911724411121 0 124.713308892163 84.5605259518234 122.233438688134 115.624201792874 0 165.196115474458 130.932161038525 124.447993812293 139.07491885091 126.159183326942 0 0 124.885401510928 121.812438779094 145.163949894373
69.6095549999335 28.9342009847732 51.2588800205619 81.1964615704994 100.774091643715 106.02458127746 77.7136114136465 102.038521110222 25.2902865137737 103.121289662076 95.1398409276356 70.0588650362563 85.299052335157 93.7519259378771 66.3647860123651 35.1491638068261 78.8705319077308 103.987678232749 95.4101793737272 96.7835558557129 59.7348286312808 0 55.8058510466806 33.9194012813482 64.3475519916518 81.3622306696072 44.5661496367582 55.1506622679545 70.6285043357833 55.4962322918081 101.858359642071 139.539632237297 54.840658294965 56.5664593070672 117.212238597646 64.4679270247999 43.9943298886917 61.3819838125313 60.2512735418451 66.9115005139184 81.3399788225067 83.6541249258048 87.5523670651923 0 86.991578765828 85.043100481526 217.722930908203 88.1335860590308 0 89.2926964316332 63.5039885827241 70.3467505058436 127.553530485522 0 136.177538669227 101.194116007671 122.111560215042 89.2890557824138 102.662774109749 119.72565331405 101.874112148162 115.567381857185 109.054384846128 0 58.2393016874681 89.8077008777117 139.724266566271 115.646897564273 91.9622089233291 80.3193114529995 20.2805962999499 68.5996696868867 71.0161074579467 94.1396613612701 110.221177453973 72.5775815245487 88.3428702112716 98.0677605693263 83.8522670839749 0 0 83.0486782463777 62.3409357280774 130.589505938958
87.1457863923 60.6807444195364 38.2181706230162 107.173140246834 131.07499592013 108.290136526195 80.9454910775098 105.52705583802 88.8990813437582 102.66364677136 84.8807473413034 124.772882951654 133.480695572933 102.850470923815 123.274640638292 23.8372924348698 30.8563564468539 91.943610150377 60.6743468968226 109.962291836151 38.8891602720915 55.8058510466806 0 69.8633553237635 113.690155581022 70.1768476610029 47.597695746658 58.6658440321656 95.1312148643856 54.8204979591001 137.351274458445 141.472666333735 78.8017304379457 53.215093263025 129.339739464779 70.9402679404034 48.5961479990207 64.4242021948302 67.5807921229472 80.7589079559515 100.035525753075 101.663079820425 128.836099971607 0 123.217815054272 125.827026457884 150.898010155194 154.741106739022 0 145.311173782709 71.1225263551773 106.891495755393 171.519672940738 0 162.650288904585 141.862579417953 167.008769559255 114.92882514198 159.546869290666 174.422847948026 177.404407969479 151.139100117342 159.869855204281 171.351699829102 104.819911128195 96.593999129132 0 121.687170815818 153.389891908787 126.72845309956 67.0113528286385 111.095348232982 124.444859962664 117.347021046714 131.716468286913 106.962618292982 138.26453518893 152.354097000699 132.724991039112 184.923583984375 214.749145507812 131.819831100236 98.9458900917278 136.523434856158
74.5500528285974 77.4773552944652 89.9471672652926 25.1270017150708 69.3507549393728 68.6341405420844 53.0591421945329 86.832943849594 25.1495829869634 59.1055158610069 137.449535704659 38.1670990907085 124.988059414028 91.3248649147898 40.9248580349471 42.6947508880523 124.635196635385 150.710503832736 137.594533118379 26.3783921225541 32.7779591231267 33.9194012813482 69.8633553237635 0 106.949167013766 119.045712179409 82.8254904030308 27.2140341376769 84.8037881306942 69.4000462686037 137.623446220354 102.863269973733 73.2840684210999 80.8152960469472 129.682736885932 77.6513604821575 95.2257947682654 88.5047155079757 88.4704969526412 47.8277808718392 87.1398240201315 125.549008022338 119.427248951814 0 127.261176792647 121.750556299772 99.3109151555381 133.696668206177 0 111.478824074073 116.679063612601 140.533588952013 112.517665995354 122.29506621598 123.150106650898 111.023754598085 132.020696119759 47.7812332442272 115.412957422957 162.423065185547 97.2106431165898 137.622665855278 129.808456902939 92.2546113531093 111.283866914546 134.523486906671 237.66259765625 161.442472009806 107.324916263787 115.707646424462 77.6073245951258 123.785973465321 92.2540259076568 159.034587043689 154.503731456476 139.492922167424 107.049734487862 128.986380653642 112.346997775743 208.614954292568 176.075450557254 116.451397808675 117.540984843587 171.356462663273
111.212011653384 25.9590572001313 71.0430403385823 0 102.624007935946 106.762999883936 145.04552584643 90.5613848680381 96.0806864045872 147.262592263091 26.6141479655593 144.004352996408 19.4358658902955 90.3329242503805 126.004809461002 101.582556511631 69.5482035165323 42.7060797824941 46.2785804859438 144.324845637345 125.729738803902 64.3475519916518 113.690155581022 106.949167013766 0 37.2800475631489 31.9103540603501 132.44852072591 90.2344831293372 123.089403109355 41.1783319884206 76.9111110824605 110.816703796387 44.4325606042369 118.017337582369 79.5984448684294 24.5953216808688 42.5007703801518 50.3871383019776 111.729185422596 52.5501978469776 18.4740966249658 127.532689850486 33.7346038818359 35.0658705800787 25.6151692786549 142.556457519531 0 0 0 29.4473913984213 101.448577391256 197.029632568359 0 0 170.755950927734 0 124.719094688514 174.147125244141 49.7606963639791 145.098344863774 36.9696678439949 0 0 178.594344999867 77.3241837208274 58.6295318986098 71.88012030825 0 0 103.174542978902 154.576341828197 154.527590498459 22.8619813250384 57.7223822262806 53.5489765636337 181.394152067496 0 192.037109375 58.3806318492693 0 0 86.3901726305997 214.349895057425
116.872070723752 45.5139296839779 37.2677180532184 151.654485101019 92.3482721991425 130.523529739384 123.573947479684 111.05821137866 114.865786996649 149.271058964289 31.6559524539033 144.4137024442 27.4004731732876 105.830001009473 131.042094403185 97.3541459435767 39.6533962579718 27.4333051622572 37.3713239379801 153.459530118493 97.9666091935528 81.3622306696072 70.1768476610029 119.045712179409 37.2800475631489 0 34.3888263855774 122.259261760371 99.5329795088618 104.47048499648 20.1821998918459 88.6529667840177 105.790661133138 55.5804539284357 132.19015863967 76.0073608272817 47.1149269103661 53.9460380900793 60.8310060105813 97.6365339493284 88.2102836196458 58.0649306842057 131.455044084744 0 119.401926452289 122.538197994587 124.260391235352 0 113.215431213379 181.459274291992 58.4489078643811 114.809326878939 191.448852539062 0 214.357088066331 208.500502617866 183.211471557617 169.24448508946 215.97099944277 88.1442681729316 0 76.1435617813571 237.484405517578 237.961730957031 151.350784347037 92.6287985406945 92.9024321371869 88.0705870744654 181.143463134766 183.044242704299 111.418165515843 148.148130677627 176.422094802567 59.512185918074 87.9936425452561 87.3376412141311 181.119876758393 203.498587303471 200.460063909039 94.6874956238836 0 0 96.7523866311982 135.096119135804
126.768719709443 34.7936462390437 33.4583619698339 124.526142417172 116.714493791413 130.453270013756 107.604490734357 118.899377641569 95.1240906695581 133.069459020927 56.3135191860609 139.115527725228 27.3226737076556 114.669692686775 122.2666043437 29.8319377939781 68.1844919710289 61.9572652614331 65.2282810125148 139.610397317016 79.4676378706518 44.5661496367582 47.597695746658 82.8254904030308 31.9103540603501 34.3888263855774 0 81.7994564927797 111.064653000877 102.698333744567 15.7425264322455 102.363400116779 104.509850125766 66.171130837455 134.859879179297 77.5698112797653 54.4682896061153 64.2298790882036 69.0858673198945 90.3626247892182 87.62729686473 63.3494526389191 125.804335161829 0 115.156925317426 125.028648973127 166.252800795675 0 126.350852966309 144.599984089961 52.5575468472494 94.1476469961981 189.345495506253 0 168.20737387771 144.306294524787 178.168622078097 141.279060127379 159.088701517552 91.1863883303616 174.894960404232 81.7500639268157 165.01658097041 162.027618942773 101.855589122227 80.1013665176932 92.914819477397 88.3025887353583 197.153105226202 133.652483263238 58.8033397697918 104.083482515245 142.575847175023 61.8609546514405 91.2106711226557 92.0584404997246 142.758816747258 173.237652142344 142.725199654311 99.0894449105 206.308990478516 131.425072215247 82.0332623689733 141.870699947424
77.0172638255583 102.619313386235 88.2677131961575 21.7696108363708 112.72625319779 64.9825963145174 39.660853144203 86.4013029107834 56.4361101289505 41.6127398230112 130.809211127569 54.2032919046608 152.914963342856 89.2660138737978 81.2238537626096 45.4664712635781 101.219957428448 139.291130964017 126.166454311984 30.2505850198913 27.0315742194186 55.1506622679545 58.6658440321656 27.2140341376769 132.44852072591 122.259261760371 81.7994564927797 0 87.6564397017349 41.2302567373067 157.92854309082 128.294896284714 67.7791078188602 69.6052215949466 123.027034968767 77.3502188312342 77.0472576495647 82.065904591029 80.8021516150397 82.2879440590968 100.334240673515 124.24942479094 130.073198247379 0 136.198643053902 139.42547036463 120.691432098953 150.675754993482 0 125.72006369673 149.415133232031 145.528150936886 95.4337718003392 167.792205810547 141.821212047822 124.396315919866 145.611521605914 81.6623982240915 140.043404915179 187.113479554089 118.940120975025 0 143.438884987854 134.72356972013 116.797666228834 137.554733127164 0 164.311392929901 131.837217095552 121.381196989076 93.5951949836457 135.967288265181 111.588359008577 188.985626220703 188.910577343629 146.408842644026 122.855345331288 139.913656278842 123.312282596066 230.503570556641 185.817524486979 127.656392253724 130.446110568612 152.682068783207
19.4578944315696 109.884271823474 113.661443751589 104.517396414235 31.4036398218047 57.4504068249429 64.9563805697118 38.997238899013 75.6767571308642 91.2904849798933 69.4104524278546 94.7463661434868 89.9678662949757 34.5394794109825 53.1158358006805 89.7516646377339 97.0644051179676 99.8160720450678 95.8408533334107 98.1090451683798 79.6994082459107 70.6285043357833 95.1312148643856 84.8037881306942 90.2344831293372 99.5329795088618 111.064653000877 87.6564397017349 0 33.299410210668 108.277438935014 13.478886408776 17.3468751442425 34.6321785468803 106.694265161667 61.4776507353586 73.1930167540238 50.7743209535612 61.5007642362757 45.9657511141807 34.204680945246 68.3117139140334 138.357916243108 0 139.089641970321 145.265905332996 164.549169463456 153.660233852228 0 147.563205381179 135.081841246905 161.615542150586 132.170401128526 0 162.82807431202 148.065141318497 162.597613524003 104.628539247869 166.323655860458 153.705288781387 157.191494130748 151.565724191196 168.654135670833 176.05814583164 127.302902168305 149.597618850271 143.691459345794 147.6157205857 168.969268856381 131.687530631237 83.3350204530573 143.121393709142 130.05336360034 180.756165818779 144.962482508064 161.677724960371 139.73056832798 159.12319461359 134.729024195823 142.901550292969 0 131.954598807203 144.434456889144 130.031363847648
33.5908985185907 92.2546852519355 76.3015679995516 98.9290173995174 125.308561749784 83.8722664130521 35.468439154581 75.3852104617462 56.3017965743317 82.9172209163987 102.788803380371 118.113956595039 143.620893471252 67.0729059120548 92.1643374205632 72.5076451793226 68.7357867627329 110.611918615398 90.8814845844932 103.483761541024 30.8179664593654 55.4962322918081 54.8204979591001 69.4000462686037 123.089403109355 104.47048499648 102.698333744567 41.2302567373067 33.299410210668 0 0 116.931097346017 46.4110599918432 36.2670044949684 120.957145609961 68.6624214979503 69.8833897519951 61.6683368099656 65.5457927971004 77.6180276755033 95.3126577625769 109.259179186304 126.275536474397 0 128.258516185552 134.679748114171 132.016946805608 132.556878120213 0 124.693510284758 142.598585983883 132.598478383401 140.468973413715 218.425827026367 158.404134563589 123.530596787774 154.397388847185 78.6022129159919 143.848494038697 159.460693359375 138.451265830497 156.645111083984 143.155630739167 165.72116658645 112.268677054505 149.78677950509 0 144.625569664968 145.939425835144 119.312756188782 68.1433534887067 118.275519149619 110.204756333148 146.564956665039 163.87517413117 148.128206749315 118.713872567741 136.7560665329 121.364577811289 0 168.046157836914 120.123716330944 118.565592021392 152.539763751675
136.667831420898 65.8112079856512 100.748355547521 0 0 128.885953750751 0 117.909458044073 134.188484073813 158.553647823294 38.5595061998966 155.068222045898 12.0578006182746 115.106232853853 0 124.05931854248 90.7922433919896 50.6851185676004 65.5841414196961 178.667633056641 171.549710518363 101.858359642071 137.351274458445 137.623446220354 41.1783319884206 20.1821998918459 15.7425264322455 157.92854309082 108.277438935014 0 0 98.8226089477539 0 67.5155217098634 0 94.1234028385951 54.6316952220372 64.5595910389074 74.012509081202 119.220769887796 121.380210876465 59.8248150155548 0 0 92.5129165649414 0 0 0 0 0 93.8897850493582 0 0 0 0 227.969696044922 0 0 0 88.7390004364731 0 77.4304997266647 0 0 0 123.843826293945 103.153167809393 116.207442352389 0 0 0 202.52978515625 172.382354736328 64.594312921894 96.8469574767162 99.9563961694374 245.781066894531 0 0 98.6262660177677 0 0 102.447934174602 0
72.2254084499794 90.3221746417337 140.136000561125 102.798473930135 12.9769600768937 20.1850144708768 113.645392769742 32.9804928268813 91.3448530245069 116.986157854942 58.7572192107872 94.2745744987953 71.5387489060828 26.4122435765768 40.1539337586273 158.404153367675 97.9774125501376 84.820138165954 85.55870340589 112.252084316642 141.151793223453 139.539632237297 141.472666333735 102.863269973733 76.9111110824605 88.6529667840177 102.363400116779 128.294896284714 13.478886408776 116.931097346017 98.8226089477539 0 126.084924098517 20.3129960240039 103.467102468455 74.9241059076031 57.4816435569714 40.9943532323208 46.4316840746364 36.6171129377598 15.7352671024238 55.3014575542987 0 0 0 0 0 0 0 0 143.838998144575 0 0 0 137.098785400391 178.881643658737 0 144.135703499745 143.616714477539 133.081283569336 0 106.326721191406 0 0 0 136.843490600586 153.551834106445 139.088363647461 0 0 0 175.853729248047 164.524656156526 0 131.027097404539 123.631857896663 170.178926842628 0 175.700500488281 0 0 0 0 0
