0 4.35253638029099 7.70547470450401 65.6982343494892 2.69598752260208 129.401639044285 7044.01878002286 699.978696018457 417.197593122721 677.073852628469 42.4085440039635 27.7567403614521 2.2885810136795 14541.1811362207 5.87758421897888 13.7180001735687 2.40132629871368 2.61201572418213 0.930107593536377 50.1163532137871 60.6123613119125 25.1058724522591 36.9460239708424 429.957724630833 2.82434421777725 11.0727054476738 35.1974665522575 799.009321808815 17260.1068997979 4078.39372172952 0 30.7288502752781 935.317227900028 558.635461956263 12.7777680754662 525.926583856344 30.4420273602009 307.376601397991 32.9146921038628 97.4310165345669 91.6246843636036 1.21122658252716 34.4914927780628 0 12.5758328139782 3.30427193641663 3.20052075386047 1.55466055870056 0.903816878795624 3.37664937973022 0 0.824099242687225 0.443555921316147 0 6.38385435938835 77.570507645607 7.56755352020264 42.8808748722076 15.8362262845039 0.512040376663208 0 0 12.1772376745939 0 9.33735552430153 0.462773859500885 0 2.05431991815567 0.672279238700867 17.2725775539875 1.49556165933609 9.87344750761986 69.695401340723 0 1.73437854647636 8.07086545228958 119.775582224131 15.351961940527 22.9082878530025 0 0 1.93030273914337 9.93191879987717 7.6105837225914
4.35253638029099 0 755.858680337667 4.19499066472054 0.818506300449371 3.40373110771179 34.3312839865685 5.90512675046921 695.120651781559 7.30212756991386 338.299680769444 27.6178816258907 1192.21773955226 16.0128860771656 38.9025003314018 135.400488674641 394.660811603069 73.0090256929398 380.659061491489 1.13049519062042 205.762588948011 3317.96204695106 270.299858242273 1198.87196221948 3057.6983474493 1655.98060652614 7888.10597777367 340.100855141878 27.435686185956 172.124282240868 56.6477449834347 2.33782827854156 8.29422414302826 386.348188519478 8.07596895098686 347.824502676725 553.013060420752 536.677946567535 167.902213394642 54.6997992992401 2.21176868677139 287.710480898619 60.8283163905144 86.7057877182961 71.6294286251068 35.1472780406475 6.12979075312614 1.75678992271423 6.73945599794388 0.387743592262268 137.737130790949 140.768969535828 0 0.64972996711731 0 13.3720679283142 2.14087784290314 5.12930250167847 4.54776793718338 28.6317945718765 0.361274719238281 40.107780456543 3.18435752391815 0 12.2352656126022 74.0292337536812 16.8567325472832 80.6660721302032 1.86515539884567 9.47425991296768 44.8585936129093 45.2367287874222 12.8471871316433 47.0248182415962 488.987280189991 773.55774846673 12.8476305007935 2.6277282834053 5.92629167437553 1.84815466403961 0 0.472724199295044 46.7955035865307 5.64564046263695
7.70547470450401 755.858680337667 0 3.08315500617027 1.52689009904861 10.9328318238258 183.003340125084 18.514133810997 62.5650408864021 16.3745647668839 355.642492324114 2.6547737121582 52.1865673363209 57.9077915251255 5.05235987901688 135.657104730606 4178.37387180328 111.882091104984 1094.61117526889 1.67297726869583 15340.0391626954 413.486123204231 19593.9391776025 127.912587732077 68.2746469974518 15421.4615337253 19035.8631173372 498.10739800334 58.2916649281979 1242.67705991864 27.1304852962494 2.92389059066772 9.87785091996193 4449.40671145916 103.834768503904 3702.74505198002 4032.15099424124 4463.12137046456 2095.29431158304 377.951625049114 28.5755643248558 18.6887178719044 187.848479479551 111.985302627087 248.846211671829 75.4091556668282 21.0548458695412 11.2250183820724 3.90933313965797 0 151.907145619392 864.011871725321 0 0 0.382253676652908 19.8296195566654 5.35633331537247 11.7238419651985 2.55150717496872 13.5775881111622 0 12.7166563868523 6.1715182363987 1.08121848106384 62.8397477567196 246.78057050705 11.9714978635311 126.701456725597 0 25.0519754588604 140.393988132477 230.508596867323 40.4046473503113 25.0067035257816 864.344112694263 2152.7545825839 30.2741536796093 2.95257008075714 16.8855555653572 1.01990509033203 0 0 96.5539600551128 63.0188232064247
65.6982343494892 4.19499066472054 3.08315500617027 0 3.17018729448318 201.309196561575 366.233461380005 119.946691900492 1333.88542416692 7496.18075856566 1.70720237493515 3004.22612071037 0.721056461334229 211.6454821527 134.102537721395 7.23587244749069 0 0 0.935886323451996 33400.0838203728 11.0724771022797 19.2526915967464 9.07784467935562 3956.73766604066 0 3.86181125044823 16.9563423097134 14154.2954545021 130.051011562347 45.0408295691013 0 1.83005726337433 32.4268279671669 58.1510629355907 1.82331824302673 132.664127677679 3.94993934035301 63.3986601531506 12.3262890279293 178.891088783741 19.2705391943455 0 20.5337103009224 0.905691921710968 16.1538517773151 3.71950724720955 42.1264106929302 5.73041915893555 1.2674173116684 1.62688040733337 0 0.363082528114319 200.203773915768 0.94482547044754 49.5283781737089 177.47524446249 52.2463192045689 89.348312407732 242.340189307928 0.990085631608963 231.706001341343 0 18.5039665549994 15.7085246145725 4.89833199977875 0 0 0 106.920043885708 4.87235072255135 2.97214707732201 4.21940711140633 157.097531765699 0 0.866622984409332 3.17520767450333 344.848815500736 12.9696215689182 10.3768765926361 0 0.335549771785736 1.08119055628777 11.1508806943893 0.650441229343414
2.69598752260208 0.818506300449371 1.52689009904861 3.17018729448318 0 1332.64458051324 25.274711728096 420.402153581381 114.849938571453 30.3129997849464 7.09576439857483 77.907250225544 1.34089946746826 117.502859264612 2656.414745152 0 0 0 1.32905352115631 6.36751842498779 1.60405302047729 5.31000220775604 1.07826697826385 27.6366873085499 0 1.63689208030701 5.88476002216339 14.158253878355 210.72738930583 7.143236130476 0 967.314580142498 0.987853854894638 604.825407207012 0 36.3605849444866 0 68.384293794632 1.25284290313721 4802.35740554333 2157.69995105267 3.31275355815887 1.6402223110199 0 1.67772036790848 0 0.543088316917419 1.79779839515686 0 0 0 0 0 0 0 0.259149223566055 0 0 0 0 0.753999412059784 0 0 0 0 0 0 0 0 0 0 0 1.10899025201797 0 1.28188228607178 0.325200319290161 2.47805812954903 0.370549827814102 0.307881414890289 0 0 0 0 0
129.401639044285 3.40373110771179 10.9328318238258 201.309196561575 1332.64458051324 0 2266.85301828384 24439.8709184527 765.735464453697 21063.2305112183 73.6958905160427 8670.53617891669 10.9645060002804 2535.32273975015 1359.6820512116 5.20342636108398 2.92050230503082 1.40943622589111 12.4444077014923 647.254998654127 43.9183779060841 22.3500303924084 34.1766664683819 596.19005805254 1.44151529669762 25.8189749121666 37.9695450663567 705.719548076391 1510.7774938941 393.01482090354 1.04695153236389 2386.95515030622 41.6967008411884 717.623942345381 5.44655680656433 327.078585535288 16.4800553917885 396.540784209967 16.3684037923813 3267.28115034103 2395.93295046687 2.85893106460571 8.9874652326107 3.31731802225113 25.2048382461071 1.15135443210602 19.1709799766541 1.76190584897995 0 3.71493232250214 1.52155196666718 0.85700786113739 34.0441488027573 0 36.7051136493683 189.934808284044 36.1019803881645 86.6936811208725 147.456399559975 0 16.3091616928577 0.744115352630615 26.0920638144016 7.72468554973602 5.16944965720177 0 0 1.76682811975479 33.4760716557503 10.55365870893 2.11319160461426 7.67396971583366 186.56192651391 1.04135051369667 0.864504516124725 5.58007791638374 312.570469558239 14.3032106757164 18.7792178690434 0 0 0.75141304731369 15.4102413952351 1.17215931415558
7044.01878002286 34.3312839865685 183.003340125084 366.233461380005 25.274711728096 2266.85301828384 0 4465.08696991205 2098.28500449657 16060.6657269895 73.9905976653099 182.391820937395 16.0808681100607 12205.7059823871 78.5975825488567 305.204230904579 9.78990712761879 2.54098534584045 7.57826659083366 195.323709577322 1386.34701186419 241.556812703609 1074.04172369838 3625.4241181314 9.735819876194 39.2890141904354 743.727737277746 21613.589805305 6463.47626963258 19880.9542409778 0.487965255975723 75.054411560297 1821.98840510845 1818.70488828421 86.1834908127785 2655.44492048025 127.599256843328 1325.17090681195 249.64562612772 619.616484612226 391.725675523281 7.63049003481865 130.740787148476 8.29460474848747 92.5274892747402 18.6273727118969 52.7599911689758 16.0009005069733 0 16.7303937971592 1.61583364009857 12.7826862633228 51.9556209743023 0.260977447032928 83.9108090102673 565.053053826094 103.410191744566 338.434419989586 258.360797137022 2.06837978959084 22.0452141463757 0 86.4463445395231 12.0705861747265 47.2707260996103 6.01828917860985 2.56095299124718 0 31.4510252475739 74.0007967054844 41.5476587414742 70.2737745642662 614.799716502428 0.449325114488602 15.835875660181 51.3813505768776 925.064039438963 98.8427485376596 99.8811667859554 0 1.92074638605118 15.1129447817802 53.8018552958965 23.791620194912
699.978696018457 5.90512675046921 18.514133810997 119.946691900492 420.402153581381 24439.8709184527 4465.08696991205 0 611.015975177288 7353.85574391484 215.752804905176 1016.80910304189 25.3983133435249 28993.0647985339 343.820776730776 17.6887049674988 6.07891887426376 7.98684543371201 22.965072363615 228.523888975382 130.590510368347 22.4740182459354 82.9356674849987 623.981608986855 8.64300945401192 48.1774432063103 83.4904615283012 952.233713120222 2931.90531012416 1703.92371019721 2.70500218868256 1705.62336048484 84.556033551693 1259.81451299787 7.21844291687012 443.123540341854 48.4240460395813 594.843277484179 29.8414538502693 1446.77169921994 1736.11913454533 12.2941528856754 30.2053581476212 0 27.8869531452656 6.54494002461433 8.66037780046463 5.63430204987526 0 10.4395614862442 1.00332736968994 1.80103087425232 11.2552056014538 0 13.3037412464619 140.847496524453 27.9585589170456 101.548680007458 52.4692858457565 1.47642695903778 2.73753470182419 0.424714118242264 28.2408600449562 0 5.02686005830765 3.29562902450562 2.32153558731079 0 9.68287417292595 9.51384374499321 9.4270978718996 10.1665614843369 207.941298246384 0.641731381416321 5.3276479691267 2.75719368457794 238.646313384175 24.208309173584 24.6484190821648 0 0 1.43358960747719 13.710320353508 3.8026759326458
417.197593122721 695.120651781559 62.5650408864021 1333.88542416692 114.849938571453 765.735464453697 2098.28500449657 611.015975177288 0 2671.70243749022 64.5404724180698 2672.65107956529 228.083605527878 981.565396457911 2234.98584702611 99.4848021566868 14.6816602647305 12.8918093442917 31.8815718144178 958.657948672771 163.788031935692 2414.16473194957 145.810323268175 11900.1934718192 386.070093199611 176.822962120175 1038.47554202378 4689.8913000226 1367.94831827283 1998.84569749236 10.1077009141445 29.0054293274879 289.087033987045 539.611403733492 19.0872107446194 640.375110149384 106.275033399463 289.879193127155 71.0043629705906 2259.61009430885 69.5689833760262 32.0700975358486 123.905117720366 10.574152559042 102.024840444326 21.8951841592789 126.528126448393 14.5625298321247 1.95110148191452 30.9475265443325 8.52509784698486 18.5337569117546 219.737593531609 6.25868135690689 101.142642259598 608.854175806046 84.6117932796478 527.182206869125 774.158144980669 0.503367841243744 269.313021451235 5.41174492239952 62.3932838439941 39.2956729531288 41.3315906226635 9.62051957845688 1.43146750330925 7.9914478957653 190.26750728488 106.262894302607 47.9043089449406 55.284707903862 854.57017159462 6.98154026269913 17.3072317540646 44.7462213635445 1286.58565065265 111.945642530918 134.039823442698 0 2.25140196084976 12.9163204431534 57.1222542524338 9.34347406029701
677.073852628469 7.30212756991386 16.3745647668839 7496.18075856566 30.3129997849464 21063.2305112183 16060.6657269895 7353.85574391484 2671.70243749022 0 64.3102871477604 17468.4588608146 9.71250469982624 5216.02294662595 279.598485052586 15.7739276587963 2.04647079110146 3.96336376667023 1.81618848443031 20077.815451175 105.63735434413 38.2205364704132 84.5432431399822 2013.31948754191 2.96031871438026 19.9638983607292 61.7382329106331 9956.53449872136 1549.90707749128 715.580796927214 1.24601352214813 95.4302586317062 372.149946510792 666.05732819438 35.5066194534302 1332.39343607426 32.9183567166328 715.837069302797 66.1452887058258 721.827849984169 319.646734237671 1.9400851726532 49.3443819880486 6.4970335662365 66.2274846732616 5.27569758892059 65.6858264505863 17.6353141665459 0.692151546478271 5.2435177564621 7.35514825582504 7.20146411657333 191.99641379714 3.78731143474579 158.738289952278 578.708868205547 97.2002029269934 319.273386061192 715.108660399914 2.76740950345993 104.986934751272 0 76.661436021328 34.6795841753483 11.7760889828205 1.06017071008682 1.1114022731781 0 126.0205296278 17.8060743808746 12.1824267804623 17.2649374604225 593.330606877804 0 2.99306380748749 7.62187361717224 1137.18223300576 59.4004109203815 30.2485062777996 0 0.588865280151367 7.66216218471527 35.0919195115566 19.8585763275623
42.4085440039635 338.299680769444 355.642492324114 1.70720237493515 7.09576439857483 73.6958905160427 73.9905976653099 215.752804905176 64.5404724180698 64.3102871477604 0 11.1352368295193 10060.4571669996 458.599162250757 0.798411220312119 13.104434043169 517.262648910284 6974.25379139185 6563.02044007182 4.83693563938141 203.221839755774 155.136178851128 190.767288863659 65.4243761897087 2366.21584832668 8394.43952575326 4046.77245950699 36.2249077260494 320.540623366833 43.8373008668423 1439.02349507809 31.4568724036217 32.8067182302475 9433.50412908196 12.6342290937901 673.432994574308 7852.55597475171 10069.5075581968 508.738062828779 59.6833072006702 24.8387296795845 3162.03840512037 2.17874270677567 323.77862650156 64.1295459866524 10.6679864525795 0 0 49.684568375349 0 31.978102684021 15.5354841649532 0 0 0 4.76887455582619 1.82696163654327 2.03659898042679 0 161.802922159433 0 414.909024596214 1.63328719139099 0.627553343772888 0.872703403234482 5.46638697385788 123.878146082163 64.4809332191944 0 2.04844808578491 3.5882753431797 5.06858479976654 6.39844524860382 282.837785124779 361.009752064943 272.850879073143 6.48898205161095 4.04681003093719 1.34231752157211 85.7732434272766 0 0 15.0658345222473 5.68068405985832
27.7567403614521 27.6178816258907 2.6547737121582 3004.22612071037 77.907250225544 8670.53617891669 182.391820937395 1016.80910304189 2672.65107956529 17468.4588608146 11.1352368295193 0 1.43174967169762 677.164992064238 2208.92757555842 1.48310607671738 1.30839788913727 0.571919202804565 3.26680600643158 23888.2196949422 3.21663922071457 48.3467929363251 3.35210326313972 1582.06085431576 1.78277602791786 9.50710016489029 34.2385269999504 1234.65030407906 184.611288189888 23.9087815284729 0 33.5172378718853 8.50611913204193 101.215774178505 1.29933196306229 146.824495404959 5.60833078622818 94.6149804592133 4.90635627508163 2314.46484440565 66.5477301478386 0.635360360145569 6.54728627204895 0 3.17066699266434 0 23.1657606363297 3.69939222931862 0 1.60442489385605 0 1.94427421689034 61.6159585416317 0 25.4459938406944 90.0254114568233 16.1767788827419 43.9986161291599 193.488042622805 0 910.120753526688 0 7.65943986177444 11.4150655865669 0 0.831230580806732 0 0 128.915856838226 1.61222684383392 2.18020075559616 0.491387218236923 79.1908128857613 1.01036477088928 3.21014773845673 2.94721281528473 178.729854613543 6.13449311256409 4.10847854614258 0 1.72582221031189 0 5.67030501365662 0.929732024669647
2.2885810136795 1192.21773955226 52.1865673363209 0.721056461334229 1.34089946746826 10.9645060002804 16.0808681100607 25.3983133435249 228.083605527878 9.71250469982624 10060.4571669996 1.43174967169762 0 48.5125031173229 8.77684101462364 17.1695200204849 33.8356601595879 349.081524670124 205.437577009201 2.06933623552322 30.6194663047791 748.764258548617 26.0172813236713 211.391197815537 9072.96424049139 1371.29639065266 6136.01934874058 68.3406027555466 30.3997035622597 48.4953732639551 1723.43599233031 4.73095232248306 7.54884520173073 1389.20538702607 30.2324225306511 406.092139795423 5827.89191326499 3248.71234828234 368.091175407171 27.989403039217 575.970235258341 7842.70653623343 12.0422071814537 525.230721235275 62.0137051343918 2.8008374273777 1.44644331932068 1.311399102211 87.0860642194748 0 48.2553280889988 4.03457260131836 0.361479580402374 0 0 4.01946967840195 2.87957033514977 2.20664781332016 1.2317468225956 310.183181375265 0 770.722737520933 4.13564524054527 0 0 8.53078615665436 151.015043795109 54.5700623095036 0 0.79408860206604 9.28468498587608 2.43163225054741 3.76885437965393 377.80048841238 411.717913806438 299.69086098671 3.16335552930832 2.66914433240891 0 98.169670432806 0 0 18.1509412527084 11.3324029445648
14541.1811362207 16.0128860771656 57.9077915251255 211.6454821527 117.502859264612 2535.32273975015 12205.7059823871 28993.0647985339 981.565396457911 5216.02294662595 458.599162250757 677.164992064238 48.5125031173229 0 97.9548179507256 26.7889671325684 16.8911827802658 15.2254371643066 47.7423111200333 352.607582509518 209.279036462307 50.6934968531132 141.566928416491 1179.07346692681 16.772905766964 124.110989242792 194.022456467152 2027.35061374307 11159.2060339749 5642.19301331043 4.91919893026352 1390.23301401734 499.366744935513 2418.25412011147 37.3744700849056 1369.90367737412 110.413642525673 1239.66289591789 67.5002106428146 750.700402766466 769.033684849739 9.81959623098373 56.5390231311321 2.83544009923935 57.9666793644428 7.38942468166351 31.0010896921158 7.58112776279449 0 10.9649580717087 0.429608255624771 5.40091529488564 16.3313505351543 0.611769676208496 25.6602517664433 260.909382089972 32.0570814162493 150.096634715796 89.9583842158318 0.751980245113373 4.89316374063492 1.77187645435333 37.1681757122278 3.32398223876953 3.46584218740463 0.245749831199646 1.76574170589447 2.53322780132294 6.32079944014549 30.1746743023396 20.6173259913921 16.918337315321 361.839611679316 1.98683047294617 6.70149850845337 17.3554451465607 421.160301357508 58.6625823974609 64.8992054462433 0 0 7.6330873966217 22.2178396582603 7.90382024645805
5.87758421897888 38.9025003314018 5.05235987901688 134.102537721395 2656.414745152 1359.6820512116 78.5975825488567 343.820776730776 2234.98584702611 279.598485052586 0.798411220312119 2208.92757555842 8.77684101462364 97.9548179507256 0 8.90860694646835 1.72653755545616 1.79649233818054 3.1049211025238 146.340599924326 24.5200870633125 86.7630144655704 11.9941250383854 589.532873481512 10.8700617849827 9.67919754981995 62.161708086729 199.346445083618 50.0364899337292 31.7997568547726 0 120.102986514568 7.55566483736038 130.254098773003 26.8483186066151 31.4516171216965 36.2731875777245 57.320926040411 42.8732815086842 11655.1912254393 76.970362007618 0.375555098056793 5.46676933765411 2.30879139900208 3.01571834087372 3.10656189918518 7.28067630529404 0 0 0 0 0 0.476675570011139 0 1.30376142263412 12.6611035168171 1.18571564555168 7.71233826875687 12.1640454828739 0 5.11726796627045 0 0.308979779481888 2.38671416044235 1.0415780544281 1.66091212630272 0 0 2.0173037648201 5.81257104873657 3.63918197154999 4.58296489715576 11.3560156226158 0 0.708371341228485 2.31850451231003 23.5759752094746 1.25221800804138 2.9704914689064 0 0 0.861249566078186 1.36933469772339 17.0225529074669
13.7180001735687 135.400488674641 135.657104730606 7.23587244749069 0 5.20342636108398 305.204230904579 17.6887049674988 99.4848021566868 15.7739276587963 13.104434043169 1.48310607671738 17.1695200204849 26.7889671325684 8.90860694646835 0 16.384330034256 0.491541981697083 13.7242302000523 4.20813661813736 9475.87874889374 2850.18972268701 20639.5518191755 2002.98683026433 30.6334103345871 46.6648839712143 9635.21060836315 4059.4586212039 55.248715698719 2571.57465273142 0.69647890329361 0.408609867095947 15.754785567522 345.469401806593 15.639979571104 530.136727869511 346.507299304008 297.9286031425 197.465516507626 75.0079470872879 6.32659161090851 2.6496516764164 110.917794466019 49.0530570149422 78.3904522955418 45.0169994533062 13.49410623312 0.677829623222351 0.316722184419632 0.558531880378723 16.9952166676521 89.0603445470333 0.346434950828552 0 2.28142657876015 29.706905066967 3.12089473009109 14.9020875394344 8.95445400476456 5.31310406327248 0.413643211126328 0.526780009269714 6.68480351567268 0 344.862189084291 26.9606903493404 0.993716418743134 7.11802768707275 0.50503808259964 141.296507507563 260.119986206293 778.84202247858 96.2069017291069 1.64958029985428 42.3405618965626 481.263274013996 81.9887888729572 8.81612235307693 34.0097300708294 0.412428468465805 0 1.4903883934021 28.0735565423965 6.17272680997849
2.40132629871368 394.660811603069 4178.37387180328 0 0 2.92050230503082 9.78990712761879 6.07891887426376 14.6816602647305 2.04647079110146 517.262648910284 1.30839788913727 33.8356601595879 16.8911827802658 1.72653755545616 16.384330034256 0 192.244482338428 8957.18281674385 1.47868978977203 2977.35162314773 78.5215290188789 15776.1945123374 29.8045022189617 99.5460162758827 4953.95738321543 3997.37585037947 39.5931792855263 36.8860368132591 42.8075815141201 10.2384760379791 1.27359914779663 2.96863877773285 3153.69285729527 7.20608019828796 394.213315963745 1553.03667390347 1163.35552877188 282.076408475637 23.168497800827 4.97655439376831 9.74606400728226 27.0409388542175 33.7021858096123 67.0346625447273 14.8188627958298 3.09180200099945 1.32683122158051 0.745933294296265 0 46.7332176566124 181.113791286945 0 0 1.49223840236664 2.23178455233574 1.6477344930172 2.37249010801315 0 9.75821155309677 0 5.95610821247101 2.94264090061188 0 5.61730605363846 59.1785722970963 8.87704160809517 55.6803997755051 0 3.79118794202805 7.82553189992905 17.8438698351383 2.6169573366642 13.204319357872 436.45591327548 555.918375462294 2.3194854259491 2.54452788829803 6.0256769657135 4.19524657726288 0 0 27.5840263366699 7.69481772184372
2.61201572418213 73.0090256929398 111.882091104984 0 0 1.40943622589111 2.54098534584045 7.98684543371201 12.8918093442917 3.96336376667023 6974.25379139185 0.571919202804565 349.081524670124 15.2254371643066 1.79649233818054 0.491541981697083 192.244482338428 0 6680.18057221174 0.837947130203247 45.0427407622337 30.37960973382 34.3946812748909 14.1788791120052 451.348103404045 4343.63922557235 945.636415243149 4.50782033801079 11.15255433321 3.02468857169151 130.468605577946 0.580196499824524 0.70573753118515 362.320957452059 5.95731768012047 143.07989475131 721.828416436911 696.262947022915 103.94548240304 3.54357534646988 0 21.9499045014381 2.04073095321655 88.633271664381 29.4970112144947 5.19439435005188 0 0 9.24308389425278 0 9.87823951244354 2.54599648714066 0 0 0 0 0 0 0 54.5789231061935 1.00374054908752 89.0899903774261 0.55540257692337 0 0.949236899614334 1.54424262046814 44.2432286739349 22.5828377008438 0 0 0.947927713394165 1.27071940898895 0.687167108058929 91.221580862999 146.190361529589 111.463858217001 0 0 0.522338926792145 10.2393530607224 0 0 8.70985722541809 1.41761457920074
0.930107593536377 380.659061491489 1094.61117526889 0.935886323451996 1.32905352115631 12.4444077014923 7.57826659083366 22.965072363615 31.8815718144178 1.81618848443031 6563.02044007182 3.26680600643158 205.437577009201 47.7423111200333 3.1049211025238 13.7242302000523 8957.18281674385 6680.18057221174 0 0 634.290661752224 78.7848846018314 882.156004339457 41.3581612706184 709.71899291873 11213.2830348611 4142.57958316803 21.8372776806355 41.3415749669075 24.6370390951633 60.0127269625664 6.40722125768661 5.01382112503052 2105.09279069304 14.0953976213932 578.575316935778 2787.0354513824 2119.1641856432 401.852278321981 29.8552696406841 7.60884726047516 24.6825535297394 27.0346478819847 145.55267059803 60.9298439621925 6.80242359638214 0 1.17627215385437 9.79905503988266 0 41.5534967780113 33.0332925319672 0 0 0 4.1645096540451 3.60028609633446 0.427195757627487 0 46.7048278748989 0 71.7345866560936 1.54061734676361 0 2.61757117509842 26.4649256467819 72.3409025669098 107.010173857212 0 2.89775320887566 11.3992938101292 6.60836863517761 5.55596059560776 136.869770288467 676.949063271284 580.28542548418 5.58082690834999 0 3.04710376262665 21.6990841031075 0 0 20.6411627531052 10.8665205538273
50.1163532137871 1.13049519062042 1.67297726869583 33400.0838203728 6.36751842498779 647.254998654127 195.323709577322 228.523888975382 958.657948672771 20077.815451175 4.83693563938141 23888.2196949422 2.06933623552322 352.607582509518 146.340599924326 4.20813661813736 1.47868978977203 0.837947130203247 0 0 4.09234881401062 15.5123201608658 4.76651391386986 2762.06096678972 0.435125470161438 2.55042952299118 10.887116253376 5231.38818284869 152.002508282661 30.8359087705612 0 10.4134984314442 30.8542879223824 65.359606385231 2.50806790590286 131.526526093483 0.880076050758362 65.725526958704 6.43883585929871 183.24542760849 29.7148926854134 0 4.79164332151413 0.3968346118927 10.6072461605072 1.0491646528244 20.6581343710423 3.12350052595139 0 0.307540655136108 1.33999234437943 0.347551465034485 65.4884412586689 1.78501582145691 39.54774543643 106.27005648613 25.1793751716614 67.8909511268139 199.117235153913 0 179.901881635189 0.769581854343414 13.8453309237957 6.0448046028614 3.45660510659218 1.145408898592 0 0.481645703315735 57.5286188721657 1.64775618910789 5.5944077372551 2.83726727962494 120.053384393454 0 0 0 262.407760590315 12.0123052299023 5.33214563131332 0 0.626945018768311 0.658915996551514 6.04097077250481 3.65638661384583
60.6123613119125 205.762588948011 15340.0391626954 11.0724771022797 1.60405302047729 43.9183779060841 1386.34701186419 130.590510368347 163.788031935692 105.63735434413 203.221839755774 3.21663922071457 30.6194663047791 209.279036462307 24.5200870633125 9475.87874889374 2977.35162314773 45.0427407622337 634.290661752224 4.09234881401062 0 1547.45084601641 39353.9116223454 896.772610157728 33.5946370661259 1843.32817485929 7841.8550105989 9634.55173462629 294.275254845619 44376.8979012966 2.13642156124115 1.90426927804947 44.519320577383 6782.78947064281 155.925819903612 5721.38309782743 3548.66708862782 4292.70564460754 2622.90749466419 807.182463765144 35.7779936492443 7.55144542455673 197.888700127602 62.5645334124565 126.039583146572 48.5526003241539 24.2782188057899 3.12041342258453 2.46357893943787 3.33518925309181 37.6413568854332 328.609001249075 1.08314657211304 0 2.22005361318588 51.2417961359024 5.92209687829018 37.4604020416737 5.95741188526154 6.3698558807373 0 2.28971803188324 10.4294836819172 0.853679180145264 279.072014510632 63.6221003234386 4.19287329912186 38.2122131288052 2.16740036010742 145.445435374975 252.3442055583 627.333859622478 139.768143683672 4.52601715922356 158.173458427191 883.171542882919 135.510511100292 17.7640375345945 62.5038746297359 0.536442995071411 0 0.99063178896904 44.1217847466469 79.6496836841106
25.1058724522591 3317.96204695106 413.486123204231 19.2526915967464 5.31000220775604 22.3500303924084 241.556812703609 22.4740182459354 2414.16473194957 38.2205364704132 155.136178851128 48.3467929363251 748.764258548617 50.6934968531132 86.7630144655704 2850.18972268701 78.5215290188789 30.37960973382 78.7848846018314 15.5123201608658 1547.45084601641 0 2300.65609070659 8126.16205984354 1157.95074595511 432.68736346066 7407.11852391064 2448.16098180413 166.805682510138 2130.55500733852 34.118907302618 1.33278241753578 24.6170085072517 551.028818994761 17.6844793260098 596.065086841583 443.160800248384 479.635129064322 287.451520740986 163.595469564199 10.2569362819195 158.043418303132 125.913910478354 51.0903441309929 72.4037656784058 38.58451166749 14.4545078873634 1.4537410736084 0.361145436763763 6.85943651199341 26.0675154030323 101.459648549557 6.05184492468834 0 3.95342260599136 26.7392297387123 5.08542028069496 15.4799653291702 18.5433321595192 2.41021364927292 6.64831784367561 15.205941349268 7.54551431536674 0 298.793762505054 29.3004786372185 2.36573925614357 21.4794311523438 3.25315189361572 151.794520020485 314.327617108822 588.635300695896 90.2402459681034 17.6322565972805 102.671385794878 481.199791282415 129.623119145632 15.8109441399574 32.3280546665192 2.25464722514153 0 3.13724410533905 32.7656935155392 15.5729303956032
36.9460239708424 270.299858242273 19593.9391776025 9.07784467935562 1.07826697826385 34.1766664683819 1074.04172369838 82.9356674849987 145.810323268175 84.5432431399822 190.767288863659 3.35210326313972 26.0172813236713 141.566928416491 11.9941250383854 20639.5518191755 15776.1945123374 34.3946812748909 882.156004339457 4.76651391386986 39353.9116223454 2300.65609070659 0 950.828396290541 38.5173207521439 1316.58117875457 16121.4683258533 6256.61168840528 420.038461744785 15386.0071175098 7.63008153438568 3.11799278855324 32.0763361155987 4540.41405946016 97.0174953341484 3492.37914049625 2614.4848511517 2660.46539598703 1476.9707865417 465.670123785734 20.1197877526283 13.5830000638962 237.312780559063 115.620973587036 184.981837391853 93.2736192941666 25.2016369700432 1.87790822982788 0.936543524265289 2.31126263737679 43.3640816807747 367.915271878242 0.37617227435112 0 4.09827135503292 70.334529876709 8.55346304178238 35.3385194838047 6.46472907066345 3.15382820367813 1.08852243423462 0.496563524007797 9.23930665850639 0.628533527255058 785.768533974886 91.8271414637566 7.04415053129196 39.3245012462139 0.725917160511017 264.59364771843 500.530506491661 1713.20574226975 179.134854853153 7.44800394773483 192.279825180769 1403.58976465464 164.498558193445 14.7983665764332 64.3972697556019 0.585428476333618 0 2.38188397884369 62.1845757365227 36.5755999386311
429.957724630833 1198.87196221948 127.912587732077 3956.73766604066 27.6366873085499 596.19005805254 3625.4241181314 623.981608986855 11900.1934718192 2013.31948754191 65.4243761897087 1582.06085431576 211.391197815537 1179.07346692681 589.532873481512 2002.98683026433 29.8045022189617 14.1788791120052 41.3581612706184 2762.06096678972 896.772610157728 8126.16205984354 950.828396290541 0 369.737671777606 194.793329656124 3239.51295527816 34799.2736376226 1749.29877926409 3420.4770372659 11.1503469049931 21.7248733043671 414.298470973969 803.026436299086 41.2595671117306 1130.43507495522 161.37744051218 490.296500086784 128.542167454958 715.00518065691 108.575036287308 35.2058497667313 380.777661025524 33.4612335264683 280.037813648582 48.5246660709381 156.522574618459 45.9005200862885 1.06093776226044 55.3621226549149 9.89795213937759 59.6126362085342 183.913591504097 1.1323322057724 161.103963896632 1223.96914544702 181.084985554218 813.632516443729 556.476099938154 5.07740578055382 78.8075658082962 7.91559764742851 187.679444134235 21.7950285971165 142.963387995958 14.7662653028965 3.86531350016594 14.0101270675659 111.837439715862 327.344495534897 182.450808674097 275.309894829988 1627.85418921709 5.33633849024773 55.4662472009659 187.841729789972 2265.22126045823 235.136913612485 287.665905594826 0 9.53703889250755 27.6739619076252 166.344225347042 36.4905495941639
2.82434421777725 3057.6983474493 68.2746469974518 0 0 1.44151529669762 9.735819876194 8.64300945401192 386.070093199611 2.96031871438026 2366.21584832668 1.78277602791786 9072.96424049139 16.772905766964 10.8700617849827 30.6334103345871 99.5460162758827 451.348103404045 709.71899291873 0.435125470161438 33.5946370661259 1157.95074595511 38.5173207521439 369.737671777606 0 2277.8369230032 6510.4405092001 82.028421536088 15.5775806903839 80.3794151842594 162.10537108779 2.38609683513641 4.83057251572609 375.705151677132 4.68164354562759 193.65265545249 2590.7707042098 855.086695075035 133.796670913696 19.4758864343166 1.49524652957916 2809.67066848278 16.3054946362972 432.916612029076 108.046832561493 7.15284931659698 2.94417387247086 0 85.6659978628159 0.926615178585052 108.60136282444 24.4579147100449 0.802695453166962 0 0 1.92224410176277 2.58296239376068 3.77350905537605 1.31459075212479 223.236745506525 0.580501854419708 533.272590994835 2.62770614027977 0 3.58839502930641 13.6602521836758 196.743313968182 120.179762005806 0.638484537601471 3.86255756020546 19.0956804156303 14.8024309575558 4.7175127863884 545.653137087822 785.198352813721 589.114535778761 7.02389615774155 1.30926990509033 3.63163310289383 63.7430030405521 0 0.71470582485199 35.5634381473064 7.33428996801376
11.0727054476738 1655.98060652614 15421.4615337253 3.86181125044823 1.63689208030701 25.8189749121666 39.2890141904354 48.1774432063103 176.822962120175 19.9638983607292 8394.43952575326 9.50710016489029 1371.29639065266 124.110989242792 9.67919754981995 46.6648839712143 4953.95738321543 4343.63922557235 11213.2830348611 2.55042952299118 1843.32817485929 432.68736346066 1316.58117875457 194.793329656124 2277.8369230032 0 29607.0679327846 100.302170962095 98.1420643031597 122.784516990185 1052.88736128807 14.1373054981232 18.7383662462234 3790.79212972522 69.3352412283421 2423.32395285368 6540.03632870317 5709.99065551162 1448.79687973857 119.371865153313 11.5387389659882 104.840314328671 117.104439944029 642.160886019468 365.417673736811 54.9181559979916 4.28008395433426 10.0519232749939 57.2664065957069 2.47300755977631 335.230406194925 186.013307839632 0.717134296894073 0 0 17.5514572262764 6.431526273489 3.33661538362503 0.536795556545258 311.984263956547 1.06372344493866 405.771804332733 11.5326089262962 0.399306833744049 6.77508336305618 156.592203706503 395.313354313374 640.761046588421 1.76046013832092 13.6571907699108 48.4078257679939 55.707471370697 8.36754295229912 737.424344718456 3683.50236085057 3063.70032507181 10.3512931466103 11.518833398819 17.8229344189167 105.31662529707 1.35526752471924 0 137.71767398715 39.2013268768787
35.1974665522575 7888.10597777367 19035.8631173372 16.9563423097134 5.88476002216339 37.9695450663567 743.727737277746 83.4904615283012 1038.47554202378 61.7382329106331 4046.77245950699 34.2385269999504 6136.01934874058 194.022456467152 62.161708086729 9635.21060836315 3997.37585037947 945.636415243149 4142.57958316803 10.887116253376 7841.8550105989 7407.11852391064 16121.4683258533 3239.51295527816 6510.4405092001 29607.0679327846 0 3881.74973070621 193.718516886234 2980.09191524982 2409.9566540122 13.0199779272079 35.768494874239 7032.11949411035 184.490842372179 5980.87440806627 9329.46268349886 8718.42929303646 3256.61854338646 617.206606000662 47.1411964893341 134.492497175932 584.703171938658 859.405001074076 1009.92934176326 329.469013959169 58.75244140625 13.0458600521088 34.1027948260307 12.449021935463 667.432995170355 2251.28717768192 2.37850829958916 1.72947573661804 2.39627373218536 122.737396806479 20.2448109388351 50.2692747712135 22.7756400704384 300.77529373765 0.624178886413574 274.002300858498 43.0058950185776 1.34975737333298 513.689860135317 731.216885119677 297.057987093925 776.050412893295 2.94272416830063 184.573421865702 896.681026369333 1777.37566620111 177.935268104076 536.458417713642 4760.1770067215 8735.52125877142 168.041047483683 24.6565662920475 103.9648848176 93.2785658538342 4.26173549890518 4.51152020692825 389.015567481518 112.822268217802
799.009321808815 340.100855141878 498.10739800334 14154.2954545021 14.158253878355 705.719548076391 21613.589805305 952.233713120222 4689.8913000226 9956.53449872136 36.2249077260494 1234.65030407906 68.3406027555466 2027.35061374307 199.346445083618 4059.4586212039 39.5931792855263 4.50782033801079 21.8372776806355 5231.38818284869 9634.55173462629 2448.16098180413 6256.61168840528 34799.2736376226 82.028421536088 100.302170962095 3881.74973070621 0 3266.65276363492 25836.72019732 1.56442937254906 31.2904878556728 745.035291463137 1665.48698779941 75.6494474411011 2168.70714697242 331.11259251833 899.859274566174 308.467650681734 612.359686791897 161.544779449701 14.1327160000801 305.617558300495 26.2543017268181 221.52439302206 54.5628812611103 129.917384162545 42.1207376718521 2.55356192588806 37.5873401761055 8.47136697173119 87.2119391262531 207.140401482582 1.6639786362648 160.129657909274 1137.62449321151 198.423608124256 700.901579350233 722.767607331276 3.5960773229599 89.2025052309036 0.877972364425659 183.297783955932 18.3219183087349 207.028975695372 27.4369025528431 1.58763587474823 9.57486987113953 141.511892288923 372.193387508392 207.689703524113 330.582181125879 1599.7359355092 7.06633600592613 41.9537566006184 230.499060988426 2299.49558153749 239.989601179957 289.906897723675 0.439738482236862 3.80594170093536 28.0341060310602 147.020311161876 33.1787141561508
17260.1068997979 27.435686185956 58.2916649281979 130.051011562347 210.72738930583 1510.7774938941 6463.47626963258 2931.90531012416 1367.94831827283 1549.90707749128 320.540623366833 184.611288189888 30.3997035622597 11159.2060339749 50.0364899337292 55.248715698719 36.8860368132591 11.15255433321 41.3415749669075 152.002508282661 294.275254845619 166.805682510138 420.038461744785 1749.29877926409 15.5775806903839 98.1420643031597 193.718516886234 3266.65276363492 0 18381.1471718848 4.13967132568359 2210.33610644937 17406.2830321789 5411.98737046123 96.7508189678192 3530.32534050941 184.741404235363 2495.14824622869 244.891868591309 881.908424437046 1216.83578404784 10.207896053791 69.9479799568653 5.72320368885994 66.7375792860985 14.8220908939838 22.4672086238861 2.84419658780098 0 11.4743340313435 0.505257248878479 9.08145797252655 8.70920306444168 0 16.2103516757488 228.76468244195 27.9245611727238 163.909667551517 44.2010789513588 1.00169515609741 3.29869797825813 1.42560684680939 35.6213898062706 4.79448068141937 20.5363771021366 3.70096296072006 1.35574567317963 4.25765624642372 4.65748047828674 53.027857452631 28.4650962650776 33.7382650673389 331.768283814192 0 5.86140239238739 22.0236464142799 385.556101039052 47.4161777198315 75.1746280044317 0 0 9.38187077641487 24.8088865578175 24.2206809520721
4078.39372172952 172.124282240868 1242.67705991864 45.0408295691013 7.143236130476 393.01482090354 19880.9542409778 1703.92371019721 1998.84569749236 715.580796927214 43.8373008668423 23.9087815284729 48.4953732639551 5642.19301331043 31.7997568547726 2571.57465273142 42.8075815141201 3.02468857169151 24.6370390951633 30.8359087705612 44376.8979012966 2130.55500733852 15386.0071175098 3420.4770372659 80.3794151842594 122.784516990185 2980.09191524982 25836.72019732 18381.1471718848 0 0 21.3570094704628 1209.02729803324 4143.12034702301 126.427801638842 5684.17182791233 1059.35772255063 1699.38402503729 933.043421179056 594.532482624054 145.537905037403 7.43851265311241 201.153389930725 42.4575254917145 113.865927398205 42.2113794088364 42.1611955165863 1.07724297046661 0.70689058303833 15.0981985926628 6.26541018486023 81.2993619441986 3.96391120553017 0 16.3870238959789 271.942209675908 35.6925874948502 231.243184536695 43.8680150210857 3.9181809425354 4.4116325378418 0.379922449588776 49.6660666167736 0.331279247999191 354.436034739017 21.5329025387764 0.777197539806366 5.91488569974899 3.67144623398781 548.173856526613 265.611538559198 464.624902367592 694.702577680349 0.697750210762024 60.437483727932 260.05413249135 757.819945424795 100.300016790628 207.314337313175 0 1.38530364632607 17.0890215039253 88.9474372267723 68.5657022595406
0 56.6477449834347 27.1304852962494 0 0 1.04695153236389 0.487965255975723 2.70500218868256 10.1077009141445 1.24601352214813 1439.02349507809 0 1723.43599233031 4.91919893026352 0 0.69647890329361 10.2384760379791 130.468605577946 60.0127269625664 0 2.13642156124115 34.118907302618 7.63008153438568 11.1503469049931 162.10537108779 1052.88736128807 2409.9566540122 1.56442937254906 4.13967132568359 0 0 0 0 76.5752714276314 4.08567985892296 34.0802933573723 313.836400538683 196.885590583086 19.5181331038475 3.90797340869904 0 14.3744453787804 2.59789687395096 48.8662140369415 9.58289209008217 0 0 0 4.02469122409821 0 3.51597774028778 2.92165356874466 0 0 0 0 0 0 0 20.8799088001251 0 49.4897689819336 0 0 0 3.22433084249496 16.2332316637039 6.86692887544632 0 0 1.7945259809494 0.450768500566483 0 34.5172294080257 61.0187034010887 41.7287141978741 0 0 1.0738890171051 6.00359696149826 0 0 0 0
