0 1.89769285917282 191.810527682304 54.4596384167671 3.2982305586338 233.356825649738 5448.2907525301 1417.18848496675 126.970985263586 658.254256904125 18.5168838799 63.2799494862556 2.82502201199532 13275.1549650729 3.64064747095108 23.096511900425 165.146655827761 2.28610509634018 25.395614117384 86.6411639750004 315.400376111269 63.0488298237324 559.048739403486 279.77727791667 0 62.9666857719421 59.4898748993874 392.508282452822 12716.4043186307 4324.45960471034 0 9.05856338143349 380.099283307791 298.193282961845 27.7345318496227 217.077680081129 12.6898775100708 208.239418148994 36.9532997906208 40.3834286630154 18.0933106541634 3.52018672227859 20.0006256699562 0 9.56444352865219 5.38364362716675 1.90597480535507 2.57348883152008 0 6.93236267566681 0 4.13617756962776 3.21450686454773 0 4.44561645388603 29.907374560833 7.77408042550087 18.3218156099319 11.384129345417 0.420640736818314 0 0 10.6709548830986 1.08218765258789 5.53605371713638 2.25272333621979 0 0 0.943987131118774 11.0421248972416 12.3275776803493 15.2643990814686 88.653764218092 0 3.96501588821411 3.39050531387329 40.4715312123299 20.7462107241154 20.323944747448 0 0 2.42021095752716 9.11185896396637 3.17265927791595
1.89769285917282 0 1112.31024032831 4.32474479079247 1.03016948699951 3.15817680954933 28.9112097918987 16.5543391406536 542.367555946112 5.04889836907387 308.169593632221 8.77959689497948 483.109156221151 17.2816091775894 6.05712080001831 134.188717931509 722.719648808241 77.514546751976 277.776682704687 0 50.959512591362 2655.75207686424 398.303222060204 342.653979688883 3322.78025752306 2067.72196337581 9753.14483007789 35.6242368221283 24.1066282093525 46.688684284687 36.2778829038143 2.9018851518631 4.65080592036247 282.508122354746 12.1790696084499 507.201280206442 555.983158528805 972.515154629946 213.841066807508 38.7752184867859 6.14525735378265 97.8172300457954 24.1577571034431 34.1450881361961 42.8339902460575 20.9080417156219 0 0 2.0095043182373 1.18086361885071 185.127422392368 73.3402585983276 0 0 0.263526767492294 3.20465606451035 0.9327592253685 1.25781792402267 0.892696559429169 25.9865114688873 0.649601221084595 23.2800244688988 4.30330848693848 0 5.37651634216309 48.9627803266048 21.5837790369987 54.5901210904121 0.582826912403107 6.41056770086288 15.2688925266266 15.6316670179367 17.5430295467377 22.4908301830292 442.770510852337 574.921916753054 1.01403144001961 4.38786524534225 4.53837114572525 3.898053586483 0 0 30.9677264094353 1.33035385608673
191.810527682304 1112.31024032831 0 23.6996823251247 0.475762784481049 71.9620379805565 1309.63825938106 265.856479361653 125.170929908752 101.821921110153 150.437247306108 12.2702595591545 22.4855316281319 343.648726820946 5.66190305352211 318.709594637156 5113.37445151806 91.3806601464748 532.260006517172 14.6286107897758 2128.5890930593 632.997794121504 12734.5264021158 582.159395992756 36.6090249717236 11647.131256789 7989.18455210328 1300.3063492775 291.360511600971 1251.56411781907 4.00754991173744 3.24469366669655 63.4102545082569 1133.27557691932 92.5788497924805 2445.81567016244 1369.83141008019 3124.28684613109 1014.43307384849 187.320177853107 27.9300899505615 13.8310649394989 147.978098750114 69.3323296904564 132.155288100243 62.6372173428535 10.5234538316727 3.83520883321762 1.16758322715759 7.52995485067368 190.847280740738 498.102700829506 1.93468743562698 0 3.89233043789864 31.6967040896416 12.2347091138363 27.7536117732525 2.84893846511841 7.82761010527611 2.31834888458252 6.0875107049942 14.3524234592915 0 51.5992431640625 175.333112120628 9.52352035045624 52.759418964386 1.54312708973885 65.6688587367535 102.035462588072 215.245796382427 83.7735987305641 13.8838248848915 441.209473401308 1215.72915738821 57.1326611042023 20.5560868680477 55.3352512419224 0 0.651237428188324 7.41866591572762 88.4684237837791 18.453242868185
54.4596384167671 4.32474479079247 23.6996823251247 0 3.50185057520866 420.253252148628 638.465196996927 203.113272950053 641.29841375351 15015.7575342953 1.63315173983574 1838.0982939899 0.381183177232742 202.052230328321 89.3813157081604 18.020198315382 5.5420335829258 0 2.53826719522476 33541.670894742 28.7059390544891 26.9905917048454 41.3196893930435 5042.93586945534 0 6.56320902705193 27.4927642941475 12825.6323308349 197.597198575735 43.099189043045 0 2.28059729933739 41.0061751306057 55.1746529340744 76.7972326278687 169.509759277105 7.49146866798401 124.678761005402 32.038709372282 152.904586970806 27.6910337209702 0 12.7958341538906 0.50356251001358 9.40331095457077 2.88500559329987 25.8110775053501 0 0 5.11669170856476 2.69177907705307 3.2488762140274 506.965881437063 0 113.784288614988 114.738645344973 20.9084821641445 127.433999747038 384.847222328186 0 196.173431068659 1.57672953605652 26.7790707051754 12.5259070396423 2.85898047685623 0 0.674428582191467 0 297.624243199825 3.34311985969543 4.50992155075073 1.70918229222298 376.324481636286 0.775937616825104 2.56232440471649 2.66215401887894 129.684964627028 18.7668479382992 11.1225387454033 0 0 2.95539849996567 11.7643545269966 3.49202352762222
3.2982305586338 1.03016948699951 0.475762784481049 3.50185057520866 0 989.902894616127 7.68911439180374 945.154504567385 113.980518490076 19.3989050090313 33.6529684662819 83.8647575974464 9.98529577255249 221.166470676661 2362.81530195475 1.03030526638031 0.914340943098068 0 0.433844268321991 4.36389476060867 0 5.84242078661919 1.66228312253952 51.8658391535282 3.80530393123627 2.41758722066879 2.0775049328804 14.4599917829037 585.085397154093 1.41239422559738 0 1849.49701905251 0.571388363838196 1529.40261921287 3.7127742767334 38.594055891037 3.24714016914368 119.70177179575 5.19668215513229 4935.19050231576 2371.81772616506 3.65927612781525 0 0.350688517093658 0 0 0 0 0 0 0 1.14921545982361 0.560617923736572 0 1.54586625099182 0 0 0.880240082740784 0.680521070957184 0 3.53938770294189 0 0 0 0 0 0 0 0.890219211578369 0 0 0 2.8016049861908 0 0 0 0.933568894863129 1.3213222026825 0 0 0 0 0 0
233.356825649738 3.15817680954933 71.9620379805565 420.253252148628 989.902894616127 0 4594.98023566604 22639.0500646681 627.830208390951 16898.0891590416 88.6446583867073 11210.722663343 15.3924249708652 2246.29176433384 1433.18944397569 23.9778738617897 19.9060224890709 3.80169871449471 5.88582137227058 984.853259176016 59.6691246628761 37.3214638829231 130.292995363474 599.541788637638 2.09221026301384 25.3755654394627 26.7276301980019 1193.90679295361 1035.370914042 259.024139285088 0 1536.0599835515 56.6078635454178 988.265066996217 2903.98059865832 476.224217355251 30.4755560457706 429.22832852602 81.9032672941685 4232.66512288153 942.405976802111 10.8158407509327 33.278705149889 3.7199182510376 22.0199508965015 6.62473878264427 23.1558649092913 0.881274998188019 0 5.64445051550865 0.84384673833847 2.62455177307129 67.3258037567139 0 85.3684033751488 145.782008200884 24.1737226247787 68.2827307879925 185.025453463197 0 46.85584461689 0 31.0614736974239 8.70689129829407 6.25335761904716 1.81163549423218 1.63389432430267 0 66.8133708834648 4.83241033554077 2.6165035367012 11.4430639743805 354.088568001986 0 2.10587006807327 7.15821442008018 141.240715444088 36.1310172975063 6.95644551515579 0 0 1.97336396574974 16.735204860568 4.42052733898163
5448.2907525301 28.9112097918987 1309.63825938106 638.465196996927 7.68911439180374 4594.98023566604 0 5322.81792278588 1014.863486588 22730.1806787401 25.790554702282 573.33443287015 6.18455168604851 7680.64608561993 41.9889258146286 177.737999200821 231.788759917021 1.07223936915398 33.7973218262196 1474.84017366171 1528.42641159892 217.246577948332 2441.41185045242 3440.0912130177 8.07209855318069 222.041629642248 360.681862294674 16318.4660345614 3619.83686180413 23397.763135314 1.22399351000786 22.2741007208824 308.416082292795 666.875525251031 163.666433334351 965.934113323689 70.0655011534691 696.610779136419 160.145985782146 187.063273876905 87.6423137784004 5.02026733756065 135.284994721413 10.7166286706924 82.2466569840908 30.6456523537636 25.9102645218372 14.5540773272514 0.67023116350174 37.7347111999989 7.56966990232468 16.2725966870785 59.6879584789276 2.62910580635071 118.76237860322 318.87854424119 76.293366253376 176.084081232548 166.622372537851 3.39351677894592 35.7379714250565 0.670470535755157 114.195687264204 5.49793216586113 41.0561082959175 6.55357772111893 0 0.501394391059875 74.5700607001781 65.0109902918339 29.0092590749264 62.4159059822559 895.41260702908 1.29456520080566 3.9908193051815 26.7657738626003 417.886334717274 151.87430948019 112.578621894121 0 0.570233762264252 24.5082410871983 85.9390926361084 14.4544657170773
1417.18848496675 16.5543391406536 265.856479361653 203.113272950053 945.154504567385 22639.0500646681 5322.81792278588 0 474.743137508631 4152.08883351088 246.784453749657 1822.31633031368 71.9014917314053 16677.8877596855 617.398307561874 43.1655741930008 104.797203063965 6.219896286726 32.333511531353 360.052701741457 271.99176004529 89.815589427948 512.757301479578 832.91959810257 11.1026271879673 91.1876468062401 88.8087834119797 1084.01672409475 3294.92357462645 1332.99158030748 0 2062.88604331017 82.1808527708054 1742.27584680915 217.085457473993 734.368913352489 67.3384357392788 585.166362673044 129.672480762005 1582.84442695975 1088.30554923415 29.9054445028305 46.2596330940723 4.41637480258942 37.2941200733185 6.95904126763344 11.1901291310787 6.50199681520462 2.40482378005981 11.7340123355389 1.44822835922241 6.20260825753212 7.8215968310833 0.471932888031006 42.1909155845642 126.86824169755 30.9160656929016 60.6853418052197 49.7914508879185 2.18812942504883 13.0413781404495 0 49.4055957645178 3.14687329530716 13.1832404136658 1.98641166090965 0 0 14.5164767503738 21.3350735008717 13.0299138128757 26.3565870821476 328.08849132061 0 4.28620335459709 13.0504727065563 143.955711036921 67.3980697989464 47.3530624806881 0 0.597937405109406 3.36340725421906 25.3395357728004 4.56823167204857
126.970985263586 542.367555946112 125.170929908752 641.29841375351 113.980518490076 627.830208390951 1014.863486588 474.743137508631 0 879.77423235774 39.1234323084354 2339.0301437974 57.0478658974171 396.956535100937 1885.82046169043 176.133603274822 46.4647285342216 5.81483832001686 23.0578588247299 667.095164686441 188.058368802071 4888.10945147276 228.839640468359 11057.8210957646 210.031275600195 138.874667435884 810.962174773216 1226.12799084187 432.902560740709 601.84582054615 2.77058845758438 6.81308600306511 132.349954605103 207.256367206573 126.102403730154 565.997712105513 48.0883969962597 312.01560690999 82.8010461330414 1880.33155450225 47.8635024428368 4.2446129322052 88.2731864452362 6.01163339614868 47.1529904007912 10.3502395153046 94.3418689072132 7.12502431869507 0.687941193580627 15.1767544150352 11.6689922213554 15.3950209915638 230.96700823307 3.89964282512665 144.959844723344 202.370632767677 49.4170378446579 388.839401841164 303.730028867722 4.1898752450943 209.612188398838 0.981945484876633 61.1211202442646 47.8675510287285 26.6928688883781 4.00961571931839 0 1.22915756702423 230.648715108633 27.9000658094883 40.1083120107651 58.9065780341625 789.385694086552 1.34292069077492 12.0026935040951 25.0031063258648 277.454596012831 84.7009456157684 67.5486444234848 0 1.78854566812515 12.2325915396214 53.1389055848122 9.35133716464043
658.254256904125 5.04889836907387 101.821921110153 15015.7575342953 19.3989050090313 16898.0891590416 22730.1806787401 4152.08883351088 879.77423235774 0 28.1440940499306 15534.2852489948 10.6668472290039 3409.94824519753 119.989013582468 29.2533241808414 26.8603101968765 1.68615186214447 4.00449186563492 17392.6708671749 81.3317315578461 46.8972290456295 167.563421353698 2344.39365771413 1.16340824961662 25.2980063855648 42.6374492943287 10296.6198466718 1673.77790662646 347.592471003532 0 30.7642295956612 169.236549466848 477.136747300625 1198.73675990105 1001.088065207 41.2721597552299 685.821314394474 126.174392312765 353.34609952569 118.197537600994 2.44687509536743 35.4555618464947 1.49265724420547 41.2951599359512 2.64604496955872 68.6772210001945 1.95274549722672 0 11.6937448978424 5.38270699977875 10.951090157032 336.015480667353 1.10294926166534 253.05688919127 287.152727395296 68.0118921399117 210.923465788364 697.485554695129 0 197.144992679358 0 52.2607891857624 13.0745533704758 7.23343592882156 1.03970170021057 0 0.835860431194305 355.067737787962 12.1475374996662 13.3751308321953 15.341077208519 883.086810022593 0.908082842826843 4.33893269300461 4.6694498360157 383.220964044333 72.0293483138084 14.1376298666 0 2.22556683421135 6.88806223869324 29.4701828956604 7.55158612132072
18.5168838799 308.169593632221 150.437247306108 1.63315173983574 33.6529684662819 88.6446583867073 25.790554702282 246.784453749657 39.1234323084354 28.1440940499306 0 33.3972211480141 11497.7704708874 323.331016749144 8.97582942247391 12.8238318562508 466.897599965334 4709.51629024744 4103.65527543426 10.3946144580841 26.5011211335659 97.3461385071278 91.7507462203503 43.4373565018177 2564.67398619652 14479.4683021009 3740.08682611585 17.7205917239189 272.755379974842 25.8732311427593 1717.44703483582 92.6333305835724 9.80483597517014 7001.56145474315 3.70843476057053 249.056829601526 4157.04450118542 6413.68863919377 217.691267222166 39.2789648771286 18.8531583845615 2380.35446038842 1.99342358112335 65.6164628863335 37.5941216647625 1.38926553726196 1.21258664131165 1.6098119020462 42.8637164831161 0 38.9167800545692 3.78358459472656 0 0 0 0 0.274465620517731 1.42039254307747 0 207.483340293169 0 317.759912192822 4.20918452739716 0 0 2.82870817184448 57.5167846679688 22.7701011896133 0.39197164773941 2.87768340110779 2.86298254132271 4.41560080647469 7.56635931134224 131.728504180908 202.207285910845 141.97152620554 1.92076808214188 2.56510433554649 1.29575538635254 29.0788408517838 0 0 23.9904438853264 1.43404066562653
63.2799494862556 8.77959689497948 12.2702595591545 1838.0982939899 83.8647575974464 11210.722663343 573.33443287015 1822.31633031368 2339.0301437974 15534.2852489948 33.3972211480141 0 6.58409038186073 751.842279672623 2104.73791635036 8.94621068239212 5.09605401754379 2.22395187616348 1.34890615940094 28399.6439207196 7.94805300235748 36.1139626801014 24.3040592372417 929.518622219563 2.82354953885078 10.6812258064747 19.7691995501518 700.684185773134 407.091969043016 43.010323882103 0 33.7342830002308 15.0072618722916 273.432947188616 6211.79030936956 299.686659604311 13.8209808170795 278.665039569139 36.8162410855293 2578.4417309165 62.7642006278038 1.71172142028809 5.60437723994255 0 1.86162263154984 2.31012865900993 87.9910922050476 6.0203458070755 0 2.0769602060318 0 1.98524278402328 118.854882627726 1.81239104270935 104.548101991415 62.7587568163872 14.3227372020483 194.691468894482 207.280085206032 0 707.849650412798 0 14.2430277466774 35.9967508018017 3.10006240010262 0.836432874202728 0 0 178.399024456739 0.772975325584412 6.42866760492325 2.08131450414658 209.549003839493 1.27054262161255 0 2.13244330883026 72.2453011870384 10.8248176574707 4.37036526203156 0 0 0.868596494197845 7.04548558592796 4.588851749897
2.82502201199532 483.109156221151 22.4855316281319 0.381183177232742 9.98529577255249 15.3924249708652 6.18455168604851 71.9014917314053 57.0478658974171 10.6668472290039 11497.7704708874 6.58409038186073 0 67.2917464673519 3.28880009055138 6.53063857555389 20.0299752950668 204.682235240936 108.027226597071 3.51302087306976 3.7547904253006 195.968821525574 14.4739190042019 20.4278629124165 6399.68272963166 3053.53761473298 6299.0567137301 55.3141212761402 44.2446106076241 6.40754115581512 3798.56083524227 25.8152430951595 0.876447021961212 1169.43657621741 15.944482922554 395.546190947294 2934.15380942822 2462.30294510722 272.817722409964 10.5052307248116 289.613055944443 4739.44484066963 18.8568291068077 118.898085057735 33.468090236187 25.6404466331005 1.02621126174927 7.86075735092163 58.2583178877831 0 27.5936541259289 1.70626962184906 0 0 0.333918511867523 2.11913204193115 0 2.01163080334663 0 269.748355031013 0 393.11305257678 1.0729011297226 0 0 3.35766249895096 61.2840949296951 13.9528819322586 1.24603962898254 0.61934357881546 0.641586899757385 0.581183135509491 3.87446665763855 126.823695898056 134.95018979907 70.0183485746384 1.73410999774933 2.27629482746124 0 25.128829240799 1.65889626741409 0 28.4454759955406 5.05306762456894
13275.1549650729 17.2816091775894 343.648726820946 202.052230328321 221.166470676661 2246.29176433384 7680.64608561993 16677.8877596855 396.956535100937 3409.94824519753 323.331016749144 751.842279672623 67.2917464673519 0 112.26204136014 42.384643048048 230.955457359552 17.9378801882267 43.126767501235 350.611589103937 390.8387568295 125.200183600187 721.660755217075 887.445090949535 7.59722411632538 143.9894348979 123.66561627388 1030.64811675251 10579.3448877037 2419.20835037529 3.75972577929497 847.891444265842 168.707823932171 2079.82138557732 116.805652081966 902.11078581214 95.550902068615 897.594548016787 103.492772072554 438.244353681803 384.103003293276 19.0454404950142 47.2442757189274 0.866824686527252 32.6011211574078 8.4055991768837 13.823734909296 6.00327464938164 0 10.8226907849312 2.82156264781952 4.3083770275116 2.96047234535217 0 30.5938538610935 95.375202268362 21.1857914924622 46.1737536787987 35.3999938368797 2.19613373279572 6.69975298643112 0 40.3575955927372 0.924483329057693 19.3661040961742 3.24066960811615 1.25614607334137 0.77260023355484 11.2624368667603 34.3915527760983 9.72525197267532 25.5053949803114 244.667861789465 0 4.8564840555191 5.55236029624939 151.491788387299 62.6363945007324 42.1954616904259 0 0 6.43788203597069 29.8136854469776 6.90292480587959
3.64064747095108 6.05712080001831 5.66190305352211 89.3813157081604 2362.81530195475 1433.18944397569 41.9889258146286 617.398307561874 1885.82046169043 119.989013582468 8.97582942247391 2104.73791635036 3.28880009055138 112.26204136014 0 3.45203307271004 3.0839755833149 0 1.21601510047913 120.836491793394 1.85142421722412 68.0361169874668 9.37916314601898 651.31021219492 3.56826999783516 5.98462331295013 24.2727779448032 81.7962280809879 60.602848649025 10.5267947018147 0 70.7458719909191 5.79438725113869 59.7074848115444 433.465315341949 31.3754919171333 3.94825983047485 19.0895677804947 11.8722053766251 11091.5341185927 79.4402120113373 0 3.41207778453827 1.57340729236603 1.54546344280243 5.5820797085762 10.8420398831367 0 0 0 0.669759929180145 1.72562658786774 11.6517262160778 0 4.16791152954102 1.70107999444008 1.60619014501572 23.5170456171036 13.7386775314808 0 13.8417980074883 0 0.262265533208847 4.82673758268356 0 0 0 0 10.5985406935215 0.882450699806213 0 0.631899833679199 27.6339886188507 0 0 1.50076770782471 15.4013158082962 1.80290234088898 1.25800514221191 0 0 0 0 128.527410656214
23.096511900425 134.188717931509 318.709594637156 18.020198315382 1.03030526638031 23.9778738617897 177.737999200821 43.1655741930008 176.133603274822 29.2533241808414 12.8238318562508 8.94621068239212 6.53063857555389 42.384643048048 3.45203307271004 0 177.462127745152 8.35650286078453 29.7318481504917 13.5362277030945 9045.45059767365 2975.44951415062 23783.8067173064 2421.78188969195 16.3659279048443 209.029627084732 7365.14728024602 2106.2172023654 131.704982727766 696.625032156706 1.59741109609604 4.97943699359894 82.1167053878307 545.76362273097 59.3629293739796 1366.51532360911 267.754121422768 720.839459806681 308.578791707754 90.7467625141144 26.1913099884987 0.86561518907547 171.719253897667 25.1092728376389 119.395655095577 39.5407913327217 6.96238589286804 3.13921582698822 0 6.90667176246643 2.57794505357742 62.052486628294 0.544831812381744 0 5.84066957235336 26.941913664341 8.77890610694885 34.4790616929531 6.90230432152748 0 0.639945805072784 2.49099522829056 9.62536913156509 0 345.47791877389 13.450793504715 0 1.22906082868576 1.20496022701263 273.896808773279 236.310766220093 574.059969872236 201.636930435896 1.05923211574554 26.3512745797634 150.511484116316 98.8274296820164 39.4554867744446 154.714233756065 1.0016975402832 0 6.59924980998039 70.4769869148731 15.3528317809105
165.146655827761 722.719648808241 5113.37445151806 5.5420335829258 0.914340943098068 19.9060224890709 231.788759917021 104.797203063965 46.4647285342216 26.8603101968765 466.897599965334 5.09605401754379 20.0299752950668 230.955457359552 3.0839755833149 177.462127745152 0 404.437356442213 7835.90353512764 3.83427739143372 1115.55700007081 253.677770912647 10684.6264724135 123.563346505165 61.3616328239441 6684.58353033662 3777.95868557692 230.883376449347 416.919826239347 792.880030632019 7.61636477708817 2.21808105707169 85.908617913723 1560.78305336833 13.054646551609 533.278144538403 574.546673744917 1590.15676218271 220.189699798822 31.0016376078129 4.08632266521454 8.47622609138489 21.1838320493698 20.7128620147705 20.7489244043827 22.3377436995506 1.63644659519196 0 1.07867893576622 0.682900071144104 64.5691456794739 53.7862598001957 0 0 1.17906212806702 5.1550135910511 1.33651316165924 2.51563876867294 0.767705857753754 9.05990481376648 0 7.28274607658386 1.16908657550812 0 16.1577771306038 26.4379014968872 8.02617114782333 29.1474602222443 0 14.6636629998684 23.506847858429 45.2739505171776 14.7567843198776 7.86480236053467 187.046042770147 243.612172693014 9.76709946990013 0.96876060962677 12.9134360849857 0.461715042591095 0 0 23.1660261750221 4.16871184110641
2.28610509634018 77.514546751976 91.3806601464748 0 0 3.80169871449471 1.07223936915398 6.219896286726 5.81483832001686 1.68615186214447 4709.51629024744 2.22395187616348 204.682235240936 17.9378801882267 0 8.35650286078453 404.437356442213 0 4869.24249753356 0.502122938632965 12.381031781435 27.3282763361931 53.9382081627846 9.31797528266907 426.043812513351 7727.46392762661 907.765371322632 4.32790872454643 14.3144342005253 6.74936842918396 102.664595007896 0 1.05322420597076 222.266593426466 0 69.8771706223488 189.700388580561 479.414042443037 46.1433104872704 3.95702373981476 0 18.6985043883324 5.32618427276611 16.2819241881371 9.55225908756256 3.69521057605743 0 0 0.888064205646515 0 3.80960133671761 1.32223057746887 0 0 1.32236051559448 0 0 0 0 59.563458442688 0 89.7196968495846 1.51850748062134 0 1.91216057538986 0 25.0252612829208 14.2887926697731 0 0.520354866981506 0 1.06830155849457 1.50647008419037 47.4933817982674 110.755166530609 76.8810086846352 0.489372581243515 0 0 11.3975992202759 0 0 4.30318713188171 0
25.395614117384 277.776682704687 532.260006517172 2.53826719522476 0.433844268321991 5.88582137227058 33.7973218262196 32.333511531353 23.0578588247299 4.00449186563492 4103.65527543426 1.34890615940094 108.027226597071 43.126767501235 1.21601510047913 29.7318481504917 7835.90353512764 4869.24249753356 0 5.20217770338058 106.087716817856 69.2126029729843 663.374903649092 26.739258825779 370.685076385736 6907.15646675229 1990.44842621684 25.6293048858643 74.6658191382885 94.1305378079414 28.2523312270641 1.35896027088165 23.3780169785023 812.750049889088 1.96150889992714 295.881912827492 302.604016602039 1136.45350769162 124.759876906872 13.0466834902763 4.33291774988174 14.5683658123016 9.29442423582077 14.516152381897 14.2299216985703 6.32733851671219 0 0 0 0 51.1451988220215 12.5596291422844 1.67857301235199 0 0 1.46489334106445 0 0 0 31.5590714216232 0 45.6695427894592 0 0 4.57086658477783 6.10617250204086 24.6561868190765 20.0334084033966 0 2.96527898311615 6.07726794481277 13.8175342082977 3.36212646961212 26.2749363183975 247.924483120441 185.166281223297 0 1.03409314155579 2.80230331420898 7.24251478910446 0 0 4.68751704692841 2.88919162750244
86.6411639750004 0 14.6286107897758 33541.670894742 4.36389476060867 984.853259176016 1474.84017366171 360.052701741457 667.095164686441 17392.6708671749 10.3946144580841 28399.6439207196 3.51302087306976 350.611589103937 120.836491793394 13.5362277030945 3.83427739143372 0.502122938632965 5.20217770338058 0 12.5425524711609 24.0619029998779 29.5025436878204 2932.56976282597 0 5.63248711824417 20.4451934695244 3151.85095697641 303.344542711973 56.0121733546257 0 7.06715968251228 36.8506283760071 92.8559007048607 331.520036607981 205.102051377296 4.90945878624916 147.094496935606 31.263942450285 201.160820275545 20.4868476986885 3.43842053413391 11.7002952694893 0 12.8484573960304 2.75887107849121 46.3838678598404 1.54993596673012 0 5.77431327104568 0.419167280197144 3.90707051753998 282.677873075008 2.2255899310112 119.974581152201 120.35553792119 27.8078662455082 117.85914516449 346.854679167271 0 220.496732443571 0.357638955116272 28.1304290890694 12.0634946227074 1.58455872535706 0.530856192111969 0 0 293.652655154467 4.25458770990372 7.97140318155289 4.31082007288933 396.833807826042 0 1.89727795124054 2.32946214079857 179.294203311205 19.7448519468307 7.18264746665955 0 0 2.11576724052429 6.73297131061554 0
315.400376111269 50.959512591362 2128.5890930593 28.7059390544891 0 59.6691246628761 1528.42641159892 271.99176004529 188.058368802071 81.3317315578461 26.5011211335659 7.94805300235748 3.7547904253006 390.8387568295 1.85142421722412 9045.45059767365 1115.55700007081 12.381031781435 106.087716817856 12.5425524711609 0 1215.1225939095 24357.9074110687 1744.42662671208 7.6075048148632 327.307019174099 1004.12577602267 9941.80489379168 778.952544808388 14630.7688801587 0.602123081684113 2.16353821754456 277.225706040859 3175.83508309722 122.579377412796 2290.35140237212 345.331484764814 2192.76142022014 606.066704362631 160.810561656952 55.5216877162457 2.04338067770004 199.470674157143 46.5667538642883 119.830325186253 44.1803879737854 15.2013466954231 4.08106940984726 0 13.3155011236668 2.14796894788742 63.5283557772636 1.53720140457153 0 9.10850337147713 53.8889898061752 12.8913096487522 68.3603612482548 6.85233306884766 1.43440371751785 1.9676705300808 1.22449591755867 19.5758500099182 2.15233677625656 368.691522210836 21.0463943183422 1.46593660116196 6.01549500226974 3.13319665193558 518.449248462915 211.90347763896 528.626906067133 299.685902893543 0 23.2009617090225 129.248966991901 192.598753333092 74.3428302705288 347.714687496424 0 0 18.1553257703781 106.872331678867 31.9968041181564
63.0488298237324 2655.75207686424 632.997794121504 26.9905917048454 5.84242078661919 37.3214638829231 217.246577948332 89.815589427948 4888.10945147276 46.8972290456295 97.3461385071278 36.1139626801014 195.968821525574 125.200183600187 68.0361169874668 2975.44951415062 253.677770912647 27.3282763361931 69.2126029729843 24.0619029998779 1215.1225939095 0 3161.84322521091 7191.44822064042 712.053294211626 512.325216054916 7253.34150111675 691.824082225561 243.043602108955 923.477829605341 17.3747409582138 1.50009828805923 120.659079998732 514.234484940767 53.403793245554 1282.42793986201 332.76804047823 968.029673546553 333.378255337477 182.432157993317 26.9342744648457 41.7882579267025 157.510306596756 37.6781176328659 101.082554936409 52.2796736955643 10.1050362586975 2.15867885947227 0.957334041595459 11.6774082481861 69.0816784501076 173.945290029049 5.34247505664825 0 10.4382461309433 42.8900260925293 15.244372010231 76.6156888604164 16.7184289395809 5.69714015722275 3.22208020091057 11.8833028674126 24.3424356281757 0 215.940247058868 19.5357887744904 6.46824026107788 11.6746065020561 4.94199848175049 160.577543586493 243.244052797556 384.146360784769 182.472154259682 5.26160687208176 70.5624703466892 362.167233794928 99.4155062139034 41.9281218349934 107.914237320423 0.712887644767761 0 15.2495313286781 78.0299811959267 9.75091326236725
559.048739403486 398.303222060204 12734.5264021158 41.3196893930435 1.66228312253952 130.292995363474 2441.41185045242 512.757301479578 228.839640468359 167.563421353698 91.7507462203503 24.3040592372417 14.4739190042019 721.660755217075 9.37916314601898 23783.8067173064 10684.6264724135 53.9382081627846 663.374903649092 29.5025436878204 24357.9074110687 3161.84322521091 0 1870.35652753711 32.0030897855759 1838.07095083594 10548.6560096145 5264.85830569267 1012.76951092482 5799.15302613378 1.14055821299553 4.38182657957077 284.66988620162 3625.35243648291 197.335613548756 3439.99568748474 1304.97678655386 3832.33435919881 1293.26458919048 282.684677273035 45.5645955204964 6.53211084008217 369.995625704527 101.301672905684 312.679114580154 158.14052593708 38.0834225714207 7.01550447940826 0 11.6703569293022 39.7843327522278 541.439451277256 1.96927946805954 0 7.02094566822052 94.048545062542 20.6927652657032 84.634121209383 14.8230562508106 7.46778923273087 2.42795121669769 0.982235610485077 44.7036808729172 0 594.250668466091 84.907733887434 2.87402620911598 17.0674696266651 3.61681866645813 351.400546640158 506.293914943933 1689.01403987408 259.01044228673 1.16318035125732 130.936292082071 1185.48685449362 189.027559220791 71.0906706154346 217.538333594799 1.21416211128235 1.00740638375282 14.5989275574684 193.715781927109 42.6227059960365
279.77727791667 342.653979688883 582.159395992756 5042.93586945534 51.8658391535282 599.541788637638 3440.0912130177 832.91959810257 11057.8210957646 2344.39365771413 43.4373565018177 929.518622219563 20.4278629124165 887.445090949535 651.31021219492 2421.78188969195 123.563346505165 9.31797528266907 26.739258825779 2932.56976282597 1744.42662671208 7191.44822064042 1870.35652753711 0 74.6255531609058 257.496265530586 1915.65837231278 26011.63823843 1259.10637542605 1964.51134744287 0.404462695121765 15.1212016642094 451.43807503581 887.319100707769 108.814943552017 2083.09302887321 155.105081915855 1045.9384906888 345.51214659214 632.183902949095 112.578143537045 3.79245576262474 419.185985982418 18.9404819011688 231.758322626352 78.1496462523937 68.8090852499008 27.5514487624168 0 94.9217442274094 19.5055258274078 50.235559374094 200.891450941563 0.757756173610687 260.66555917263 688.721686959267 191.589195385575 600.683137953281 536.46103951335 7.79350036382675 103.446114629507 3.50873109698296 262.412214070559 23.8081444203854 140.108005136251 7.55402812361717 3.03898644447327 2.01900473237038 240.79695057869 213.483599066734 179.210692673922 248.15766736865 2639.08929899335 1.60916191339493 31.4563847482204 96.5574277341366 1063.9571364224 356.250652372837 316.872310876846 0 4.35866302251816 50.0934138298035 210.545601338148 27.8743861019611
0 3322.78025752306 36.6090249717236 0 3.80530393123627 2.09221026301384 8.07209855318069 11.1026271879673 210.031275600195 1.16340824961662 2564.67398619652 2.82354953885078 6399.68272963166 7.59722411632538 3.56826999783516 16.3659279048443 61.3616328239441 426.043812513351 370.685076385736 0 7.6075048148632 712.053294211626 32.0030897855759 74.6255531609058 0 2500.35217538476 4654.03281417489 4.24156507849693 4.45848673582077 6.37229478359222 230.557724177837 1.48909711837769 2.6566549539566 174.333565354347 2.18789267539978 46.1168064773083 1515.86058375239 625.409127116203 28.2785566151142 3.63585489988327 1.92669582366943 1562.66894495487 9.27204656600952 103.341446638107 42.4654652476311 6.44107896089554 2.00162792205811 0 29.2841757535934 0 49.8027712404728 4.84322136640549 0.755025565624237 0 1.45020893216133 0 0 1.98329427838326 0 323.216863274574 0 473.09203773737 1.2754947245121 0 1.81988072395325 2.31784707307816 106.780614972115 32.2752622365952 0 0 12.2900568842888 3.72716021537781 2.3184120953083 206.560779988766 373.632427245378 208.140820980072 1.74824574589729 1.47029340267181 0 43.9843865036964 1.00136089324951 0 18.0184153020382 0
62.9666857719421 2067.72196337581 11647.131256789 6.56320902705193 2.41758722066879 25.3755654394627 222.041629642248 91.1876468062401 138.874667435884 25.2980063855648 14479.4683021009 10.6812258064747 3053.53761473298 143.9894348979 5.98462331295013 209.029627084732 6684.58353033662 7727.46392762661 6907.15646675229 5.63248711824417 327.307019174099 512.325216054916 1838.07095083594 257.496265530586 2500.35217538476 0 36973.3834725022 256.933534651995 162.353580862284 272.447940289974 3240.84513109922 8.30225509405136 29.4523503482342 1652.61796987057 36.4456481337547 1739.60016480088 2451.88790130615 4539.0692653954 790.738240420818 77.310568779707 11.0799716413021 95.4061177968979 90.6296151280403 118.462074935436 165.923698842525 35.5986515283585 4.46067142486572 1.65021586418152 7.89196246862411 0.711275517940521 368.631003767252 75.6594203710556 0 0 0.917729467153549 6.58363720774651 3.69199931621552 5.37189570069313 1.89531061053276 350.87152326107 2.07639956474304 545.896837711334 7.79808300733566 0 15.4656688570976 76.9042910039425 311.080353528261 334.116776138544 0 14.6927498579025 36.4037578701973 57.7250008881092 30.3464220166206 399.006620317698 2290.16784900427 1788.60577562451 17.1574150025845 7.46016770601273 15.5439549684525 80.3729326725006 0 1.22646081447601 89.2199404835701 6.19827285408974
59.4898748993874 9753.14483007789 7989.18455210328 27.4927642941475 2.0775049328804 26.7276301980019 360.681862294674 88.8087834119797 810.962174773216 42.6374492943287 3740.08682611585 19.7691995501518 6299.0567137301 123.66561627388 24.2727779448032 7365.14728024602 3777.95868557692 907.765371322632 1990.44842621684 20.4451934695244 1004.12577602267 7253.34150111675 10548.6560096145 1915.65837231278 4654.03281417489 36973.3834725022 0 786.047436833382 182.843363851309 476.084157168865 3064.74026474357 5.40200328826904 48.1500713825226 2174.65864875913 146.544227182865 3827.86704897881 2992.54824307561 5591.2185985446 1493.81302946806 239.526831299067 41.592168033123 113.391138583422 330.409109085798 227.771654307842 481.597270548344 141.961544394493 11.3011636734009 11.6269336342812 18.9395477771759 6.35934883356094 768.286431014538 994.802961796522 0.51560914516449 0.757302105426788 6.46222123503685 36.9465795755386 13.0891337692738 40.0511011183262 11.222345083952 302.604603797197 0.576338827610016 389.210385411978 30.1413878798485 2.81230702996254 128.200730919838 348.764162927866 278.04339954257 425.32155379653 1.69988676905632 104.564564913511 339.466481208801 673.244612127542 114.046831697226 341.227560311556 2932.59356954694 3752.86233744025 71.7202998101711 32.0234276652336 66.5301957130432 55.7849102020264 0 5.09487265348434 280.120221793652 42.8745485544205
392.508282452822 35.6242368221283 1300.3063492775 12825.6323308349 14.4599917829037 1193.90679295361 16318.4660345614 1084.01672409475 1226.12799084187 10296.6198466718 17.7205917239189 700.684185773134 55.3141212761402 1030.64811675251 81.7962280809879 2106.2172023654 230.883376449347 4.32790872454643 25.6293048858643 3151.85095697641 9941.80489379168 691.824082225561 5264.85830569267 26011.63823843 4.24156507849693 256.933534651995 786.047436833382 0 1534.51380193233 9112.88287174702 1.49180710315704 15.0399994850159 666.814843416214 1315.11531859636 174.329544752836 2303.8762101531 155.641957968473 1441.83082984388 367.29357406497 271.941524416208 169.331881254911 17.0039731264114 282.870651215315 22.6562971770763 145.927315115929 40.0458354949951 44.0183548927307 19.1581590771675 1.14242100715637 51.184320807457 6.11701059341431 40.7215015888214 153.910472631454 0 191.109719276428 439.391263276339 97.8220472633839 315.327866524458 373.88846039772 4.62308871746063 63.605145663023 0.750523209571838 163.425109803677 11.1734763383865 146.094822108746 10.1430296897888 0.880594551563263 3.84446305036545 133.649193644524 271.660525739193 111.697524875402 186.514133006334 1340.72633972764 0.510822176933289 12.8284984827042 61.1588080823421 686.205657988787 233.832538843155 317.000463008881 0 0 38.0884943902493 150.450515031815 35.9828507602215
12716.4043186307 24.1066282093525 291.360511600971 197.597198575735 585.085397154093 1035.370914042 3619.83686180413 3294.92357462645 432.902560740709 1673.77790662646 272.755379974842 407.091969043016 44.2446106076241 10579.3448877037 60.602848649025 131.704982727766 416.919826239347 14.3144342005253 74.6658191382885 303.344542711973 778.952544808388 243.043602108955 1012.76951092482 1259.10637542605 4.45848673582077 162.353580862284 182.843363851309 1534.51380193233 0 10091.1045916677 0 3109.65694308281 11391.3679916561 4004.22081917524 135.111110687256 1581.47540214658 149.055550009012 1654.77907392383 222.0628041327 417.08400401473 636.384093642235 20.7992417812347 71.5485683977604 3.96648135781288 49.453779399395 8.67816787958145 11.4268113970757 3.22319969534874 0 15.7286856174469 0.719885408878326 9.13935333490372 5.79754996299744 0 21.7415701150894 116.875076085329 24.8185963928699 76.9864993393421 37.6965630352497 0.68263441324234 4.66307070851326 0 50.7645582556725 1.96877723932266 44.3674344420433 1.7446970641613 0 1.11651289463043 12.2385542094707 66.9830659925938 24.6177994608879 52.1552261710167 347.589513748884 1.13992112874985 6.0860675573349 17.3205235898495 186.536134809256 65.7535729110241 96.278078109026 0 1.76519978046417 15.2227592766285 40.2751504182816 10.8021954298019
4324.45960471034 46.688684284687 1251.56411781907 43.099189043045 1.41239422559738 259.024139285088 23397.763135314 1332.99158030748 601.84582054615 347.592471003532 25.8732311427593 43.010323882103 6.40754115581512 2419.20835037529 10.5267947018147 696.625032156706 792.880030632019 6.74936842918396 94.1305378079414 56.0121733546257 14630.7688801587 923.477829605341 5799.15302613378 1964.51134744287 6.37229478359222 272.447940289974 476.084157168865 9112.88287174702 10091.1045916677 0 0 9.40242719650269 865.788540631533 2859.065818578 92.4523449242115 1463.71016299725 158.954591929913 1526.46471238136 319.936822235584 134.146310836077 64.8177768588066 2.0890451669693 250.241346597672 22.5018383264542 143.682095378637 47.5798105597496 24.1789944171906 8.56112152338028 0 27.4263655543327 3.67171281576157 38.3796926438808 7.96033269166946 0 15.9733261168003 195.970043569803 47.9252038896084 162.142059355974 18.7683072686195 0 2.20612579584122 1.42488348484039 78.797081887722 3.43619480729103 171.463110476732 6.45219820737839 0.398221671581268 1.39694532752037 5.43809568881989 365.941549122334 150.480159252882 211.67964014411 576.264966875315 0.438483476638794 13.1254914402962 50.5509553253651 415.764132291079 167.222070991993 336.671514451504 0 0.627956509590149 26.4301734566689 114.938098818064 13.091179817915
0 36.2778829038143 4.00754991173744 0 0 0 1.22399351000786 0 2.77058845758438 0 1717.44703483582 0 3798.56083524227 3.75972577929497 0 1.59741109609604 7.61636477708817 102.664595007896 28.2523312270641 0 0.602123081684113 17.3747409582138 1.14055821299553 0.404462695121765 230.557724177837 3240.84513109922 3064.74026474357 1.49180710315704 0 0 0 0 0 25.0209618210793 0 5.56672459840775 123.312123924494 88.9058259725571 4.16080009937286 0.427430212497711 0 23.3369397521019 0 11.1297448277473 4.42761027812958 1.41471695899963 0 0 2.07577908039093 0 1.56150478124619 0 0 0 0 0 0 0 1.16527724266052 36.4481437206268 0 51.6042887568474 0 0 0 0.67450886964798 15.6196892261505 3.34188652038574 0 0 0 0 0 21.8438531160355 26.0835947394371 19.7453173995018 0 0 0 6.38107264041901 0 0 1.46318066120148 0
9.05856338143349 2.9018851518631 3.24469366669655 2.28059729933739 1849.49701905251 1536.0599835515 22.2741007208824 2062.88604331017 6.81308600306511 30.7642295956612 92.6333305835724 33.7342830002308 25.8152430951595 847.891444265842 70.7458719909191 4.97943699359894 2.21808105707169 0 1.35896027088165 7.06715968251228 2.16353821754456 1.50009828805923 4.38182657957077 15.1212016642094 1.48909711837769 8.30225509405136 5.40200328826904 15.0399994850159 3109.65694308281 9.40242719650269 0 0 0.997346073389053 2891.62399977446 6.55078536272049 85.2550095915794 21.2132027745247 242.038851201534 25.5696296691895 353.955031275749 2102.15959709883 11.6942402124405 0 0 1.95303791761398 1.23263359069824 0 0 0 0 0 0 0 0 0.358994424343109 3.39542090892792 0.921848148107529 1.1973340511322 0 0 0 0 0.280283480882645 0 0 0 0 0 0 0.311919003725052 0.624960958957672 0 7.30605429410934 0 0 0.871486186981201 1.04198837280273 1.05822420120239 0.908880829811096 0 0 0 0 0
