0 119.416299965097 97.9929878284832 92.4250011301603 119.312657989891 68.2831352130747 28.7368156043945 41.4948218149676 77.7660265676443 69.2623469049384 109.741952732374 92.8923030165069 136.617468682423 17.6811926261295 103.291454039582 102.671030624686 96.9745890882547 129.569606593392 116.121559413528 92.5671636151129 84.0986412639354 86.1632657237695 90.6406707647422 83.082731048362 0 122.411968574883 124.128587584842 81.9259017397574 19.1079899916585 33.2529601180561 0 87.528925161367 32.7196995832039 62.0068418339823 122.372749130772 70.3310932479339 78.2071923285022 69.3538578449042 77.6440604377321 66.5222932719163 66.260805675816 97.8594216331341 154.025945319028 0 147.253046043898 167.636544712644 136.152028412555 176.148507122677 0 153.886987780822 0 157.625252241492 131.228764387349 0 158.960909093643 140.928364019934 161.670681636742 95.8631687726133 174.130377327628 218.05012512207 0 0 166.014649135355 161.163726806641 132.071394892519 188.177430135928 0 0 152.928009033203 127.169313590989 105.809580241708 131.456678496957 121.521892861851 0 194.463844138363 151.769654252013 125.084622531404 170.325713563637 139.374109163027 0 0 148.261660660143 150.360428079013 158.1849155805
119.416299965097 0 39.8753345231017 119.226570065187 147.740905761719 174.024116554855 115.80244807215 141.404287632743 71.8494577344868 161.048605269527 61.8926405845781 126.978015501465 52.4053082802063 133.825836311073 118.927100653333 67.8222029816865 50.2818340101525 69.4419563434041 56.5204903111996 0 86.7357212410922 28.5761425014804 65.1966668784249 79.5267872917596 22.8031390199506 44.7962574596905 29.5231804955108 105.036212320878 126.784454474818 93.8667782486848 64.1767924223247 99.8012188025584 118.078631337804 55.8676881282619 149.96697397927 71.6969059818249 42.060578375508 53.475570370682 59.6723077843185 91.1222783813197 72.4394427777929 50.880482868166 92.3243515648368 59.1264640746331 79.3130230443203 95.2181635357508 0 0 80.4334829016782 136.107376098633 20.9439478004285 66.0947523943772 0 0 176.725769042969 136.706402068082 183.544229782932 88.5433836864102 163.609130859375 94.9086567295926 178.931976318359 84.7623611002879 172.529041197431 0 116.327237514294 69.9961716036509 79.575496548003 72.8124773004378 169.030792236328 126.041331553264 53.295966482576 120.960875820804 117.642308580111 47.8426234782199 63.710647231714 58.5776606392549 156.882815328751 171.080907477563 138.711252723173 68.0673596046214 0 0 77.8908570405901 187.292327880859
97.9929878284832 39.8753345231017 0 121.866532457073 160.239227294922 134.412541500549 92.7908368926847 120.872366186971 93.4334978853287 135.909461442073 77.774532365217 142.140413596591 97.9725017184599 114.462874644586 129.946946663751 74.2449849690781 43.4135194038329 78.4485478761323 66.0911167066154 143.458509595546 62.2056795296908 51.8153267854356 37.0323195601455 93.9209460415238 72.9257147741531 26.2763028219183 34.1291333033367 87.2075009665539 110.494802712951 79.5946033760684 114.299280487081 133.221241344409 106.591298363164 60.3563233577503 145.426797378287 72.691112466658 44.648763965456 56.3651272259554 61.089307725475 79.2580556588773 94.5870493257659 91.7688208360406 120.189009484148 93.8589351220649 104.398732326903 106.760636684321 133.025088466296 212.298687658057 128.166061401367 159.289359447802 54.6956413123575 91.2883049891501 175.923194960126 0 195.138512157712 162.599867490382 183.074991219361 103.433057456916 193.961195166869 123.852578609141 140.152145385742 134.036925701116 192.058282890056 0 117.55444346925 103.303565004566 129.444460151443 115.038575729698 198.072061633123 136.748362892876 69.8302395782352 112.651297237341 143.50666421815 106.917640833937 98.1781910764577 88.7413625386926 144.869912258721 171.394309835334 144.864273938885 0 223.867782592773 156.195011535488 106.537746635844 154.766752317419
92.4250011301603 119.226570065187 121.866532457073 0 109.381509167369 72.8149819934494 53.2632332905538 108.813587552916 55.3124187039005 22.8072765549818 171.810380096483 49.2498552699744 190.288864135742 111.004510009414 73.4956467950104 92.1771511533055 159.827150303045 0 176.416681655929 14.6669873248189 116.8877459113 81.7562851510691 111.994238152827 25.3474725119968 0 162.909675605253 114.614948151182 19.8196936538563 108.135869938081 96.1170044165644 0 161.003680552004 94.2827656626871 101.641345119755 72.8232092052614 103.918193853313 108.686331571269 106.248689864776 102.65540708166 76.3119029400326 109.120898410169 0 172.481385439048 214.10107421875 168.985910184904 135.468815681231 102.635414246535 0 0 176.316664405183 171.78304337707 182.041225542075 42.2957122880626 0 139.669886592961 126.59304431792 153.977918352038 79.4686003380618 119.054447008664 0 54.4268948389464 196.462768554688 171.356696606925 105.589315929846 174.108212447883 0 237.723373413086 0 66.1688589790139 138.776804340861 127.663447597688 171.44858482174 104.043758152591 159.5205078125 217.239088858049 198.257969016397 130.396949660605 163.109529412835 167.524322721363 0 0 169.316743397809 171.471565161535 148.590747001075
119.312657989891 147.740905761719 160.239227294922 109.381509167369 0 22.3326353043145 123.492515151804 23.6075883217033 53.270094193232 125.182216165374 53.4109641577796 62.8320129630309 52.8734798689106 34.4387755722491 16.0355351062474 127.640182495117 199.847088205249 0 187.354705810547 108.619700235229 0 125.168644335709 161.379338463687 86.6456319226447 66.4579827720571 85.2384206659805 132.375574668732 132.763795144879 27.7361149207463 133.866914611304 0 11.077918317935 63.8648529052734 15.3637419412748 74.1703877169723 70.1738351120668 66.7925695554608 39.0510291090266 44.9187762662538 13.955321712311 9.7805364484992 52.4317041799916 0 219.788330078125 0 0 0 0 0 0 0 240.208801269531 186.689651489258 0 166.367707429963 0 0 66.321159362793 141.208755493164 0 167.137512345128 0 0 0 0 0 0 0 148.225799560547 0 0 0 188.049434417906 0 0 0 171.841033935547 185.199172973633 0 0 0 0 0 0
68.2831352130747 174.024116554855 134.412541500549 72.8149819934494 22.3326353043145 0 58.8976267948797 21.7258345164756 64.7809205126435 29.252156525732 93.1356501854235 31.1370328271182 78.3940294331125 56.2561265032107 26.8013349756419 133.982037179387 143.602438212566 142.990964584519 138.822672574965 56.4254275992126 118.291525508583 120.60451321344 126.426179665435 85.1181517922028 125.077449020518 147.312435273128 149.826803215113 79.8012710808446 70.1994299085196 94.4603439249629 0 21.1304329630606 108.847861789951 47.5414284185265 19.6551989191697 92.7007762461279 98.7937169799756 76.4592145584058 68.898464638922 21.1807389685986 27.1301841754273 69.5171928817881 172.858617652481 187.073220047461 172.518314846529 181.88415547749 138.038875167089 161.951538085938 0 161.017250731544 184.94266797933 189.769789863212 147.348253132143 0 155.574953062729 140.349039892831 175.389520684342 95.7674376444888 155.873288518919 0 118.121249073372 0 175.274778938592 108.172371591036 162.725261669676 212.312306925256 206.578353881836 0 139.419543060626 171.580051265088 165.477940580324 185.518003347235 122.920916461842 0 224.677171899066 189.766088539146 147.22200025628 183.434548619709 168.475077151057 0 0 170.129878363804 168.583035365959 200.727901589288
28.7368156043945 115.80244807215 92.7908368926847 53.2632332905538 123.492515151804 58.8976267948797 0 57.5875661543387 57.6219462610855 26.8337974192231 142.214015096758 73.1818437309209 153.295097270944 43.1406987050142 87.7981483372566 89.8604923496263 105.089838674976 159.980695600124 127.164110486043 38.7155583725892 73.3382558513602 78.3706765872823 81.9052416441373 54.1691750126881 146.031199952937 120.391812632135 109.260337975487 37.9890599092012 56.6083146904514 21.6888503971618 171.305461945246 128.354299094252 75.7524064940991 88.381794088207 94.2352021446332 91.6385243436833 111.996888694907 92.2459630031257 97.9256165354796 90.2164733687336 94.8075973886572 139.941081093915 142.812601563971 139.914734797829 141.445334038917 147.026778120955 126.419596518899 149.786124641457 194.410339355469 133.637292625526 138.392256397426 164.557426110708 130.534101388673 163.194974048632 138.419359467881 119.98148144839 148.780832702487 75.4944620132556 134.644744535718 195.986648649492 118.70803726015 220.157791137695 159.16898437352 116.322549581059 131.776857551498 177.958065177516 0 239.191986083984 134.078496440841 139.423258191469 114.706419586417 148.521307974518 103.312487956756 192.243079846678 187.780208795723 159.474701224227 118.285187052156 149.846926003311 134.308786715157 0 189.153167724609 130.389907194413 144.235866868769 183.326491480889
41.4948218149676 141.404287632743 120.872366186971 108.813587552916 23.6075883217033 21.7258345164756 57.5875661543387 0 87.1925405254289 56.612170759514 70.2013113742415 70.8343012016431 67.3544672471373 25.540420449507 42.8094609763937 128.102892284435 126.430724558393 135.41932360802 136.504144335267 92.7405259957953 109.368282385987 110.053756392334 115.302823663772 97.0204497633786 117.222570279859 136.101994744875 139.463947522571 94.928607500725 43.6707253554391 79.1875083362702 0 23.5493551913165 84.4468245048882 41.6058634508088 74.5219202429968 76.2056179477102 88.9326581276693 62.6886361615818 63.0195579301204 35.1105584818854 26.9879769273824 64.2632762386571 166.198495543283 156.295625158382 177.207277036954 166.144429233441 161.753659132807 190.573220414601 81.6837504137103 175.444625732412 212.046305212036 195.296392972607 173.415491356529 168.064178466797 168.141373053425 149.036690965344 184.372079385595 111.835885477931 161.295828934638 229.882075422586 142.187654198341 0 182.209773482375 130.70575984723 156.305275209737 203.6767166757 0 0 156.600477596421 168.641301921275 144.957009104011 178.993804551012 136.051618990623 0 180.007033799998 176.235944828116 147.531557778117 179.331911760556 166.994368807153 0 202.774536132812 165.488377139957 172.009387221382 159.864862177598
77.7660265676443 71.8494577344868 93.4334978853287 55.3124187039005 53.270094193232 64.7809205126435 57.6219462610855 87.1925405254289 0 77.2679571209481 132.673617715958 34.0551968907834 118.190256590574 92.2562979480026 25.5251870722129 53.9859877469067 117.800334475551 142.061314414163 126.816774976008 55.62884611834 69.9432554709892 31.6290667373771 83.6227967197297 23.5712203773911 100.151840763398 120.755790104909 90.9919860578318 56.601713896548 89.0115509547284 61.0311698685766 125.872543199735 121.239355167637 70.9888262062105 83.5287860678532 65.8702547520695 78.8550344124547 94.1310247831205 88.275357298294 89.7971926313535 21.6992854267503 84.159186612778 120.950266123754 99.2225833239195 84.4054296024224 108.09453812445 108.227207642877 49.617994648487 127.433770389942 117.63688659668 115.378322171126 117.578287716781 135.6743702614 77.9562440528759 88.1379830245712 86.3427913599978 82.7376471599843 111.728552572444 22.2650102699143 94.0609009158198 153.15450085805 61.6401761328115 162.396023618553 117.808367814949 57.0721361229327 91.7186430378331 127.19086235747 0 167.290045015997 74.737493991469 87.1743244589866 62.2831507032758 113.354862053488 48.8227176102092 136.374916957588 151.946079620706 124.595087876716 81.5814441863536 110.301096900774 89.0753229806759 0 150.609339651148 97.4608227500717 100.827518257369 139.204259717517
69.2623469049384 161.048605269527 135.909461442073 22.8072765549818 125.182216165374 29.252156525732 26.8337974192231 56.612170759514 77.2679571209481 0 151.251340495039 21.7146847815546 136.045579295256 66.7331194076285 96.8158596774125 122.964730120308 149.711337791916 193.93542491905 189.973847553211 20.9599554556709 116.803563573959 117.097740460763 127.806120069707 55.8395573388477 158.2846603692 152.045545763411 152.353833344058 34.5725783509763 102.166924528182 97.0038843016518 0 133.146001426635 99.3834560138942 105.009976575628 33.9752514562017 104.894437731064 133.848334696887 102.804751258298 103.721854122037 92.3958001770537 105.925385387765 146.06357411954 176.57888813412 174.220287286046 179.983377582199 157.329292649475 123.031502655658 214.365480594 0 174.675764136094 168.271661436763 204.654289663348 144.410567944805 123.457931518555 151.563326035496 141.01847318168 169.936318198013 89.7299606012862 154.716553290343 0 126.711695541494 0 184.187189881242 122.705843273034 164.069300133851 248.770645141602 0 218.657608032227 138.854916126076 189.890437803965 155.177989622607 180.300088771544 118.01009531211 194.816955566406 203.881304921965 197.143084856622 143.181695679007 177.528337757409 174.914841128528 0 203.862517595504 184.66727393806 175.502816364124 175.672186493595
109.741952732374 61.8926405845781 77.774532365217 171.810380096483 53.4109641577796 93.1356501854235 142.214015096758 70.2013113742415 132.673617715958 151.251340495039 0 127.089477800974 19.6849108148687 71.3012886271809 104.17266615343 118.05116138429 49.697667010463 23.5627973258752 23.5992765221353 146.00894867173 117.174758568113 90.6006267913434 86.2710151632265 143.787131804873 31.2256081159264 24.9128865849834 53.2098125009902 145.12697244692 64.6865531668244 110.607959712952 25.3764777175135 60.1989578784965 115.304903865217 21.4127144121928 135.939854816021 75.3510721149547 26.0073241362065 26.1539203864118 44.9054048024559 70.2110027965919 65.7453597152836 19.6263088074628 162.676096541435 68.5530510283569 88.1921224979987 146.88069152832 165.348861694336 80.766242980957 52.97765227366 0 79.3618964137129 154.481916798268 0 0 0 0 228.670150756836 172.156020849511 0 73.0237891166155 0 69.1890028975274 212.32511386873 0 0 138.775680627398 95.4030644541144 104.16911748446 234.114410400391 185.513152801352 169.574073497119 147.455017505436 183.140857434867 58.2014214206363 97.7014679724814 103.174912720095 189.470022083836 177.39234082908 195.506790161133 97.6145858493323 0 0 113.754731615653 185.60573705029
92.8923030165069 126.978015501465 142.140413596591 49.2498552699744 62.8320129630309 31.1370328271182 73.1818437309209 70.8343012016431 34.0551968907834 21.7146847815546 127.089477800974 0 137.572237187124 94.1604859615882 22.962701448708 131.541258233257 160.802366830785 148.713023941661 146.984214867234 14.5542775899621 138.007318860547 103.22003550149 152.128622690285 46.8569298569803 130.188992065226 162.483366740025 155.340258421672 70.9371768309126 106.461883337687 121.835152837883 0 111.309511980344 105.052456880679 102.874126533104 16.1477100697102 107.479338911587 131.572799801169 100.620637264376 99.4821771222599 25.3735504493863 96.9064478632977 103.788637933731 171.241531186503 0 170.635609846709 164.574756522052 78.30529252711 189.062014340387 0 154.971733295244 0 209.711410162205 120.453838662292 118.569846446913 123.884612129383 134.200435356944 159.950158940935 65.5715200222078 139.49840110503 0 31.340279662344 0 184.833658531982 89.301533557059 182.591860201059 181.518814086914 0 0 97.7860031032584 212.084055373301 151.263112167051 208.141711509094 110.403514230791 184.625 0 209.935074901107 135.247128810369 179.612614142012 166.312187184537 0 0 190.213928222656 166.779730510819 188.854181508452
136.617468682423 52.4053082802063 97.9725017184599 190.288864135742 52.8734798689106 78.3940294331125 153.295097270944 67.3544672471373 118.190256590574 136.045579295256 19.6849108148687 137.572237187124 0 69.0568726311052 124.685958381159 128.774717206815 77.74133089337 50.0884323511532 59.3199157456936 136.330442534417 136.734744554596 78.2193366852327 113.821157305667 139.797886786175 20.0306193606444 26.7505980459029 26.9689503063366 30.0469895507527 75.4025863497503 164.566398996055 11.267325532155 68.4302026886645 163.444264883632 24.9973582357053 85.0267925439545 24.8870652355507 24.3262096729799 22.057013089678 19.1047437164648 70.5170508240088 19.751161703379 12.824243673248 32.8281259118191 51.0774242370489 59.8455757261716 20.9498807184113 153.176116943359 42.7710376575985 39.0795950666124 0 76.0236576889554 157.330734291731 0 0 243.012008666992 211.289809038607 0 140.513008287895 0 65.4964957907971 0 61.182418338782 144.16096496582 0 0 142.369611285882 90.9375225212579 112.271874769824 118.631080627441 175.210205078125 116.419647216797 177.645233154297 191.646271146485 49.7301362784888 90.7166039392871 96.0714368919978 183.033050537109 160.533246233888 0 85.7270662806252 108.624136907759 0 51.114891133132 109.01243597601
17.6811926261295 133.825836311073 114.462874644586 111.004510009414 34.4387755722491 56.2561265032107 43.1406987050142 25.540420449507 92.2562979480026 66.7331194076285 71.3012886271809 94.1604859615882 69.0568726311052 0 58.1707327661803 119.926916076524 119.141541975725 105.874812422751 120.768839318268 101.035324397421 103.977966581133 105.583947639874 109.57056759623 102.536952738477 96.0271570686775 131.569172841156 136.126271776979 100.771174943186 31.4196416061265 71.5114647104447 127.316948045129 23.4418037478691 63.1058353149637 43.6337598444591 105.425393795645 74.2945339881597 81.8475277693389 59.7389729203878 75.4742319575567 46.2947444703933 36.6936580941227 72.0306896410069 166.485676437669 180.545516967773 178.775461636906 151.794201787496 179.728956904629 185.912941770927 0 191.190741415024 160.177437413873 181.844605880201 198.01198653834 0 180.742246824579 159.969427297367 188.313135517101 106.859763832532 183.684718095367 162.711127650766 151.51961450051 0 189.388006193387 156.496474321799 151.942864248403 197.615657650935 145.740600585938 153.107635498047 172.563931650251 156.308414234965 156.497290131093 175.246885838638 140.907999160742 0 182.044644229186 175.735148153464 153.724407436654 179.445452532494 160.390681916205 0 0 183.943144851873 181.905812285914 156.945172648829
103.291454039582 118.927100653333 129.946946663751 73.4956467950104 16.0355351062474 26.8013349756419 87.7981483372566 42.8094609763937 25.5251870722129 96.8158596774125 104.17266615343 22.962701448708 124.685958381159 58.1707327661803 0 107.58449241617 150.521908918865 0 177.365783691406 71.0873345735526 187.334297372466 91.7199211754333 138.623635158651 50.8928153626317 153.14086673688 171.050632755503 139.578830698153 90.9729432952646 84.7479288828011 111.73921033515 0 43.8767418962781 120.115457510043 55.226024301217 57.041332874205 104.787476964922 87.2237739085277 77.3805458734147 73.4545180398399 11.2011741401896 26.5989574150642 0 162.707033524542 86.470832824707 181.219924926758 99.4467300997946 72.9869507538632 0 0 0 142.774765014648 150.889007568359 102.901511534125 0 107.579053123451 123.622142218768 134.532082074586 69.041186783244 126.066724142033 0 83.1660821535588 0 162.435638427734 65.2504176263225 0 0 0 0 101.883406321604 225.931488037109 0 151.229721069336 91.8544791831262 0 0 153.369659423828 125.582181542462 188.429653736853 116.298233032227 0 0 0 0 87.7786392298489
102.671030624686 67.8222029816865 74.2449849690781 92.1771511533055 127.640182495117 133.982037179387 89.8604923496263 128.102892284435 53.9859877469067 122.964730120308 118.05116138429 131.541258233257 128.774717206815 119.926916076524 107.58449241617 0 94.8023740898184 121.710697032837 110.108865521022 113.519876502548 18.6589158108505 32.9963283059258 17.4721162396982 37.372350570496 102.404460409936 93.7810982616635 30.3634261574315 34.5542449012414 106.243211156531 73.2413160136923 121.026753024269 134.534346057183 81.8909660625939 71.3379613091116 143.573142210309 73.0319318218803 58.3659529393558 74.8658748374761 76.25093514557 86.6662440453924 89.5720964419503 127.916778564453 114.024305153176 88.4585499878732 110.524075215302 115.15060751603 127.839643321648 109.358329836374 0 121.156759702435 124.997839550441 110.634415807291 137.41276550293 0 169.096125527675 142.32147055257 151.471369058764 62.9168899722801 160.546155267083 0 124.510780334473 148.72458781933 158.733514872944 0 94.547304366614 132.827904213617 0 169.580015763819 151.706939697266 107.018712466251 53.2470473371009 100.527707528231 91.998152779182 133.628845214844 143.801132541997 102.866287479273 113.654508276934 133.122545811723 112.019286397352 159.299697875977 0 134.312146959417 109.09493886911 168.727228158369
96.9745890882547 50.2818340101525 43.4135194038329 159.827150303045 199.847088205249 143.602438212566 105.089838674976 126.430724558393 117.800334475551 149.711337791916 49.697667010463 160.802366830785 77.74133089337 119.141541975725 150.521908918865 94.8023740898184 0 46.9577181186101 19.1584531594555 160.410468641849 54.963308458476 75.9192064631191 25.204998882492 119.398591872067 61.0432411800838 37.5707341203777 61.799534179405 102.567315304136 98.4641005653993 73.6557201518802 92.5274339072587 171.134859513539 90.4391806387937 37.4827368286713 144.197077026123 75.823505919764 43.9643978254194 49.4943784456059 65.150792607649 93.2093133772993 127.051738388888 56.7575329001397 141.329428523445 111.920615147813 131.948702794487 141.134597005171 152.387969970703 0 144.714810404013 231.560745239258 65.9558583102964 108.662567816997 0 0 192.125732421875 189.09113793474 191.908739602242 104.575768293416 191.518064360208 113.815356142473 0 124.351754121241 224.860610961914 0 136.1463404216 116.089539939464 122.763198785948 117.554175835778 0 156.045281978459 97.0493630809421 145.735323047021 168.494769571637 87.0394293233112 102.633571788715 102.758882486034 171.753487334669 209.476350104385 161.807434323668 137.065231323242 0 0 131.165539964603 153.144613498743
129.569606593392 69.4419563434041 78.4485478761323 0 0 142.990964584519 159.980695600124 135.41932360802 142.061314414163 193.93542491905 23.5627973258752 148.713023941661 50.0884323511532 105.874812422751 0 121.710697032837 46.9577181186101 0 15.8887294676999 203.104293823242 108.126246721698 99.5659140733 84.5858310553649 144.757934004126 44.6449130893351 25.7361550838077 63.4923145335046 159.631981796737 114.963609133903 116.605353220208 51.8936377878228 0 111.573921212529 55.923266019613 0 91.1269011208596 47.4940614621364 53.953131456269 67.8568474974739 104.654189656889 0 55.8247386139663 192.142449676703 80.5524848915029 123.312515748477 139.358876159425 0 0 59.4749565124512 0 103.415646890431 130.764070998388 0 0 138.230041503906 0 0 0 0 91.1504082116718 0 79.4162750332219 144.635955810547 0 168.067574829802 0 100.825641187036 122.797177621234 0 200.743850708008 0 173.40544128418 188.002457732669 69.2560690617961 101.082270483506 104.249627231402 170.563461303711 0 0 102.433042312439 0 0 113.7647117883 0
116.121559413528 56.5204903111996 66.0911167066154 176.416681655929 187.354705810547 138.822672574965 127.164110486043 136.504144335267 126.816774976008 189.973847553211 23.5992765221353 146.984214867234 59.3199157456936 120.768839318268 177.365783691406 110.108865521022 19.1584531594555 15.8887294676999 0 164.856825813304 84.5047030035955 92.6966186089169 62.8547975838112 137.244270797456 43.7331937981024 34.544614960026 63.0850635941247 132.608131414192 110.360452690123 97.9821247181577 62.3843393605105 76.9163208007812 98.5607879274748 38.5821549583654 173.146400476705 82.1377847888918 51.7335536987356 46.7107873725621 64.2675453377179 98.7054629017483 88.4338868462017 59.9755574212366 143.637824762823 114.906864189614 117.617118483815 133.54588957777 0 0 0 0 65.1425861056753 134.232237370792 236.081771850586 0 0 201.319562491418 0 0 0 90.2580753545515 0 89.6766635907321 0 0 138.551663383253 135.952441128473 95.2058067199542 105.536913222008 0 193.37574806962 138.3402258525 149.178650388769 192.026483575657 69.0358834828524 96.6027518403547 98.097578763118 0 150.075302124023 175.298649423195 99.4461802337125 0 0 133.535299249764 202.181818368622
92.5671636151129 0 143.458509595546 14.6669873248189 108.619700235229 56.4254275992126 38.7155583725892 92.7405259957953 55.62884611834 20.9599554556709 146.00894867173 14.5542775899621 136.330442534417 101.035324397421 71.0873345735526 113.519876502548 160.410468641849 203.104293823242 164.856825813304 0 120.591031440182 103.273397110533 123.141216964375 26.9145893577938 0 161.272541923799 130.685331499618 40.0499309350891 108.817181273742 107.526925644753 0 140.915883631388 100.184083420499 108.18538396486 39.3100015314169 107.578847881203 124.290444393965 106.649936930172 105.393240883163 75.290777877908 107.344843334117 139.86122036393 157.525084276865 0 165.252554983671 173.790673026052 102.18443337079 176.974627933981 0 176.934373803629 171.89485168457 185.399968349339 77.413793767719 162.782411004694 139.424372923403 125.885499175002 169.902100105506 79.7287444996739 137.412403650272 0 69.4280244093989 202.456176757812 173.811132193243 110.491543706459 180.535505222916 189.561401367188 0 0 63.8669835977254 171.019307916801 149.333476577783 208.147919611881 102.431140370974 0 242.768676757812 193.207405952901 129.783172756243 173.704161477173 153.687902959187 0 0 156.366958435327 156.22392116364 0
84.0986412639354 86.7357212410922 62.2056795296908 116.8877459113 0 118.291525508583 73.3382558513602 109.368282385987 69.9432554709892 116.803563573959 117.174758568113 138.007318860547 136.734744554596 103.977966581133 187.334297372466 18.6589158108505 54.963308458476 108.126246721698 84.5047030035955 120.591031440182 0 54.1762190787852 33.1104423683018 44.9062612168577 121.569844482756 91.7033056008864 75.084530248109 27.0270569137938 83.2127072884192 31.0237527464784 184.414215087891 128.857345325169 71.4575967572188 39.667045521787 143.74852049678 71.8269954590545 59.7151222086329 62.6230789197422 71.4316127635079 85.2749038420669 88.2960893602275 92.3486075920226 120.445956890119 98.5163561459295 124.193855685123 128.751818453401 135.519263263983 119.762879783396 0 123.6692107618 88.4713620198829 131.463478105954 168.06413269043 0 187.588766796003 134.116688781539 162.098427123569 78.9520762623137 175.374581213123 200.656961346886 175.762140483143 207.361185781728 165.393673112382 153.83496276317 106.746580083272 153.156696505926 174.485916382299 180.294281178455 194.632665793518 112.443495805807 67.1622473399786 115.377290466985 110.370753028662 0 159.109791133305 120.61349199216 120.047751434707 136.948421370409 118.021536261857 0 0 125.874292012562 124.358464753062 186.314361687019
86.1632657237695 28.5761425014804 51.8153267854356 81.7562851510691 125.168644335709 120.60451321344 78.3706765872823 110.053756392334 31.6290667373771 117.097740460763 90.6006267913434 103.22003550149 78.2193366852327 105.583947639874 91.7199211754333 32.9963283059258 75.9192064631191 99.5659140733 92.6966186089169 103.273397110533 54.1762190787852 0 49.6688868434025 30.3432673112126 57.2143377134268 81.3407695081904 38.5967988644352 57.3839621322254 86.8614525085748 60.6547341573703 93.7287134288824 116.200239920583 70.0121752476992 61.1059420137926 136.352037745857 64.6905949277984 51.6448886932751 62.3077343008165 63.853089965781 77.7904755934265 82.2184970300434 77.4113035434078 91.2572612061782 71.1535660427408 82.9904891444921 87.7937906400993 118.618455737365 90.3817045218983 99.5796966552734 108.099184532455 34.197813135711 72.3863793338416 139.600650632833 0 148.848308769273 111.064999990197 146.954380529094 32.6098536839617 142.561497413003 127.474912162547 115.27372453692 121.693192626817 142.973825084821 0 64.499337381972 78.2873395576847 138.913722455952 126.049254734618 138.518605932048 81.0431639612674 22.3747187069628 71.2956031534933 79.3490079438084 111.727311111007 94.5109318154342 65.0014510155188 96.8122159474123 109.847849408694 88.7885134433551 143.386352539062 0 95.3825338078032 84.3262784866226 169.522113950912
90.6406707647422 65.1966668784249 37.0323195601455 111.994238152827 161.379338463687 126.426179665435 81.9052416441373 115.302823663772 83.6227967197297 127.806120069707 86.2710151632265 152.128622690285 113.821157305667 109.57056759623 138.623635158651 17.4721162396982 25.204998882492 84.5858310553649 62.8547975838112 123.141216964375 33.1104423683018 49.6688868434025 0 71.3142930522257 97.0422170434473 67.1180674033467 42.4538107542878 57.0188123588737 94.4982203482326 57.0919446064807 124.562462241791 156.29201638944 83.6131224491662 48.404543801735 148.416055695078 72.698326341543 49.235456343236 60.3436470842335 65.6856960143014 83.8224636705322 98.2501663153623 117.536775472963 122.061840462946 96.5316007268504 114.556026611447 120.088250333021 141.232866207561 136.407474228293 0 145.64454166466 76.983159565758 101.860073262773 179.480375255423 0 180.331911663127 148.904679278963 177.515451182868 96.619348146927 190.780035990109 164.231636600035 223.424879426789 122.15869140625 168.272055652656 0 98.1501857770367 127.458392245491 185.076585343845 151.973329089569 175.365571178548 119.928022077183 62.5871966579466 106.247192481364 122.00317401524 152.312375838283 130.554409185453 96.8325713241283 132.364953247205 153.493308721405 129.975395337303 197.801177978516 187.986560930084 143.803859175036 116.474456795134 169.004728050185
83.082731048362 79.5267872917596 93.9209460415238 25.3474725119968 86.6456319226447 85.1181517922028 54.1691750126881 97.0204497633786 23.5712203773911 55.8395573388477 143.787131804873 46.8569298569803 139.797886786175 102.536952738477 50.8928153626317 37.372350570496 119.398591872067 144.757934004126 137.244270797456 26.9145893577938 44.9062612168577 30.3432673112126 71.3142930522257 0 109.765925746187 118.117194808092 80.5764150931152 22.3717045577033 92.8978168062307 69.4739737522857 172.286376953125 140.7495313333 76.616672516707 81.0630838280708 134.619746898294 80.9390473605462 82.1147474852061 86.9360413801887 87.3000924565542 62.7931348366483 93.9560124833919 144.467962114435 120.073526874561 124.058525150008 127.890278153415 127.865267643957 103.442682374098 131.075193160777 0 117.958536381469 127.797266614401 143.514308918248 98.507893402115 144.369171142578 122.06556589959 106.775312805469 133.27180248728 56.9121915065366 119.142892640546 179.604547620916 92.8769818706509 202.390947680249 139.264888950854 95.541306815161 105.080794790994 160.910928013763 191.414596404997 187.233553828337 105.411411502093 110.181273306725 69.5301392601884 124.900210021314 75.2279875987329 124.814531742289 170.243551386675 138.934930908382 101.419528492886 129.689099499779 111.698777601752 0 172.873235173078 123.01843839992 124.205419673359 177.958728226644
0 22.8031390199506 72.9257147741531 0 66.4579827720571 125.077449020518 146.031199952937 117.222570279859 100.151840763398 158.2846603692 31.2256081159264 130.188992065226 20.0306193606444 96.0271570686775 153.14086673688 102.404460409936 61.0432411800838 44.6449130893351 43.7331937981024 0 121.569844482756 57.2143377134268 97.0422170434473 109.765925746187 0 40.1590721582611 31.1250738635524 144.489472411935 114.280010635465 118.993000626714 42.0074323383152 77.9485614603579 139.742371996934 50.3616802486012 148.551500169313 93.3540859351562 23.5345270646559 40.277137320389 62.1077924533512 86.878730460562 22.5243652046759 18.35735233841 110.20767286621 42.1694751586519 72.4359830656991 81.5827374436171 192.330673217773 0 33.3472537779968 0 43.54342642555 113.04280006165 130.762680053711 0 166.965097159423 0 0 123.448058354389 0 54.3818302983486 0 48.1896608350536 161.977528847049 0 118.652829649127 100.263135674713 70.0786360954608 74.4411423259868 0 0 53.4085486723186 121.390521351584 166.239569096935 28.9146212856151 65.6506895742829 63.3240689076503 171.056207835 101.840850830078 0 68.7426506546125 145.38166809082 0 82.0959616598336 0
122.411968574883 44.7962574596905 26.2763028219183 162.909675605253 85.2384206659805 147.312435273128 120.391812632135 136.101994744875 120.755790104909 152.045545763411 24.9128865849834 162.483366740025 26.7505980459029 131.569172841156 171.050632755503 93.7810982616635 37.5707341203777 25.7361550838077 34.544614960026 161.272541923799 91.7033056008864 81.3407695081904 67.1180674033467 118.117194808092 40.1590721582611 0 27.5825173562707 117.618397050036 120.649184560057 102.006801393912 17.3468112358692 108.369142132767 114.772106790743 57.7951264744819 155.904402732739 80.7663879803222 48.8893173461236 56.9548204355805 67.444311516375 94.4419648491302 103.325685514514 62.2682602680509 137.457553866085 93.4978449817277 108.54831835833 126.946243297412 151.11258608727 150.390640258789 67.7538582807184 243.863021850586 62.1165983737439 112.234503572806 0 0 214.177067773855 182.933595917328 188.154848823353 141.991554161556 212.656533149342 89.2476027285017 201.132819918155 80.9983519119897 176.869613842352 0 136.523051663504 111.298124851534 96.1817951254338 100.465597986709 0 166.574179888793 105.091019185122 141.868547208423 163.0219885992 67.0169276154621 90.9961597088151 91.4981529395974 161.144268888008 150.080977359062 166.950522845119 99.5455907680382 0 186.942810058594 108.637949385255 135.840862743647
124.128587584842 29.5231804955108 34.1291333033367 114.614948151182 132.375574668732 149.826803215113 109.260337975487 139.463947522571 90.9919860578318 152.353833344058 53.2098125009902 155.340258421672 26.9689503063366 136.126271776979 139.578830698153 30.3634261574315 61.799534179405 63.4923145335046 63.0850635941247 130.685331499618 75.084530248109 38.5967988644352 42.4538107542878 80.5764150931152 31.1250738635524 27.5825173562707 0 89.3448362996035 126.583481701775 97.2759842414448 21.6222844303367 106.022121151246 109.118378043195 65.7790520011216 149.693928636528 79.9489609519912 53.1331343436698 63.4180804338998 68.064253125599 89.8386833392307 91.5141211893882 66.8632186304169 120.695628138711 89.7817509302875 103.35554204242 109.525771633742 137.885039355742 136.337096546636 95.6552279374894 179.265339917281 54.4604515651732 90.291245288442 220.137573242188 141.540496826172 180.24182007987 160.762737183847 178.407977888827 113.023876843098 184.761265510137 96.8865141801117 209.959579467773 85.124873569045 181.831122379403 195.70497136698 113.242921677545 101.140047684941 100.966749472548 101.323644524244 167.829976067711 131.510107099224 59.3463738213568 105.228885725543 132.636618692826 66.6297924986492 91.9400910344615 87.4102123921776 150.575408840922 163.907854314667 137.565961682643 105.3924025713 0 149.183217464345 103.70033095568 171.212460779056
81.9259017397574 105.036212320878 87.2075009665539 19.8196936538563 132.763795144879 79.8012710808446 37.9890599092012 94.928607500725 56.601713896548 34.5725783509763 145.12697244692 70.9371768309126 30.0469895507527 100.771174943186 90.9729432952646 34.5542449012414 102.567315304136 159.631981796737 132.608131414192 40.0499309350891 27.0270569137938 57.3839621322254 57.0188123588737 22.3717045577033 144.489472411935 117.618397050036 89.3448362996035 0 92.6890153077546 39.1810972886989 181.242553710938 143.630502053545 74.4573055672585 72.0223663585415 130.68931584633 82.3598856351229 83.0178271293045 83.7479737510513 81.8698947387147 87.9872693756238 75.2613023809831 28.6534931531696 130.990731174975 132.740368903487 134.061562076906 140.500239792948 124.067961740499 143.082472890055 206.624328613281 133.43266947215 130.018268610774 152.089435611014 132.101633903004 0 142.863243906905 120.415383639343 148.052063596971 69.8381017092425 139.757494233833 205.872299846303 126.884769218643 208.975845336914 151.375935759113 118.691188826456 107.991218502114 155.606216002007 211.471359428447 182.74878987822 123.487107865337 112.312917489178 73.2376616081372 131.599443880294 102.265266565853 206.799713134766 172.807464571505 142.741116642464 112.714405967778 141.531288308213 117.780089813882 0 0 132.034855116368 133.725225304178 184.697717192667
19.1079899916585 126.784454474818 110.494802712951 108.135869938081 27.7361149207463 70.1994299085196 56.6083146904514 43.6707253554391 89.0115509547284 102.166924528182 64.6865531668244 106.461883337687 75.4025863497503 31.4196416061265 84.7479288828011 106.243211156531 98.4641005653993 114.963609133903 110.360452690123 108.817181273742 83.2127072884192 86.8614525085748 94.4982203482326 92.8978168062307 114.280010635465 120.649184560057 126.583481701775 92.6890153077546 0 31.1214677192713 0 15.3953805633456 18.0380726745352 34.953013091985 114.472032357235 61.1400095351046 78.8697244985066 51.7678736969252 59.2962533465592 49.7253770101196 32.5879687195734 66.1753607580354 152.036860026437 126.316157712001 164.905688678095 163.769210444332 176.803157165217 165.052017557541 0 168.664020001617 113.035675048828 170.904314805019 168.281457870257 0 177.861307683532 155.195026228393 182.145612233198 97.980205138813 185.492345362934 207.21809387207 142.604193608765 0 182.710308255887 135.64972193299 137.470277179994 176.873837334469 0 248.315795898438 182.655158307306 136.204138614969 109.616650335652 155.094864030046 137.598079547578 134.349867205171 175.271595377183 176.950237952588 143.077085746036 172.511417391266 143.928840260551 0 224.129556186639 165.245077261751 161.292985598496 148.196831189909
33.2529601180561 93.8667782486848 79.5946033760684 96.1170044165644 133.866914611304 94.4603439249629 21.6888503971618 79.1875083362702 61.0311698685766 97.0038843016518 110.607959712952 121.835152837883 164.566398996055 71.5114647104447 111.73921033515 73.2413160136923 73.6557201518802 116.605353220208 97.9821247181577 107.526925644753 31.0237527464784 60.6547341573703 57.0919446064807 69.4739737522857 118.993000626714 102.006801393912 97.2759842414448 39.1810972886989 31.1214677192713 0 0 131.855997319847 47.5819555022705 36.3535650807058 132.404713889083 65.892833176629 72.041084764692 57.9512399838876 65.0080621648425 77.3142195522646 76.384153742522 133.77052480084 127.602199323437 99.6856487327463 131.707791746944 134.406505335545 140.13311480603 146.564993869212 0 133.130709095436 115.336741758205 142.05363688158 172.322176623321 0 163.093420179289 123.466321037332 157.782225156086 73.5584923392544 159.298872262693 0 161.270337951813 185.201248168945 154.211510555518 146.661245220762 106.995307493509 163.16769245603 188.384078979492 167.921371096961 176.347517490268 113.346638584764 70.8606086315493 118.967319248558 110.451400871069 195.470779418945 158.057308237655 140.872798153037 114.099432730255 139.054005502213 117.705837014995 0 201.894149780273 121.653666126588 124.843984464132 163.084452087108
0 64.1767924223247 114.299280487081 0 0 0 171.305461945246 0 125.872543199735 0 25.3764777175135 0 11.267325532155 127.316948045129 0 121.026753024269 92.5274339072587 51.8936377878228 62.3843393605105 0 184.414215087891 93.7287134288824 124.562462241791 172.286376953125 42.0074323383152 17.3468112358692 21.6222844303367 181.242553710938 0 0 0 0 0 72.8252720157506 0 108.291150938353 52.2321282845612 61.2572473413046 64.1142064665263 159.874862670898 0 58.3158366783689 0 74.650837831528 118.025938822201 122.492706298828 0 0 67.7228055207844 0 66.4947201469512 0 0 0 0 0 0 0 245.595260620117 91.937146854764 0 80.382502819096 0 0 0 153.485122680664 103.762785877217 103.123015447504 0 0 0 0 0 71.0560475155441 105.486138613563 110.796901958907 0 0 0 100.146215727789 0 0 131.139373779297 0
87.528925161367 99.8012188025584 133.221241344409 161.003680552004 11.077918317935 21.1304329630606 128.354299094252 23.5493551913165 121.239355167637 133.146001426635 60.1989578784965 111.309511980344 68.4302026886645 23.4418037478691 43.8767418962781 134.534346057183 171.134859513539 0 76.9163208007812 140.915883631388 128.857345325169 116.200239920583 156.29201638944 140.7495313333 77.9485614603579 108.369142132767 106.022121151246 143.630502053545 15.3953805633456 131.855997319847 0 0 87.6560195165593 20.8581186929486 110.431964702888 75.9423540496954 73.9405136120469 44.4073521348395 61.2271070953548 37.004138070766 17.319663032004 62.2838066647456 0 0 191.728296010742 87.7935791015625 0 0 0 0 0 0 0 0 217.719223022461 185.7022537612 204.838489872013 142.976470947266 0 0 0 0 223.565704345703 0 0 0 0 0 0 185.244003295898 197.766647338867 0 176.329071725066 0 0 184.787353515625 186.103622436523 238.243092351375 195.008239746094 0 0 0 0 0
