0 15.6151643097401 313.258465349674 26.0101148188114 7.28851056098938 146.134646862745 5293.33226445317 1659.40210300684 205.937061548233 382.749198645353 74.2586852312088 26.6135440170765 11.3409380614758 10656.4691074193 2.39552119374275 23.5159062743187 248.169633597136 6.23066425323486 32.4380894601345 43.2830564379692 403.405909389257 63.5996931791306 498.607766985893 358.68942630291 7.77484056353569 213.645648807287 98.9097337722778 899.476079016924 9021.58623185754 4251.85560023785 0.511158347129822 38.0088295936584 103.721595078707 432.69176915288 21.7875482439995 439.456709712744 49.8240771591663 336.559499830008 54.2760111689568 99.0671420991421 65.0651025176048 0.506553530693054 14.8840471506119 1.6220680475235 7.60398507118225 0 6.75251233577728 0 0 1.07893162965775 0.417868077754974 8.21631518006325 3.0270491540432 0 0.596304178237915 57.6482118964195 8.73845836520195 26.5701010227203 3.53799098730087 1.23152375221252 1.12912207841873 0 11.3992312550545 0 9.41919720172882 0 0 0.714994728565216 0 6.18253481388092 10.1419298052788 14.7589891254902 79.3612961173058 0 5.78636515140533 15.7831236124039 96.4676001369953 6.9789038002491 13.42509791255 0 0 1.26043748855591 7.30822080373764 5.81858241558075
15.6151643097401 0 342.126774251461 1.38504016399384 1.58122825622559 12.3917105197906 57.0204174816608 13.708949059248 847.779363393784 3.83813238143921 320.382865220308 11.8435011506081 977.434883922338 36.2842798233032 13.3511160612106 170.701989531517 578.208373785019 97.2106910943985 490.10493221879 4.17586487531662 65.7472193539143 3850.26080405712 145.212094217539 1077.79236352444 2597.09137386084 1955.3856471777 8481.57114374638 355.431026428938 39.9350011944771 72.5581443607807 66.5423952043056 3.41488230228424 3.76994735002518 294.720299780369 7.55046287178993 281.903477340937 641.296407818794 517.264465153217 146.671516418457 63.2093862891197 9.95914053916931 133.327474594116 35.5240912437439 38.9874713718891 47.1969361305237 16.3656808137894 1.68499940633774 0 23.6603389382362 0.57864373922348 257.716150939465 203.3605427742 0.569689393043518 0 2.13891363143921 15.1476801633835 2.25478753447533 12.466939330101 1.37127470970154 22.667402535677 1.41067031025887 92.6453215479851 4.13793510198593 0 11.6990751624107 92.5048750638962 8.68390023708344 62.7634533047676 0.737975478172302 12.1724451184273 29.2367728948593 45.0367983877659 18.5614445507526 40.6053872108459 392.644175082445 896.860771179199 18.8863674998283 1.18786406517029 9.53652283549309 4.11511075496674 0 1.98571395874023 24.6035552024841 3.70068290829659
313.258465349674 342.126774251461 0 2.90318840742111 4.05717414617538 169.547877192497 665.981785029173 727.198033004999 74.2654558718204 52.6416145265102 306.913210600615 3.84397453069687 46.6675198674202 708.785896897316 2.95723494887352 115.725288748741 5024.96929904819 119.479969263077 668.987249642611 0.520584225654602 1948.80832883716 551.741699337959 12349.8126367033 111.427460044622 19.3466551303864 16108.046110332 15794.3689281642 637.804317384958 406.030258357525 1472.75866112113 38.4815937578678 3.29845285415649 34.2012557983398 1194.96838328242 95.7988635003567 2359.79195943475 2170.62048953772 2212.85724365711 1155.24201503396 317.8982411623 87.9368605613708 12.1995253264904 98.7879748344421 41.3441035747528 87.6817043721676 24.9110600948334 8.43127280473709 0 0.589775502681732 2.30813491344452 146.887364536524 636.900457978249 0 0 4.03408920764923 36.1450122892857 6.97714990377426 10.7623974978924 1.95065587759018 12.9927558004856 1.70098829269409 14.8738152980804 15.0237127840519 1.01314452290535 73.6191342771053 177.297046691179 10.7004632651806 55.8143431544304 1.22824931144714 54.8987628221512 85.3948392570019 219.415022403002 43.2822673618793 22.7452037930489 447.83354434371 1596.58879110217 62.6883639395237 2.79602807760239 29.4673582613468 3.59336605668068 0 2.65713906288147 62.2620620727539 35.7923521101475
26.0101148188114 1.38504016399384 2.90318840742111 0 6.44068244099617 253.543481469154 413.426185578108 126.847696602345 683.779388904572 8289.91005414724 1.87562274932861 3088.58379986882 0.546498358249664 96.8109210431576 62.5585990846157 6.59313401579857 0.699657618999481 0.955775320529938 1.00266695022583 27421.6229757369 3.29385307431221 7.14286211133003 5.41533002257347 3859.58529219031 0 2.05217200517654 4.69666427373886 12367.9471562207 152.802141040564 10.1383182108402 0 1.08150428533554 5.50041654706001 61.6961789131165 22.2133684456348 115.480483472347 4.20539671182632 83.8513281643391 19.9538020789623 181.36816996336 10.5662266910076 0 16.8471235632896 0.465750187635422 8.45519715547562 0 29.9413432478905 0 0 5.38089886307716 0.961404144763947 3.34217318892479 666.631820231676 2.16723656654358 19.9538484215736 127.34480676055 10.4961369633675 154.927412450314 99.1474957466125 0 94.8705207705498 0 9.21171206235886 9.5877246260643 1.07093951106071 0 0 0 129.154494822025 0.474299520254135 3.16885137557983 3.83474189043045 179.978765517473 0 0.458265662193298 3.34983119368553 320.223771035671 6.04586616158485 3.94842517375946 0 0 1.69475436210632 2.46835574507713 2.002645611763
7.28851056098938 1.58122825622559 4.05717414617538 6.44068244099617 0 5212.03738701344 23.1780839264393 1098.93335521221 97.1680945158005 18.2638455629349 0 102.144462138414 12.6531239748001 82.6869266331196 3744.95555788279 0 1.5622610449791 0 0.336806654930115 10.2009225189686 3.06425794959068 8.21133452653885 2.80545380711555 29.9970991909504 1.00365671515465 0 7.80416119098663 23.0642392337322 177.441873341799 12.4198143482208 0 3058.73835086823 0 1321.96693831682 162.77609500289 62.1764278411865 7.63757428526878 39.8173390626907 14.0042524933815 11978.2228280604 4243.64676523209 1.55039584636688 1.00429773330688 2.63717538118362 0 3.57937824726105 3.07998669147491 0 0 0 0 0.847696959972382 1.4109925031662 3.70516836643219 0 3.68741768598557 0 1.20130431652069 0 0 1.43740156292915 0 0.532272696495056 1.39591944217682 1.96798497438431 0 0 0 0 0 0 0 6.65519216656685 0 0 1.16765987873077 4.27230009436607 0 0.471433818340302 0 0 0 0 130.287327647209
146.134646862745 12.3917105197906 169.547877192497 253.543481469154 5212.03738701344 0 5714.09197318554 13827.1525811553 478.278606563807 16160.5636412203 61.5181853473186 9295.73334476352 40.3548960089684 1499.10445249081 5967.76421317458 21.0411977767944 79.4686540961266 4.42789441347122 15.5945157408714 699.336532890797 212.445703625679 38.0567825138569 266.622036457062 513.669701516628 2.51193469762802 98.313573718071 85.1956466734409 1525.61589750648 1084.76654270291 305.684890925884 1.92790144681931 2436.49154302478 15.6486725509167 1068.26288685203 290.501920729876 337.325567036867 28.6454833745956 215.954089075327 40.8050765395164 10685.2349349558 1420.82231652737 4.75410622358322 14.3331117928028 0 7.30267024040222 3.33313548564911 7.96709379553795 1.41613253951073 0 7.86587038636208 1.37545311450958 4.42578676342964 25.8048564195633 0 5.75580915808678 91.9797777533531 11.0123707354069 42.6468023061752 31.6449594497681 0 27.3157775700092 1.76161849498749 17.2164458632469 0.419502675533295 7.36538398265839 0.770426869392395 0 0 11.8243839740753 5.50760287046432 6.29769283533096 9.42791387438774 118.023361593485 1.475790143013 2.4070737361908 13.2475365698338 152.456419676542 10.5516745746136 13.7976116836071 0 1.15951895713806 1.05393329262733 9.99311593174934 0.803087592124939
5293.33226445317 57.0204174816608 665.981785029173 413.426185578108 23.1780839264393 5714.09197318554 0 6865.01320186257 1950.55044746399 18785.2357949615 113.05275541544 892.963141202927 34.8288181424141 7895.34643349051 134.569195330143 334.72202834487 243.803437203169 5.27644807100296 44.3565322160721 449.744462460279 1566.70503050089 443.016555070877 1885.44159418344 5827.10073283315 18.1974546611309 242.484594345093 698.187903523445 30399.2280455828 3912.26423406601 10156.6209190488 1.94272595643997 59.4793556332588 350.211059898138 1080.4729155302 133.411237776279 2647.68537029624 156.760465651751 1772.70631080866 404.290657609701 690.515777617693 300.636459648609 15.1054419577122 111.501246780157 8.0432995557785 83.9721292257309 13.2773345112801 70.3283798992634 9.37274789810181 0 55.3707382977009 6.82390764355659 37.4426513314247 122.218398660421 0 61.5358045697212 747.29067915678 78.4775492548943 369.374339938164 129.011734873056 3.71228486299515 100.964297235012 1.20528817176819 100.078825026751 7.82717829942703 59.7003454267979 5.09983041882515 0.383292764425278 6.10695368051529 65.2847752869129 58.4300466775894 61.4389572143555 99.3090716302395 968.576955467463 0.751287639141083 14.1884051859379 66.9243529140949 1103.43793168664 87.8173581361771 159.744699329138 0 6.39260685443878 11.5397412478924 70.6704705059528 17.9514099359512
1659.40210300684 13.708949059248 727.198033004999 126.847696602345 1098.93335521221 13827.1525811553 6865.01320186257 0 414.393854767084 3643.39052322507 205.639312535524 1292.42285472155 101.453232288361 19958.0952891111 487.911865115166 37.1512806713581 466.173735260963 23.99472245574 90.3260754346848 421.326218098402 770.93830087781 107.998370230198 998.865875840187 597.424005180597 11.4890751838684 450.890006989241 235.599785357714 1464.16368803382 2574.85233950615 2594.9394595623 5.84493723511696 2500.2835174799 31.7396587729454 1532.73324322701 52.8528590500355 782.927422642708 109.042203307152 628.780282586813 117.987425327301 4217.97123911977 1360.24727168679 25.5861059725285 32.5313009023666 2.80077457427979 16.7575403749943 5.36168777942657 18.0219849050045 8.01719534397125 0 18.9007602930069 4.64898201823235 19.850813806057 15.627660959959 0 4.37284862995148 144.738154560328 20.785608291626 52.433190792799 12.5624301731586 3.54637038707733 14.5179467797279 0 33.6041105389595 0.875718414783478 15.8472341895103 6.56446665525436 0 2.44053691625595 6.57716405391693 22.9335120916367 15.5492269992828 31.2351637780666 201.906545847654 0 4.2211862206459 38.3957505822182 226.286985784769 24.7783632874489 43.0864067673683 0 0 1.03652051091194 10.5325399935246 3.84636726975441
205.937061548233 847.779363393784 74.2654558718204 683.779388904572 97.1680945158005 478.278606563807 1950.55044746399 414.393854767084 0 928.895009875298 47.1107533872128 2272.95284169912 129.746582478285 477.16180896759 1680.50276553631 153.944581389427 105.405197441578 14.8620627522469 58.9597883820534 472.20287963748 230.160964727402 5879.30895969272 229.644908696413 15457.3553376198 250.582696378231 229.181141287088 1185.8304887712 5068.40987324715 764.784887909889 976.447711288929 8.93278819322586 11.1859741806984 90.7546826303005 234.793047279119 29.8512995243073 785.315987735987 128.704752504826 327.144096761942 102.572431921959 2718.16840663552 38.628282725811 12.1511526703835 59.074263125658 7.60740220546722 21.9004004895687 6.71345698833466 118.315981417894 7.47434133291245 1.25535070896149 30.4432544708252 11.289231210947 15.0676682293415 172.976648151875 1.47722458839417 38.1357860565186 326.532746016979 32.2957805097103 759.543539494276 159.354806602001 3.45625740289688 193.776565045118 6.143061876297 50.5072389245033 18.0170143246651 34.7622702419758 3.75136572122574 1.73605239391327 0 108.761233001947 55.414323091507 86.7153944671154 26.1457608342171 789.633412152529 2.33795854449272 24.0380262732506 54.4313396513462 737.205154150724 46.0086923241615 104.02659919858 0 0.720469892024994 1.24299931526184 17.8259344100952 4.70241510868073
382.749198645353 3.83813238143921 52.6416145265102 8289.91005414724 18.2638455629349 16160.5636412203 18785.2357949615 3643.39052322507 928.895009875298 0 73.9218772649765 15095.0762139261 18.8385124206543 1786.02415853739 253.385916590691 15.4359303712845 19.0885500907898 7.32055506110191 14.9112617373466 17568.6272545755 84.5427661240101 26.0047698020935 91.9125309884548 1557.18365228176 2.93562054634094 36.0039333701134 64.5147613883018 9533.77386009693 1112.49374359846 168.176437139511 0.456739753484726 44.5284551978111 32.4114638864994 535.971143066883 894.485834777355 766.117689788342 20.2871624231339 601.693301588297 73.0081437826157 734.260977864265 171.214076697826 4.8027269244194 26.0480152070522 2.9606881737709 11.6176418066025 0 56.4605571329594 1.41089081764221 0 11.6722847521305 6.47861433029175 0.733706831932068 173.724362552166 0.847796499729156 37.9122490286827 267.881224036217 24.5525123178959 248.958378225565 95.2490964829922 0 82.4933289885521 0 29.6241867244244 7.22642531991005 2.3445095717907 0 0.846867859363556 1.82186663150787 73.3025479614735 4.08284246921539 10.4937805533409 8.96813541650772 377.617180377245 0 0.793753206729889 12.3618424534798 484.538487970829 26.6282276511192 12.501048207283 0 0 0.418583780527115 17.2751035690308 6.02609705924988
74.2586852312088 320.382865220308 306.913210600615 1.87562274932861 0 61.5181853473186 113.05275541544 205.639312535524 47.1107533872128 73.9218772649765 0 32.894420593977 11485.6203882396 484.39058676362 2.12953168153763 18.5338254272938 1329.1077580452 5437.63032492995 5367.55449518561 27.7637340128422 79.7063844799995 161.235542327166 292.993929982185 50.7673145830631 2276.32161992788 8725.21395334601 4351.99143144488 72.7566341161728 395.234453737736 179.900581598282 1659.3204601109 39.145409822464 12.5956349670887 6413.30120590329 17.0602478086948 787.217377513647 4915.63163709641 8456.92592141032 499.754034221172 87.6421314179897 36.0629190802574 3939.70678982139 16.9311231374741 105.226288497448 37.3007624149323 4.68751156330109 3.10547578334808 0 140.143079161644 0.537579476833344 23.8975619971752 18.5357815027237 0 0 0 6.88330036401749 0 6.94991484284401 0.472437262535095 216.760045677423 0 658.950033485889 2.30126389861107 0 2.94826298952103 10.182163387537 73.4711338281631 51.8886387050152 0 3.24388307332993 12.4265327751637 10.2975589036942 7.96616640686989 158.133791953325 366.966468095779 373.512322664261 7.62653043866158 0 5.31489086151123 55.1003685593605 0 0 12.4872848391533 4.66358029842377
26.6135440170765 11.8435011506081 3.84397453069687 3088.58379986882 102.144462138414 9295.73334476352 892.963141202927 1292.42285472155 2272.95284169912 15095.0762139261 32.894420593977 0 11.231040596962 620.446169406176 2743.20095571876 2.30464628338814 9.5194476544857 5.82946842908859 11.4847904443741 19423.9542310834 5.61716046929359 37.6599868535995 8.30663031339645 960.103612333536 6.20511585474014 14.3230656087399 31.0896315872669 1530.35629794002 292.893017888069 21.2991859614849 0.401335835456848 33.5423848927021 6.60999831557274 228.87238702178 836.651655107737 248.806290775537 7.88068699836731 145.405532538891 9.06508937478065 4172.25170451403 67.2535589933395 4.6011711359024 13.4931939840317 0 7.44186592102051 0 80.0744886994362 0.746642351150513 0 1.78501880168915 1.82069051265717 0 239.17673432827 0 33.5436402261257 43.4921288490295 10.702063113451 156.205237835646 76.3178675174713 0 513.833691358566 0 12.3607688546181 12.4346571564674 0 0 0.892156600952148 0 171.1838747859 0 2.53925901651382 0 185.562012881041 0 0.641524910926819 5.52042561769485 201.824674516916 6.48375171422958 3.99333119392395 0 0 2.22273713350296 5.68395555019379 0
11.3409380614758 977.434883922338 46.6675198674202 0.546498358249664 12.6531239748001 40.3548960089684 34.8288181424141 101.453232288361 129.746582478285 18.8385124206543 11485.6203882396 11.231040596962 0 126.343697369099 3.10697513818741 7.74584877490997 64.3985587954521 274.887394398451 164.968567460775 9.43296813964844 20.4138545095921 362.187213510275 36.6802104413509 121.511991858482 9241.87462216616 1296.97111812234 7528.44431433082 60.7986033856869 86.5971451103687 33.0197487175465 1560.33202695847 26.6427243053913 3.07975512742996 753.1202904284 72.6891378462315 868.442819446325 5959.99490690231 3803.45821851492 458.976580202579 87.5859742760658 1193.02786183357 8088.76783454418 23.2257631421089 183.810537993908 57.8975338339806 21.7470759749413 2.28439116477966 9.52808290719986 500.77725982666 0 23.7547470629215 5.59943062067032 0 2.25809144973755 1.16773676872253 4.79253268241882 3.82754117250443 3.15293157100677 0 418.392973810434 0 1225.24212047458 2.26706779003143 0 1.0223776102066 3.51030281186104 76.7484436035156 39.6444610655308 0 0 10.9358467757702 3.70708307623863 3.64490959048271 240.845766425133 290.942426234484 303.274936050177 4.32849255204201 0.979050636291504 1.71291735768318 83.3529284894466 0 0 10.7966996729374 26.3635774552822
10656.4691074193 36.2842798233032 708.785896897316 96.8109210431576 82.6869266331196 1499.10445249081 7895.34643349051 19958.0952891111 477.16180896759 1786.02415853739 484.39058676362 620.446169406176 126.343697369099 0 55.7230076491833 48.1343465447426 513.270029306412 45.1895306110382 137.516599804163 284.743370354176 810.719038367271 141.463227301836 954.27964708209 679.173127382994 21.2496890127659 498.509446024895 321.96792241931 1652.91314476728 11361.1257785559 4342.15244448185 14.4446215033531 1391.85111570358 88.2145258784294 2042.10613262653 49.2942409664392 1326.20676890016 119.603746980429 1055.91313928366 125.308990120888 1031.87107720971 503.246409982443 24.1373608112335 36.4074230790138 6.57874929904938 16.940365344286 5.64892780780792 13.8988687992096 2.59052240848541 0 16.2876776456833 2.98321521282196 16.7815725207329 8.41946676373482 0 6.00302827358246 156.146057188511 12.9747432768345 66.9013315737247 11.7690341472626 2.17354506254196 8.51351171731949 4.09335511922836 30.8051172792912 0 18.1746355891228 6.91741248965263 0 2.71523985266685 4.61470356583595 22.4659720659256 21.1110106408596 31.0775685608387 217.244136959314 1.61806046962738 12.6557187736034 41.1674680411816 227.582758426666 32.0652819275856 34.5559315383434 0 0 3.40855804085732 16.5308479368687 6.1115440428257
2.39552119374275 13.3511160612106 2.95723494887352 62.5585990846157 3744.95555788279 5967.76421317458 134.569195330143 487.911865115166 1680.50276553631 253.385916590691 2.12953168153763 2743.20095571876 3.10697513818741 55.7230076491833 0 1.06689891219139 2.00119811296463 0.43447282910347 1.41064038872719 106.216153770685 7.46004423499107 98.2708610892296 7.13012093305588 476.804067790508 4.73296052217484 8.32623237371445 48.0590854585171 130.037585377693 45.1728644669056 14.9003193080425 0 224.953380510211 0.572769641876221 71.0725237727165 34.4769741594791 46.8298057615757 6.12482669949532 7.02410924434662 5.34640955924988 15702.9594322145 67.8948699235916 0 0.98748368024826 0 0 0 1.50878310203552 0 0 0 0 0.710736751556396 5.252425968647 0 2.99677902460098 6.14273756742477 0.321705043315887 20.1821638941765 5.43924677371979 0 15.0325841903687 2.35202360153198 1.16614186763763 0.511514663696289 1.39188945293427 1.37454223632812 0 0.880719542503357 2.34519565105438 0 0 0.516204237937927 12.5377250909805 0 0.751049101352692 4.7189034819603 16.2315808534622 1.5417652130127 0.6519495844841 0 0 0 1.45371770858765 1.9613151550293
23.5159062743187 170.701989531517 115.725288748741 6.59313401579857 0 21.0411977767944 334.72202834487 37.1512806713581 153.944581389427 15.4359303712845 18.5338254272938 2.30464628338814 7.74584877490997 48.1343465447426 1.06689891219139 0 218.771217793226 6.15838021039963 37.3529775440693 0.363120347261429 7657.06414705515 4254.11441478133 17981.5157373548 1805.4413293004 13.7381664812565 121.157754480839 7345.54651483893 3819.78448864818 145.980826616287 468.002486854792 0.820415467023849 1.22257429361343 33.5345089137554 605.672580748796 52.2800211310387 1709.41233459115 715.069687634706 973.27178055048 468.38004270196 181.347457021475 5.94280529022217 3.47505569458008 113.397878974676 28.5820790827274 55.9660828709602 27.9877800941467 14.6009279489517 2.59516397118568 0 3.68913939595222 8.02322015166283 120.498594999313 0 0 2.62325865030289 42.8213139474392 10.7128079235554 35.9217292666435 1.30018210411072 1.01403272151947 0 1.12267804145813 13.9514919519424 3.90823435783386 775.88855817914 23.5687401890755 1.39523315429688 7.22262382507324 0 322.97925132513 329.667144566774 1454.41041469574 168.253143817186 1.67533183097839 28.2010837197304 372.494101732969 220.888181179762 12.8845265507698 112.540642231703 0 0 2.53539037704468 37.282519698143 21.0276893675327
248.169633597136 578.208373785019 5024.96929904819 0.699657618999481 1.5622610449791 79.4686540961266 243.803437203169 466.173735260963 105.405197441578 19.0885500907898 1329.1077580452 9.5194476544857 64.3985587954521 513.270029306412 2.00119811296463 218.771217793226 0 465.471069604158 8325.70522603393 3.81206840276718 2967.17792394757 699.6084856987 11153.0070890784 167.265700608492 49.1095738708973 6067.02848032117 7554.11229828 487.081103175879 881.466908484697 3573.17342227697 33.4225431680679 5.48384034633636 77.135567009449 3724.44719269872 70.9168856441975 1863.18426921964 1646.20326593518 3546.56213212013 1091.00123518705 185.123627483845 83.7614808082581 13.1267862319946 48.7461688518524 59.0884869098663 59.3889154493809 18.6854047179222 8.21221327781677 1.87332546710968 1.23572823405266 0 112.863993942738 331.306862086058 0.424337476491928 0 0.970885157585144 28.982096016407 1.80174958705902 11.6738313138485 0 19.2077137231827 0 31.8793540000916 6.79429098963737 0 39.0992713570595 102.984144181013 17.9410057365894 78.6807970702648 2.0333839058876 30.6877476274967 51.1733109951019 119.658490151167 27.1182968318462 33.5400089025497 484.896411091089 1093.89098823071 33.7351908683777 5.15442365407944 28.5224389731884 5.0609136223793 0 0 41.9173546433449 13.2842915058136
6.23066425323486 97.2106910943985 119.479969263077 0.955775320529938 0 4.42789441347122 5.27644807100296 23.99472245574 14.8620627522469 7.32055506110191 5437.63032492995 5.82946842908859 274.887394398451 45.1895306110382 0.43447282910347 6.15838021039963 465.471069604158 0 6923.13290244341 3.5699490904808 20.5795096457005 33.633907854557 88.2165243625641 17.5188851952553 427.132281839848 7444.80699554086 1576.68058782816 15.7044362723827 53.4724503755569 41.5679847598076 178.202660083771 2.2366461455822 0.800023019313812 613.68347337842 9.02843147516251 272.093697488308 688.279104053974 1022.1664056778 143.88844910264 13.0584092438221 3.15861463546753 23.8441667258739 6.43134391307831 57.0686857402325 22.493290990591 2.69891637563705 0.436214745044708 0 24.1535656452179 0 13.2909837961197 11.6256034076214 0 0 0 1.38851052522659 0.419525742530823 2.19369286298752 0 95.3662269115448 0 322.723360568285 1.50598204135895 0 1.0811482667923 7.26081195473671 80.1878677308559 34.5769199132919 0 0.85642546415329 4.19676119089127 4.64328882098198 1.24042367935181 153.275541454554 330.528331696987 297.033440470695 0.745166122913361 0 2.78549319505692 50.1249787807465 0 0 8.24616682529449 2.38067716360092
32.4380894601345 490.10493221879 668.987249642611 1.00266695022583 0.336806654930115 15.5945157408714 44.3565322160721 90.3260754346848 58.9597883820534 14.9112617373466 5367.55449518561 11.4847904443741 164.968567460775 137.516599804163 1.41064038872719 37.3529775440693 8325.70522603393 6923.13290244341 0 2.71880209445953 204.389664560556 155.448067188263 642.526414334774 67.5485943555832 329.473002851009 10139.2502585351 4903.18900614977 63.6097674369812 183.599441945553 362.907858520746 105.812026053667 13.3950498998165 12.2151166796684 2220.59073808789 22.8373928964138 847.923301994801 1452.46356746554 2318.20838281512 457.733141869307 43.2230353653431 18.1157473921776 21.8855005800724 40.8021781742573 49.3139326274395 30.344432592392 11.9390689134598 1.41705238819122 2.18822455406189 4.67779666185379 1.83239391446114 41.792374253273 65.1219228506088 0 1.34846150875092 1.02054706215858 4.67085132002831 1.30693686008453 0.483369499444962 0.997024714946747 63.9244382977486 0 145.115284025669 5.97171705961227 0 6.23763632774353 39.7835534214973 79.9694522023201 153.084574133158 0 8.75108739733696 12.9688801467419 16.4184928834438 3.57154703140259 148.686841309071 755.122062563896 731.67441868782 5.20417314767838 1.7001371383667 9.22529938817024 27.7684459984303 0.430223613977432 1.1785991191864 39.5272365510464 12.5054918825626
43.2830564379692 4.17586487531662 0.520584225654602 27421.6229757369 10.2009225189686 699.336532890797 449.744462460279 421.326218098402 472.20287963748 17568.6272545755 27.7637340128422 19423.9542310834 9.43296813964844 284.743370354176 106.216153770685 0.363120347261429 3.81206840276718 3.5699490904808 2.71880209445953 0 7.34456104040146 4.08890235424042 5.84447836875916 1833.95346984267 0 1.73093670606613 12.2570439875126 4664.14119517803 198.742817550898 24.2558713257313 0.882141768932343 15.9123411476612 6.93322667479515 123.19308668375 98.4459075629711 129.248023539782 1.76881784200668 96.5658152401447 14.8860862255096 356.570539176464 19.5671451091766 4.70246809720993 11.5237760543823 0 10.1544207930565 0 27.2907407283783 0 0 5.98540681600571 0 0 89.686597853899 0 4.2157775759697 56.5197612047195 7.80313259363174 88.7564332783222 39.3441339433193 0 67.7505731582642 0 8.83090806007385 0.824624359607697 0 0 0 0 22.8887802958488 0 1.23971557617188 1.40944844484329 105.812687277794 0 0 2.20943066477776 150.094738990068 2.1586622595787 1.64367884397507 0 0 0.758476436138153 3.42585772275925 0
403.405909389257 65.7472193539143 1948.80832883716 3.29385307431221 3.06425794959068 212.445703625679 1566.70503050089 770.93830087781 230.160964727402 84.5427661240101 79.7063844799995 5.61716046929359 20.4138545095921 810.719038367271 7.46004423499107 7657.06414705515 2967.17792394757 20.5795096457005 204.389664560556 7.34456104040146 0 1065.20051798224 31354.2620471716 727.428946524858 8.96774885058403 721.493743896484 1675.82812571526 12984.1503416896 1248.88005885482 18430.2637096345 4.07798954844475 3.73122638463974 205.384053856134 4080.92053174973 196.737056463957 5107.50767338276 1098.53264650702 3177.75773450732 1041.30922174454 446.148525089025 44.4961942732334 3.67315191030502 91.4382856488228 23.6821055412292 37.9277750849724 8.72507965564728 17.0649307966232 2.52855652570724 0 10.8019724786282 6.26592361927032 67.6498241722584 0 0 1.06017044186592 65.4487397372723 8.86415523290634 106.516058444977 3.67879143357277 5.09019756317139 2.03102773427963 0 20.9462615549564 0 378.437485069036 18.1362080276012 0.383240550756454 7.21471086144447 0.583268344402313 405.514332234859 221.717119365931 419.929318577051 300.844404429197 2.51521641016006 29.4627989828587 188.563192278147 397.201626181602 39.8532435894012 199.240693360567 0 0 12.5242398679256 56.0192855000496 27.9280263781548
63.5996931791306 3850.26080405712 551.741699337959 7.14286211133003 8.21133452653885 38.0567825138569 443.016555070877 107.998370230198 5879.30895969272 26.0047698020935 161.235542327166 37.6599868535995 362.187213510275 141.463227301836 98.2708610892296 4254.11441478133 699.6084856987 33.633907854557 155.448067188263 4.08890235424042 1065.20051798224 0 3042.92074969411 9411.30742990971 764.248006880283 732.025734454393 8467.33446878195 3177.76253733039 473.788404047489 915.13283136487 23.5573430657387 3.03165957331657 92.3855025470257 657.388496607542 54.6667509675026 1524.84507533908 821.084384292364 1188.13538122177 550.699847906828 289.223141521215 21.7519658207893 46.6840797364712 115.077823281288 44.8612951636314 93.4425904452801 49.0036709904671 12.3637278079987 2.65228718519211 2.90802383422852 8.76831912994385 91.8930820226669 468.674873560667 3.46023052930832 0 2.84657195210457 63.4153632223606 14.0407590568066 95.4933258295059 4.15729928016663 12.599103718996 4.9437483549118 20.8840799629688 11.5165884792805 0 626.763261944056 83.4150923788548 4.03718477487564 21.8529142439365 4.10933807492256 259.588846683502 398.612203627825 920.79710495472 205.466647624969 10.7483851313591 149.060476362705 1047.70328238606 266.0481993258 10.7615306973457 100.481662750244 2.35235598683357 2.17618489265442 5.04161924123764 38.8119071125984 18.6650701165199
498.607766985893 145.212094217539 12349.8126367033 5.41533002257347 2.80545380711555 266.622036457062 1885.44159418344 998.865875840187 229.644908696413 91.9125309884548 292.993929982185 8.30663031339645 36.6802104413509 954.27964708209 7.13012093305588 17981.5157373548 11153.0070890784 88.2165243625641 642.526414334774 5.84447836875916 31354.2620471716 3042.92074969411 0 795.645818650723 15.1052410006523 3607.71256509423 13843.6320559382 5598.92551416159 1331.90612366796 8995.46267157793 10.0827713012695 10.0296872258186 232.293430238962 6354.24076256156 489.111276000738 10268.2614105344 4249.45054212213 8368.421441257 3923.63985255361 1417.8068150878 68.8997442126274 26.1648782491684 210.761159747839 87.8761325776577 147.122505515814 103.691133290529 32.3887261152267 4.05081230401993 1.17392426729202 12.8356234133244 67.1708399653435 764.769859761 2.32252591848373 0 4.14090865850449 86.112683057785 14.3248310685158 73.9836902916431 3.10715705156326 4.98304054141045 3.8291876912117 5.62039664387703 20.5292544960976 2.52983570098877 1459.98330268264 96.9927561283112 3.75672322511673 31.7390257120132 0.994553357362747 388.411058396101 518.509559690952 2931.89336684346 275.716005325317 14.813605427742 143.921623498201 1916.62579441071 350.953746825457 19.5268050134182 134.723110944033 1.0972489118576 0.509700000286102 5.21836125850677 113.304990172386 106.819712340832
358.68942630291 1077.79236352444 111.427460044622 3859.58529219031 29.9970991909504 513.669701516628 5827.10073283315 597.424005180597 15457.3553376198 1557.18365228176 50.7673145830631 960.103612333536 121.511991858482 679.173127382994 476.804067790508 1805.4413293004 167.265700608492 17.5188851952553 67.5485943555832 1833.95346984267 727.428946524858 9411.30742990971 795.645818650723 0 261.033019721508 238.951289474964 1967.66033920646 37209.6553012133 1351.14408332109 1940.29624515772 7.10292649269104 11.3246860206127 251.172993481159 645.618853241205 67.3929021060467 1707.13735333085 228.41464304924 902.957785010338 283.492598086596 970.231852561235 55.9800916314125 15.836225181818 307.992959916592 19.2888400256634 136.980072528124 32.119435608387 162.311204433441 30.7450951337814 2.08250904083252 80.792241871357 20.3276547789574 77.376957654953 211.45580431819 2.99120664596558 98.8072176277637 1145.12047466636 172.137998789549 1148.73703891039 249.039926081896 8.91484794020653 238.955947726965 6.1545897424221 211.482254594564 21.1444212198257 233.766567200422 13.9934627115726 1.61945688724518 13.6277901530266 160.972874641418 264.872960209846 313.7605702281 235.287536352873 1999.11538359523 3.11323070526123 35.1533376574516 115.650801420212 2390.52712345123 178.310393214226 398.964431792498 0.931183516979218 5.62830531597137 24.0296151041985 105.748564690351 15.2922008037567
7.77484056353569 2597.09137386084 19.3466551303864 0 1.00365671515465 2.51193469762802 18.1974546611309 11.4890751838684 250.582696378231 2.93562054634094 2276.32161992788 6.20511585474014 9241.87462216616 21.2496890127659 4.73296052217484 13.7381664812565 49.1095738708973 427.132281839848 329.473002851009 0 8.96774885058403 764.248006880283 15.1052410006523 261.033019721508 0 1660.08140560985 4915.15919986367 88.0527026057243 27.389385253191 16.5642867386341 306.166812390089 5.04555803537369 1.03119385242462 223.039132475853 1.61674624681473 170.859153479338 2073.04550993443 961.882423192263 167.649140566587 16.8449758887291 22.2058076858521 2800.69279751182 31.9921382665634 119.651459008455 67.4428693950176 11.74533867836 0 0 222.518337905407 0 36.7264723777771 14.5693687200546 0 0 0 4.88827729225159 1.1844527721405 7.40567103028297 0.691842615604401 289.50108012557 0 917.466307401657 4.08181613683701 0 0.62021392583847 7.59030574560165 169.674155324697 103.504402250051 0 1.34191438555717 16.7297124266624 9.76624083518982 8.21448704600334 428.200373888016 628.64097225666 546.54643908143 8.39425751566887 0 0 121.017268538475 0 0 21.7555784583092 1.62236315011978
213.645648807287 1955.3856471777 16108.046110332 2.05217200517654 0 98.313573718071 242.484594345093 450.890006989241 229.181141287088 36.0039333701134 8725.21395334601 14.3230656087399 1296.97111812234 498.509446024895 8.32623237371445 121.157754480839 6067.02848032117 7444.80699554086 10139.2502585351 1.73093670606613 721.493743896484 732.025734454393 3607.71256509423 238.951289474964 1660.08140560985 0 40448.0548794568 341.105121821165 619.254835695028 1128.034897089 2258.18687975407 12.5007016658783 36.8115697205067 2428.94563019276 81.4266105592251 2328.39355006814 4863.92122089863 4359.4282412827 1120.34499061108 137.04188477993 79.6903496682644 103.869261920452 134.417436748743 289.034803330898 243.034933507442 59.5959895253181 1.43720436096191 1.66068053245544 116.066392838955 4.32711800932884 285.356582939625 391.975189000368 0 0 3.04350534081459 41.9747106134892 11.5309616029263 21.6687820255756 2.90129098296165 485.587654680014 0 1274.87568971515 23.0225165188313 1.19301700592041 34.9965394437313 225.698805630207 432.329488575459 659.329739123583 1.66430228948593 34.9016350507736 74.6884644329548 132.454450398684 23.758073836565 764.154897987843 3546.13761940598 3824.40021857619 41.9225436747074 5.36015737056732 38.7266053259373 148.589887797832 0.531788647174835 2.03514268994331 125.814547508955 25.3406896591187
98.9097337722778 8481.57114374638 15794.3689281642 4.69666427373886 7.80416119098663 85.1956466734409 698.187903523445 235.599785357714 1185.8304887712 64.5147613883018 4351.99143144488 31.0896315872669 7528.44431433082 321.96792241931 48.0590854585171 7345.54651483893 7554.11229828 1576.68058782816 4903.18900614977 12.2570439875126 1675.82812571526 8467.33446878195 13843.6320559382 1967.66033920646 4915.15919986367 40448.0548794568 0 2265.51644161344 430.546960949898 969.048631489277 3883.60337263346 12.9654550850391 40.9506392776966 5120.89857822657 275.737596124411 7550.83981636167 8636.343193084 9411.63459557295 3716.58273646235 814.984261214733 153.053586870432 134.492242306471 412.688574373722 507.882619202137 568.447951495647 209.611807137728 30.6111007034779 8.02309280633926 111.034913778305 15.480618596077 917.745371758938 2442.76420933008 3.46986711025238 0.93712317943573 12.2264451682568 161.223519206047 31.0103772580624 57.69700345397 11.6844942271709 437.933532357216 2.47632101178169 1221.54469275475 42.7065349817276 1.89519155025482 517.291315823793 750.156152486801 556.783995121717 934.736802101135 4.3879422545433 199.967292398214 464.586143642664 1682.28966286778 126.033884614706 848.39211538434 5121.18568280339 9706.09326353669 174.374826490879 21.5067173242569 125.560544848442 203.233098864555 1.91645008325577 2.25971177220345 316.130074620247 97.6138174533844
899.476079016924 355.431026428938 637.804317384958 12367.9471562207 23.0642392337322 1525.61589750648 30399.2280455828 1464.16368803382 5068.40987324715 9533.77386009693 72.7566341161728 1530.35629794002 60.7986033856869 1652.91314476728 130.037585377693 3819.78448864818 487.081103175879 15.7044362723827 63.6097674369812 4664.14119517803 12984.1503416896 3177.76253733039 5598.92551416159 37209.6553012133 88.0527026057243 341.105121821165 2265.51644161344 0 2981.89194300771 14870.6722309589 5.10428890585899 30.4650437831879 546.957388669252 1802.77821046114 176.568872690201 4352.53232753277 471.839410930872 2093.18523025513 695.749466985464 664.82608038187 139.409378021955 13.9626054465771 352.354047298431 23.8633149266243 188.206575989723 31.7028018832207 147.212575256824 22.2935191988945 3.76231896877289 146.225227385759 9.00160565972328 125.117448449135 251.980312764645 5.55057969689369 104.579666316509 1467.3338881135 174.654417812824 1030.65940594673 255.480249464512 16.7337048947811 226.135818362236 8.2376948595047 265.324641138315 19.2508883178234 299.972706675529 15.427554577589 3.23440951108932 6.58295857906342 150.463409304619 409.786855965853 321.527671873569 299.63633158803 2535.04698103666 2.08476814627647 34.6215742826462 161.494246572256 2797.09568190575 249.475728750229 527.824995696545 1.0889655649662 7.68639135360718 36.8126036226749 151.540821880102 26.5115246772766
9021.58623185754 39.9350011944771 406.030258357525 152.802141040564 177.441873341799 1084.76654270291 3912.26423406601 2574.85233950615 764.784887909889 1112.49374359846 395.234453737736 292.893017888069 86.5971451103687 11361.1257785559 45.1728644669056 145.980826616287 881.466908484697 53.4724503755569 183.599441945553 198.742817550898 1248.88005885482 473.788404047489 1331.90612366796 1351.14408332109 27.389385253191 619.254835695028 430.546960949898 2981.89194300771 0 12147.3486968279 9.32966673374176 2395.34271284938 13286.3442580402 4138.46060609818 89.7945401072502 2514.62609803677 218.550192385912 2170.43715435266 262.474665910006 735.85994514823 884.484099268913 25.0284598469734 49.1651136279106 5.30954593420029 22.7200827300549 4.89681100845337 17.7025951147079 8.12207102775574 0 20.9894677996635 0.509584605693817 26.6393179893494 8.24892362952232 0 11.1390256285667 144.373762220144 26.2157875299454 175.95391061902 10.049574047327 1.04404252767563 4.0966440141201 4.86702764034271 54.0787451863289 2.57741904258728 56.0016197264194 10.3891139626503 1.43073016405106 4.44797301292419 7.04901698231697 61.7475915551186 57.7471377253532 62.4042854607105 339.934954077005 3.63409304618835 24.2496689558029 50.0497251749039 385.704612702131 33.9872659444809 108.642090171576 0 1.16975736618042 3.89500769972801 21.0302243828773 17.3838719427586
4251.85560023785 72.5581443607807 1472.75866112113 10.1383182108402 12.4198143482208 305.684890925884 10156.6209190488 2594.9394595623 976.447711288929 168.176437139511 179.900581598282 21.2991859614849 33.0197487175465 4342.15244448185 14.9003193080425 468.002486854792 3573.17342227697 41.5679847598076 362.907858520746 24.2558713257313 18430.2637096345 915.13283136487 8995.46267157793 1940.29624515772 16.5642867386341 1128.034897089 969.048631489277 14870.6722309589 12147.3486968279 0 9.90734693408012 30.7184407114983 674.027207314968 4414.01353785396 138.234183490276 3439.74488413334 383.603575497866 2507.78857785463 717.76709574461 308.410129398108 86.5880388915539 5.30781465768814 109.741215288639 10.1806635558605 43.1720381081104 13.6287734806538 15.2721856534481 5.76518714427948 0 29.5780164003372 8.64082270860672 67.4504897892475 0.98817640542984 3.85734975337982 3.98399487137794 219.718221098185 36.8622163534164 190.743882268667 13.1071465611458 7.02777010202408 3.74207437038422 0.342811286449432 51.7211788594723 0 160.746361196041 12.6103763580322 3.29261714220047 7.51149326562881 2.99098259210587 184.625449448824 151.87632676959 160.726541191339 496.486292332411 3.4601856470108 33.6607069075108 114.75398093462 596.180271327496 71.8570406138897 163.822273850441 4.29616409540176 2.53071355819702 5.04622936248779 58.356134146452 31.8893786370754
0.511158347129822 66.5423952043056 38.4815937578678 0 0 1.92790144681931 1.94272595643997 5.84493723511696 8.93278819322586 0.456739753484726 1659.3204601109 0.401335835456848 1560.33202695847 14.4446215033531 0 0.820415467023849 33.4225431680679 178.202660083771 105.812026053667 0.882141768932343 4.07798954844475 23.5573430657387 10.0827713012695 7.10292649269104 306.166812390089 2258.18687975407 3883.60337263346 5.10428890585899 9.32966673374176 9.90734693408012 0 1.78040570020676 0 96.9158591926098 1.81242334842682 35.9312991797924 289.465833723545 282.517994821072 23.1035199761391 1.95264762639999 0 28.5643482804298 1.98660087585449 29.2647043466568 8.30882906913757 0 0 0.890232980251312 36.0275830626488 0 9.22170379757881 2.66145497560501 0 0 0 0 0 0 0 66.6802535653114 0 220.81441962719 2.35815906524658 0 0 0.572375893592834 25.5286561250687 13.8962381184101 0 0 3.43878602981567 0.528374850749969 0 58.5917290449142 101.594724625349 96.3876774907112 0 0 0 28.0261538028717 0 0 2.71710616350174 0.325908541679382
