0 119.432832711278 100.790402211357 90.1856422947681 88.9989063754242 65.2074618493492 34.395730692407 45.0028029445931 73.0642414124164 73.0924855916992 103.911418519847 96.9416980265599 113.249026499706 26.9378917297539 132.834456957142 99.5164884685803 109.687404894569 144.482145692454 130.785640453173 75.0309468140466 86.391251325882 92.8558429492461 95.3482948803971 81.1639763576625 121.228658468746 124.327950695638 130.057169014578 77.8069070151718 25.2480678826402 40.9034233231357 146.596420288086 87.4702066417141 43.8738994398332 68.96312940181 133.215040617813 78.037674975207 92.455584592229 75.7310389109595 93.3174855923379 65.2390944296013 65.1624671430482 73.2556533813477 147.180307487168 210.765625 174.105702193925 0 150.844090176142 0 0 138.639520969515 148.949295043945 180.387037992235 149.652172960607 0 201.146118164062 139.878655014821 169.537834543731 96.6180404102002 164.705419432497 192.863677978516 139.793798382407 0 170.582540881094 0 147.839173663213 0 0 235.021133422852 0 143.218659160965 104.297511226127 162.077391162396 131.18967365901 0 199.963691395439 176.68641138508 141.866054004712 161.281280721424 145.615329385359 0 0 152.465835571289 166.666918385279 177.045943200931
119.432832711278 0 51.1910897030998 147.131374548405 127.914591798637 144.678060664264 118.939065587377 146.579048960997 75.3524007468654 161.170924265305 62.1049091094805 114.594514817579 43.7644506818621 137.969882429693 113.386704361856 59.8249123396501 58.3556066943296 68.3776281947151 57.0691908409973 157.641049145616 98.1229908476973 26.2023827558545 81.662305461424 82.0130372911525 22.983852868571 49.6101941686166 35.412243668072 99.0788767853091 119.661105211844 107.280830684504 69.0864093070516 122.031171787649 121.245533492864 58.3805150857666 149.041555777951 79.7092012235815 45.3799873926159 59.6477054180868 65.3278055377896 102.935839118675 80.916802876514 46.4441998477828 91.6366326633634 68.2087543302765 78.9066255172293 73.9963134941283 116.450897438767 0 57.1238889740773 173.174560546875 14.971695020958 66.4298148201132 158.404556274414 0 146.39190086751 153.552260586554 158.352037199798 103.685493339209 160.300247192383 89.3983578797269 176.312237704971 79.011541243733 134.018494144844 0 106.777837679057 74.3702389924171 105.930627889847 74.7872662657318 181.084777832031 137.413576356957 64.4961582354982 102.260704405111 133.172379938365 55.924881396483 67.4385982713403 61.5647996781063 154.093778039552 173.732145507091 125.519838372874 100.457906430808 0 175.411605834961 76.0873839642057 213.867242472861
100.790402211357 51.1910897030998 0 156.764404918275 151.784402851269 118.647335612675 91.375382826407 116.701000479343 99.8966295532045 127.706227275168 88.5728604820115 161.939596857816 95.1306522631587 111.952190231105 134.40448414961 79.7779263810781 46.7785705822348 89.0348341081287 66.5430818752017 173.091720581055 63.9259080077672 52.7628429522437 35.3151012507065 105.205940758013 89.0947462033735 35.5804385410025 32.4670604319136 85.7196023639259 105.558058961389 78.6450987003097 103.807057798687 165.949634522973 91.4700802492563 61.850619854687 137.833666383962 71.5794948837963 47.6915492289705 62.1817474664502 64.7245013608644 83.7477908873044 79.5322519930307 98.3985686421892 126.045284968243 110.09267810876 108.98956619345 114.331976704167 136.191026805577 0 102.162322998047 149.291594078252 65.4177268869494 98.4592861745617 0 0 168.9816159588 169.594513149722 191.224052710202 99.6909777738385 205.320142461596 148.394736997126 190.941436767578 125.756823270178 169.933489527241 121.969811030531 124.353689689099 108.090773665711 136.606588154746 122.429884079113 241.816253662109 140.223036943499 81.598257829043 113.743241025729 148.016168375685 106.839059287249 109.148441789113 97.5059909554322 153.103594832104 165.072057147771 152.07467225375 147.985031705335 0 170.705572769473 112.482373571961 141.714862012922
90.1856422947681 147.131374548405 156.764404918275 0 115.65175021735 72.1808565631813 53.5132968449289 101.538687215658 69.5525816647056 23.0505189140119 127.535443467628 45.4880101821373 182.179870605469 108.485797609051 75.1050184336832 111.542711505811 165.179412841797 206.197484885507 148.382797241211 13.8004933606962 129.857618193083 89.1638848261906 130.774929464563 29.1678104955919 0 195.770757929039 162.295850553545 24.4420679216514 106.647156077688 100.197377875893 0 136.476257815556 82.5681018349186 106.761016651842 81.4600955354791 102.37721589761 99.001565322649 103.639046934933 111.275112425198 77.1359616735021 109.351406416784 0 158.878342324374 206.032333374023 162.431583197986 0 111.367214231251 0 0 155.735853317446 195.227172851562 182.56139612599 27.5770503991541 158.584597971483 147.314546474207 145.47353204355 163.814815268916 87.4844886142413 104.529648381339 0 98.6496536834383 0 149.190711762258 124.641076450975 145.273664017002 0 0 0 61.2024369340342 179.621627807617 209.552713828076 145.810035381285 123.500107601624 0 204.16064453125 193.850282604907 128.193415219239 177.65263431461 151.027110025422 0 0 127.699333190918 172.531381111609 190.314609936079
88.9989063754242 127.914591798637 151.784402851269 115.65175021735 0 12.9307538528296 113.084482534731 19.1016658959136 52.9245384784826 113.369212490464 0 61.6805421422111 54.3822713038945 48.5222919718326 20.094131015334 0 149.447125468537 0 184.026977539062 100.010066462762 160.8465284429 115.239370501259 132.742383913026 84.3606773664866 175.528588271962 0 154.711255137574 121.052587372587 29.6321931131903 115.697398332184 0 10.1012282448783 0 15.1035009287561 50.1196959957782 72.501702964009 89.6225235557048 45.5066349879586 41.1354307839185 10.4552703866229 8.25703441216706 57.2231101989746 48.3629112243652 113.132671338234 0 51.3803765455676 41.1553353781513 0 0 0 0 216.175262451172 207.391815185547 30.9898309657931 0 146.698775454557 0 75.9859085083008 0 0 165.164336789069 0 230.409530639648 36.6624450683594 124.068439365015 0 0 0 0 0 0 0 164.91754307541 0 0 178.237949230474 137.154812456523 0 186.886428833008 0 0 0 0 71.5567706612231
65.2074618493492 144.678060664264 118.647335612675 72.1808565631813 12.9307538528296 0 49.3835150901703 22.3457457407387 58.7712597907944 30.7965725895437 89.8949710734722 28.3533013311004 78.1492052796455 45.7202039214794 18.2121790955305 119.132262961076 133.249886582953 155.812227817946 148.348226875921 48.810201771449 102.460521155547 109.661394080846 114.485623067734 74.2682065940894 179.320848062018 142.135918201439 137.247637988232 70.1412010582277 40.932927074832 87.2045495784268 114.2178371976 16.5652826073474 100.377870225946 31.923902199126 28.6617273764713 88.0506726605678 117.623291098358 76.7496371140661 100.346720206774 16.2451473868334 19.023396333758 97.4234290008742 167.449462231717 0 170.955759102001 155.377505529184 101.086343061584 174.108545695526 0 155.875585624664 158.949384186234 195.906057834945 141.472548939886 0 144.341251468415 148.792210343777 169.205164382033 107.268453971073 160.40170981347 0 123.31903952125 118.993873596191 178.962936381521 175.813201904297 155.395023291399 217.474533081055 0 0 149.567813286548 187.032386987477 123.165687284526 182.707132398533 136.579473738865 207.870511710088 206.07325518486 185.976131291921 151.751381266723 171.330096403779 163.882433003325 0 186.666687011719 147.697549354381 174.055283745874 227.458831787109
34.395730692407 118.939065587377 91.375382826407 53.5132968449289 113.084482534731 49.3835150901703 0 57.3474735413898 63.0637003891794 29.2726182517374 134.154764649475 54.6853722685486 128.36170453485 49.9243756753976 78.6811640979994 80.0914274250801 113.268736407412 150.130621839038 138.341022600728 45.0174246336235 72.9713168260829 80.2446653069726 85.8808762437434 54.2189490732563 145.270045595608 125.869091807327 106.99815242989 37.8366487420334 78.5988332107931 29.1719728716346 168.635092675649 123.257429567881 73.5076526207773 85.0246705777744 110.682028140524 80.7758863362915 95.975038600919 84.173387030441 88.9719699562136 78.3812154597611 85.1219435055803 120.198278496058 147.809721527069 179.751847375148 152.420701237687 173.03294365801 132.977223261692 151.798556690437 0 138.611867738007 160.60837749506 166.347502566947 142.911774034161 0 144.232470571685 132.01306598694 152.01450855566 86.5074411536912 149.091994530299 195.453945452339 135.601022366664 195.396621704102 156.931825909042 135.582400607786 137.164874887488 192.426815771329 229.390213012695 203.240374089174 138.95678379635 138.96783407035 104.329203423269 151.803833578186 118.511118874833 194.268127441406 193.543108032371 170.621444175977 133.532503158751 158.492850844356 136.454272645806 0 187.904847572719 143.827861514684 148.79767110741 161.026239273398
45.0028029445931 146.579048960997 116.701000479343 101.538687215658 19.1016658959136 22.3457457407387 57.3474735413898 0 85.7586222085927 53.3900561145767 87.6624037480073 71.4450882164724 65.2116299345651 22.5218788116426 41.4475478808575 126.65642537973 128.738516436698 134.354504109607 139.485626273903 76.7870193743335 104.70515372015 111.167714584835 111.940074414246 92.8979205874949 115.676336289717 137.144439739508 140.95050433414 95.3604647726993 46.6194577441964 76.1271111262581 159.213517828496 17.0587580710759 94.4332437670947 48.9397479284939 99.7022383870076 86.8998557952142 108.254759655719 75.4274771550011 110.352001553591 31.6423912808402 23.0466352186002 65.7069097301044 167.958299687122 166.520447330551 168.01266093469 124.754082787284 163.805067103059 177.310557566411 0 162.432492324263 172.902197579264 188.309453028245 161.139994497237 0 193.508925428598 158.4210231075 172.768540996172 114.572257678169 181.224198585798 199.954866880114 137.936727272598 0 178.783049625649 218.704956054688 160.814277708115 192.322978022283 0 208.420982833551 150.528673984411 163.414611366528 157.863525781265 173.653380644123 143.423590714192 0 212.2555420461 187.352318574004 155.298101244751 172.666932597572 164.394680464348 0 0 166.992320860838 160.613429232955 158.466936350828
73.0642414124164 75.3524007468654 99.8966295532045 69.5525816647056 52.9245384784826 58.7712597907944 63.0637003891794 85.7586222085927 0 75.4192717353486 135.841080671582 27.4850837012685 119.723913730048 90.337586172494 19.8575893493597 53.7519126953738 114.762608928496 136.945896284601 132.399417227746 59.3110170811867 66.2302999165899 27.0632483848223 84.9204948306456 26.6741704493922 99.8810471754507 122.947934616001 98.8417298824702 58.661064783466 81.9059645763198 63.4635343570197 139.533185503285 98.9732478424668 66.6961883754151 87.2547814500407 129.18611868242 68.650207666999 91.481916211051 89.4805327117542 88.876859725005 20.6373127128849 99.681454445565 126.117568678466 85.8889869659768 129.278350792601 101.103969358054 110.780043369651 42.6236376017157 124.507336452346 158.600402832031 89.4376651720924 115.431294070947 134.050426806594 91.5908571726839 123.490715399731 98.4050960862099 87.1563934321658 111.944868376144 24.0100429590156 95.8160752699552 171.633897484936 67.731041989928 152.050829837634 114.516738327647 57.8359918808858 75.8098559119232 171.638490933715 193.363481546253 0 81.4792621837554 87.1867863910271 38.0293810333397 125.833623744102 66.5123822100711 129.813563794279 155.94781281442 140.407696974057 89.2829842205176 107.497066166674 88.4758898944082 0 123.213119506836 98.5610549745734 117.209429908737 142.092775364578
73.0924855916992 161.170924265305 127.706227275168 23.0505189140119 113.369212490464 30.7965725895437 29.2726182517374 53.3900561145767 75.4192717353486 0 141.5123776809 32.534407281839 140.400679390706 84.2827915301473 73.6163682233185 115.481129259145 163.385757442132 163.970757081203 161.398529135604 18.7097889287311 108.140498637057 106.520043865715 111.228841096406 61.2604101154402 159.861123965093 164.004315823821 143.485427365797 29.9376378029978 105.117068431621 100.385735123821 155.194244384766 129.090304996705 103.922468461608 104.461418411 27.0795933043819 102.204981581153 132.68394263773 100.731405990854 101.294113669958 73.7136148640007 102.026782130539 144.184349119249 164.162823165823 206.224410170968 188.966216139279 0 127.588681575629 177.477081298828 0 167.516426563938 175.485121268259 193.051742553711 97.8457733342451 206.240966796875 165.075314069367 149.197519130079 169.956487581012 90.5805831604741 164.320016197857 0 137.617515723262 0 178.173553790609 119.260692747662 147.345057100746 0 248.319412231445 215.084976196289 151.173684301749 158.762082642982 140.110664759499 186.994174707082 130.627087990444 0 210.624572753906 188.124319636335 152.18114979348 177.46943988171 162.110972633529 0 0 165.008087158203 176.358041761793 190.6122371167
103.911418519847 62.1049091094805 88.5728604820115 127.535443467628 0 89.8949710734722 134.154764649475 87.6624037480073 135.841080671582 141.5123776809 0 144.368032870355 20.9622349792927 84.0911517378183 182.83567719124 119.818266191759 55.6439201720428 27.0183990866423 30.5370307312627 137.786900072992 106.538575242128 96.3865662134893 100.955764171825 152.079553811617 31.9352978856836 37.5410778982228 59.3202627246324 152.222344492256 81.3587494337606 117.109670237044 36.093415199385 63.0361843983978 104.261458461006 25.7897511433326 131.166472686587 82.2060377543688 33.2558818174081 31.1162255674121 53.7318383299406 78.7309245546389 80.4299120452534 16.9783368302654 141.766620837449 71.5802630044126 113.832646534687 147.674399156049 177.413716150529 0 52.0993376146838 187.342437744141 99.8615162652677 142.629956446176 0 0 0 208.405702728552 0 179.710132092774 246.426742553711 79.8430626462725 0 75.3159164415703 175.316883939727 0 156.269072911214 154.757187879523 111.205235902941 116.605959036694 0 184.160249789005 152.677274272387 170.466469761239 196.188884513381 69.1727808729874 111.182159236838 115.398455929392 204.039720951822 0 204.872162987764 96.9205421101274 0 0 140.386616553566 137.366017276352
96.9416980265599 114.594514817579 161.939596857816 45.4880101821373 61.6805421422111 28.3533013311004 54.6853722685486 71.4450882164724 27.4850837012685 32.534407281839 144.368032870355 0 137.182142051546 95.2753795552769 22.5122472741029 122.053019267527 165.633704154644 173.7074867023 161.948543145879 16.3535086744576 123.432113102879 86.3755158433836 168.840712442707 38.6819663051399 149.780657292153 168.854342751058 148.836325920528 59.1385651678204 108.381414281012 112.02151356755 155.411972045898 111.312452442292 107.449578718768 102.869259667761 18.2273782530709 78.6368854710047 122.834914494913 102.75862298188 121.901852448331 26.8915160060665 95.9040288179188 132.376047469917 73.6237781374945 0 163.441796631681 0 68.787412197501 104.586463928223 0 116.810775630563 150.14459506774 0 46.5265277987865 0 91.9257470404616 127.761045192129 122.399667389551 55.4823142997398 96.1005594368721 0 28.5619022636198 0 140.151199645345 94.5489708697703 0 0 175.887115478516 0 38.9974015012145 0 123.734502786182 0 88.3945604898777 0 209.907043457031 159.36900116313 109.123862029308 132.913817324546 138.215241295352 0 0 167.285040203182 173.217729398765 0
113.249026499706 43.7644506818621 95.1306522631587 182.179870605469 54.3822713038945 78.1492052796455 128.36170453485 65.2116299345651 119.723913730048 140.400679390706 20.9622349792927 137.182142051546 0 83.5300305823472 107.797368518723 110.502030892741 87.8835927621809 48.7600745878981 66.4931121267981 130.728662061936 127.001897378511 75.7999428388697 118.798758316728 128.099999460155 16.6353125123398 43.7409910859726 29.1294965697305 146.112728627441 77.3680302731687 136.794207949205 16.5495424774473 58.4355389305966 97.7648041176143 38.968175035896 75.8528219527646 33.0843699110545 25.7774245576362 26.8860812584458 28.1861996926862 47.9568350412293 11.9834144838501 12.1921069635954 88.5399561535746 52.2158572822385 67.1321448803911 42.326060789127 100.119391653884 44.3529356425835 40.8951624578583 0 82.3261713223383 146.98856598266 0 93.3938598632812 72.3210601806641 197.772020981112 141.882503754964 178.705898194312 0 65.0576287875982 0 63.2780737930221 135.470716188066 0 192.384002685547 156.904327254404 93.5639726008355 107.678040498943 0 0 118.544676861992 162.349438922687 185.217101251716 53.5915895099129 96.9677842276746 100.189443705321 209.926242513504 188.074798583984 199.64653424285 89.1456773323532 0 0 109.112316760846 88.955968472606
26.9378917297539 137.969882429693 111.952190231105 108.485797609051 48.5222919718326 45.7202039214794 49.9243756753976 22.5218788116426 90.337586172494 84.2827915301473 84.0911517378183 95.2753795552769 83.5300305823472 0 57.6158465763301 117.367355246958 123.712754386457 119.58142782174 124.142881880194 89.7540627018713 100.073224558653 104.88345393558 109.279176597906 96.4275507895968 103.047854135548 130.112073129135 130.295971662524 96.8772529379036 35.6328696629698 68.8189518841777 134.011639127768 22.7111923752548 66.8124215094583 52.1815534548905 116.298457796134 78.8488537150126 105.677072355943 66.455172079975 97.3891810836443 46.3987192426012 38.7724650169086 80.9174655536385 166.862424456721 186.96045266374 165.64740463069 140.496489797308 155.941520539825 159.502051540464 0 152.443773832977 133.913477517885 181.636981216917 166.497569502233 0 161.60137713156 159.064367512946 175.295672753576 105.783285997923 174.197368175663 165.534959565657 159.384032844531 145.496027900062 180.441398207111 0 158.719726832311 197.200694804949 0 172.447020024738 176.009713333754 161.464349057862 126.7935542595 170.415637077275 147.358076445951 118.074973472386 191.177740799808 179.204976837599 158.094881303695 182.405025706612 167.24913423266 0 0 178.225032831292 170.052812627119 177.1291264487
132.834456957142 113.386704361856 134.40448414961 75.1050184336832 20.094131015334 18.2121790955305 78.6811640979994 41.4475478808575 19.8575893493597 73.6163682233185 182.83567719124 22.5122472741029 107.797368518723 57.6158465763301 0 107.41552404386 159.854162628785 214.999847412109 181.156196820125 62.0438954430304 123.264257847847 73.7320789563016 123.147237298017 43.5545345752509 137.842369529397 150.667170565235 130.203460504392 85.4960646647766 54.5753711260226 110.887744417086 0 37.6500571077423 120.449226379395 55.9121342661754 53.5588457410073 58.3432091504183 147.975362683103 113.688462741766 82.9956168761281 10.2605006074545 31.0197382403805 0 54.8881988525391 0 0 0 47.9445890194363 0 0 0 0 144.617080688477 115.074664501765 0 151.502181127064 132.358352404739 159.712371826172 51.600399986052 133.639022997901 0 91.1049379546283 184.779746269484 231.377258300781 162.207122802734 114.029350280762 177.807800292969 0 201.028839111328 90.6837775702685 0 0 145.337188720703 88.83005321579 0 173.211303710938 195.351806690312 136.611632594746 159.350264034268 148.400970458984 0 0 0 185.772552490234 77.2858262125709
99.5164884685803 59.8249123396501 79.7779263810781 111.542711505811 0 119.132262961076 80.0914274250801 126.65642537973 53.7519126953738 115.481129259145 119.818266191759 122.053019267527 110.502030892741 117.367355246958 107.41552404386 0 93.3997821786295 125.648950117534 114.162590064533 106.675415039062 21.2439583002033 35.0475402300943 20.4771485263722 35.5741176194423 98.0876440441916 111.58220203677 26.176923515263 39.3673694841141 93.0843247954031 75.7600938827189 137.647269314291 176.83658993368 80.7877917421278 68.3477477026772 136.179387455725 70.8065246732627 49.6284979845481 72.6657315265438 74.1315350485694 85.413192536296 100.281998094034 137.892742814723 116.44151036248 107.176447299307 123.453491960921 117.583901619709 116.902081903302 161.191789576476 0 157.266023676912 105.389891856042 106.075421701558 0 0 192.696656652531 139.660111668025 170.940995564044 103.838798342278 150.869919412571 155.393020629883 0 194.159042358398 152.741385988898 124.093211388615 95.4250440695668 130.392136291603 174.495422363281 154.342063895888 0 113.932445308556 62.1004760249299 101.018178936773 110.000205257999 145.684855104928 139.602211651662 101.412509939277 118.704819824175 134.601292160428 113.944197744079 0 0 95.6296298670985 112.578802745344 159.573782393312
109.687404894569 58.3556066943296 46.7785705822348 165.179412841797 149.447125468537 133.249886582953 113.268736407412 128.738516436698 114.762608928496 163.385757442132 55.6439201720428 165.633704154644 87.8835927621809 123.712754386457 159.854162628785 93.3997821786295 0 56.1741701252301 23.1013872043619 144.274695945137 55.6776370608838 71.5152343197019 34.7957790876937 121.633828908913 76.3161590589468 39.6666588393527 69.92021342819 107.374641003528 104.653523364167 71.3309154476725 92.8642894135823 113.507123450333 100.431247385529 42.7171059910121 132.962247609883 74.7479332286926 49.0348950860113 50.2792677256287 62.053473016712 90.7195866254407 79.7813567470217 78.2280915639013 139.757939625399 115.88567837548 122.377845676285 140.006364380494 161.080490107058 119.009590148926 129.705848511418 0 76.5633348869225 112.445486815823 211.078918457031 0 208.072662353516 180.00736299327 191.696318624199 140.425984544066 0 123.913149244532 0 113.553842187392 180.591720846691 0 137.417437203083 118.34651663897 136.942625626742 120.467781201932 230.024690791026 165.114132426839 101.463301207773 136.555314822941 174.157024560516 97.1238435358356 113.313348311161 111.385719220114 178.484343561566 189.908131591828 172.351714608446 135.339311440213 0 0 127.538369291295 154.912408560484
144.482145692454 68.3776281947151 89.0348341081287 206.197484885507 0 155.812227817946 150.130621839038 134.354504109607 136.945896284601 163.970757081203 27.0183990866423 173.7074867023 48.7600745878981 119.58142782174 214.999847412109 125.648950117534 56.1741701252301 0 17.8672159340019 172.960241958355 118.710072017097 106.886142590595 103.012531640399 152.575802155448 47.0584507194141 25.4101588510263 64.010790044326 167.126292188848 110.916839982004 124.924210694527 51.0622262116167 113.995748289785 139.062805175781 57.7705729659472 154.986677244555 88.841476309069 53.6567643812907 57.4489440619621 71.3851511854266 116.676022987916 111.683290578271 61.1812140753209 154.333188729065 87.1674519794953 123.500792853726 126.853585792982 199.814147949219 0 74.2343171542323 0 105.566235826627 161.047183940754 0 0 0 219.609125815713 189.642501831055 178.003986645762 0 93.8656439980768 0 81.9016540864889 195.786895751953 0 163.74723815918 142.154152339247 108.25059342316 111.19468845726 0 202.338997069024 135.215677546854 180.808057699826 210.123474121094 70.7502157746322 107.464154014393 109.663211305071 183.695587158203 0 216.592333928526 103.316115228504 0 0 120.635740732182 135.354304154736
130.785640453173 57.0691908409973 66.5430818752017 148.382797241211 184.026977539062 148.348226875921 138.341022600728 139.485626273903 132.399417227746 161.398529135604 30.5370307312627 161.948543145879 66.4931121267981 124.142881880194 181.156196820125 114.162590064533 23.1013872043619 17.8672159340019 0 144.052800287456 91.5768352257025 91.1752308097094 76.2637426293193 142.993144933407 50.20319240468 35.7112344120675 66.5157218403273 139.014832462761 116.808829728362 97.5035105786335 68.5223466604452 107.344753896224 117.170100358431 44.3326034317551 146.83901011568 81.3113555567448 50.0638557681645 51.0223283373426 64.3348133449638 117.318674135296 96.9615475020711 83.8157514296925 137.41147715543 109.071470370611 119.064607309055 131.388012690753 162.060424804688 125.038345336914 122.280760279521 182.267898304286 88.514887903327 128.043266468698 0 116.623382568359 222.459442899293 196.154949433066 198.974822998047 193.774490356445 221.284469604492 111.346058578949 0 96.3674957874945 193.969245553156 0 149.375179814054 123.874139073275 112.551202764659 108.825178642582 0 181.93129326018 135.031064153637 158.239788759766 190.554607450443 78.746780248898 108.191181338845 110.081308058106 192.311012769309 198.227567502991 169.870550799421 116.149883335394 145.719680786133 183.020904541016 122.559220405645 145.399053408384
75.0309468140466 157.641049145616 173.091720581055 13.8004933606962 100.010066462762 48.810201771449 45.0174246336235 76.7870193743335 59.3110170811867 18.7097889287311 137.786900072992 16.3535086744576 130.728662061936 89.7540627018713 62.0438954430304 106.675415039062 144.274695945137 172.960241958355 144.052800287456 0 151.135648392321 121.120773340395 138.254775566217 28.3267242283183 0 162.727558916154 170.04837612894 33.9664736271183 99.4763107784167 112.956305175633 179.961242675781 122.903266794906 96.4848492723204 97.2381236331173 37.1454284426399 95.883624097263 135.559405827942 96.7377698636625 107.311911081925 58.6426111879621 91.4453196981072 106.153294257643 125.599053773263 0 158.962457056238 0 99.9071482163864 0 0 133.665685915003 0 0 56.2452617650923 0 155.623992668421 139.863726444536 169.731687071741 83.8747078706909 152.766915987071 0 63.8731791914046 0 184.805371867007 105.144866943359 0 0 0 0 137.817350755371 0 110.564392089844 170.67231217172 114.917480001979 0 0 229.930132010391 141.24242063245 175.094447851722 150.537160531183 0 0 139.047073364258 157.51495750008 0
86.391251325882 98.1229908476973 63.9259080077672 129.857618193083 160.8465284429 102.460521155547 72.9713168260829 104.70515372015 66.2302999165899 108.140498637057 106.538575242128 123.432113102879 127.001897378511 100.073224558653 123.264257847847 21.2439583002033 55.6776370608838 118.710072017097 91.5768352257025 151.135648392321 0 59.0790376335522 32.9132007804197 49.069402035718 135.509369039189 91.9522090559367 73.3033149128556 29.8329676179229 84.8620625846678 36.2463422618807 141.334725329695 161.448067843194 72.8275585532941 47.9051711337236 129.888799555057 69.4616894973951 55.6340233827067 68.8701833127622 74.2364106406661 82.6501396522229 96.1332317966664 99.5683193085346 132.504375373549 132.809805680135 134.383510307632 160.410515649679 135.902199141408 177.174568184269 0 135.832588933811 98.9979591058008 135.26886432265 0 0 139.637853027206 149.618000395619 183.044262105869 87.9391759731027 176.967704982548 188.183406131702 152.109757172807 0 152.466694207537 0 110.045660850369 163.658929941993 238.010314941406 176.490605852256 144.737640380859 121.348753811027 77.9495472689236 122.415725173255 119.12124908781 147.653441106215 170.445815390818 133.602020865613 130.368241611578 151.231139760759 121.155220327661 0 0 130.038852205237 121.400060723715 158.038804342348
92.8558429492461 26.2023827558545 52.7628429522437 89.1638848261906 115.239370501259 109.661394080846 80.2446653069726 111.167714584835 27.0632483848223 106.520043865715 96.3865662134893 86.3755158433836 75.7999428388697 104.88345393558 73.7320789563016 35.0475402300943 71.5152343197019 106.886142590595 91.1752308097094 121.120773340395 59.0790376335522 0 53.3565141247751 37.8366339067851 59.6589039021391 79.3937548308335 41.1491915542397 61.30594764851 79.8264137740237 66.5470810534928 102.484346654773 142.921577233804 64.3900855183539 60.0871495258588 120.58218230681 63.1077510346363 51.0278274786639 64.8429022014119 62.8339408218803 73.0834341429073 77.5636967865355 77.1234433307238 91.0545164912673 78.5070920878772 97.0181739345244 86.5353427891347 99.2503396358719 102.677048513915 89.0997211048566 107.820416393338 39.230259889793 77.8555563517706 153.096727103586 0 159.052186265622 125.567853689136 131.788500704167 65.4163787583386 174.548432417911 129.434735558866 96.0255004886054 123.667599928533 138.499780539429 0 59.2523078044683 92.3040855568809 136.057625280842 111.668273170332 130.412732916371 81.0825147456834 29.3038340054702 70.9072026738795 91.6643124507089 98.7656654474539 109.217550216301 75.35857152705 102.596512667904 129.303394238328 86.1551155153601 150.592386158855 163.403381347656 82.6069190452038 81.383311374886 144.041712359852
95.3482948803971 81.662305461424 35.3151012507065 130.774929464563 132.742383913026 114.485623067734 85.8808762437434 111.940074414246 84.9204948306456 111.228841096406 100.955764171825 168.840712442707 118.798758316728 109.279176597906 123.147237298017 20.4771485263722 34.7957790876937 103.012531640399 76.2637426293193 138.254775566217 32.9132007804197 53.3565141247751 0 70.4761306775504 124.59112676788 69.1223129998031 41.7929616861138 59.234790996738 95.2346521778684 56.7388038830123 122.159922557308 152.968059954353 82.4881567852937 52.4510952085702 132.280802723987 69.5087213199431 49.7029353114096 66.1554350686044 69.4382590833472 80.0833733425779 90.9634993889044 101.047910814009 128.668726487882 116.167206474103 123.902097995998 130.529968020673 136.158830345293 161.140111227636 128.044831544162 156.584139562954 95.3064446159071 107.588832015342 188.597024018109 0 204.269507561124 156.905086570216 170.327446165898 103.634050651803 190.359606035779 162.955669370128 157.776436440392 135.502197039963 162.337519701065 164.214426738228 103.361283435984 126.710877106403 188.741049718113 151.343014010342 148.642387606862 124.926276879562 70.4009052107498 110.833143134224 130.824352041324 125.270972229561 142.986269544052 105.763278890636 138.152081171983 147.634062980114 135.071233405082 169.892333984375 205.50537109375 142.624728199052 124.187141351389 152.893001298762
81.1639763576625 82.0130372911525 105.205940758013 29.1678104955919 84.3606773664866 74.2682065940894 54.2189490732563 92.8979205874949 26.6741704493922 61.2604101154402 152.079553811617 38.6819663051399 128.099999460155 96.4275507895968 43.5545345752509 35.5741176194423 121.633828908913 152.575802155448 142.993144933407 28.3267242283183 49.069402035718 37.8366339067851 70.4761306775504 0 111.503760069771 130.595566856026 92.3773771541997 25.0211623066002 85.9648529043049 68.0701606937853 155.996259111591 135.504603765246 72.4403232842298 81.4578146541957 128.497948142693 77.3307622108334 86.261073304477 90.5296972940219 90.457604952027 49.7795318327534 93.8286705742508 139.176637345078 120.917644786405 147.248376389103 135.092447531452 134.947821532066 92.9250360128465 142.462021155852 145.997817993164 117.899917341913 129.691944377634 145.811916085341 116.709823836209 169.988540997267 130.203492499844 115.451610250276 135.712509026785 56.9652614917728 126.927018563852 186.277468698798 105.286079707618 166.621534527355 141.908117484376 116.918392606776 103.565303643683 182.428473673525 185.438780520638 183.449317887417 114.239228783558 112.448441591703 71.1217654848815 124.476965907681 98.3632749182474 139.516505845909 173.187444948003 148.633320386578 114.942287149533 135.048444533439 116.708886465591 238.224899291992 184.127748647742 122.526518296156 127.387170781591 168.489939934463
121.228658468746 22.983852868571 89.0947462033735 0 175.528588271962 179.320848062018 145.270045595608 115.676336289717 99.8810471754507 159.861123965093 31.9352978856836 149.780657292153 16.6353125123398 103.047854135548 137.842369529397 98.0876440441916 76.3161590589468 47.0584507194141 50.20319240468 0 135.509369039189 59.6589039021391 124.59112676788 111.503760069771 0 43.6546362110836 30.1440424278562 132.642316592137 100.635926083069 141.675719974649 45.5086693279224 80.5751646841364 151.88134765625 50.0580469756902 112.984617472598 69.9657656753414 21.5027020897273 38.417797216187 39.3032310131874 120.003043023352 28.8219085818696 14.2219588595192 68.1545925828164 57.3726224566185 67.2724412894037 87.0203511335538 0 0 26.2920128403956 0 49.7030625654337 98.3799694284066 0 0 0 204.300766271392 211.731094360352 131.898810331719 199.59748840332 53.216889700239 0 47.5896218094885 135.58944185223 0 145.622634887695 108.95064638285 71.7370313682486 72.8841115993028 0 157.275450299535 96.533332813708 134.530643773828 178.060734676259 27.9479645878607 72.4847868281047 70.5357069651712 190.502733876676 0 0 72.4512070999487 0 0 91.6035801363748 135.23040743824
124.327950695638 49.6101941686166 35.5804385410025 195.770757929039 0 142.135918201439 125.869091807327 137.144439739508 122.947934616001 164.004315823821 37.5410778982228 168.854342751058 43.7409910859726 130.112073129135 150.667170565235 111.58220203677 39.6666588393527 25.4101588510263 35.7112344120675 162.727558916154 91.9522090559367 79.3937548308335 69.1223129998031 130.595566856026 43.6546362110836 0 39.4860477721471 124.903969856026 119.758204489498 99.0084529159271 28.721366690007 116.083000128258 122.776401067364 61.209605830251 141.200281661461 84.056568056193 50.2763510001049 59.6887922342089 70.3855099199799 103.314385983488 87.9173551881838 62.3747431592369 135.665340124093 92.8027449038064 115.611264664709 121.566802783588 159.495300292969 133.396499633789 75.4118663710732 184.898176171086 80.7967964715333 114.384511494823 0 0 190.668986689854 182.225169312698 183.409978900251 151.952878623911 210.107615625152 93.9917466302124 0 83.3702180927713 179.655328813593 116.267318725586 152.090818210966 119.54825592457 103.338992413303 102.324089312734 195.751990673769 159.332676810943 119.164202628509 142.410866420377 180.462322866441 70.111030135437 100.312543682744 102.725207189061 185.124498497748 172.183265707845 177.548676817444 108.214994782124 190.612075805664 160.4932177094 118.592511344972 153.737609170972
130.057169014578 35.412243668072 32.4670604319136 162.295850553545 154.711255137574 137.247637988232 106.99815242989 140.95050433414 98.8417298824702 143.485427365797 59.3202627246324 148.836325920528 29.1294965697305 130.295971662524 130.203460504392 26.176923515263 69.92021342819 64.010790044326 66.5157218403273 170.04837612894 73.3033149128556 41.1491915542397 41.7929616861138 92.3773771541997 30.1440424278562 39.4860477721471 0 85.2231246444136 125.154566112819 105.662327873369 20.9451323531261 125.689954211892 107.509754150194 67.0969684504864 143.581319488495 78.7714016415641 53.297902372508 66.3553359535755 71.9760352329827 89.721360247734 87.954197343648 75.0702130576913 130.908712970837 97.7327648754289 110.231044541977 116.182771764088 126.742625798063 136.189724858306 79.7460812147521 169.813255317255 68.6994962966235 99.4728891782349 194.27186166363 113.691604614258 186.965683909675 169.797547513842 186.065754297655 137.087033340681 188.129070877993 99.5278061348018 184.071139953049 86.8295500218241 178.412139410378 133.096704132639 106.7266610169 110.562684345615 106.150041015236 105.490842278017 170.991863087868 135.0134086666 76.0796960959744 108.451397218205 154.329804300829 72.0687006040825 100.081969620091 97.6704608576851 157.582146114655 186.500252839538 157.778007755381 107.397482008438 229.088155248985 166.437596325563 114.719229599 159.884948003811
77.8069070151718 99.0788767853091 85.7196023639259 24.4420679216514 121.052587372587 70.1412010582277 37.8366487420334 95.3604647726993 58.661064783466 29.9376378029978 152.222344492256 59.1385651678204 146.112728627441 96.8772529379036 85.4960646647766 39.3673694841141 107.374641003528 167.126292188848 139.014832462761 33.9664736271183 29.8329676179229 61.30594764851 59.234790996738 25.0211623066002 132.642316592137 124.903969856026 85.2231246444136 0 89.2068326332853 48.2122853456031 177.997081903301 139.542708290037 74.8422584414869 76.0302279184015 125.785493117749 78.7877727059204 76.0503935242198 87.4959720881406 87.6180248666868 88.1125902303922 100.145045166521 139.897429727447 140.177197027156 156.550573687289 146.994971792291 157.142573144092 121.912180916737 156.694849674107 183.545374073429 132.570936327356 157.128886704119 155.029810610984 114.509020040422 161.280928707319 149.913081424698 130.340432937277 156.410027583651 80.1155791970331 151.766013915225 202.711284508693 126.152327547678 199.672623396507 153.810590795055 135.867513648893 115.235499350426 170.716037998091 214.551121756469 189.88557769919 140.514313084221 125.050782623194 84.2956326431793 136.629178529664 114.524036823666 180.703608102073 190.694420156167 157.833279094575 130.266138827748 146.113476511583 127.253751008388 218.469656453115 185.72010301523 139.069955006475 142.432101342013 176.935585134249
25.2480678826402 119.661105211844 105.558058961389 106.647156077688 29.6321931131903 40.932927074832 78.5988332107931 46.6194577441964 81.9059645763198 105.117068431621 81.3587494337606 108.381414281012 77.3680302731687 35.6328696629698 54.5753711260226 93.0843247954031 104.653523364167 110.916839982004 116.808829728362 99.4763107784167 84.8620625846678 79.8264137740237 95.2346521778684 85.9648529043049 100.635926083069 119.758204489498 125.154566112819 89.2068326332853 0 39.461522897681 118.583798404816 15.1390842649231 21.2674881148335 38.0952545238626 110.543700595058 64.4964141856487 78.5521074706291 52.1470352103779 73.446572151916 48.2715499911025 33.7488043577103 72.3570750279307 149.122150770127 150.343388390276 161.475928381102 174.763380370202 147.994309345792 137.615290569359 0 160.857846939613 150.054595947266 177.242412028404 165.517279022469 0 193.93720541187 156.62430008477 178.299573932523 92.909115947597 193.32038797469 186.533342168874 162.127532580776 146.25580453109 171.857555939566 121.643684110169 129.348195452639 157.566274551204 201.151217905327 185.677727879281 171.36695108089 139.474767943342 95.6839006818652 149.780519381989 136.680352697991 157.65663245769 175.906230378061 162.259194363075 147.659496401185 168.432985396472 142.128971076737 0 171.371795654297 162.087263272586 163.303346842664 179.349735278456
40.9034233231357 107.280830684504 78.6450987003097 100.197377875893 115.697398332184 87.2045495784268 29.1719728716346 76.1271111262581 63.4635343570197 100.385735123821 117.109670237044 112.02151356755 136.794207949205 68.8189518841777 110.887744417086 75.7600938827189 71.3309154476725 124.924210694527 97.5035105786335 112.956305175633 36.2463422618807 66.5470810534928 56.7388038830123 68.0701606937853 141.675719974649 99.0084529159271 105.662327873369 48.2122853456031 39.461522897681 0 147.047933019781 127.494223600676 58.3355641496496 46.0669482328243 135.83084601425 68.544310226076 76.771925273804 69.8539175905395 75.9381545077169 84.7112503441597 88.4023250772617 119.523295602005 136.266671912782 167.718832395871 144.572994183428 143.200612709995 128.639813583394 158.834160806568 0 132.043380650314 128.955825306718 151.763947484962 147.431518554688 171.2903921861 153.486729805005 137.062383864654 157.837722002944 79.5174757142193 156.634845091956 197.330306455985 134.202816601244 207.276565551758 156.016533972884 0 115.600881217467 159.715161177965 197.242451525403 188.860570946638 152.530457546899 122.427058886551 82.348903585332 132.254167417337 119.826626842127 173.475412301864 169.808155719696 148.862466046203 130.759944189817 145.041723474552 125.722446216554 213.57928043893 193.374643940471 155.705934046682 132.677608461084 160.521272466809
146.596420288086 69.0864093070516 103.807057798687 0 0 114.2178371976 168.635092675649 159.213517828496 139.533185503285 155.194244384766 36.093415199385 155.411972045898 16.5495424774473 134.011639127768 0 137.647269314291 92.8642894135823 51.0622262116167 68.5223466604452 179.961242675781 141.334725329695 102.484346654773 122.159922557308 155.996259111591 45.5086693279224 28.721366690007 20.9451323531261 177.997081903301 118.583798404816 147.047933019781 0 96.7253138750183 0 74.0733066937341 153.116185169553 110.843147071951 55.7037299361839 67.086159252053 86.2757968939821 102.959477332515 0 59.4722035281958 184.153611971963 80.2987275834118 119.225838596709 0 0 175.184753417969 71.9390612787641 0 100.655241479206 160.881821229346 0 0 0 0 0 0 0 92.5599541254617 0 85.4177071381234 171.055445423241 0 0 140.69303894043 112.906925262486 125.379769467659 0 0 150.955003873104 194.872329711914 0 73.9563939186435 114.218189640878 116.992475125471 0 0 0 111.802538662984 0 0 158.816891788391 194.218490600586
