0 6.85529845952988 247.326616585255 58.2834148108959 0 281.082794576883 4847.53704315424 2913.77884629369 173.983445823193 743.255403757095 28.3894666731358 32.970685839653 2.51873004436493 14839.4883588552 2.97882175445557 35.824046432972 521.62658727169 7.95023715496063 121.156447976828 45.5803307592869 399.890670329332 80.2562730312347 844.380648821592 337.211563289165 0.935743749141693 146.567245811224 100.220848798752 385.66665199399 12702.6866544783 4582.64845106006 0 5.19186896085739 336.06819036603 316.606622934341 1.30502304434776 107.273447006941 2.70531833171844 242.585117697716 118.028188884258 18.2062135338783 3.55768644809723 0.539544105529785 17.7951866984367 0 7.73426815867424 2.16800886392593 3.26613241434097 0 0 2.47570526599884 0.579876303672791 2.59902930259705 2.62578850984573 0 7.17849898338318 44.3598305284977 8.71539720892906 21.3610925674438 11.7640597224236 0 4.02977561950684 0 16.4191467761993 0 14.5207127034664 0 0 0 4.14091184735298 12.5068105459213 18.4303583502769 15.5696465075016 102.449608147144 0 0 11.477017223835 87.3045601546764 10.7515334486961 31.6965194344521 0 0 0 1.45750719308853 0.631250262260437
6.85529845952988 0 172.285659760237 2.74704670906067 0 7.34455370903015 27.0991412699223 9.09177875518799 1112.46018663049 8.78275734186172 195.301797628403 44.6882984340191 928.026018083096 10.7916788160801 58.0003578364849 72.4949333071709 230.698967307806 34.4048739373684 130.505494326353 3.63845109939575 32.2243493795395 3522.4607231319 119.872623890638 1037.82582321763 3486.35919231176 895.489501625299 6521.3970130384 67.7998817265034 25.5708955526352 35.7960987091064 54.3255923688412 0 1.74673902988434 34.320574849844 0 28.2262110710144 160.421919673681 241.684879273176 42.2667852342129 80.7131014466286 0 246.311153590679 31.3907142877579 24.0640026330948 26.9467610120773 9.97251760959625 0.525855541229248 0 1.92648339271545 0 91.2979862689972 154.400499403477 1.82076048851013 0 0.952480137348175 6.91478252410889 0 18.6643705368042 1.69401848316193 3.78128778934479 0.580172836780548 16.1496964097023 3.36308485269547 0 7.37612849473953 27.7610038518906 0.60583621263504 9.70029634237289 1.17928564548492 3.31463730335236 54.9301131367683 26.3356505930424 34.6434153616428 7.08046936988831 78.8638571798801 475.791139245033 7.94140681624413 0.990943491458893 3.71331357955933 4.46172595024109 0 0 12.6839560270309 1.18360114097595
247.326616585255 172.285659760237 0 31.644990503788 0 187.11834615469 1539.39488768578 301.053271025419 66.4621829092503 306.868769466877 119.519582152367 16.6071169376373 18.5465615987778 439.628712773323 6.6224168241024 172.000560432673 5358.4657818675 60.6215194761753 674.950465798378 9.26799419522285 993.902080565691 277.466175884008 15687.2620326281 255.261317580938 11.208052277565 9999.26101487875 8331.8374915719 983.232820928097 183.098909944296 1107.38188257813 1.10501152276993 0.320123583078384 35.2887138128281 519.242412418127 4.6910691857338 200.421568781137 439.464127719402 1836.59240996838 306.768481433392 9.47531881928444 0.970202594995499 10.6045525074005 132.313241899014 28.8548799157143 103.917138367891 34.9354321360588 7.02354848384857 1.28878855705261 0 8.84113702178001 143.555117785931 570.190902173519 2.54508966207504 0 1.26178205013275 30.831730723381 4.33283114433289 15.247305303812 5.71289700269699 7.24183017015457 2.33731150627136 8.72464004158974 11.6473371982574 0.956642270088196 92.3338541984558 62.4533229470253 5.56418192386627 29.9422051906586 0 68.5243200063705 188.264096856117 312.935455650091 69.0752869844437 3.47246295213699 126.081777989864 1575.68230128288 53.9397585988045 9.60026097297668 47.083426296711 0 0 3.01364952325821 31.4861685633659 1.77185606956482
58.2834148108959 2.74704670906067 31.644990503788 0 0.611969769001007 210.290017277002 403.166034013033 169.755832314491 712.02201962471 7624.71620064974 1.59062033891678 2200.9370906949 1.78981006145477 240.518889427185 64.4316818118095 18.6914998292923 24.2414028644562 1.99727457761765 4.11718821525574 35192.3623129129 27.4992632567883 28.773076415062 61.8776579201221 2781.19804182649 0 16.2641223967075 27.3907383680344 11627.2331765592 308.718712717295 37.4777255356312 0 1.46073931455612 38.8323695361614 85.5219893753529 7.41804093122482 271.326390862465 4.3541983962059 163.79967752099 246.331805974245 120.964430093765 4.3190136551857 1.96870166063309 44.8218035399914 0 5.69234907627106 0 53.5755898952484 0 0 0 0.513948678970337 5.6221022605896 610.276651769876 0.473574191331863 37.8844422101974 39.7012286186218 14.5945097208023 107.948733925819 235.689511060715 0 80.3296451568604 0.786997675895691 16.2722640037537 4.55873960256577 1.51983511447906 0 0 0 254.168344706297 4.13720244169235 6.90468955039978 4.05321544408798 203.681941747665 1.5858987569809 1.01324009895325 3.57485556602478 212.561812877655 8.60187309980392 1.76133573055267 0 1.45250475406647 1.53458094596863 1.9354430437088 0.826089799404144
0 0 0 0.611969769001007 0 1358.73766905069 3.33764499425888 736.742883205414 26.9472490549088 7.12238743901253 7.95484763383865 22.0350730121136 2.89030641317368 16.3513740301132 1719.81532454491 0 0.370537012815475 0 0 4.8825718164444 0 2.2060270011425 1.90581905841827 7.42105448246002 0 0.605055510997772 2.12962234020233 1.65280669927597 38.4997875094414 1.17716425657272 0 1508.26487219334 0 1810.98015648127 0 27.87932741642 0 38.2794114351273 59.8691874146461 3732.32580822706 2971.75527507067 1.68841278553009 0 0 0 0 0 0 0 0 0 0 0 0 0 0 0 0 0 0 0 0 0 0 0 0 0 0 0 0 0 0 1.04483985900879 0 0 0 1.32442796230316 0 0 0 0 0 0 0
281.082794576883 7.34455370903015 187.11834615469 210.290017277002 1358.73766905069 0 3635.7448592186 17956.192628473 405.344295084476 15342.4806397259 125.478189736605 12713.7218433321 55.2165259718895 2798.78090938926 2589.50442588329 22.7678906619549 133.63173827529 5.55943739414215 38.1739454567432 843.077686622739 194.24821934104 32.3398522734642 373.665078282356 448.208532720804 1.69851878285408 94.0494298636913 83.0254528820515 611.154084950686 740.278732776642 383.461881279945 0 2455.29017177224 30.6126694977283 1145.13855332136 191.576670497656 423.501361787319 25.8524973988533 719.798731386662 657.919921398163 5862.82755315304 1274.28455007076 33.4315918684006 18.1228900253773 0.928827613592148 14.2540991306305 0 15.4504053890705 1.14408892393112 0 3.46227380633354 7.13440909981728 7.55703386664391 36.0094675123692 0 37.6033842861652 77.1518476903439 20.3409608006477 51.3481683135033 117.690132945776 0.70771598815918 59.7331525981426 0 51.88221180439 1.51059049367905 7.15297132730484 1.04163777828217 0 0 33.233339548111 10.4403446018696 4.47679156064987 15.8655681014061 186.136119872332 0 0.824240982532501 9.98632261157036 154.757540673018 11.9552918970585 20.4390351772308 0 0 0.460485488176346 4.21379370987415 0.526306569576263
4847.53704315424 27.0991412699223 1539.39488768578 403.166034013033 3.33764499425888 3635.7448592186 0 2951.48215681314 1999.23957851529 16817.5456919074 42.3079250156879 459.867408871651 1.60225284099579 8220.79438722134 147.092241168022 374.534174472094 611.28657656908 12.62615904212 139.009336799383 187.103473156691 2829.58434766531 220.444944828749 3832.87387102842 4679.37667527795 3.1069001853466 398.337291270494 869.1351044029 19716.7398061454 2327.18417491019 18442.3933755755 0.92763751745224 8.43710857629776 221.109081119299 426.089628219604 14.2635983526707 779.497598856688 26.4297807514668 652.406673073769 634.092066705227 195.413347810507 13.9093689024448 3.04188248515129 110.023674219847 2.5722433924675 83.3344055712223 6.02684241533279 58.3238091468811 5.13194745779037 0.596389949321747 33.5487711131573 9.47758412361145 24.6743168532848 83.1308273077011 0.576860964298248 206.599245607853 557.322810798883 125.777422904968 274.339729994535 349.368442773819 8.19286701083183 94.6731063127518 0.493677347898483 256.344225287437 9.80396974086761 65.8873266875744 8.19743776321411 1.1531126499176 1.2692443728447 82.0495347976685 72.2300396859646 37.6779078841209 102.535267680883 1503.48450917006 0 8.17024430632591 87.4296165704727 1092.93929991126 123.195148319006 198.543339014053 0.593744099140167 0.942047968506813 20.7797853052616 45.657024949789 2.51939117908478
2913.77884629369 9.09177875518799 301.053271025419 169.755832314491 736.742883205414 17956.192628473 2951.48215681314 0 539.634243443608 4159.94091069698 476.631589531898 1315.83304187655 151.468975961208 27144.7046467215 355.455613017082 32.1006817817688 467.644448786974 19.3442327976227 120.756439328194 413.314196974039 413.897085189819 94.6069124042988 888.11498478055 783.123339056969 2.77025407552719 194.244772523642 131.584951877594 760.992938280106 2609.92519825697 1674.20131847262 0 1173.63094186783 33.0334175825119 2058.48197126389 9.72477048635483 592.440515965223 58.9245616197586 1633.94985917211 1068.70570427179 1971.07580670714 820.980600565672 72.9076261520386 40.4464395940304 0.417318165302277 29.4800233840942 1.93521976470947 11.8720310628414 1.18329450488091 0 8.15811908245087 2.65371710062027 5.46627485752106 22.7933874726295 0 43.2576275169849 144.813166469336 37.0967221856117 70.3982412815094 70.0434512794018 4.18379247188568 32.8231312632561 0 70.0739768743515 0.64953476190567 17.4823390543461 2.11920639872551 0 0 21.4326871037483 28.0238087177277 23.3858151137829 31.6138365268707 324.269463539124 0 4.77672201395035 22.5442277193069 277.521043598652 29.5873807072639 56.6892548501492 0 0 4.91868242621422 7.59009879827499 5.79053255915642
173.983445823193 1112.46018663049 66.4621829092503 712.02201962471 26.9472490549088 405.344295084476 1999.23957851529 539.634243443608 0 1539.40272703767 43.9488826692104 1869.29761493206 168.215636759996 510.919126391411 1373.98807734251 150.295533150434 28.9258680343628 9.20700362324715 16.3742752969265 522.413777112961 160.904075592756 3994.07648107409 236.043334841728 12187.6079427898 391.9733261168 192.307092308998 1087.2972227037 2457.35736516118 465.409141838551 445.036710619926 10.525554805994 6.2163153886795 117.314702302217 158.305046111345 9.71808165311813 378.426348388195 36.718731790781 222.313516765833 254.839245468378 1335.20326945186 8.28827932476997 32.8116425573826 81.4073532819748 3.7469576895237 53.9652613699436 7.67766121029854 64.8028434514999 4.1354313492775 0 13.2139588594437 7.58324003219604 13.5028700828552 69.2231288254261 0 64.3497625589371 224.16035053134 52.3221102654934 468.008974313736 223.012262940407 2.71832865476608 101.053157508373 5.00569096207619 92.8074412643909 9.72163513302803 40.4768409132957 1.40895599126816 1.85005247592926 0 64.7013612389565 37.677158087492 46.1431952416897 65.6683319509029 910.171594768763 1.46447470784187 11.3786798715591 53.0303758084774 590.052305698395 61.7551613152027 99.3486244082451 0 1.14525508880615 12.987199485302 24.9306075274944 1.82945537567139
743.255403757095 8.78275734186172 306.868769466877 7624.71620064974 7.12238743901253 15342.4806397259 16817.5456919074 4159.94091069698 1539.40272703767 0 51.2138052582741 15214.7523148954 8.84301748871803 3154.97815024853 173.551667660475 66.6043226420879 149.267466127872 10.3601549565792 16.0259802341461 18084.3783559501 325.254589796066 58.5262390971184 567.355849593878 2145.01519674063 2.12682563066483 114.80165374279 155.90011036396 11349.4408613443 2378.47963267565 452.746799141169 1.03130078315735 37.9800327420235 219.984849095345 694.172761112452 225.435272961855 1718.07803884149 38.4751289188862 1167.17021667957 1591.94232386351 594.593687146902 35.8089002966881 5.13729137182236 114.096461236477 0 18.4610542654991 1.11931347846985 124.36084073782 3.25850316882133 0.852295339107513 10.1592074334621 9.7876849770546 7.40294280648232 366.350282520056 0.924789428710938 203.836061567068 193.127211123705 46.3092345893383 345.225029677153 596.170080214739 3.39445778727531 513.754788994789 1.39155793190002 85.8018719553947 6.93377405405045 16.0174132883549 1.57294702529907 0.612868547439575 0.990790605545044 209.714274346828 15.5028351843357 15.2061043381691 21.9502858519554 668.009523332119 0.362393319606781 0 18.3488258123398 548.942756146193 19.6151691377163 20.5686474144459 0 0.681548923254013 3.86520683765411 6.88371816277504 0
28.3894666731358 195.301797628403 119.519582152367 1.59062033891678 7.95484763383865 125.478189736605 42.3079250156879 476.631589531898 43.9488826692104 51.2138052582741 0 35.8378721475601 5497.6549924016 439.616024821997 5.02954775094986 18.5990012586117 957.885345309973 8359.51008605957 4278.43350240588 13.5578763782978 30.5676011145115 92.3565546274185 111.996574133635 46.9912213981152 1543.57582721114 6404.16067898273 3203.35189512372 19.9176990389824 244.746647715569 43.3085899055004 464.33016949892 45.5489950180054 6.09375557303429 8361.00988617539 7.26109939813614 338.823105841875 5710.64032927155 13825.1558644772 1111.82006597519 66.4366684854031 10.3635397553444 5197.03265854716 4.36345809698105 102.626993238926 11.0947125554085 0.887322008609772 0 0 14.4128134846687 0 42.8282108604908 10.6136261820793 0 0 0 0.412198930978775 0.554367661476135 2.78507229685783 0.358855396509171 72.3160378336906 1.70674002170563 242.321613430977 1.17393147945404 0 0.745068073272705 1.7654874920845 41.885105907917 5.31798410415649 0 1.08658230304718 6.21708604693413 8.18413817882538 5.47109246253967 124.534823030233 237.709302008152 272.027760863304 2.20467725396156 0 2.16584229469299 44.3150462508202 0 0 4.83442044258118 2.89257729053497
32.970685839653 44.6882984340191 16.6071169376373 2200.9370906949 22.0350730121136 12713.7218433321 459.867408871651 1315.83304187655 1869.29761493206 15214.7523148954 35.8378721475601 0 12.2354482412338 589.912832349539 1906.27480053902 4.0887748003006 8.68324014544487 1.13986420631409 4.41443565487862 20604.0774850547 12.9330532550812 72.9497048556805 19.356682986021 2522.3939833045 1.06058394908905 13.1865739226341 36.5521501004696 701.791772007942 373.216062903404 21.1390542984009 1.20583963394165 20.1107714772224 10.3486979901791 220.433468282223 742.23680973053 396.747663468122 11.0099697113037 543.956459164619 426.499934196472 3712.36425855756 42.4675487279892 5.9010508954525 47.2116045355797 0 2.90291446447372 0 50.8682094812393 0.961368203163147 0 1.27520179748535 0.366997987031937 0.68804407119751 693.332155823708 0 38.2945321202278 19.9677026569843 13.1583415567875 33.3123273253441 136.928499668837 1.60636532306671 1384.69668060541 0.762636005878448 10.5957865417004 6.7632902264595 0 0 0 0 224.706234157085 0 0.770419865846634 2.61982971429825 122.603257656097 0.410056561231613 0.469979822635651 4.40297272801399 58.6992244124413 8.89409407973289 3.39506965875626 0 2.29456079006195 0 1.00943225622177 0
2.51873004436493 928.026018083096 18.5465615987778 1.78981006145477 2.89030641317368 55.2165259718895 1.60225284099579 151.468975961208 168.215636759996 8.84301748871803 5497.6549924016 12.2354482412338 0 68.2502490878105 14.1242471933365 5.18642798066139 10.9600547552109 163.494198918343 56.6472352147102 4.30812984704971 2.63001793622971 427.523962259293 3.39483422040939 272.542236745358 9142.34065100551 3509.7339758575 9388.31777098775 10.9751334488392 55.0180141627789 2.04113799333572 3494.7415881753 17.0426014661789 0.35372206568718 1719.0095294416 53.2718215584755 653.438058435917 3022.51409214735 3301.32728749514 3623.93110764027 76.3321313858032 564.755244195461 5537.73614940047 74.0147589147091 218.176367759705 138.860628306866 61.5035030841827 3.45518058538437 36.7611864805222 87.7959018349648 0 58.8868059515953 9.1463595032692 0 0 0 0 1.13422644138336 5.70496958494186 0 268.610355824232 1.03957664966583 409.284451335669 2.10990846157074 0 0.884492695331573 0 56.7915405035019 14.6378950476646 1.00489270687103 1.87524807453156 5.50713065266609 1.15691959857941 6.43583941459656 223.778412163258 254.953782886267 331.212236702442 0 2.12890776991844 1.45616340637207 74.049997985363 0.832574427127838 0 0.847043395042419 17.0454616248608
14839.4883588552 10.7916788160801 439.628712773323 240.518889427185 16.3513740301132 2798.78090938926 8220.79438722134 27144.7046467215 510.919126391411 3154.97815024853 439.616024821997 589.912832349539 68.2502490878105 0 31.0496672391891 54.3663989007473 791.877120643854 23.5443449914455 167.266338437796 404.234849095345 645.608839094639 163.999303221703 1195.91793978214 906.217211514711 4.55245316028595 270.167054414749 211.535338491201 974.169172525406 6999.04818820953 3043.69962853193 1.08419609069824 1024.16741237044 130.634883224964 1907.68256482482 7.79822754859924 704.481972008944 72.9265587925911 1960.52084374428 749.333594858646 400.750872313976 100.133337855339 31.408077955246 30.6621994972229 2.52468085289001 30.6462345123291 9.68481636047363 17.2761901915073 2.48171138763428 0 10.188051700592 1.18765294551849 11.685755610466 15.3941086530685 2.05288791656494 42.3405054807663 137.883859217167 32.0568255782127 64.7347676753998 84.8509928882122 0 21.5548757612705 0.644120335578918 65.9397921711206 1.79668927192688 17.93402120471 2.30633634328842 0 3.16883113980293 38.262444794178 34.8923825025558 20.9445113241673 55.7151333391666 341.586183905602 0 0.610767662525177 35.4018298685551 279.62059019506 45.2936325669289 79.7268212735653 0 0.612123847007751 5.9530613720417 13.7396574318409 1.44227343797684
2.97882175445557 58.0003578364849 6.6224168241024 64.4316818118095 1719.81532454491 2589.50442588329 147.092241168022 355.455613017082 1373.98807734251 173.551667660475 5.02954775094986 1906.27480053902 14.1242471933365 31.0496672391891 0 2.83344310522079 0 0 1.61711329221725 91.0451768934727 4.57063642144203 125.315430432558 10.0020596981049 740.263914942741 16.2176176607609 9.24983313679695 69.5958865582943 121.516586393118 28.1971302628517 8.96034762263298 0 180.826956450939 4.97511953115463 64.9824156463146 114.229467481375 31.6233900785446 2.80613446235657 18.5164976119995 97.4961829781532 12608.6957495213 142.162710428238 2.203233897686 3.17865943908691 0 0 3.54641228914261 1.60872387886047 0.495197713375092 0 0 0 1.76111590862274 1.17439901828766 0 0.44036403298378 7.4849813580513 0 3.63151973485947 3.63415133953094 0 8.96704703569412 0 3.38886749744415 1.46599304676056 0 0 0 0 0 1.98041391372681 0 3.33455920219421 17.012223303318 0 1.54081618785858 3.70641857385635 5.99283716082573 0 0.518753826618195 0 0 0 0 78.8158471882343
35.824046432972 72.4949333071709 172.000560432673 18.6914998292923 0 22.7678906619549 374.534174472094 32.1006817817688 150.295533150434 66.6043226420879 18.5990012586117 4.0887748003006 5.18642798066139 54.3663989007473 2.83344310522079 0 189.670644640923 5.04417014122009 50.8362026512623 11.2410289943218 10151.9725058079 3769.06778529286 19613.0937192738 1309.73221918941 8.77885735034943 162.279670387506 9959.68249386549 2174.64118233323 166.55541062355 462.342343717813 0.548469722270966 0 56.1637733876705 468.332795590162 0 69.2008330225945 14.3225379288197 254.766121357679 76.1563033759594 1.93136516213417 0 1.52939248085022 158.585698962212 27.0929488539696 120.947587370872 66.0360034704208 21.4758933484554 0 0 11.2050885558128 16.6515734791756 166.279550909996 0 0 8.1353465616703 34.1982804536819 5.65224072337151 59.576569288969 10.8658609986305 0 1.82502269744873 1.19833600521088 21.455339640379 0 1143.66468203068 28.5725396871567 0.844938516616821 6.23417127132416 0.747763812541962 374.958462297916 437.078456372023 1462.33647167683 329.234133839607 0 21.2840375304222 688.278848171234 208.759266197681 51.9837546646595 159.000740736723 0 1.3690288066864 8.21173134446144 49.0681751966476 6.72655606269836
521.62658727169 230.698967307806 5358.4657818675 24.2414028644562 0.370537012815475 133.63173827529 611.28657656908 467.644448786974 28.9258680343628 149.267466127872 957.885345309973 8.68324014544487 10.9600547552109 791.877120643854 0 189.670644640923 0 321.202928841114 8004.07748684287 5.9367593228817 1419.83222460747 199.738780558109 9257.40214520693 116.380162984133 11.8615570962429 6832.61078348756 4589.12992098927 253.697882443666 831.60192835331 1679.32895672321 3.31551897525787 2.31337952613831 90.0853543877602 2156.91754287481 1.06138044595718 136.208017170429 275.064756423235 2944.74164220691 251.410632938147 13.8067977130413 1.94409134984016 15.3962339162827 43.174945473671 3.83880412578583 27.2755014002323 15.7597098350525 1.32748925685883 0 0 1.23625838756561 66.4077973365784 164.932787835598 0 0 1.65501457452774 5.31133687496185 0 1.58250007033348 0 5.37713420391083 0 3.40779441595078 1.17099559307098 0 39.1434198617935 24.7634134888649 4.02496671676636 17.6041066646576 0 20.0181861817837 39.1946850419044 59.9097138941288 17.5578742027283 4.44145905971527 85.5095674991608 499.161885350943 18.5827153325081 2.82482314109802 9.78163462877274 0.750042855739594 0 0.34583181142807 2.90245246887207 1.06011688709259
7.95023715496063 34.4048739373684 60.6215194761753 1.99727457761765 0 5.55943739414215 12.62615904212 19.3442327976227 9.20700362324715 10.3601549565792 8359.51008605957 1.13986420631409 163.494198918343 23.5443449914455 0 5.04417014122009 321.202928841114 0 4507.11033779383 0 11.7748193144798 22.3328569531441 62.0469522476196 5.55747959017754 243.126655638218 5845.04265117645 1272.23133331537 4.70805802941322 20.5502876937389 13.7080027461052 89.1474342346191 3.87275946140289 0 347.680825322866 2.00988960266113 139.053014457226 427.506618380547 1005.83727869391 300.141514241695 3.90930420160294 0 38.3848546147346 4.20707887411118 8.49399840831757 13.5497347712517 0 0 0 1.54152584075928 0 17.3687872290611 6.49479573965073 0 0 0.40446349978447 0 0 1.39610940217972 0 19.9218139648438 0 49.3785124123096 0 0 0 0 18.3223869800568 6.95471501350403 0 0 2.98194190859795 1.76407897472382 3.68503373861313 40.6236606836319 99.8657258152962 135.612967371941 0.80629026889801 0 0 16.9205621480942 0 0 0.623011767864227 0
121.156447976828 130.505494326353 674.950465798378 4.11718821525574 0 38.1739454567432 139.009336799383 120.756439328194 16.3742752969265 16.0259802341461 4278.43350240588 4.41443565487862 56.6472352147102 167.266338437796 1.61711329221725 50.8362026512623 8004.07748684287 4507.11033779383 0 1.81368920207024 184.760046422482 63.5191620290279 793.966602861881 34.0288469791412 97.4416475892067 9985.68249636889 2732.30984196067 46.5051406919956 214.410475462675 276.874340027571 19.1851136684418 0.444161117076874 21.0022745728493 1387.89670780301 2.40429237484932 173.542188733816 368.306436359882 2016.94707515836 405.514685720205 6.53358492255211 0 33.5685702860355 15.9832463860512 6.52164989709854 13.2467781305313 1.17085242271423 0 0 0 0 48.0558875203133 32.5567563176155 0 0 0 1.24836194515228 0.911658644676208 0.334162294864655 0 9.08185532689095 0 24.324766933918 1.14770898222923 0 4.64451402425766 10.9677504301071 10.9056784808636 11.1371396183968 0 4.13214638829231 5.65602868795395 11.8141229748726 5.50686466693878 26.3295748829842 186.053541153669 338.067286193371 4.05836549401283 0 2.45680016279221 1.39414724707603 0 0 9.05663216114044 0
45.5803307592869 3.63845109939575 9.26799419522285 35192.3623129129 4.8825718164444 843.077686622739 187.103473156691 413.314196974039 522.413777112961 18084.3783559501 13.5578763782978 20604.0774850547 4.30812984704971 404.234849095345 91.0451768934727 11.2410289943218 5.9367593228817 0 1.81368920207024 0 10.6080470383167 19.889851808548 24.6062735617161 3086.29040196538 0.794732809066772 10.0309022367001 16.9715574979782 4627.01030522585 391.657304644585 22.5361092686653 0 7.38898211717606 32.7859354019165 137.035663872957 40.2430916726589 329.258015245199 4.76508763432503 281.171728074551 300.229095757008 292.384224057198 7.62299981713295 3.91817039251328 32.502448707819 0 1.28028774261475 0 22.8370294868946 0.445395529270172 0.325380802154541 1.15718173980713 0.667380452156067 0.530931830406189 269.691826730967 0 29.3005025684834 27.2901888489723 9.02787128090858 73.6420078277588 109.413629055023 0 249.38291066885 0.286765873432159 11.0301280021667 5.719486951828 3.82915735244751 0 0 0 55.0674572885036 3.57621419429779 2.14438050985336 2.13580843806267 105.3988673985 0 0.421649575233459 4.39146214723587 89.4078177511692 0.742002964019775 2.46206170320511 0 0 1.33510607481003 1.59911638498306 3.45076143741608
399.890670329332 32.2243493795395 993.902080565691 27.4992632567883 0 194.24821934104 2829.58434766531 413.897085189819 160.904075592756 325.254589796066 30.5676011145115 12.9330532550812 2.63001793622971 645.608839094639 4.57063642144203 10151.9725058079 1419.83222460747 11.7748193144798 184.760046422482 10.6080470383167 0 1026.10241407156 26274.2984279096 913.197759509087 3.55079221725464 240.164239645004 1523.71587759256 10303.5930582285 973.404667258263 18235.2859593332 0.601854026317596 1.0884510576725 234.665586292744 3018.91834437847 3.98866894841194 198.620698899031 12.8604348599911 1036.37877434492 179.36499479413 18.9507823288441 0 0 95.6376962661743 19.4008432030678 79.0564647018909 22.123812943697 18.6866800785065 4.17634844779968 0 12.8811236023903 2.09435474872589 69.4472019672394 3.26214343309402 1.15688991546631 8.03467339277267 74.4165515899658 9.31232735514641 60.077119320631 13.3955065011978 3.4993371963501 3.46462538838387 0.950625061988831 30.0591414272785 1.18311321735382 458.224577814341 10.2028908729553 0.622267663478851 4.6768633723259 3.4871284365654 410.489616185427 215.74775442481 507.378501862288 442.806240767241 0 13.7761573791504 210.613811671734 257.873957127333 65.7038430273533 242.566312342882 0 0.266938894987106 15.5425616204739 60.122945278883 2.05524721741676
80.2562730312347 3522.4607231319 277.466175884008 28.773076415062 2.2060270011425 32.3398522734642 220.444944828749 94.6069124042988 3994.07648107409 58.5262390971184 92.3565546274185 72.9497048556805 427.523962259293 163.999303221703 125.315430432558 3769.06778529286 199.738780558109 22.3328569531441 63.5191620290279 19.889851808548 1026.10241407156 0 2678.21270644665 7973.08641311526 948.410252809525 437.328983396292 6144.5831181109 820.775514990091 280.926047474146 721.973119556904 29.4225543439388 2.21657544374466 103.455012112856 347.377893984318 1.59880352020264 170.247844874859 61.9382174015045 294.900190383196 127.888195544481 123.817855119705 3.44279462099075 67.4784677326679 129.424188196659 26.0471602082253 93.7896841168404 32.6393740773201 20.1344453394413 3.28100609779358 0 11.0516205430031 25.4661105275154 195.785079658031 3.51059943437576 0 7.62694385647774 49.5485993027687 7.88864642381668 122.980159044266 15.2907102406025 6.1842195391655 6.60970604419708 7.14766520261765 28.0499458312988 1.93943160772324 659.463227838278 31.7178842425346 0.614595770835876 7.94066447019577 1.06176745891571 264.038718700409 472.042884290218 904.537646383047 320.827429831028 3.65420773625374 39.8304453790188 689.66180306673 205.725287020206 56.5586561858654 150.17267113924 0 0 10.1924505233765 42.3203290998936 6.63557916879654
844.380648821592 119.872623890638 15687.2620326281 61.8776579201221 1.90581905841827 373.665078282356 3832.87387102842 888.11498478055 236.043334841728 567.355849593878 111.996574133635 19.356682986021 3.39483422040939 1195.91793978214 10.0020596981049 19613.0937192738 9257.40214520693 62.0469522476196 793.966602861881 24.6062735617161 26274.2984279096 2678.21270644665 0 1451.67708453536 3.28780406713486 1930.03266808391 15762.1930377781 5887.96383172274 1059.1900113821 7383.96705618501 0 0.375354528427124 199.713939458132 4237.67803004384 6.47539949417114 195.434083968401 87.2391563951969 2843.99469861388 195.322429746389 16.3447854816914 0.763821363449097 0.541215598583221 293.556722432375 63.5033325254917 265.586485475302 105.126833856106 29.069510281086 3.44109889864922 0 15.5716990828514 47.5644372701645 567.365142554045 5.53044772148132 0 9.43520739674568 98.2651759684086 13.7770556807518 78.7620547711849 16.1558427512646 7.26765614748001 3.15425944328308 3.04481709003448 38.0582365989685 1.81691771745682 1414.83026620746 90.3829898834229 2.38840317726135 19.1702102720737 4.98574244976044 373.012741327286 854.163937270641 2511.53343585134 371.739823669195 1.97694033384323 73.9919200241566 2337.24820235372 261.55186933279 55.634263843298 193.194511294365 0 0 10.1734181046486 94.0652394592762 15.3349152207375
337.211563289165 1037.82582321763 255.261317580938 2781.19804182649 7.42105448246002 448.208532720804 4679.37667527795 783.123339056969 12187.6079427898 2145.01519674063 46.9912213981152 2522.3939833045 272.542236745358 906.217211514711 740.263914942741 1309.73221918941 116.380162984133 5.55747959017754 34.0288469791412 3086.29040196538 913.197759509087 7973.08641311526 1451.67708453536 0 228.186172932386 224.400592550635 1822.66678622365 31302.5874492228 1200.51085370779 1177.99851611257 6.7691056728363 8.65048044919968 386.604666680098 510.661827027798 19.3787916302681 923.751868456602 61.6353286206722 621.309161841869 718.435958594084 709.192804664373 48.6800066232681 80.5300178229809 232.083202421665 6.13309654593468 158.198499113321 47.8386718928814 115.994921475649 17.3557673096657 0 104.7409979105 17.7003953754902 72.1431840956211 144.429262578487 0.746165007352829 247.853863269091 963.930284798145 191.930753350258 719.895390093327 526.370999932289 17.5634506046772 196.406151115894 1.52180996537209 379.871349602938 19.7456898987293 197.412972688675 20.9814821779728 3.70469722151756 4.71578046679497 157.557080805302 288.476962536573 173.884321272373 259.311357110739 2953.40717348456 0.491570383310318 19.4458204507828 176.284302711487 1898.62862068415 242.521491289139 469.376653552055 0 4.01932099461555 43.6200266778469 89.6767208278179 11.5822221934795
0.935743749141693 3486.35919231176 11.208052277565 0 0 1.69851878285408 3.1069001853466 2.77025407552719 391.9733261168 2.12682563066483 1543.57582721114 1.06058394908905 9142.34065100551 4.55245316028595 16.2176176607609 8.77885735034943 11.8615570962429 243.126655638218 97.4416475892067 0.794732809066772 3.55079221725464 948.410252809525 3.28780406713486 228.186172932386 0 903.176329165697 6792.65119072795 10.0186198949814 8.6231894493103 9.87805444002151 202.14675039053 0 0 82.504566848278 0 14.8865037560463 1282.90143573284 634.584812343121 43.7582411170006 12.3419223129749 1.06564438343048 2941.4728948772 8.78502857685089 102.158517181873 13.3315060138702 2.67241597175598 0.294141113758087 0 23.3680948615074 0 95.476224899292 11.2832881212234 0 0 0.310679048299789 2.18551525473595 0 6.39265614748001 0.995209395885468 50.95411413908 0 263.802390992641 0.509045898914337 0 3.58258354663849 1.80307722091675 63.9037115573883 4.70987284183502 0 1.43709933757782 7.02986091375351 1.16229063272476 13.5857614576817 237.374371767044 330.460023850203 372.098301619291 3.57048630714417 0 0 59.7671230137348 0 0 5.40388882160187 0
146.567245811224 895.489501625299 9999.26101487875 16.2641223967075 0.605055510997772 94.0494298636913 398.337291270494 194.244772523642 192.307092308998 114.80165374279 6404.16067898273 13.1865739226341 3509.7339758575 270.167054414749 9.24983313679695 162.279670387506 6832.61078348756 5845.04265117645 9985.68249636889 10.0309022367001 240.164239645004 437.328983396292 1930.03266808391 224.400592550635 903.176329165697 0 45452.6099438965 216.772073239088 197.649624764919 395.436989277601 2146.80644464493 1.828946352005 22.3638466000557 928.852674901485 4.18935000896454 717.71815097332 2247.71291172504 4378.4010476172 1454.62380036712 18.3182191252708 0 145.534920930862 77.3865942955017 134.452063679695 130.311220705509 39.2486344575882 6.2261825799942 2.3940943479538 11.8858416974545 1.34000110626221 483.449343323708 266.488234460354 0.515371561050415 0 0.525644898414612 7.11775070428848 1.75428968667984 6.06021240353584 0 150.118223786354 1.61838257312775 399.137661755085 6.72858238220215 0 27.6022528707981 70.1271191835403 192.036131709814 120.352927029133 0 13.4741500020027 56.4883119761944 59.8526762127876 22.3811621367931 415.884765028954 1727.02633351088 2939.20051762462 20.7018994688988 6.5897045135498 15.1930598020554 88.4379259943962 0 0 39.963007837534 2.58277201652527
100.220848798752 6521.3970130384 8331.8374915719 27.3907383680344 2.12962234020233 83.0254528820515 869.1351044029 131.584951877594 1087.2972227037 155.90011036396 3203.35189512372 36.5521501004696 9388.31777098775 211.535338491201 69.5958865582943 9959.68249386549 4589.12992098927 1272.23133331537 2732.30984196067 16.9715574979782 1523.71587759256 6144.5831181109 15762.1930377781 1822.66678622365 6792.65119072795 45452.6099438965 0 1273.08380800486 228.439878344536 684.734572887421 2816.91946908832 3.76102119684219 46.5835565924644 1740.03369864821 15.581003844738 993.596527993679 2948.20778539777 6893.66724637151 1870.22017529607 84.8440609276295 0 230.477835118771 581.7227832973 294.329257011414 551.128909617662 199.47811204195 40.4125077426434 2.69058394432068 12.5883581936359 9.6680434346199 1359.25422269106 2437.258223176 2.69234889745712 0 11.7059706449509 68.8889108598232 10.6801673769951 52.3849284648895 13.9550261199474 171.51561871171 4.3169954419136 395.695458352566 19.2721888720989 2.44162303209305 634.368197232485 349.012772500515 221.307247728109 238.594452768564 3.91006514430046 168.128865331411 998.661404728889 2016.65249636769 174.453688710928 478.584648221731 2714.79206728935 10650.4703332782 127.597563385963 38.1248746812344 100.8864133358 80.0195740461349 0 2.81860336661339 184.289987921715 18.019616574049
385.66665199399 67.7998817265034 983.232820928097 11627.2331765592 1.65280669927597 611.154084950686 19716.7398061454 760.992938280106 2457.35736516118 11349.4408613443 19.9176990389824 701.791772007942 10.9751334488392 974.169172525406 121.516586393118 2174.64118233323 253.697882443666 4.70805802941322 46.5051406919956 4627.01030522585 10303.5930582285 820.775514990091 5887.96383172274 31302.5874492228 10.0186198949814 216.772073239088 1273.08380800486 0 1552.65184266865 6413.02205857635 1.69370031356812 2.9204412996769 499.28331771493 790.9445489645 11.9077636003494 1259.46481508017 41.109304279089 799.64908733964 847.139552503824 208.249330490828 9.10983967781067 1.39905026555061 191.692176312208 6.41998249292374 120.33523952961 37.5473996400833 78.157152146101 15.9200621843338 0 65.9062567353249 12.0866929292679 57.1672485768795 122.158118635416 0 177.809560567141 668.202045768499 135.559229761362 411.951577097178 301.765841126442 5.03189697861671 90.7757024466991 2.74387830495834 251.842051565647 8.65157651901245 185.296289920807 10.2302778959274 0.610364496707916 4.93443885445595 90.4434189498425 236.194070905447 173.430997341871 218.793323874474 1754.98755511642 2.57157737016678 11.8603018224239 137.527664005756 1457.8832231462 226.796697080135 455.85650062561 0 1.52099233865738 32.252400457859 70.0474370718002 10.6343076825142
12702.6866544783 25.5708955526352 183.098909944296 308.718712717295 38.4997875094414 740.278732776642 2327.18417491019 2609.92519825697 465.409141838551 2378.47963267565 244.746647715569 373.216062903404 55.0180141627789 6999.04818820953 28.1971302628517 166.55541062355 831.60192835331 20.5502876937389 214.410475462675 391.657304644585 973.404667258263 280.926047474146 1059.1900113821 1200.51085370779 8.6231894493103 197.649624764919 228.439878344536 1552.65184266865 0 9952.54493558407 0.812859117984772 819.617980420589 7295.35120359063 3453.50290167332 14.2939148545265 993.386900246143 59.77982416749 2345.12516599894 1199.7592933774 430.065914690495 281.194799005985 30.0768625438213 40.3561704456806 1.41443717479706 31.5981576144695 8.5581286251545 8.04817208647728 1.83259454369545 0 12.461090862751 0 16.2546640634537 8.96737614274025 0 9.93668237328529 104.733237266541 22.1211720108986 60.266700476408 25.1853093206882 3.59876394271851 4.8294138610363 0 47.1524642705917 3.51626920700073 71.7870825827122 2.16173654794693 0 0 6.51526218652725 74.0906263291836 47.9997007250786 64.8005613088608 297.805950403214 0 3.52267730236053 24.4016108512878 291.977081820369 35.8140087723732 114.7994569242 0 0 9.49551284313202 18.0923515856266 3.39629876613617
4582.64845106006 35.7960987091064 1107.38188257813 37.4777255356312 1.17716425657272 383.461881279945 18442.3933755755 1674.20131847262 445.036710619926 452.746799141169 43.3085899055004 21.1390542984009 2.04113799333572 3043.69962853193 8.96034762263298 462.342343717813 1679.32895672321 13.7080027461052 276.874340027571 22.5361092686653 18235.2859593332 721.973119556904 7383.96705618501 1177.99851611257 9.87805444002151 395.436989277601 684.734572887421 6413.02205857635 9952.54493558407 0 0 6.17572218179703 905.019730210304 2588.51505559683 10.6345838606358 887.374928295612 33.9423606991768 1212.42980375886 692.288618892431 45.0918746888638 6.72790122032166 2.43195158243179 88.1092781722546 8.6284573674202 41.8138496279716 17.453879237175 18.509593129158 4.18057650327682 1.30373096466064 22.6445143222809 4.00684344768524 44.1062414646149 6.02149575948715 0 13.021956205368 160.533340990543 21.7039436399937 116.217845678329 13.738793194294 2.86339795589447 0.454360246658325 1.68506371974945 62.1298458576202 1.44368588924408 142.776542037725 10.7121500968933 0 4.79800856113434 1.5752084851265 200.327278733253 103.473384857178 198.143897712231 483.643599748611 0.345765650272369 12.5241103470325 103.779617667198 428.556248784065 84.3300598263741 269.580382525921 0 0.306557565927505 9.85157054662704 45.7981588542461 0.741093277931213
0 54.3255923688412 1.10501152276993 0 0 0 0.92763751745224 0 10.525554805994 1.03130078315735 464.33016949892 1.20583963394165 3494.7415881753 1.08419609069824 0 0.548469722270966 3.31551897525787 89.1474342346191 19.1851136684418 0 0.601854026317596 29.4225543439388 0 6.7691056728363 202.14675039053 2146.80644464493 2816.91946908832 1.69370031356812 0.812859117984772 0 0 0 0 15.214952737093 0 10.7568905949593 101.519835829735 98.5693256258965 16.9725784063339 1.67570221424103 0 28.310860902071 2.09294897317886 15.3811906576157 0.513229370117188 0 0 0 0 0 3.65346837043762 1.3471177816391 0 0 0 0 0 2.34330081939697 0 13.704984664917 0 45.818499147892 0 0 0 0 17.0703935027122 0 0 0 1.19240701198578 1.20687115192413 0 35.7328080832958 43.6274882853031 50.7222209870815 0.759568333625793 0 0.506654858589172 17.4426366090775 0 0 1.33795261383057 0
5.19186896085739 0 0.320123583078384 1.46073931455612 1508.26487219334 2455.29017177224 8.43710857629776 1173.63094186783 6.2163153886795 37.9800327420235 45.5489950180054 20.1107714772224 17.0426014661789 1024.16741237044 180.826956450939 0 2.31337952613831 3.87275946140289 0.444161117076874 7.38898211717606 1.0884510576725 2.21657544374466 0.375354528427124 8.65048044919968 0 1.828946352005 3.76102119684219 2.9204412996769 819.617980420589 6.17572218179703 0 0 1.09993016719818 750.809567809105 0 79.0037595927715 7.68665057420731 277.948110193014 223.512703388929 633.349736064672 1827.01028609276 9.97801828384399 0 0 0 0 0 0 0 0 0 0 0 0 0 0 0 0 0 0 0 0 0 0 0 0 0 0 0 0.571839511394501 0.396896809339523 0.365880906581879 1.09696471691132 0 0 0 0 0 2.6628725528717 0 0 0 0 0
