0 128.38564585473 97.2186002045054 89.0293029570144 0 57.5089363749952 33.5057411000843 25.8446047001293 66.6412056248601 55.7843782580811 109.142952559437 81.0028072130522 149.302138371533 15.975336472762 66.8395665577409 101.797665404747 99.4784351764166 138.880243079177 118.657967608442 82.9357367492725 77.3562022611134 73.7020423166533 88.894385464879 75.3139946941452 128.150573730469 114.78917396572 122.024698765387 77.6472966234119 20.4646640233265 41.0536720710248 0 75.1998353015403 39.0845106777494 58.7973570180352 120.001367923927 65.8507543769073 99.755326541271 68.3460688405079 58.7762911792287 72.2521715929313 51.5441290757099 162.857315063477 155.812264324244 0 141.258774228767 157.403538041616 115.836461543573 0 0 139.447674889796 159.737228393555 168.527447609087 106.605911165797 0 144.972939182637 141.011797100697 160.854993452275 91.7464590416315 151.144790829716 0 139.584968773097 0 149.009528096811 0 133.812489174659 0 0 0 143.261574101537 132.647148812768 111.510474740168 143.084930362718 121.147357201166 0 0 161.165305614807 129.567881159089 146.592538815152 136.588515299682 0 0 0 146.520807279604 248.331634521484
128.38564585473 0 42.7978643280005 110.010793640441 0 129.460244659744 108.31104695176 142.165919334692 70.6589109266561 130.357289316546 62.6779099619035 99.3715354708529 48.3123846983866 135.704758490588 104.10224106062 66.2644031111401 50.062394402999 71.0382426855257 56.1684759153983 138.180024054745 81.4972309652165 27.9467281192366 64.6224393727192 74.4218126045349 23.8788125777334 50.2660291657837 31.8884431125934 99.6645682771508 121.539567542972 98.0002574613322 62.9297046264249 0 96.7094899732332 62.6785435610617 0 83.1335834821184 48.398051875236 53.6502104673215 66.8648247667833 96.006380478001 0 46.1317136763336 93.9443563282824 70.6228496631044 76.8328030599328 73.3973238149948 113.579391479492 0 77.0882339477539 0 31.7893487019584 65.3456069064462 191.44062376708 0 168.70051896238 146.369158143011 0 73.0750882621859 168.529058004053 111.975886362554 168.521270751953 85.5600936298708 142.257663853226 0 115.253268114876 78.118902784995 66.0747909545898 86.2261740484916 125.361671447754 131.906550793685 31.8272855653338 91.8666717641486 91.846318204426 58.1768711709481 76.9188438688547 60.6492732106875 144.09574307316 164.343383789062 150.06289653724 102.693876072501 0 0 79.1523598642663 247.027465820312
97.2186002045054 42.7978643280005 0 127.953025186799 0 122.276964531708 94.5783761865966 114.887836586421 98.9662537545115 116.432957360966 75.0186122085913 127.167820312309 89.2794887360578 111.163082000407 141.121060655623 78.9442744520733 46.2181146467616 80.8853595369905 64.7097474025624 122.98540400051 66.5465628172558 56.0793854793422 31.8911342399438 96.3045896431059 87.7653635486862 32.8869520556032 32.3505199585382 86.0852282340518 114.101792902459 80.8010089666343 82.7754696537299 167.273834228516 97.697565103963 60.0549689776668 155.920047406354 83.5161390401945 48.7139676158794 52.8762390387667 64.3800604831996 126.221609789967 170.686895778917 78.5737414142275 121.951921865844 90.7225206895534 111.984805881353 115.254894776308 161.584910194541 221.651290893555 0 155.548848926415 64.7855887018113 92.5238941050513 198.709059997879 0 182.057250976562 159.821001207438 191.344504379527 113.57096412924 216.617753405828 130.42978973145 217.165593776052 128.182097145921 180.466589012973 152.395146906407 115.911942929898 109.864379289348 138.283865059342 119.233354288609 0 136.322650715949 70.5821321020974 108.302212044172 137.695201029181 100.39878345242 102.954824033354 89.920185747808 159.159665205367 161.762291346608 144.677511549485 0 0 144.407260294251 115.320801664385 195.176279968404
89.0293029570144 110.010793640441 127.953025186799 0 116.255401611328 82.2754548928812 65.3098865963442 103.33592514648 65.5991471565952 32.386894394925 157.113889418326 43.4930959604533 127.967007705316 104.2209953288 78.9527383305348 105.427686775394 141.760086606023 176.948961113883 161.890324789991 11.8405091649039 110.023167474839 89.5783733924173 126.055941358444 31.0944716163724 0 145.939621674139 130.986021144166 24.2402176062865 105.265344889097 109.575528984898 0 132.945804882169 94.4504625257178 101.939773494048 77.8064783328713 96.3683152962044 114.487426582859 107.818123052204 98.2760510131382 81.3000090377324 107.536295724457 178.889772105225 92.7063690900671 0 186.102210050329 0 96.3806737950092 0 0 0 171.1689453125 189.610567569777 21.2776870542955 177.62939453125 148.885185492335 136.819341158123 160.032527625564 88.6546368856591 103.00713455615 0 114.330124234256 213.746658325195 147.318685634611 113.184507890654 149.486338714913 0 0 0 46.5816990703067 164.517850967152 140.58331165013 172.144312414267 115.111257821284 177.329681396484 219.518264770508 202.32931186714 91.5546008788374 179.23512109069 160.496122049126 0 247.186508178711 200.63720703125 168.05754169469 162.86262512207
0 0 0 116.255401611328 0 19.177915942662 121.183990362831 17.284903785773 45.9703073578328 107.186995429239 44.3775847293225 66.6739592427283 68.8898748869812 55.8016382666716 14.9939980646762 0 139.163162231445 0 0 93.1435120465028 0 103.891648469829 153.739176382595 87.3714436865979 0 178.055130004883 148.099603137152 112.748737775361 30.1285746578002 95.9151825494984 0 9.95999111817665 0 9.46068844807314 0 62.694061731793 0 35.2386095039068 36.9649827238805 14.6942933738278 8.07455850735137 50.6049346923828 0 0 0 0 0 0 0 0 0 0 0 0 0 0 0 0 0 0 0 0 0 0 0 0 0 0 0 0 0 0 183.397979736328 0 0 0 159.696044921875 0 0 0 0 0 0 0
57.5089363749952 129.460244659744 122.276964531708 82.2754548928812 19.177915942662 0 56.3486884003183 26.8636969893784 67.5800404698678 32.3674342263684 66.7635917869081 34.116930636815 47.0488855740012 46.6009124748728 22.6621934482431 114.77850749773 128.754008505181 126.461460580187 141.121876268323 63.1969830418131 107.178621475967 99.6386868646207 118.35828233139 77.8353550097633 102.608282166371 141.159929534547 139.527985202267 83.7901956082137 62.4675966930721 90.0971901826818 0 15.1082696248679 89.0909384200493 35.4088074338752 32.8709847911793 79.679473959967 86.9946035171581 63.9069635430129 55.8189754595591 21.0204264647889 19.1999777996908 60.3783049319276 137.285727686623 150.810829825535 183.33673057991 0 103.528188339887 200.273976500571 0 156.009042599453 157.437205877374 188.380783729172 143.161199633761 0 147.0658475919 146.969534927218 161.220095892317 94.5072337352138 156.461471242306 186.170471191406 117.779712585154 0 158.143246734932 138.426411902552 178.855609004432 191.907358141346 0 0 142.023874692104 161.49933897901 141.53096611015 180.039580436462 124.796371266795 0 201.25256330703 184.355629966553 146.589694813385 179.31018994616 159.548822859705 0 0 166.427505493164 199.446187503315 214.39387512207
33.5057411000843 108.31104695176 94.5783761865966 65.3098865963442 121.183990362831 56.3486884003183 0 61.6801543920249 58.6755966093438 29.3952604761691 97.8367500136256 62.8920875714282 161.591661752299 38.4205191273386 82.455903006472 87.2681680341038 99.5211316945791 142.731072825209 93.3178186137664 66.6468222870306 73.1206106052508 78.9487479715529 85.7305882264751 55.8784570885062 127.698902822776 119.64274136785 104.302357788899 40.4740167268051 61.047896188927 27.9921975388148 163.568710327148 122.836258135175 76.81255779371 82.2198468637426 94.6166927652736 81.2377896730735 109.599088829354 86.132172321031 79.1591104249554 77.2279006753671 96.888520850461 108.814925584747 137.285383573389 154.532683597745 150.408635720876 143.331954718961 133.290957156662 168.827854862055 222.255386352539 134.012573159059 158.269401326852 161.921594375035 139.706852093569 159.804595947266 139.889386478047 128.153723890956 147.354643438245 86.1231638637814 145.706552156946 162.973987354797 135.472740102486 184.796615600586 144.949028887033 113.265668715529 137.327041515601 179.800240368065 180.073699951172 206.833578171449 135.175456029114 149.964372755212 119.4775958801 159.058844428976 110.127564893723 0 181.66873966265 158.878516752335 125.355323226892 149.278187764671 131.46133686609 234.072601318359 196.788152677084 139.80828682919 150.372336679427 205.315381832533
25.8446047001293 142.165919334692 114.887836586421 103.33592514648 17.284903785773 26.8636969893784 61.6801543920249 0 77.5396433901059 50.5554574160463 62.9988084688391 78.0310421864452 49.0596006788294 18.1638592772087 35.0528937105765 119.386126840414 116.879523527519 129.896209873416 132.140147579946 89.0151228856519 99.1220959342385 90.1724334785786 109.040416074072 85.7994592491632 123.739140692055 131.99627113097 136.176682103981 92.0247972019363 36.2658674759437 76.6069881557085 0 17.7721221683582 76.3970634693581 36.0064671399258 85.4760153008817 70.9610205121361 74.7320847887094 51.0512672109921 46.1271138308645 31.941688920938 24.1760372189956 59.3158230195756 168.805809634756 212.874114990234 163.747768890299 204.775027093867 136.411818608285 174.932239145779 0 171.558002923881 187.144584168886 174.635475385523 135.448380840708 0 145.422039870585 144.8561846151 160.445238581778 104.519895339802 160.994043806572 186.473302134266 132.875178688883 0 163.196524551052 111.323547363281 146.743865452575 188.309752713343 0 0 148.46157229042 158.245723042058 126.147651109645 170.727279141107 128.443495711405 0 199.284917819226 186.08516660591 140.824271904451 167.02818359666 153.020952521254 0 0 156.840101409041 165.297075530003 199.593123568788
66.6412056248601 70.6589109266561 98.9662537545115 65.5991471565952 45.9703073578328 67.5800404698678 58.6755966093438 77.5396433901059 0 68.5625270223748 134.364542255605 25.5135164378342 119.82489630381 76.4588778409322 24.2580826863553 53.3488525094017 120.399730301186 140.333632146947 130.832438118097 53.9523353895236 74.8241355589856 28.0379212573354 91.3492650727249 24.8241358017492 101.895540294462 121.566956497899 99.2390058827426 54.4693688143018 78.0772217783028 63.378811241863 135.434133559634 95.7452228845959 65.90896754214 78.1605089345446 103.580978047756 61.4859431456686 113.98392910627 87.344556547003 74.1859909560898 17.755274045149 65.1221687364344 118.027974359588 79.4666102341554 119.31303368365 101.107400289949 119.741322539914 48.6275614912754 103.82414540148 0 93.2513589387949 108.33477084083 136.332569498812 91.6660388466479 0 95.3549076714519 81.6805433553285 105.134931664604 22.1623236878253 96.1015274430908 115.260525051807 74.7114948618798 176.589793110929 98.2916499198887 63.3868821994887 88.7864208093858 149.462762370756 178.409790039062 0 76.8719518400221 105.944620260704 61.7102277970588 109.354779777341 57.7667943909961 110.870284569848 158.477206105648 134.620108917314 76.8125598566246 106.345662891718 78.7886137607183 0 151.179473876953 94.5133324905857 104.431984274599 168.33454305394
55.7843782580811 130.357289316546 116.432957360966 32.386894394925 107.186995429239 32.3674342263684 29.3952604761691 50.5554574160463 68.5625270223748 0 134.344561095177 25.9943613045198 134.668986202011 64.7092433685107 78.2103395297837 108.354131613262 128.552223870797 163.108410648311 158.777919032857 16.8032179647997 100.872150657094 99.4735219277267 111.624889314804 58.2098780514912 147.913594652567 141.774983506048 130.492847525605 32.7608754619947 94.6483871973992 86.9246793220411 187.499664306641 116.56663405557 87.6132110950286 94.4666431227598 29.8661767786053 91.4372424395064 110.206924072049 95.831750867369 86.8675605787452 76.0755631888381 98.6876815628565 122.315169409722 94.3113535620012 0 178.018861051431 190.043167114258 99.1479125996347 162.655638929728 183.561187744141 161.461453786257 169.381982421208 194.055549876194 88.3138835020379 119.624618530273 147.122362255532 144.827603572107 151.556819963665 90.9828765017219 151.846838927127 200.147358333384 77.9627551074261 188.715314430824 151.305673544451 141.895879930946 166.049859848255 202.785903930664 236.697967529297 212.919708251953 143.201325195534 172.651812239383 154.534525648161 172.48019828828 117.433223408435 180.194000244141 0 188.893680572911 143.897359667151 176.650829683923 165.515764226737 0 190.23986372213 175.554593275111 185.58844419334 0
109.142952559437 62.6779099619035 75.0186122085913 157.113889418326 44.3775847293225 66.7635917869081 97.8367500136256 62.9988084688391 134.364542255605 134.344561095177 0 120.517408105322 21.4341661155917 67.0891481218089 127.575744482463 112.664581648933 46.1886321429102 24.690941487675 28.6886514150288 137.467541105934 97.5117440321074 96.4945338899438 84.5519623880405 134.637857372002 28.8293526350736 33.4545303153427 52.5533055595034 137.965873256853 65.4389157768299 101.523200156827 32.921646873607 51.7770662987359 103.120243801491 19.0680605064092 128.051561708052 71.8029278220425 27.3163096744238 22.2699425084077 45.7157224433946 63.5294280517026 56.3706689794183 17.6161989674575 173.646963364543 54.171016970364 112.798930184417 175.536499023438 0 0 53.503927220907 0 71.8494711706422 133.99623502012 0 0 0 236.330261230469 159.589965820312 169.016234177937 236.729248046875 88.2715743542701 174.275344848633 74.831570424583 214.782144292031 0 218.295608520508 162.512308514719 97.5868815502205 119.183540550001 0 188.31037902832 134.007783771541 155.678046494708 184.67706520653 59.0767647144732 101.272229984185 105.248613213202 207.762762370466 0 210.022558247036 100.424103068913 0 0 123.529379916564 116.386970791472
81.0028072130522 99.3715354708529 127.167820312309 43.4930959604533 66.6739592427283 34.116930636815 62.8920875714282 78.0310421864452 25.5135164378342 25.9943613045198 120.517408105322 0 118.854036591385 88.3513745578207 23.9461887329397 109.71405741529 153.638130959565 152.057205200195 153.128270487369 15.0216361185267 108.720473327972 79.0096079264217 126.682868596209 24.2193132976076 169.704823122084 160.047384077498 129.611595180727 56.4119168224935 100.083063504915 108.205467495087 201.854598999023 99.5893321078536 89.2530750191556 96.1335757816487 16.5510721615356 77.1238168097929 128.575189276884 95.9996668888958 88.1538668837064 23.3398001099425 88.8318426321849 119.577761256094 77.5690670332936 0 181.610559088663 0 68.2563189494806 76.9243316650391 0 121.435546875 205.294784545898 227.629547119141 19.8833847116589 0 73.568152163523 133.205694856493 106.090582083434 62.6322965004014 99.6830768562752 115.065831898062 16.7674571703063 172.486129760742 135.297174022651 80.7871944994785 0 0 0 0 22.1848730231278 0 107.053342276522 158.698028221599 87.7663861456954 188.782821655273 220.774841308594 184.511433410377 111.278862446356 112.906599433275 128.215283980038 0 117.559466548305 0 91.750876158007 0
149.302138371533 48.3123846983866 89.2794887360578 127.967007705316 68.8898748869812 47.0488855740012 161.591661752299 49.0596006788294 119.82489630381 134.668986202011 21.4341661155917 118.854036591385 0 61.6447578870056 135.76846987024 132.671637271151 95.5018366693349 49.2953577339496 57.6897483426724 118.916636616157 123.699848946046 82.6694633696942 127.019977307306 42.9267173711226 15.8462209970838 21.3761801238332 25.3288786375212 141.598648158938 50.7705648543814 122.066896632463 9.36617820563552 45.3880272779167 143.039840698242 15.1863161668019 71.2052402563449 26.613386275158 25.7015725933102 19.7020567453715 10.6048017390654 49.590429434619 11.4397589571424 13.6554651134701 35.4577129597036 48.5034286530968 31.3347703450928 26.476722879243 61.760483664163 16.9943617131648 21.0611227293431 0 60.4258856424124 104.631574148837 0 0 0 0 46.2847900390625 139.302762433852 0 40.5809336913932 227.499954223633 68.6537543614298 169.78074078488 0 175.416534423828 0 94.6553983722766 95.4644586750918 231.77001953125 178.35255025512 110.584486112989 183.682513685923 163.879053537695 48.0662876710924 93.7351893476873 93.990129839469 0 106.40445192302 176.867599487305 88.8220260234934 65.4285736083984 0 145.878005981445 82.4371045227062
15.975336472762 135.704758490588 111.163082000407 104.2209953288 55.8016382666716 46.6009124748728 38.4205191273386 18.1638592772087 76.4588778409322 64.7092433685107 67.0891481218089 88.3513745578207 61.6447578870056 0 80.1996027724531 109.557810111952 113.773696114293 133.692128069132 127.892486002965 93.4167252085194 94.721878217805 87.0226186215289 104.83206876264 85.5411246177417 115.111873229981 128.591034170088 132.748366805785 91.0303126282415 34.6041281926601 69.4750889121916 208.191711425781 18.4312677299444 57.6915639363 46.3564042232372 89.6679934355752 67.4070147314505 79.2229503317965 53.3236547428701 51.2366187060343 45.0635198506779 41.4479888924952 69.3050915078296 157.616707112548 182.515070782686 165.935558086854 163.425013513868 141.479597341346 162.729751857418 0 161.571225267231 155.497412518102 174.377504725203 135.780925240201 124.345184326172 153.093255053686 146.741035833368 167.383977048096 100.732617236843 160.430475712875 0 139.115906821527 196.218566894531 159.950908974191 151.289946743235 145.618931478647 200.808597314556 0 214.537217833407 143.568743281997 152.593205475412 119.520641245133 169.870036403149 130.121383735597 0 200.848205566406 182.021950837561 143.899421447092 170.325304144263 153.154586096325 0 201.352127075195 161.504197750234 157.000287780318 167.813510282339
66.8395665577409 104.10224106062 141.121060655623 78.9527383305348 14.9939980646762 22.6621934482431 82.455903006472 35.0528937105765 24.2580826863553 78.2103395297837 127.575744482463 23.9461887329397 135.76846987024 80.1996027724531 0 110.090762377789 0 0 170.716173465137 64.5562349790469 139.042714350826 76.517901233693 126.653972880465 44.7040757331342 134.766551941184 148.752905162218 128.84853334277 82.9808337740139 75.30634852888 88.6764222912923 0 38.0074372700539 97.5224884163079 37.9971406391867 55.6900880535453 51.62832609869 83.3061214179679 69.3081112243679 31.576789847264 11.0254571089531 23.8720594958083 85.841371548299 53.8614006549725 0 0 58.6765843172498 58.0656310937528 80.0530471801758 0 0 0 149.440338134766 102.466763560096 0 120.30322265625 136.211905542054 0 59.4324701536262 141.545433003447 0 96.1794973855251 0 151.318803773227 100.213584899902 0 0 0 0 0 188.397552490234 0 153.89501128541 79.278461163855 0 161.304489135742 185.445558298248 133.210526703404 0 204.478073120117 0 0 0 0 78.7227727864192
101.797665404747 66.2644031111401 78.9442744520733 105.427686775394 0 114.77850749773 87.2681680341038 119.386126840414 53.3488525094017 108.354131613262 112.664581648933 109.71405741529 132.671637271151 109.557810111952 110.090762377789 0 97.6158587024048 122.919506645894 112.249522909505 92.8497029770045 20.8376692026272 33.0563982889656 22.6399389095718 43.7985488810796 100.904997546103 92.9376872491517 27.9514458849463 35.7279419513413 89.1097455039588 74.1086495475363 154.667297363281 0 72.8967573330304 63.361634399408 0 83.9870269726166 92.9194427372493 77.2146948714221 85.214070322194 104.519716372591 0 154.213134765625 110.360197158129 92.1455275024264 116.566182663684 111.627072418776 117.71624896913 0 0 101.18155559942 98.9129280888983 113.000737127415 0 0 154.822976274202 138.929382730967 145.381248657309 81.1818315922442 157.76979621498 0 179.678453224328 161.171539306641 152.220563250794 0 91.1886335649296 131.599533739594 165.524185180664 155.986480512235 122.372764587402 96.332459003973 58.5098565423425 100.826710388702 82.4108953317665 0 149.780744025863 106.053733746217 117.817373026281 128.717217319569 110.448872423388 0 151.377593994141 98.1363312574933 106.953840713719 195.639633184164
99.4784351764166 50.062394402999 46.2181146467616 141.760086606023 139.163162231445 128.754008505181 99.5211316945791 116.879523527519 120.399730301186 128.552223870797 46.1886321429102 153.638130959565 95.5018366693349 113.773696114293 0 97.6158587024048 0 60.4986517138569 25.7465636805574 157.188784063024 54.4613444992426 81.0955509129724 35.1509348356509 121.038710182552 64.1887859149781 30.7281013335604 63.3406891610446 113.005853462107 96.2299909177453 76.1367806645395 90.2202902163124 125.561105054358 93.6115697900454 32.4425695956321 137.362021474324 88.6989408329238 46.6740532368959 35.7380783231361 61.9856849142372 125.377203771458 105.085910214337 80.0558823113628 139.429393511142 119.202328917513 123.687371962442 126.824058067158 140.815078735352 0 0 152.958755493164 72.9962168654072 107.342053520843 0 0 195.680579399548 185.54368424831 0 151.211711179916 0 123.482391597949 0 129.209614390465 197.129425048828 0 144.030435752881 127.46128264429 148.525948318206 115.10005211691 0 160.642183579898 92.9466652248387 140.140455706882 156.375187699071 101.721200164614 106.643302071611 105.759212651535 184.435495387211 170.77819209298 177.929974412275 134.581573486328 0 184.106033325195 108.970386434268 106.128837585449
138.880243079177 71.0382426855257 80.8853595369905 176.948961113883 0 126.461460580187 142.731072825209 129.896209873416 140.333632146947 163.108410648311 24.690941487675 152.057205200195 49.2953577339496 133.692128069132 0 122.919506645894 60.4986517138569 0 21.3542877715378 0 103.223987039499 99.4621479423389 95.6617835010737 141.244897366495 42.7058208637995 27.5789221241837 58.1158314604453 159.401973785169 126.88896302704 128.249802307223 50.4055599089491 98.8307096269714 0 51.5984560653045 118.651859188129 82.2056946616716 53.2613108889604 54.4524402769069 65.1410351065135 122.588318227719 0 60.4702890504159 172.952029539976 79.7414398815708 138.783895438136 0 0 0 86.3332169669601 0 73.0245127151867 139.260173739634 0 0 220.896148681641 0 0 173.430349640228 0 96.9373320314453 0 88.4448124013314 0 0 0 0 106.335916368684 111.402217462738 0 0 131.696668144054 159.909712693345 187.397246140754 64.7136072395804 103.037304945856 107.395550482234 226.991485595703 0 0 105.570621731633 0 0 122.286918640137 0
118.657967608442 56.1684759153983 64.7097474025624 161.890324789991 0 141.121876268323 93.3178186137664 132.140147579946 130.832438118097 158.777919032857 28.6886514150288 153.128270487369 57.6897483426724 127.892486002965 170.716173465137 112.249522909505 25.7465636805574 21.3542877715378 0 173.097725936233 79.2940170788914 97.4791197801324 69.551268505907 140.692873419432 42.3792151929436 26.7906865565272 60.5838083254522 130.782251380183 114.111501141007 96.84726556578 64.7258019751098 146.947448730469 113.187615803073 37.5673541166239 140.411676863751 77.8139538618077 51.7288590128145 46.1300223999755 58.1717497933269 121.484722510506 0 58.3282047944518 147.89114836066 109.682926253379 130.43397399443 143.397979736328 0 0 0 0 62.5012599028407 126.233554528751 0 0 0 182.282211303711 223.877334594727 187.002639770508 0 99.990292352156 0 103.12720758065 220.309355813682 0 182.899674086752 127.517834298299 102.577589551017 119.062125124548 0 182.551163885983 111.693966382993 140.912328352302 173.983094776549 73.1077166389276 99.4634153109659 106.088583043343 191.082179159543 0 192.217421063961 121.165098949218 0 0 131.455774430187 0
82.9357367492725 138.180024054745 122.98540400051 11.8405091649039 93.1435120465028 63.1969830418131 66.6468222870306 89.0151228856519 53.9523353895236 16.8032179647997 137.467541105934 15.0216361185267 118.916636616157 93.4167252085194 64.5562349790469 92.8497029770045 157.188784063024 0 173.097725936233 0 118.229339834198 74.6968578589319 118.122830132642 20.0604965259201 158.752502441406 146.882245478199 134.345272608569 31.06578177552 98.915312080546 111.734981204092 0 120.625649063192 86.0998861719795 98.9252548252158 37.4163748838462 88.7207981681799 108.919467827459 98.3291991642228 87.7811396424801 62.7252894287333 105.251543785011 133.917642672754 80.3653500045045 0 142.566909790039 0 87.8046920985888 156.037017822266 209.779113769531 132.529281616211 158.035522460938 160.561676025391 30.3594594086261 0 143.62859100865 132.448922823019 160.023428339315 81.9653942560257 145.095398538607 0 43.9900779504162 204.229965209961 144.255056598698 104.093881506348 157.715668099658 0 0 0 110.217873913553 160.454690383182 115.390470201927 164.697504049854 115.915625769181 0 210.98713684082 170.311154637161 135.798760953568 128.551147460938 138.513723639305 0 0 172.275813879414 170.319316021357 178.797953650809
77.3562022611134 81.4972309652165 66.5465628172558 110.023167474839 0 107.178621475967 73.1206106052508 99.1220959342385 74.8241355589856 100.872150657094 97.5117440321074 108.720473327972 123.699848946046 94.721878217805 139.042714350826 20.8376692026272 54.4613444992426 103.223987039499 79.2940170788914 118.229339834198 0 54.2280065716991 36.8380722197417 51.4627051683189 117.235977481446 92.7792120588347 72.437242455877 30.6607984936228 75.9470968686187 28.9322421947489 166.795684814453 141.579787655242 68.580604770723 35.9544466204403 138.057937254894 83.1211877134014 89.3595951955625 54.7641670825764 81.2938301506008 104.194544702334 0 0 125.147112023532 122.874142393913 124.372048135065 131.443920403523 134.780207142182 148.418609344943 0 140.875529992606 84.1898537353914 135.935415971081 178.724762843376 168.494125366211 171.980285332185 141.05060079806 157.894732847977 90.6643151468593 175.837685231742 172.389957814187 171.919158109826 146.149215698242 151.878411979056 149.645309448242 108.022865204615 143.328851294513 179.701995849609 160.756953646493 163.076926974938 118.151576503129 76.5268584301923 118.665947990341 95.301526833853 0 171.783960910935 129.088379745905 126.551270051816 133.862110553073 118.856840080075 0 212.932708740234 119.667837900828 115.205314348605 184.909496520231
73.7020423166533 27.9467281192366 56.0793854793422 89.5783733924173 103.891648469829 99.6386868646207 78.9487479715529 90.1724334785786 28.0379212573354 99.4735219277267 96.4945338899438 79.0096079264217 82.6694633696942 87.0226186215289 76.517901233693 33.0563982889656 81.0955509129724 99.4621479423389 97.4791197801324 74.6968578589319 54.2280065716991 0 52.2975151234817 33.2751629107424 63.891067720153 83.5879573028535 41.0064934554361 57.7095722958557 73.0120142602654 60.209508422465 98.0065764039178 104.01115055873 58.3497338186408 53.681688677247 223.02507019043 70.5279905397041 90.1832354896463 68.1765514139057 74.4726677723427 66.3985817795439 111.536505467575 76.1073642455214 84.6888802600371 75.4707922673769 85.0472443061336 82.599935173354 94.6400300725634 135.431847516502 0 98.0690284888323 78.027452568469 79.3530846127225 161.763671456199 0 141.785542363777 113.038643042832 129.630694444476 37.7864893314204 148.066828338204 128.098682533838 95.3861405233067 116.715946989379 134.360116223328 120.562258618852 61.7405418805881 106.263830577874 119.543266296387 109.173966475636 98.6458587646484 79.8459380933915 28.1180229053985 73.7569871097766 76.4994577541333 113.862671359765 118.180208498812 72.230540601458 92.4233335706986 101.033263427312 80.7981776644946 0 0 83.0122907982523 82.4116684192676 142.965903609843
88.894385464879 64.6224393727192 31.8911342399438 126.055941358444 153.739176382595 118.35828233139 85.7305882264751 109.040416074072 91.3492650727249 111.624889314804 84.5519623880405 126.682868596209 127.019977307306 104.83206876264 126.653972880465 22.6399389095718 35.1509348356509 95.6617835010737 69.551268505907 118.122830132642 36.8380722197417 52.2975151234817 0 74.3068408230522 124.182721096317 64.8005284009515 41.3868353527088 57.5267175559594 90.6797273768757 59.691372178338 0 180.839065551758 86.2068869641914 37.4759867434622 186.073747471106 99.2575991563501 79.4931536761463 47.0459843475511 95.8214091570634 119.164905033223 87.3278884887695 127.628623962402 123.644244016699 107.056312811814 120.908475500275 115.882377578769 130.087581755123 160.353726122451 0 140.867459428762 96.1599080038923 108.505406492908 200.081330811935 0 189.466381533432 155.045070364394 167.79699240752 108.713054428182 177.872513879917 161.034747377685 174.156230795758 197.492668602122 170.835330853004 139.606628001965 102.332083321168 129.453908432207 170.294752912152 163.103035557586 173.776971089746 123.531874832272 72.4609810307565 109.712709718864 126.792055120723 114.234050196363 145.40436448457 103.069997706821 143.542314050191 156.15680083772 130.21154705667 0 0 142.131159105437 123.366063311273 188.581246013579
75.3139946941452 74.4218126045349 96.3045896431059 31.0944716163724 87.3714436865979 77.8353550097633 55.8784570885062 85.7994592491632 24.8241358017492 58.2098780514912 134.637857372002 24.2193132976076 42.9267173711226 85.5411246177417 44.7040757331342 43.7985488810796 121.038710182552 141.244897366495 140.692873419432 20.0604965259201 51.4627051683189 33.2751629107424 74.3068408230522 0 108.620546704999 125.082471271098 85.1795749017504 21.4942524394573 82.4970766651204 71.9590809507575 149.594610337083 93.751180954493 70.8363856633784 75.5133553046585 62.7363852457308 74.5754304009317 93.7107292901761 84.0520238371838 68.4229341481646 42.5551759437304 37.8898651935532 43.6639878938514 109.1033360702 159.843593313168 128.735664093947 124.208840544175 88.7535025454925 134.332417261565 0 116.625449465389 125.358162342294 139.305558887178 111.691006527221 145.651996868457 117.380757132924 108.669911273467 128.187913459027 54.6896324609294 121.327678992387 172.248538326324 103.892411778776 159.634907057349 124.726095263047 91.0556861670149 114.786894149856 155.66806756579 207.511799186703 170.538096743519 108.431260144591 115.46785493787 75.8759634767638 125.642576474377 77.7923551038492 152.024475097656 183.702240751073 138.919388437881 104.591018967214 131.479083190032 114.003732936019 0 158.970544102051 114.56859166583 124.386692624727 186.053911500379
128.150573730469 23.8788125777334 87.7653635486862 0 0 102.608282166371 127.698902822776 123.739140692055 101.895540294462 147.913594652567 28.8293526350736 169.704823122084 15.8462209970838 115.111873229981 134.766551941184 100.904997546103 64.1887859149781 42.7058208637995 42.3792151929436 158.752502441406 117.235977481446 63.891067720153 124.182721096317 108.620546704999 0 40.653196958594 22.8048349669895 141.167091263091 113.077105865821 126.231904750981 42.5693714921333 0 0 38.2582593688544 0 79.651539080884 20.3945561390496 31.9413660151587 56.3765171475885 119.229077733451 17.3472900390625 15.866592185433 121.767536955362 33.1683994992346 86.0365863472334 97.3739309702174 136.588897705078 0 34.7450534219977 0 30.8985725465785 84.521493397674 0 0 181.791641235352 220.672650684857 0 97.8623772763635 240.123336791992 62.7580409161876 0 50.9743885433864 177.764251708984 0 154.452279596083 78.5302276611328 73.3938394471378 66.6855452249797 0 175.161422729492 53.2620987651107 170.888159630411 130.76291978508 25.9745271838934 71.4690785348335 69.4219126262913 171.91157826719 0 0 73.5822419110413 0 0 146.779754018355 0
114.78917396572 50.2660291657837 32.8869520556032 145.939621674139 178.055130004883 141.159929534547 119.64274136785 131.99627113097 121.566956497899 141.774983506048 33.4545303153427 160.047384077498 21.3761801238332 128.591034170088 148.752905162218 92.9376872491517 30.7281013335604 27.5789221241837 26.7906865565272 146.882245478199 92.7792120588347 83.5879573028535 64.8005284009515 125.082471271098 40.653196958594 0 26.3656253813403 125.23964559787 115.173007326776 104.328437969359 21.0184121363095 119.75121625965 108.836068199373 53.0136396330398 140.607408345541 78.0558447278644 49.7826403162003 54.6707637305834 61.0849550881952 132.092375599989 0 63.896780869291 127.913635836121 87.4243585989532 115.952884304678 120.556263656877 170.523024557037 134.056448998411 86.0056682134359 188.830902099609 61.076438969594 102.924564724412 179.961517333984 0 191.913909912109 188.235767987318 191.334135938824 132.576163434565 0 94.3408486680484 184.178787231445 86.0900165743778 205.432290871915 0 133.035073145959 111.108525685156 101.486709262441 100.728673366464 0 169.300393470683 108.703169005437 140.249323705719 182.846865852543 64.1118439181573 94.3121661219605 92.3802513320835 184.809790973174 163.735961263799 168.452543990548 105.333135713271 0 0 112.131563210625 149.877123876315
122.024698765387 31.8884431125934 32.3505199585382 130.986021144166 148.099603137152 139.527985202267 104.302357788899 136.176682103981 99.2390058827426 130.492847525605 52.5533055595034 129.611595180727 25.3288786375212 132.748366805785 128.84853334277 27.9514458849463 63.3406891610446 58.1158314604453 60.5838083254522 134.345272608569 72.437242455877 41.0064934554361 41.3868353527088 85.1795749017504 22.8048349669895 26.3656253813403 0 83.2725225705222 118.462576847547 97.6435210737373 23.2101109192154 135.380383397892 107.35931245241 61.6165073701936 158.783989426052 82.2525135272467 53.3228053117963 57.8185890198682 64.7472152098991 115.53554705872 0 64.7614912415277 118.194324194325 91.4879579595019 105.719729023444 111.226814075278 132.145329112462 152.045143256971 84.1762919181444 163.395799795514 55.2022812379505 89.0204272166102 152.281264544153 0 184.101522817252 159.647119627383 193.586912968441 120.969074200402 184.100778804776 104.054642583596 165.687608839175 88.5132823764449 179.385089901192 173.513224532023 103.640758398173 104.293752772531 104.050645466751 102.375720924328 193.172745556692 130.960922721147 63.8577750498609 103.542241973522 139.892544974208 67.228550069494 92.7761920965278 86.3559006578866 150.534970454541 163.817824793849 140.803168087903 106.123130636201 0 139.873772413513 113.302384622697 173.487285559955
77.6472966234119 99.6645682771508 86.0852282340518 24.2402176062865 112.748737775361 83.7901956082137 40.4740167268051 92.0247972019363 54.4693688143018 32.7608754619947 137.965873256853 56.4119168224935 141.598648158938 91.0303126282415 82.9808337740139 35.7279419513413 113.005853462107 159.401973785169 130.782251380183 31.06578177552 30.6607984936228 57.7095722958557 57.5267175559594 21.4942524394573 141.167091263091 125.23964559787 83.2725225705222 0 87.9217377184204 44.7381881317139 165.020935058594 126.872099154868 74.9359659557132 72.7808346031386 144.830343824527 81.7457397385858 109.194542644374 89.9587556265117 83.1017287504832 77.8495425318527 102.515663005976 141.164181453737 126.477846161092 161.42082755777 138.663546703876 134.09024056123 122.091378706852 149.552035321529 0 122.509610823515 150.782828420292 149.202855956264 76.638034448086 0 139.590729809152 121.212869264793 144.609685689405 78.4107579923213 149.707555227281 186.209321327865 134.263775657773 211.731162635782 143.636230039996 129.816643342378 117.471389789726 170.863927475109 211.312240600586 180.733615983345 144.806591756007 123.588009221855 89.7070189532683 136.770570638376 101.38793498897 171.009246412611 183.172156165902 147.984299768135 118.775967001682 138.995701360007 121.857772547891 0 168.286061104774 136.551061461162 133.367810140971 192.629641398447
20.4646640233265 121.539567542972 114.101792902459 105.265344889097 30.1285746578002 62.4675966930721 61.047896188927 36.2658674759437 78.0772217783028 94.6483871973992 65.4389157768299 100.083063504915 50.7705648543814 34.6041281926601 75.30634852888 89.1097455039588 96.2299909177453 126.88896302704 114.111501141007 98.915312080546 75.9470968686187 73.0120142602654 90.6797273768757 82.4970766651204 113.077105865821 115.173007326776 118.462576847547 87.9217377184204 0 34.9717512441924 98.7355575561523 11.119486910872 20.5147778241479 34.5466416895564 98.1343904103624 61.9028940995058 79.3165170945822 45.5012207819373 46.4071151375596 44.2252817739984 24.8530371756107 58.8502517770928 149.237442976042 107.689147949219 151.461470396714 156.567839204415 152.821170626277 185.961341087921 0 152.095589538111 0 162.281452935734 178.345505448066 0 165.160701316124 145.848503721289 167.119298538438 99.3301190885859 173.803208719728 190.572664167922 168.915700872595 0 159.179013923338 151.425598657398 131.091360736599 207.733145166675 0 0 185.685848901699 132.622852141068 108.296418824504 151.265502762047 132.543297235894 0 186.299618916892 166.230734698562 142.110052763157 153.438465980628 137.979090219001 0 0 157.899984318959 158.478447770003 193.984855460399
41.0536720710248 98.0002574613322 80.8010089666343 109.575528984898 95.9151825494984 90.0971901826818 27.9921975388148 76.6069881557085 63.378811241863 86.9246793220411 101.523200156827 108.205467495087 122.066896632463 69.4750889121916 88.6764222912923 74.1086495475363 76.1367806645395 128.249802307223 96.84726556578 111.734981204092 28.9322421947489 60.209508422465 59.691372178338 71.9590809507575 126.231904750981 104.328437969359 97.6435210737373 44.7381881317139 34.9717512441924 0 0 114.844231074693 48.2405509539587 36.9972533678739 123.463137128447 63.0262663960158 79.5756079509232 61.4060357693035 61.6167180165816 77.9450902681717 90.7564879222822 142.75404268492 138.248419744867 142.996696766021 132.027786083046 124.783879320335 138.897329038599 142.920044965355 188.832504272461 130.670223463668 141.485259924883 146.266639382068 160.282083502682 0 167.872647765889 130.386921085885 152.978442661125 85.5798567242792 162.349836039937 136.127530011157 201.606079101562 218.085418701172 150.961095795402 125.674125671387 116.034919629235 147.455659947987 0 185.319447813607 192.057142707546 124.714422383557 92.1951187877791 131.361708451771 115.45859878453 192.724014282227 175.046785029654 148.648315783994 126.173236084848 141.459236841853 122.887089491839 0 223.390411376953 133.951185475843 120.35096953711 235.359741210938
0 62.9297046264249 82.7754696537299 0 0 0 163.568710327148 0 135.434133559634 187.499664306641 32.921646873607 201.854598999023 9.36617820563552 208.191711425781 0 154.667297363281 90.2202902163124 50.4055599089491 64.7258019751098 0 166.795684814453 98.0065764039178 0 149.594610337083 42.5693714921333 21.0184121363095 23.2101109192154 165.020935058594 98.7355575561523 0 0 0 0 68.4873908444513 0 96.5112661018508 56.1377766378507 62.9671796036331 75.3019379289804 127.794402976692 0 57.036440681727 156.40592915448 71.7072358438422 130.832015991211 0 0 0 0 0 67.6915051990382 156.234527587891 0 0 0 0 0 160.8929192157 0 102.707021279813 0 84.7999763522515 0 0 0 0 103.280242000715 0 0 0 131.492645263672 182.580474853516 0 66.0037003737687 105.608247123539 105.854508907569 219.062018723637 0 211.912948608398 104.909861774623 0 0 154.288208007812 0
75.1998353015403 0 167.273834228516 132.945804882169 9.95999111817665 15.1082696248679 122.836258135175 17.7721221683582 95.7452228845959 116.56663405557 51.7770662987359 99.5893321078536 45.3880272779167 18.4312677299444 38.0074372700539 0 125.561105054358 98.8307096269714 146.947448730469 120.625649063192 141.579787655242 104.01115055873 180.839065551758 93.751180954493 0 119.75121625965 135.380383397892 126.872099154868 11.119486910872 114.844231074693 0 0 52.8489227294922 17.7204486697388 0 71.5483272916992 66.2193924828232 33.3620217163856 40.0388375570512 33.3565883489124 15.9154141710088 59.7641132802113 0 0 0 0 0 0 0 0 0 0 0 0 0 0 0 0 0 0 0 0 0 0 0 0 0 0 0 168.198394775391 176.498168945312 201.700225830078 192.620300292969 0 0 0 0 0 175.1924568102 0 0 0 0 0
39.0845106777494 96.7094899732332 97.697565103963 94.4504625257178 0 89.0909384200493 76.81255779371 76.3970634693581 65.90896754214 87.6132110950286 103.120243801491 89.2530750191556 143.039840698242 57.6915639363 97.5224884163079 72.8967573330304 93.6115697900454 0 113.187615803073 86.0998861719795 68.580604770723 58.3497338186408 86.2068869641914 70.8363856633784 0 108.836068199373 107.35931245241 74.9359659557132 20.5147778241479 48.2405509539587 0 52.8489227294922 0 23.6560958053376 90.3573846954955 37.3300590995859 63.3338016446396 33.0739606884457 27.1755224772503 74.0634219674139 0 88.0697917947965 125.148403976724 0 146.407044067287 0 119.033118393227 154.98454284668 162.891082763672 0 0 132.853085016047 0 0 136.685775756836 146.339642241143 158.042551794168 86.3672099038775 167.756950147263 0 0 0 149.862902156258 0 101.824361767046 0 0 0 144.75037585767 121.618236361247 77.1264928742771 138.016976473407 121.681615903853 0 0 148.202750670114 131.823337650653 131.748712295011 118.809410718881 219.672180175781 167.757110595703 170.750823974609 0 172.276503169188
