0 12.7019518017769 193.141422867775 43.4302942752838 8.45895820856094 131.707848787308 3507.63542217016 1320.83851702511 143.116381466389 161.109498053789 81.4512594044209 53.5843344926834 6.00071996450424 17228.4116525054 4.44970750808716 24.8531138002872 111.471732109785 1.37100374698639 30.6194498836994 36.9430113434792 340.872140496969 60.3097305595875 641.180599719286 247.073295474052 2.67907103896141 72.6094707250595 118.764331549406 544.614396631718 8937.71368291974 3374.44140350819 0 53.1577764153481 776.837021023035 573.794879972935 28.5308615863323 572.707174807787 13.6333847045898 415.901536345482 62.3145886063576 112.140816360712 92.5762728750706 3.5156344473362 18.5661213696003 0 10.4199848473072 4.44425070285797 0.444260329008102 0 0 3.35065302252769 0 4.02137178182602 2.34385800361633 0 1.43556475639343 13.2695857286453 7.14699760079384 13.8142905831337 3.66036778688431 0 1.27878499031067 0.593548893928528 8.03691160678864 0 9.08714327216148 3.30087041854858 0.390876978635788 0 0 8.77942243218422 7.7005170583725 17.4450837373734 64.1684435606003 0 5.81104934215546 11.6590688824654 72.2962235808372 7.88805767893791 20.0862886309624 0 0 0.696202039718628 5.10308623313904 5.3983039855957
12.7019518017769 0 861.910060673952 1.77616575360298 5.95644664764404 10.5310618281364 56.9829606413841 19.8298942744732 826.804821491241 8.66048938035965 488.402673333883 8.36857986450195 1200.12183174491 23.1565992832184 47.0883212983608 188.581944406033 554.094376116991 70.1832522451878 170.461460649967 0.45131516456604 132.703049361706 3660.05249205232 623.350817680359 909.795491099358 3907.20917791128 1273.75105342269 7973.38350716233 167.331588089466 30.9527396261692 93.195155441761 38.415784984827 0 11.9891308546066 215.404335856438 11.2250664830208 437.188293755054 167.970302760601 627.349933445454 247.922628551722 124.013940125704 0 199.743504852057 38.3816069364548 33.1759213209152 70.9833411574364 9.01462113857269 2.82290479540825 0 1.01539134979248 0 110.378006219864 79.0375553965569 0 0 2.56827890872955 11.7009617388248 2.10769678652287 8.38309818506241 2.41098436713219 9.58676117658615 0 23.4506815075874 0.465099275112152 0.874346494674683 6.42420881986618 59.4790423512459 15.2938241660595 48.6606019735336 0.953607320785522 7.40386298298836 9.79351031780243 43.8716241419315 15.4356161653996 23.4466409683228 154.801233589649 276.022874981165 7.38644260168076 1.17120778560638 6.42953199148178 3.92389479279518 0 0 26.7588643729687 6.74820405244827
193.141422867775 861.910060673952 0 9.92964473366737 0 128.673193097115 1282.60942554474 360.903880000114 84.18884947896 56.9184714257717 173.111636757851 6.46494203805923 63.6612608134747 438.560256123543 5.10014909505844 163.170610487461 3451.10116001964 72.9947330355644 405.00388866663 1.54714047908783 2627.49288135767 539.367289990187 21563.0212326944 189.585073530674 134.476321607828 13093.667242676 13695.0907308459 1424.33366301656 278.287503778934 1684.71365001798 14.8236907124519 0.477128565311432 46.184794396162 686.613315552473 59.665399312973 2129.24551707506 379.791175156832 1862.48679888248 866.611377328634 62.8322941362858 11.1263779103756 2.05253541469574 205.095446646214 106.608903050423 284.715692043304 80.9747078418732 7.41520866751671 1.82375115156174 0 2.55548322200775 144.786228358746 536.393096059561 0 0 0.326825559139252 37.5476893186569 10.3935877084732 5.66756016016006 2.99729380011559 17.4240942299366 2.21719717979431 8.63107353448868 6.99428224563599 1.77969813346863 86.9480741024017 194.160136759281 8.42327475547791 67.1846748590469 0 73.9530957341194 86.0612654387951 532.111899554729 27.315162062645 15.5536979436874 225.825555950403 1339.21822157502 61.457927852869 9.55228647589684 70.3863134980202 2.74468338489532 0 2.68643444776535 89.0320374369621 49.358123511076
43.4302942752838 1.77616575360298 9.92964473366737 0 4.65653228759766 293.723270654678 738.136465549469 205.048451542854 548.077847182751 13692.2224423587 9.43574553728104 2380.53279700875 0 121.496238023043 72.4144687354565 8.86484155058861 1.91093575954437 0 0.845052003860474 26881.7249490619 13.5267843902111 21.2926989197731 21.8162242174149 3741.64146068692 0 1.87094390392303 15.3407668173313 17084.0387563407 157.09982073307 24.8773619830608 0 4.47372424602509 12.785815179348 58.8034972250462 139.129146933556 253.393808841705 0.588392555713654 125.926013916731 23.5912306308746 149.678270220757 22.6579864919186 1.56913104653358 16.8631668686867 0 4.87363857030869 3.25728726387024 69.9522697329521 1.65214240550995 0 3.9009622335434 1.045853972435 0 128.630525946617 0 24.2730212211609 146.261939644814 26.4158826470375 79.4913945794106 87.0338482260704 0 20.1840488314629 0.432234346866608 11.7478723526001 9.46016520261765 2.31980663537979 0 0 0 47.2001722455025 6.03953549265862 5.5971594452858 4.32796883583069 182.437249034643 0 0.756390810012817 1.71440446376801 360.874056577682 6.77711948752403 7.51664051413536 0 0 0 0.954704850912094 6.27810400724411
8.45895820856094 5.95644664764404 0 4.65653228759766 0 3112.15834665298 17.3896024525166 330.517790138721 96.6427891254425 22.6493180990219 11.8922019600868 82.2935754656792 0 139.626462638378 3288.41301465034 0.564348459243774 0 0 0 8.06666320562363 0.380126982927322 8.28500008583069 1.70776653289795 42.5204983949661 3.50006192922592 0 7.9011621773243 24.8564890623093 239.552823722363 9.65819445252419 0 2516.55296754837 1.80196797847748 945.84139752388 2.19340878725052 39.0749722123146 0 98.9499682784081 2.86349475383759 5033.86345523596 1582.15657734871 0 0.814647078514099 0 0 0 0.860033094882965 0 0 0 0 0 0 0 0.784454703330994 0.684002041816711 0 0 1.31521981954575 0 0 0 0 0 0 0 0 0 0 0.756994009017944 0 0.738353312015533 2.09386691451073 2.05354952812195 0 0 3.52923107147217 0 0 0 0 0 0 0.664672911167145
131.707848787308 10.5310618281364 128.673193097115 293.723270654678 3112.15834665298 0 6037.2990077734 33418.5033914447 360.604193598032 19484.0050427616 82.0133246183395 5802.41137087345 8.00420343875885 1793.33430173993 3814.94529339671 38.6680233180523 19.672323346138 1.99916118383408 5.94712769985199 731.884276181459 172.728365838528 51.3523185551167 294.933172374964 551.009968757629 0.469994753599167 26.1224798858166 114.300312280655 1737.1690621078 1110.12660166621 236.476273030043 0 5528.94593459368 28.6898689568043 1199.12664991617 2423.6407494843 318.870674699545 7.86512529850006 338.212142556906 27.0524858236313 5727.07018584013 2448.4783501327 9.50336903333664 10.3817054629326 0.359974771738052 7.12876012921333 4.12492194771767 25.6911118328571 0.822839885950089 0 7.3855504989624 0.895323246717453 2.98470231890678 22.4242777526379 0 15.9418112933636 107.532344892621 20.7811147719622 43.0335229635239 52.4087131619453 0.402174413204193 8.74383825063705 0.520279407501221 16.4946885704994 6.04275241494179 4.39762941002846 0.66633152961731 0 0.375245481729507 13.0282785594463 10.4975351393223 5.94541016221046 10.626551091671 145.865251109004 0.964284121990204 2.68023008108139 9.32670143246651 158.875671386719 12.5581939816475 20.4804179370403 0 0 1.69863066077232 6.18078821897507 3.819355905056
3507.63542217016 56.9829606413841 1282.60942554474 738.136465549469 17.3896024525166 6037.2990077734 0 6527.93543687463 1637.26289081573 15790.2343018055 55.8170696794987 968.928848981857 14.2071656286716 9834.27247402072 182.469980448484 347.041574507952 188.467424437404 4.76028361916542 33.7340903580189 1323.8413118422 2432.42573088408 306.840732783079 3531.40484723449 5067.15521223843 5.14423191547394 277.484839141369 1000.08502328396 26605.595154196 3035.44988557696 15939.0387438834 0.784974157810211 63.1289257705212 383.678905725479 900.44613045454 531.898154228926 2449.79018324614 30.5124050080776 1130.0505695641 305.655936211348 439.685144513845 197.498841315508 11.8811114430428 149.542779564857 10.9224979281425 111.608266741037 55.063979446888 45.8669351041317 12.1207063794136 0 39.8348165154457 4.77960103750229 19.6498445868492 70.8765325546265 0.848352789878845 56.0235736072063 551.369185864925 133.033016130328 227.956752479076 189.483632564545 4.77198529243469 32.0371616780758 2.94078135490417 113.308205991983 10.835164219141 64.6084213554859 5.24612262845039 0 3.31422120332718 34.8893768489361 67.4342837631702 35.255697697401 146.093850821257 900.571897655725 0 13.1934959292412 76.5891994833946 1060.78180733323 144.677678078413 168.913089245558 0 3.58039125800133 21.2302909493446 69.9634380340576 55.3084859848022
1320.83851702511 19.8298942744732 360.903880000114 205.048451542854 330.517790138721 33418.5033914447 6527.93543687463 0 432.977923870087 3569.18347987533 227.725601375103 1873.20958772302 27.4936903119087 15371.0044941604 921.76639983058 57.1329093873501 144.28691226244 6.36086329817772 29.7624785900116 382.939490824938 575.474454045296 82.9837918877602 1072.96593987942 730.34163582325 6.74843510985374 128.96348720789 205.985433265567 1637.3065725863 3575.07293081284 1949.56399041414 1.7869970202446 2669.85533753037 60.7500435709953 1538.87642380595 339.513272672892 718.595298498869 24.9002607762814 811.506049305201 48.7414112985134 2420.1702029705 1591.23889279366 14.0788213014603 33.9243838489056 2.81005614995956 33.6546570956707 11.8329913914204 10.4665193557739 1.43747746944427 0 12.5066877901554 2.24706655740738 7.22982496023178 13.713662981987 0 8.88203766942024 124.93418481946 24.545668721199 66.0306246578693 33.4721425771713 1.12871661782265 5.31774321198463 1.78355139493942 28.0751662552357 4.78802892565727 15.8897315561771 3.52333918213844 0.462788671255112 1.37903141975403 4.63762325048447 22.3940686285496 11.4394071996212 31.5300697088242 240.827389955521 0 1.54954668879509 23.8551458716393 264.217696294188 38.9043877720833 56.5369844138622 0 0 3.11194482445717 14.3543589711189 17.4300633072853
143.116381466389 826.804821491241 84.18884947896 548.077847182751 96.6427891254425 360.604193598032 1637.26289081573 432.977923870087 0 422.204618304968 67.4906742870808 946.654896616936 132.17156997323 408.492826670408 1378.14789748192 141.011059820652 40.1784474551678 9.23012402653694 21.5995230078697 269.295939087868 247.991863250732 4246.94664397836 224.104879915714 10916.695130825 291.681217879057 121.406076014042 814.159195929766 3863.76792424917 672.648237019777 1104.46088317037 4.77632167935371 8.83690270781517 222.50907176733 180.545482099056 55.3023351430893 881.621742784977 19.0165123939514 242.76412987709 69.7963813841343 1892.98608422279 27.8585169613361 8.37329119443893 70.0081171989441 0.436947613954544 29.4640960395336 14.8632084727287 112.408936500549 9.71538066864014 0 17.5717961490154 18.5361828804016 8.77787148952484 51.0057118535042 2.20619344711304 21.3027982711792 225.48377007246 60.7207634449005 392.755384385586 104.241711229086 1.11358201503754 17.8393415808678 1.62870362401009 39.7846046388149 23.6658240556717 35.8037393689156 5.60023361444473 1.50506317615509 3.34955763816833 37.3196198940277 23.3222149014473 45.1870759427547 42.9349703192711 556.685044527054 1.17703628540039 5.46454647183418 23.7649589180946 480.172634750605 63.295309305191 82.5762954950333 0 0.667821764945984 11.0889532268047 27.5076794922352 18.8114584982395
161.109498053789 8.66048938035965 56.9184714257717 13692.2224423587 22.6493180990219 19484.0050427616 15790.2343018055 3569.18347987533 422.204618304968 0 37.6869441568851 15769.8038671613 6.8325731754303 1319.1685334146 291.563720166683 28.3731870055199 10.4848891496658 3.53287708759308 2.20283657312393 26145.2620487511 115.044225901365 35.708339214325 150.683952987194 942.749312758446 0.956269085407257 11.1205888986588 65.4466841816902 13790.9258189499 707.333434700966 97.2569288313389 0 61.9322231113911 39.7901199758053 301.334417313337 3527.80423909426 864.74582311511 3.33963206410408 424.402383297682 75.3864421844482 518.034393697977 137.790455073118 6.01860147714615 18.1720058917999 2.39049351215363 9.70652049779892 6.80189156532288 61.508666664362 3.01341491937637 0 6.71201598644257 0.655808985233307 1.65689617395401 74.2977787852287 1.09027206897736 33.5052008032799 203.705390423536 48.4080149233341 99.7539566457272 111.005317121744 0.475046843290329 102.103911459446 0 18.5831324756145 15.8039619922638 4.34983822703362 0.542764842510223 0 0 44.1090261042118 2.62557348608971 6.35664874315262 6.97319868206978 289.751826375723 0 2.19660103321075 13.8322502076626 256.247454762459 13.7083941996098 12.7545976638794 0 0.915154159069061 2.3249437212944 8.65281713008881 23.7159505188465
81.4512594044209 488.402673333883 173.111636757851 9.43574553728104 11.8922019600868 82.0133246183395 55.8170696794987 227.725601375103 67.4906742870808 37.6869441568851 0 32.7192624807358 11371.4799390435 349.855296492577 3.99238020181656 10.0566384196281 1401.84785014391 9879.53342506289 7844.03003999591 8.3445588350296 78.9096813201904 148.806268334389 358.44950312376 42.2539068758488 3215.5518129468 10171.7455603778 2970.21853789687 46.164833843708 357.824442595243 97.4852540493011 1123.32682606578 93.8069327175617 5.59704142808914 11192.3814640045 21.169693171978 654.087754368782 6081.22927343845 13938.6264307201 707.720894962549 82.2395865917206 122.591058522463 2833.65974938869 4.97612565755844 175.56533446908 37.3299439847469 1.78423225879669 0 0 35.2640499472618 0 22.0244345963001 4.7002769112587 0 0 0.757711827754974 1.65244424343109 0 0.806810319423676 0 429.780946880579 0 572.681063830853 0.91622519493103 0 1.39019501209259 9.84893962740898 53.4088466465473 36.1743805408478 0.450546860694885 1.86187273263931 3.45732009410858 11.4287459552288 3.82893872261047 96.188842266798 221.078075736761 157.730639517307 1.63726830482483 1.87304520606995 4.1300984621048 53.7170541584492 2.30463242530823 0 21.4346271753311 7.87242257595062
53.5843344926834 8.36857986450195 6.46494203805923 2380.53279700875 82.2935754656792 5802.41137087345 968.928848981857 1873.20958772302 946.654896616936 15769.8038671613 32.7192624807358 0 1.64301937818527 484.624605387449 3154.75444322824 2.68178009986877 1.36843657493591 0 1.67882454395294 22610.4414215386 8.92758321762085 43.3317379057407 7.69256046414375 649.026969045401 1.06013360619545 6.20350962877274 19.288267403841 1359.48748955131 319.152253985405 13.2837911248207 0 47.9264960289001 5.26279732584953 232.791394531727 3872.11298137903 318.766186058521 1.91061407327652 208.639280080795 14.2168567180634 2365.16204556823 116.461536437273 0 30.702149271965 0 2.77136754989624 0.884972810745239 72.9516284167767 0 0 0 1.08913153409958 0 349.526899278164 0 16.6996198892593 39.3221596181393 11.8913187384605 38.8039337396622 128.086528867483 0.405416697263718 195.820748507977 0 3.18263387680054 13.8020167946815 0 0 0 0 150.76872241497 2.14281186461449 1.6663818359375 0.735887944698334 93.7682673931122 0 0 0 135.836148351431 3.44219848513603 1.39731523394585 0 0 0 0.870980203151703 4.17532515525818
6.00071996450424 1200.12183174491 63.6612608134747 0 0 8.00420343875885 14.2071656286716 27.4936903119087 132.17156997323 6.8325731754303 11371.4799390435 1.64301937818527 0 48.6172194778919 0.623014152050018 14.3943108022213 130.470242798328 637.418654114008 375.038714677095 0.518180906772614 14.7853186130524 334.772184401751 65.4988288879395 93.4080250263214 9778.70451173186 5893.24883618951 8043.7812449038 15.6660313010216 40.7595763206482 13.6862683296204 5306.71556004882 11.8920112252235 1.72491592168808 1375.59266340733 34.2196748554707 608.54441344738 2040.50029087067 2583.48783275485 583.908680617809 22.683840483427 195.342577219009 3920.77841120958 9.64798071980476 237.346166402102 67.9763731956482 9.07132756710052 0 0.390930503606796 29.452712893486 0 24.1928168237209 8.21634611487389 0 0 0 0.627328753471375 0 1.31330716609955 0 514.394896745682 0 775.954508811235 1.69196462631226 0.341177344322205 0.855928957462311 7.72487685084343 62.8392261862755 45.4396435618401 1.45791029930115 4.3544702231884 2.67743307352066 6.22534674406052 1.32266014814377 110.682965785265 330.269502550364 211.496527075768 1.11330845952034 0 0 62.6485947072506 0 0 17.9394001364708 19.944455653429
17228.4116525054 23.1565992832184 438.560256123543 121.496238023043 139.626462638378 1793.33430173993 9834.27247402072 15371.0044941604 408.492826670408 1319.1685334146 349.855296492577 484.624605387449 48.6172194778919 0 110.164782702923 57.6279951035976 201.068084597588 7.13954496383667 40.7656990885735 211.869365036488 688.70490282774 109.685527324677 1274.02859437466 623.144905805588 9.41106155514717 166.384790658951 276.695925474167 1485.43051478267 13829.4532100558 3053.60632055998 0 2504.2280434072 140.047799438238 2479.01067614555 100.972551852465 1344.6413808465 39.0719236433506 1539.03488776088 120.129797369242 844.859519034624 859.728730618954 19.9498925209045 39.4524635672569 3.08522039651871 28.1787543594837 10.0234724581242 10.1865573525429 2.80910548567772 0 10.7872493267059 6.59792014956474 9.19278115034103 7.24122181534767 0 10.1685771644115 100.027985751629 21.3644802570343 59.2810108959675 25.4440560042858 0.458736002445221 1.32544150948524 0.483204483985901 28.2296641021967 1.00599694252014 12.5142968893051 0.369225949048996 0 0 4.64202165603638 21.0178052484989 13.2481199502945 37.2734091877937 185.980216354132 0 5.38452959060669 21.8627079725266 201.55462449789 39.3210770785809 48.6826853454113 0 1.39906150102615 9.4142701625824 15.194144308567 22.6418554782867
4.44970750808716 47.0883212983608 5.10014909505844 72.4144687354565 3288.41301465034 3814.94529339671 182.469980448484 921.76639983058 1378.14789748192 291.563720166683 3.99238020181656 3154.75444322824 0.623014152050018 110.164782702923 0 2.00348681211472 3.56798446178436 0 1.28061082959175 105.37814989686 5.98957341909409 145.483004182577 11.6953916549683 739.970585495234 13.1222903430462 4.5791580080986 46.2485338449478 220.716075599194 76.8025417029858 14.1073358356953 0.436177521944046 74.4846235215664 4.66879492998123 36.2240790128708 53.9446504712105 146.246290057898 0 21.7782917618752 7.5020005106926 11345.0138820708 74.2416223883629 0 17.6685710847378 0 0 2.23289585113525 58.805486291647 0.441009104251862 0 1.15539789199829 1.72519373893738 0 9.18593645095825 0 8.18379145860672 26.1611362099648 5.28719913959503 22.9401412010193 18.0014527440071 0 10.8263660669327 0.744900763034821 0 13.3597247600555 0 0 0 0 5.17918050289154 0.890603363513947 1.05886748433113 2.35972192883492 42.0568307638168 0 1.46241128444672 1.46370983123779 33.7833001613617 0 1.34237053990364 0 0 0 1.68931171298027 0
24.8531138002872 188.581944406033 163.170610487461 8.86484155058861 0.564348459243774 38.6680233180523 347.041574507952 57.1329093873501 141.011059820652 28.3731870055199 10.0566384196281 2.68178009986877 14.3943108022213 57.6279951035976 2.00348681211472 0 78.9265241622925 3.51546201109886 15.3615670204163 5.56821027398109 9089.99646860361 3763.54416033626 22766.7052729428 2420.29081058502 35.1792849898338 78.925878494978 8308.48418605328 2885.81806799769 153.370358467102 497.049157261848 3.10096871852875 1.58135604858398 57.7765417397022 309.850983917713 18.5990035533905 343.118076533079 21.7054883539677 275.912972956896 79.0652012526989 9.02180153131485 1.97710388898849 0 153.386239945889 44.9204344153404 88.2284779548645 57.769612967968 8.43731021881104 3.88384068012238 0 5.48992305994034 6.99276405572891 22.2123110294342 0.489354163408279 0 1.30449873209 33.3514119982719 5.78436404466629 19.5856801271439 0.511844515800476 1.76855754852295 0 0 5.20865282416344 2.721151471138 344.19709482789 18.3428261578083 2.37279587984085 3.78707545995712 0 116.422035694122 172.043529510498 681.069781005383 70.8094309866428 0 14.5780623555183 181.298879057169 127.629202097654 16.0509687066078 70.9196936786175 0 0 2.44291460514069 57.5862313508987 9.57191696763039
111.471732109785 554.094376116991 3451.10116001964 1.91093575954437 0 19.672323346138 188.467424437404 144.28691226244 40.1784474551678 10.4848891496658 1401.84785014391 1.36843657493591 130.470242798328 201.068084597588 3.56798446178436 78.9265241622925 0 629.235733926296 11267.4101325274 0 1300.06936839223 179.457833886147 13000.7297564745 71.5931666791439 268.018216371536 8957.37608978152 5086.77847924829 200.465392410755 325.094441145658 1269.55564907193 37.5406022071838 1.04125159978867 51.2809436321259 2126.3355884552 15.3808181881905 796.180948317051 260.150373309851 2208.26716318727 382.157364606857 19.5358918011189 4.20503082871437 1.32754451036453 42.5312672257423 35.9898592233658 89.1032794713974 7.93071246147156 3.93552964925766 0 1.03824210166931 0 68.0652950406075 91.8493048548698 0 0 0 6.7429783642292 2.11722606420517 1.00865685939789 1.21245694160461 26.6656588017941 0 18.6826888024807 3.38821047544479 0 5.46865695714951 95.2378007173538 16.1738104224205 82.7777808308601 0 13.6593807637691 13.0381906926632 70.6788167655468 5.44831538200378 32.7012841701508 257.38458058238 382.308015823364 15.2587785124779 0.904591530561447 7.81333655118942 7.87509447336197 0 0.754866540431976 44.6823704242706 13.3363822996616
1.37100374698639 70.1832522451878 72.9947330355644 0 0 1.99916118383408 4.76028361916542 6.36086329817772 9.23012402653694 3.53287708759308 9879.53342506289 0 637.418654114008 7.13954496383667 0 3.51546201109886 629.235733926296 0 6943.81927216053 0 18.2957884967327 31.0703254342079 124.034943670034 8.88080334663391 519.861002743244 6220.03328558803 885.225494384766 2.99102428555489 14.063145250082 17.2558977603912 159.892582386732 2.21751540899277 0 347.330550342798 3.26279753446579 146.469835460186 358.465517818928 748.343565106392 123.899135649204 0.514615535736084 0 11.7964581251144 1.86323946714401 20.0607089996338 10.4285618662834 0 0 0 2.42520642280579 0 8.45335966348648 2.39019405841827 0 0 0 0 0 1.56025445461273 0 60.8649071156979 0 183.572470128536 1.18476545810699 0 0 3.56466895341873 46.0223687589169 31.0169085264206 0 0.420744836330414 2.76569491624832 2.70825618505478 0.528027534484863 31.932441174984 143.043843924999 85.7526929676533 0 0 0 20.8622691333294 0 0 6.73848360776901 2.6245704293251
30.6194498836994 170.461460649967 405.00388866663 0.845052003860474 0 5.94712769985199 33.7340903580189 29.7624785900116 21.5995230078697 2.20283657312393 7844.03003999591 1.67882454395294 375.038714677095 40.7656990885735 1.28061082959175 15.3615670204163 11267.4101325274 6943.81927216053 0 0 201.701380491257 60.7648288607597 1098.246627599 17.1589442193508 760.696241647005 9605.40541538596 2407.90712362528 26.0021433830261 68.7252862453461 204.59625005722 77.2645807266235 0.893343925476074 7.84350514411926 1541.72901937366 7.14271089434624 520.086815685034 533.807226479053 2069.78190177679 363.387659162283 7.80574107170105 1.22259521484375 6.62490206956863 24.1806825995445 25.0879258513451 52.1892697513103 8.92009031772614 2.28663384914398 0 1.71368896961212 0 23.1734397411346 12.5008155703545 0 0 0 1.80889442563057 0 0 0.48701000213623 62.4560559689999 0 97.5823065936565 1.01501253247261 0 1.96988207101822 20.4330243468285 49.9337893426418 82.9736044108868 0 4.749416410923 4.15316152572632 23.3623350560665 0 68.3023107051849 285.089681565762 229.971418321133 3.53531855344772 0 2.79219871759415 24.6485285162926 0 0 32.7291197776794 8.11297017335892
36.9430113434792 0.45131516456604 1.54714047908783 26881.7249490619 8.06666320562363 731.884276181459 1323.8413118422 382.939490824938 269.295939087868 26145.2620487511 8.3445588350296 22610.4414215386 0.518180906772614 211.869365036488 105.37814989686 5.56821027398109 0 0 0 0 6.15749868750572 10.7367620766163 7.77514642477036 1344.98953205347 0 0 6.46986901760101 6649.24018120766 149.338602513075 12.5257565975189 0 15.7509798407555 8.65619641542435 81.9003440439701 578.480892658234 179.206298708916 2.92205262184143 99.3424336016178 21.3977122306824 193.512721896172 38.3560470938683 2.80914768576622 12.3716188669205 0.952622473239899 5.13495814800262 0 22.1017628908157 0 0 1.01689255237579 0.397451400756836 0 91.8018113970757 0 9.38890475034714 92.4323979020119 15.6889657378197 34.6328587532043 44.9667319059372 1.34691190719604 22.57836830616 0 2.31450265645981 16.4220304489136 3.24246180057526 0 0 0 12.8673886656761 0 3.21074098348618 2.91120982170105 96.4015511870384 0 0 3.23544502258301 111.182376146317 7.30094075202942 3.46497577428818 0 0 2.55363488197327 5.30091941356659 2.46800601482391
340.872140496969 132.703049361706 2627.49288135767 13.5267843902111 0.380126982927322 172.728365838528 2432.42573088408 575.474454045296 247.991863250732 115.044225901365 78.9096813201904 8.92758321762085 14.7853186130524 688.70490282774 5.98957341909409 9089.99646860361 1300.06936839223 18.2957884967327 201.701380491257 6.15749868750572 0 1606.99574455619 35672.8597793877 1286.30551475286 31.6010556221008 628.711336880922 2898.17252999544 9372.44637745619 1010.52807036042 20131.0093024373 1.79135891795158 4.8690712749958 256.60261502862 4102.11652091146 51.7636940181255 1632.54923471808 58.880952000618 2380.62095242739 454.810208827257 60.6292762160301 23.5493647456169 0 183.46598303318 52.5092872083187 115.066093921661 67.4566659629345 14.7649712860584 3.32751730084419 0.595940232276917 7.61557045578957 11.1744936108589 58.0102142989635 0 0 3.14552944898605 62.9545827805996 13.1629454195499 30.9602494239807 5.83667811751366 3.8407616019249 0 1.64676290750504 21.4575087726116 0.548696219921112 373.442374259233 21.2708576321602 1.34216511249542 6.47052654623985 1.80524355173111 260.584382593632 115.170876502991 550.248585134745 162.121084988117 0.638486504554749 32.3406998515129 203.608055502176 290.538009256124 47.8426399230957 166.700098931789 0 0.313386112451553 15.0804106295109 71.6173044145107 35.1003896296024
60.3097305595875 3660.05249205232 539.367289990187 21.2926989197731 8.28500008583069 51.3523185551167 306.840732783079 82.9837918877602 4246.94664397836 35.708339214325 148.806268334389 43.3317379057407 334.772184401751 109.685527324677 145.483004182577 3763.54416033626 179.457833886147 31.0703254342079 60.7648288607597 10.7367620766163 1606.99574455619 0 2966.11845958233 7996.50501406193 834.493818581104 314.603015482426 7341.56815356016 1777.99222028255 307.570325702429 847.801491111517 11.5713072419167 5.10478127002716 131.173037648201 440.012811779976 21.8842157721519 779.980386525393 80.2061404883862 588.883860856295 201.842014759779 289.762289375067 6.74072879552841 35.3110080659389 131.369471698999 44.5935158133507 85.1201423406601 54.5190840363503 8.87363523244858 1.90346598625183 0 7.43661457300186 20.9149897694588 54.6769663095474 6.68493881821632 0 6.60221180319786 43.8430317342281 5.84419587254524 52.1287642121315 4.28231140971184 4.24741396307945 2.35786962509155 8.18299970030785 5.32188314199448 0 378.849402368069 20.9668445587158 2.23938500881195 7.96275785565376 4.214175760746 129.77309820056 185.275882810354 553.146396756172 126.002401292324 4.96814051270485 27.5655736923218 251.75397464633 146.068272680044 12.1518833041191 58.4665676057339 0.509903252124786 0 6.33078974485397 52.2266947031021 19.2372318804264
641.180599719286 623.350817680359 21563.0212326944 21.8162242174149 1.70776653289795 294.933172374964 3531.40484723449 1072.96593987942 224.104879915714 150.683952987194 358.44950312376 7.69256046414375 65.4988288879395 1274.02859437466 11.6953916549683 22766.7052729428 13000.7297564745 124.034943670034 1098.246627599 7.77514642477036 35672.8597793877 2966.11845958233 0 1222.78372034431 101.66458567977 4145.31202942133 20078.9331643879 6702.93029788136 1373.19991105795 11296.2442778349 7.72083261609077 6.28868842124939 245.090450227261 4055.36165437102 88.663021415472 2617.48195248842 266.886324644089 4365.0109526515 1168.3788421452 116.788027822971 29.5993172824383 5.8284627199173 474.708273231983 152.918115735054 452.28899165988 206.534656465054 41.6066761910915 5.29606187343597 0 7.85454607009888 85.0726015865803 355.711347967386 0.846867442131042 0.583636105060577 4.20560494065285 102.820662379265 16.7080474793911 28.826920568943 6.95091292262077 6.24386170506477 1.47087562084198 12.215614169836 25.1011090278625 0.493238538503647 649.947077095509 120.281206399202 8.52565374970436 36.5779896080494 0.914992988109589 282.598375588655 464.98503151536 1974.16792571545 145.692511886358 3.17244744300842 145.20019313693 1570.60160467029 280.998817771673 44.217238008976 134.753204882145 3.70398518443108 0 6.61812156438828 114.577027857304 43.4913305640221
247.073295474052 909.795491099358 189.585073530674 3741.64146068692 42.5204983949661 551.009968757629 5067.15521223843 730.34163582325 10916.695130825 942.749312758446 42.2539068758488 649.026969045401 93.4080250263214 623.144905805588 739.970585495234 2420.29081058502 71.5931666791439 8.88080334663391 17.1589442193508 1344.98953205347 1286.30551475286 7996.50501406193 1222.78372034431 0 188.219289809465 138.418588742614 2316.78279313445 31681.7217806876 1065.96952620149 1584.71921312809 2.77443090081215 9.05368381738663 342.890186280012 428.449778616428 103.742686420679 1597.46101027727 22.8622199892998 499.990777432919 167.537342518568 910.983097672462 49.4305039346218 4.4124573469162 265.773343205452 22.6561943888664 164.779627859592 75.6839083135128 110.966696113348 24.834726780653 0 63.4693603813648 11.9010233879089 30.687074303627 112.341003000736 1.48248988389969 85.4181001186371 880.841268897057 185.586816966534 490.675925463438 280.284112840891 8.51818844676018 50.6249670982361 3.66263216733932 164.741070389748 22.6096835136414 202.120335280895 14.4853623509407 0.339728057384491 9.2811404466629 79.0041136145592 169.070190817118 140.368064373732 314.982968688011 1585.01381644607 0.773789048194885 16.2150803655386 112.440853238106 1710.83643627167 202.515664190054 368.287921965122 0 6.19967699050903 44.514072060585 120.739584237337 32.2635155916214
2.67907103896141 3907.20917791128 134.476321607828 0 3.50006192922592 0.469994753599167 5.14423191547394 6.74843510985374 291.681217879057 0.956269085407257 3215.5518129468 1.06013360619545 9778.70451173186 9.41106155514717 13.1222903430462 35.1792849898338 268.018216371536 519.861002743244 760.696241647005 0 31.6010556221008 834.493818581104 101.66458567977 188.219289809465 0 2290.09018835425 4059.61819657683 30.8079388737679 5.03438377380371 17.5852001011372 153.199021071196 0 1.46084916591644 233.978820383549 1.39261746406555 144.721189171076 410.275569349527 567.48302346468 92.6923169493675 36.6880740821362 1.15360116958618 914.554431736469 24.456989467144 133.305271804333 157.64644920826 5.89423859119415 1.94216024875641 0 15.8832749724388 0 68.9711567163467 21.5551142692566 0 0 0 1.17426565289497 4.26976510882378 5.36586213111877 0.949106454849243 336.354270160198 0.323817759752274 492.705235481262 1.63837516307831 0 0 37.4145650267601 207.495776116848 156.388926625252 0 6.84771773219109 2.62406945228577 17.2278543710709 0 258.015004754066 753.491784065962 495.592081785202 4.52629229426384 3.02897223830223 5.77473336458206 75.1870802044868 0 0 54.8003325462341 0
72.6094707250595 1273.75105342269 13093.667242676 1.87094390392303 0 26.1224798858166 277.484839141369 128.96348720789 121.406076014042 11.1205888986588 10171.7455603778 6.20350962877274 5893.24883618951 166.384790658951 4.5791580080986 78.925878494978 8957.37608978152 6220.03328558803 9605.40541538596 0 628.711336880922 314.603015482426 4145.31202942133 138.418588742614 2290.09018835425 0 30991.4704987407 236.427533835173 157.780381202698 554.558378607035 2474.34287449718 3.05522036552429 15.5092596113682 1575.09803324938 24.7601066231728 1391.66673454642 927.144512891769 3292.66517075896 741.132036417723 32.3768729865551 8.31824094057083 19.7483061850071 119.578603386879 119.963862687349 282.028669655323 45.4103121757507 1.5131208896637 2.86205488443375 5.50290358066559 0 202.852342426777 192.4070520401 0 0 0.331530541181564 18.438757121563 4.30114611983299 4.18841090798378 2.94422727823257 263.311317592859 0 462.27483856678 8.82350391149521 0 14.6955557465553 204.130652755499 189.738354593515 366.221816062927 0 19.7942186892033 16.800299346447 134.530068308115 9.78831705451012 196.913202464581 1410.7029595077 1254.7146795392 19.475312769413 2.80016142129898 23.1171932220459 87.4928016364574 4.48372739553452 2.59184005856514 189.577795416117 27.7466550767422
118.764331549406 7973.38350716233 13695.0907308459 15.3407668173313 7.9011621773243 114.300312280655 1000.08502328396 205.985433265567 814.159195929766 65.4466841816902 2970.21853789687 19.288267403841 8043.7812449038 276.695925474167 46.2485338449478 8308.48418605328 5086.77847924829 885.225494384766 2407.90712362528 6.46986901760101 2898.17252999544 7341.56815356016 20078.9331643879 2316.78279313445 4059.61819657683 30991.4704987407 0 2237.9840824604 344.080817192793 1206.59726625681 1975.41890668869 4.64000353217125 72.1309478580952 2415.62396273017 159.649072319269 5647.83895501494 1445.43385392427 6149.07920926809 2504.42842450738 279.881260633469 19.0362544953823 38.5737903118134 574.674634069204 361.132385551929 1004.4471835494 296.261578828096 26.0175325274467 2.6211017370224 3.30081295967102 12.073480784893 542.887523233891 1227.41493812203 1.99299123883247 0 0.255545258522034 122.37678784132 19.8110589087009 17.1403560936451 5.56461080908775 142.926447123289 1.11123561859131 254.890076577663 35.2698487341404 2.22004789113998 261.824909836054 584.767617464066 121.277696460485 421.340433299541 2.04419958591461 193.700424402952 311.816133737564 1771.33380508423 93.839401870966 182.010224968195 1573.82943922281 4101.57623782754 141.350711166859 21.3036817610264 119.406046897173 37.9192253351212 0 4.70569330453873 313.198074698448 114.832393109798
544.614396631718 167.331588089466 1424.33366301656 17084.0387563407 24.8564890623093 1737.1690621078 26605.595154196 1637.3065725863 3863.76792424917 13790.9258189499 46.164833843708 1359.48748955131 15.6660313010216 1485.43051478267 220.716075599194 2885.81806799769 200.465392410755 2.99102428555489 26.0021433830261 6649.24018120766 9372.44637745619 1777.99222028255 6702.93029788136 31681.7217806876 30.8079388737679 236.427533835173 2237.9840824604 0 2182.39800971746 12315.978605032 1.00008940696716 29.1125037372112 624.800982952118 1147.31152006984 340.841651707888 3430.19384488463 34.2148846387863 1300.41730386019 455.948329985142 484.432125449181 122.747220635414 8.95515704154968 337.479502052069 28.0837818086147 249.222066968679 93.8370956480503 182.143639236689 26.3747360110283 0 105.945486932993 12.2736752033234 46.1748694181442 226.077050685883 2.10438996553421 115.353020399809 1226.17291945219 239.869334161282 609.254781246185 409.117530703545 5.47995871305466 53.0227154791355 2.82667446136475 240.822825789452 38.8159764111042 227.783609360456 15.2138246893883 0.535106301307678 6.76902523636818 93.3152942359447 264.033300697803 146.700363069773 339.135155856609 2202.32579290867 2.53843539953232 14.0793288350105 163.570638120174 2499.41643998027 319.962055385113 535.208983749151 0.578954815864563 1.53998720645905 53.6965273916721 162.950339913368 88.7173874080181
8937.71368291974 30.9527396261692 278.287503778934 157.09982073307 239.552823722363 1110.12660166621 3035.44988557696 3575.07293081284 672.648237019777 707.333434700966 357.824442595243 319.152253985405 40.7595763206482 13829.4532100558 76.8025417029858 153.370358467102 325.094441145658 14.063145250082 68.7252862453461 149.338602513075 1010.52807036042 307.570325702429 1373.19991105795 1065.96952620149 5.03438377380371 157.780381202698 344.080817192793 2182.39800971746 0 9734.74614599347 0 3458.31174227595 13168.9572231174 5643.08784511685 152.269904881716 2135.67410492897 35.1905878484249 2961.68944850564 274.74501106143 718.364582896233 1442.09632775187 17.4697892963886 50.2751917243004 3.47060030698776 33.2190749645233 22.1749845147133 4.43204063177109 5.67121434211731 0.451063185930252 16.2074173092842 2.46526259183884 10.6562349200249 4.98251649737358 0 6.84113255143166 97.4240542948246 20.5661392062902 51.4360658526421 8.96849662065506 1.46272659301758 0 1.44255363941193 22.4361011385918 0.882616817951202 44.198338508606 4.40324348211288 0 1.50782039761543 3.60430055856705 48.4249925911427 22.7242842018604 68.5928681492805 199.257920533419 0.766849458217621 6.67137530446053 39.4679653942585 316.275709629059 43.5932555198669 86.4768075346947 0 1.01137399673462 9.71899595856667 19.5196178257465 47.605149358511
3374.44140350819 93.195155441761 1684.71365001798 24.8773619830608 9.65819445252419 236.476273030043 15939.0387438834 1949.56399041414 1104.46088317037 97.2569288313389 97.4852540493011 13.2837911248207 13.6862683296204 3053.60632055998 14.1073358356953 497.049157261848 1269.55564907193 17.2558977603912 204.59625005722 12.5257565975189 20131.0093024373 847.801491111517 11296.2442778349 1584.71921312809 17.5852001011372 554.558378607035 1206.59726625681 12315.978605032 9734.74614599347 0 0.554563760757446 30.5959341228008 918.228410929441 4110.01034477353 93.443320453167 2611.89671623707 47.3547029197216 2424.00631088018 488.969061523676 112.949281394482 53.7200824022293 2.30905783176422 176.231760442257 16.9125033915043 105.336086601019 44.7510244846344 17.7655331194401 8.50565823912621 0 35.6377906799316 10.8795201480389 40.7754485309124 4.9641820192337 0 5.42497944831848 140.13707408309 38.9160297214985 95.5655879676342 19.5274942815304 3.9717001914978 0 0.552615702152252 48.9512625336647 0.330134481191635 145.358504235744 15.7018957436085 1.42615878582001 5.27037543058395 0.85404771566391 145.387175232172 65.5547415912151 255.28796094656 437.560551613569 0 22.1973782777786 133.685226917267 634.817329019308 104.380982547998 246.362386018038 0.298536956310272 0.64097648859024 19.5609340071678 76.5125935077667 54.5133196413517
0 38.415784984827 14.8236907124519 0 0 0 0.784974157810211 1.7869970202446 4.77632167935371 0 1123.32682606578 0 5306.71556004882 0 0.436177521944046 3.10096871852875 37.5406022071838 159.892582386732 77.2645807266235 0 1.79135891795158 11.5713072419167 7.72083261609077 2.77443090081215 153.199021071196 2474.34287449718 1975.41890668869 1.00008940696716 0 0.554563760757446 0 0 0 35.3958558142185 0 8.46311092376709 61.598195374012 126.74397751689 9.41813522577286 0.882644474506378 0 2.60035157203674 0 6.17743462324142 8.75480383634567 1.60748875141144 0 0 0.861031055450439 0 0.562646627426147 0 0 0 0 0 0 0 0 22.3921099305153 0 39.6056799590588 0 0 0 2.3738751411438 6.41120767593384 8.38038098812103 0 0 0 0.441688865423203 1.13981628417969 3.01202720403671 37.4051443040371 24.3037564754486 0 0 0.594405233860016 3.99424743652344 0 0 6.41171085834503 0
53.1577764153481 0 0.477128565311432 4.47372424602509 2516.55296754837 5528.94593459368 63.1289257705212 2669.85533753037 8.83690270781517 61.9322231113911 93.8069327175617 47.9264960289001 11.8920112252235 2504.2280434072 74.4846235215664 1.58135604858398 1.04125159978867 2.21751540899277 0.893343925476074 15.7509798407555 4.8690712749958 5.10478127002716 6.28868842124939 9.05368381738663 0 3.05522036552429 4.64000353217125 29.1125037372112 3458.31174227595 30.5959341228008 0 0 1.67319095134735 2910.9551538229 12.7589427232742 141.638533592224 4.29263347387314 431.126474499702 13.110631942749 386.453062742949 3206.35050034523 4.7424082159996 1.35270243883133 0 1.43253254890442 0 0.691865622997284 0 0 0 0 0.537140548229218 0 0 0 1.98128470778465 0 0.328733503818512 0.343123346567154 0 0 0 0 0 0 0 0 0 0 0.382136851549149 0 1.42923399806023 0.485317319631577 0 0 0.737188696861267 9.14423257112503 0.969066500663757 1.31454165279865 0 0 0 0 1.40778085589409
