0 11.229455858469 85.4530582129955 28.3852949738503 25.4368806481361 241.771143466234 4450.89974835515 934.898806214333 57.3382628262043 403.274942159653 38.0479948222637 12.7297306954861 3.96344274282455 10006.1649592221 10.6619885861874 41.544117808342 135.439736008644 4.32019233703613 19.855834454298 40.8430824279785 298.837949752808 66.4021591246128 364.83329051733 293.373734354973 4.08200615644455 67.4152601361275 80.7004462778568 523.009773671627 21177.4047892988 4381.07646390796 0 45.8442129790783 488.450490027666 636.262955874205 34.5623562335968 623.6735034585 41.426364928484 784.509630829096 70.7997052371502 196.014669269323 91.4727936983109 3.29422473907471 5.85623389482498 1.41537511348724 4.90356594324112 0 3.35433220863342 0 0 1.21011543273926 1.09916830062866 1.28738963603973 1.85671317577362 0 0 20.3566627204418 1.37911707162857 12.1418907642365 4.74177178740501 0.98402339220047 0 0.597991526126862 0 0.402799338102341 7.97665196657181 0.478526502847672 0 1.19311010837555 0 5.97954088449478 4.06112653017044 4.59315502643585 39.6437478661537 0 1.49713933467865 6.14016914367676 39.8814430832863 1.76030206680298 5.44549709558487 0 0 0.433541119098663 2.62868785858154 1.79013857245445
11.229455858469 0 1050.18783906102 3.13278725743294 0 4.17855063080788 91.8522661924362 16.8576041460037 848.600840449333 8.79601687192917 197.514462053776 4.11091738939285 678.930070012808 25.9647200405598 18.9376017153263 276.341205835342 995.360435932875 56.8505675792694 225.432767242193 2.20048081874847 126.199238449335 2648.12062954903 613.735810786486 448.205533117056 4259.59586527944 2173.89221918583 11833.4834648669 156.712314546108 30.8100353181362 139.760232776403 29.4191379845142 0 5.40434348583221 194.065668612719 8.99111378192902 625.269271701574 491.714021652937 629.297420412302 197.395601421595 57.9785166978836 12.3496650457382 103.551552802324 21.2288866639137 11.0489842891693 48.2040207386017 7.00535464286804 2.59792250394821 1.39897269010544 2.35574305057526 2.06382417678833 137.222264945507 127.991100370884 2.02606564760208 0 0 8.5030934214592 1.33464196324348 2.79517233371735 0 3.70133578777313 0 28.7238152623177 0.574419498443604 0 6.64508906006813 33.8831024765968 4.74513393640518 23.5848568379879 0 17.8506655991077 22.3481733202934 98.3189196586609 10.6579627394676 78.961533844471 173.274161100388 538.045016348362 9.97174346446991 1.60191345214844 4.47488993406296 1.14083164930344 0 0 8.60251235961914 5.3648294210434
85.4530582129955 1050.18783906102 0 11.0558113157749 0 39.3252563178539 1222.73240593076 179.237314105034 45.0785307586193 86.3979389965534 186.345960944891 4.7821087539196 60.8986017256975 226.793621003628 2.70233181118965 177.357550829649 5541.74571499228 83.3052161037922 537.032383561134 7.11214488744736 1536.38488715887 476.65644288063 12862.0823380649 231.881760001183 80.162631303072 12083.3570430279 16364.9665147662 1026.88736394048 123.163716584444 1106.40972012281 12.5897456407547 0.776785016059875 29.1839002370834 208.379790902138 40.7651338577271 1224.26476600766 526.810581594706 1379.14371997118 466.167693465948 62.2774527072906 24.3589715957642 5.85702064633369 86.4851969778538 28.0370584130287 151.463856428862 19.6268854737282 1.99010241031647 0.548943042755127 0 0.688872575759888 164.711952656507 439.378223627806 0.836788833141327 0 1.15829837322235 40.6992749869823 5.81049692630768 8.07821244001389 3.1434910595417 2.42019820213318 1.53058287501335 10.0544477701187 9.70583924651146 0 78.3656789958477 110.318559139967 4.93477693200111 19.7375230193138 1.20827496051788 62.3693308532238 78.0076873898506 493.151494562626 37.8110001683235 20.5949654579163 178.963118821383 1259.50268656015 32.3934771418571 4.82242098450661 42.7761589288712 2.26795253157616 0 1.91715961694717 12.1027144193649 12.5765031278133
28.3852949738503 3.13278725743294 11.0558113157749 0 3.03747496008873 346.844570487738 542.758967220783 172.545877873898 291.708027094603 12264.5810014904 1.72533738613129 1700.0118791759 0 154.977944135666 16.5247411727905 12.2883025705814 2.37420645356178 0 0 25472.0590186417 10.3395857810974 22.9217178225517 23.9264989197254 2159.95377415419 0 1.71204423904419 13.2225144803524 13618.0849759281 71.3457331359386 13.778921931982 0 3.45596319437027 9.54161733388901 40.7222837805748 5.45943540334702 180.951631397009 1.91999876499176 73.5701868534088 9.01396429538727 64.8344988524914 16.5275896191597 0 2.56417286396027 0 1.16157615184784 0 5.80345180630684 0 0 0.685641407966614 0 0 98.4272463321686 0 9.61328703165054 54.0443769693375 2.6669305562973 43.4581921696663 81.6935760974884 0 64.9905644059181 0 3.98616722226143 1.40937685966492 0 0 0 0 56.1836725473404 1.03381422162056 0.810434997081757 0.462060123682022 60.8631707429886 0 0 1.73208504915237 38.4638270735741 0.92915353178978 3.37765228748322 0 0 0 0.406486183404922 0
25.4368806481361 0 0 3.03747496008873 0 5977.66364473104 36.6898063719273 825.622848004103 60.0000438094139 44.9032279551029 11.6071981191635 46.8807536065578 0 574.49267616868 3791.4727191627 0 0.922419309616089 0.503805041313171 2.45559120178223 7.58625423908234 1.96740573644638 2.74557086825371 5.28868719935417 14.3622878491879 0.598939955234528 0.634399235248566 1.56288135051727 14.0508458614349 786.960587263107 14.2067342698574 0 2596.17730093002 4.45775604248047 1963.71108779311 3.77555185556412 47.1483162939548 2.05570569634438 171.310386568308 2.88662043213844 6704.53647992015 4493.71517401934 1.54859340190887 0 0 0 0 0 0 0 0 0 0 0 0 0 0.357992887496948 0 0 0 0 0 0 0 0 0 0 0 0 0 0 0 0 0 0 0 0 1.85421571135521 0 0 0 0 0 0 0
241.771143466234 4.17855063080788 39.3252563178539 346.844570487738 5977.66364473104 0 3807.4767549634 23994.0008624196 162.312817662954 18233.5907959938 38.097735196352 6108.52413219213 7.99082472920418 6567.37820789218 6216.93289840221 17.0720040202141 21.6289812922478 1.09974896907806 0.488487273454666 904.815660297871 62.1709310412407 22.9167865812778 98.1561322808266 402.747386664152 1.84416654706001 24.0878908336163 24.3278366923332 1010.50547531247 1328.36595800519 192.043849736452 0.338440865278244 1910.49244734645 22.223987698555 1196.908162117 13.8735264837742 240.326171398163 12.9061618447304 533.453627794981 39.4124960303307 7403.93954834342 3007.62719583511 2.03266245126724 1.83003097772598 0 2.13702523708344 0 6.08222222328186 0 0 0 1.10708922147751 0 5.38972488045692 0 2.3549183011055 35.5875466167927 3.23881298303604 13.0038594603539 4.46435409784317 0 24.8931904435158 0 4.90444141626358 2.39141339063644 3.04536586999893 0.585593044757843 0 0 2.30540597438812 1.65694788098335 3.68329036235809 1.73541128635406 40.910133600235 0 0 2.15086901187897 46.3375327289104 1.15132936835289 1.5589684844017 0 0 0 0.568774163722992 0
4450.89974835515 91.8522661924362 1222.73240593076 542.758967220783 36.6898063719273 3807.4767549634 0 7946.76320660114 1301.66481509805 14902.710067898 60.9678058922291 516.906908214092 19.3263301849365 13580.1513055563 93.6283617913723 335.285204321146 478.798442572355 13.1321560740471 73.6822317540646 1141.70767787099 2406.57056114078 432.369577497244 3646.42119795084 5629.56682148576 15.4240555465221 489.616789638996 854.385800480843 21875.729036808 3289.40323731303 13204.6474153101 1.01922982931137 69.2424149215221 371.751674354076 1116.82406762242 157.006845623255 2766.69174620509 201.333256542683 2217.67955413461 365.927802532911 675.289042919874 291.399740964174 5.48059529066086 57.0102313160896 3.16177597641945 39.241227298975 5.54784372448921 43.1442425251007 5.76781624555588 0 11.1168660521507 8.19775721430779 19.312377601862 87.1741601526737 0 36.1390534341335 459.01421508193 39.1071742773056 247.248301625252 139.749990046024 0 69.7222145497799 0.7701096534729 52.7271420359612 20.5829976201057 44.4871827065945 2.35688018798828 0 0 17.9257336258888 41.7525116503239 34.1643587052822 64.1050520837307 696.993773341179 0.819743990898132 10.6734576821327 79.085587054491 603.381805181503 30.1408657729626 58.9106766581535 0 0 3.52519094944 27.2517423331738 21.7711410820484
934.898806214333 16.8576041460037 179.237314105034 172.545877873898 825.622848004103 23994.0008624196 7946.76320660114 0 177.480610996485 5498.89395022392 83.4330953061581 743.022775560617 7.24305015802383 40440.9178466797 932.581245005131 40.478508412838 104.443497627974 3.29137298464775 22.5762760043144 347.671669751406 333.292582809925 69.1092631816864 474.318998843431 687.695599585772 4.52440866827965 110.411914527416 124.850370526314 1088.31626933813 2800.64064615965 1035.84032043815 0 1782.41018995643 45.8928124606609 924.025869369507 27.2039464712143 542.25293302536 37.0896543711424 721.096710622311 49.3731123805046 1806.70386397839 974.518688946962 4.81966319680214 6.64990568161011 1.26975810527802 6.69267600774765 1.02979946136475 8.32759064435959 0 0 1.95554551482201 1.2605271935463 1.47767809033394 9.02456837892532 0.647320687770844 8.63861358165741 78.3668627738953 4.79060113430023 35.7753657996655 22.6920403540134 0 7.46937468647957 1.19337844848633 8.55828791856766 1.66652056574821 10.7383899092674 0.440093904733658 0 0.432224631309509 5.21374034881592 7.03965270519257 8.19655567407608 5.55790743231773 136.946204334497 2.27529001235962 0.802898108959198 10.1313218176365 73.0492517352104 3.70910027623177 10.7347467839718 0 0 1.72358044981956 2.82147550582886 2.6153256893158
57.3382628262043 848.600840449333 45.0785307586193 291.708027094603 60.0000438094139 162.312817662954 1301.66481509805 177.480610996485 0 553.673067867756 21.6493869721889 1559.08523258567 64.1305660605431 161.489162117243 1948.9969920218 111.416119068861 27.1333320140839 2.78136751055717 9.68001338839531 251.833676606417 61.2546141147614 6745.64195671678 124.881243288517 14083.6310786903 285.412184625864 72.2988942861557 383.751907020807 2552.40325024724 130.368527650833 170.434279441833 4.29873231053352 3.2615892291069 27.5427721738815 54.8249759674072 5.67947393655777 646.326445311308 29.9116180241108 146.191831022501 19.9894844293594 2612.92213714123 20.5393512248993 15.0991859734058 81.3459814786911 0 40.2135664820671 5.30469655990601 42.3827706873417 6.91379332542419 0 13.6857509315014 8.71735575795174 6.96645778417587 115.996911525726 6.2447481751442 45.2340718507767 481.560008496046 47.8741503059864 416.216560781002 140.76888525486 1.38972139358521 69.561284661293 0.993898451328278 37.3342978060246 34.2127989530563 42.8728878200054 0.36886066198349 0.461965531110764 0 40.4838457107544 26.9161665737629 63.9165005087852 27.0342951118946 748.47619831562 1.77784535288811 3.54628378152847 22.7302632033825 675.010133802891 30.0235699415207 59.5131855010986 0 0.436924308538437 6.30586603283882 26.710276812315 3.58698520064354
403.274942159653 8.79601687192917 86.3979389965534 12264.5810014904 44.9032279551029 18233.5907959938 14902.710067898 5498.89395022392 553.673067867756 0 32.3033322691917 18994.2995665371 11.1923220455647 3398.01249280572 121.48289296031 46.6803267002106 28.8725794255733 0 3.58404684066772 17076.6984482408 130.745105981827 82.6858527958393 241.81198439002 2394.78656575084 0 34.5691164731979 81.3658705949783 10856.5228037536 697.845198124647 200.277029454708 0 38.6541186273098 60.4397009015083 318.374910444021 36.2811863720417 846.001409858465 26.6840845644474 671.619933605194 50.4918542504311 548.882300376892 161.224989056587 1.91961750388145 15.5903238654137 0 8.98329120874405 1.93868803977966 14.8570868968964 0.926792085170746 0 3.97736793756485 0.47808563709259 0 52.7474555373192 0 17.5356908738613 147.28111538291 9.17005723714828 96.863373696804 39.6650757193565 0 370.661166548729 0 9.64140963554382 10.8303593993187 6.55303281545639 1.70912307500839 0 0.778105437755585 16.5327567458153 2.73212668299675 5.42275097966194 9.67135694622993 203.344784349203 0 0.743811964988708 3.71370047330856 125.860215872526 2.43742382526398 10.2243651747704 0 0 0.714096307754517 2.33921974897385 7.47085869312286
38.0479948222637 197.514462053776 186.345960944891 1.72533738613129 11.6071981191635 38.097735196352 60.9678058922291 83.4330953061581 21.6493869721889 32.3033322691917 0 4.42308753728867 16732.0543744266 204.71883481741 2.46276223659515 5.07062238454819 1254.68589788675 11228.298940897 6546.31839522719 0.759683907032013 80.3663980066776 43.6168520748615 264.805718451738 27.3037396371365 2873.54884254932 14129.7642946839 3232.45593452454 25.0250622630119 195.279746621847 98.6830023527145 2571.58600494266 16.3852422237396 9.75270909070969 10613.1047077775 6.62691307067871 443.730531960726 6024.63331896067 13032.793507129 292.398525089025 60.1540974080563 27.6365005970001 3716.43003663421 6.71275410056114 1.24667513370514 7.34447574615479 0.359568357467651 0 0.531127691268921 1.25675845146179 0 14.3808622062206 5.81317195296288 0.555098474025726 0 0 0.380697786808014 0 1.19665110111237 0 16.9805634021759 0 106.120064258575 0.526365578174591 0 0.433285266160965 3.13077074289322 8.17816069722176 11.1972678601742 0 1.90307927131653 0.413062959909439 9.39798676967621 2.35743951797485 86.3538882732391 84.0658627450466 102.898022592068 0.761897444725037 0 0 4.65307205915451 0 0 1.49511992931366 1.10731753706932
12.7297306954861 4.11091738939285 4.7821087539196 1700.0118791759 46.8807536065578 6108.52413219213 516.906908214092 743.022775560617 1559.08523258567 18994.2995665371 4.42308753728867 0 0.617073833942413 313.696797221899 2825.0224121809 0.858891010284424 1.33444595336914 0 0 25527.7383936048 4.3399310708046 37.5254182517529 13.9057771265507 587.017004519701 5.85894125699997 3.77180194854736 1.33740499615669 1214.90595579147 66.4477877020836 10.4316735863686 0.369843363761902 6.18988007307053 5.30311420559883 32.590973764658 3.33732745051384 307.596549659967 3.96337866783142 66.0713946223259 3.51718804240227 4219.97669404745 13.9002915620804 1.1210629940033 5.41881018877029 0 4.47239619493484 0 11.8576852679253 0 0 0 0 0 14.3627933561802 0 4.14707309007645 33.9731182157993 4.46032255887985 39.8789446353912 19.3025906682014 0 455.285527646542 0 4.9343672990799 11.4495858550072 1.44931721687317 0 0 0 8.64701277017593 0.946948051452637 1.05651903152466 1.16788518428802 52.0593766570091 0 0 0 47.2956662476063 1.13777565956116 0.312216579914093 0 0 0 0.99750554561615 0
3.96344274282455 678.930070012808 60.8986017256975 0 0 7.99082472920418 19.3263301849365 7.24305015802383 64.1305660605431 11.1923220455647 16732.0543744266 0.617073833942413 0 36.6328154206276 1.85811346769333 18.3270050883293 98.0294211506844 485.959305673838 196.987712472677 0 18.5887282788754 137.787784636021 51.4059687554836 33.8858405351639 10314.8520205915 5169.51207658648 7175.85595792532 23.7585415542126 35.9593217074871 20.8489798605442 3835.53215152025 4.99009013175964 4.7407557964325 1570.26613286138 50.9336596727371 302.132414102554 6838.63541662693 3743.95929357409 695.884986907244 48.1636301875114 630.167675048113 12355.729682982 201.024549245834 26.1214570999146 53.3268953859806 109.504386723042 1.468989610672 9.9729637503624 135.068897306919 0 14.6685290634632 3.75867986679077 0 0 0 0.843610763549805 0 0 0 28.0700127482414 0 150.065229654312 0 0 0 4.58284246921539 16.5506521463394 11.1586045026779 0 1.94239991903305 2.83975982666016 2.52029353380203 0.402261912822723 115.039320766926 110.728415042162 126.632185190916 0.783332884311676 0 1.45516848564148 8.22437882423401 0 0 260.329169809818 16.173969745636
10006.1649592221 25.9647200405598 226.793621003628 154.977944135666 574.49267616868 6567.37820789218 13580.1513055563 40440.9178466797 161.489162117243 3398.01249280572 204.71883481741 313.696797221899 36.6328154206276 0 348.522567391396 73.0480814874172 219.885781943798 10.5544841587543 33.7307067513466 252.872973263264 438.339807420969 93.7121728956699 737.598790943623 656.227672189474 6.66576275229454 171.642402336001 179.752236425877 1235.57514312863 11053.3322051764 2512.2454598546 1.70966321229935 1743.0799651444 170.399849265814 2049.206959337 54.9200226664543 1295.3756916821 87.9594823718071 1788.66559368372 108.512923449278 1802.04394337535 997.298836678267 8.26000744104385 7.39018481969833 1.34877243638039 7.70437589287758 5.01474162936211 5.10152733325958 1.67126613855362 0 2.32344353199005 0.397306472063065 5.80966353416443 9.20105066895485 0 1.45033031702042 47.4889087080956 5.43034327030182 22.3542184829712 12.3109730184078 1.12368214130402 3.66515213251114 0 9.30269348621368 1.33578729629517 6.73796260356903 1.94609212875366 0 0 5.1396301984787 8.81855940818787 5.28099927306175 11.2007046639919 98.6350295841694 0 2.2744522690773 19.7350446879864 76.105720281601 2.64494171738625 9.86796635389328 0 0 0.333817631006241 3.08933573961258 10.3927084505558
10.6619885861874 18.9376017153263 2.70233181118965 16.5247411727905 3791.4727191627 6216.93289840221 93.6283617913723 932.581245005131 1948.9969920218 121.48289296031 2.46276223659515 2825.0224121809 1.85811346769333 348.522567391396 0 3.41844826936722 0.736367762088776 0 1.08762115240097 61.9408577680588 2.1686863899231 76.7812506556511 8.67537003755569 409.892067283392 8.35198333859444 3.41131508350372 6.18116000294685 87.4568467736244 59.2329817712307 10.1992925107479 0 133.471859872341 0.979162573814392 27.5678806006908 0 69.0549429357052 1.42870649695396 23.7762798964977 0.538996040821075 19266.4475056827 133.800032794476 0.419768303632736 1.05277812480927 0 3.59130597114563 0 0.71900874376297 0 0 1.80977159738541 0 0.538875460624695 2.78881573677063 0 2.87793177366257 12.5777326822281 2.30728197097778 9.11132663488388 5.47642624378204 0 2.28226804733276 0 1.06289476156235 0.899984121322632 0 0 0 0 3.29391133785248 0 0 0 14.7624955773354 0 0 0 10.1909056305885 0 1.98554611206055 0 0 0 0.558012723922729 0
41.544117808342 276.341205835342 177.357550829649 12.2883025705814 0 17.0720040202141 335.285204321146 40.478508412838 111.416119068861 46.6803267002106 5.07062238454819 0.858891010284424 18.3270050883293 73.0480814874172 3.41844826936722 0 81.2081587612629 0 12.0281644165516 3.8292191028595 10355.5146105289 4005.72674736381 23742.8576857448 2794.14541020989 47.7216044962406 100.640817523003 7148.74253803492 2534.58447575569 130.372402459383 595.49324709177 0 0 35.6633867919445 262.901976466179 68.5958150327206 1440.67099460959 289.931008577347 957.499799609184 388.229027718306 105.153456449509 18.7197013795376 2.69545358419418 104.461320012808 15.4380930066109 83.5521988272667 16.4902347922325 13.845952630043 1.87705588340759 0 2.91028898954391 8.98740315437317 44.3971372842789 4.4031967818737 0.651359081268311 2.56958344578743 68.3380056619644 10.4421496391296 9.06907641887665 4.42262214422226 0 1.42512333393097 0.450412333011627 19.1916485130787 0.555772006511688 288.760643333197 11.7315925359726 0 0.408619433641434 0.760250091552734 93.2672254443169 84.2685781121254 340.014420837164 198.216482192278 1.35918349027634 7.12863919138908 153.446360588074 183.561098247766 12.9095180332661 74.4327965676785 0 0 7.49865174293518 32.5286194980145 13.2867187559605
135.439736008644 995.360435932875 5541.74571499228 2.37420645356178 0.922419309616089 21.6289812922478 478.798442572355 104.443497627974 27.1333320140839 28.8725794255733 1254.68589788675 1.33444595336914 98.0294211506844 219.885781943798 0.736367762088776 81.2081587612629 0 724.767525851727 10369.3773022592 3.2689645588398 2103.51577085257 158.615623801947 12770.9888791144 86.4151256084442 133.567930757999 11646.3010967076 5072.48408389091 264.623459219933 248.038223654032 1968.95142090321 29.9542490839958 1.0191148519516 31.8312979638577 3063.96025520563 25.4756565093994 1374.97934705019 1350.34814223647 4920.63726451993 665.417386621237 43.0827990472317 15.2296656966209 10.8177205622196 33.0177207589149 10.7262818217278 48.1387700140476 3.99337300658226 0.809966742992401 0 0 0.545823931694031 125.694028675556 151.78624138236 0 0 0 12.406797349453 0.492500692605972 6.26373904943466 0 3.01951283216476 0 16.8422789275646 0.547684788703918 0 9.73681780695915 38.6738011240959 2.13815173506737 17.7415884137154 0 20.6235391497612 14.2479246854782 92.9129487276077 8.55168157815933 38.1078183948994 137.007025271654 541.754671037197 10.5958177149296 0.283322602510452 9.99341157078743 0.876527667045593 0 0 6.4220330119133 15.3352198600769
4.32019233703613 56.8505675792694 83.3052161037922 0 0.503805041313171 1.09974896907806 13.1321560740471 3.29137298464775 2.78136751055717 0 11228.298940897 0 485.959305673838 10.5544841587543 0 0 724.767525851727 0 6269.25440502167 0 25.5391439497471 7.35165512561798 91.9654257297516 3.42665407061577 456.653615802526 6857.84580785036 1051.06575426459 8.04996263980865 15.4574027955532 41.8299639225006 148.259694218636 1.8293080329895 0.334541112184525 486.97711572051 2.63868257403374 95.8090062737465 336.037226825953 884.411021143198 70.6356862187386 2.55395990610123 1.00604259967804 42.6491114199162 1.71026158332825 1.27696466445923 0 0 0 0 0 0 6.50498676300049 2.37336984276772 0 0 0 0 0 1.3037850856781 0 6.01417249441147 0 32.3535213768482 0 0 0 1.69043242931366 9.13055616617203 3.87726375460625 0 0 0 1.56691586971283 0 35.5938764214516 40.6119006872177 42.720252096653 0.450279831886292 0 0 2.35080176591873 0 0 1.10664284229279 1.77880465984344
19.855834454298 225.432767242193 537.032383561134 0 2.45559120178223 0.488487273454666 73.6822317540646 22.5762760043144 9.68001338839531 3.58404684066772 6546.31839522719 0 196.987712472677 33.7307067513466 1.08762115240097 12.0281644165516 10369.3773022592 6269.25440502167 0 0 202.611056700349 33.4244544506073 834.286146819592 13.7190926671028 370.43975558877 11694.0514245331 1870.99032643437 41.9444355666637 45.5701536536217 262.74935400486 58.3068564832211 0.733733057975769 2.90492704510689 1687.42542126775 8.31891384720802 450.027364552021 679.978492826223 2277.9726537168 330.126689553261 8.02533033490181 4.19059711694717 24.8857662081718 5.51203680038452 3.52312350273132 9.55874013900757 2.36879453063011 0 0 0 0.849680781364441 25.0480471551418 12.8668982684612 0 0 0 0 0 1.99337187409401 0 1.22407042980194 0 19.3769069910049 0 0 0.972046732902527 6.34864908456802 4.40443795919418 11.715018928051 0 2.46042501926422 1.56197959184647 11.1354177892208 0.927039355039597 34.0579908490181 64.7486803233624 128.234769880772 2.15665209293365 0 0.51243668794632 2.74791544675827 0 0 0 1.06197535991669
40.8430824279785 2.20048081874847 7.11214488744736 25472.0590186417 7.58625423908234 904.815660297871 1141.70767787099 347.671669751406 251.833676606417 17076.6984482408 0.759683907032013 25527.7383936048 0 252.872973263264 61.9408577680588 3.8292191028595 3.2689645588398 0 0 0 13.4239212870598 17.3606722354889 26.3462783396244 2052.8693638742 0 1.66943097114563 12.3550291061401 5181.83914619684 123.973804980516 15.4522607326508 0 2.53372851014137 13.6788022518158 42.8574542105198 4.22727701067924 180.313413858414 6.55159115791321 103.461935609579 20.7807703018188 188.915373891592 19.1906106770039 0 8.49510979652405 0 1.09530818462372 0 0 0 0 0 0 0.631189584732056 8.47036916017532 1.27055621147156 6.63256239891052 28.4839782118797 5.83089584112167 31.6634901165962 11.6641203761101 0 142.801000952721 0 0 1.92423433065414 0 0 0 0 7.24269545078278 0 2.34435611963272 2.06047582626343 51.8903259932995 0 0 1.10338795185089 42.5016736388206 1.17026770114899 1.12186318635941 0 0 0 0 0
298.837949752808 126.199238449335 1536.38488715887 10.3395857810974 1.96740573644638 62.1709310412407 2406.57056114078 333.292582809925 61.2546141147614 130.745105981827 80.3663980066776 4.3399310708046 18.5887282788754 438.339807420969 2.1686863899231 10355.5146105289 2103.51577085257 25.5391439497471 202.611056700349 13.4239212870598 0 793.675283461809 28010.4902501404 1575.90946704149 23.4067314863205 626.970381528139 2174.6368663609 12424.5124971271 676.882993787527 18770.8160415292 0.770252019166946 5.83954939246178 184.854297846556 3817.43579337001 230.390456587076 4295.53776997328 625.743438571692 6200.18215298653 1074.40069568157 355.320812672377 79.8559293150902 2.11930650472641 70.7646953463554 8.47278574109077 54.0715319812298 11.3951327502728 9.73908045887947 0.551905930042267 0 12.7455751895905 11.2896411120892 45.3153427541256 4.54699364304543 0 4.28115543723106 103.902334630489 16.9592978358269 17.794125020504 5.31703755259514 1.03513994812965 0.622845470905304 0 29.6460454761982 1.74011182785034 129.509773433208 3.66382104158401 0 0 0.762713074684143 106.690013736486 55.1288666725159 146.150458484888 199.830275982618 1.99045491218567 14.4811917841434 113.186631768942 241.833094954491 19.4773195981979 94.1576583087444 0 0 7.62174198031425 31.5598753094673 37.6036919355392
66.4021591246128 2648.12062954903 476.65644288063 22.9217178225517 2.74557086825371 22.9167865812778 432.369577497244 69.1092631816864 6745.64195671678 82.6858527958393 43.6168520748615 37.5254182517529 137.787784636021 93.7121728956699 76.7812506556511 4005.72674736381 158.615623801947 7.35165512561798 33.4244544506073 17.3606722354889 793.675283461809 0 2375.24742376804 8371.21180143952 527.893316686153 291.875075668097 7961.91193374991 1482.7432577014 167.185542374849 526.908032029867 4.00087183713913 0 43.7022074460983 231.98709654808 54.6382121741772 1061.4673075676 277.709346026182 713.206533104181 251.184838533401 211.706764608622 13.6285983324051 33.4437392950058 57.1239646673203 14.7210741341114 82.8953223526478 13.0744862258434 4.63700494170189 0 0 5.6661628484726 14.4007307589054 70.5737996399403 15.8496309220791 0 0.774284303188324 73.238100707531 15.9248247742653 33.1406577825546 12.9849641025066 1.03943955898285 1.57462251186371 2.53555345535278 16.1828939318657 0 198.500723063946 7.06531539559364 1.38572758436203 0.445691347122192 2.41165387630463 79.1400932371616 106.849171489477 365.345506161451 166.961521476507 7.71396350860596 14.6197302937508 385.855272442102 182.123290121555 11.1475709676743 61.7916852831841 0 0 1.28906583786011 22.7989885807037 10.8519912660122
364.83329051733 613.735810786486 12862.0823380649 23.9264989197254 5.28868719935417 98.1561322808266 3646.42119795084 474.318998843431 124.881243288517 241.81198439002 264.805718451738 13.9057771265507 51.4059687554836 737.598790943623 8.67537003755569 23742.8576857448 12770.9888791144 91.9654257297516 834.286146819592 26.3462783396244 28010.4902501404 2375.24742376804 0 1719.72852483392 74.9700470864773 3364.0469006896 18896.37595433 6641.15814363956 818.019755810499 9190.42447075248 4.27927547693253 5.64169353246689 188.016730159521 3567.30998814106 438.816925406456 8914.59808650613 2967.14170205593 11075.361810416 2958.59424588084 651.306182801723 138.733763605356 10.4807569682598 169.912394911051 49.3020017147064 197.783026814461 26.3067282736301 12.9860557019711 3.36523127555847 0 5.65635576844215 111.243801832199 359.874420672655 7.9243506193161 0.501327931880951 1.94280257821083 125.980523198843 14.0949062407017 34.5189709663391 10.4584998488426 1.08174222707748 2.1244803071022 3.47446545958519 26.9422519505024 0 510.204921811819 62.5139037370682 2.82064452767372 10.7765293717384 1.7531555891037 140.402483731508 180.46832510829 1159.77530193329 181.68499070406 9.92824772000313 66.257234364748 1157.2697942853 197.827688604593 11.6149485111237 99.8031055033207 0 0 1.26011383533478 30.1377431154251 100.366175740957
293.373734354973 448.205533117056 231.881760001183 2159.95377415419 14.3622878491879 402.747386664152 5629.56682148576 687.695599585772 14083.6310786903 2394.78656575084 27.3037396371365 587.017004519701 33.8858405351639 656.227672189474 409.892067283392 2794.14541020989 86.4151256084442 3.42665407061577 13.7190926671028 2052.8693638742 1575.90946704149 8371.21180143952 1719.72852483392 0 124.775683522224 127.45255497098 1428.36827042699 34362.0338231623 672.448951005936 1446.85214722157 0.433566629886627 7.1718946993351 177.551140487194 420.904424101114 76.0518034398556 1756.72456914186 116.491169959307 807.826988935471 152.580418080091 745.297901809216 76.3301802575588 6.38992786407471 230.932742983103 11.5338205397129 145.222647190094 25.5346271693707 74.6169808208942 11.197519659996 0 42.0500123202801 9.28797766566277 25.8886635303497 330.557428151369 4.39126834273338 80.7918045520782 1248.42222741246 119.602261811495 612.931357502937 298.144088089466 0 129.496106117964 1.49556985497475 132.795234322548 54.336905926466 132.788258045912 4.23352897167206 1.29657804965973 0.742673218250275 69.2573256194592 126.534689307213 119.822737067938 107.444494575262 1918.19856449962 2.50835049152374 10.1532688736916 84.3951217830181 1865.06421226263 90.7071564793587 230.128607720137 0.591049373149872 0 21.6536673009396 79.0858574509621 20.2523325383663
4.08200615644455 4259.59586527944 80.162631303072 0 0.598939955234528 1.84416654706001 15.4240555465221 4.52440866827965 285.412184625864 0 2873.54884254932 5.85894125699997 10314.8520205915 6.66576275229454 8.35198333859444 47.7216044962406 133.567930757999 456.653615802526 370.43975558877 0 23.4067314863205 527.893316686153 74.9700470864773 124.775683522224 0 3079.76797482371 10933.9706360102 36.2172040343285 7.82999143004417 16.3032574355602 285.519947767258 0 1.4981577694416 226.949654877186 0 75.3851448297501 2419.56995987892 607.220284253359 48.235815346241 14.2827924787998 0.379549890756607 2435.09695643187 4.78699570894241 16.2081367373466 29.2970324754715 2.74492436647415 0 0 3.23402953147888 0 54.5579309165478 14.3787312507629 0 0 0 1.65975415706635 0 0 0.926751136779785 65.2556356489658 0 418.457012683153 1.97973883152008 0 0.828834652900696 7.77088272571564 43.7433026134968 34.0433027148247 0 1.49133348464966 8.74637594819069 6.56381225585938 2.598084628582 513.955843687057 411.491057276726 417.084213733673 1.94909732043743 0 0.950534522533417 29.4146581292152 0 0 11.2365109324455 0
67.4152601361275 2173.89221918583 12083.3570430279 1.71204423904419 0.634399235248566 24.0878908336163 489.616789638996 110.411914527416 72.2988942861557 34.5691164731979 14129.7642946839 3.77180194854736 5169.51207658648 171.642402336001 3.41131508350372 100.640817523003 11646.3010967076 6857.84580785036 11694.0514245331 1.66943097114563 626.970381528139 291.875075668097 3364.0469006896 127.45255497098 3079.76797482371 0 48546.818079561 328.917561799288 151.745368778706 782.372513517737 3094.94080382586 0.564651787281036 15.8276132047176 2038.95648786426 24.2966398596764 1522.19337669015 2067.44464898109 4796.71641558409 780.732458800077 30.7971406579018 15.631613522768 88.2476764321327 48.2283774614334 22.9578456878662 62.527726829052 13.8515310883522 1.98569995164871 1.49281549453735 3.35432589054108 1.16988778114319 224.751870632172 158.58080509305 0 0 0.706511199474335 9.75177955627441 1.48772007226944 3.9626886844635 0.350053757429123 47.3283329606056 0 206.838496416807 3.16364449262619 0 10.2957146167755 50.8453738093376 39.4165190458298 65.4491700530052 0 13.0928615927696 19.4157089293003 86.2469473183155 9.16106498241425 362.1132632792 659.66751101613 1069.61803874373 10.700607419014 0.589548587799072 6.90099519491196 25.5650260746479 0 0 14.0565699338913 13.1801058650017
80.7004462778568 11833.4834648669 16364.9665147662 13.2225144803524 1.56288135051727 24.3278366923332 854.385800480843 124.850370526314 383.751907020807 81.3658705949783 3232.45593452454 1.33740499615669 7175.85595792532 179.752236425877 6.18116000294685 7148.74253803492 5072.48408389091 1051.06575426459 1870.99032643437 12.3550291061401 2174.6368663609 7961.91193374991 18896.37595433 1428.36827042699 10933.9706360102 48546.818079561 0 1629.05126106739 224.134108245373 908.954926669598 3259.42510217428 1.64513605833054 39.1922827363014 1360.88150176406 156.43884280324 5170.40558174253 2717.73367324471 5735.08441528678 1876.88129651546 202.76980099082 73.718384116888 90.3595012128353 227.927384078503 91.1873089373112 361.06448829174 54.5167392492294 11.7882928848267 1.94042247533798 6.60267239809036 7.34191989898682 695.020773291588 915.500771045685 1.55687201023102 0 2.52385297417641 117.590050667524 8.67409300804138 30.6679618656635 8.45518472790718 44.4377401471138 2.53037714958191 222.406432896852 14.1491864621639 0.596853256225586 319.487855225801 223.477426469326 53.0141498148441 138.89837294817 0 176.962770700455 307.818892866373 1475.20677098632 97.2559088766575 379.276589900255 970.601414859295 3769.80378073454 146.30038228631 7.89218869805336 76.6074060499668 19.1511759161949 0 0.537214636802673 75.3528391718864 45.6007442474365
523.009773671627 156.712314546108 1026.88736394048 13618.0849759281 14.0508458614349 1010.50547531247 21875.729036808 1088.31626933813 2552.40325024724 10856.5228037536 25.0250622630119 1214.90595579147 23.7585415542126 1235.57514312863 87.4568467736244 2534.58447575569 264.623459219933 8.04996263980865 41.9444355666637 5181.83914619684 12424.5124971271 1482.7432577014 6641.15814363956 34362.0338231623 36.2172040343285 328.917561799288 1629.05126106739 0 1243.21000027657 13449.7647378147 0.846785843372345 6.81096097826958 331.265850067139 1206.00983381271 171.733558475971 3353.01747173071 233.078474789858 2035.79035255313 440.644034951925 446.525141626596 153.512976884842 6.46772989630699 161.801269650459 6.76318272948265 107.857044696808 13.8884084820747 47.2420057058334 6.03828793764114 0 37.5729117691517 9.80696749687195 27.1887346208096 124.942309737206 3.93906736373901 51.1829567551613 916.731963008642 97.4470359385014 391.472326278687 179.690129637718 0.885474324226379 95.2108909785748 0 92.1938856840134 28.7918952405453 131.337694704533 6.86635768413544 0 3.06946092844009 63.4094913303852 128.624777376652 95.2259955704212 121.065043240786 1471.00344944 0.520646810531616 8.44919687509537 89.7699877917767 1342.02360495925 88.571073949337 186.287687838078 0 0 20.1361636221409 46.4599047005177 28.2310573458672
21177.4047892988 30.8100353181362 123.163716584444 71.3457331359386 786.960587263107 1328.36595800519 3289.40323731303 2800.64064615965 130.368527650833 697.845198124647 195.279746621847 66.4477877020836 35.9593217074871 11053.3322051764 59.2329817712307 130.372402459383 248.038223654032 15.4574027955532 45.5701536536217 123.973804980516 676.882993787527 167.185542374849 818.019755810499 672.448951005936 7.82999143004417 151.745368778706 224.134108245373 1243.21000027657 0 5728.60120931268 2.55252927541733 3367.99111399055 8960.92538431287 4685.2339784801 124.477484762669 2627.61792302132 120.862767994404 3799.4550820291 238.923197835684 987.72763350606 1432.6522423327 9.02565914392471 16.5657103359699 0.580506384372711 10.0342287421227 1.25397220253944 0.786156415939331 0 0 3.5005646944046 0.8109330534935 5.71581009030342 2.5247238278389 0 2.9726430773735 40.6411427557468 5.87776535749435 14.3193897604942 4.93114823102951 0 7.93065297603607 0 8.91085714101791 0.671810925006866 7.67845818400383 0 0 0.416301786899567 0.837248563766479 11.4088102281094 8.9713830947876 11.2061603963375 80.4789705276489 0.383173406124115 1.85080748796463 10.1816255152225 89.2109657227993 5.85666218400002 15.2176942527294 0 0 2.10079470276833 6.11363869905472 11.96228069067
4381.07646390796 139.760232776403 1106.40972012281 13.778921931982 14.2067342698574 192.043849736452 13204.6474153101 1035.84032043815 170.434279441833 200.277029454708 98.6830023527145 10.4316735863686 20.8489798605442 2512.2454598546 10.1992925107479 595.49324709177 1968.95142090321 41.8299639225006 262.74935400486 15.4522607326508 18770.8160415292 526.908032029867 9190.42447075248 1446.85214722157 16.3032574355602 782.372513517737 908.954926669598 13449.7647378147 5728.60120931268 0 1.22458508610725 14.2467004358768 775.583603471518 5097.44339522719 173.481720328331 2957.8115863204 406.151108711958 5394.02133896947 663.113677173853 270.272441953421 143.753508061171 4.51904845237732 51.4073259830475 3.69813597202301 41.6210455298424 11.7652657926083 8.97004109621048 0 0 4.0474334359169 16.0754822492599 25.4926916658878 4.13474437594414 0 1.94752895832062 98.726352840662 11.7156001627445 15.3449539840221 11.4653237462044 0 1.82149308919907 1.11471712589264 20.4941382408142 0.496734350919724 48.6621988415718 7.95003855228424 0 2.3209456205368 0 46.5437538921833 31.4757318198681 59.1762658953667 174.304140985012 1.87366461753845 14.4426046311855 98.5720600783825 220.82522046566 13.9847481846809 55.8932654261589 0 0 5.40881621837616 9.34450730681419 26.7155287563801
0 29.4191379845142 12.5897456407547 0 0 0.338440865278244 1.01922982931137 0 4.29873231053352 0 2571.58600494266 0.369843363761902 3835.53215152025 1.70966321229935 0 0 29.9542490839958 148.259694218636 58.3068564832211 0 0.770252019166946 4.00087183713913 4.27927547693253 0.433566629886627 285.519947767258 3094.94080382586 3259.42510217428 0.846785843372345 2.55252927541733 1.22458508610725 0 0 0 37.239219725132 0.703751921653748 8.53524801135063 62.232812166214 101.289488226175 6.89779478311539 1.00490486621857 0 17.388170003891 1.09758841991425 0.780573964118958 0 0 0 0 0 0 1.84387814998627 0.496950089931488 0 0 0 0 0 0 0 3.76831650733948 0 16.0287415981293 0 0 0 0 2.33763942122459 0 0 0 0 0 0.318910539150238 9.80689150094986 24.3229087591171 17.9183389544487 0 0 0 0.514731884002686 0 0 0 0
45.8442129790783 0 0.776785016059875 3.45596319437027 2596.17730093002 1910.49244734645 69.2424149215221 1782.41018995643 3.2615892291069 38.6541186273098 16.3852422237396 6.18988007307053 4.99009013175964 1743.0799651444 133.471859872341 0 1.0191148519516 1.8293080329895 0.733733057975769 2.53372851014137 5.83954939246178 0 5.64169353246689 7.1718946993351 0 0.564651787281036 1.64513605833054 6.81096097826958 3367.99111399055 14.2467004358768 0 0 11.6761980950832 1673.93299359083 4.58314448595047 87.5653860270977 4.31903904676437 306.443459689617 6.22901859879494 299.182267546654 2029.70204856992 0 0 0 0.762870609760284 0 0 0 0 0 0 0 0 0 0 0.622507274150848 0 0 1.2498574256897 0 0 0 0 0 0 0 0 0 0 0 0 0 0.422398686408997 0 0 0 0 0 0 0 0 0 0 0
488.450490027666 5.40434348583221 29.1839002370834 9.54161733388901 4.45775604248047 22.223987698555 371.751674354076 45.8928124606609 27.5427721738815 60.4397009015083 9.75270909070969 5.30311420559883 4.7407557964325 170.399849265814 0.979162573814392 35.6633867919445 31.8312979638577 0.334541112184525 2.90492704510689 13.6788022518158 184.854297846556 43.7022074460983 188.016730159521 177.551140487194 1.4981577694416 15.8276132047176 39.1922827363014 331.265850067139 8960.92538431287 775.583603471518 0 11.6761980950832 0 1031.83419451118 42.722609102726 848.679690569639 28.5071398019791 946.961706072092 109.026240408421 65.6470487415791 57.5554557144642 0 2.850501537323 0.925938069820404 2.4481782913208 1.8361354470253 0 0.424864560365677 0 0 1.25693023204803 0 1.5007209777832 0 0 19.1750630438328 1.78139579296112 5.39960914850235 0 0 0 0 1.87829953432083 0 5.49137437343597 0 0 0 0 3.65104919672012 1.77518451213837 3.20691099762917 7.83440321683884 0.422250688076019 0 2.71709370613098 18.8792431354523 1.33662444353104 2.75836145877838 0 0 0 1.62753438949585 3.82297563552856
