0 130.655415792576 108.805667962835 80.18821864026 78.74685474461 60.9893228106476 36.9534342162928 45.683218806631 78.5841195614266 78.2576597725526 102.858993676408 72.2619906816257 110.262588388862 17.2151121185379 72.6070665965522 92.0550261844081 107.701411199035 134.300398242543 126.121951623836 74.145135806486 87.5644233455987 85.7523568395336 97.4237143391875 80.0458044077792 139.215548312165 122.152645221788 124.499133150371 78.6389146899294 16.3894001017741 33.8392342589712 0 81.8299984954631 35.1763321110206 54.8517919409671 123.969838640529 68.6838555594481 90.2274724771795 65.133567813476 82.7595019960431 55.7076825232669 64.4119317738909 88.3503239979196 160.750371036705 126.396194458008 163.060158418565 0 176.516467476282 0 0 167.079360961914 129.948960444268 193.394561767578 185.71034450944 0 0 154.994225015643 190.584524757632 110.608015952813 188.812766313827 192.218154907227 0 183.889984130859 0 143.663223266602 139.498220076583 185.410614013672 0 144.89599609375 0 150.53794101154 111.663134536289 177.925935649476 137.831219680704 0 190.165328371157 165.840613925871 145.371348862152 189.887703413058 143.89193009363 0 0 147.595428466797 150.490038381694 157.365580543878
130.655415792576 0 41.9430211894637 120.400715185204 0 147.253714445056 116.616590303252 150.309744476594 60.1938685604241 141.46598223665 61.8881639740302 89.6154148343002 41.1370932119386 127.923553673351 95.0982955169411 61.356663906571 56.1300483601847 67.4251717726182 62.73861775199 102.188603484064 89.3123123687192 27.1675586377156 67.4562083005322 76.0206574976 21.4888582102475 45.5576469012654 25.7739431327846 96.9815866330309 118.502963576805 99.0109949435826 63.544979917282 0 112.503303449641 56.6158865274996 127.662030903959 69.8026710402592 43.1110696214068 56.0295716785428 59.3694173064303 76.9320652323817 71.2155028752439 38.9914388707467 76.5634833125899 87.086155390842 66.7794350790267 65.635362251858 77.862841826784 192.061956674933 103.306926504924 129.516937344414 23.2765443844906 56.6483637031589 151.746772108747 0 0 130.861955269574 148.419817348681 82.8456476732204 0 75.8313318231718 0 66.2161877651509 237.296310424805 0 71.3358066063497 61.2282550597337 78.8814291512133 71.6836440829762 0 100.901192632374 51.7562376392462 81.5808085640327 127.078072105756 33.9625134115984 60.9851974192653 52.6279130333007 143.770805484421 130.474899078836 123.408436961418 71.9435703894599 0 0 81.9239338038511 132.659190685749
108.805667962835 41.9430211894637 0 128.531912592215 0 130.347165276088 94.7293854020861 119.593166834967 97.1335077350906 117.550297351218 77.7268423492208 138.827463229935 84.4779508154663 113.100598878586 133.410493632476 78.4921721677117 37.1093324756154 74.0021681969625 58.9679134852062 123.904448414939 61.9292570586924 48.827689956344 34.7400624529892 95.4851235411781 68.3967914247785 32.1067350594361 37.5366252823369 81.6427244480693 112.47940716761 78.0186823704936 85.5947445073211 186.168670654297 105.69360122184 69.1111327687459 138.270312348595 69.8702940610327 46.6284053577563 56.394986171859 61.0117935724947 80.7857439679137 86.9073335171639 96.3900576755982 114.772916586368 97.5053376368551 97.4043111928807 105.217153065785 128.515830619657 147.858306884766 0 152.131652832031 59.1356289617362 88.3662848596721 172.643020629883 0 232.739318847656 152.100032132498 171.244768387454 117.623620613904 162.881142015332 131.205929173601 182.700514696395 102.444711614953 169.824344370735 0 100.037990621284 100.945392128878 147.914921501242 127.785004493398 187.677215576172 124.633440128148 77.7746285159984 104.061265636433 132.807241475946 88.337984806085 105.715969020621 85.8645320248693 142.976278342241 154.1657467558 136.278771022761 137.749913279454 0 155.782080559018 105.581763629477 145.174402373898
80.18821864026 120.400715185204 128.531912592215 0 129.855596990009 58.368001989659 48.365393356735 77.0691979394639 67.0638789243958 21.5816843168611 129.783279418945 35.7186271725655 0 90.7813882270075 77.305197594017 93.8613659209077 138.518925451501 0 0 12.617911741389 114.287432223911 87.5648708220356 117.539674946272 34.2988218426937 0 148.958163831298 130.621554409258 18.1331446502581 98.273948484136 101.562989831903 0 133.878934329797 87.316645125331 91.2529154890973 146.92829720859 91.2800004957581 146.173913281001 96.3458976557261 89.7857493624879 75.5351609810372 100.647173916039 0 99.6852225278291 0 166.951461791992 0 113.014320687674 0 0 237.024536132812 0 0 31.6715689559619 0 119.176623789032 139.95530671908 149.060918266774 100.233675967644 47.7140362495139 0 43.1565444977221 0 107.532344999716 103.454002380371 0 0 0 0 46.5752944969903 157.248235473082 95.2113265991211 170.755752563477 124.029373794836 0 0 165.176924600699 122.064432187816 100.590993009594 156.813582691643 0 0 0 82.8666458129883 0
78.74685474461 0 0 129.855596990009 0 13.9015385250264 103.437132457846 34.9984629289293 48.6495412010937 110.364687585753 64.5637088999147 51.9680882630655 0 45.414665631841 16.6175980329889 0 150.661304517443 91.7330932617188 92.6894816758906 88.9754241832524 134.419663571851 118.636149733158 130.867070636845 75.145682853357 175.500762939453 106.434555053711 159.03708300152 125.645346750286 35.1836456906555 107.098971530057 0 14.5956034972268 73.1536225660451 13.6255479994523 96.1131633565581 78.3809866310074 130.997252898079 39.7660431234322 67.5419848374666 11.6569158438614 11.4119937652224 80.0590467671641 0 0 0 0 0 0 0 0 0 0 0 0 0 208.526458740234 0 0 0 0 0 0 0 0 0 0 0 0 0 0 0 0 0 0 0 0 179.14399289339 0 0 0 0 0 0 0
60.9893228106476 147.253714445056 130.347165276088 58.368001989659 13.9015385250264 0 49.0262662868845 25.1823097617675 74.0327336926511 33.635819606178 74.5078564864218 25.2222169100253 66.714064566648 37.9516750682157 16.6925620965436 122.955638827878 139.287430137166 105.499176025391 167.31884765625 40.1834804202878 110.314589621248 105.837575251399 123.187728094761 73.4383825374769 112.525659580861 140.652890667555 141.804261857349 66.9954725914814 39.6487600445979 87.2335861303028 246.414566040039 18.0721681765018 83.6072261043838 27.8033352784997 117.014960412488 83.8189300136274 106.710095559317 51.5347537389612 96.3498328167926 17.6079375962748 18.3756281507378 66.2255408846848 178.985615858172 0 189.724706955993 0 139.698774017227 0 0 0 188.019301966873 0 149.946589259149 0 180.133653282932 161.849963100726 230.839546801202 111.842466001046 169.094769241059 0 56.996873196314 0 185.8192391902 130.879208925347 179.140766304339 150.351425170898 0 0 152.530128981834 184.377434472977 124.923277043249 172.108780317722 140.720748496096 0 0 185.393000762161 158.056429419644 194.499121219661 207.372469305205 0 0 0 229.926422119141 0
36.9534342162928 116.616590303252 94.7293854020861 48.365393356735 103.437132457846 49.0262662868845 0 53.1431641404556 58.1143662745934 29.7473235968942 129.272463016215 44.967296415258 121.3968100916 41.7202247256295 76.814758551011 86.5320089738698 107.123084910843 140.520224026884 127.355651725328 31.7321001211481 75.7211396191534 77.2044549262645 86.8384752843974 53.2863515199729 138.373896268619 118.587213669733 111.256928453282 38.5765219723809 59.3650905665233 33.526846893483 164.058359078322 106.094307252546 62.6267806651175 71.9632938400529 133.339320542887 79.9929561264838 91.8887908243642 80.8059169841491 88.6214085990284 72.4798462962862 82.2028186366488 107.608481599723 146.410825999702 157.960493277538 152.564245736706 144.280057374601 122.180181479249 161.552519602222 0 166.43728500697 153.085925739644 155.541517439586 133.679210526401 0 145.137695526274 131.363250747664 160.147155619616 86.9018543216239 141.889040332473 0 124.414032691606 161.336059570312 165.501280043126 121.49771793114 136.187774669383 158.831525301925 0 0 130.424789499875 152.777568040955 129.998935018593 159.048991066052 115.312339667975 173.481262207031 184.737536616277 153.530314032187 131.39098398556 163.452485442449 144.835255624065 0 0 141.785892945347 155.93297425516 161.839948350502
45.683218806631 150.309744476594 119.593166834967 77.0691979394639 34.9984629289293 25.1823097617675 53.1431641404556 0 82.8802565639407 48.5102797585991 88.5569488025101 51.460188936091 77.7143040542956 19.2986507964628 36.8327822046065 117.40782892906 127.301305801092 138.714622323451 141.217647475883 58.7340119999858 105.217303767807 102.215220318819 111.222640897937 79.2378286858543 126.642547620168 140.929828922205 136.975924344971 84.3189853759643 36.9475456655092 75.6388608018835 0 20.1357164658258 80.9494174602777 47.8304390862963 140.373179755679 88.8217766077809 106.933741557969 65.0489137248524 100.935511553503 38.4601764621212 32.7985262985148 91.917845339216 168.464420678831 195.299624272601 167.857389878272 146.525955200195 165.613384688058 0 0 158.028350303975 164.284095603364 186.88540696777 161.565767483373 237.422210693359 182.265871862602 156.582622182321 176.062100679417 105.355028909717 166.67041950528 0 150.045488248554 219.05615234375 182.376841305916 156.981799314132 153.628014991634 182.319488525391 0 216.707717895508 152.929377174509 182.837529807145 150.013933031741 190.215059436177 138.50875942787 172.309628907082 201.737344673893 179.2468409287 153.229508823624 190.442354548816 162.01762376898 0 0 156.21551101012 141.703293802163 188.876839197798
78.5841195614266 60.1938685604241 97.1335077350906 67.0638789243958 48.6495412010937 74.0327336926511 58.1143662745934 82.8802565639407 0 77.1124284907507 130.296858697212 16.2296580315216 109.98121214465 86.0781432374473 19.4602233507741 50.5820127021564 120.844507170989 122.404853462219 128.341072024932 57.7888928236151 80.6348051240799 25.6157667553132 91.9070125288453 24.507693636809 94.9658783484252 112.796129327887 84.6374423055786 53.7373053850327 85.3475788224303 66.3113353668815 123.533564551894 103.898761582813 70.0577200441957 73.4577600641746 167.277760020138 42.0280236346673 96.1701627551813 90.6654444714747 80.854052188839 13.9375679802486 85.7473296428498 107.31500390533 84.5152701177869 0 107.106132067701 104.52844674379 72.2830142574091 135.576978247962 0 102.250715669558 83.2592178126506 109.268313462531 79.5490787701895 70.8320192105436 103.830497909984 87.7109707849476 117.078200013929 35.1684531353411 95.3721249542417 158.830963134766 78.668295559711 133.702502690562 123.229432949644 62.9800443345972 59.15596117848 117.669021606445 132.741058349609 0 86.4866953563297 92.1047337465531 36.4159294149176 115.068898628603 65.0365085188674 98.120634210538 151.056775183524 113.934441733269 84.0584080271532 116.191741107872 100.939361582905 0 204.400939941406 102.292793780276 106.996706505404 199.915432346028
78.2576597725526 141.46598223665 117.550297351218 21.5816843168611 110.364687585753 33.635819606178 29.7473235968942 48.5102797585991 77.1124284907507 0 136.973122084495 21.0021689994123 117.609468290622 58.361286351033 79.1512444179864 108.584925959632 139.408874694322 0 163.342274349573 17.5654304767364 109.702884642229 98.8253380304479 114.934757819678 61.1182057334704 0 153.444267615133 136.099498085427 39.6458403275381 97.9414006362937 86.7777903781607 0 127.774675171337 86.8101444783863 98.4071265639635 154.450897445231 98.8151516181081 120.445990625205 97.3446015884044 106.037868782408 81.6779611337861 100.845757430496 145.192839499843 159.149151533332 0 180.267700848171 177.879772088491 133.145069545896 215.284255981445 0 172.288108755091 186.544860839844 0 153.324141134907 0 173.487499849092 153.032228102824 186.518889943203 109.531200505524 166.686717555375 0 27.9854857451721 0 188.751236849079 122.789462659777 181.48221243208 188.638691163869 0 246.764709472656 151.301859110621 167.878938943414 140.147317555853 198.898648871957 134.498424780607 0 218.314422607422 182.914220175902 155.626936279829 185.202584776317 169.82901001294 0 0 180.36003112793 167.63507498253 152.989349327899
102.858993676408 61.8881639740302 77.7268423492208 129.783279418945 64.5637088999147 74.5078564864218 129.272463016215 88.5569488025101 130.296858697212 136.973122084495 0 133.667620150643 17.9886520218459 82.618032602203 62.2140081627829 119.577132520225 56.1759148317221 22.1534110780089 26.0323386029104 107.818878173828 102.189006659524 94.9379408950981 88.6890470609436 136.399577129888 31.2245284352513 29.0499095476994 49.5226100392439 139.174714056757 72.9434187030245 108.955645127343 19.2992124618296 68.5141440348459 87.7232633934158 23.4369580836251 122.754532258449 74.7309220027927 23.3333322303675 26.9626112897334 49.9649254024304 60.2551168169899 51.7241448372322 15.9027524716008 169.246306270232 112.696161596773 109.832444597456 146.740936279297 0 202.277923583984 56.8113098144531 0 103.399768025716 128.577300591923 208.59602355957 0 0 197.780410766602 0 126.752601623535 0 86.4380046201517 0 61.1587737942405 213.385360717773 0 155.483474731445 137.759257993062 100.465809819281 105.660721013238 0 168.282750620862 186.05876159668 153.835749836005 206.964121415597 64.32488806154 102.151104929717 103.932106129761 176.708694458008 0 0 96.5855433460672 0 0 90.7305679321289 176.490451808836
72.2619906816257 89.6154148343002 138.827463229935 35.7186271725655 51.9680882630655 25.2222169100253 44.967296415258 51.460188936091 16.2296580315216 21.0021689994123 133.667620150643 0 126.858963012695 68.9865266582584 16.974216455795 104.603444556744 140.593566894531 0 0 11.5871431480781 130.792124244385 60.7570659693088 115.866671183563 38.3868440131169 125.613280705227 175.30678973236 112.617834618806 47.3896597958474 97.0339061562345 122.184156430013 144.390365600586 100.656812404521 83.2639759795574 88.3259839731169 143.40706497457 32.3529821158545 114.570840169254 89.8864569048772 90.7692645673193 14.0117496318414 93.1773435422064 130.881011962891 41.8024281931366 0 144.208402698253 0 72.5560326089807 0 0 0 0 0 116.783486897283 0 110.144339337342 119.814291522503 149.680590647987 62.0784157200863 121.000095598312 0 12.5755312009292 0 134.544621222285 75.3881159950212 125.414579340071 0 0 0 114.161415088605 189.627960205078 217.969451904297 171.867931734912 93.1260665209656 0 0 0 116.869779275621 165.451416015625 174.267547607422 0 0 0 128.930084228516 0
110.262588388862 41.1370932119386 84.4779508154663 0 0 66.714064566648 121.3968100916 77.7143040542956 109.98121214465 117.609468290622 17.9886520218459 126.858963012695 0 82.8273522088269 93.7417583301059 106.846886559186 79.9744737520948 43.6641664052743 56.1963985366884 0 112.00551369406 78.0482954290644 105.895625433562 120.905928427752 16.8529031224637 24.3914044431904 23.9166267882218 134.887717391898 66.8850370805402 118.855214391708 11.8017945672966 70.5322159598147 63.1267014614454 24.1100037971958 74.8129109791517 33.579032945284 14.863825704471 20.7819545755475 16.3578668421561 41.8481930266962 13.7754222265743 8.94985683226115 21.2518469108243 19.8257599337285 31.8103212516371 19.6894469380506 146.043762207031 23.6691055070606 10.7198407342398 0 73.3455524117263 123.853628034714 0 0 0 195.32972762711 0 0 0 74.0577114069185 0 51.1261035312119 0 0 0 122.023680709299 89.8362281137937 99.1569581584841 0 137.43348886737 155.242716557323 152.188687120708 241.079574584961 46.5297231253243 86.6526893963226 81.7270206536211 187.564788818359 0 161.5986328125 84.821791947651 0 0 9.66413681851536 88.4367163937153
17.2151121185379 127.923553673351 113.100598878586 90.7813882270075 45.414665631841 37.9516750682157 41.7202247256295 19.2986507964628 86.0781432374473 58.361286351033 82.618032602203 68.9865266582584 82.8273522088269 0 42.3311677034774 106.682641456409 119.608003988627 126.721049347881 132.513788264671 69.8509098680987 97.999623328136 96.0091886320303 107.512961384211 85.4367511761164 126.184949590077 134.223395924599 134.920278473874 86.5981155204861 27.0748571938693 62.4363381715589 166.807309527234 29.432839760166 52.6571506319158 45.3024007528985 116.522298361007 74.9864664576141 98.5688418837643 57.9903927477623 91.4296739642759 41.6278963096649 42.1411452271971 73.5204085056619 158.015779968479 172.445495270895 172.750459405936 153.954058790169 137.215315741623 143.946203681741 0 211.676682086121 220.393310546875 171.906705482625 171.974831722199 0 164.696824158041 153.997252561997 188.489070477007 121.570596693665 158.960700149418 134.462585449219 133.362627553946 0 176.935948234834 148.270898342135 150.767270417353 191.006484197514 0 0 147.373957246113 172.146982581275 128.22145467781 185.995603045245 144.993612000243 0 191.193694943522 182.781208450237 153.625494204174 186.76542664202 167.649414081407 0 0 230.565673828125 173.97089799953 134.28899177739
72.6070665965522 95.0982955169411 133.410493632476 77.305197594017 16.6175980329889 16.6925620965436 76.814758551011 36.8327822046065 19.4602233507741 79.1512444179864 62.2140081627829 16.974216455795 93.7417583301059 42.3311677034774 0 103.55362642567 136.073908488388 0 136.263159785956 43.6566998386678 136.599595731442 61.82088198971 136.763578773617 44.2621257554621 122.622411686357 135.363745987992 136.251628591399 76.795081265408 45.5267085932576 95.465849284045 0 39.5982405693025 76.9992523193359 40.0040972799781 0 38.5871601354352 118.204967698882 57.0477717150816 161.864288330078 9.72718454215324 25.919462365675 128.963790893555 58.6986274719238 0 129.995147694875 0 74.254524230957 0 0 133.036788817401 0 147.750900268555 125.63127745217 0 137.918009736332 121.313799064031 115.126475351267 67.809722923806 109.107148171718 0 92.2148889334957 0 152.205358810672 81.9398651123047 0 0 0 0 113.443284040214 0 0 0 110.8135389887 0 0 0 115.665659147632 0 121.287782469313 0 0 0 165.314788818359 0
92.0550261844081 61.356663906571 78.4921721677117 93.8613659209077 0 122.955638827878 86.5320089738698 117.40782892906 50.5820127021564 108.584925959632 119.577132520225 104.603444556744 106.846886559186 106.682641456409 103.55362642567 0 99.0618277976597 0 124.967467541283 73.9876308988665 19.2349336120807 32.1357025761264 19.830871719332 34.7221680508818 93.6925960295813 101.750080504806 31.3928021783029 39.5350066760642 89.6731118301446 75.7697217199558 0 0 70.6919312235712 62.9148144930544 129.534282032313 68.3515055949966 54.3531064103886 67.6913573909714 72.0360597933586 77.7734228149605 81.3397851519543 122.827163756742 106.227118920379 95.6278510019016 107.923669692234 122.338224694726 125.52705049876 130.174743014366 0 128.818131267714 84.6849505344015 106.779594469006 118.449229625163 196.976425170898 169.952034886734 126.105472343183 143.215760849998 100.583608653038 132.622440627841 0 111.547264099121 197.877502441406 145.215274398366 182.852310180664 96.5057642026803 125.159364022359 0 150.576324462891 115.930923461914 110.10165099947 78.621749950918 107.510174213031 104.219512649574 174.11195132565 136.708326681498 105.633890201474 114.645133366904 142.610379447494 116.634477174194 0 0 116.162578694466 104.615949949009 150.172507690423
107.701411199035 56.1300483601847 37.1093324756154 138.518925451501 150.661304517443 139.287430137166 107.123084910843 127.301305801092 120.844507170989 139.408874694322 56.1759148317221 140.593566894531 79.9744737520948 119.608003988627 136.073908488388 99.0618277976597 0 51.9431583913207 21.9838528488834 139.05850450343 55.2120516419672 76.9834904613804 31.0970887036218 122.158965014883 67.5553737501107 33.6452608431738 65.0421520330426 104.78263717656 105.077991434846 73.807577805222 85.4543904437415 161.043746948242 102.237208458106 37.2898916233121 140.075109497153 71.5753237973746 42.2602629187795 43.8085704380781 55.3125811318051 97.4672516046144 78.5913088430542 72.8057358844596 128.777521785144 113.331816371246 117.341329862004 114.617787482973 126.824020385742 0 0 197.959594726562 72.6353187125025 109.992962745187 0 0 0 180.040920517052 248.464019775391 155.352356819401 0 141.790279486574 0 123.504787378837 180.458541870117 0 142.808611375646 118.582842082468 135.274619113682 128.715780111806 0 147.829064568627 98.0291465298825 133.910381589727 178.714728066082 95.5362925531189 113.858918858427 105.912745659928 163.208609842743 214.156066894531 160.08036935169 152.641948939653 0 0 113.371993896266 134.384787435581
134.300398242543 67.4251717726182 74.0021681969625 0 91.7330932617188 105.499176025391 140.520224026884 138.714622323451 122.404853462219 0 22.1534110780089 0 43.6641664052743 126.721049347881 0 0 51.9431583913207 0 17.811830763703 0 107.871872677207 108.523839700429 91.0754131579485 147.983507408598 44.7018851864924 26.9985319737962 55.7649377057518 139.654853697989 113.797077914652 117.840432189844 51.6055969904014 97.3741902046021 135.595245361328 51.7161916534099 161.796681797935 87.1893364863652 47.0470258317641 51.1706779680299 64.7745506551889 116.702414862482 92.1887130737305 51.5609310475798 156.710810212956 110.798742388768 0 0 0 0 0 0 88.2008044008184 137.678696079191 0 0 0 0 0 159.76774597168 0 94.5498075289233 0 85.6174278204535 0 0 0 155.734970092773 97.7309620415906 96.120223148996 0 0 0 158.50172018695 0 66.1637397552207 101.658913572488 104.647951106309 157.249725341797 0 0 103.676148142248 0 0 103.891708374023 155.536323066612
126.121951623836 62.73861775199 58.9679134852062 0 92.6894816758906 167.31884765625 127.355651725328 141.217647475883 128.341072024932 163.342274349573 26.0323386029104 0 56.1963985366884 132.513788264671 136.263159785956 124.967467541283 21.9838528488834 17.811830763703 0 0 85.0691034386675 93.1045664029794 60.802257620234 142.275377996381 49.4159598686689 30.3661715694661 63.1788408409851 118.608641604942 117.373607364609 99.6128940694196 61.2464844939965 175.850311279297 115.795671580521 40.4399651978515 149.815017421735 76.7219020809092 45.4547255890229 45.5082922447756 56.0725539115682 100.243919400982 100.499713391881 51.8015550999783 143.789259204209 85.2015028098967 112.907080813891 132.195132873843 0 0 0 184.480102539062 81.9042492907192 119.964561538694 0 0 0 0 0 172.284718700383 0 101.700670895533 0 83.3152076788798 0 0 129.967407226562 125.515248551599 106.664518656445 120.317786559075 0 176.99012679266 128.027761055286 154.32270635278 201.816337661023 70.964190051466 105.220487759923 107.157105913494 177.888015310814 0 155.7001953125 120.338384078494 0 0 0 158.07878112793
74.145135806486 102.188603484064 123.904448414939 12.617911741389 88.9754241832524 40.1834804202878 31.7321001211481 58.7340119999858 57.7888928236151 17.5654304767364 107.818878173828 11.5871431480781 0 69.8509098680987 43.6566998386678 73.9876308988665 139.05850450343 0 0 0 94.4004930051078 81.1979364455576 107.793179795948 28.5467012592656 0 165.512217453904 130.791686774334 30.9558848976473 80.4560719974861 97.3696172713971 0 112.727036239317 67.7787767687723 79.9649836473209 136.837094269231 75.7573447598959 112.551525372697 80.6833596966964 86.8428321397184 51.2550738594284 86.8837556670675 0 105.229206431253 0 160.901031494141 0 0 0 0 0 0 173.352416992188 136.498996492656 190.92707824707 134.891788650875 132.454088570575 144.013233846676 99.9464038730946 152.132690729826 0 23.1756626396705 0 0 117.248209150968 0 0 0 0 143.028724051775 0 153.813575451447 169.610550366566 125.32278732502 0 0 182.022705078125 135.104887303012 217.209199640012 163.599229622979 0 0 0 0 0
87.5644233455987 89.3123123687192 61.9292570586924 114.287432223911 134.419663571851 110.314589621248 75.7211396191534 105.217303767807 80.6348051240799 109.702884642229 102.189006659524 130.792124244385 112.00551369406 97.999623328136 136.599595731442 19.2349336120807 55.2120516419672 107.871872677207 85.0691034386675 94.4004930051078 0 59.1483905662183 35.8778165843721 42.8553195604625 121.352515804148 84.3095737541723 74.4893336415348 32.0688910029401 82.8856289386765 35.7566198495792 193.576864694166 147.967007412661 71.7150561553255 38.1034285570032 125.952209614107 67.352246530581 58.5790765126048 54.8976600047947 66.5705324737031 76.3941888661651 81.4579166471093 86.7418991547363 124.273360319344 102.976954855493 128.327412058258 131.180575468065 141.149762537623 145.202377319336 0 141.550586974831 108.522642496697 126.804019237306 147.993346323745 0 158.86063614752 138.628063023447 166.545236238532 110.825152381759 146.427281478275 187.538040427364 139.899291992188 0 156.911363346115 134.070729453363 112.472393504121 156.552610719115 0 0 153.264587402344 124.961544708124 90.5631845576033 133.203151191072 117.074939733442 140.139618723338 151.623940472182 125.796795609647 127.309968896815 154.246044020833 130.504514047613 0 0 128.286020245526 126.180416875363 139.389687045502
85.7523568395336 27.1675586377156 48.827689956344 87.5648708220356 118.636149733158 105.837575251399 77.2044549262645 102.215220318819 25.6157667553132 98.8253380304479 94.9379408950981 60.7570659693088 78.0482954290644 96.0091886320303 61.82088198971 32.1357025761264 76.9834904613804 108.523839700429 93.1045664029794 81.1979364455576 59.1483905662183 0 51.6382263779501 31.7847032579772 62.7239636375537 79.7114750612273 28.3469503974637 59.1656738883434 81.4844273738458 64.3819169711809 94.5747129033746 0 70.4285726641076 58.672977412001 118.967585601345 61.4926652630942 46.3911437818517 58.7902157997405 59.0519150612065 57.1714074669595 78.8052143312703 74.7582483546502 85.4481634286728 81.1809879932863 82.1596485811533 81.988122806267 102.453588738769 0 0 101.568850219326 70.2276177168576 71.4468555208175 59.5367096669463 0 109.130035400391 105.781193933788 118.295629240914 69.5991052581938 126.947917426252 118.102172851562 143.863327552931 135.410465238676 114.073125299263 0 61.8173866520073 103.614799923644 118.569259543581 109.712753295898 130.939578389433 87.4828781267289 40.1849695191791 72.8476945842326 78.8240845658575 74.3298930650442 96.7767622980424 50.2405066748534 93.7470974303425 124.834428947241 91.4076478151921 0 0 104.749313354492 85.1385978488409 138.744962789702
97.4237143391875 67.4562083005322 34.7400624529892 117.539674946272 130.867070636845 123.187728094761 86.8384752843974 111.222640897937 91.9070125288453 114.934757819678 88.6890470609436 115.866671183563 105.895625433562 107.512961384211 136.763578773617 19.830871719332 31.0970887036218 91.0754131579485 60.802257620234 107.793179795948 35.8778165843721 51.6382263779501 0 68.1971273506982 98.6489749946067 63.3154280787734 38.3083293327635 59.8376175127367 95.1819897005564 56.9410176894477 112.827235709059 146.178478855773 81.9875577311112 44.2454417681578 125.060123443594 65.6661266286052 47.8137699024825 51.6282249050932 62.0336777450968 74.5898926502526 84.2684237077661 93.7455784601657 122.249859382276 101.206279311345 117.440054127798 120.90098319895 141.912008097449 151.199577427658 0 152.742668877958 89.9382522622437 105.666739559187 158.84348322261 184.830276489258 186.912435361111 149.182441855453 161.232864192538 111.258620496427 166.762335128488 149.024278386462 174.569641055058 149.917442599266 175.768710614736 0 103.148807929725 129.752125709625 156.958939133659 149.080782112918 165.431736365429 128.872176691494 85.4364005831133 111.546054304098 126.781515783189 117.163733355271 132.585227094617 103.686248425554 137.620498192313 153.976553092108 137.363351717206 0 0 143.362518310547 114.953775955725 141.710134727848
80.0458044077792 76.0206574976 95.4851235411781 34.2988218426937 75.145682853357 73.4383825374769 53.2863515199729 79.2378286858543 24.507693636809 61.1182057334704 136.399577129888 38.3868440131169 120.905928427752 85.4367511761164 44.2621257554621 34.7221680508818 122.158965014883 147.983507408598 142.275377996381 28.5467012592656 42.8553195604625 31.7847032579772 68.1971273506982 0 108.585158923587 122.548453017099 78.5436466314769 21.8974395009568 83.5241618516531 66.2325070596661 155.006378173828 118.179411860242 70.2911055930387 69.7665344702294 132.95916339085 72.56813245011 85.2097177236309 81.2578949972622 85.2616979539678 43.7669813662294 87.2701728122714 122.81847863314 119.957778557917 113.203722565212 128.722368554008 130.605059115014 102.646966797757 148.96966596953 0 130.992393577131 133.096149172373 137.132226458041 67.7332054035465 116.932631530514 127.948284941011 113.467730808617 141.137245423335 67.7479878808583 124.712953210687 0 115.396242262689 158.268769207811 142.683518330098 89.1767565115778 111.12784685301 148.88216173097 212.799422820541 189.509140014648 116.868876283001 117.449089787994 83.4269590023229 137.239512441645 93.1093974202605 118.172802354119 172.986144251505 137.746309352378 110.036333746132 145.680591381692 124.116267217964 244.511566162109 0 123.887953438918 124.363643016848 161.298788361811
139.215548312165 21.4888582102475 68.3967914247785 0 175.500762939453 112.525659580861 138.373896268619 126.642547620168 94.9658783484252 0 31.2245284352513 125.613280705227 16.8529031224637 126.184949590077 122.622411686357 93.6925960295813 67.5553737501107 44.7018851864924 49.4159598686689 0 121.352515804148 62.7239636375537 98.6489749946067 108.585158923587 0 39.5891293655521 25.1868639539419 127.826004523412 154.047166984014 124.214309329459 44.9264647539543 0 145.05300756886 46.9303019844249 0 92.1169774709104 13.8671973241856 45.3294170479913 65.7173976270928 108.300816500631 158.2412109375 10.8762566657421 111.229304669558 59.728064778573 70.4527052023492 79.7565233843537 0 0 73.104228849264 0 37.5654146514058 96.1734048550065 0 0 0 163.590721147307 0 0 153.737808227539 53.3477061805383 0 37.4478239649237 150.893661499023 0 127.574569702148 104.429119978127 65.8286117953267 68.345807772388 0 172.880004103771 77.3782909784361 137.903761026795 143.06407819723 20.6558766118637 57.6392225174468 54.5006308981858 152.655996656102 0 158.201381352656 62.4826780454534 0 0 66.2142865573765 0
122.152645221788 45.5576469012654 32.1067350594361 148.958163831298 106.434555053711 140.652890667555 118.587213669733 140.929828922205 112.796129327887 153.444267615133 29.0499095476994 175.30678973236 24.3914044431904 134.223395924599 135.363745987992 101.750080504806 33.6452608431738 26.9985319737962 30.3661715694661 165.512217453904 84.3095737541723 79.7114750612273 63.3154280787734 122.548453017099 39.5891293655521 0 27.3241870635585 115.5444982393 121.50700435485 99.6635868053837 22.885334509647 164.11784362793 128.820327738515 51.6313064839445 138.837770452466 79.1290429740851 48.7028334354116 53.1716695612347 62.0646277656955 113.692798519419 93.9733024725153 56.57256582817 128.807558481705 109.52098680256 110.876165031689 112.742893198186 133.146195222495 208.402874789903 83.0902781968405 148.16584777832 62.5919068885774 104.281362168728 0 0 196.962219238281 180.730145488094 193.726125322431 148.660589174062 218.991668701172 92.1848024875273 0 80.158912231059 172.063629148247 0 140.491119134702 114.438785033807 102.758524623677 104.853001074898 0 151.911421521036 100.693233719618 134.482680899426 179.634697669951 61.0234160060789 94.9788780228263 92.5141620326244 171.76123495103 181.394561767578 157.897411210044 106.332563646614 0 0 108.97290303828 147.252635331987
124.499133150371 25.7739431327846 37.5366252823369 130.621554409258 159.03708300152 141.804261857349 111.256928453282 136.975924344971 84.6374423055786 136.099498085427 49.5226100392439 112.617834618806 23.9166267882218 134.920278473874 136.251628591399 31.3928021783029 65.0421520330426 55.7649377057518 63.1788408409851 130.791686774334 74.4893336415348 28.3469503974637 38.3083293327635 78.5436466314769 25.1868639539419 27.3241870635585 0 85.7551047069385 118.17702957352 101.632400516039 16.078316552106 185.387528278391 109.080592607204 64.5928336476988 134.477882540692 74.9938781352071 55.2871538402981 62.5078077179324 66.4680153272684 85.1071096599329 83.8912298552064 53.2993981514625 114.569658136713 92.8840970289791 98.0491120275182 105.225059454156 144.307230295378 131.633624127079 81.9161749543727 150.94353231158 55.3807105382649 89.8935552579118 106.109425996637 0 167.068870336627 147.335817778357 183.137790957711 106.784723797535 170.16084250847 98.578740021955 184.738859438333 79.0049036639687 170.160584987845 140.656356811523 96.8091574339534 103.531729984028 107.376465276891 102.772169003879 0 122.534066242675 68.90152151123 103.715130261072 130.544747052721 55.9943169120055 93.2307124859143 85.3923407295839 138.503213180688 163.822817628502 136.45166645252 98.5691295186029 0 136.521865844727 98.4242440184217 145.203456478868
78.6389146899294 96.9815866330309 81.6427244480693 18.1331446502581 125.645346750286 66.9954725914814 38.5765219723809 84.3189853759643 53.7373053850327 39.6458403275381 139.174714056757 47.3896597958474 134.887717391898 86.5981155204861 76.795081265408 39.5350066760642 104.78263717656 139.654853697989 118.608641604942 30.9558848976473 32.0688910029401 59.1656738883434 59.8376175127367 21.8974395009568 127.826004523412 115.5444982393 85.7551047069385 0 84.1182532985126 40.6931955656797 150.559667869082 130.405753288327 70.7690785944826 63.0259556708899 134.25139656324 74.5555789903644 77.1191701580162 78.1448893125991 81.9676043771997 77.6378798464851 91.8638369218073 126.394316589544 131.374109710824 139.735557225227 143.088818598531 144.466682393445 122.65091104569 156.291316933067 0 138.565200284816 125.08660801286 148.326058300054 134.755780786156 160.825349586582 152.736739283517 126.980523808472 154.296189375978 86.6220848897807 139.856875812366 221.150924682617 125.385017150578 0 154.99216054273 117.474661850068 120.09000452908 167.971513439342 0 212.574678071519 130.685799286246 126.078740279734 93.6521454256257 139.235716104494 106.868388226384 120.31177520752 180.387964772193 144.13059781103 121.88386092885 153.115145396629 130.796590463805 0 0 127.483855997023 134.167191273451 159.335610086889
16.3894001017741 118.502963576805 112.47940716761 98.273948484136 35.1836456906555 39.6487600445979 59.3650905665233 36.9475456655092 85.3475788224303 97.9414006362937 72.9434187030245 97.0339061562345 66.8850370805402 27.0748571938693 45.5267085932576 89.6731118301446 105.077991434846 113.797077914652 117.373607364609 80.4560719974861 82.8856289386765 81.4844273738458 95.1819897005564 83.5241618516531 154.047166984014 121.50700435485 118.17702957352 84.1182532985126 0 40.0187083341872 138.957051084057 20.9222711547782 18.5329805429586 32.7265726334637 110.934932995843 61.9764463501117 79.6443161153797 48.2525797556715 68.8178823567039 45.3171891781399 34.5569805260177 79.3362476798975 133.718225786932 111.602958679199 167.454664932072 117.079880833705 151.957366943359 0 0 137.585304708294 161.243286132812 189.781798119323 138.607778619787 0 195.529251196541 159.235059811604 176.284332488149 107.674325658044 179.496666551986 0 170.053727960642 0 169.809618851693 126.59366607666 141.515215605132 0 0 223.749542236328 217.879516601562 144.344829618999 123.604359779686 178.534445564762 135.219093356192 180.300018310547 158.461637037163 177.306483610941 146.038086657332 168.560701924119 152.200638411732 0 0 174.167812079405 161.500960247597 132.445481845017
33.8392342589712 99.0109949435826 78.0186823704936 101.562989831903 107.098971530057 87.2335861303028 33.526846893483 75.6388608018835 66.3113353668815 86.7777903781607 108.955645127343 122.184156430013 118.855214391708 62.4363381715589 95.465849284045 75.7697217199558 73.807577805222 117.840432189844 99.6128940694196 97.3696172713971 35.7566198495792 64.3819169711809 56.9410176894477 66.2325070596661 124.214309329459 99.6635868053837 101.632400516039 40.6931955656797 40.0187083341872 0 130.239944534225 112.570248981295 49.1804871856219 38.0624362232335 119.757683626372 65.4339342928154 70.0398031500103 58.2156875235063 68.6649354100388 72.150488098965 78.1270763800399 102.755206178596 136.72877681861 133.274538799956 146.508599072107 125.00859565753 149.649821617815 0 0 163.209243079621 106.654608272039 142.322149244123 101.082050908295 0 171.192886963192 140.620670187836 171.06694725734 110.854343144038 142.988541390417 0 157.946369344701 210.199554443359 158.721431124894 197.890335083008 120.643797410094 152.559052434751 0 179.770359971846 0 130.539311378758 103.093000111887 150.759071221331 116.159308052551 138.089561044897 159.151261425247 140.461008956161 124.180271220663 164.503448321005 136.696389172764 0 0 130.843369914732 118.916050783533 144.655239182662
0 63.544979917282 85.5947445073211 0 0 246.414566040039 164.058359078322 0 123.533564551894 0 19.2992124618296 144.390365600586 11.8017945672966 166.807309527234 0 0 85.4543904437415 51.6055969904014 61.2464844939965 0 193.576864694166 94.5747129033746 112.827235709059 155.006378173828 44.9264647539543 22.885334509647 16.078316552106 150.559667869082 138.957051084057 130.239944534225 0 0 0 71.2592810022086 181.481887817383 107.316335087778 52.9076296266307 61.9427229457032 76.6447481468955 98.0617446899414 0 56.9316181301611 160.406234741211 105.553024291992 0 0 0 0 0 0 81.3300343318362 145.284194946289 0 0 0 0 0 0 0 88.6914799348645 0 85.5680274553823 0 0 0 0 102.665172186343 0 0 0 0 0 155.966079711914 66.870050602944 104.973305905992 105.621903468021 0 0 0 143.343353271484 0 0 0 0
81.8299984954631 0 186.168670654297 133.878934329797 14.5956034972268 18.0721681765018 106.094307252546 20.1357164658258 103.898761582813 127.774675171337 68.5141440348459 100.656812404521 70.5322159598147 29.432839760166 39.5982405693025 0 161.043746948242 97.3741902046021 175.850311279297 112.727036239317 147.967007412661 0 146.178478855773 118.179411860242 0 164.11784362793 185.387528278391 130.405753288327 20.9222711547782 112.570248981295 0 0 64.9625956428607 22.8307197562953 123.685534811477 78.168953274202 102.295363995492 43.0383293471337 58.445746373373 42.8477619846952 23.3611101962202 0 0 0 201.42366027832 0 0 0 0 0 0 0 0 0 0 201.946151733398 0 0 203.80940246582 0 0 0 0 0 0 0 0 0 0 0 0 0 222.292236328125 0 0 0 0 0 0 0 0 0 0 0
35.1763321110206 112.503303449641 105.69360122184 87.316645125331 73.1536225660451 83.6072261043838 62.6267806651175 80.9494174602777 70.0577200441957 86.8101444783863 87.7232633934158 83.2639759795574 63.1267014614454 52.6571506319158 76.9992523193359 70.6919312235712 102.237208458106 135.595245361328 115.795671580521 67.7787767687723 71.7150561553255 70.4285726641076 81.9875577311112 70.2911055930387 145.05300756886 128.820327738515 109.080592607204 70.7690785944826 18.5329805429586 49.1804871856219 0 64.9625956428607 0 18.5018614875175 100.777769091827 42.0483439759602 65.130564637823 36.2983097201786 41.0750006661648 39.1735856271341 44.2296967531148 0 110.203044736689 99.0182876586914 130.041521221962 94.3813831546626 0 187.015884399414 0 0 119.399757385254 0 159.672342944304 0 0 149.950348622445 166.581769750071 111.718343892887 0 0 0 0 136.958286488945 0 117.554407776744 0 0 0 0 136.146214233814 108.24723815918 139.27918865976 121.413890697663 178.135238647461 0 161.622163826609 130.895051305657 162.052915332303 156.782721619038 0 0 0 159.954391479492 86.1287249403352
