0 7.35877287387848 122.786580443382 28.0677873492241 4.60753208398819 65.4961892664433 3257.22566196322 663.284022569656 187.400903850794 208.109865397215 34.3833982050419 22.0672626197338 17.6572054028511 15225.7603365779 3.3248338997364 12.211638212204 179.288480103016 2.52857142686844 28.1934585571289 33.6660276055336 229.263497889042 41.3660161793232 473.119287908077 388.062684297562 1.81538489460945 64.1830649971962 68.6351428627968 832.20005813241 13302.7207796872 3303.91307258606 0 11.0185639262199 466.106110662222 392.322633415461 11.1328630447388 408.805940270424 32.082583039999 302.573468625546 47.1337211728096 88.5436481833458 32.5544161200523 5.04610991477966 17.8336592316628 2.0822137594223 20.5317214131355 0 6.0485554933548 0.970025062561035 0 3.43379861116409 2.38016051054001 4.51987290382385 2.87821033596992 0 3.49670398235321 35.4979734122753 10.0387031137943 27.0677142739296 5.36491799354553 1.61241400241852 0 0 31.1542267203331 0.797462940216064 14.4063882231712 2.33670914173126 0 0.952381670475006 0 22.5460442006588 28.4151916503906 17.6648244857788 136.481481969357 0 1.70224526524544 8.46515297889709 122.093644946814 14.2530046999454 22.8036070764065 0 0 2.24185687303543 2.66743302345276 5.46754443645477
7.35877287387848 0 401.783033788204 3.39888554811478 3.34022003412247 14.09718978405 30.9898012876511 21.2252186238766 652.09904551506 2.07217609882355 363.620366096497 26.962583899498 1139.62253838778 32.7784739136696 45.3731539547443 181.547846734524 620.947432219982 69.6346511244774 402.723157465458 2.85238575935364 65.6717979609966 2808.8134470284 233.524706721306 613.581010550261 1991.31130796671 1851.42530351877 6822.08786201477 132.321865946054 44.1068410277367 47.3530267477036 36.6242997348309 7.6369796693325 3.17505916953087 264.866936832666 8.29482477903366 339.961984485388 876.719552159309 405.576965212822 109.693602323532 49.2710710763931 3.14961320161819 201.112735837698 47.1762880980968 80.6642843484879 61.0641903877258 18.4601076841354 4.35213604569435 0 7.351169526577 0.559351444244385 247.806441187859 191.730780661106 0.787373065948486 0 0.418827414512634 6.52929696440697 0.816879510879517 6.30068820714951 0.47350138425827 26.9758664369583 0 83.2483987808228 2.46882718801498 0 24.3287445902824 125.803703963757 30.4218684434891 118.096294820309 0 10.3313174247742 85.4417871534824 62.1244616210461 22.8621619939804 63.5651188492775 485.208561211824 1160.89350774884 14.0995923876762 4.65028238296509 10.7120497822762 11.177265048027 0 0 47.1505038142204 5.23568904399872
122.786580443382 401.783033788204 0 1.63041737675667 1.16542053222656 73.6013188362122 783.963521748781 210.592606604099 29.8573859333992 36.0626446902752 160.918652534485 1.66216549277306 59.4774308502674 357.402498155832 3.74547529220581 50.4163329601288 8768.84725874662 40.5052062273026 413.818501740694 0.710710644721985 2033.02758663893 175.90500035882 14811.8069269061 111.039939403534 18.5570360422134 12677.466350615 8521.01993390918 1248.43486976624 260.812151610851 1203.63604661822 8.00276482105255 5.54212686419487 40.854317009449 1144.51364526153 54.9812218248844 3279.60115092993 2288.26629108191 2222.65705010295 939.169325113297 118.143687754869 31.7543802857399 8.39152526855469 154.094339102507 90.8480461835861 100.35307174921 29.3742468357086 11.2120587229729 3.82144343852997 0 3.22140628099442 255.733901083469 597.233316421509 0 1.42755627632141 0.463361829519272 28.6603755056858 2.16984704136848 10.1148591637611 0.855338484048843 12.5082948505878 0 5.02618888020515 9.22409653663635 0 81.2717541754246 212.012589901686 4.89906758069992 49.2677630782127 0.763260066509247 47.4920155107975 171.607405036688 469.463082224131 73.2654091119766 9.3003289103508 257.046346843243 1944.63596630096 37.0689992904663 11.2026661038399 39.9951809048653 1.61887168884277 0 1.42819404602051 56.0458854734898 46.6908738017082
28.0677873492241 3.39888554811478 1.63041737675667 0 2.22164988517761 252.868395000696 777.662026882172 53.4287740886211 589.065757364035 9210.73691049218 2.65548732876778 2226.28041270375 1.99657279253006 69.2843355834484 44.8817894458771 0.52378636598587 0.894307792186737 0 1.41814136505127 33447.4253845811 2.26094216108322 8.66829442977905 4.2834175825119 3071.92715483904 0 0.470708221197128 4.06740120053291 19203.1280994713 113.24397572875 4.21725383400917 0 1.47780174016953 6.487921833992 40.796605527401 0.394332349300385 162.646264761686 4.42082244157791 73.2052197158337 9.46498754620552 97.3562960028648 8.31630930304527 2.14405232667923 46.9127661287785 0.548145055770874 4.62866079807281 0.436500668525696 30.2454680204391 0.594127476215363 0 1.04205572605133 2.33451133966446 1.66484415531158 535.252951860428 0 17.1543759703636 61.8943734765053 10.9925749897957 95.7651042342186 122.321142762899 0 74.6738809347153 0 14.167597413063 5.15780347585678 2.16267073154449 0 0 0 274.855738550425 0.885688960552216 8.4538162946701 0 630.082195669413 0 0 3.47453352808952 340.405534744263 8.41701951622963 2.63819259405136 0 0 0.560086309909821 1.2725941836834 0
4.60753208398819 3.34022003412247 1.16542053222656 2.22164988517761 0 1408.58942955732 7.01348480582237 434.419916987419 84.2935386896133 16.4384553730488 52.6549770832062 67.9394652545452 18.1360216736794 82.6770940721035 2193.10999304056 0 4.37378704547882 1.32959127426147 10.8156461715698 0.606312274932861 4.20231777429581 5.79067620635033 3.4773123562336 30.9614264965057 0.331644833087921 13.1698463261127 11.6985578536987 5.32426384091377 260.18375480175 4.33287167549133 1.86850649118423 2052.89151853323 1.90050512552261 832.231392383575 64.6245985329151 30.866865336895 12.4388070702553 63.34241938591 4.54782897233963 3953.73696410656 3192.16437059641 5.49813038110733 7.36502856016159 1.51179850101471 1.55031561851501 8.22499969601631 2.73734438419342 0 0 0 0 0 0 3.21480250358582 0 1.22141718864441 0 2.73136258125305 0.914477527141571 1.60170650482178 0 1.18230020999908 0.842980861663818 13.1465767621994 0.915077388286591 0 0 0 0 0 1.55304735898972 1.39051032066345 1.81649732589722 0 0 3.97694444656372 1.92191982269287 0 1.12778198719025 0 0 0 0 87.5036607384682
65.4961892664433 14.09718978405 73.6013188362122 252.868395000696 1408.58942955732 0 3440.24729552865 13459.4690272212 410.145837306976 17972.3699941933 316.97570297122 10564.8851156235 129.412245839834 1861.1217071116 1338.74321740866 2.44020035862923 54.9140768945217 19.3865351080894 27.5232196748257 895.73597574234 80.1964918971062 30.7478373646736 161.055541753769 606.623328506947 6.65304011106491 70.483602553606 63.8942120075226 3353.46081331372 1238.73412621021 221.159859031439 2.00068759918213 1782.41784146428 31.2908998131752 1390.69621741772 8.90959250926971 519.42488861084 71.8655540645123 436.160137295723 46.7406616210938 6510.69780680537 3485.72455507517 74.2626706957817 19.9890657663345 3.32236337661743 10.1252118051052 9.96504139900208 27.4406060576439 0 0 5.68481993675232 0.566051602363586 2.78420040011406 36.5964848697186 0 13.4924965500832 49.7372694015503 16.0416079163551 23.7090226411819 43.466609030962 0 44.8194831609726 0 21.8652564287186 3.23654705286026 4.95854920148849 0.588307917118073 1.18020296096802 1.2829681634903 25.9577262699604 8.05880945920944 7.26887658238411 6.25059133768082 200.140732944012 0 1.89131009578705 8.50853946805 166.905161261559 14.3129144906998 8.93178480863571 0 0 5.2940948009491 6.95347574353218 1.62265563011169
3257.22566196322 30.9898012876511 783.963521748781 777.662026882172 7.01348480582237 3440.24729552865 0 5636.2573877871 930.955746054649 15006.3036385477 78.8550931811333 269.571417957544 35.5885287225246 11178.2895344496 58.6345822811127 30.9783957898617 327.271499961615 5.64437246322632 31.1455636024475 538.485931396484 1110.22647354007 144.660958349705 1691.82476082444 2219.88736343384 5.02285245060921 225.276824325323 432.083866536617 20190.2374204993 4069.16438445449 10916.6993426979 1.37432950735092 34.0005099475384 495.577581167221 886.249527990818 85.499313980341 2976.39036718011 169.866263926029 1215.03826728463 242.810816496611 620.847450584173 168.39084354043 24.1691156625748 78.5361866056919 2.85482972860336 35.9972418248653 14.933998465538 17.3156177401543 3.03092360496521 0 30.1509473919868 11.7918343544006 12.5294150114059 52.2443569302559 0 24.9138702750206 262.31386256218 80.7656570672989 140.96411255002 80.852995634079 0.593282699584961 45.551207691431 0 74.8461347520351 5.39315566420555 48.5626018345356 10.3062256574631 0 4.105289041996 48.6727170646191 62.8422933220863 45.0387816429138 63.7198562920094 787.171715855598 0 9.86277633905411 58.8149344921112 684.184328168631 69.7052134275436 69.0190118253231 0 2.04472708702087 0.467617988586426 39.5373486578465 24.699455678463
663.284022569656 21.2252186238766 210.592606604099 53.4287740886211 434.419916987419 13459.4690272212 5636.2573877871 0 242.866228789091 5610.56037151814 755.121272593737 1081.76722577214 267.61105915904 17707.2699066699 317.195403635502 8.42108553647995 196.783965170383 40.095307290554 101.826523840427 249.352240175009 257.353475660086 36.3219665884972 584.317185878754 491.071895778179 30.1404723525047 196.690418064594 149.102022707462 1232.22358393669 3335.54056981206 1338.31114193797 8.69877102971077 1150.37110084295 57.7706431150436 1807.32248330116 26.1853828728199 816.468899309635 121.855659663677 767.996732234955 96.5832742154598 2744.45728352666 1816.5444008112 117.08401492238 29.8835525512695 9.89497941732407 22.909689873457 9.62584382295609 9.8293839097023 4.51182413101196 3.29517275094986 9.2926010787487 1.03708603978157 3.25916847586632 6.99788153171539 0 5.37054187059402 65.6658824384212 12.0929663777351 36.7549150884151 18.0966920256615 1.83456754684448 6.8266823887825 2.53888607025146 23.6297929883003 2.00720071792603 12.1177551746368 1.37124449014664 0 0.757514417171478 5.48058339953423 10.1853756010532 9.78207036852837 11.1631032824516 229.650057703257 0 11.3612359166145 30.1941839754581 194.553370028734 34.8389185965061 24.7111614346504 0 0 3.02472269535065 7.37199106812477 5.24171882867813
187.400903850794 652.09904551506 29.8573859333992 589.065757364035 84.2935386896133 410.145837306976 930.955746054649 242.866228789091 0 854.378298789263 61.2443563044071 2338.22807884216 201.005301117897 348.032048493624 2012.36090505123 107.430222630501 48.55969363451 14.9843743443489 32.3852167725563 435.247937619686 219.779769390821 4324.3280480206 117.964584827423 15431.8854534924 218.80397066474 140.034695655107 533.091381728649 3555.9343354702 496.314498305321 476.048920840025 10.2009286284447 4.28386110067368 101.630297750235 124.560982346535 8.98947906494141 610.658844470978 97.4219559729099 181.72187846899 28.6694652140141 1782.79636698961 24.7281642258167 39.0437870621681 96.6206278502941 3.13982421159744 26.5233725309372 13.3515163660049 52.6628148853779 3.22587132453918 0.584717631340027 19.3433077335358 8.74522006511688 13.1547881960869 78.6749905049801 0 14.7486312091351 132.66912984848 30.1236183643341 308.207712203264 80.5498874783516 6.60744321346283 109.662189096212 8.66876322031021 49.4130842387676 19.6038892269135 45.5843212008476 11.4630861282349 1.21471536159515 2.23078069090843 64.4966498911381 53.6521765887737 127.294926285744 42.8989520668983 757.668307244778 0.373856335878372 10.4150515496731 28.529011785984 503.268626511097 58.2406114339828 61.9888196289539 0 0.752782642841339 7.62112617492676 20.5520103275776 3.59271156787872
208.109865397215 2.07217609882355 36.0626446902752 9210.73691049218 16.4384553730488 17972.3699941933 15006.3036385477 5610.56037151814 854.378298789263 0 116.208999216557 24755.8552696407 50.4537511765957 2733.79817134142 155.533048123121 7.44007521867752 18.4211699962616 5.13189941644669 11.7050982117653 28176.1437373459 55.2786493897438 28.6420558393002 83.1688652038574 1746.36214089394 11.0858047902584 44.5889165997505 48.7880686819553 22596.421505332 1538.94885140657 104.496382266283 0.464702576398849 55.2854115366936 69.2897201478481 608.787084043026 35.9581827819347 1292.95069599152 42.5946280360222 701.612214744091 111.848275363445 998.332748770714 167.216847777367 30.8933434784412 53.6654597222805 4.4902155995369 15.3559760153294 3.18181651830673 55.2654300332069 1.61606347560883 0.542470991611481 4.45022487640381 1.05482542514801 2.84719914197922 144.182111382484 0.815564811229706 32.2889566421509 126.857571959496 22.1417661905289 109.672413229942 167.851101160049 1.79583144187927 197.822330921888 0 21.7985999882221 12.6788303852081 2.46837082505226 0 2.27881056070328 0 95.3960666358471 5.92534226179123 7.07442593574524 6.76500082015991 614.078173696995 2.74600780010223 1.23235177993774 3.43479830026627 533.132966697216 20.6023326218128 7.62443780899048 0 0 1.16164529323578 15.686890155077 4.99361166357994
34.3833982050419 363.620366096497 160.918652534485 2.65548732876778 52.6549770832062 316.97570297122 78.8550931811333 755.121272593737 61.2443563044071 116.208999216557 0 85.7550431489944 10171.3343767226 810.292554974556 10.6174632012844 16.8656560778618 1289.76770216227 5743.80862399936 6169.56714227796 19.591064542532 55.6386580765247 94.2327160835266 206.368495076895 53.2361500263214 2646.25991508365 8570.37045773864 2728.61875924468 60.5561773478985 518.413313448429 105.854624986649 1395.9806535542 227.511102229357 12.9950260519981 7888.88660532236 6.68421351909637 518.970935165882 5279.42758345604 7645.69216397405 359.419676274061 146.047694981098 132.562238514423 4232.82984787226 11.5250444412231 94.4471134543419 33.3775696754456 3.16310256719589 1.33498644828796 0.911611080169678 69.6547842621803 0 19.9464313983917 11.0759686529636 0 0 0 1.52652508020401 2.27727055549622 5.20315825939178 1.28066968917847 232.465222448111 0 422.034689545631 5.36116141080856 0 1.10754635930061 17.4772898554802 73.196450740099 65.6567652225494 0 3.00129219889641 10.788203060627 4.31998699903488 8.98184251785278 236.071564167738 283.870433568954 296.246155709028 6.30125439167023 0 1.51349472999573 39.4933853447437 0 0.646113157272339 21.7969782352448 4.00610208511353
22.0672626197338 26.962583899498 1.66216549277306 2226.28041270375 67.9394652545452 10564.8851156235 269.571417957544 1081.76722577214 2338.22807884216 24755.8552696407 85.7550431489944 0 39.018820554018 620.879941880703 1790.01483917236 1.0257825255394 4.45819729566574 2.24341866374016 13.1911497116089 25171.8360366821 5.73818573355675 94.9603941440582 5.0692897439003 2763.0391740799 11.0773674249649 17.6623570621014 33.2192458510399 1747.10930812359 416.881073862314 14.9645986258984 1.0296416580677 53.0753012895584 1.98793560266495 256.313355743885 4.930684030056 465.086930036545 20.290875852108 255.387565910816 39.0386364758015 3397.73207589984 113.772573471069 19.7712840437889 93.08558344841 1.73664802312851 10.4306328892708 1.06986892223358 87.3838741779327 0 0.707970261573792 0 0.541479229927063 0.572214782238007 84.8313220739365 0 25.8233152031898 34.3938587009907 11.2197472155094 94.5213465690613 202.262480080128 0 919.031678617001 0 5.26903262734413 27.970223069191 2.18307426571846 0 0 0 156.120081663132 0 3.24240916967392 1.56866824626923 208.129373192787 0.35357791185379 2.34567403793335 0.625798285007477 146.096852391958 2.85026833415031 0.494944393634796 0 0 0 1.44943308830261 0
17.6572054028511 1139.62253838778 59.4774308502674 1.99657279253006 18.1360216736794 129.412245839834 35.5885287225246 267.61105915904 201.005301117897 50.4537511765957 10171.3343767226 39.018820554018 0 211.465466707945 17.6467316150665 19.7230723202229 118.442321568727 326.65366306901 298.828617662191 15.9073151946068 15.7169658839703 309.394415915012 57.4896216988564 89.4910481870174 7810.17931514978 3255.12077024579 5867.26183572412 44.6140048205853 138.92664629221 23.0949449241161 4965.26546692848 71.8172361850739 2.01478952169418 1017.14951956272 25.0954660475254 518.548160195351 4705.51065304875 3768.1812928915 136.836231291294 195.377217590809 810.219565778971 6786.85159435868 34.839262843132 251.347160995007 141.119121313095 73.3074952065945 11.3187236189842 20.5537838339806 256.239473700523 1.31151884794235 23.4732674956322 4.21583688259125 0 0 5.21974831819534 1.34813317656517 8.93364465236664 1.13579404354095 3.06725752353668 401.922536849976 1.43702998757362 800.995727062225 12.0604918003082 0 0.954541772603989 13.5117706358433 107.563584476709 49.8688955903053 0 0.969975471496582 7.55985087156296 4.49880439043045 6.94721776247025 302.276318848133 317.032891213894 303.925783485174 2.83539354801178 3.44365614652634 0.524901330471039 65.1490691304207 0.688209354877472 0 49.4939810633659 31.8913727104664
15225.7603365779 32.7784739136696 357.402498155832 69.2843355834484 82.6770940721035 1861.1217071116 11178.2895344496 17707.2699066699 348.032048493624 2733.79817134142 810.292554974556 620.879941880703 211.465466707945 0 76.1708478331566 10.5404961407185 484.219166636467 67.1879988014698 153.592729657888 248.52309140563 459.236344665289 76.3071335554123 1133.90942594409 710.95129904151 47.2734945714474 335.333299934864 257.081746995449 1769.75684690475 11501.2154114842 3977.53254547715 11.0732359886169 950.687645465136 194.535731345415 2441.23418444395 44.0003767311573 1607.08958813548 179.215739905834 1349.65322938561 141.840371847153 1252.35684895515 675.512228369713 89.6345880329609 37.0606944561005 10.3220142424107 14.6919079422951 12.7269382476807 17.4116007089615 3.45227432250977 1.3354839682579 17.645244538784 6.73542141914368 8.24467658996582 3.19578695297241 0 6.49429476261139 131.912601858377 25.066164880991 48.5893232524395 15.0017141997814 0 6.83912745118141 7.97913813591003 51.0448390245438 0 22.933499276638 2.3891019821167 5.19350957870483 0.640190184116364 9.42063939571381 36.2569147348404 15.5986835360527 19.3273918330669 316.518305152655 5.81161534786224 13.5931711196899 35.7502942085266 277.542549878359 40.3447043001652 36.024102896452 0 0.523333311080933 5.42867732048035 14.1416053771973 27.9422568678856
3.3248338997364 45.3731539547443 3.74547529220581 44.8817894458771 2193.10999304056 1338.74321740866 58.6345822811127 317.195403635502 2012.36090505123 155.533048123121 10.6174632012844 1790.01483917236 17.6467316150665 76.1708478331566 0 11.1034651398659 2.42801222205162 0.904514729976654 4.40679967403412 50.061036169529 36.9913105070591 188.55921459198 61.6143713891506 900.387766420841 13.2875059247017 14.3358072936535 34.8060070872307 199.043020159006 61.6028088331223 25.1217995882034 0.582004249095917 87.0434492230415 6.60726231336594 63.3165335059166 160.227825880051 319.247925162315 55.8110965490341 96.5398116409779 35.6894323825836 17383.2034299374 143.525052547455 2.76416903734207 29.1219519376755 1.30673825740814 2.49751037359238 1.81682914495468 28.0920549631119 0 0 2.10655355453491 0 2.94824433326721 14.3670780062675 3.384556889534 1.23126283288002 5.29230070114136 1.58935874700546 16.8379253745079 15.383381485939 0 20.5078589916229 0 6.10436964035034 36.5869516730309 4.66190418601036 1.26759123802185 0 0 7.01944828033447 0 6.1039097905159 2.55110114812851 41.0688039958477 0 0 3.97633868455887 29.4663250148296 2.36309534311295 2.57717573642731 0 0 0 0.950961649417877 137.161637872458
12.211638212204 181.547846734524 50.4163329601288 0.52378636598587 0 2.44020035862923 30.9783957898617 8.42108553647995 107.430222630501 7.44007521867752 16.8656560778618 1.0257825255394 19.7230723202229 10.5404961407185 11.1034651398659 0 106.431353002787 3.15202036499977 19.8064957559109 1.57874095439911 13591.1092740297 3229.23629051447 17114.5897983611 3064.75810331106 22.7560097873211 71.9945529997349 7487.25166445971 2734.51727250218 49.0605846345425 188.781367987394 0.500822365283966 0 27.9388171434402 267.121663600206 32.4316626489162 1354.7203463912 417.585860520601 542.063619077206 378.9101600945 158.354229062796 7.36809414625168 7.18977510929108 127.62055015564 41.3088775277138 100.639570504427 35.4599236249924 20.7566361427307 1.18550598621368 0 7.08409321308136 13.9414302110672 64.9869132339954 0 0 2.38370949029922 22.0136756300926 2.37680375576019 20.9299240410328 1.09860622882843 0.960162401199341 0.503174126148224 0.729793548583984 8.13191941380501 2.20371747016907 572.482076317072 16.4863761663437 1.84082114696503 1.67414170503616 2.73490688204765 271.80662587285 373.098905146122 926.596586763859 190.176225692034 0 16.6372301280499 350.274249404669 121.932246357203 24.6436746120453 132.361558139324 0 0 11.1681158542633 58.770422577858 12.515603274107
179.288480103016 620.947432219982 8768.84725874662 0.894307792186737 4.37378704547882 54.9140768945217 327.271499961615 196.783965170383 48.55969363451 18.4211699962616 1289.76770216227 4.45819729566574 118.442321568727 484.219166636467 2.42801222205162 106.431353002787 0 565.910926938057 13303.9628242552 0 1514.4532610476 227.386132150888 12668.8595637381 156.621258616447 130.398730397224 12930.6294196844 6148.82216528058 388.996727138758 674.616183876991 2829.84918382764 35.628437012434 12.916000276804 76.3816239237785 2661.17143091559 31.3519766032696 1699.60568094254 2349.72548523545 2480.17381894588 680.713645100594 67.2387860417366 13.7940987348557 20.1240020990372 47.9839193224907 77.2133585810661 67.1675865352154 9.54583275318146 1.81407302618027 1.57521498203278 1.11976206302643 4.96076875925064 188.13807028532 247.525302559137 0 0 0 12.4797666668892 0 6.01882976293564 0 15.5569647848606 0.809902787208557 28.176173388958 2.24793267250061 1.12559056282043 56.3568373322487 140.492944806814 22.0582958161831 83.4359141588211 0 34.4383039474487 55.1106390655041 128.345698803663 26.1507185101509 29.123683899641 418.766667038202 1098.24747857451 17.5869179069996 3.40603056550026 17.737059533596 3.93599677085876 0 0 39.2024570405483 28.5343255400658
2.52857142686844 69.6346511244774 40.5052062273026 0 1.32959127426147 19.3865351080894 5.64437246322632 40.095307290554 14.9843743443489 5.13189941644669 5743.80862399936 2.24341866374016 326.65366306901 67.1879988014698 0.904514729976654 3.15202036499977 565.910926938057 0 5997.0522198081 2.87936645746231 10.9729206264019 22.4943657517433 53.0215080678463 5.23881912231445 428.04998499155 4933.60760459304 909.16339379549 5.26121497154236 42.4696655869484 28.9168974757195 99.158940076828 11.3794070482254 2.27303475141525 383.160582154989 5.57900041341782 181.159339398146 574.319500356913 661.014314234257 106.494972229004 11.8733395338058 3.86753273010254 32.221428245306 6.08424389362335 13.6548975110054 17.4966648817062 3.43953824043274 1.09748435020447 0 5.06450927257538 0 7.75288861989975 2.85886603593826 0.584845662117004 0 0 0 0 0.736785262823105 0 52.8417931199074 0 92.2069907784462 1.18524444103241 0 0.437589555978775 4.671755194664 70.8515324294567 34.0711762011051 0 2.55442661046982 0.779268860816956 1.07206892967224 0.541358768939972 124.272015333176 172.423201292753 163.34006267786 0 0 0 15.3814671039581 0 0 11.6348094940186 1.66595256328583
28.1934585571289 402.723157465458 413.818501740694 1.41814136505127 10.8156461715698 27.5232196748257 31.1455636024475 101.826523840427 32.3852167725563 11.7050982117653 6169.56714227796 13.1911497116089 298.828617662191 153.592729657888 4.40679967403412 19.8064957559109 13303.9628242552 5997.0522198081 0 2.40419971942902 117.9194034338 71.2092022299767 628.543074071407 37.3172982633114 675.274057865143 10488.2308218181 2922.27549868822 45.2633757889271 129.964234620333 312.814813762903 84.3692718744278 25.230752825737 15.3039954900742 1507.04210761189 19.0897364616394 710.466639757156 1322.57160335779 1810.84401240945 400.863629519939 26.7739630937576 9.08481207489967 38.4680111706257 21.8811643123627 34.8464597463608 27.9697442054749 9.60050082206726 0.566375195980072 0 6.83941707015038 0 61.669067710638 22.5992586016655 0 0 0 0.973980844020844 2.36954391002655 0.917155563831329 0 58.1200758814812 0 92.4694212675095 3.08935344219208 2.38626855611801 8.49574545025826 33.3448840975761 74.3491448462009 108.599481195211 0 2.62370675802231 6.51480621099472 17.7891171872616 5.95369023084641 134.613935112953 457.815420478582 542.038275450468 8.96605584025383 2.39609438180923 9.24771803617477 16.9214563369751 0 0 27.0785618424416 6.74323779344559
33.6660276055336 2.85238575935364 0.710710644721985 33447.4253845811 0.606312274932861 895.73597574234 538.485931396484 249.352240175009 435.247937619686 28176.1437373459 19.591064542532 25171.8360366821 15.9073151946068 248.52309140563 50.061036169529 1.57874095439911 0 2.87936645746231 2.40419971942902 0 0.524874746799469 13.7223082482815 4.59479606151581 1808.94190061092 1.43956434726715 4.09566634893417 8.20454615354538 6613.30715742707 262.260027945042 7.23870664834976 0 10.1019025146961 12.6945926845074 113.203645914793 11.1540135145187 237.83939114213 8.93614161014557 109.019301831722 22.0281166434288 244.925949633121 32.6784601807594 3.83552181720734 30.0266449153423 0 3.01028251647949 0 22.6538319587708 0 0.49441984295845 0.687753617763519 0 0 61.9552537202835 0 9.9506302177906 41.9171139895916 9.3443341255188 62.7527124583721 61.1210291981697 1.40090388059616 185.915093839169 1.48622834682465 3.65238839387894 4.05683046579361 0.459778338670731 0 0 0 44.033393830061 2.83295333385468 1.04223173856735 0.57272082567215 223.277464240789 0 1.27828347682953 0.96312427520752 177.868121117353 2.0015290081501 2.66377985477448 0 0 0 1.57833203673363 2.29733964800835
229.263497889042 65.6717979609966 2033.02758663893 2.26094216108322 4.20231777429581 80.1964918971062 1110.22647354007 257.353475660086 219.779769390821 55.2786493897438 55.6386580765247 5.73818573355675 15.7169658839703 459.236344665289 36.9913105070591 13591.1092740297 1514.4532610476 10.9729206264019 117.9194034338 0.524874746799469 0 1379.82441884279 33370.5401052237 1531.41189301014 2.10347718000412 300.037083923817 1585.21976044774 9827.65306288004 913.370937079191 20427.2483834922 2.52018159627914 1.82011419534683 280.249257147312 4345.52223268151 167.827364146709 6295.63258215785 1250.67311578989 3663.84860572219 1498.21662083268 727.08180642128 56.9233527183533 5.6112352013588 158.960575997829 49.4984877705574 102.29209536314 36.9774462878704 22.036807924509 3.87998360395432 0.517865002155304 22.8769212961197 12.3000135421753 65.0079632401466 0.552240550518036 0 2.90788990259171 92.9227566421032 11.6783417761326 35.653520911932 3.64134150743484 2.09347528219223 2.40963095426559 0.884663701057434 29.0364397466183 5.21746474504471 844.723198235035 29.8775969147682 0.762137949466705 9.15319839119911 0.519206404685974 749.274315565825 413.330116480589 881.759571999311 587.139140248299 2.94855135679245 23.270591199398 225.31110650301 441.786295294762 83.7758193314075 380.399269849062 0 0 28.6423453390598 82.9186933636665 66.8852650821209
41.3660161793232 2808.8134470284 175.90500035882 8.66829442977905 5.79067620635033 30.7478373646736 144.660958349705 36.3219665884972 4324.3280480206 28.6420558393002 94.2327160835266 94.9603941440582 309.394415915012 76.3071335554123 188.55921459198 3229.23629051447 227.386132150888 22.4943657517433 71.2092022299767 13.7223082482815 1379.82441884279 0 2324.41048818827 8044.31689962745 415.825396120548 265.927619487047 5281.72083470225 1200.63020551205 210.542380958796 552.643078297377 11.9229994118214 0.821546077728271 62.9785056114197 316.392334252596 19.7180781960487 898.333805680275 412.187576800585 449.914170652628 193.751887261868 278.726973384619 8.34705257415771 47.7123517096043 65.9501941800117 20.5836184620857 51.3177818953991 11.2227172851562 13.5074143707752 1.1046484708786 2.03740641474724 13.2345762252808 23.6937788724899 88.5761114358902 5.93559122085571 0 2.0890291929245 40.5745365023613 6.92445969581604 42.3775071501732 5.27719807624817 4.48964375257492 3.84132581949234 10.4860058128834 12.7051706314087 0 300.840508490801 15.2129576206207 1.15213894844055 3.41507172584534 3.87637519836426 163.548226475716 451.934737354517 439.869572788477 236.117994844913 6.09473562240601 32.4858895540237 288.126810401678 172.146692067385 22.3068123161793 70.2056958973408 1.34379160404205 0 7.43659824132919 15.9550223052502 13.7769600749016
473.119287908077 233.524706721306 14811.8069269061 4.2834175825119 3.4773123562336 161.055541753769 1691.82476082444 584.317185878754 117.964584827423 83.1688652038574 206.368495076895 5.0692897439003 57.4896216988564 1133.90942594409 61.6143713891506 17114.5897983611 12668.8595637381 53.0215080678463 628.543074071407 4.59479606151581 33370.5401052237 2324.41048818827 0 953.385253816843 28.9580626785755 1971.57824844122 11160.294228673 5861.13402017951 1219.30305582285 10983.1872565746 5.53485754132271 7.29863128066063 206.699220269918 5390.88964286447 391.942235410213 13046.0262112021 5252.29132705927 8425.12181681395 4324.93289831281 1569.24421352148 127.58429145813 17.0923949480057 563.771625190973 192.363047778606 404.03974121809 133.318390756845 61.7598378062248 0.898448497056961 1.30915808677673 14.7879534363747 80.4201538860798 597.763510197401 3.14406955242157 1.25543463230133 3.16687753796577 75.2805157005787 10.1008006036282 47.570189923048 0.962997227907181 6.83997145295143 4.06275904178619 5.10548228025436 22.2487994432449 7.50775697827339 1479.96875596046 141.639412403107 3.80737948417664 35.5275747179985 1.71438336372375 597.15880125761 896.834730416536 3882.07333952188 413.51775470376 2.68375372886658 118.183974295855 2460.82271000743 255.64204710722 38.5184262394905 240.786123216152 1.67514199018478 0 15.212142765522 133.571928948164 219.493344813585
388.062684297562 613.581010550261 111.039939403534 3071.92715483904 30.9614264965057 606.623328506947 2219.88736343384 491.071895778179 15431.8854534924 1746.36214089394 53.2361500263214 2763.0391740799 89.4910481870174 710.95129904151 900.387766420841 3064.75810331106 156.621258616447 5.23881912231445 37.3172982633114 1808.94190061092 1531.41189301014 8044.31689962745 953.385253816843 0 94.5649310350418 158.286048680544 2135.97047033906 28153.6879464984 1411.38854280114 1366.67167180777 7.60532993078232 3.96365082263947 392.353253126144 560.612061917782 47.7894879281521 2078.99143442512 232.083825975657 695.922055214643 225.392266571522 957.101688355207 49.2405312359333 17.9866881966591 430.571024298668 33.4356325864792 187.821232169867 40.960335880518 146.819412738085 25.049603998661 0 147.482227981091 30.4362319409847 57.713660389185 240.891635090113 1.70024901628494 99.0668282210827 956.51783528924 222.822967171669 676.297228306532 322.293740272522 2.37543022632599 141.029860019684 4.08673658967018 347.505489349365 30.9692498445511 319.315710097551 14.1023612320423 0.936833143234253 5.41583135724068 166.136008113623 490.013506412506 358.897139281034 341.331323683262 4063.69208842516 2.43077853322029 26.7188805043697 176.753231316805 3113.94851967692 410.432781785727 434.403018653393 0 2.48833003640175 72.1480268239975 180.264450758696 19.7849864959717
1.81538489460945 1991.31130796671 18.5570360422134 0 0.331644833087921 6.65304011106491 5.02285245060921 30.1404723525047 218.80397066474 11.0858047902584 2646.25991508365 11.0773674249649 7810.17931514978 47.2734945714474 13.2875059247017 22.7560097873211 130.398730397224 428.04998499155 675.274057865143 1.43956434726715 2.10347718000412 415.825396120548 28.9580626785755 94.5649310350418 0 1825.78044891357 4265.06773918867 29.5424802303314 27.3810923099518 11.7648316025734 163.17862406373 11.2534415125847 0.891866207122803 297.446682333946 1.22802090644836 122.91576975584 1436.44516125321 835.192330777645 105.727083742619 22.2140491008759 6.53641748428345 1652.18017295003 20.7827704548836 127.283583343029 66.2654755115509 7.00344908237457 2.37740820646286 1.00820302963257 100.597741663456 0 46.9628645181656 11.7634084820747 1.17708516120911 0 0 0.712167799472809 3.78915229439735 2.17849779129028 0 292.381805479527 0 575.095903992653 2.34225863218307 0 0.453953623771667 26.3089383244514 179.844688981771 156.71641343832 0 2.50854903459549 11.6299958527088 5.66045093536377 4.62376880645752 412.125570118427 646.807742476463 627.488726019859 2.68709710240364 2.32392263412476 1.85659256577492 76.6030579209328 0 0 37.3817158937454 1.43083727359772
64.1830649971962 1851.42530351877 12677.466350615 0.470708221197128 13.1698463261127 70.483602553606 225.276824325323 196.690418064594 140.034695655107 44.5889165997505 8570.37045773864 17.6623570621014 3255.12077024579 335.333299934864 14.3358072936535 71.9945529997349 12930.6294196844 4933.60760459304 10488.2308218181 4.09566634893417 300.037083923817 265.927619487047 1971.57824844122 158.286048680544 1825.78044891357 0 28372.9816327095 256.166212618351 319.387331843376 558.576952666044 2148.77571555972 49.0034523308277 32.768351405859 2605.38031429052 43.3585868477821 2260.60357496142 3914.8605748713 3800.90127876401 985.19073933363 71.216700553894 21.7728560566902 156.181825965643 116.870987713337 240.672898679972 186.200477719307 39.408506155014 2.3392813205719 1.12396991252899 32.7270255386829 2.61094784736633 394.71913471818 235.443944782019 0 0 1.2990785241127 12.9238322377205 2.32006031274796 11.0481358766556 0.401580601930618 262.784319669008 0 521.104312837124 11.3781486451626 1.13613104820251 22.4433716535568 301.207524180412 266.61213645339 523.312679350376 1.53904497623444 24.8122073411942 51.1885344088078 114.303422927856 22.9838972985744 633.952416807413 2222.19876220822 3246.20499420166 15.112883746624 7.34377607703209 19.9255445599556 86.609826862812 0.892424821853638 0.648708581924438 141.288647890091 30.9477566182613
68.6351428627968 6822.08786201477 8521.01993390918 4.06740120053291 11.6985578536987 63.8942120075226 432.083866536617 149.102022707462 533.091381728649 48.7880686819553 2728.61875924468 33.2192458510399 5867.26183572412 257.081746995449 34.8060070872307 7487.25166445971 6148.82216528058 909.16339379549 2922.27549868822 8.20454615354538 1585.21976044774 5281.72083470225 11160.294228673 2135.97047033906 4265.06773918867 28372.9816327095 0 2098.67387405038 303.051250070333 570.860704690218 1337.33194050193 31.1460795402527 33.0255501866341 3293.38809388876 94.601617962122 5807.06886711717 6456.39935860038 5550.10405889153 1994.11442601681 276.234825074673 36.3938669264317 145.333787441254 584.171054691076 491.788911402225 470.582894802094 160.369685232639 46.304128319025 8.82888275384903 31.9079803228378 9.52022868394852 1073.54247963428 1610.98619124293 0 1.5473780632019 2.0014942586422 65.1208986938 5.79813677072525 46.0515143871307 5.44465264678001 221.367787599564 1.92979872226715 382.292021304369 21.8073807954788 8.396738499403 333.448867887259 670.82284501195 266.494038701057 510.3800804317 1.39664232730865 162.026710182428 805.190246999264 1870.78110706806 145.515131920576 498.640827924013 2512.07928836346 7749.93346241117 114.12511318922 16.8264147043228 84.6071525812149 65.3864022493362 0 1.59313458204269 259.391833722591 74.4764974117279
832.20005813241 132.321865946054 1248.43486976624 19203.1280994713 5.32426384091377 3353.46081331372 20190.2374204993 1232.22358393669 3555.9343354702 22596.421505332 60.5561773478985 1747.10930812359 44.6140048205853 1769.75684690475 199.043020159006 2734.51727250218 388.996727138758 5.26121497154236 45.2633757889271 6613.30715742707 9827.65306288004 1200.63020551205 5861.13402017951 28153.6879464984 29.5424802303314 256.166212618351 2098.67387405038 0 3362.50902011991 11245.190594703 2.07232159376144 18.6147999167442 1092.2230451405 2046.22760850191 141.295481026173 5871.60138863325 475.067343115807 2332.67454913259 648.635634124279 884.096849352121 153.640294283628 6.32275113463402 351.467618137598 39.1276503503323 141.964560896158 48.4203760325909 138.773490190506 10.2680237293243 2.25426584482193 144.282487690449 26.1255521476269 70.1498467028141 322.792009413242 1.50094258785248 99.5536316037178 947.80894523859 213.629164993763 539.008745521307 445.870199859142 10.7967427968979 205.822465807199 1.7448228597641 296.209514081478 29.9425280094147 439.350099772215 32.5075578987598 4.19984930753708 7.26781269907951 260.24568477273 545.903713554144 268.718099892139 395.847934424877 3776.08183243871 1.5962707400322 20.9534370005131 249.817160308361 2982.65175285935 387.3337444067 493.939167588949 0 2.02020692825317 74.8015215992928 154.285266965628 45.1801467835903
13302.7207796872 44.1068410277367 260.812151610851 113.24397572875 260.18375480175 1238.73412621021 4069.16438445449 3335.54056981206 496.314498305321 1538.94885140657 518.413313448429 416.881073862314 138.92664629221 11501.2154114842 61.6028088331223 49.0605846345425 674.616183876991 42.4696655869484 129.964234620333 262.260027945042 913.370937079191 210.542380958796 1219.30305582285 1411.38854280114 27.3810923099518 319.387331843376 303.051250070333 3362.50902011991 0 10520.7238110304 4.86466497182846 2285.54472407699 9671.17404592037 4291.00917983055 70.8571408390999 2319.43707093596 238.538616389036 2181.05828610063 218.874702960253 909.319689869881 1106.76560369134 66.8476541936398 56.7172467112541 5.88088041543961 30.0322692394257 12.7334190607071 16.086737126112 4.60049855709076 1.19871208071709 24.7852438688278 6.70353838801384 11.4359567761421 5.06691199541092 0 9.48493930697441 109.93051558733 22.0478964745998 66.7721293866634 11.3390912115574 3.32008802890778 7.47847539186478 0 57.7285915613174 0 69.0946210920811 5.62858843803406 1.50929176807404 1.98216044902802 8.68090957403183 100.190062105656 55.4607588946819 54.3542664647102 485.850599169731 2.93528783321381 7.7946720123291 34.8244510889053 406.422948986292 48.7986814379692 95.44443115592 0 0 12.751479268074 22.8632520735264 19.5947196781635
3303.91307258606 47.3530267477036 1203.63604661822 4.21725383400917 4.33287167549133 221.159859031439 10916.6993426979 1338.31114193797 476.048920840025 104.496382266283 105.854624986649 14.9645986258984 23.0949449241161 3977.53254547715 25.1217995882034 188.781367987394 2829.84918382764 28.9168974757195 312.814813762903 7.23870664834976 20427.2483834922 552.643078297377 10983.1872565746 1366.67167180777 11.7648316025734 558.576952666044 570.860704690218 11245.190594703 10520.7238110304 0 1.12346097826958 14.0877102017403 868.614310413599 3740.09379944205 69.6906742453575 3235.57045611739 487.34893026948 2057.89711603522 558.268864184618 366.918456286192 68.6150441467762 8.69141399860382 113.29272711277 17.1739366948605 50.4422652125359 17.1299652457237 21.7075924873352 3.33069372177124 0 22.780149191618 11.3378840386868 40.7121006250381 1.39027866721153 0 3.27051144838333 103.431023895741 18.5853229165077 68.8898645341396 8.48220783472061 4.09340536594391 1.93429851531982 0.518222153186798 42.6018015742302 3.78429436683655 301.429122000933 13.077306330204 0 4.69503134489059 2.6350302696228 393.318596422672 184.004568189383 291.379017025232 552.164499878883 3.01680129766464 25.745570063591 118.017372131348 444.359690278769 82.4694619774818 202.670726954937 0 0 22.9124783873558 60.6684707701206 23.6655502319336
0 36.6242997348309 8.00276482105255 0 1.86850649118423 2.00068759918213 1.37432950735092 8.69877102971077 10.2009286284447 0.464702576398849 1395.9806535542 1.0296416580677 4965.26546692848 11.0732359886169 0.582004249095917 0.500822365283966 35.628437012434 99.158940076828 84.3692718744278 0 2.52018159627914 11.9229994118214 5.53485754132271 7.60532993078232 163.17862406373 2148.77571555972 1337.33194050193 2.07232159376144 4.86466497182846 1.12346097826958 0 0 0 52.9961452186108 0 17.9274812936783 223.477606415749 161.956831127405 10.928219139576 1.2119442820549 0 55.0267728567123 1.90384078025818 9.02819275856018 5.89184421300888 0 0 0 5.50584584474564 0 4.3410975933075 0.540500700473785 0 0 0 0 0 0.619519770145416 0 34.2811843752861 0.85626482963562 61.1976161897182 0 0 0 0.563692450523376 18.2870981991291 10.1012140512466 0 0 0.420193433761597 0 0.45888477563858 35.0588472485542 42.9413913488388 44.8918989896774 0.443535536527634 1.71248173713684 0 10.8362624049187 0 0 1.43320107460022 0
