0 115.767071259679 98.8744905933513 90.1477487623157 84.4867034174133 79.59416228781 34.1660978534775 44.6323675829918 66.3256218800563 79.2884056712495 104.233036400328 86.3361802960834 102.794543328085 16.4385671684978 101.504386233094 107.466532754452 108.316211811188 122.636034701143 124.422322163568 85.7901944013854 89.6149733620751 85.8892230118769 96.7179114786422 77.5118439517902 151.230905989585 128.04949716169 133.443290532021 80.3540032226929 21.4592356034817 38.6019201778938 0 94.2556083507436 34.2335530916837 60.5502385466951 123.16913938093 70.3166857298256 96.5944890064403 69.1081945342578 81.9336631645518 59.8933844040864 66.7911360520945 105.968260762164 142.189787268573 175.065104950974 146.18740515006 0 154.2613323355 183.79866027832 0 115.301774507746 186.099533639829 173.823053746991 159.191588503327 0 160.618419824662 132.965547727891 145.080838958826 82.2745839433684 155.758287925365 227.913604736328 0 0 147.744738621952 154.319122314453 129.873969855561 178.481075734989 0 210.474670410156 0 133.484941515829 91.574518264669 155.709819216456 126.973305899449 0 180.715905380408 167.928904349289 130.207649145296 147.183953293032 131.740613177223 0 0 130.353947299244 151.578027267441 138.3340854453
115.767071259679 0 45.353263133624 149.805724768827 117.123202535563 127.811709886527 115.142082989996 125.027075512543 68.7381026610408 141.404841945398 61.6273888607804 121.309724444256 45.2140047785106 120.570440030039 111.00959261208 64.5987971646253 55.0523487718541 70.427700827252 52.3820984559473 138.530915951487 93.4576624668763 28.9389474650805 75.3325244636929 79.4120213310105 27.3739943803034 45.7622885192807 30.3850533089087 102.482819447967 109.797301504692 105.043149263003 68.1263776764075 108.306756687722 152.295444708075 55.9163353243347 118.252736850601 76.0198996910525 32.5971821651193 55.4332437197727 66.0035746177634 100.273796628733 103.092510395855 50.1602654402543 88.0589282929198 62.8685996722042 75.8980555523818 75.499250575218 105.703438808868 0 62.3959412328984 125.243705749512 23.2161215494248 64.3548513269272 169.995910644531 0 229.604507446289 156.047881447739 147.599563598633 118.246503685212 134.32780456543 87.8886039519692 0 68.4398999904171 142.557627504854 0 93.9213835476095 68.7809617758569 78.6652331651131 70.636860975527 0 107.792034765163 33.9255869026488 79.5335693198411 133.359565831097 45.3745183920302 60.5749912792168 57.424231102126 162.318789786721 119.699006786661 119.968714348973 97.346405645759 0 0 74.3485876244648 145.297143851003
98.8744905933513 45.353263133624 0 157.728785344494 91.3446426391602 130.434965837142 96.0788450799417 119.038899179427 107.355946920082 114.864083807189 87.649996955424 145.108326273178 94.2591457288894 114.325140446812 121.944250612398 86.5185384113441 46.7975061686426 97.0119529716045 74.581495570492 118.773094177246 65.4095181183984 56.1620722366924 37.9487149916747 96.0039523009308 94.5905782179772 31.760270532526 32.9311537626229 76.1770268675609 110.790196065969 81.9182682747741 89.0118041480676 119.493996151284 106.258634057486 59.2980389726866 138.30922256538 71.6510063340413 44.7659021419112 58.6595283159222 62.0153097432545 87.8986129632846 83.5689167127419 109.223973679518 121.322798784915 93.7836664485758 109.944866487057 111.303676278991 133.1619086368 114.633227268353 0 157.550562185941 65.2476680559774 93.7311544856178 0 109.771423339844 189.64582824707 167.656906816027 189.593283740668 128.39526578607 209.172857518233 138.419837511812 0 150.660745675733 172.238022434891 0 117.164468124543 103.740675175034 144.638596021946 119.649410871436 143.567764282227 136.908462392041 74.1834048159608 106.283740755966 142.343992651532 111.14704874346 109.690104511099 93.4089809080614 155.978826272278 166.724594740154 154.540615652833 132.898453748818 0 170.583573694576 108.404711187142 155.133491199177
90.1477487623157 149.805724768827 157.728785344494 0 98.4050747720104 69.5421690986896 41.0562357966908 103.239824714457 57.7138460175903 23.1309862265344 164.865455057722 40.108535122059 155.477273140973 105.332720502555 76.3826721935801 89.5401077270508 149.066650390625 0 156.946732858095 12.5675213389792 113.653909928981 92.4367595565061 144.247317757454 27.2656362541037 0 202.715469360352 146.095377435952 20.4970822541389 108.004749256859 121.563803034973 0 118.993945063813 98.6318584152537 107.157122579527 127.409782409668 93.859739208777 120.965918848526 104.703732773883 105.51298252066 79.2922798589635 105.124625544667 142.741272996787 99.058984076333 100.97647857666 168.77961903742 187.769897460938 116.918658860694 169.373428344727 0 51.1569900512695 131.012593191442 177.042999267578 40.9246926392213 0 152.163716194179 133.735268901338 155.012582549601 80.1978539238627 119.624902672528 0 103.73809994794 0 161.450006781712 111.782017297732 149.127010280022 0 0 0 47.5298556572975 173.963023307816 108.802795466198 0 58.3876885154537 0 0 200.94187579803 123.588560164576 156.820435622079 115.908392115084 0 0 78.0702667236328 155.103774860147 0
84.4867034174133 117.123202535563 91.3446426391602 98.4050747720104 0 13.0071428622475 112.291112477863 20.0796319060237 53.7128978733006 105.257732097168 58.4560178404825 63.4381949282025 55.4173896937546 33.0563019528745 17.6642832107192 0 93.1458888923088 93.3896026611328 93.1742687988004 96.1796264648438 102.667534522715 106.676487910173 103.351694803449 83.6624292685104 192.481246948242 102.384303728788 104.385307010048 107.714423883423 22.0307312306758 116.225523615132 97.0954770541756 11.3447990289914 67.40522154855 18.0698539354577 59.4488592969016 69.0195479041682 69.7959195779768 44.2499666871168 41.1154008702166 16.0417293445398 8.0400387170516 61.046487655704 61.8292859359211 192.543886999806 140.920353968488 72.1493264650757 88.7131170546191 0 0 0 0 0 0 30.8677843918713 0 191.801193237305 0 82.142576613393 152.823181152344 123.897331237793 0 143.285995483398 144.233413696289 30.6689852306567 152.187423706055 0 0 0 0 0 140.523025414243 135.250717163086 154.141754150391 0 0 125.527370158666 177.413265127436 0 120.284111022949 0 0 0 0 68.6156214466074
79.59416228781 127.811709886527 130.434965837142 69.5421690986896 13.0071428622475 0 57.1646856103779 21.9411132781447 63.5011022946705 28.9531068076269 74.5567178357827 32.8493076691507 67.6443414519113 48.1249928859447 26.8682110217867 128.330358857594 135.803613058862 117.716809597405 110.470295880284 49.5877444804805 114.63040119564 112.455671821394 122.498481884773 75.4536020967007 108.752839479212 124.998687360158 133.036829663706 67.6634089802293 46.5615547003251 91.5434912171569 114.288359588478 18.6404050295462 104.283863119214 39.1350230326396 144.322709189382 74.823559416532 86.8690850952669 66.1860946176616 86.0463683338373 21.7781854195683 17.8780245018917 68.0882226399499 119.303471889244 157.870604201952 160.318902338932 100.231407624184 99.6196681336712 0 0 158.982470512331 141.601531982422 211.49000305113 160.409055482164 0 171.108524369831 149.225400981645 168.149292296637 107.74346219693 162.264763510518 0 113.273589442134 0 162.40849470237 104.764610246819 158.03490279264 193.453262329102 142.661544799805 124.660636901855 142.417843748962 175.970618588986 143.565000147309 175.587233650297 128.26867284414 0 213.997589566006 184.62289680052 149.890231388906 179.056968546699 167.10596952292 0 0 166.392517902272 156.480374695856 157.444885253906
34.1660978534775 115.142082989996 96.0788450799417 41.0562357966908 112.291112477863 57.1646856103779 0 54.4121369951383 61.7428161063602 23.7515211857609 136.359477147691 63.1834890474081 125.038050104526 42.1740013551797 88.1081577237782 99.6722555807326 119.263948116783 166.121919886949 143.042078401874 34.3795569455948 81.128406161173 87.9551800922534 90.2046052099222 60.409007420464 158.061524461375 130.705123198594 116.839926927315 44.1220633278579 70.0467277382251 25.9008745696132 184.221609948522 124.462786849689 69.6109932751274 82.9732152035166 137.70759731738 77.066919183439 106.035661969718 84.4109942630609 88.1960560639281 77.463437702246 86.9237263432398 116.406874325487 141.004321234996 145.383862783387 155.9342799668 151.349983733946 124.157352758289 166.02010853757 0 133.708119564644 137.468924735784 164.258765341856 145.259019696577 0 162.229784451811 133.507614718012 153.400484205321 85.7930693491135 145.879131652566 193.197479248047 130.883395623467 0 149.221840087544 133.335695875524 141.569474744785 175.239034454389 0 211.454784851348 138.656100128654 140.71013616023 114.408624830925 150.945224125811 113.132463472949 0 202.789307504352 162.723999501719 129.970686235871 156.452362115838 133.72807625249 0 213.722036116276 147.598831176758 153.537307664143 162.029685316206
44.6323675829918 125.027075512543 119.038899179427 103.239824714457 20.0796319060237 21.9411132781447 54.4121369951383 0 80.5197229976247 34.8550052551452 70.847063203266 66.5369912130807 58.6930272787808 21.9765524454779 36.8344495690164 120.313666421906 127.336758689403 108.384471570164 107.83066523783 83.7936742929626 107.362101596456 106.050449845992 116.200269666568 91.3998700680825 102.493295736842 122.528292750262 132.519017488605 89.5222364527099 41.2324156499306 77.6198047825945 111.117727853982 21.2402966738696 92.955635219423 43.9014234907009 114.820895214083 77.5995518517024 85.7228615469568 58.7651087957917 78.4127778453145 29.0936682340622 25.9397701250142 64.1078534860058 164.706330028738 108.275064263542 134.963662191299 122.327290165005 138.950825750959 132.6466192552 83.1114569822206 154.385407312486 151.343173693466 183.449015808871 160.385721887359 0 173.24153651387 150.003224102463 164.929798664196 111.655565878888 162.226756189123 184.437367765099 162.57726337959 114.554073650972 162.052497445292 140.931160246729 154.881506022102 188.200219478514 0 230.164001464844 147.807654812064 162.15897085539 118.141832702769 186.822453991183 133.579994764204 0 177.149400492496 164.312799438536 148.836224582064 168.635957228128 160.56831083872 0 0 154.909933266907 181.414045193216 183.257406258491
66.3256218800563 68.7381026610408 107.355946920082 57.7138460175903 53.7128978733006 63.5011022946705 61.7428161063602 80.5197229976247 0 69.405161689315 132.970433764848 28.1940391072355 113.183197838852 82.7237409786219 27.0515203947481 46.153869339704 117.232776295034 141.215607204241 126.505194507678 52.8720266507325 61.9214419477305 28.3466439473307 90.0889249864091 26.0132206582322 101.82232895747 118.988830994793 95.445864108482 57.9911093564449 77.2552611655317 61.9936604025817 130.364535025969 81.3128498812414 67.8753094730087 84.5539873189981 149.319417220631 52.9684008227555 91.6613885722096 87.8915889252241 87.1738839005763 24.2179260953862 91.4648332776361 112.886251438318 69.4695539289188 151.107667396597 110.080855967321 111.09666367115 60.9825966484748 119.107085513874 127.412567138672 97.2169180357546 81.2278221855196 134.99187590662 95.1276092984228 0 103.72798175037 91.6547818948456 112.115046471475 24.4010908045227 104.950930620081 171.706487544969 66.1582804936222 148.379090372732 106.564513871887 55.5998842869958 70.022025787482 164.583217768996 186.782424926758 153.070839055805 85.010075828149 79.333252061703 31.3089987084436 109.08042140907 59.1167483740388 169.823989868164 155.730101291562 136.796434214782 87.1284987961558 96.0454306644026 86.3296399319952 0 153.830993652344 83.4494199438406 91.3634862134993 170.965062501867
79.2884056712495 141.404841945398 114.864083807189 23.1309862265344 105.257732097168 28.9531068076269 23.7515211857609 34.8550052551452 69.405161689315 0 132.252466424709 24.5350681158558 116.857605935838 57.8727817515361 77.2130054714981 112.936595610477 153.211917963298 175.589742634773 155.099435000084 15.5865585424068 118.122037293955 114.038565674818 121.86633733294 60.7622429235779 148.909415028215 163.669367272325 149.370594742415 35.1409490675151 97.2218572280982 103.379600649944 179.284561157227 115.948740615961 90.4884998709121 96.688101057983 140.453769819836 90.9179842259402 124.294205865217 94.0812211493965 96.8840382401341 74.1871232374765 96.0344865619283 118.289146158564 107.678890064815 190.044807017116 177.664452661293 157.438947803554 114.755097447734 175.480972290039 175.212463378906 178.657618480582 169.665130615234 199.5329429494 156.450164837753 143.14111328125 166.439090603572 149.10438882591 163.863539368406 93.855584362535 157.382485042873 212.044403076172 71.002008385802 0 165.400440826926 129.682896921763 146.70151419903 0 184.164899409823 0 142.255656851925 189.801111087339 134.936526510562 182.945647569454 121.214428594516 190.086232530128 223.916498062373 194.455623653757 150.039723023886 180.988790141881 149.509393386103 0 0 138.573532104492 174.448548217389 173.840999571024
104.233036400328 61.6273888607804 87.649996955424 164.865455057722 58.4560178404825 74.5567178357827 136.359477147691 70.847063203266 132.970433764848 132.252466424709 0 125.906510564665 23.8538277361641 74.4007138343075 113.709753096902 129.446810262666 55.7734531783385 20.8867558924344 25.8584960715747 137.940167736436 111.507874208912 98.8529020771481 94.7088250580657 147.237265866694 33.3541574917022 33.1372248976262 59.8252434644071 152.885093336259 71.0914203793809 117.965939804215 34.9208245379104 62.0315314430205 100.605221792151 24.0849428653518 127.227782284072 79.3715861715841 29.5901800605824 28.4896064688008 52.1532694574547 69.0042145232758 46.266712472801 18.2539577432822 153.910072523923 66.2909912593776 104.216174331764 127.059838939775 154.186737060547 86.8059768676758 47.6515383611042 0 89.8240544422081 137.976909778769 0 0 0 208.590639840957 216.218398375796 171.251809250243 191.042144775391 80.0755283066566 0 72.7718253282026 186.051840633107 0 145.097326493832 129.248540878571 102.809768758277 107.294446393127 0 219.440972426745 126.747157213349 142.902166574233 190.476031293796 61.5647036059428 100.72676619057 100.343732401389 210.266416287339 0 166.429534912109 100.636977888212 0 213.947875976562 108.648196043736 163.110457894112
86.3361802960834 121.309724444256 145.108326273178 40.108535122059 63.4381949282025 32.8493076691507 63.1834890474081 66.5369912130807 28.1940391072355 24.5350681158558 125.906510564665 0 114.35417994102 88.4299725339193 24.4475781043476 90.539683181716 173.243498984281 166.565622558086 147.757954128045 15.3824822664065 140.886708091958 71.488249584482 140.784031447899 25.4689647877428 137.411491744029 157.345662935605 141.567132972372 56.8598876702337 97.9592214712681 121.64884951781 169.842861583564 104.616585364179 97.8710024715624 97.1121555395703 171.314108384397 62.2615194839804 122.358224477347 93.1713243953107 100.228372623941 25.4892430810064 83.2983833953889 111.80314051683 61.2965902196581 165.126050339542 142.087026343762 135.639877319336 75.5680522545919 0 112.35954284668 0 159.698883056641 222.086730957031 121.688143814442 0 91.8838886281259 133.396064847361 141.471065334994 68.9451379536562 60.4518006263493 0 22.7597595422166 0 149.749849836605 86.3821756882583 103.788886875445 0 0 0 61.8073847671486 0 123.177069100722 155.659785312433 93.4605177760871 171.710647583008 155.038101196289 180.190673828125 132.900393128105 143.731069934903 147.271041870117 0 0 0 168.611797270579 0
102.794543328085 45.2140047785106 94.2591457288894 155.477273140973 55.4173896937546 67.6443414519113 125.038050104526 58.6930272787808 113.183197838852 116.857605935838 23.8538277361641 114.35417994102 0 70.4916474389312 123.030852587915 126.286891212081 87.2453840867507 50.1715627417617 59.7732123853994 119.902185839859 144.642930009527 80.0293640147865 123.698262767466 132.090869475355 20.482711098248 25.4099814179329 30.7018234509118 139.070647039545 66.0380416992656 129.235139833184 10.7881157298583 54.5464572413022 82.2473551550604 32.2816959892026 77.1157448424163 41.1888560270406 25.9314577684118 23.3563105485314 43.2654166445794 42.4204328899052 10.5845882417004 15.3399022909312 74.7952091545392 44.9301995293254 51.0389321139028 35.38677933307 80.5595671176409 38.6972550513383 38.6227752824579 90.8402251610399 73.3980864074454 115.271783526195 0 0 79.038883085301 204.938321607068 72.7063719750934 139.030256211949 183.01519494061 69.1926971986468 177.62701460017 63.8845266903845 89.5692415247734 0 171.712888502216 133.002865482281 91.6259856559261 102.871698968642 0 177.734329223633 82.5427245566148 152.141919511269 168.498111715284 56.1467088982443 92.0932698387511 94.8210238308721 188.9683490827 120.331478540141 190.231903076172 87.8091417964869 71.2023544311523 0 47.6200048852592 96.8813781377748
16.4385671684978 120.570440030039 114.325140446812 105.332720502555 33.0563019528745 48.1249928859447 42.1740013551797 21.9765524454779 82.7237409786219 57.8727817515361 74.4007138343075 88.4299725339193 70.4916474389312 0 57.0833151107409 117.467617094467 123.818117617407 108.220058549624 112.115404457512 95.2265714370767 103.906040601623 105.70146797707 112.623903364947 93.7032992335496 98.9666971094602 120.854047499011 133.844145347388 91.9391622486388 36.7913042489511 68.8310119404309 114.245385140262 19.9475274171134 68.3876308665282 49.1275748275076 118.948249910363 73.0859834500509 93.9750530685997 61.9424093918936 83.0256251565335 43.1534762026818 37.7758895842187 75.7168098070669 146.012068189542 161.570675930119 143.958755450702 132.576995980913 156.14976407316 164.683720916754 78.9662167928343 152.22724954729 161.459933472382 182.758175840591 158.210330104907 0 188.067014864038 149.261570239711 168.498021795289 108.524417968672 171.240923716722 0 160.256600083176 142.046657846258 170.03463308735 0 150.030429926966 210.131709580687 173.012550611664 147.438095092773 167.626493119011 154.843373515458 145.255212626785 166.887546391907 135.386809665366 127.875360378523 158.416264271727 169.396313962511 144.375309991801 170.574195742582 154.348819352891 0 197.509368896484 155.403078560787 147.710331983086 145.193995041111
101.504386233094 111.00959261208 121.944250612398 76.3826721935801 17.6642832107192 26.8682110217867 88.1081577237782 36.8344495690164 27.0515203947481 77.2130054714981 113.709753096902 24.4475781043476 123.030852587915 57.0833151107409 0 109.285796782385 165.250003706322 106.394966125488 138.663208348246 68.8595004080208 89.1983941196378 78.1733755146849 88.9229246978353 47.9179247566874 150.160545699052 154.493058316653 131.858429654232 87.467922080075 67.5487530913482 93.955643637033 190.00993347168 40.5156191028459 71.8660248001493 57.4603707307289 57.8821854564927 34.776329453585 61.730405579777 51.9447057016975 31.9988115579056 10.954628091298 31.1403164657532 117.813055320306 62.8209007746749 78.6230850219727 117.73513574848 81.961737889715 69.2497565618204 0 0 118.542327880859 0 150.495912431762 116.835380679238 34.8979297175821 161.807917216761 124.725336870649 126.822688359061 65.319997657468 118.598782937185 0 94.3784119345858 0 148.031961312377 45.7164657852652 145.807048872543 110.579383850098 0 0 96.936666847098 0 91.2667850041429 179.685291036044 91.0611777762944 0 0 142.562813445773 127.367781408654 202.848129667624 171.32740994875 0 0 0 189.641830444336 70.2450281321384
107.466532754452 64.5987971646253 86.5185384113441 89.5401077270508 0 128.330358857594 99.6722555807326 120.313666421906 46.153869339704 112.936595610477 129.446810262666 90.539683181716 126.286891212081 117.467617094467 109.285796782385 0 104.720805899911 129.047228833158 114.423278802253 74.6898588275379 18.4966914925899 35.4188068063516 17.4113371739633 28.4134419128706 103.146657648969 111.670002553119 27.5764880524177 32.0920916022449 103.567739063621 81.217905647856 161.927825927734 0 81.9521297527589 75.0477794048953 152.372612058127 72.7069704366678 59.079662257666 73.0648978893748 73.0951976167622 85.5866063857239 90.618941321335 121.027487652092 112.726636545291 95.9708077025802 106.341117673352 107.276695079215 127.624562848958 106.491279602051 0 127.47219686272 85.8094769374463 114.036114231135 0 0 178.060164002765 145.206797451395 172.005231297202 100.730004117827 162.06933779541 136.997894287109 107.670417785645 137.380599975586 151.3934684514 160.741617647783 90.9755380290784 124.846549172766 191.072063318332 142.97003001212 167.381322331695 108.762093559776 57.2973231906572 101.093890793287 104.867517171072 0 144.152915705458 91.8673952329883 120.008301349689 129.510497272727 110.094208074299 0 0 128.203355834838 107.638647554319 149.591398410529
108.316211811188 55.0523487718541 46.7975061686426 149.066650390625 93.1458888923088 135.803613058862 119.263948116783 127.336758689403 117.232776295034 153.211917963298 55.7734531783385 173.243498984281 87.2453840867507 123.818117617407 165.250003706322 104.720805899911 0 53.6326975056869 19.5342673613221 0 65.2294074105377 84.1968292632 32.8897470006583 126.419010971857 69.6127514254176 36.2639091052749 68.8552548790284 115.243058630338 109.641926811556 76.2617675495468 86.5671590583129 116.455927019659 106.903034576519 43.7296344294129 150.776846621947 79.6639283213593 48.8166298741748 53.0023525284797 62.2377730475997 103.844445137067 100.527476219563 83.1030576718893 135.060979542136 108.87546425405 121.539570614831 116.450345586613 215.050912283442 126.023735046387 86.2452545166016 185.951049292147 75.5433379092144 108.976452767196 0 0 0 189.362323583869 0 153.795740388948 0 136.300145690766 186.756912231445 110.967748106947 197.862447535951 109.731071472168 135.293602216288 114.789010515897 131.473650948267 119.931623653216 0 153.726107001942 105.732750214851 130.169571406539 167.40985077921 93.4063182247247 107.861487770291 106.382536070194 156.79777863487 157.719000188171 156.946345188284 140.585120603798 0 0 129.125527542157 154.79781566678
122.636034701143 70.427700827252 97.0119529716045 0 93.3896026611328 117.716809597405 166.121919886949 108.384471570164 141.215607204241 175.589742634773 20.8867558924344 166.565622558086 50.1715627417617 108.220058549624 106.394966125488 129.047228833158 53.6326975056869 0 17.5473965866029 175.603386113281 131.691821659735 110.052607866216 100.633600941538 152.207765460317 48.2437090970529 26.0504452142791 62.8291893491968 164.846407633673 108.368129286618 125.130938953098 53.7052970708919 90.8549986399059 141.869892107288 56.7359834052923 149.565058422599 90.5764573083186 52.7079507791398 55.4167833796736 63.9274061815414 94.293511571938 85.0272781258959 57.5695580582025 140.897587610882 105.374706539665 103.017822957353 110.079357769908 150.785400390625 0 66.1495349260094 0 91.4989504900235 131.237498168779 241.675231933594 0 0 0 0 213.028187681065 0 98.5440268433269 0 86.861685113381 216.094223022461 0 196.595596313477 121.901270864332 108.028082643783 110.779237888029 0 175.596969727993 116.001304626465 156.228790283203 227.826751708984 66.2161046601161 103.479704370287 104.445219348026 0 0 0 105.169677785534 0 0 114.600133695851 149.167390851397
124.422322163568 52.3820984559473 74.581495570492 156.946732858095 93.1742687988004 110.470295880284 143.042078401874 107.83066523783 126.505194507678 155.099435000084 25.8584960715747 147.757954128045 59.7732123853994 112.115404457512 138.663208348246 114.423278802253 19.5342673613221 17.5473965866029 0 194.289035613712 94.9952416216385 92.3752835499357 66.7363395783496 136.360258894685 47.5994807766901 29.7715452416452 62.5500497081281 133.214958958622 107.889255388001 92.8206724355012 64.7137617191261 92.2717956266859 122.289111796344 46.7454680355839 149.219739809784 81.9127208064261 50.3810163750432 51.4899651493692 61.2663544147733 104.87779429047 92.4484647539748 58.5148317986894 159.171272788324 98.8620447057672 119.629978540278 116.12717144778 155.433029174805 0 84.663625708799 0 77.9618263922731 128.40758458973 0 0 0 194.748245239258 166.423445248648 232.372695922852 0 102.90090488904 0 93.7754998852095 208.411187356439 186.157229135676 153.080579898585 114.718747176723 104.345688443553 103.775827731198 0 157.648867056057 103.112141695187 145.097404974013 192.391586796801 67.9117919377214 101.110259738365 102.832408468442 179.12636404887 146.866240853617 169.999872017009 108.686701626493 0 0 119.300400854362 136.841676631912
85.7901944013854 138.530915951487 118.773094177246 12.5675213389792 96.1796264648438 49.5877444804805 34.3795569455948 83.7936742929626 52.8720266507325 15.5865585424068 137.940167736436 15.3824822664065 119.902185839859 95.2265714370767 68.8595004080208 74.6898588275379 0 175.603386113281 194.289035613712 0 159.627868652344 92.8438995622186 142.532493652004 21.7758377122224 155.267425679998 185.117802501551 170.48958891664 30.0492518622176 100.131336273289 123.127318397458 0 121.030423576458 99.9449772064351 99.7469070491076 147.025105249608 91.2245797158641 134.193882538598 97.4343090946168 102.433538839011 70.2315632483099 96.9573658669181 138.973484936115 83.4091890503341 0 198.08055429048 0 92.5253641244601 0 149.704345703125 157.353591918945 0 0 143.365881525013 0 150.891761387835 141.428914104752 152.176708725745 80.4395623350017 147.955095527354 199.2431287516 37.0106273675259 240.322448730469 151.231058391805 112.991969400457 151.310958862305 0 0 0 130.33392748204 196.763385286634 130.367267981663 157.85986328125 95.6569393390598 0 241.306060791016 188.674072265625 142.694092299997 146.662577564839 200.536658701575 0 0 0 183.287907598705 194.123710065294
89.6149733620751 93.4576624668763 65.4095181183984 113.653909928981 102.667534522715 114.63040119564 81.128406161173 107.362101596456 61.9214419477305 118.122037293955 111.507874208912 140.886708091958 144.642930009527 103.906040601623 89.1983941196378 18.4966914925899 65.2294074105377 131.691821659735 94.9952416216385 159.627868652344 0 57.1643152995137 36.1470052050193 28.4987740518248 125.816336117676 104.181182656274 77.936004837761 32.6613888719341 88.2252497733043 32.0259892440963 146.172812136607 143.038739560686 77.0677017057077 45.8774322160563 137.694130621652 70.5378314891801 58.497148361207 66.6338121940693 72.1473703334176 83.4112518981716 89.3271010470352 119.806095931075 126.771242820192 120.787309360932 127.769733274754 128.048345132597 129.264519595443 169.589482547863 214.115783691406 135.00857047451 116.726903919351 139.691141147864 147.656997680664 0 183.532676983693 146.480414195113 175.786698705045 97.9289094001521 171.063679195994 181.245433634432 131.760310913109 156.131362915039 158.416974539228 130.58133340153 107.434136281837 154.736900804419 184.675415039062 175.193461302708 242.273681640625 121.353676010571 75.169916278378 122.467932491559 111.784344657323 150.422996805866 168.999509109146 133.201195748213 123.176233722822 141.43475307695 120.240765162223 0 0 118.690178753531 119.524181132303 160.083405290236
85.8892230118769 28.9389474650805 56.1620722366924 92.4367595565061 106.676487910173 112.455671821394 87.9551800922534 106.050449845992 28.3466439473307 114.038565674818 98.8529020771481 71.488249584482 80.0293640147865 105.70146797707 78.1733755146849 35.4188068063516 84.1968292632 110.052607866216 92.3752835499357 92.8438995622186 57.1643152995137 0 53.6224521014187 33.7464920601751 65.7107211121074 88.5850990187182 40.1741067489428 62.7091101621312 80.8946367258838 60.1547137354465 103.342853786823 96.866569519043 71.9960650625183 58.0755545414929 113.809176345642 59.6551890842027 53.6675436228652 61.9354616068608 58.579344394143 70.3977103313032 98.2604809356659 86.9714173319842 87.2545753264995 94.0907055050466 95.8170163719514 109.608932126034 123.770632881839 150.942398071289 99.6332858662475 96.9233773403004 52.9104581014058 82.5472048234377 141.202960225321 0 124.517001965765 122.197746903818 162.422011475825 57.8959660753018 153.335108027176 131.497290366843 158.87575902166 112.485756663041 141.65552934166 0 54.5728382400117 106.468535017368 117.820907592773 125.516798610046 139.232930552953 80.8914019727737 18.6549110607304 72.7947393736595 82.2091869521722 113.646817174181 120.972288233305 78.7826043638725 101.917871133229 122.396176415883 83.2881621918044 173.626007080078 0 106.719994124884 83.0057766964955 153.391433385381
96.7179114786422 75.3325244636929 37.9487149916747 144.247317757454 103.351694803449 122.498481884773 90.2046052099222 116.200269666568 90.0889249864091 121.86633733294 94.7088250580657 140.784031447899 123.698262767466 112.623903364947 88.9229246978353 17.4113371739633 32.8897470006583 100.633600941538 66.7363395783496 142.532493652004 36.1470052050193 53.6224521014187 0 68.8965176494384 110.332717979293 71.1596128974609 44.9042421878338 60.5785197834809 99.9856392950048 60.2335739666078 125.40384130821 144.466890616069 92.6892246145937 49.3238264809724 136.972201323669 68.6277244177062 49.2163800415983 61.2574376890072 65.8921021608156 79.2013956893608 86.2912045393275 120.403712151979 119.783390604505 104.583560042061 114.432494785194 119.051685760621 127.958731298201 189.568859661348 167.122985839844 154.38170121769 91.3023467686156 110.495272542707 202.691534740467 113.969383239746 191.276950077996 151.583004032115 184.503754529604 131.719618295286 174.364179240832 143.440062418961 170.738876891824 165.909194508019 176.005506886946 145.951852153067 100.098469614187 130.805774459614 162.549296395283 147.851206774698 163.522160796492 120.680987085958 72.0394340405283 110.723735975282 122.206071491849 150.071693933414 144.943847605148 101.590329629448 139.059751025926 158.987563446341 130.832550253879 170.449254274725 0 138.209460343837 114.413453442738 152.488945657606
77.5118439517902 79.4120213310105 96.0039523009308 27.2656362541037 83.6624292685104 75.4536020967007 60.409007420464 91.3998700680825 26.0132206582322 60.7622429235779 147.237265866694 25.4689647877428 132.090869475355 93.7032992335496 47.9179247566874 28.4134419128706 126.419010971857 152.207765460317 136.360258894685 21.7758377122224 28.4987740518248 33.7464920601751 68.8965176494384 0 118.801456562341 129.330983812278 81.9248204970526 23.9266049624689 88.3256741950068 72.1352476556196 143.495570300076 138.171433375576 75.6307119933502 81.3139960678424 138.775011163035 75.056989291473 91.6333354374413 90.9779715120848 91.5046380205753 55.489913965324 95.989510736924 134.46890747056 113.098736099208 133.759189675534 132.581239897111 136.001908734099 105.996176448711 138.146684916153 0 115.690561002446 118.187789475667 141.906881309427 121.593011292576 142.827793894657 135.701302258941 114.029430172754 132.895037102774 59.5493814923907 128.290163608338 176.286563604121 105.263195316401 199.598379073875 131.46518284121 94.9121522415826 102.462145806287 159.405244519836 175.524871826172 182.340271853033 112.757755501911 112.192433206514 68.2819631238818 124.281645246318 87.3359845617429 171.359955584474 175.286280175642 137.54151450082 108.613151165279 127.934455045048 113.82448025419 0 168.979658989203 118.211436904834 128.83247247674 174.18794151824
151.230905989585 27.3739943803034 94.5905782179772 0 192.481246948242 108.752839479212 158.061524461375 102.493295736842 101.82232895747 148.909415028215 33.3541574917022 137.411491744029 20.482711098248 98.9666971094602 150.160545699052 103.146657648969 69.6127514254176 48.2437090970529 47.5994807766901 155.267425679998 125.816336117676 65.7107211121074 110.332717979293 118.801456562341 0 44.0009093869162 30.9974404450147 148.557125260802 90.9614871383853 133.311974735702 50.0970633662098 85.7330091589376 120.101524353027 51.5688428126868 134.800201416016 84.0197454251238 30.3834340146528 44.5571888899228 59.4503639332278 119.833492843484 78.2167032962982 20.1841305003712 122.288496946752 47.6358310181127 74.8370382425228 94.6541787752787 134.37787486053 111.490058898926 30.9803250279634 0 44.262271716686 118.951451930551 209.848327636719 0 0 222.665740966797 136.003768329686 133.240112242966 0 56.7231574609101 0 51.264933430537 109.468009012158 0 124.162734985352 96.8923370526435 69.6584427162203 71.0316407913689 0 144.061273412236 66.2682544012712 139.323072553982 187.044485282405 29.8740855884811 66.4710066757164 66.632696627189 197.56754064365 117.404983937587 172.617209759604 72.1144558364484 0 0 82.640226354033 156.881011962891
128.04949716169 45.7622885192807 31.760270532526 202.715469360352 102.384303728788 124.998687360158 130.705123198594 122.528292750262 118.988830994793 163.669367272325 33.1372248976262 157.345662935605 25.4099814179329 120.854047499011 154.493058316653 111.670002553119 36.2639091052749 26.0504452142791 29.7715452416452 185.117802501551 104.181182656274 88.5850990187182 71.1596128974609 129.330983812278 44.0009093869162 0 35.2319373658437 121.810702449753 117.280372812855 107.943474843889 18.4350400002297 105.762744555716 123.648102243106 57.0456856570094 139.218874496705 83.3666643333122 51.2347538288373 58.1611091199494 66.7568514779373 113.876230714676 93.685393694197 63.9108476617391 130.686333418747 99.534664794817 110.059553936606 115.453266568893 164.135634260408 114.899658203125 84.7129374009507 176.382408075306 64.9885496815762 107.000117677042 0 0 210.131709058743 189.680914125092 195.151990115863 173.123560886141 217.082153320312 99.128098566765 0 85.578582287841 154.785965808905 214.863754272461 140.374016040775 108.736652004414 101.223929395242 101.459036703287 202.570190429688 156.970488723729 107.740390023902 136.86360544277 164.331130111894 62.8085156495168 95.2188865483153 95.4220204867056 182.926059206801 189.852120711914 167.676502345793 108.122475701301 179.243530273438 215.405609130859 102.089330103244 155.611389804726
133.443290532021 30.3850533089087 32.9311537626229 146.095377435952 104.385307010048 133.036829663706 116.839926927315 132.519017488605 95.445864108482 149.370594742415 59.8252434644071 141.567132972372 30.7018234509118 133.844145347388 131.858429654232 27.5764880524177 68.8552548790284 62.8291893491968 62.5500497081281 170.48958891664 77.936004837761 40.1741067489428 44.9042421878338 81.9248204970526 30.9974404450147 35.2319373658437 0 81.8477825108736 125.034170177862 112.615664990501 26.411959324456 111.245794358794 121.922618826658 65.1922290067194 143.786961515461 79.9287436504879 51.9325186833997 65.42908734594 71.8879390655223 96.7345645665202 95.781446623066 71.0986988192825 117.422434810351 94.2226381940065 105.197036834407 109.595236277492 125.206737918947 127.119211436006 83.5910415960515 165.265571548019 61.1263533286386 94.7168687327872 0 123.199127197266 232.120426592872 167.230703266016 188.649966626973 136.797219249771 213.776167701412 101.393534716755 148.41517245837 92.4260297993087 177.033468031729 151.378207567963 105.795816196297 105.071629670813 106.653219823025 105.188744275966 179.284347831229 130.579617398929 62.3317677262163 103.628216662468 141.454351070472 66.8398180411722 96.46722100246 91.850624828543 152.677032250914 168.691588691602 148.41135049016 109.788469262185 0 158.466798368734 107.632248335462 161.985155913367
80.3540032226929 102.482819447967 76.1770268675609 20.4970822541389 107.714423883423 67.6634089802293 44.1220633278579 89.5222364527099 57.9911093564449 35.1409490675151 152.885093336259 56.8598876702337 139.070647039545 91.9391622486388 87.467922080075 32.0920916022449 115.243058630338 164.846407633673 133.214958958622 30.0492518622176 32.6613888719341 62.7091101621312 60.5785197834809 23.9266049624689 148.557125260802 121.810702449753 81.8477825108736 0 88.934153531297 48.0725855002102 182.03449457505 141.690205688362 72.3022457945663 71.9349826713472 145.132391671633 75.6134688299084 81.1997703200284 81.7889973366001 84.2714996785935 85.7636293368676 95.884095972146 130.618368905216 128.229300750635 135.698540382016 144.568245519549 149.62426031604 124.217854601187 150.356296015032 196.629499826223 128.533403478276 135.007794484865 150.67117313974 149.268684740994 142.579467773438 154.332175106826 130.167120721562 147.005122963412 84.6749502771916 148.98999860727 205.899408714468 132.608731672931 145.585922241211 144.539906593495 124.068699154376 110.865031927645 170.862514307657 204.483899252824 191.801855486075 137.731670656051 123.346429345274 90.1533035749329 135.273608031609 105.356330116113 211.048214275543 178.469468481123 143.950043403404 127.553898725984 140.367230235826 120.855128026173 0 187.477411454435 127.010559990192 138.489661113272 177.465450811921
21.4592356034817 109.797301504692 110.790196065969 108.004749256859 22.0307312306758 46.5615547003251 70.0467277382251 41.2324156499306 77.2552611655317 97.2218572280982 71.0914203793809 97.9592214712681 66.0380416992656 36.7913042489511 67.5487530913482 103.567739063621 109.641926811556 108.368129286618 107.889255388001 100.131336273289 88.2252497733043 80.8946367258838 99.9856392950048 88.3256741950068 90.9614871383853 117.280372812855 125.034170177862 88.934153531297 0 34.3558714677317 127.12192179255 16.4216219547116 21.9395354589375 37.4076369836975 112.71576407023 66.1805452064685 87.7656701945389 53.0240039104015 73.6822195767476 49.6369434646587 25.0633869886248 60.6747855731403 149.221595900239 126.59008297536 145.819034541674 120.299456918385 155.224955966424 202.696760773737 106.669588773255 153.336928928137 133.139792964945 161.574878151916 181.443008715847 0 184.516774904753 152.81770040446 173.368128036211 99.6225512117644 178.233576676724 173.649173352767 182.794481273809 0 165.081286441233 0 132.848520859851 195.618519156744 221.911087036133 184.926569683174 163.29915293369 139.691045465009 99.7887611359741 142.349956091892 126.93428159625 91.1266355178458 176.383155728161 165.3340592557 139.094790732561 153.695068122241 143.90649496908 0 0 142.681587119236 152.045395653501 152.296921729455
38.6019201778938 105.043149263003 81.9182682747741 121.563803034973 116.225523615132 91.5434912171569 25.9008745696132 77.6198047825945 61.9936604025817 103.379600649944 117.965939804215 121.64884951781 129.235139833184 68.8310119404309 93.955643637033 81.217905647856 76.2617675495468 125.130938953098 92.8206724355012 123.127318397458 32.0259892440963 60.1547137354465 60.2335739666078 72.1352476556196 133.311974735702 107.943474843889 112.615664990501 48.0725855002102 34.3558714677317 0 124.122175337047 121.951342669294 55.1701197117943 38.9026896215641 130.595119438843 67.0031246874578 69.8929367703173 65.6015766050887 72.3835025345867 80.4678344601912 89.2362468301615 119.258406703154 134.537856845921 120.646513860688 129.74521679083 140.55737207922 127.748992317869 160.352771401971 0 124.89399367042 125.499165735808 153.983576638701 144.843485080733 0 184.621906410299 137.726952482038 157.20037176156 88.6476628536966 186.883816961256 207.031616314437 162.915774021919 146.831939697266 155.119144007197 170.284032569867 107.567254277997 155.22735461328 0 181.908638896739 157.224619999492 120.72507706581 80.4017923577634 125.355641662491 112.148862861132 162.11952484004 162.226182420864 145.724702122923 122.297623084774 135.824897498501 119.568368169888 0 0 127.956260104214 134.406740925253 162.299285316418
0 68.1263776764075 89.0118041480676 0 97.0954770541756 114.288359588478 184.221609948522 111.117727853982 130.364535025969 179.284561157227 34.9208245379104 169.842861583564 10.7881157298583 114.245385140262 190.00993347168 161.927825927734 86.5671590583129 53.7052970708919 64.7137617191261 0 146.172812136607 103.342853786823 125.40384130821 143.495570300076 50.0970633662098 18.4350400002297 26.411959324456 182.03449457505 127.12192179255 124.122175337047 0 0 0 75.0967993578687 0 110.152787160228 56.4990043368707 64.9679536851248 74.5874481184914 129.83983395706 0 61.744771755455 174.151016235352 83.5207664630216 115.16748690629 0 0 0 72.3069483528288 0 92.200289130264 120.04557800293 0 0 0 0 0 168.036178588867 0 94.6312796605838 183.915954589844 87.8678927711981 0 0 0 142.88134765625 113.896652647904 115.921454301185 0 0 150.439376831055 0 214.468994140625 73.2963165048181 108.8859838234 102.406994235335 242.391265869141 144.151123046875 0 107.399779489198 0 0 93.4246597290039 0
