0 8.34462994337082 233.427718222141 29.6882609128952 0.600529372692108 82.8740413486958 5369.7149874568 440.718250244856 148.151776790619 261.089497923851 14.2895987331867 14.0923152863979 8.17019066214561 15168.0542043447 4.92271491885185 67.7680858075619 273.827411770821 9.17201665043831 43.8508967459202 18.7823185622692 411.210663497448 95.1214482486248 704.613211214542 315.129693210125 1.21606308221817 114.429016768932 96.6386336386204 613.149265408516 18960.178394258 3143.98264497519 0.428924888372421 21.8146585524082 354.807952404022 573.46800750494 47.1966938078403 336.256734997034 12.2794484496117 277.474319785833 46.0094930529594 31.8685056865215 18.7680658400059 0 2.02730411291122 1.55227696895599 5.74009174108505 0 0.919848680496216 0 0 0.34269255399704 0 2.71608400344849 0.998836696147919 0 1.21199759840965 8.34991163015366 5.09149941802025 12.1875333786011 15.5824629068375 0 0.557195663452148 0.576616942882538 6.61935392022133 0 14.5601785778999 1.43618130683899 0 0 1.35488450527191 16.8740355074406 9.5682498216629 10.2361027598381 43.4856131672859 1.21160805225372 0 6.49199676513672 33.7544264793396 12.6362612843513 13.7631145119667 0 0 2.78511440753937 3.76085025072098 7.02715530991554
8.34462994337082 0 781.501621603966 2.61213004589081 0.637398183345795 3.65418553352356 20.633010417223 24.5379303991795 498.907646089792 3.13596910238266 565.075312912464 11.6828089654446 798.745850920677 17.4541533589363 27.8732491135597 141.815676093102 534.924735069275 212.267970532179 462.539392381907 0.415267527103424 38.3716305494308 2091.62318405509 245.510449916124 279.730119228363 2860.73080959916 1867.5626925528 9711.63597264886 45.0895438194275 18.2654651403427 36.0713981091976 36.558375865221 1.91983205080032 3.56673330068588 476.480283975601 20.0059065818787 454.694395720959 289.245091795921 785.124526709318 195.780839920044 34.5875015258789 9.62966537475586 112.613667100668 16.8579552769661 10.7877451181412 40.0693627595901 7.31181299686432 0 0 1.73508954048157 0.529543876647949 127.86003857851 134.852510273457 0.585016667842865 0 0 4.11505270004272 0 10.1127778291702 1.22328698635101 4.61348831653595 0 14.4729878902435 0 0 8.61366206407547 22.4252130389214 2.08338361978531 8.56889241933823 0 0 65.8781353235245 31.313833117485 5.84630447626114 25.4086775183678 142.686078429222 433.859623432159 0.755590438842773 0 3.53520375490189 1.14064294099808 0.702548742294312 0 11.8470962047577 7.32887336611748
233.427718222141 781.501621603966 0 7.80322626233101 0.869900465011597 174.99633961916 1632.62117633224 625.765882402658 73.5846320092678 254.148414433002 134.569481283426 10.8641683459282 14.2464136183262 550.202084183693 3.6644022166729 323.002818197012 4957.22602978349 110.931276768446 716.817312687635 3.59859928488731 1101.59870290756 639.461982488632 15013.943325609 310.099829375744 12.2366950511932 14687.1492210925 10398.1120519042 762.868088185787 340.976483404636 1167.54263481498 5.53376790881157 10.5033999979496 67.7465286552906 1192.68324899673 157.373795866966 2331.95415887237 491.636720508337 2193.92726975679 1030.1324493289 56.2121790647507 40.0984683632851 3.72891944646835 91.7718919217587 49.3992931544781 144.056005507708 10.9194479584694 5.46082282066345 0.570956528186798 0 1.31851243972778 69.0080625414848 631.125279843807 1.3899684548378 0 0.958032727241516 13.3442237973213 6.96225321292877 12.6708102226257 9.77298754453659 4.55567175149918 0 0.925070762634277 5.06370061635971 0.536665260791779 82.9953146576881 58.7404410839081 0.752742886543274 9.57891345024109 0 27.7246285378933 126.085019946098 329.558422297239 26.6519005596638 5.55532103776932 64.3094275891781 973.892425298691 30.8297893106937 4.23370695114136 14.2684574723244 0 0 0 31.223395049572 52.5137875676155
29.6882609128952 2.61213004589081 7.80322626233101 0 2.74963128566742 297.481692194939 304.900230795145 266.07785949111 699.525224834681 11032.2890993655 4.67082771658897 2709.98896941543 0.567191600799561 178.27408388257 72.1763384640217 18.6646836996078 3.14657115936279 1.08360767364502 0.703850090503693 25214.7138657272 8.75129014253616 14.2743806242943 29.7309459447861 3178.40798527002 1.22656160593033 5.29403764009476 10.5252506136894 15269.223964721 109.556220382452 18.4154511094093 0 13.38490280509 10.0303963720798 83.8888538479805 499.878163874149 157.862242311239 3.15063920617104 109.90163937211 18.4111969769001 84.9088695645332 21.6238868832588 0.478182405233383 0 0 1.03246414661407 0 31.0382213294506 0 0 2.71748030185699 0 0 66.7968782484531 0.651004493236542 18.3163898289204 21.4872541725636 15.1018273532391 97.6417041420937 238.199276715517 0 222.088204354048 0 4.09136015176773 13.8200243115425 0.531641006469727 0 0 0 152.726799786091 0.664799869060516 1.52163368463516 0.773073256015778 134.326530516148 0 0 2.48123544454575 98.0859695971012 3.79663434624672 1.32554006576538 0 0 0 2.53403335809708 6.77382457256317
0.600529372692108 0.637398183345795 0.869900465011597 2.74963128566742 0 2428.46208310127 8.20156425237656 190.692701280117 78.5075948238373 24.1445681452751 12.2742308974266 45.385954618454 5.42790204286575 69.7794518470764 940.393038094044 0 0 0 0 8.57775014638901 2.20748329162598 10.9031497240067 3.08224660158157 47.5512222647667 3.00772356987 0.955263614654541 2.8410941362381 17.0833294987679 128.654703706503 4.50288826227188 0 1347.847284168 2.08061718940735 969.176645100117 17.0049121379852 49.7255003452301 3.80407971143723 89.2511365115643 11.6360924243927 3869.60546916723 1568.33998340368 3.50106954574585 0.430272459983826 0 0 0 0 0 0 0 0 0 1.49115121364594 0 1.0835292339325 1.05028307437897 0.6788529753685 1.7279614508152 2.03777605295181 0 0.637007832527161 0 0 0 0 0 0 0 1.1184663772583 0 0 0 1.19364058971405 0 0 0 0 0 0 0 0 0 0 0
82.8740413486958 3.65418553352356 174.99633961916 297.481692194939 2428.46208310127 0 2934.61655649543 21110.6477336287 291.805758118629 17644.5214860141 101.615608811378 4151.40002992749 88.6582206189632 2876.23910653591 3455.78656297922 32.2406208217144 68.1922681331635 8.49212911725044 12.5138991177082 974.800701767206 115.07915404439 33.644011080265 291.669108241796 603.299411058426 5.71037840843201 60.5979465544224 61.7808728218079 978.87963783741 737.315718799829 192.3638433218 0 2234.04566162825 19.6044678092003 1333.53798675537 10034.4699270427 467.938677817583 31.9551045000553 591.733630210161 99.4874019622803 7467.45665380359 1840.22800439596 36.535800665617 1.00761497020721 1.05420926213264 2.73552531003952 3.21458476781845 10.8917524814606 0 0 3.66077291965485 0.570339918136597 3.06042301654816 19.7598696947098 0 13.2571733295918 31.3203566670418 17.0509527921677 46.6823795735836 84.6285775899887 0 31.2139006853104 0 11.1914578974247 1.43044090270996 6.97544407844543 0 0 0.713540375232697 31.2727793157101 3.85108086466789 5.54853704571724 5.63544356822968 112.621549367905 0.765366196632385 4.32877939939499 5.19034612178802 81.2851181030273 10.2496304512024 8.26381143927574 0 0 0 5.8730394244194 7.44420713186264
5369.7149874568 20.633010417223 1632.62117633224 304.900230795145 8.20156425237656 2934.61655649543 0 5643.63104887307 1503.96653345227 24858.8522423804 32.6372041702271 205.334313839674 8.55972656607628 12029.9094632566 103.819324314594 371.231966823339 388.992556035519 12.2070264220238 59.7724996507168 416.479601979256 1902.4830326736 321.992220163345 3826.07675492764 3916.35545158386 4.50553020834923 345.166231244802 641.571582615376 17297.7579468191 2989.98632708192 15256.779946804 0 65.5049132108688 251.747889220715 808.477592676878 579.914934009314 1519.85679730773 69.9892540872097 884.379282593727 204.475696235895 210.080526202917 121.973634690046 5.50102865695953 21.1957505941391 1.72054052352905 13.2115778028965 4.7309555709362 15.2792723476887 2.0527081489563 0 19.8439494073391 2.57501775026321 12.9133984744549 39.6228013634682 0 31.3335541188717 157.835689067841 74.908849209547 121.532670378685 195.828276216984 0.583027303218842 63.8442872464657 0 36.8632717728615 3.74660414457321 53.7946740090847 3.85505902767181 0 0 41.7880672216415 44.0769019424915 24.0184834599495 40.9486871659756 417.551961928606 0.567920684814453 1.62560391426086 32.4001826643944 332.273680210114 44.3460043072701 61.9763308465481 0 0 10.019699215889 24.443839430809 35.8894807994366
440.718250244856 24.5379303991795 625.765882402658 266.07785949111 190.692701280117 21110.6477336287 5643.63104887307 0 498.009417355061 7621.7919331193 210.372003525496 1026.60185271502 125.491814911366 26690.7793767154 393.54745683074 99.5857797563076 369.603157311678 16.8563803136349 62.2437087893486 532.579765677452 540.310303136706 128.427111327648 1120.86606088281 843.280437320471 11.2806363403797 238.773063272238 212.677024066448 1444.46682581306 1274.14842899144 978.267598822713 0.782650649547577 2662.28055745363 47.8297142386436 1248.92056024075 1102.87896504998 720.498768538237 50.4598096609116 791.70431253314 173.076538145542 3247.24880844355 748.881584793329 58.7394223213196 6.81268212199211 0 6.66348543763161 2.96064087748528 13.1224557161331 0.560444176197052 0 7.02945017814636 0.93443375825882 7.23268586397171 19.6014601290226 0.774962246417999 12.0950613319874 60.2411171495914 27.3380434066057 45.1535041332245 95.1227321624756 0.29500675201416 19.4447235167027 1.46364188194275 20.7721832692623 0 20.0939107239246 0.550091147422791 0 0.449758797883987 13.1865916550159 25.6934365034103 8.78328216075897 18.6178115606308 160.389985725284 0 3.02945795655251 13.7226929962635 132.762696444988 20.0784558355808 32.8476866185665 0 0.352892488241196 5.06613472104073 9.0129941701889 26.3810889422894
148.151776790619 498.907646089792 73.5846320092678 699.525224834681 78.5075948238373 291.805758118629 1503.96653345227 498.009417355061 0 1363.4799194932 56.038586050272 1137.3837402761 72.5751961171627 460.315123200417 1502.04094031453 218.612892538309 32.2730197906494 9.33883905410767 23.084439098835 421.304390758276 202.888655483723 4089.82608258724 266.272862493992 13141.4086784571 249.689352989197 150.109497010708 443.638217687607 2380.15853023529 448.025242328644 659.504062205553 2.99772310256958 33.6501570940018 137.03751078248 217.632657140493 168.608238250017 698.464803099632 48.8763390779495 287.331215173006 53.7702585458755 1304.60300505161 46.9104673266411 7.67266827821732 16.4090601801872 4.81802558898926 12.7862356007099 0.760789453983307 70.6294261217117 0.622710227966309 0 21.7651998400688 5.7972075343132 8.922767162323 107.051739573479 4.66172534227371 52.8694417178631 120.819875568151 50.281177341938 347.04615020752 334.242085456848 1.09637725353241 161.500358790159 1.89148604869843 51.8926342874765 27.1619464755058 24.6491049230099 1.91991245746613 0 1.56225228309631 126.512584149837 61.0594603121281 71.7730419933796 37.8064694404602 601.71735689044 0.681124567985535 2.04568925499916 21.199199795723 396.187216281891 53.4083783328533 72.0245822668076 0 0 14.4021452367306 20.9989943504333 38.3806814551353
261.089497923851 3.13596910238266 254.148414433002 11032.2890993655 24.1445681452751 17644.5214860141 24858.8522423804 7621.7919331193 1363.4799194932 0 41.1831868588924 7149.76190927625 13.1002998948097 4386.89124712348 159.090747058392 67.7684065699577 52.3323121070862 1.90018278360367 12.7868830263615 12972.7461681068 196.971792161465 61.1583807170391 455.745216667652 2358.89974439144 6.84786167740822 78.7419216930866 124.109808087349 13002.814745307 1078.58677908778 232.188315629959 0 98.5860591828823 71.0892799794674 542.988427609205 4053.95104283094 1050.36017483473 46.2085832953453 627.998695909977 144.583461642265 404.167767465115 156.951343774796 7.64392700791359 7.80657958984375 1.57903063297272 4.07960247993469 1.72176402807236 56.7208798825741 0.957894325256348 0 6.03466737270355 2.89223527908325 7.44853034615517 131.776522547007 3.11175110936165 82.0403574109077 72.5764618217945 59.2403794229031 249.384356915951 468.051931679249 0 179.796694815159 0 23.6097966432571 26.6968247890472 12.3823675811291 0.589677333831787 0 0 194.571858227253 5.37677213549614 19.5401765108109 17.3185070753098 549.919681072235 2.52195203304291 0.497130423784256 8.69812020659447 344.950491696596 30.8650983870029 14.8127847313881 0 0.498424232006073 4.26731914281845 12.1247091293335 40.6153737008572
14.2895987331867 565.075312912464 134.569481283426 4.67082771658897 12.2742308974266 101.615608811378 32.6372041702271 210.372003525496 56.038586050272 41.1831868588924 0 8.30677917599678 21921.3734888434 225.405154824257 4.32054555416107 19.4256888926029 598.667438268661 8767.53374055028 4233.15416586399 13.5568250417709 16.2046499550343 154.16355702281 78.4489830434322 32.5782100856304 4414.31185632944 8606.1590115428 4739.41956108809 40.1581656336784 242.131467550993 17.7415398359299 1244.60488241911 185.716242879629 4.45136320590973 9351.97120043635 21.1926672160625 573.372288227081 4684.80247440934 6820.58341288567 749.574711740017 67.4519074261189 33.5222083330154 2490.18448722363 1.54537856578827 25.3688107132912 6.38693097233772 1.61534690856934 0 0 8.78133797645569 0 16.6035578846931 13.2986969351768 0 0 0 0 0 3.47479304671288 0.793293476104736 62.9996404647827 0 142.028836399317 0 0 4.20002973079681 1.95420318841934 17.3161061406136 9.21597149968147 0 0 5.02412831783295 5.41109788417816 7.42912474274635 171.532575339079 204.951564878225 179.30891045928 0 0 1.76222240924835 15.0279045701027 0 0 3.00780600309372 10.6139510571957
14.0923152863979 11.6828089654446 10.8641683459282 2709.98896941543 45.385954618454 4151.40002992749 205.334313839674 1026.60185271502 1137.3837402761 7149.76190927625 8.30677917599678 0 9.40323302149773 481.64013171196 4519.93396371603 4.76153379678726 2.34403863549232 1.01696202158928 0.365957647562027 19160.7222892642 6.93418994545937 39.9297764897346 17.5218596458435 1181.62256613374 1.53644841909409 8.93039226531982 14.4989268779755 1287.34384319186 152.319361895323 9.46919649839401 0 62.1776715219021 4.84232354164124 128.08880251646 11884.6126915812 145.382914543152 2.50813636183739 147.590325087309 19.6348005235195 2235.93804833293 42.6763052940369 0.556172311306 0 0 0 0 45.7386356890202 0 0 0.294426888227463 1.36924576759338 0 26.4696980416775 1.21892762184143 4.66144913434982 11.5979475080967 2.88404747843742 58.4270445406437 69.4343020915985 0 71.5324028134346 0 5.79213500022888 9.56269657611847 0.84669429063797 0 0 0 25.0890375375748 2.68650647997856 3.12862694263458 1.99783816933632 187.257047444582 0 0 1.3848731815815 33.3854824006557 4.8331099152565 0.855104207992554 0 0 0.734125256538391 0.857620716094971 3.11898690462112
8.17019066214561 798.745850920677 14.2464136183262 0.567191600799561 5.42790204286575 88.6582206189632 8.55972656607628 125.491814911366 72.5751961171627 13.1002998948097 21921.3734888434 9.40323302149773 0 87.1277510821819 2.05224362015724 10.3711558580399 17.3591895997524 507.510543912649 85.5987345278263 7.97272163629532 8.63889354467392 250.767596542835 13.8216858208179 43.6363243162632 9017.71958360076 8173.18900567293 7358.10753497481 33.7304506599903 73.0625497996807 3.68408688902855 4004.30280965567 102.495270431042 0.558032214641571 2696.56370806694 70.0852207839489 671.179644167423 4076.60561415553 2245.26157602668 402.360377877951 37.6184628009796 717.413652181625 3538.4017265439 9.36519646644592 43.2837165892124 25.1851272284985 27.7300066351891 2.33840373158455 3.94667649269104 25.2466067671776 0 24.4615260362625 7.77180629968643 0 0 0 0 0.993440806865692 0.55496609210968 0 103.465053707361 0 267.971797823906 0 0 0.568942308425903 0 17.7428962290287 10.1657515764236 0 0.717776000499725 3.71574947237968 2.81367021799088 0.373642891645432 177.977411001921 187.498994112015 168.825753539801 0.846703171730042 3.65841048955917 0 10.5956010818481 0 0 66.5268934369087 33.1361922621727
15168.0542043447 17.4541533589363 550.202084183693 178.27408388257 69.7794518470764 2876.23910653591 12029.9094632566 26690.7793767154 460.315123200417 4386.89124712348 225.405154824257 481.64013171196 87.1277510821819 0 88.0328562557697 109.078549534082 393.748493522406 31.4692838191986 73.353216201067 340.950112551451 606.720559239388 181.316835284233 1183.48194777966 745.647149890661 22.2584504783154 254.781489491463 199.323361068964 1528.68579187989 7672.6710870266 1857.42141667008 2.8453431725502 2487.74853518605 134.311920553446 1576.41516980529 353.126439392567 759.266977578402 48.8311814367771 950.197368532419 132.574285805225 641.524981051683 310.882279396057 39.7599869370461 6.01126199960709 0 10.8197577595711 0.806464552879333 9.4229471385479 0.82553905248642 0 8.07217136025429 0 8.64888244867325 13.9084452390671 0 10.2864953875542 53.3497512042522 23.9715913534164 36.2276687026024 58.643786907196 0 14.3684754371643 0.605476200580597 20.1393038034439 1.84390753507614 19.4283353090286 0.675182223320007 0.714274406433105 1.16038942337036 9.66304528713226 27.7313595712185 22.3261874318123 15.3555898666382 150.556944400072 0 0.781819641590118 9.03233397006989 106.604594767094 31.1521709859371 20.7990548014641 0 1.21823573112488 5.13715469837189 5.31978961825371 27.7074089348316
4.92271491885185 27.8732491135597 3.6644022166729 72.1763384640217 940.393038094044 3455.78656297922 103.819324314594 393.54745683074 1502.04094031453 159.090747058392 4.32054555416107 4519.93396371603 2.05224362015724 88.0328562557697 0 7.93391516804695 4.4107777774334 0 0.715929627418518 119.523232996464 2.00602430105209 144.485868930817 11.3079797923565 755.836804807186 9.06083744764328 5.83133998513222 26.2700655758381 171.576767534018 21.753057539463 5.22271221876144 0 22.7363492548466 0.743656694889069 20.9141880869865 487.064021348953 24.2755923867226 3.20805576443672 10.080492913723 2.79322159290314 17871.8829126954 17.287795484066 0 0.767303466796875 1.49534821510315 0 0 14.4009977579117 1.59949147701263 0 1.1900075674057 0 0 6.21046885848045 0 1.82340174913406 2.20019391179085 0.783167243003845 21.2048629820347 16.0188712179661 0 24.9414810538292 0 0.386378347873688 1.42750012874603 0 0 0 0 8.01508665084839 0.857862830162048 2.50645643472672 0.702887833118439 21.4350988268852 0 1.23108756542206 0 10.5995382964611 0.743794679641724 0.517264604568481 0 0 0 0 5.60128933191299
67.7680858075619 141.815676093102 323.002818197012 18.6646836996078 0 32.2406208217144 371.231966823339 99.5857797563076 218.612892538309 67.7684065699577 19.4256888926029 4.76153379678726 10.3711558580399 109.078549534082 7.93391516804695 0 144.238477021456 5.25296565890312 35.7938603162766 9.08094990253448 11062.1775012314 4205.07496780157 15078.001555264 3332.08335739374 21.899120002985 164.167023062706 9363.53335121274 2463.07001104951 247.722481131554 716.628428310156 0 7.7423043847084 117.597748965025 879.35450527072 198.807477235794 3088.95927599072 281.869991600513 1205.03018757701 396.088231384754 86.1135450601578 47.9493406713009 0 50.4442581534386 15.9997584223747 18.3823232650757 4.10040801763535 5.71997439861298 0 0 11.8190556764603 1.24308359622955 55.8273365497589 0.60960465669632 0 1.90807831287384 17.0108327567577 7.22566828131676 18.0533484220505 3.52752685546875 0.900091409683228 0 1.20082414150238 7.33012938499451 1.27274346351624 430.483105450869 8.63930839300156 0 4.38225871324539 0.755734145641327 180.755552470684 247.905688226223 411.950805574656 101.570121318102 1.1520448923111 6.24504110217094 156.701719194651 43.4119755625725 26.0091295540333 68.27771961689 0 0 4.50860697031021 34.4026879072189 63.8256895244122
273.827411770821 534.924735069275 4957.22602978349 3.14657115936279 0 68.1922681331635 388.992556035519 369.603157311678 32.2730197906494 52.3323121070862 598.667438268661 2.34403863549232 17.3591895997524 393.748493522406 4.4107777774334 144.238477021456 0 527.925464034081 9235.71712464094 1.0798853635788 1268.60240519047 278.184029757977 8792.75250205398 74.1914946436882 27.59945499897 5959.70793926716 4578.96822997928 153.854809194803 530.207470148802 1236.90675345063 2.83340179920197 8.13370221853256 110.415250718594 2755.87078139186 46.0178492963314 759.495645970106 144.226535916328 1879.32681292295 350.057257711887 21.4008961617947 23.1308773458004 5.08130240440369 16.9320758879185 5.69041556119919 17.996292412281 1.78643846511841 0 0 0 0 17.3973581194878 90.6740488409996 0 0 0 2.10555744171143 2.17217916250229 2.01971188187599 0 7.38861799240112 0.817484736442566 1.67562466859818 3.18926882743835 0.930034279823303 23.8920926451683 8.08109569549561 0.583314299583435 6.88968110084534 0.767309248447418 7.07461297512054 17.6737244427204 43.2584928870201 4.64676833152771 2.61087661981583 59.4643324017525 180.261178672314 3.2727472782135 0 1.48696684837341 0 0 0 6.19493496417999 19.0943341255188
9.17201665043831 212.267970532179 110.931276768446 1.08360767364502 0 8.49212911725044 12.2070264220238 16.8563803136349 9.33883905410767 1.90018278360367 8767.53374055028 1.01696202158928 507.510543912649 31.4692838191986 0 5.25296565890312 527.925464034081 0 4867.6755913496 2.24694341421127 21.9416646361351 48.4071715772152 56.8933410048485 11.568414837122 557.180262804031 8878.36409750581 1714.78594425321 3.62656030058861 32.4151617884636 20.3728093206882 91.9722353816032 6.40291979908943 3.35346782207489 717.76965457201 7.23465058207512 233.772985398769 545.577460855246 857.593305259943 215.118042379618 7.17924264073372 0 36.9480013251305 1.42772734165192 5.39778435230255 4.14339801669121 3.48251926898956 0 0 0 0 20.0208410024643 3.31227791309357 0 0 0 0 0 0.579105496406555 0 18.3227392435074 0 77.0939185023308 0 0 1.62383818626404 1.88020753860474 12.7512567639351 12.6186309456825 0 0 4.66533470153809 2.04927080869675 0.924369215965271 65.015090316534 155.155950367451 158.058670669794 0.588080644607544 0 0.594715893268585 5.7659205198288 0 0 0.933320283889771 7.82957646250725
43.8508967459202 462.539392381907 716.817312687635 0.703850090503693 0 12.5138991177082 59.7724996507168 62.2437087893486 23.084439098835 12.7868830263615 4233.15416586399 0.365957647562027 85.5987345278263 73.353216201067 0.715929627418518 35.7938603162766 9235.71712464094 4867.6755913496 0 2.1784256696701 97.3963710069656 94.4218434989452 516.634564608335 22.0072824656963 279.278953671455 7143.73023110628 2903.40046834946 25.8863347768784 104.772488594055 138.348693192005 11.846583545208 13.6438253521919 25.7467423081398 1351.24112895131 21.5488887727261 402.09929728508 324.54262009263 1229.62910786271 275.548659652472 6.74977910518646 1.67227149009705 12.9450920820236 6.63598966598511 2.86148130893707 14.0698240995407 4.29843401908875 0 0 0 0 36.9450181722641 16.9009308516979 0 0 0 1.28041386604309 0 1.59377044439316 0 11.0650168061256 0 18.7990007400513 1.64998584985733 0 7.21405935287476 2.04004526138306 11.6380993127823 15.632460385561 0 1.07241070270538 8.21591731905937 9.7816150188446 2.06903848052025 32.2533382475376 208.978876084089 221.875337421894 1.19233283400536 0 0 0.571738958358765 0 0 6.44835329055786 7.28246539831161
18.7823185622692 0.415267527103424 3.59859928488731 25214.7138657272 8.57775014638901 974.800701767206 416.479601979256 532.579765677452 421.304390758276 12972.7461681068 13.5568250417709 19160.7222892642 7.97272163629532 340.950112551451 119.523232996464 9.08094990253448 1.0798853635788 2.24694341421127 2.1784256696701 0 9.04680678248405 6.46091544628143 14.4220921397209 2656.16586384177 0.973840862512589 9.36178573966026 9.62247267365456 4395.56684735417 172.88550645113 11.4955658316612 0 29.371726244688 3.57161366939545 71.6692044138908 2166.28682792187 177.164278298616 3.96693444252014 91.5538674592972 17.1838168799877 151.698703616858 26.2135123312473 0.60746431350708 0 0.984377384185791 0.655362725257874 0 19.5422083735466 0 0 1.89906847476959 0 0 38.5145990252495 3.02716034650803 10.8256524205208 3.95907926559448 7.45001792907715 76.5812337398529 105.635454237461 0 185.280903756618 0 13.0513816028833 6.63709354400635 0.482026606798172 1.18715441226959 0 0 77.1586011648178 0 2.39219588041306 0 109.890274077654 0 0 0.956725507974625 72.2115606963634 6.27647063136101 1.27434259653091 0 0 1.49070501327515 0.861924529075623 5.1557337641716
411.210663497448 38.3716305494308 1101.59870290756 8.75129014253616 2.20748329162598 115.07915404439 1902.4830326736 540.310303136706 202.888655483723 196.971792161465 16.2046499550343 6.93418994545937 8.63889354467392 606.720559239388 2.00602430105209 11062.1775012314 1268.60240519047 21.9416646361351 97.3963710069656 9.04680678248405 0 1165.30530032516 32276.2192054689 1852.83636474609 11.1813823580742 234.65054923296 988.262559294701 8364.63996195793 991.478132218122 21464.6975571513 0 14.2280184924603 381.261604934931 5713.35000008345 557.462177097797 6048.57040330768 307.483668029308 3658.64918968081 883.507019907236 135.267477989197 136.153746753931 0 50.639306306839 9.94420138001442 23.0833777487278 3.35798007249832 6.69910830259323 0 0 10.4030092060566 0 43.8498028814793 0.867863416671753 0 2.03944197297096 25.5622120499611 10.4683865606785 20.7878245711327 11.1131871640682 1.45076924562454 0.556876301765442 0 14.48341101408 0 272.345773220062 4.03843891620636 0 0.909102916717529 0.604216575622559 256.91422316432 103.542509078979 192.098509162664 112.5965693295 0 8.38294172286987 64.0318068861961 88.9995210766792 40.4017690718174 101.331959992647 0 1.26611399650574 6.70362681150436 32.9950819015503 104.390613645315
95.1214482486248 2091.62318405509 639.461982488632 14.2743806242943 10.9031497240067 33.644011080265 321.992220163345 128.427111327648 4089.82608258724 61.1583807170391 154.16355702281 39.9297764897346 250.767596542835 181.316835284233 144.485868930817 4205.07496780157 278.184029757977 48.4071715772152 94.4218434989452 6.46091544628143 1165.30530032516 0 2325.59243699908 6366.50947476923 767.450584232807 499.872160673141 4727.20414569974 748.902116447687 273.771914482117 734.84863498807 14.2043055891991 11.2757656574249 105.428818941116 557.85391741991 127.431506425142 1786.82183846831 306.673864126205 893.36957269907 367.629524886608 160.671126097441 37.1005296707153 45.8090166449547 57.1629348993301 16.5025492310524 25.9490746855736 2.54744243621826 8.42201453447342 0 0 9.00996887683868 4.83337104320526 60.7731863260269 1.22147154808044 0 6.99664553999901 14.3547759652138 10.3920455276966 63.2016995549202 15.3833467662334 0.913566708564758 8.28242444992065 0 12.2957417368889 0.742988586425781 253.709599465132 5.28487575054169 1.15413135290146 1.76954436302185 1.21806770563126 137.237129658461 404.757065057755 204.415351897478 148.811804056168 1.57857465744019 13.8848276138306 145.771046578884 75.7913037836552 31.6578943133354 50.8974069952965 0 0.634731888771057 4.61161935329437 30.4752643108368 36.716393828392
704.613211214542 245.510449916124 15013.943325609 29.7309459447861 3.08224660158157 291.669108241796 3826.07675492764 1120.86606088281 266.272862493992 455.745216667652 78.4489830434322 17.5218596458435 13.8216858208179 1183.48194777966 11.3079797923565 15078.001555264 8792.75250205398 56.8933410048485 516.634564608335 14.4220921397209 32276.2192054689 2325.59243699908 0 1850.80621862411 14.6750413775444 2057.67478114367 11440.0815166235 5623.73488557339 1159.03937038779 7427.57133972645 0.495220899581909 17.8960994780064 354.907200485468 6061.09088009596 903.809549599886 9084.87763649225 1279.1066198945 6722.36650711298 2489.63437232375 358.806530296803 161.21782296896 5.52885413169861 142.006663531065 82.3176575899124 90.9420235753059 20.3335859179497 8.86675348877907 4.79852885007858 0.730993986129761 6.5954877436161 20.481725692749 298.489126861095 2.68084540963173 1.0199648141861 6.30619451403618 30.1837671101093 8.68871822953224 16.1631862819195 13.0863076746464 5.09669488668442 3.2366007566452 2.63040560483932 13.6363955438137 1.41239577531815 755.853756040335 44.8739927709103 0 5.78481078147888 2.26847639679909 143.770246952772 402.452668309212 1046.39429023862 138.21703517437 0 31.9053091108799 924.29301699996 102.931805312634 22.1664853394032 49.5693163573742 0 0 8.06301987171173 55.9540184140205 195.007250458002
315.129693210125 279.730119228363 310.099829375744 3178.40798527002 47.5512222647667 603.299411058426 3916.35545158386 843.280437320471 13141.4086784571 2358.89974439144 32.5782100856304 1181.62256613374 43.6363243162632 745.647149890661 755.836804807186 3332.08335739374 74.1914946436882 11.568414837122 22.0072824656963 2656.16586384177 1852.83636474609 6366.50947476923 1850.80621862411 0 94.8896997570992 134.470407873392 1347.06556773186 26402.6726266146 936.055728077888 1261.72846964002 2.84155485033989 43.4274146556854 313.560403466225 666.41606220603 404.061444193125 1931.56602165103 133.723995476961 769.024165779352 139.461067378521 793.629332274199 95.0986866652966 4.63648426532745 37.7756506502628 6.75616461038589 32.3205403089523 2.66234618425369 104.84381493926 2.16774755716324 0 60.3958778083324 1.81303888559341 25.1020322442055 164.82019162178 1.63240933418274 111.4864795506 288.457374572754 143.997578471899 465.283217459917 682.279102027416 0.648280143737793 261.452647119761 0 103.311513274908 21.0891812741756 124.164055675268 5.77515113353729 0 1.0037841796875 201.810519039631 147.807725042105 90.247340798378 103.557539671659 1317.10937395692 1.62508064508438 4.16172790527344 44.7284618914127 885.650833547115 125.29393479228 130.000982552767 0 1.08621954917908 18.3338980674744 57.3546696603298 67.8227116167545
1.21606308221817 2860.73080959916 12.2366950511932 1.22656160593033 3.00772356987 5.71037840843201 4.50553020834923 11.2806363403797 249.689352989197 6.84786167740822 4414.31185632944 1.53644841909409 9017.71958360076 22.2584504783154 9.06083744764328 21.899120002985 27.59945499897 557.180262804031 279.278953671455 0.973840862512589 11.1813823580742 767.450584232807 14.6750413775444 94.8896997570992 0 2639.40571925044 5905.71314248443 13.1950661242008 16.8095080554485 7.32445076107979 230.570614218712 5.29736593365669 0 382.915451258421 4.5100514292717 83.5305442810059 1355.82639959455 700.94529902935 88.3747559785843 7.07935899496078 16.0923532247543 1488.17128443718 17.0436457395554 49.782225728035 36.4762791693211 26.3654862046242 0 3.88122761249542 35.170283973217 0 58.0604024529457 25.3467757105827 0 0 1.38801741600037 1.16882300376892 0.889883458614349 5.39386704564095 0.631277918815613 109.970923125744 0.412017345428467 321.876906692982 0.563972949981689 0 0.368412047624588 2.13957542181015 44.5186295509338 21.2202896475792 0.972547769546509 3.27839040756226 13.1334600150585 3.53082317113876 2.11025288701057 279.551259189844 384.700386375189 437.310516804457 0.871092617511749 0 0 19.134582400322 0 0 159.610843658447 0.338226169347763
114.429016768932 1867.5626925528 14687.1492210925 5.29403764009476 0.955263614654541 60.5979465544224 345.166231244802 238.773063272238 150.109497010708 78.7419216930866 8606.1590115428 8.93039226531982 8173.18900567293 254.781489491463 5.83133998513222 164.167023062706 5959.70793926716 8878.36409750581 7143.73023110628 9.36178573966026 234.65054923296 499.872160673141 2057.67478114367 134.470407873392 2639.40571925044 0 31685.6705796123 157.575050383806 211.988310843706 371.859439104795 1888.93442556262 20.6649778783321 36.2393805980682 2297.3818962872 86.3140831291676 1556.70716223121 1911.11838498712 3221.96812659502 918.180310338736 28.2766444087029 16.4295526742935 85.634377092123 24.3122824132442 31.102659702301 63.4682564735413 13.5915098786354 1.0814254283905 0.677369236946106 7.64383238554001 1.45142948627472 181.020965278149 132.020646989346 0 0 2.53767544031143 2.34693801403046 0 15.5797715783119 0.4902303814888 112.449740827084 0.86227810382843 274.569507002831 0.668466687202454 0.439142823219299 22.0918339788914 35.6010065078735 84.1597719788551 82.9667030572891 1.07604622840881 4.45334368944168 36.8226794600487 56.9097508788109 13.2541080415249 329.182894796133 1320.6714682579 1268.8301127851 4.90704643726349 0.751894235610962 6.20702436566353 30.280840575695 0 0 32.1693482995033 24.3291593790054
96.6386336386204 9711.63597264886 10398.1120519042 10.5252506136894 2.8410941362381 61.7808728218079 641.571582615376 212.677024066448 443.638217687607 124.109808087349 4739.41956108809 14.4989268779755 7358.10753497481 199.323361068964 26.2700655758381 9363.53335121274 4578.96822997928 1714.78594425321 2903.40046834946 9.62247267365456 988.262559294701 4727.20414569974 11440.0815166235 1347.06556773186 5905.71314248443 31685.6705796123 0 877.760511159897 268.150464355946 511.181896954775 1375.45743998885 28.8086191415787 42.5440503358841 3517.54508313537 321.728314071894 5678.50163859129 2563.58531683683 5846.19814875722 2228.9534304738 192.14121684432 63.7739874720573 100.882901936769 201.240756064653 142.623360857368 273.355434060097 35.0654497146606 11.3722565472126 1.39174354076385 7.06505811214447 3.84704202413559 262.88255789876 1018.98868104815 0.583114802837372 0.895715594291687 1.51097276806831 25.789625287056 3.52040350437164 26.546368509531 9.24153870344162 86.5952530801296 2.17141368985176 197.511790037155 9.76397207379341 3.13889104127884 401.814524233341 94.7760900855064 58.9620819091797 94.1457854509354 0.504839241504669 70.5937549471855 340.464005768299 853.592122852802 68.644362360239 251.182120800018 1169.57074034214 2723.55036267638 41.2864573895931 13.6432551145554 32.8746101558208 18.7632919847965 0 0.69128143787384 66.5048981308937 114.20509365201
613.149265408516 45.0895438194275 762.868088185787 15269.223964721 17.0833294987679 978.87963783741 17297.7579468191 1444.46682581306 2380.15853023529 13002.814745307 40.1581656336784 1287.34384319186 33.7304506599903 1528.68579187989 171.576767534018 2463.07001104951 153.854809194803 3.62656030058861 25.8863347768784 4395.56684735417 8364.63996195793 748.902116447687 5623.73488557339 26402.6726266146 13.1950661242008 157.575050383806 877.760511159897 0 1561.48730666935 10488.8268279433 0 99.612017378211 497.372652798891 1413.82814520597 726.53106841445 2872.03316491842 140.243876338005 1232.97208413482 187.905325651169 308.773428678513 193.439871162176 12.7768764793873 37.4080733656883 5.84371381998062 14.6411448717117 3.40652257204056 63.6472576260567 1.87609589099884 0 41.190180003643 2.62800455093384 19.0195080637932 94.5549771785736 3.13151234388351 45.9594914317131 218.437550514936 99.2184772193432 306.565573215485 372.79940289259 1.82416716217995 144.602809667587 0 62.3943942189217 21.3746526837349 104.855160623789 2.93850088119507 0 0 93.2466057538986 110.759992867708 85.7688720524311 103.583326220512 727.766917288303 0 6.79028350114822 38.3749738037586 572.345166355371 111.940964221954 120.119872063398 0 0 18.5435596108437 57.2779774367809 85.8604014217854
18960.178394258 18.2654651403427 340.976483404636 109.556220382452 128.654703706503 737.315718799829 2989.98632708192 1274.14842899144 448.025242328644 1078.58677908778 242.131467550993 152.319361895323 73.0625497996807 7672.6710870266 21.753057539463 247.722481131554 530.207470148802 32.4151617884636 104.772488594055 172.88550645113 991.478132218122 273.771914482117 1159.03937038779 936.055728077888 16.8095080554485 211.988310843706 268.150464355946 1561.48730666935 0 7153.40962436795 0 2985.69032740593 11243.8599785566 3876.47208464146 261.277395218611 1495.4164481163 80.7034170031548 1987.38389977813 226.298234403133 338.285799562931 474.807800292969 25.4921229183674 13.5091922283173 1.35976445674896 5.61938375234604 0.941390514373779 13.4799942076206 0.656596124172211 0 6.89999857544899 0 9.39326030015945 7.01178991794586 0 7.38233250379562 45.9551868736744 15.3442172408104 35.888669103384 40.4804870188236 0.555893659591675 5.81850418448448 0 13.1682733893394 0.806161999702454 43.0263565182686 3.19653186202049 0 0 9.9630481004715 52.6392087042332 17.5871908664703 28.4228409826756 144.801845639944 0 0.861851692199707 9.91961023211479 111.147231191397 18.1629728674889 39.2061040103436 0 0 2.40988701581955 18.6623017787933 51.527685970068
3143.98264497519 36.0713981091976 1167.54263481498 18.4154511094093 4.50288826227188 192.3638433218 15256.779946804 978.267598822713 659.504062205553 232.188315629959 17.7415398359299 9.46919649839401 3.68408688902855 1857.42141667008 5.22271221876144 716.628428310156 1236.90675345063 20.3728093206882 138.348693192005 11.4955658316612 21464.6975571513 734.84863498807 7427.57133972645 1261.72846964002 7.32445076107979 371.859439104795 511.181896954775 10488.8268279433 7153.40962436795 0 0 24.4951504468918 781.981165975332 4777.63299059868 289.274477988482 2845.77009102702 104.608404785395 2099.04449406266 362.505346626043 56.6044418513775 94.6873072385788 4.62515914440155 40.1109738945961 0.649315059185028 29.8058648705482 3.11912393569946 6.6212038397789 3.12826538085938 0 14.2779267132282 1.87272518873215 12.7230450510979 0.709947407245636 0 6.67964226007462 67.5041598677635 31.0507656633854 59.7037462592125 22.702838331461 0 1.56247937679291 0 34.9862615466118 0.580563366413116 109.676892489195 3.24451893568039 0 1.03369870781898 1.4089607000351 141.878616929054 35.1212672293186 63.7596365213394 227.87332239747 0 4.86524820327759 35.6843967437744 208.415852338076 51.5766069591045 93.5556439161301 0 0 17.6611561179161 27.1972020566463 54.0614645779133
0.428924888372421 36.558375865221 5.53376790881157 0 0 0 0 0.782650649547577 2.99772310256958 0 1244.60488241911 0 4004.30280965567 2.8453431725502 0 0 2.83340179920197 91.9722353816032 11.846583545208 0 0 14.2043055891991 0.495220899581909 2.84155485033989 230.570614218712 1888.93442556262 1375.45743998885 0 0 0 0 1.62372589111328 0 24.2550383210182 0 6.53493410348892 78.4812198281288 33.6491043567657 5.57566905021667 0 0 9.4021812081337 0 3.1303913295269 0.672853767871857 0 0 0 1.60053712129593 0 4.63282960653305 0 0 0 0 0 0 0 0 4.37182801961899 0 21.058051109314 0 0 0 0 2.39779496192932 0 0 0 0 1.29884368181229 0 11.9361465573311 25.5960637331009 13.1483525633812 0 0 0 0 0 0 0 0.556113004684448
21.8146585524082 1.91983205080032 10.5033999979496 13.38490280509 1347.847284168 2234.04566162825 65.5049132108688 2662.28055745363 33.6501570940018 98.5860591828823 185.716242879629 62.1776715219021 102.495270431042 2487.74853518605 22.7363492548466 7.7423043847084 8.13370221853256 6.40291979908943 13.6438253521919 29.371726244688 14.2280184924603 11.2757656574249 17.8960994780064 43.4274146556854 5.29736593365669 20.6649778783321 28.8086191415787 99.612017378211 2985.69032740593 24.4951504468918 1.62372589111328 0 11.2986669838428 2757.53765103221 72.5367306470871 297.176085203886 23.1770582199097 504.929934710264 82.9069243073463 629.695546835661 3453.15528050065 46.508226275444 0.600136697292328 0 0.496102154254913 0 0.529953181743622 0 0 0.651340067386627 0 0 0 0 0.376124203205109 5.62434786558151 1.29966342449188 2.07707390189171 0.910059839487076 0 0 0 0.565270245075226 0 1.75988113880157 0 0 0 1.4568418264389 1.65288424491882 0 0 9.56095626950264 0 2.7130868434906 2.49616903066635 10.8784786164761 1.37549009919167 1.47811615467072 0 0 0.616957724094391 3.21355187892914 4.42109036445618
