0 2.37363219261169 141.578032910824 6.12533950805664 10.8018933832645 121.750647485256 3652.92396640778 1650.87606069446 116.618616610765 169.452956259251 42.1954583823681 9.96799665689468 9.46281191706657 17078.0576357394 1.14209812879562 31.1629367768764 155.12636706233 8.78019222617149 49.8770773112774 4.72159945964813 208.43944683671 30.6223248839378 327.710689663887 299.714552521706 3.3005844950676 112.989747822285 92.2406846880913 548.091696858406 14286.6375832856 3758.56610655785 1.09252989292145 36.8619137406349 267.666516184807 480.357965350151 8.89081451296806 212.891798406839 15.4218434691429 366.180920064449 44.7582733333111 85.8150652647018 56.5812047421932 2.06695544719696 7.00073683261871 1.0144157409668 8.40126442909241 1.11110472679138 3.86387097835541 0.803621470928192 0 3.14700096845627 0 2.96686673164368 0 0 5.12552064657211 7.06630450487137 6.70124533772469 11.872421503067 2.20330050587654 0 0 0 6.553177267313 3.07866108417511 3.95456990599632 0 0 1.91106694936752 0 5.94752436876297 3.30092394351959 9.87091559171677 36.2362829446793 0 1.04114139080048 8.32010418176651 50.3123128712177 7.8257582783699 4.4636355638504 0 2.01353377103806 0.556580007076263 9.48922744393349 4.52330660820007
2.37363219261169 0 803.205423861742 0 2.8957491517067 10.7602560520172 26.8267569243908 19.4025236070156 947.470341414213 4.32145661115646 167.264985471964 13.6379278004169 634.409029424191 14.8966872394085 44.102227896452 225.050947219133 501.673567861319 74.7049562036991 221.718408226967 0.639231622219086 84.2617787718773 2757.45417204499 336.182413816452 489.81446659565 2382.2500693202 1618.07721042633 7289.79293870926 127.623497515917 15.2317676246166 59.6996869146824 50.1659750938416 0.299609005451202 3.8470002412796 225.227294445038 14.1492364704609 334.452871263027 221.617438673973 448.264369875193 125.364687502384 90.5908752679825 1.86798912286758 41.4210035800934 22.4625720381737 12.0865231156349 27.9127149283886 5.06301620602608 3.83423188328743 2.36601758003235 0.667173743247986 3.51420348882675 68.2595163583755 109.816867589951 1.18895995616913 0 0.59406840801239 7.13941049575806 1.14746436476707 7.8713818192482 0.810300409793854 1.23149538040161 1.29614055156708 16.0867691636086 0.434112161397934 0.389371514320374 19.1155450940132 42.2982652187347 5.66508704423904 31.0664811134338 0 6.2764989733696 20.2362395524979 39.5162935853004 10.2924426198006 11.4693409800529 149.188429862261 311.523242294788 4.22571989893913 0 5.15690132975578 4.87628689408302 0 0 17.4009798169136 4.4597275853157
141.578032910824 803.205423861742 0 3.28620541095734 2.63396739959717 201.834584474564 926.085742354393 613.503405541182 81.1006668508053 73.2646368443966 214.05447563529 1.788445353508 46.7353254854679 488.476403057575 7.90333992242813 248.088859736919 3905.78156650066 111.951731741428 699.392797827721 0.756638824939728 2505.65111944079 300.423124581575 16548.4762843549 141.165324568748 56.7834831178188 19339.2376164496 11096.5598148108 1141.75727039576 252.737187057734 1665.53136360645 18.2150317132473 6.06293788552284 40.1445980072021 926.949589431286 38.7675010859966 1507.33383646607 533.570420056581 1690.05902546644 598.943747341633 135.871757596731 30.3851765394211 4.70097273588181 143.607180535793 80.314327776432 160.693428754807 58.7851066589355 12.8452146649361 1.17742252349854 0 3.42653292417526 239.320533335209 728.97518119216 0 0 0.610234498977661 12.216261357069 1.17899960279465 9.56405839323997 3.58273392915726 11.4520398974419 1.3973029255867 8.24358549714088 2.18122044205666 0.798680543899536 38.1636415719986 179.815362334251 14.0000414252281 72.4176076054573 0 20.5404337644577 61.9936092495918 215.167091935873 33.6566827595234 22.2538317143917 494.161481410265 1513.8618812263 19.8444058299065 4.99325668811798 27.0217822790146 0.639603555202484 0 0 62.3858927190304 22.5344319343567
6.12533950805664 0 3.28620541095734 0 0.73080712556839 207.65246617794 124.225086301565 102.214484244585 308.695608973503 7875.2669942081 1.16745555400848 1837.3750269711 0 57.952690243721 34.9610995948315 1.83367866277695 0 0 0.54835718870163 25964.3183864057 4.56637912988663 3.19751679897308 7.14870822429657 2640.64976200461 0 2.3161763548851 1.78246301412582 13190.5638872385 47.0351957380772 14.6747133433819 0 4.58293533325195 5.49293553829193 20.6407966911793 31.5953693389893 65.9021925926208 0 36.7771951258183 10.9691046476364 62.1289470493793 12.288613140583 1.0936506986618 2.2718154489994 0 4.82745778560638 0 36.5878598690033 2.00872218608856 0.695906519889832 0.632723987102509 0 0.731901884078979 33.5849383473396 0 31.0674384832382 65.3435246944427 14.3395911157131 11.5639197230339 167.887800008059 0.476730078458786 151.323047339916 0 5.58533179759979 7.93599462509155 2.8716527223587 0 0 0 74.8708958625793 0 1.35041791200638 5.70131859183311 120.984104931355 0 0 2.54294383525848 110.434558868408 2.63208544254303 2.27345412969589 0 0 0 9.28523156046867 0
10.8018933832645 2.8957491517067 2.63396739959717 0.73080712556839 0 7625.52814513445 28.3437696397305 667.976219534874 51.6579940319061 31.9484894275665 35.4836173653603 82.4595491290092 10.349573135376 299.830801069736 4636.53274899721 3.63083046674728 2.73822724819183 0.408807456493378 0 8.23520383238792 3.20570233464241 13.3115150928497 3.8331406712532 38.1388540267944 0 5.74113887548447 5.11347270011902 10.1154370307922 239.120518147945 13.6406755745411 0 4144.55014494061 0 1416.97100132704 414.778862059116 78.2293880879879 6.44590228796005 158.632682591677 24.0771605372429 9375.69560861588 2752.95783281326 1.54330861568451 3.04972219467163 0 0 3.95829665660858 4.9793866276741 1.09963870048523 0.986930429935455 0 0 0 0 4.32284593582153 0 0 0 0.318594664335251 0 0 2.14490962028503 0 0 1.33131241798401 0 0 0 0 1.4682149887085 0 0 0 5.6020011305809 0 0 1.63815057277679 1.25369873642921 0 0 0 0 0 1.38978105783463 60.9399602413177
121.750647485256 10.7602560520172 201.834584474564 207.65246617794 7625.52814513445 0 4392.84791275859 17128.4106266946 428.955311834812 18867.5574192405 188.702715158463 5297.60616880655 50.9652184844017 2370.59956935048 6416.14866387844 33.3578777313232 80.3045046627522 5.08800330758095 31.820913285017 674.296176970005 227.545135289431 44.1163856387138 394.458748459816 825.678404331207 6.89849603176117 114.125579208136 115.665092766285 1783.08793392777 1205.52452969551 381.901694566011 1.56657344102859 3123.94246870279 42.6471503973007 1746.49012053013 2343.93959414959 549.15682965517 28.4088087081909 550.729495555162 111.310306191444 7409.85988301039 1710.73384663463 8.21357172727585 19.1725421249866 2.69048568606377 14.7318129837513 2.06227195262909 30.1879554390907 3.30259501934052 0.912579655647278 4.77187344431877 0.835069835186005 6.87142416834831 19.7537018656731 1.58502122759819 31.8586792349815 180.132579594851 20.6386571824551 44.6700614094734 124.687154203653 0.859106481075287 24.3129002451897 1.07666873931885 21.3653401732445 4.40330398082733 16.9507251381874 0.969240695238113 0 0 15.0293021500111 5.79521036148071 6.38383463025093 22.7419861853123 201.05860260129 0 2.19644337892532 19.5869919061661 289.964624524117 27.6427097916603 10.0738256275654 0 1.32970228791237 5.13448777794838 15.7690131962299 7.83963221311569
3652.92396640778 26.8267569243908 926.085742354393 124.225086301565 28.3437696397305 4392.84791275859 0 7100.97846913338 1865.3133636713 14956.2050539851 71.4086833298206 230.517400830984 15.9587645828724 11023.3850490004 90.8962476849556 282.157089024782 271.939043730497 10.7654495239258 58.82532954216 93.8235193789005 1544.23089700937 285.378177702427 2333.2567230463 4498.66269692779 7.87208944559097 331.943111181259 604.203040331602 24897.9269108772 2451.79803156853 11512.8302088678 2.39883968234062 58.5226630866528 249.609409451485 901.649215757847 94.1500519514084 1701.81624659896 79.0841793715954 978.97009819746 289.528228908777 518.133328020573 269.238251745701 5.53917881846428 142.489727139473 7.69898104667664 153.906105160713 19.3201070427895 67.931887537241 26.0395804643631 0 32.5816653072834 6.72093093395233 26.2992618083954 21.3944814801216 2.93789613246918 78.0115972906351 523.702559024096 124.820635139942 123.443003058434 246.372905045748 1.43074271082878 34.4078823924065 1.06814920902252 81.8813063800335 6.07685250043869 85.8811949491501 6.63577017188072 0.512025654315948 0.697553396224976 20.2981354296207 58.7513271570206 27.6983857154846 118.390623390675 671.720295846462 0 16.7546018660069 102.103604644537 1183.40049147606 122.049226343632 85.5707285702229 0 2.36272847652435 21.6063431501389 92.6806184351444 21.1314661204815
1650.87606069446 19.4025236070156 613.503405541182 102.214484244585 667.976219534874 17128.4106266946 7100.97846913338 0 301.757103145123 8254.0277775079 347.015378892422 1071.38064724207 111.234300285578 27838.6002670825 412.399389624596 73.2669503092766 344.908346563578 22.2675721347332 109.97911375761 286.173871189356 615.108608916402 74.0958423912525 1120.42281013727 793.762939885259 5.96710190176964 392.66198515892 220.766966402531 1962.87167519331 2188.07399912179 2430.67701765895 5.20482978224754 1707.58089584112 84.4815833866596 1703.65628147125 141.964491218328 1049.04249799252 39.4218162894249 960.308375120163 205.736284255981 2514.44280475378 1161.5171970427 26.0821155309677 28.062114328146 1.76456105709076 25.322424441576 5.48762840032578 9.08228570222855 3.37718164920807 0 7.45718649029732 2.42699310183525 14.3649833202362 4.7942251265049 0 11.445035815239 89.802380502224 13.0209590792656 27.2865859270096 39.3981590270996 0.530272305011749 7.39123675227165 0 15.9120370149612 3.06846749782562 28.9316409230232 0.898366987705231 0 0.502504348754883 4.00166541337967 17.7396943867207 6.60904121398926 26.7574006319046 130.074637234211 1.4907234609127 3.46598106622696 36.497518658638 224.324669450521 34.9214462935925 15.6601305603981 0 0.582888543605804 4.41645437479019 14.2017718553543 12.5445432364941
116.618616610765 947.470341414213 81.1006668508053 308.695608973503 51.6579940319061 428.955311834812 1865.3133636713 301.757103145123 0 958.108276277781 31.2051086872816 1634.51661556959 133.192811012268 240.437089711428 1536.6941973567 94.4892828762531 62.2160209715366 13.1579693555832 32.5177493095398 275.356678277254 111.263193398714 4607.78396180272 118.633820861578 13992.1342864931 347.084201991558 216.973850309849 1076.85852298141 2985.62867346406 374.336643397808 382.093630164862 18.8999465107918 9.45266827940941 66.230380833149 177.27678757906 25.706739038229 638.600388884544 37.3637157678604 224.051107168198 85.0772342681885 1626.64578950405 61.2205848991871 7.28652948141098 72.6612134873867 3.26165926456451 49.6879740655422 13.4682317376137 94.0219016671181 8.32186487317085 0 14.3467831015587 10.0972407758236 9.438312292099 43.3647106289864 1.4547798037529 53.9638704359531 220.837423592806 38.8698109388351 252.486363381147 189.33671015501 3.13306033611298 102.622032463551 1.16541755199432 29.9609789252281 25.3171250224113 72.2284627556801 0.594046831130981 2.01444745063782 1.25871768593788 30.4238168001175 38.8458841443062 21.9582211375237 42.7722330987453 624.063875198364 0 8.65536543726921 37.7454921901226 548.489031553268 49.8139391839504 37.5597627460957 0 2.15188592672348 10.7492033839226 32.1158924996853 18.5444356203079
169.452956259251 4.32145661115646 73.2646368443966 7875.2669942081 31.9484894275665 18867.5574192405 14956.2050539851 8254.0277775079 958.108276277781 0 61.8272641003132 18704.1856397092 18.1774237155914 2665.1731877923 168.454731523991 52.5835112035275 37.1392967700958 0.35614874958992 5.98680913448334 11633.9604981542 151.007552504539 49.3383496105671 201.280761986971 2102.8019246161 0.900940805673599 37.1005529463291 96.6686177551746 11907.4907615781 931.959628522396 260.901450186968 0 79.1100528538227 67.118868291378 626.973086953163 556.308109134436 1311.52462872863 15.7096421718597 752.914196282625 235.187035888433 845.743684470654 318.200370043516 5.82471317052841 35.320060312748 0 50.7733681797981 5.34255853295326 77.5504691898823 4.58738639950752 0 6.55410441756248 0.975167632102966 5.5280450284481 276.1813839674 2.17266717553139 74.1002252995968 313.337612390518 45.4059478342533 58.0104610919952 272.749157577753 1.68985188007355 95.8106648027897 0 33.7166269421577 17.3153523206711 15.1048862636089 1.03312134742737 0 0 32.9155167043209 11.6394214332104 9.65947648882866 22.4681122004986 443.422210037708 1.05248618125916 0 21.7579657137394 524.023339867592 27.943354845047 19.0801528394222 0 0.944025218486786 5.77670505642891 23.6775411963463 12.4167811274529
42.1954583823681 167.264985471964 214.05447563529 1.16745555400848 35.4836173653603 188.702715158463 71.4086833298206 347.015378892422 31.2051086872816 61.8272641003132 0 27.3597949445248 11817.0566025078 414.9943780303 7.46397256851196 17.8402312994003 920.134586244822 8227.68360447884 5316.44854968786 5.66653987765312 75.3724662661552 61.3439170122147 190.455463767052 38.8615522682667 1683.0658955574 17070.7648551762 3373.34984907508 60.1299899816513 384.046329140663 115.811427861452 2899.71110022068 98.9042298793793 11.8087395429611 9097.17106446624 6.33202350139618 395.130515128374 4337.9986782968 8427.73429006338 226.148038834333 138.262679219246 69.5299998819828 3857.09500262141 2.40387168526649 0.434161841869354 10.9933775067329 1.32158613204956 0 0 0 0 15.1772662997246 10.9362518787384 0 0 0 2.31083738803864 0 0 0 17.4290897250175 0 96.8992881178856 0 0 2.20184421539307 1.07721084356308 15.4375883936882 14.4077620506287 0 0.761236786842346 0.910255253314972 7.08438050746918 1.00710219144821 48.6351272463799 114.813435167074 119.804565817118 2.11587050557137 0.987232804298401 0.768893182277679 6.54349505901337 0 0 10.496232509613 2.43021184206009
9.96799665689468 13.6379278004169 1.788445353508 1837.3750269711 82.4595491290092 5297.60616880655 230.517400830984 1071.38064724207 1634.51661556959 18704.1856397092 27.3597949445248 0 4.89437600970268 288.323224812746 2771.99709948897 3.65935775637627 4.44526299834251 1.91332793235779 2.79946273565292 26434.2069637477 6.86230510473251 49.1556895971298 11.6222316324711 1135.28058198094 1.45095810294151 1.84124928712845 22.4669687151909 948.094343781471 116.852448940277 14.2485006153584 0.635022521018982 30.328676789999 5.9677876830101 153.080635398626 1299.82757696509 213.552369326353 4.71752542257309 113.97375407815 24.0249442458153 2840.89159864187 60.6765140295029 1.00676169991493 2.40579354763031 0 5.60080116987228 0.46983939409256 71.0688638091087 0.575797855854034 0 0.43059179186821 0 0 129.545863032341 0.593430519104004 48.2159096002579 50.2398406267166 4.87444871664047 53.062252163887 330.511970609426 0 562.710693717003 0 5.00601255893707 29.1640769839287 4.0175624191761 0 0 0 225.635869145393 0.785833895206451 3.65412867069244 1.26182052493095 164.517911434174 0.407818675041199 0 3.12905305624008 140.012670338154 3.9196152985096 1.01521956920624 0 0 0 5.10287028551102 1.08427250385284
9.46281191706657 634.409029424191 46.7353254854679 0 10.349573135376 50.9652184844017 15.9587645828724 111.234300285578 133.192811012268 18.1774237155914 11817.0566025078 4.89437600970268 0 89.4378963112831 6.98406684398651 14.4283188283443 83.8705377876759 547.661289781332 271.016392379999 0 20.020819246769 179.96908634901 50.7675862908363 47.473395138979 9248.2377602458 5132.18185541034 7645.82848498225 25.9786083102226 58.4670208394527 21.0761008560658 8990.37695458531 27.3553597033024 4.90601354837418 1535.57425662875 68.8742514550686 1623.13444149494 4129.59897950292 2409.37119558454 1308.56635472178 76.086251437664 737.707180440426 6109.18100634217 10.1480610370636 8.97155028581619 14.3752792477608 7.44964081048965 0 0 2.40909039974213 0.752820730209351 42.3302235603333 10.6170341968536 0 0 1.0336639881134 0.504885137081146 1.11674439907074 1.04522958397865 0 44.7369011640549 0 284.212339669466 0 1.3970400094986 0.638222873210907 2.56030535697937 38.3699203133583 35.7470408082008 0 0 2.8252332508564 2.78076332807541 1.42608338594437 128.854973465204 210.575107753277 217.754412949085 1.6645200252533 0 0.641286849975586 23.2858867049217 0 0 5.95218241214752 53.8649053871632
17078.0576357394 14.8966872394085 488.476403057575 57.952690243721 299.830801069736 2370.59956935048 11023.3850490004 27838.6002670825 240.437089711428 2665.1731877923 414.9943780303 288.323224812746 89.4378963112831 0 65.5589915513992 78.0490208566189 325.319665968418 21.8813580274582 81.0954848527908 101.772934019566 618.104694873095 85.5036614239216 921.431157976389 700.426050454378 11.1939336955547 323.932420015335 257.23492667079 1602.89019952714 14617.7888486385 4199.40831047297 3.20274332165718 2156.40396162868 425.147792220116 1929.0469032526 71.7815399169922 1163.10516750813 59.6008291840553 1158.97216004133 201.99726870656 906.593726605177 531.770815521479 20.7176024913788 21.9033600986004 2.13440316915512 18.2019010782242 6.77737164497375 6.12614020705223 0 0 6.92308393120766 1.61191096901894 15.0732109546661 4.94163137674332 0 6.39861759543419 50.998416364193 10.2107354104519 27.1490079164505 22.7122187316418 1.2555239200592 2.36404424905777 0.870835661888123 16.0146754980087 0.980578482151031 24.799104809761 1.01438736915588 1.47387701272964 1.45388126373291 1.33480978012085 15.1492150127888 6.0859956741333 30.2818408608437 106.92334780097 0 6.67870405316353 18.4489273130894 162.760210156441 17.654291331768 17.3071602582932 0 0 2.34944242238998 12.8276832103729 16.2722072005272
1.14209812879562 44.102227896452 7.90333992242813 34.9610995948315 4636.53274899721 6416.14866387844 90.8962476849556 412.399389624596 1536.6941973567 168.454731523991 7.46397256851196 2771.99709948897 6.98406684398651 65.5589915513992 0 1.45622944831848 1.59094941616058 1.06115233898163 1.04815194010735 125.075344711542 3.97106447815895 156.87426969409 10.4651252925396 809.546670794487 6.11656644940376 14.7335385978222 59.0298903286457 123.406004935503 48.7919224202633 11.2783889770508 1.45573914051056 223.891980201006 5.30031156539917 66.626215338707 142.027043968439 74.7220979630947 3.25621622800827 27.5502601563931 15.5432878136635 14095.3415702283 52.0141859054565 0.503244876861572 6.97927492856979 3.59581178426743 3.32919430732727 6.11060464382172 29.1407300829887 0.786339819431305 0 0.553442895412445 0 0.747071027755737 2.35286128520966 5.90350347757339 10.4298514425755 13.5522842109203 1.93002399802208 13.1072899103165 14.1438463330269 0 19.7571059465408 0.432521224021912 0.985081911087036 22.1281564235687 2.36760514974594 0 0 0 2.38332450389862 0.795145928859711 0 1.32700777053833 28.8335425257683 0 0.963739454746246 1.73361366987228 25.1201103031635 0 0 0 0 0 3.02839332818985 130.780522435904
31.1629367768764 225.050947219133 248.088859736919 1.83367866277695 3.63083046674728 33.3578777313232 282.157089024782 73.2669503092766 94.4892828762531 52.5835112035275 17.8402312994003 3.65935775637627 14.4283188283443 78.0490208566189 1.45622944831848 0 209.871553510427 12.6555364131927 47.7737330496311 0.628512561321259 8646.27812102437 2376.02047532797 14112.9349577129 2389.51504129171 30.3066324591637 174.334100067616 7913.45929756761 3702.29120773077 169.220992326736 657.434995740652 2.17460438609123 1.17072725296021 52.9385440349579 695.349121928215 63.2294205725193 1545.0285911262 249.484859913588 884.88448113203 279.008492052555 188.740426599979 18.8948717415333 0 223.265447944403 53.0320245623589 231.934913963079 80.4492129683495 45.0779094398022 3.59533774852753 1.46786379814148 4.76736676692963 15.4312844872475 79.9981555342674 0.733894944190979 0 2.41406613588333 31.2459803521633 9.30078816413879 23.0281159877777 7.76575970649719 2.12103402614594 0 0.608554005622864 11.959323734045 2.78154829144478 612.592633068562 20.128148496151 5.80756747722626 11.2537867426872 0.387027233839035 228.472447395325 124.250205367804 980.422732532024 146.969904482365 1.60348975658417 34.8319242298603 515.982579141855 155.163739323616 21.261084318161 49.6603071987629 1.06593978404999 0 5.14457306265831 95.3505514264107 24.7925754189491
155.12636706233 501.673567861319 3905.78156650066 0 2.73822724819183 80.3045046627522 271.939043730497 344.908346563578 62.2160209715366 37.1392967700958 920.134586244822 4.44526299834251 83.8705377876759 325.319665968418 1.59094941616058 209.871553510427 0 502.415023893118 7978.9131064713 0 2395.58094915748 225.621087491512 9007.46132469177 123.971415668726 84.4818454384804 7365.44057312608 5782.90050944686 482.508491009474 444.342660725117 2310.76529341936 24.0201393663883 9.48062378168106 57.0192441344261 2929.17183500528 6.43577480316162 478.932207763195 206.392706751823 1804.19753605127 258.168626308441 47.6867336630821 20.2428334057331 1.17489922046661 42.7281285226345 29.3869732022285 54.444051861763 21.8135607838631 2.38523569703102 3.15264427661896 0 0 116.049153149128 213.111016094685 0.353945046663284 1.63204324245453 0 10.9741856753826 1.77534613013268 3.74059966206551 0.435783803462982 7.95338386297226 0 3.66312900185585 0.525659441947937 0 26.1922541260719 56.6273016929626 6.28094482421875 35.8549844026566 0 5.37549048662186 12.5232898592949 70.4642336964607 13.5316350162029 12.3032031059265 221.658942699432 469.60553714633 13.6708093881607 3.9561882019043 8.38738471269608 0 0 0 18.9597020745277 15.2920216917992
8.78019222617149 74.7049562036991 111.951731741428 0 0.408807456493378 5.08800330758095 10.7654495239258 22.2675721347332 13.1579693555832 0.35614874958992 8227.68360447884 1.91332793235779 547.661289781332 21.8813580274582 1.06115233898163 12.6555364131927 502.415023893118 0 6812.82998433709 1.51941984891891 30.3577383160591 27.3400906324387 85.4740202128887 5.40694147348404 487.764807343483 7085.3473713398 1144.67889168859 14.9621409773827 27.8557576537132 48.8633543550968 195.5286218822 1.71176964044571 3.1302607357502 507.463919878006 0.93600869178772 140.221413612366 375.736411750317 619.451038897038 63.3529780507088 9.61411207914352 2.54089233279228 22.3385246098042 0.552472412586212 5.24032843112946 4.1070014834404 0 0 0 0 0 8.16182732582092 3.4247499704361 0 0 0 0 0 0 0 10.8115598261356 0 52.3978623747826 0 0 0 1.64791309833527 7.5124044418335 7.37741452455521 0 0 0.790051460266113 1.96125096082687 0.570338368415833 25.8587548136711 69.7372895181179 85.3897614479065 0 0 0 5.26691925525665 0 0 1.02496868371964 2.08250790834427
49.8770773112774 221.718408226967 699.392797827721 0.54835718870163 0 31.820913285017 58.82532954216 109.97911375761 32.5177493095398 5.98680913448334 5316.44854968786 2.79946273565292 271.016392379999 81.0954848527908 1.04815194010735 47.7737330496311 7978.9131064713 6812.82998433709 0 0 270.340628653765 73.1168601810932 730.106129288673 35.5799675583839 396.904674857855 12750.5343462229 3444.38482576609 107.067894130945 107.133277446032 377.967442959547 111.722878605127 9.98860338330269 10.7778830230236 1796.88711676002 7.11495321989059 432.953753858805 441.131114035845 1416.18462404609 195.736698031425 22.0757856667042 18.0863102674484 14.2901999354362 10.7374300956726 1.8070924282074 18.9565645456314 4.43032932281494 1.52266681194305 0 0 0 36.2902914583683 30.8860654234886 0 0 0 1.4680772125721 1.02907884120941 0 1.03458726406097 10.739372074604 0 39.4697412252426 0 0 1.45454442501068 11.132007420063 18.364378631115 19.7537991404533 0 0.836961805820465 0 12.596901088953 4.33899641036987 60.9527755379677 184.661476820707 223.688205718994 0.98762184381485 0 2.46245646476746 6.21013605594635 0 0 5.56164026260376 8.2068932056427
4.72159945964813 0.639231622219086 0.756638824939728 25964.3183864057 8.23520383238792 674.296176970005 93.8235193789005 286.173871189356 275.356678277254 11633.9604981542 5.66653987765312 26434.2069637477 0 101.772934019566 125.075344711542 0.628512561321259 0 1.51941984891891 0 0 2.72290951013565 5.04865846037865 5.61227324604988 3314.24363917112 0.524969577789307 1.39977288246155 6.56243342161179 3745.65599036217 71.1088239550591 9.10917404294014 0 6.67434744536877 3.61416256427765 52.874154239893 183.109319746494 99.0801574885845 2.44911170005798 42.471864849329 16.8992173671722 241.38435459137 30.4828931987286 1.1715295612812 5.71893268823624 0 1.92880040407181 0.417431354522705 21.8429575562477 0 0 0 0 0 162.7054233253 0 12.8308080136776 34.1502527594566 6.07730031013489 18.2842875123024 51.1622431874275 0 132.012801229954 0 0.85471186041832 9.36493223905563 2.21258062124252 0 0 0 58.7041208744049 1.96574610471725 0 0 69.506782501936 0 0.424937427043915 1.58321756124496 87.5380020141602 1.30797833204269 1.82558929920197 0 0 0 0.77389994263649 0.37893271446228
208.43944683671 84.2617787718773 2505.65111944079 4.56637912988663 3.20570233464241 227.545135289431 1544.23089700937 615.108608916402 111.263193398714 151.007552504539 75.3724662661552 6.86230510473251 20.020819246769 618.104694873095 3.97106447815895 8646.27812102437 2395.58094915748 30.3577383160591 270.340628653765 2.72290951013565 0 920.488441377878 30790.6556811631 1640.07035887241 11.5581766366959 953.064533770084 2077.61809200048 10006.6124040186 691.738144606352 16373.7613521218 2.12667301297188 12.9537187516689 205.19181227684 4210.22022467852 121.090876817703 2926.00072056055 311.394215285778 2684.92124298215 635.420936107635 382.888630092144 57.4397856593132 5.08305597305298 138.17667850852 19.2450102567673 104.823476731777 37.992450773716 37.4964463710785 3.23634296655655 0.879886984825134 3.1050837635994 8.00137528777122 73.1333237886429 0 0 1.68261805176735 27.481542557478 6.93675911426544 37.5846405625343 5.39695647358894 0.400954246520996 0 0 16.4626876413822 6.04870110750198 370.976076751947 23.138065546751 2.72193646430969 5.01677000522614 0.578230798244476 220.355711400509 64.1286059617996 383.925594598055 172.655454963446 0 28.6063705086708 243.845024645329 185.284859776497 21.6880257129669 72.5289804339409 0.69898933172226 0 5.64789748191833 64.1373195648193 65.190516024828
30.6223248839378 2757.45417204499 300.423124581575 3.19751679897308 13.3115150928497 44.1163856387138 285.378177702427 74.0958423912525 4607.78396180272 49.3383496105671 61.3439170122147 49.1556895971298 179.96908634901 85.5036614239216 156.87426969409 2376.02047532797 225.621087491512 27.3400906324387 73.1168601810932 5.04865846037865 920.488441377878 0 1456.02194747329 7960.41044253111 544.11483079195 358.465678781271 4006.3440451622 1387.81040793657 151.98590272665 494.040684133768 15.6055278480053 0.695767670869827 35.5058251917362 469.451300054789 31.8705550432205 977.767482936382 219.589940428734 713.337550312281 205.51631206274 276.358727544546 19.4908247590065 2.557009100914 91.4174745082855 14.9618597328663 58.9376462101936 23.865908741951 19.166552811861 0 0.440607815980911 3.42903420329094 48.7163782715797 30.5813152492046 1.96094071865082 0 7.45882439613342 19.5930057168007 9.15402805805206 100.639603555202 12.1994597017765 2.16805708408356 1.4718302488327 5.94062554836273 13.6320256590843 0.544432640075684 199.316944897175 6.20450532436371 3.38025915622711 4.74248853325844 0 76.9660266935825 320.716973125935 175.37465852499 155.762157618999 8.31968331336975 24.7938546538353 149.257390826941 113.24650478363 11.4352281987667 35.2203303873539 0 0.333189606666565 4.73872965574265 37.3807659447193 16.824686974287
327.710689663887 336.182413816452 16548.4762843549 7.14870822429657 3.8331406712532 394.458748459816 2333.2567230463 1120.42281013727 118.633820861578 201.280761986971 190.455463767052 11.6222316324711 50.7675862908363 921.431157976389 10.4651252925396 14112.9349577129 9007.46132469177 85.4740202128887 730.106129288673 5.61227324604988 30790.6556811631 1456.02194747329 0 708.275626718998 49.613241404295 3486.54637700319 13854.2745167613 7082.31910806894 772.493982315063 8676.02885001898 13.814515709877 10.0191572606564 140.837587356567 4749.01616957784 163.580558419228 4155.73454236984 1037.70367717743 5279.52921354771 1192.11959332228 587.807335555553 76.8845530748367 8.44997125864029 392.544282376766 153.454867780209 436.667141139507 166.748391866684 73.2977689504623 2.03786396980286 1.61807161569595 11.603679984808 71.3876410722733 506.205437153578 0 2.01480448246002 3.34526199102402 68.8049209713936 12.1163064241409 39.8346870839596 9.84394499659538 4.10747897624969 2.6679861843586 3.57621943950653 19.6442918181419 3.68025481700897 797.578846812248 96.6145861148834 6.14947080612183 19.8297863900661 0.620462715625763 183.512234508991 276.218396067619 1546.57155299187 158.130631715059 4.45636519789696 112.668917715549 1699.77544465661 165.880508512259 7.34854888916016 93.9190459251404 0 0 0.925374805927277 134.889774143696 86.769664645195
299.714552521706 489.81446659565 141.165324568748 2640.64976200461 38.1388540267944 825.678404331207 4498.66269692779 793.762939885259 13992.1342864931 2102.8019246161 38.8615522682667 1135.28058198094 47.473395138979 700.426050454378 809.546670794487 2389.51504129171 123.971415668726 5.40694147348404 35.5799675583839 3314.24363917112 1640.07035887241 7960.41044253111 708.275626718998 0 108.544449001551 177.308457195759 1744.58529558778 31724.4136797488 1090.79681837559 1403.56645745039 6.28346216678619 28.7873605042696 234.997419416904 669.189677476883 80.2094411253929 2164.5307341814 77.919515401125 691.258791595697 287.976070731878 1154.13985219598 189.991468697786 4.7978809773922 408.29205057025 16.516825735569 310.057901620865 78.4984857439995 177.967066168785 18.1324291229248 1.03018590807915 70.0855219662189 10.7245523929596 53.1951873898506 133.316893875599 4.37243548035622 189.242118835449 831.275564908981 182.756367862225 513.638974547386 590.214958667755 4.84993696212769 191.691239923239 0.840353488922119 180.718386650085 38.8845419287682 365.02501642704 5.32217419147491 0 0.395240813493729 149.861002862453 245.018273830414 79.1526424586773 300.788617014885 2499.72689911723 1.63993573188782 17.625411272049 140.234305292368 2210.93189948797 231.80002745986 160.935922294855 1.06620097160339 4.08935844898224 39.3124289512634 204.473083660007 30.3250278532505
3.3005844950676 2382.2500693202 56.7834831178188 0 0 6.89849603176117 7.87208944559097 5.96710190176964 347.084201991558 0.900940805673599 1683.0658955574 1.45095810294151 9248.2377602458 11.1939336955547 6.11656644940376 30.3066324591637 84.4818454384804 487.764807343483 396.904674857855 0.524969577789307 11.5581766366959 544.11483079195 49.613241404295 108.544449001551 0 2478.04184469581 6796.13621604443 31.2159565389156 10.7034828066826 14.807902276516 333.28350636363 3.01180601119995 0.767878830432892 268.746558189392 0.628086864948273 101.19122081995 1292.13500657678 569.615902721882 49.4757696688175 18.7876977026463 3.70596903562546 1249.79857644439 20.4214922785759 14.9555468559265 33.3163766860962 2.33674520254135 0 0 3.92657673358917 0 73.6224726140499 25.8992986083031 0 0 0 2.09991469979286 2.08767080307007 7.31428956985474 0 82.0414353609085 1.08323454856873 396.981098860502 1.66880095005035 0 3.02345329523087 11.7413921952248 75.1209779977798 73.538013279438 0 0.563596785068512 4.30756968259811 11.1824920475483 1.91736561059952 296.088250637054 478.801290422678 423.861703872681 4.37954926490784 0.689063668251038 1.21540057659149 25.4079018235207 0 0 20.3001008629799 2.31156086921692
112.989747822285 1618.07721042633 19339.2376164496 2.3161763548851 5.74113887548447 114.125579208136 331.943111181259 392.66198515892 216.973850309849 37.1005529463291 17070.7648551762 1.84124928712845 5132.18185541034 323.932420015335 14.7335385978222 174.334100067616 7365.44057312608 7085.3473713398 12750.5343462229 1.39977288246155 953.064533770084 358.465678781271 3486.54637700319 177.308457195759 2478.04184469581 0 34681.5754813254 407.770348995924 335.92828387022 1110.53863275051 3717.57419425249 14.219457834959 28.4038951396942 3016.30381897092 37.468674570322 1677.69825032353 2207.81530967355 4146.47675591707 818.349346995354 101.9806458354 41.5349789857864 56.7500511109829 97.2596140503883 72.4826453626156 167.176732063293 41.3654715418816 8.08444041013718 0 0.484014064073563 2.51382115483284 288.175798624754 283.411787897348 0 0 0 12.3936989605427 1.15501889586449 2.25751894712448 0.665423452854156 106.915689855814 1.134192019701 347.621642261744 6.08238962292671 2.03212946653366 19.7442159950733 119.912742376328 129.21253785491 243.346919119358 0 10.6734678447247 15.6375833153725 64.7235099375248 15.5644919574261 379.851959139109 1587.27287966013 1716.19283479452 11.4460056424141 4.32667881250381 16.8542293906212 46.5090091228485 0 0.842470407485962 82.9830561876297 18.3186782300472
92.2406846880913 7289.79293870926 11096.5598148108 1.78246301412582 5.11347270011902 115.665092766285 604.203040331602 220.766966402531 1076.85852298141 96.6686177551746 3373.34984907508 22.4669687151909 7645.82848498225 257.23492667079 59.0298903286457 7913.45929756761 5782.90050944686 1144.67889168859 3444.38482576609 6.56243342161179 2077.61809200048 4006.3440451622 13854.2745167613 1744.58529558778 6796.13621604443 34681.5754813254 0 2207.32106462121 245.073524147272 907.240584254265 2438.97092887759 14.2735634446144 38.701868057251 4285.48724725842 128.219430059195 5561.08032619953 3221.41751343012 7303.93244042993 2132.03982508183 415.523805707693 76.4650026857853 124.031470924616 379.624566525221 256.184264034033 550.004660129547 204.842914372683 43.014557570219 8.83854258060455 2.62787914276123 4.78772124648094 732.006171584129 1484.14200413227 0 1.13439524173737 2.82577437162399 67.4098860025406 16.94161054492 39.9982065856457 9.39303532242775 98.9730216860771 1.31906858086586 301.676076412201 19.1247427463531 5.58934277296066 270.632932215929 357.911473482847 168.014247834682 296.536771953106 1.13291543722153 84.7636454105377 339.073043584824 1014.96539771557 89.2760770320892 304.457567185163 1992.91443380713 4195.58418738842 111.828473746777 18.9161574244499 82.5351918935776 47.7804906964302 0 2.98986175656319 180.990728080273 82.1840471029282
548.091696858406 127.623497515917 1141.75727039576 13190.5638872385 10.1154370307922 1783.08793392777 24897.9269108772 1962.87167519331 2985.62867346406 11907.4907615781 60.1299899816513 948.094343781471 25.9786083102226 1602.89019952714 123.406004935503 3702.29120773077 482.508491009474 14.9621409773827 107.067894130945 3745.65599036217 10006.6124040186 1387.81040793657 7082.31910806894 31724.4136797488 31.2159565389156 407.770348995924 2207.32106462121 0 2055.60370996594 14919.7398564816 1.39028283953667 36.4404237568378 589.853015333414 2211.95955368876 195.943187832832 4488.40272781253 209.598789274693 1853.33712372184 611.775889098644 718.992627412081 259.076278030872 8.35856437683105 392.02096876502 26.4267967939377 291.05258885026 66.4694531261921 122.326136350632 36.2930815219879 0.933171451091766 72.3116675317287 11.1964622139931 60.5319821536541 161.916990607977 4.55986452102661 119.828418493271 694.582435935736 186.55170404911 357.302183926105 378.342627346516 4.46510207653046 112.260890692472 1.51182305812836 200.110753774643 27.6122903227806 437.540751755238 24.0905519425869 1.03511130809784 2.45978176593781 74.8149365782738 330.776105314493 84.0687365233898 436.492586970329 1601.81369519234 0 30.6758064627647 228.176643460989 2142.61065790057 225.000822991133 181.846952229738 0 2.50114750862122 61.0136613547802 208.056532651186 75.3138541579247
14286.6375832856 15.2317676246166 252.737187057734 47.0351957380772 239.120518147945 1205.52452969551 2451.79803156853 2188.07399912179 374.336643397808 931.959628522396 384.046329140663 116.852448940277 58.4670208394527 14617.7888486385 48.7919224202633 169.220992326736 444.342660725117 27.8557576537132 107.133277446032 71.1088239550591 691.738144606352 151.98590272665 772.493982315063 1090.79681837559 10.7034828066826 335.92828387022 245.073524147272 2055.60370996594 0 8019.73626190424 5.10757094621658 1880.72960418463 11498.6703351438 3808.39424550533 61.7575607001781 1260.9535946846 43.0885696709156 2038.36979711056 296.805623441935 530.50103738904 626.438620299101 16.6172500550747 45.9617294669151 3.99003875255585 22.3338102698326 8.65322518348694 11.6945559978485 1.23293077945709 0 11.1818590462208 1.49823653697968 9.47776660323143 4.00154340267181 0 5.24860748648643 60.093572974205 12.9287694692612 30.4127814173698 25.9137427210808 0 1.78441137075424 0.929908633232117 22.3581857085228 0.267868846654892 50.8376213014126 5.08465749025345 0 0 0 35.9082576036453 6.41642126441002 43.8514081537724 182.226220279932 0 2.62532514333725 23.3524262905121 218.850227981806 31.3322831094265 24.9961985647678 0 0.310850650072098 6.62100514769554 12.5834314525127 23.7409452199936
3758.56610655785 59.6996869146824 1665.53136360645 14.6747133433819 13.6406755745411 381.901694566011 11512.8302088678 2430.67701765895 382.093630164862 260.901450186968 115.811427861452 14.2485006153584 21.0761008560658 4199.40831047297 11.2783889770508 657.434995740652 2310.76529341936 48.8633543550968 377.967442959547 9.10917404294014 16373.7613521218 494.040684133768 8676.02885001898 1403.56645745039 14.807902276516 1110.53863275051 907.240584254265 14919.7398564816 8019.73626190424 0 5.69093346595764 41.8870871067047 734.525326162577 5329.14627942443 92.5187993943691 1879.74270182848 122.149137735367 2496.0617826581 546.147038519382 337.022632688284 143.696752160788 2.66597378253937 93.7561742067337 7.1895477771759 56.6865475773811 14.3184267878532 7.22068953514099 4.91144627332687 0 6.3988464474678 7.4895504117012 43.3468760550022 0 0 4.10442930459976 49.0616669952869 19.3137652277946 52.792453110218 13.5597444176674 0.704704880714417 3.0888520181179 0.589428246021271 26.9906174838543 0.463771551847458 113.938356429338 12.5672001838684 0 3.21787089109421 1.2446671128273 81.6666940450668 22.7188554108143 144.693840384483 233.843962609768 0.843932390213013 19.7073367536068 132.045627593994 283.127259284258 39.9624571800232 49.6227094233036 0.948534846305847 0.264122724533081 8.43888756632805 32.5688118934631 54.4344101846218
1.09252989292145 50.1659750938416 18.2150317132473 0 0 1.56657344102859 2.39883968234062 5.20482978224754 18.8999465107918 0 2899.71110022068 0.635022521018982 8990.37695458531 3.20274332165718 1.45573914051056 2.17460438609123 24.0201393663883 195.5286218822 111.722878605127 0 2.12667301297188 15.6055278480053 13.814515709877 6.28346216678619 333.28350636363 3717.57419425249 2438.97092887759 1.39028283953667 5.10757094621658 5.69093346595764 0 0 0.401849687099457 88.9242097139359 0 22.9893592596054 179.159449309111 174.994365155697 14.213724732399 1.23701870441437 2.86207938194275 26.8921720683575 1.05838325619698 0 0 0 0 0 0 0 6.36655867099762 0 0 0 0 0 0 0 0 4.38469618558884 0 39.0101382434368 0.628821432590485 0 0 1.99671113491058 6.82637545466423 2.6795392036438 0 0 0 1.49365830421448 0 20.9355920255184 28.5941929519176 31.2190213799477 0 0 0 5.91223973035812 0 0 0 0
36.8619137406349 0.299609005451202 6.06293788552284 4.58293533325195 4144.55014494061 3123.94246870279 58.5226630866528 1707.58089584112 9.45266827940941 79.1100528538227 98.9042298793793 30.328676789999 27.3553597033024 2156.40396162868 223.891980201006 1.17072725296021 9.48062378168106 1.71176964044571 9.98860338330269 6.67434744536877 12.9537187516689 0.695767670869827 10.0191572606564 28.7873605042696 3.01180601119995 14.219457834959 14.2735634446144 36.4404237568378 1880.72960418463 41.8870871067047 0 0 7.65779599547386 2384.1608864069 11.2048482298851 160.755174577236 4.83162561058998 305.300558388233 29.1228623390198 446.359367638826 3161.58929499984 9.72267270088196 0 0 1.6245721578598 1.37291288375854 0 0 0 0 0 0 0 0 0 1.48275515437126 0 1.00039041042328 0 0 0 0 0 0 0 0.43489482998848 0 0 0 0 0 0.482033312320709 2.7987408041954 0 0 0 5.98633870482445 2.75098484754562 0.812923431396484 0 0 0 0 3.15468734502792
