0 140.297958743686 100.160205387562 93.3614674918246 74.1843882901149 77.7352224685011 33.3198223367157 39.7313163469123 78.5293868716142 84.9267274833882 109.658401958444 111.863614589778 91.085109242292 16.1330467751072 57.3823153714078 106.052985736724 103.304589746265 136.543244088896 118.394258890913 92.8569582724632 83.6356909302506 84.9073865166564 91.016929186338 78.533161758972 124.726426803513 118.927049745691 122.582401671771 80.7930783052042 18.2334423785836 35.900837748639 183.229476928711 83.269802630815 35.6648668980868 59.4402721050861 130.992847017028 73.7877964738465 99.8907063409377 69.1518539361997 70.9703219345282 54.6526865944119 58.4292853910729 86.8694486312193 166.515832462874 227.264938354492 154.448035339493 151.920623779297 160.03117478161 163.3212890625 0 163.49336663212 0 171.274592259702 0 0 182.793439744315 153.471166736601 175.406222439291 107.098353607986 175.123660777623 0 0 0 192.354657339577 151.511667945911 152.885958775703 0 0 241.488740619425 0 151.047691438606 114.111624990726 151.979791812186 134.87792293785 0 185.207565307617 159.276100213508 139.716598491859 171.814921656898 147.685729599687 0 218.934716449521 164.942260742188 174.586795130245 125.220395068955
140.297958743686 0 45.6255534323736 0 133.410719363439 146.219097489497 117.258124852083 144.361426588311 66.3182208938117 159.358228214988 68.2380187673837 103.905615891642 47.9066892678704 141.70905717171 104.793682944445 59.7682584685524 57.884304209866 75.5329971429091 61.9903278470778 122.633079528809 89.1972936135473 26.0200653272982 68.8035302370305 76.9284454087262 23.9932345112729 49.6330070190447 35.9120309342234 100.553113020193 124.268573473641 104.529587459935 69.1840559130143 143.127319335938 131.501934469536 64.1159618597182 135.308903258285 74.9535052709191 53.368018446417 62.9490876101343 67.6780637461624 95.546158310152 123.146104712153 40.7867767990505 107.478918756315 76.5065433608059 82.8870314708971 70.1396221265544 126.460072723769 154.294509887695 84.7838134765625 165.469227069799 20.088443509213 55.82794173703 159.49967956543 0 169.751434326172 147.260088218479 167.873936641472 113.426902329715 183.431479834227 117.048622131348 120.339164733887 75.756739566962 223.305938720703 127.496978759766 93.5127988497995 77.1919079876835 93.0700203586606 70.7931277337481 0 114.475987942427 49.2416171594785 84.2223176479827 105.134274387501 49.3762338036635 66.441849306298 61.1535995718942 123.822840513147 0 119.138571266988 99.5613786034078 0 0 67.1599770088718 159.1194072613
100.160205387562 45.6255534323736 0 125.954842960602 134.148630999299 122.594942719244 94.830320313901 117.87261493729 104.188926194947 127.722937521327 87.4287435688175 129.880665400554 96.5191208660893 114.35404758654 142.102819670653 75.9135657950644 42.6671787290366 84.5800723768844 62.8397614188678 188.135848999023 61.5587863809499 58.423059082236 33.6919693734138 104.053241777199 74.2986293626536 28.8320420989992 39.1175211792416 83.1288881633896 107.659138915332 76.1843606773842 94.054397527837 144.493107881982 105.044612518075 61.257729363 147.8222812504 72.056995108586 51.1070774726565 59.2595886817756 63.7350299786212 93.7015286138538 112.972695992534 94.8554558083362 124.718084869306 110.953323879887 113.800002327207 118.01245419474 151.016142721843 123.362663269043 0 166.810900572816 58.9801042920407 94.6547971870874 0 0 231.030456542969 181.860612528149 195.986808114761 133.414388817987 198.817814427327 132.151408633937 157.94753929455 129.001009590733 189.654353234798 171.060241699219 122.591256974312 103.882294992958 132.975780191906 115.719138190796 0 141.854329962734 82.6403170703405 115.236090617536 148.970130705371 96.2406779126581 100.755507312464 94.6526603069114 153.955252624838 190.059703565021 150.24841993032 164.091567993164 0 0 114.321041274559 146.450012171591
93.3614674918246 0 125.954842960602 0 100.259567260742 65.6711169611526 54.8152633767747 95.9409795794122 63.0174069843103 18.7959429432675 153.733154296875 33.390713911165 0 106.943351671057 78.9706068920955 90.2040853193467 0 0 168.846969604492 9.95239771182069 100.918167716061 93.9950898976572 120.816977651764 21.7882296839456 0 165.506567012499 122.699927972686 16.7770608768767 113.13334507348 118.04826180973 0 136.00730320179 99.406970697936 113.852716652811 52.2483266095307 106.036687119629 0 110.542665274436 112.194017517264 83.2547186631016 118.602067232003 143.451263427734 191.052356952149 0 190.436253196055 0 111.449414097833 174.296259493289 210.417449951172 206.596252441406 0 183.183822631836 94.9316001381116 0 141.557026998979 147.847933117378 176.901670982976 90.8186568024885 75.8552904695487 243.721710205078 29.6927925346933 0 191.494374448109 123.889787017534 150.290850761413 0 0 0 30.481274351921 0 164.124515798141 180.380271777073 119.418468905285 0 0 170.267530094376 139.620428933797 184.902978131641 194.497134323043 0 0 0 173.33936151593 0
74.1843882901149 133.410719363439 134.148630999299 100.259567260742 0 10.9905875576965 112.289733938076 29.1295300342892 53.755598983057 119.909171047964 57.6188303858042 60.3664045208591 63.2708582807627 29.9140519469989 12.7403521503356 145.798038637976 125.052796915349 120.455284118652 0 118.498217845241 151.197105748935 107.979017584466 154.794988649173 86.3492687802355 0 156.256280681536 131.54808372422 138.014018040497 30.9026883553726 117.25179225613 0 12.253588090732 0 16.9556427688458 41.6496139723742 68.3145974902367 58.419288507005 37.7790683968336 37.9690997030315 11.7941696718862 9.86362736050841 53.3572311401367 99.419096907102 0 0 47.5781036856613 49.7410134004916 51.3102493286133 76.5163421630859 0 0 0 0 29.0672204792472 0 0 0 152.861145019531 0 0 112.755782524629 0 0 30.3679904937744 0 0 0 0 165.223236083984 0 0 0 138.069100997759 0 0 184.635986328125 183.831367880463 0 0 0 0 0 83.9133426103578 74.7969799199159
77.7352224685011 146.219097489497 122.594942719244 65.6711169611526 10.9905875576965 0 55.9541694302395 26.7423052678877 71.5077947528044 33.5228556701162 82.1467625867538 35.5462094469857 82.9480659252253 46.0465054332056 15.8441189401675 125.503586576951 130.901872954966 126.713029196544 145.016535146791 51.0969822360148 103.656512814438 117.311570175973 110.849297273845 76.5461723095476 93.7741460398336 137.254421504971 140.260740313756 78.7664019395495 44.8652555572221 87.888283525576 130.412324099392 20.6490826805199 86.4114137592496 34.7438317011794 15.2674656930382 87.1210538169331 107.559548052837 66.0395258428257 70.6420287330548 20.9388826962269 21.6084663900995 91.1342169254282 184.292529181118 176.86018149917 184.148555469845 191.614340076626 119.476918207218 200.384948553268 242.514602661133 168.34509950863 187.176250464027 185.581935769052 149.719749000068 204.008263995497 170.409787131025 149.748728049152 189.151530734807 101.527105099557 160.779923192317 242.259872436523 118.526787390088 156.238616943359 188.526010472171 133.481682399366 150.268247959376 204.598262678562 0 0 164.812402858881 173.163342974048 145.653882038664 174.727470023808 134.713711027983 0 203.137589319427 184.18055371664 152.71957270687 189.853495181052 163.509940499399 0 242.29760451833 193.913294362075 189.728844987507 158.105419016404
33.3198223367157 117.258124852083 94.830320313901 54.8152633767747 112.289733938076 55.9541694302395 0 57.8761435095408 57.9080387387224 26.3447121500199 139.007176603438 67.6054759632589 138.748354517553 42.3066799339747 84.9493590505182 85.1937880577902 108.156153679194 162.580141183927 132.810367913581 65.708452237625 70.8773739439997 82.3296183072165 83.1167358698541 51.6869218224953 143.544215665967 118.710491094434 107.887510814773 39.1486575027469 64.1457441247368 31.9611017353365 159.771059526676 125.277775095487 69.7904314480868 86.5779310844114 122.850515070309 85.3853790244435 104.719318144742 88.9110738268484 90.4576069185141 82.9594037390548 93.4812329035445 134.667590387432 159.014221356564 175.001646856357 155.918833582611 163.248066599191 135.700261651083 171.462689664252 0 147.561081292847 152.899603645653 163.619735088128 146.753921857966 158.589969275455 155.713264408879 129.7816180053 163.689399446748 87.8369315898236 144.135129567422 241.528730267232 116.435448181534 222.532348632812 170.219471086871 117.285379546702 138.570560446719 179.019329518432 203.169021606445 173.641494750977 146.694176565535 146.743499669937 123.373886836408 155.869110777945 116.415050118362 0 198.303491149001 155.952855937913 128.242520206181 163.84006738113 146.28527781467 0 194.062418712849 147.131253042477 159.673828607204 164.296941221818
39.7313163469123 144.361426588311 117.87261493729 95.9409795794122 29.1295300342892 26.7423052678877 57.8761435095408 0 93.1980681526205 39.2706132434951 83.8990131143776 67.6275974935365 75.9696666736053 21.9377074589225 44.4634355135326 124.255173261866 124.214948358209 141.635521644704 137.168719986674 81.5886045471408 102.617810363419 111.22775368015 110.402468489204 96.562141391864 123.823364293826 134.941534642754 142.057791983636 92.5415135236946 51.1721051974461 75.3454141111089 150.611316747259 26.6417277685667 70.445777167986 56.3916880202902 60.580853517622 79.8865580775556 105.494916103184 69.4936887689781 73.6691492905977 38.2320400609642 37.5781563755967 69.5880327545801 173.914922814612 208.287551879883 187.273445525185 155.773487155415 172.797646935086 176.60918570572 0 190.796864248153 170.343686490028 194.148645870816 170.725067056714 0 199.663806830004 167.042884763859 211.332250175759 115.989633121216 183.9285292656 225.120986938477 140.789581725644 0 199.390624242681 128.311879618452 169.695340749392 188.76383972168 0 222.04020690918 172.801165283186 168.211724930034 150.637921133205 176.603230729148 150.673926425366 188.620768446921 185.943699754848 181.486438023814 161.811451795918 194.835369228656 171.101280929663 0 224.91374206543 177.848724659488 177.747049432433 166.896859008826
78.5293868716142 66.3182208938117 104.188926194947 63.0174069843103 53.755598983057 71.5077947528044 57.9080387387224 93.1980681526205 0 73.2745631327992 130.761747698092 23.887414578117 118.853624661506 94.5004199180607 24.7112242167785 67.1846536347746 120.372859860865 133.934006559724 128.185414779645 52.4251389705907 79.1237134939675 28.0440097029175 97.0674613896932 23.8852902025844 96.1845301195173 118.567563553193 94.9478509355402 54.7555482729202 84.6919881342558 70.1991527098734 134.935707102843 136.997280569498 71.7035545913672 93.2584187497805 121.713663916666 80.902909673134 107.818209160368 94.7828183012585 97.3078274928256 27.3545335202081 100.487021025638 121.602422673851 103.45489423264 120.167962244619 107.386124013159 108.03020136021 44.7013526767331 118.180574010051 0 97.7423476008523 105.314493909779 136.571274040946 95.6866380332727 115.333428746284 99.174373678478 77.9669687559207 114.172236228288 24.6419253926142 89.6297245008804 156.076082650402 52.2192784165604 179.942172772048 122.948173149372 54.8200301194957 88.3292678542039 161.08447265625 163.012565215707 155.03289656739 88.1380468240068 84.8455749864373 56.4971758049455 99.1934767169138 52.423338054369 0 145.251085536061 122.211651733268 78.689363055387 112.395268986288 78.3276064828012 0 148.757174249266 95.3937580731051 106.788567693827 158.850787397908
84.9267274833882 159.358228214988 127.722937521327 18.7959429432675 119.909171047964 33.5228556701162 26.3447121500199 39.2706132434951 73.2745631327992 0 143.667031322395 21.1209440881169 139.802276863525 59.0444740408304 81.1408178014326 105.185563035332 152.970233839569 205.613845825195 171.975606860509 17.1960985326027 100.320674552743 100.867952609314 114.40073483721 55.8119411001908 150.416482598434 157.77824377747 131.687685991068 35.5184302419864 100.865927355256 96.2363959860965 0 133.097574616193 101.419497709652 103.040608104842 37.6947412528969 99.6035709922299 138.276690490302 97.5450075007645 100.902989907622 86.7423085991617 104.142916514964 143.873796485965 180.236529384887 0 182.683720914947 177.547564113947 127.014303946275 183.355612724959 0 166.846012517325 173.740127563477 173.028810027685 38.2846246271262 208.666332615281 173.403885772021 146.085442845017 184.933290141128 104.882313828585 159.000078930595 211.030670166016 105.818349473416 0 191.206552576931 132.075964484416 171.214257074834 235.947723388672 0 0 159.48518482159 154.994767058226 149.013941884692 180.601986617394 129.093584237035 203.435546875 0 175.715968325641 148.63131575729 179.633346802477 157.87345664473 0 213.353286743164 171.224688581586 180.636363391802 159.505801019585
109.658401958444 68.2380187673837 87.4287435688175 153.733154296875 57.6188303858042 82.1467625867538 139.007176603438 83.8990131143776 130.761747698092 143.667031322395 0 136.603337691768 21.0124351929748 79.5688780772702 113.223938242915 139.067806316335 55.8984080264019 21.622333531121 27.1365496708238 144.688171450136 102.870895485775 104.831813913197 97.1362954890226 150.594107277219 35.0065522275481 21.4394316925594 57.6836992096151 146.689275277416 70.2494809378296 120.160796782675 19.9961388151525 64.5182983368129 99.2350917161153 25.5241046829806 127.043088692515 82.2814907445844 27.0139892322068 28.653746600234 61.0456297722712 66.7999874979448 58.0753818094573 14.7911807495399 160.625783831983 140.320205688477 141.213505211385 127.717269897461 0 0 0 0 74.2664300157395 138.832874110088 0 0 0 219.968324358317 0 0 0 96.4229776354737 0 75.0132284487303 0 0 180.501367562739 163.777437388522 106.485696385089 116.734227448312 0 191.863830566406 175.78510052695 193.401724596812 191.733038932714 72.5669794787952 106.314728615925 108.504168705298 221.336483806046 219.089336459724 176.413909912109 106.35630139819 0 0 137.634416847064 181.555489426748
111.863614589778 103.905615891642 129.880665400554 33.390713911165 60.3664045208591 35.5462094469857 67.6054759632589 67.6275974935365 23.887414578117 21.1209440881169 136.603337691768 0 156.937584338574 96.9456315070754 22.7205800376666 130.37536764177 175.484371382324 170.347047482282 166.591518410786 12.4148582945504 138.193671570807 70.8521261456772 175.40677759874 27.9677091189186 143.083037805586 151.394682111775 135.588516943366 54.0644484600177 103.687578544965 127.072690425563 151.252487182617 126.19043622688 95.3839336587543 105.678551592388 13.6132776612256 98.3277532783519 142.819610036652 106.071071047363 107.970434497831 27.1794252936332 105.590188467392 150.443928849987 192.48490893385 0 182.909869349853 162.08935546875 74.0515882666965 213.03840637207 0 177.323272705078 0 0 35.1437830599339 100.012023925781 72.2766709434249 121.543948656252 175.372177854528 59.0406775714805 41.9449597438097 0 20.1163073870959 0 150.910965119399 83.2998126462474 124.305611791303 0 0 0 20.0662262474758 194.102676391602 114.227664288474 202.950522702747 73.8412834686297 144.504241943359 0 162.664963604929 112.55510991006 181.082638451524 174.25146484375 0 0 0 168.849678022299 141.287048339844
91.085109242292 47.9066892678704 96.5191208660893 0 63.2708582807627 82.9480659252253 138.748354517553 75.9696666736053 118.853624661506 139.802276863525 21.0124351929748 156.937584338574 0 83.7551764025789 123.737985211387 122.765264942091 86.3312491802921 46.6450485483098 58.3894125173574 0 121.356634973622 82.8343095362765 116.745921297944 136.086865864894 19.5524246991046 24.2389418031333 33.4093635115166 139.759186264271 83.710276961515 127.340685487733 8.90219961329002 66.666289796226 87.8380486266948 30.3907543237876 73.0405684195203 28.759838277438 20.6877800149009 30.208076371846 17.4367446555908 47.6523945151886 14.4435582535882 11.4930824497356 88.9753419962015 100.131933878182 116.979875228497 97.7436528314095 0 0 71.7586524323919 196.963500976562 63.9851892204862 129.413926644936 0 0 231.106430053711 211.283126831055 209.084106445312 110.846088180625 0 85.588089982252 0 60.8531022861532 0 46.9847288229904 193.205429077148 119.659813278908 91.9904127319929 98.0736136884543 0 0 88.252209069834 155.344260890432 159.1790938458 52.5270836206919 89.9807729020331 91.4537620724001 197.827385416222 0 175.979141235352 86.2279504016623 0 0 114.123098700946 81.3389002096942
16.1330467751072 141.70905717171 114.35404758654 106.943351671057 29.9140519469989 46.0465054332056 42.3066799339747 21.9377074589225 94.5004199180607 59.0444740408304 79.5688780772702 96.9456315070754 83.7551764025789 0 59.2495390564336 118.51434733728 121.687375842417 125.181301548609 130.491857425687 103.630379775947 98.8954014618458 109.426608568496 107.628917805718 97.8884838906391 114.650623495688 131.323093556843 139.180421626612 95.2594214516916 26.1619833901272 64.0521598044908 124.703680856954 23.0603944582111 42.8725633677394 55.094811214684 118.715052813211 71.9940079242501 95.6794338164893 64.5484426352367 71.3510051421068 47.6174134565612 45.4555909074494 74.0984680933073 168.658195002804 147.582920989978 190.813299483643 183.345222581233 175.885882740203 0 0 180.746949109813 182.335482953677 177.789941013755 198.430404971387 0 204.482541546201 174.636228330644 202.436461929683 119.328455812564 188.930515842054 150.233016967773 162.50767368808 89.3929290771484 203.884900527619 109.388854980469 153.904078891174 166.255325317383 161.595113672974 198.730667114258 196.952453613281 158.3655825641 156.368374976066 174.15687664433 155.396592002305 0 195.962100713968 178.578596581429 162.219204502887 195.286852655949 175.278585760679 0 0 163.491275514732 188.071859143093 137.876738330169
57.3823153714078 104.793682944445 142.102819670653 78.9706068920955 12.7403521503356 15.8441189401675 84.9493590505182 44.4634355135326 24.7112242167785 81.1408178014326 113.223938242915 22.7205800376666 123.737985211387 59.2495390564336 0 108.052842819461 153.270037769244 172.727966308594 173.89563022426 51.0294325066543 148.66611718051 76.8258762076119 119.611618670496 42.3608076972053 131.093114736629 149.174819384499 128.07949897101 83.9720946406289 54.6584177813758 98.1919038008905 173.497451782227 40.510366603355 101.111085466789 48.7546390178752 44.5687632976776 43.8959609484558 66.7232719031825 83.155937614818 40.0962874616289 10.6479280719188 30.0873800874432 45.7454528808594 84.9524414944232 74.2388947156712 113.865186026775 50.7273994238379 67.3049723309188 147.607788085938 0 150.228729248047 0 158.792068481445 120.204046262596 31.6169272687709 136.394766913663 122.784595568177 170.699033457563 65.2344902818731 122.442301558457 0 77.376125746294 238.874252319336 169.158306381872 59.316447061731 134.914480663487 0 0 0 158.420167794064 103.93620300293 0 143.743637084961 86.6194992053911 0 98.2161483764648 150.504022732563 113.668277871882 0 0 0 0 0 97.1575501718959 68.5062913697817
106.052985736724 59.7682584685524 75.9135657950644 90.2040853193467 145.798038637976 125.503586576951 85.1937880577902 124.255173261866 67.1846536347746 105.185563035332 139.067806316335 130.37536764177 122.765264942091 118.51434733728 108.052842819461 0 94.643236577039 144.061028486312 113.867907855361 75.9417190551758 19.5708672391237 35.2264606015546 18.4764382903698 31.5066298818238 99.6674837917184 103.226226313843 29.6559056589881 34.3071822226601 95.597607824696 77.8343539610979 136.427940097457 169.246096266594 78.2216056649203 72.0958903091134 145.741408443414 75.8660368927071 58.441715985556 76.331062220499 82.6265357917817 86.9533665071575 98.092782137996 0 119.191518858395 95.8128672836766 116.913247320776 123.214992935411 127.138685053486 139.518510679243 146.334930419922 158.180418303462 92.6663076507335 109.298843527586 177.429397583008 0 192.429815431196 142.194211800415 193.717534835284 89.8427805047632 169.718229908569 151.311325047699 0 196.137710571289 147.707126663559 131.189917039365 78.8227882690198 139.224418699912 181.643037343499 140.375895351957 190.016296386719 85.3922622460134 64.9538419491489 101.233338364539 110.41888817605 145.214828491211 137.365190149316 99.3247705421677 103.670683411675 149.376175272141 123.69115719596 178.236923217773 0 145.830881966926 116.985899365771 158.965675383462
103.304589746265 57.884304209866 42.6671787290366 0 125.052796915349 130.901872954966 108.156153679194 124.214948358209 120.372859860865 152.970233839569 55.8984080264019 175.484371382324 86.3312491802921 121.687375842417 153.270037769244 94.643236577039 0 59.9864620358266 24.6607766661443 0 52.7055066347773 80.3687815794356 34.3553261522911 118.58599212074 70.5860955229777 36.9014512597914 65.7365955932541 103.91049277383 104.546325138965 71.2096378545388 87.5321938738313 122.909009308901 92.4236756794367 35.7506304969474 168.002831754462 82.6371862392639 61.2651413926448 51.0950541081014 67.96384786805 107.166482614335 101.072667098465 99.6279065905807 136.675529349595 120.97619189091 123.459378972714 135.225825264619 178.710753187297 175.286626646198 0 0 66.4379854779856 108.383313581889 244.199142456055 107.957794189453 0 188.57672093128 203.321231223902 138.422711895587 239.408752441406 134.273003582939 0 132.9743368172 236.717498779297 0 136.605306545412 112.120012489237 131.113815223719 120.587270482258 0 184.40762304035 86.5275905828489 140.831624643073 163.725077650696 102.78151555953 107.174552259426 109.575553116486 186.662832653452 187.59396208992 176.655400851241 0 0 0 140.846896763754 159.800223508221
136.543244088896 75.5329971429091 84.5800723768844 0 120.455284118652 126.713029196544 162.580141183927 141.635521644704 133.934006559724 205.613845825195 21.622333531121 170.347047482282 46.6450485483098 125.181301548609 172.727966308594 144.061028486312 59.9864620358266 0 17.4301859345298 192.133036700622 109.224546474792 105.887788121001 105.908858050907 156.823938044834 46.6515614174055 28.8938826940584 64.2349067112794 151.952932886005 127.391078084885 124.469451677585 50.4162553767049 92.2868746930427 136.10794361811 57.3031749050323 183.862167358398 94.0685267107625 53.0404917644635 58.6462982396556 75.0668853835831 90.8462886784494 108.470142317049 54.6007449513188 117.659744262695 111.97895588852 115.6804176287 0 0 0 0 0 80.2186604338279 155.337387505692 0 0 0 0 0 0 0 109.010682782812 0 84.8652732178501 0 0 0 153.940248049705 118.203322225606 133.006617035946 0 0 100.435920715332 151.978404747183 188.684768676758 73.4911411846461 109.460024706047 111.77884641151 0 0 0 114.296229092228 0 0 197.066494390619 166.912279946644
118.394258890913 61.9903278470778 62.8397614188678 168.846969604492 0 145.016535146791 132.810367913581 137.168719986674 128.185414779645 171.975606860509 27.1365496708238 166.591518410786 58.3894125173574 130.491857425687 173.89563022426 113.867907855361 24.6607766661443 17.4301859345298 0 0 83.5138972706727 98.7877790710266 77.5217990369431 138.02223169092 47.260449222133 29.605953897861 63.0399590555299 130.214435541013 121.633910517651 98.4777908911705 62.7200038108853 100.691897893261 121.542099661696 44.4382086381348 148.062806667782 83.1051239601345 55.4626764512232 55.1429595842219 68.1478636585496 112.196348460692 107.440025743791 72.5757464456443 137.777570246122 119.334248983979 126.54499438083 119.811448429384 171.003463745117 0 0 0 75.2463564899634 132.7170481229 0 0 0 230.791813585204 215.858474731445 0 229.567642211914 118.561637758378 0 89.1105919246364 0 0 172.187057495117 125.719178294172 110.661881538106 105.933117014874 0 162.703170776367 0 166.093253136103 181.234847213504 70.4287822760063 103.692367047297 107.237504850277 181.701095581055 0 163.955644828813 109.17252128535 0 0 99.8605056186753 153.145526448024
92.8569582724632 122.633079528809 188.135848999023 9.95239771182069 118.498217845241 51.0969822360148 65.708452237625 81.5886045471408 52.4251389705907 17.1960985326027 144.688171450136 12.4148582945504 0 103.630379775947 51.0294325066543 75.9417190551758 0 192.133036700622 0 0 92.5183229488069 106.812819767749 155.80498177381 14.8640508772649 143.992324829102 187.593414306641 154.39075643389 32.9762483870534 112.109402026729 122.384713850035 0 136.676926162478 98.29803198832 111.091245934992 24.4998733699268 106.543116415607 142.103515625 114.970075651133 109.117305521848 57.7811335578509 110.235470318015 143.583195356341 196.941954314487 0 193.787443922522 236.409454345703 97.9389265575439 0 0 0 0 0 22.9061023409392 0 170.383951810716 146.323111045488 169.793911272902 90.2381274562259 146.364598746073 0 31.9558979332252 0 178.477087024211 120.261204170997 158.29950163106 0 0 0 30.4635091195989 204.334023838333 0 0 96.6410091848135 0 230.85595703125 200.698391546555 127.693930803779 166.374540912943 185.289168922309 0 0 0 175.836874911675 151.9794921875
83.6356909302506 89.1972936135473 61.5587863809499 100.918167716061 151.197105748935 103.656512814438 70.8773739439997 102.617810363419 79.1237134939675 100.320674552743 102.870895485775 138.193671570807 121.356634973622 98.8954014618458 148.66611718051 19.5708672391237 52.7055066347773 109.224546474792 83.5138972706727 92.5183229488069 0 54.2589096128697 32.7727214654253 31.1312906113896 111.902995634603 86.4295876169622 73.0529666186549 32.2136307034663 86.3710849491369 34.0119468206179 129.088717118121 152.785413104894 71.516016181744 45.3252165517673 134.082978319397 71.7703697855071 61.037091685773 63.2868630719762 75.7141731275068 84.6125576755466 97.5694690412421 131.125851830345 137.079460634671 125.444281842954 136.37099516442 138.135378683792 142.670492728727 176.534769816873 119.340728759766 162.948380664384 86.7790255711208 128.364068503244 0 0 201.883776300403 154.039772908618 176.521567324155 83.3057069675304 163.848285107005 234.019912719727 0 0 155.998528284948 130.140948021256 107.411823098223 145.366839491288 177.013962397545 181.465664714305 231.143997192383 113.308207356568 93.8347709630969 118.679683413208 116.47804865423 0 152.476450117328 125.375593857677 120.80472651299 146.596993281544 117.68789615282 202.474456787109 0 130.537473531236 128.833246764109 153.904647871853
84.9073865166564 26.0200653272982 58.423059082236 93.9950898976572 107.979017584466 117.311570175973 82.3296183072165 111.22775368015 28.0440097029175 100.867952609314 104.831813913197 70.8521261456772 82.8343095362765 109.426608568496 76.8258762076119 35.2264606015546 80.3687815794356 105.887788121001 98.7877790710266 106.812819767749 54.2589096128697 0 55.1692316568 32.7349151319338 60.2464246902119 83.8770553400303 45.7416258740214 57.9743321044443 93.2513893791817 69.5980251774144 99.8183594513106 150.453253339395 70.180590727979 65.5487820973318 136.733508205235 68.6955926800153 53.9462433891027 70.1546680906563 72.9543755294544 75.2369570776721 96.2561165745268 59.0790183011378 100.266493005644 79.5150022152343 100.519638022548 93.8787842733256 98.5419429830651 0 79.0788497924805 125.644767738342 48.531637401674 80.8130890783077 214.606891690275 0 137.299441126163 135.226628939413 158.607730751283 33.5014975190767 147.192893546331 171.297415362196 85.0141143798828 111.927345201137 149.05577891974 154.138473510742 64.3514749167653 97.8603053986636 137.880286826286 117.584947320205 0 77.1157253276424 14.009372388155 83.9228516834795 73.3456063619383 81.3151946549407 115.287524720374 80.9220984817207 100.766332173245 145.263628123435 87.1380821638452 0 233.800231933594 93.2342890715698 94.1553730399274 149.993923888059
91.016929186338 68.8035302370305 33.6919693734138 120.816977651764 154.794988649173 110.849297273845 83.1167358698541 110.402468489204 97.0674613896932 114.40073483721 97.1362954890226 175.40677759874 116.745921297944 107.628917805718 119.611618670496 18.4764382903698 34.3553261522911 105.908858050907 77.5217990369431 155.80498177381 32.7727214654253 55.1692316568 0 72.2534071754169 103.410468363237 68.1242181411423 44.1181166303832 55.3751510030494 96.0717920290885 56.3056146927795 118.593863547627 154.51424151045 80.7485382086064 51.9580853158244 140.477910550478 72.8796374892359 52.8482563637604 63.0774011039284 73.3340644132237 85.1186929857926 106.966246314873 110.899602166027 125.208042899843 109.763414423121 123.276902906732 125.278979957015 135.752103541088 135.711242675781 146.742815173876 151.406642812595 88.6840793485268 108.374092975705 0 144.065907972462 207.831698852896 159.989329709053 188.929659325773 112.245807128823 188.079858343835 171.721622687904 214.235928665915 168.529108955491 184.074572783237 134.749825961149 100.165804753443 125.685524658241 178.201377152432 151.096770711145 187.452621459961 124.373831926947 73.6826229553856 111.837019855474 128.911811720474 128.825721670887 135.891661153229 104.316276144308 136.962561104846 170.349329974357 136.188124046154 0 0 214.120927885371 121.032839953086 157.588289476917
78.533161758972 76.9284454087262 104.053241777199 21.7882296839456 86.3492687802355 76.5461723095476 51.6869218224953 96.562141391864 23.8852902025844 55.8119411001908 150.594107277219 27.9677091189186 136.086865864894 97.8884838906391 42.3608076972053 31.5066298818238 118.58599212074 156.823938044834 138.02223169092 14.8640508772649 31.1312906113896 32.7349151319338 72.2534071754169 0 106.65915181992 131.471207537313 80.535310371116 20.3749345901639 87.8748604275583 69.4261394042303 156.65139838967 138.374628425791 76.5138573505529 81.9214885177693 141.855774087638 79.6405214371458 100.073932186753 90.4804481382947 89.6957149855971 55.8412171764308 98.8305919776758 139.400953358754 131.184252806039 148.447394418804 136.305718949085 135.815750359585 95.9265975905247 154.470340485296 208.617802821842 125.480106932257 106.062433328829 131.094405291763 87.9753123911307 152.666692726241 136.535796957058 113.220762965201 147.585056196921 54.267706547403 124.130586095874 206.983782873672 80.7989807243147 147.230590820312 148.012464467262 109.51695485148 99.8925771796501 148.052134066424 0 247.877380371094 57.034167427976 105.756834178899 92.9553898045447 116.941583199499 65.0214830512042 176.880364767267 159.627374899684 131.321255937091 108.191740232461 144.622383150434 116.154853524813 199.423522949219 194.56395099473 125.039000011458 134.809755919287 169.153035863576
124.726426803513 23.9932345112729 74.2986293626536 0 0 93.7741460398336 143.544215665967 123.823364293826 96.1845301195173 150.416482598434 35.0065522275481 143.083037805586 19.5524246991046 114.650623495688 131.093114736629 99.6674837917184 70.5860955229777 46.6515614174055 47.260449222133 143.992324829102 111.902995634603 60.2464246902119 103.410468363237 106.65915181992 0 40.6936851637476 26.4107885257821 130.16118738525 115.561298576515 131.061507483889 45.2017718663401 111.993867736 178.838592529297 56.4966685156697 147.141983032227 86.5576613068005 21.8478610197153 50.1937203473984 70.1714479933813 127.856853819569 95.0402285633585 15.7567605737049 117.180071872241 67.2599193144586 74.5792306241973 85.0119859975153 0 0 45.7901000555258 0 33.7546384971571 114.331611702677 0 0 0 177.677551732706 104.871904366512 115.977400432637 0 57.4900493172567 136.922348022461 38.0704906473429 184.913757324219 0 125.309552930501 90.0830843639774 68.742759881678 75.0129123173132 0 131.321624755859 77.1373974766478 112.725062563247 151.717670506273 24.0076369176191 64.9871202379575 67.1847238688189 180.528569795273 201.255111694336 99.6005783081055 72.4937056804924 0 0 91.3343466881552 169.209638237862
118.927049745691 49.6330070190447 28.8320420989992 165.506567012499 156.256280681536 137.254421504971 118.710491094434 134.941534642754 118.567563553193 157.77824377747 21.4394316925594 151.394682111775 24.2389418031333 131.323093556843 149.174819384499 103.226226313843 36.9014512597914 28.8938826940584 29.605953897861 187.593414306641 86.4295876169622 83.8770553400303 68.1242181411423 131.471207537313 40.6936851637476 0 32.9922815916755 115.777005779466 117.138081215873 95.2050634954943 19.2968740955064 111.512539759289 119.516297756792 58.3036035289299 149.484037848812 82.8688441640198 54.2161692171736 59.2558985589646 69.350622291677 101.845996262623 106.065267665505 66.8877648081606 137.59213741545 114.590788592596 113.608841348441 135.766008332896 130.055711097004 0 163.437515258789 219.490476031572 60.0630307103184 110.531172493862 0 0 0 196.037307947002 221.257739564068 169.366162222155 241.942092895508 102.366490812397 167.668938115861 81.7461783829344 176.765956708266 105.590288173178 163.974490385825 106.896096328545 101.256952596766 104.805631259773 0 151.038052292322 115.993209166585 144.197153091612 185.472890837317 65.0553593848429 94.49064234722 96.1499354394278 171.867190347907 158.021948154111 167.284628764971 104.350418243178 0 128.187271118164 117.258978672921 135.06819987112
122.582401671771 35.9120309342234 39.1175211792416 122.699927972686 131.54808372422 140.260740313756 107.887510814773 142.057791983636 94.9478509355402 131.687685991068 57.6836992096151 135.588516943366 33.4093635115166 139.180421626612 128.07949897101 29.6559056589881 65.7365955932541 64.2349067112794 63.0399590555299 154.39075643389 73.0529666186549 45.7416258740214 44.1181166303832 80.535310371116 26.4107885257821 32.9922815916755 0 81.037344766354 127.129881772566 103.778905704135 26.7755828352252 132.019857831011 112.71857213577 66.1170120182782 150.768933816828 80.3383862769341 58.7256851676927 66.1690772568698 73.4640828829783 95.5780936022622 102.164898181272 63.9937883110061 122.94802065433 100.962251692722 109.89182991547 114.082045040399 134.670035197596 148.190981757183 121.868039860825 166.341657729014 55.7926842240168 94.3930604555888 0 182.337066650391 204.560143023688 156.591699994999 182.564099787452 127.639868524758 180.770675312234 104.715377489356 180.638542782347 84.3737778218323 180.623730109738 140.049935255919 106.913654679465 103.933284654907 108.995346510692 106.831438777938 222.107952361724 133.499816091008 59.4815154551938 106.354263096628 138.819616042651 68.780852919024 96.1670552077332 92.6063585480809 149.805690818365 167.07140030543 142.073252673396 107.789408600369 0 179.608235553423 115.565396128105 151.341811254193
80.7930783052042 100.553113020193 83.1288881633896 16.7770608768767 138.014018040497 78.7664019395495 39.1486575027469 92.5415135236946 54.7555482729202 35.5184302419864 146.689275277416 54.0644484600177 139.759186264271 95.2594214516916 83.9720946406289 34.3071822226601 103.91049277383 151.952932886005 130.214435541013 32.9762483870534 32.2136307034663 57.9743321044443 55.3751510030494 20.3749345901639 130.16118738525 115.777005779466 81.037344766354 0 89.5918407759019 44.50239295372 156.952074546322 142.70728035958 74.8043171199585 72.6361601307035 135.027083366618 77.5353652421477 87.6237390514398 85.2752701821311 89.23686136489 90.1286764484752 106.061089472454 138.171688039761 142.400942683358 148.924818765454 147.493452980009 152.569291658106 122.983124674477 163.189112424624 164.429885864258 140.282302125203 155.026306405021 143.035670206507 73.1795538382423 173.272864980514 161.100072962173 130.993588576332 161.423236287153 78.5948992243663 144.585289625057 195.300834289927 104.614110771962 202.476760864258 161.583264512945 115.587525947977 111.324195529427 167.226667899187 194.537887573242 197.368797820974 95.4624094689558 118.406286284136 107.358615194741 130.176832706969 110.078744164063 0 180.284004956229 136.298935491934 119.864015541602 151.590076626942 129.153979034739 0 201.096767282838 133.995150747493 142.100630208839 159.809180766861
18.2334423785836 124.268573473641 107.659138915332 113.13334507348 30.9026883553726 44.8652555572221 64.1457441247368 51.1721051974461 84.6919881342558 100.865927355256 70.2494809378296 103.687578544965 83.710276961515 26.1619833901272 54.6584177813758 95.597607824696 104.546325138965 127.391078084885 121.633910517651 112.109402026729 86.3710849491369 93.2513893791817 96.0717920290885 87.8748604275583 115.561298576515 117.138081215873 127.129881772566 89.5918407759019 0 39.1172141924659 111.456502658313 22.5240721965185 18.1981273067393 38.8297979589265 113.726247709416 63.390272962436 83.6028473915119 49.3560310569055 60.1155811471527 51.9188965709018 38.8065627314992 60.4701143922668 160.884098281266 145.046425651161 182.761558503861 179.445708054881 169.385621661348 194.86897277832 0 177.193295358839 100.239402770996 167.690319913311 160.517881082757 0 206.533948248858 166.896909365483 190.365765276703 121.440455159517 184.732194868072 0 193.390414301879 82.6385498046875 188.391289019042 210.816177368164 145.446978001884 208.977239949127 0 0 0 142.598659550438 114.73885850124 164.23816704792 142.674913493481 0 204.207753802461 172.149332955806 154.73808132638 180.182055878087 154.494373707691 0 230.062622070312 155.328026629604 159.109803106511 120.622973097598
35.900837748639 104.529587459935 76.1843606773842 118.04826180973 117.25179225613 87.888283525576 31.9611017353365 75.3454141111089 70.1991527098734 96.2363959860965 120.160796782675 127.072690425563 127.340685487733 64.0521598044908 98.1919038008905 77.8343539610979 71.2096378545388 124.469451677585 98.4777908911705 122.384713850035 34.0119468206179 69.5980251774144 56.3056146927795 69.4261394042303 131.061507483889 95.2050634954943 103.778905704135 44.50239295372 39.1172141924659 0 167.085603550161 114.482267420821 49.1386473796617 40.1377355528239 133.016516268776 67.9611458981979 80.4030264435312 63.568351822519 69.4408697979428 80.3880693899955 87.3098202444653 86.2227856462552 147.281302830273 168.048809906629 154.556829791925 155.399332237601 149.483009503012 162.809651540006 0 138.324969684426 103.689777734127 150.055377083421 0 0 178.534891158026 150.141629705713 170.019819063082 91.8846669625217 166.965157723333 159.940322875977 172.280220624839 143.076705932617 167.952266855802 126.763496398926 122.082740313625 162.69195437734 0 175.289242535696 197.660250114061 128.166354361418 110.699731287096 138.021271196575 120.388176140497 130.664672851562 152.143838836767 141.099193502164 129.154482798205 156.116867860696 137.31517795957 181.07498309496 241.289337158203 145.180401839457 152.287304341266 142.465725899121
183.229476928711 69.1840559130143 94.054397527837 0 0 130.412324099392 159.771059526676 150.611316747259 134.935707102843 0 19.9961388151525 151.252487182617 8.90219961329002 124.703680856954 173.497451782227 136.427940097457 87.5321938738313 50.4162553767049 62.7200038108853 0 129.088717118121 99.8183594513106 118.593863547627 156.65139838967 45.2017718663401 19.2968740955064 26.7755828352252 156.952074546322 111.456502658313 167.085603550161 0 0 176.379852294922 71.1749437900393 0 108.057465413298 60.032799340245 67.9683352179089 93.509601110642 125.443117962016 94.9837511683241 59.0658412153609 156.324576835232 0 0 0 0 0 0 0 102.998209296552 0 0 0 0 0 0 0 0 109.521756620128 0 83.1043014760165 229.961959838867 0 0 131.041778564453 108.592276298633 123.794894568606 0 0 0 187.001237554446 0 74.4428653021028 105.531369731177 111.96912573041 0 0 0 108.678416352498 0 0 0 0
83.269802630815 143.127319335938 144.493107881982 136.00730320179 12.253588090732 20.6490826805199 125.277775095487 26.6417277685667 136.997280569498 133.097574616193 64.5182983368129 126.19043622688 66.666289796226 23.0603944582111 40.510366603355 169.246096266594 122.909009308901 92.2868746930427 100.691897893261 136.676926162478 152.785413104894 150.453253339395 154.51424151045 138.374628425791 111.993867736 111.512539759289 132.019857831011 142.70728035958 22.5240721965185 114.482267420821 0 0 83.3426941206078 19.4470662598062 105.795930443995 75.25086675512 68.8371604523031 42.2656079893519 58.1964173302951 41.8012581273869 15.1515747887441 61.451247220683 0 0 210.560317993164 155.223556518555 0 0 0 0 0 0 0 0 0 219.236067696916 0 139.317413330078 0 0 0 0 0 0 0 227.249847412109 0 0 0 0 0 207.052093505859 191.282262707515 0 0 0 209.930411054572 218.943186310538 207.023071289062 0 0 0 0 122.280170296681
