0 3.65604487061501 4.82048001885414 77.3347854018211 3.86644127964973 119.452317804098 8983.76754933596 958.574486762285 301.754838436842 441.05469173193 23.3541061282158 32.5288091897964 3.49023902416229 11820.9357275069 6.45070117712021 8.63136520981789 1.30451810359955 0 5.01190549135208 82.7224245071411 30.3844261169434 38.5466767251492 28.6718043684959 445.255138367414 0 7.46428605914116 20.0632983148098 765.48101246357 20212.2125976682 3575.95546370745 0 30.2294827699661 725.239754915237 470.629544436932 11.8589333593845 397.997155308723 16.3216425478458 174.368856757879 26.0432932376862 79.8930505812168 60.7550412118435 0 28.060300797224 0.808105111122131 19.1101310551167 4.36430364847183 1.9057012796402 0 0 2.34115663170815 0 0.474150359630585 5.09986999630928 0 6.02043381333351 58.2294566035271 11.5983233749866 61.5597573518753 9.61749708652496 1.32627809047699 0 0 12.0834883749485 0.404952436685562 3.50244960188866 0.390042334794998 0 0 2.22644487023354 5.18273192644119 9.49159896373749 2.90312802791595 71.4282098710537 0 2.65761131048203 0.829251170158386 95.4879029095173 12.3731928169727 15.5972374677658 0 2.21638557314873 0.383777022361755 12.3638606667519 3.02306067943573
3.65604487061501 0 1236.02648597956 3.74579313397408 1.84301519393921 5.21620413661003 49.1833320856094 7.57945984601974 724.180529266596 1.36160013079643 356.228235065937 20.5923708379269 1374.86706453562 18.6078214347363 18.9947328269482 136.991976261139 599.267084121704 108.379682004452 525.216001719236 3.75536894798279 109.711040824652 3831.3727401197 390.820045441389 984.679307222366 3522.74730703235 2327.62073546648 9215.64878562093 229.100298315287 12.0581370294094 119.277117669582 50.8781988024712 0.353352874517441 0.664838194847107 338.412747561932 16.0123379528522 353.880190134048 724.750274986029 629.131365120411 149.644150912762 54.2123708724976 4.77759537100792 225.461090266705 27.1854786872864 57.1267668008804 49.2620716691017 17.3839941620827 3.25050747394562 3.27928173542023 11.992831915617 0.977542489767075 66.7947188317776 88.1968953609467 2.32346594333649 0 0 7.39739108085632 0.286746919155121 1.41533240675926 2.76962786912918 14.1492695808411 0.584594070911407 69.6120704710484 0.853199899196625 0 7.38188764452934 49.7042309045792 11.3470396399498 55.6094309091568 0 5.25440564751625 21.8817477226257 31.9262596964836 14.8177161812782 81.0351786613464 319.150550425053 460.393004328012 6.39728918671608 1.56593286991119 6.12095990777016 3.93648213148117 0 0 22.5013783574104 8.35893678665161
4.82048001885414 1236.02648597956 0 0.858929485082626 1.56063759326935 7.11377790570259 189.062436312437 5.16896843910217 76.1977583765984 4.59229123592377 224.924842238426 2.94777935743332 84.3240232467651 14.0706620514393 9.03780549764633 165.706241071224 5212.41395148635 60.4818273484707 756.864838629961 3.1579330265522 1594.39967861772 307.50633597374 14404.1390452981 175.429491877556 57.4710232615471 14150.4519184232 18617.3878433108 549.423217087984 11.6891137361526 636.675315827131 31.1410103738308 2.80417722463608 2.38263940811157 2246.93969514966 98.4676949083805 2997.94353282452 3213.32889053226 3963.41322025657 1687.58753415942 379.058989912271 41.7380877435207 17.758009403944 175.674211740494 142.47167250514 268.640635550022 57.6930404305458 13.0172124505043 6.14078027009964 0 1.80648750066757 217.710926175117 1004.97312399745 0 0 1.93087211251259 25.6525533795357 5.80292332172394 7.05088824033737 2.08706483244896 14.0082630515099 0 7.70919561386108 11.1691979169846 0 53.7321581244469 315.846772938967 11.4389258921146 131.604528605938 1.26074132323265 25.0278343260288 135.463020473719 264.480256229639 29.5833132266998 23.7890029251575 811.090988069773 2193.09100282192 36.9482553005219 4.0925207734108 17.0763834416866 1.84394228458405 0 0 113.215498268604 59.323715120554
77.3347854018211 3.74579313397408 0.858929485082626 0 5.99403354525566 270.494396060705 755.018150866032 97.2595945298672 934.20152720809 8671.46526488662 2.67141577601433 3133.62350994349 1.26298040151596 258.077340096235 132.384375959635 7.14926001429558 0.773825764656067 0 0 33520.9284537733 10.1107048690319 17.7704822421074 11.1328779160976 4005.94294840097 0.420153498649597 1.57640275359154 23.8007489740849 13116.5828449726 202.069418340921 77.3842453658581 0 5.1600998044014 71.083968013525 137.770752191544 9.04394787549973 187.586778879166 4.02207458019257 90.1285860836506 17.0388858020306 176.725839018822 22.1872811019421 0 15.3402933478355 0.31142395734787 21.3753985762596 1.40400397777557 33.9030514359474 1.82338678836823 0 2.11672502756119 1.87577491998672 0.673947155475616 179.957755923271 0 51.1569145619869 180.243052214384 21.4798265397549 104.633841276169 216.617514878511 0.986103594303131 243.670600056648 0.560251951217651 31.7327358722687 5.63115751743317 1.44955757260323 0 0 0 176.756900161505 1.30832010507584 3.39531722664833 8.53885608911514 207.594816923141 0 0.389787763357162 5.51118406653404 317.798700928688 4.00681447982788 8.02838400006294 0 0 5.04461848735809 12.3803226351738 3.79216539859772
3.86644127964973 1.84301519393921 1.56063759326935 5.99403354525566 0 1516.26495707035 12.591060847044 362.206496566534 107.36451458931 14.1931333839893 19.1826419830322 38.2547690868378 0.432775408029556 111.044853299856 1513.75222837925 0 1.1015350818634 0 1.66447174549103 10.6625120043755 0 0.643369078636169 0 25.7602488994598 0 1.28684866428375 4.00985607504845 13.9218209683895 271.96033141017 7.00440809130669 0 1132.48758286238 3.25356203317642 692.566113829613 1.18133234977722 50.091998398304 1.36732220649719 32.6193611323833 6.74123638868332 3129.10952407122 1673.4168458581 1.11123561859131 0 0 0 0 0 0 0 0 0 0 0 0 0.944919764995575 0.975143224000931 0 2.19341424107552 0.638354420661926 0 0 0 0 0 0 0 0 1.24201130867004 0 0 1.63696479797363 0 2.38599932193756 0 0 0 1.85831296443939 0 0 0 0 0 0.326575309038162 1.28222060203552
119.452317804098 5.21620413661003 7.11377790570259 270.494396060705 1516.26495707035 0 2195.31513270736 23047.9839516282 638.560311853886 16736.4820377529 146.022460073233 9381.58719399571 8.17812776565552 3347.06311798096 1506.30264472961 6.28559240698814 2.5892014503479 4.90001475811005 6.4727164208889 828.995782881975 30.2352888286114 14.4899843633175 19.0418520867825 874.98051571846 3.70422506332397 24.4500004947186 27.603616386652 636.197573691607 1941.80363789201 175.617118299007 2.78453594446182 3933.1391466558 28.2708676755428 1470.19684737921 8.8343897163868 477.102064907551 23.0559021234512 375.426578730345 50.529109030962 2923.04191166162 3201.65855619311 5.87542581558228 44.2803610861301 1.71062532067299 24.5550858080387 3.15580832958221 25.1903077960014 1.49228262901306 0 11.3543884754181 0 1.42985242605209 50.8787491321564 0 36.3908946216106 212.230192810297 43.3204077482224 91.7855899035931 186.657483249903 0 27.2850463986397 0 33.1082382202148 3.59339243173599 3.20864507555962 0.902984797954559 0 0 26.8996500372887 2.19414964318275 2.81198716163635 5.77628055214882 272.288825303316 0 0 7.08075577020645 351.947565257549 23.6481122970581 10.531128257513 0 0 2.0788522362709 14.2188472151756 9.11147382855415
8983.76754933596 49.1833320856094 189.062436312437 755.018150866032 12.591060847044 2195.31513270736 0 4125.64398956299 1772.36490377784 9116.23391017318 54.6660484671593 345.262533992529 15.2595500648022 11037.3771933764 98.8677935600281 265.026647210121 15.0977442860603 2.82820183038712 10.1658289730549 428.929138064384 1001.62561687827 283.818311005831 1026.40974578261 4512.81679022312 10.3777849376202 38.6394299864769 656.260086387396 22326.5044415295 6014.12700505555 19952.3832682669 0 88.0380075871944 1134.93786549568 1810.03533425927 98.5332384109497 2687.10819077492 158.382519900799 1027.97610542178 267.97064101696 490.215204507113 260.7827437222 4.19330593943596 165.654645740986 10.943765103817 102.897837460041 33.803205281496 48.0995279848576 20.2684791088104 0.790970474481583 19.8327720910311 1.91505551338196 20.7840418219566 79.289481818676 0.551353812217712 95.9201417118311 643.007333338261 78.7122405469418 333.91544893384 346.462258994579 2.5714695751667 36.4727948606014 1.04505893588066 128.678767636418 8.84974020719528 26.7897205352783 1.78134867548943 0 3.35569703578949 65.4397631287575 54.9021707475185 30.7175713777542 66.0838123261929 736.150985956192 1.24349290132523 12.152026116848 47.496920645237 886.055449604988 104.12735670805 106.619217097759 0 0.435639441013336 11.1225153803825 65.1936177611351 44.4403005242348
958.574486762285 7.57945984601974 5.16896843910217 97.2595945298672 362.206496566534 23047.9839516282 4125.64398956299 0 517.156740427017 4580.88523241878 280.315259456635 692.136483699083 45.7401618361473 26995.4951213598 300.746505081654 6.67702043056488 10.0960058271885 4.7666600048542 20.7588030695915 267.198491811752 20.7668907940388 23.4933826327324 20.819704324007 765.800140351057 3.61814141273499 35.7371292710304 51.241355329752 850.081053346395 2735.0815538764 807.448527932167 0.572949528694153 2526.08726096153 33.8016397356987 1357.86489397287 11.5375709831715 687.504470795393 27.4459380805492 517.37469804287 68.1299344003201 1169.48041975498 1472.96058320999 11.319698870182 43.0540573894978 1.47392600774765 41.0362280607224 11.5055490732193 9.44862109422684 6.91967496275902 0 12.5236466526985 1.13225948810577 3.45290648937225 5.76310154795647 0 12.7147637605667 186.920691221952 29.5931448936462 103.05650678277 39.0102597773075 0.652865886688232 4.85575115680695 0 39.2262852787971 2.19738340377808 3.74657306075096 0.943758606910706 0 0 6.28693825006485 10.1583434641361 3.62357306480408 12.5664888620377 182.6795104146 0 2.60676366090775 8.93798169493675 248.86021143198 44.5776637196541 23.5658977031708 0 0.53418755531311 1.8061717748642 26.6397967934608 10.4019148647785
301.754838436842 724.180529266596 76.1977583765984 934.20152720809 107.36451458931 638.560311853886 1772.36490377784 517.156740427017 0 1347.29825541377 55.6294709146023 2661.46869000793 157.419213324785 724.883700996637 1674.1568608284 90.3990581035614 31.4175134301186 8.54516693949699 29.5145537555218 742.515083283186 111.823710769415 2724.76375293732 125.223430067301 12551.0882928967 278.051729500294 190.316072314978 1170.15380838513 3299.69195780158 911.769703924656 1685.55134448409 7.26128178834915 28.3140855133533 187.833687096834 429.001419603825 25.2327788770199 797.274811476469 131.360122352839 299.841088950634 88.5137597620487 2287.82523098588 74.740071952343 20.2168841958046 103.222883909941 8.46087247133255 88.9095108509064 15.8228663504124 75.376884996891 14.4101557135582 0.360458016395569 9.98357352614403 3.86108309030533 19.7289425134659 151.927974879742 1.77452194690704 42.8947889208794 386.395362347364 42.9106703102589 392.812570482492 367.730670750141 3.35847175121307 41.4692473113537 7.01012951135635 78.4694538116455 9.8501769900322 30.2266083061695 4.69662772119045 4.33067381381989 2.61839854717255 91.4327524602413 68.8895420134068 66.5085228681564 72.9174921512604 646.551344007254 8.08280116319656 14.2568369209766 59.821124792099 709.659326016903 67.6330712139606 109.019354104996 0.364873558282852 4.09751832485199 12.0399836301804 36.6638479530811 11.1698643267155
441.05469173193 1.36160013079643 4.59229123592377 8671.46526488662 14.1931333839893 16736.4820377529 9116.23391017318 4580.88523241878 1347.29825541377 0 49.5026479959488 13885.8896264434 12.3259631693363 4580.89729529619 197.223479092121 7.36655822396278 2.99860179424286 0.556966662406921 1.42334759235382 19487.2703637183 22.3217552006245 21.1453396379948 25.9864386916161 1561.30205133557 1.93796461820602 5.58664867281914 30.3814449906349 8319.65543341637 1319.65254718065 351.642843961716 1.01740050315857 71.0379169583321 179.451715499163 910.092334598303 31.750480979681 1286.8219345808 49.9372958540916 492.267329394817 100.44128921628 421.526252537966 204.486522674561 6.3344629406929 34.0654774010181 0.556777536869049 26.4055244028568 7.73102328181267 58.5867550373077 11.9395821094513 0.83592426776886 0.398827373981476 2.40511628985405 1.58956158161163 135.760725259781 0.95762836933136 101.28346568346 399.996667474508 85.3542062044144 197.955478906631 505.715876996517 0 113.087228059769 0.539408028125763 66.8822612166405 15.8102767765522 3.07920831441879 0.382591158151627 0 0 100.566668778658 8.35644552111626 19.0278637707233 8.19182306528091 464.068341881037 0 2.90862190723419 10.0921812653542 716.608592569828 22.4249080121517 12.4786534011364 0 0.902375996112823 4.10496589541435 23.6442603766918 10.9892880916595
23.3541061282158 356.228235065937 224.924842238426 2.67141577601433 19.1826419830322 146.022460073233 54.6660484671593 280.315259456635 55.6294709146023 49.5026479959488 0 10.6451174616814 16752.8588679135 412.985023081303 0 1.90624183416367 787.011416196823 9587.80576333404 6607.60926252604 11.6008641421795 129.742728918791 124.302253633738 315.648556739092 57.4287255108356 2084.12736299634 11368.4761766195 4341.66027408838 45.8843130469322 194.333286851645 17.4952472150326 1802.32209891081 90.0259151160717 1.91540694236755 10733.2134447396 8.93318289518356 405.314822614193 9342.49323308468 10760.3852074146 282.393774241209 21.7077378034592 25.8729042410851 4492.62476870418 9.10511720180511 150.355029851198 31.2690750658512 3.17669063806534 1.56501424312592 2.1443527340889 29.3608652353287 0 16.8562641143799 12.145177513361 3.20101583003998 0 0.762456834316254 4.20702570676804 1.74483859539032 4.43772161006927 1.60278165340424 100.550876885653 0 260.265894800425 1.86781746149063 0 4.0487756729126 4.67446315288544 63.4426184892654 65.091685295105 0 0.863930702209473 2.25249868631363 2.54907783865929 6.9464350938797 215.257653981447 315.202572196722 265.597359657288 5.1698305606842 1.05116593837738 1.86388403177261 25.3789965212345 0 1.17731094360352 15.2359329462051 2.96533006429672
32.5288091897964 20.5923708379269 2.94777935743332 3133.62350994349 38.2547690868378 9381.58719399571 345.262533992529 692.136483699083 2661.46869000793 13885.8896264434 10.6451174616814 0 4.71119254827499 620.90555152297 2227.87196841836 0 0 0 0 21373.8865715265 5.73876094818115 51.2845713794231 1.18204706907272 1763.79022216797 3.6478226184845 7.18546006083488 41.6873221695423 1391.02156686783 220.666650563478 33.2345132231712 0 28.6817010343075 12.4054754078388 175.517963677645 34.3533062934875 173.425177097321 12.595328271389 103.83998811245 18.2709805071354 1549.60194033384 48.6235943138599 0.605668842792511 5.65903675556183 3.08799469470978 5.25367081165314 1.04501402378082 29.6641904115677 0 0 0 0 0 107.751905292273 0 16.8708413243294 53.5203724205494 6.35410714149475 34.4943229854107 111.187079370022 0 192.291538476944 0 8.33071705698967 7.16542121767998 2.10909783840179 0 0 1.00107264518738 79.7232515215874 2.15243265032768 0 4.19790399074554 84.5253033041954 0 1.43827033042908 4.37624749541283 113.037935733795 4.00466018915176 3.17839956283569 0 0.907370746135712 0 9.56891572475433 2.27397125959396
3.49023902416229 1374.86706453562 84.3240232467651 1.26298040151596 0.432775408029556 8.17812776565552 15.2595500648022 45.7401618361473 157.419213324785 12.3259631693363 16752.8588679135 4.71119254827499 0 40.0801290869713 4.06351116299629 16.5188215970993 73.2427589297295 573.125328749418 314.220903426409 1.52118718624115 15.1710926890373 621.904410302639 31.9693727493286 153.149691969156 9505.65429192781 2726.97476243973 7413.6928319335 49.9271949529648 34.6851375102997 22.4341703951359 1563.41878247261 8.97410869598389 0 1131.80655348301 21.847801566124 290.394139766693 5959.39965045452 3236.59196376801 282.189749628305 33.2186166644096 559.066472887993 9079.94418495893 14.4102073907852 288.848243862391 28.5807761847973 3.8451167345047 0 2.25619351863861 106.008148312569 0.421973615884781 28.3052085042 5.14436292648315 0 0 1.71743586659431 2.92510914802551 0 1.11528587341309 0 200.412839442492 0 636.886698633432 1.54503065347672 0 0.630728840827942 6.0200951397419 91.2065941095352 54.5974179208279 0 0 5.11654517054558 1.65618890523911 3.60809463262558 457.397656530142 347.664344400167 292.816005527973 3.3265525996685 2.06943452358246 0 63.592060148716 0 0 24.8411602079868 12.0940188765526
11820.9357275069 18.6078214347363 14.0706620514393 258.077340096235 111.044853299856 3347.06311798096 11037.3771933764 26995.4951213598 724.883700996637 4580.89729529619 412.985023081303 620.90555152297 40.0801290869713 0 35.0194354057312 16.893458366394 13.7720341086388 11.0215797424316 32.9911994338036 385.563854575157 72.8568984270096 64.9817017316818 78.2155256867409 1272.58813795447 10.3518727421761 56.4098035991192 99.659183382988 1713.56976649165 10091.4680279791 3352.35680821538 4.28253436088562 1967.88631182909 190.835861563683 2384.70542195439 34.8197199702263 1342.19312444329 88.3280268609524 901.199202805758 87.1553350090981 383.355129867792 626.345163479447 14.6103574037552 59.4398327171803 2.53025722503662 43.4357839822769 8.56966835260391 10.6150565445423 8.43390709161758 0.719740808010101 16.6834661662579 2.59750139713287 2.01211959123611 22.4363617300987 0 25.6233409047127 264.874517455697 31.0761184096336 153.403755843639 79.3141709268093 3.31858789920807 4.17659136652946 0.519334197044373 51.8489421904087 2.94968515634537 9.2781754732132 2.80685234069824 0 0.462834119796753 7.54016828536987 12.7577528655529 11.3483901321888 17.5154456794262 303.671330481768 0 4.40812087059021 9.54946565628052 371.015110462904 46.0101693272591 48.4889182448387 0 0.824741244316101 4.94428685307503 33.1865688860416 10.8714973628521
6.45070117712021 18.9947328269482 9.03780549764633 132.384375959635 1513.75222837925 1506.30264472961 98.8677935600281 300.746505081654 1674.1568608284 197.223479092121 0 2227.87196841836 4.06351116299629 35.0194354057312 0 5.9408860206604 0.410212308168411 0 0 123.176377773285 38.9326421320438 71.602063447237 50.5420690476894 517.567030966282 6.41460236907005 6.75705581903458 69.5207129716873 231.985160559416 46.2485982477665 55.100865393877 0 81.0187525749207 11.081602871418 67.3626601397991 94.4737899303436 54.1248001456261 32.3115888237953 74.6293738186359 57.1763662397861 13322.7497528195 81.8649207055569 0 2.73795759677887 2.52075773477554 1.55384749174118 1.72472029924393 7.83120203018188 0 0 0 1.34729599952698 2.62040185928345 14.7862751483917 0 1.90136861801147 8.20612499117851 0 6.08244287967682 14.5353848934174 0 5.38959139585495 0 1.47537481784821 0.849269211292267 0 0 0 0.798176765441895 4.44213801622391 2.47764027118683 0 3.34276235103607 13.3179245889187 0 0.581411480903625 7.7828224003315 21.831463187933 0 0.724877059459686 0 0 2.22742033004761 1.87076985836029 18.8769723773003
8.63136520981789 136.991976261139 165.706241071224 7.14926001429558 0 6.28559240698814 265.026647210121 6.67702043056488 90.3990581035614 7.36655822396278 1.90624183416367 0 16.5188215970993 16.893458366394 5.9408860206604 0 18.8527612388134 0.918469250202179 4.78445360064507 1.0051344037056 12290.1991840601 3267.18369287252 25793.8854692578 2084.04966804385 18.147693157196 58.9173679053783 11766.6261515617 4904.17907878757 35.8894324302673 1802.08376610279 0.886492192745209 2.30900073051453 6.79246571660042 245.159784823656 28.868852853775 1001.23482075334 417.765996813774 489.584061443806 251.466994702816 163.241248190403 3.74385994672775 0 120.301728576422 62.4124586582184 85.4135901331902 58.5655611157417 7.20588162541389 3.3506772518158 0.320355832576752 3.27898576855659 7.06870424747467 95.0074223875999 0.497940272092819 0 1.71146965026855 19.8078654408455 2.16815716028214 14.7929099500179 2.83144888281822 2.80970329046249 0 0 5.56097593903542 0 291.143250256777 19.2050272524357 1.42075684666634 12.050351023674 0 101.372491687536 209.064131230116 708.159052014351 65.9470721781254 1.0342318713665 31.4402501583099 372.182335823774 62.4137715697289 8.1395280957222 27.9238564074039 0 0 0.762315571308136 19.0856924057007 13.6868307292461
1.30451810359955 599.267084121704 5212.41395148635 0.773825764656067 1.1015350818634 2.5892014503479 15.0977442860603 10.0960058271885 31.4175134301186 2.99860179424286 787.011416196823 0 73.2427589297295 13.7720341086388 0.410212308168411 18.8527612388134 0 195.506925463676 10193.4532451332 0 1536.33766365051 97.0321635305882 8655.7792224586 37.5714075267315 94.1863276660442 6997.95272246003 5563.54205220938 44.8800277709961 5.31449022889137 32.5690455138683 25.0911902785301 1.30135858058929 0 1479.53820180893 17.5435355007648 479.24443346262 1347.20875784755 1934.19361239672 346.136399954557 43.4648017883301 12.900226354599 10.9496883153915 30.5971741676331 75.5395892560482 81.0653879642487 14.4399329423904 0 0 0 1.425696849823 70.4769377112389 92.0877811014652 0 0 0 3.56043723225594 0 4.21511268615723 2.01548707485199 11.8247464895248 0 11.4488616585732 1.88523507118225 0 3.9013512134552 71.6443675160408 9.8506515622139 71.6243046224117 0 0 8.35618132352829 19.9919950962067 5.22275853157043 25.465964615345 489.616454958916 547.899768829346 3.95205309987068 0.268974840641022 5.46547913551331 4.36826503276825 0 0 36.5793195366859 11.1520362496376
0 108.379682004452 60.4818273484707 0 0 4.90001475811005 2.82820183038712 4.7666600048542 8.54516693949699 0.556966662406921 9587.80576333404 0 573.125328749418 11.0215797424316 0 0.918469250202179 195.506925463676 0 7111.34559848905 0 18.9073492288589 30.2196853458881 56.5068602859974 7.68012124300003 351.319692999125 5500.74917057157 1090.35101824999 7.50359955430031 4.86072933673859 1.47311422228813 250.4845033288 0.663195788860321 0 356.267035782337 0.919044494628906 100.485134184361 618.100154727697 546.35850200057 59.7471253871918 4.39324951171875 1.70688879489899 32.2723770141602 5.16525331139565 50.8631774783134 15.7770005166531 0 0 0 13.8789468407631 0.540510833263397 3.92874830961227 4.05646407604218 0 0 1.02347838878632 0.601453065872192 0 0.399896055459976 0 52.3737080097198 0 68.7175490856171 0 0 0.459194540977478 0.442507475614548 47.0387076735497 20.8053024411201 0 0.3399797976017 1.05081391334534 0.656492531299591 0.85596764087677 88.9959293603897 135.668898075819 116.321769654751 0 0 0 17.7041539251804 0 0 6.16354733705521 0
5.01190549135208 525.216001719236 756.864838629961 0 1.66447174549103 6.4727164208889 10.1658289730549 20.7588030695915 29.5145537555218 1.42334759235382 6607.60926252604 0 314.220903426409 32.9911994338036 0 4.78445360064507 10193.4532451332 7111.34559848905 0 1.03522944450378 281.529430449009 71.752143830061 1163.9879424572 45.717229783535 738.699820071459 12525.0911916196 4624.69324555993 21.9387177526951 19.4906260371208 6.88382491469383 132.818605512381 10.6952018141747 0 2088.54773953557 17.1328428089619 566.46221101284 1614.67842510343 2451.78158271313 371.648286163807 23.8611824214458 12.4522654414177 36.3416056632996 19.0572416782379 144.061693489552 69.693118005991 6.92451697587967 2.59509235620499 3.6947695016861 8.9125143289566 2.47662436962128 47.6436383128166 18.0776073634624 0 0 0 3.48453748226166 0 0 0 52.6207940876484 0 91.833529740572 1.26017552614212 0 2.05085361003876 36.6076028347015 52.8232179284096 141.452402979136 1.34773540496826 2.43761122226715 11.9104753136635 14.1044541597366 1.69063085317612 180.839255690575 695.110080599785 572.35038921237 1.92070689797401 0.50806713104248 2.52085030078888 8.33388492465019 0 0 36.6250294446945 6.14394119381905
82.7224245071411 3.75536894798279 3.1579330265522 33520.9284537733 10.6625120043755 828.995782881975 428.929138064384 267.198491811752 742.515083283186 19487.2703637183 11.6008641421795 21373.8865715265 1.52118718624115 385.563854575157 123.176377773285 1.0051344037056 0 0 1.03522944450378 0 8.01426923274994 10.676490008831 8.19005453586578 3096.48818168044 1.08432513475418 0.597827315330505 13.3869766592979 5899.31916353106 214.498011529446 60.7696563005447 0 12.9117375910282 32.5514140725136 141.944767892361 8.08989170193672 233.929973214865 0.488900750875473 86.231076747179 23.305561542511 154.587299257517 44.8056997358799 1.68951237201691 8.91162899136543 0.272847056388855 8.73522964119911 1.67221176624298 35.3483525514603 2.75752940773964 0 3.225581407547 0 0 94.6344124078751 0 42.5176604688168 139.84649938345 20.280308008194 64.6644285917282 173.049645125866 0.433387607336044 99.7732536792755 0 16.4479691386223 4.93520897626877 1.67680591344833 0 0 0 48.4029764533043 1.77311941981316 1.81128418445587 1.4293672144413 149.440483033657 0 0.749971598386765 3.64510431885719 228.915972977877 12.2739179432392 1.10290551185608 0 0.681966304779053 0.578704178333282 2.93310615420341 2.56425040960312
30.3844261169434 109.711040824652 1594.39967861772 10.1107048690319 0 30.2352888286114 1001.62561687827 20.7668907940388 111.823710769415 22.3217552006245 129.742728918791 5.73876094818115 15.1710926890373 72.8568984270096 38.9326421320438 12290.1991840601 1536.33766365051 18.9073492288589 281.529430449009 8.01426923274994 0 1026.79205495119 24968.2653904259 963.284469693899 20.5859078168869 624.804337412119 4867.46953055263 11080.8751662374 79.8944339752197 34145.2524589598 3.99796366691589 1.05354204773903 31.5804378390312 3313.45158699155 329.620117127895 6378.18985879421 2014.6115308404 5158.27545195818 2290.20518374443 985.551548033953 49.5751650929451 13.1003623008728 81.268254160881 46.2437891662121 61.337238162756 54.1738615334034 8.25311827659607 1.78213500976562 0.471121400594711 0.609130620956421 14.7159225344658 139.286826610565 0 0 1.29672545194626 28.8965464830399 1.39357924461365 16.4825371205807 1.81795945763588 4.50578659772873 0.522002637386322 0 3.16065874695778 0 149.619404017925 29.8975987136364 0.922522366046906 14.1071493923664 0.661347925662994 72.8517257273197 114.503632098436 355.496746748686 63.9985312521458 1.4402157664299 60.4227522313595 377.953883558512 73.0691924095154 6.40456423163414 42.5411715805531 0 0 4.76132357120514 27.2090379595757 167.302915930748
38.5466767251492 3831.3727401197 307.50633597374 17.7704822421074 0.643369078636169 14.4899843633175 283.818311005831 23.4933826327324 2724.76375293732 21.1453396379948 124.302253633738 51.2845713794231 621.904410302639 64.9817017316818 71.602063447237 3267.18369287252 97.0321635305882 30.2196853458881 71.752143830061 10.676490008831 1026.79205495119 0 2535.16770598292 7970.72463899851 1150.12125629187 479.730831891298 6897.21096906066 2293.23918989301 154.838923722506 1848.63039085269 16.9330212473869 0.754515707492828 27.8925997018814 296.580759882927 30.7877717614174 751.125992357731 540.043555706739 574.024267584085 292.434393465519 192.5935536623 11.9396839141846 100.522769540548 61.5421057641506 43.6971410512924 51.8251321017742 16.190311819315 0.867213815450668 0 4.30869379639626 1.13931450247765 11.6761901676655 72.524690926075 5.10516566038132 0 2.31775152683258 23.8120856285095 3.55359789729118 17.4911154210567 6.0712708234787 7.36954247951508 0 27.0465267002583 3.12766197323799 0 134.581844955683 12.7049234807491 3.26963970065117 10.9026579856873 0.810595065355301 85.3363010287285 123.270518541336 208.181957453489 83.274020075798 18.3025105297565 57.058274358511 207.183304995298 73.0367314815521 7.91593170166016 34.9971193373203 2.39787214994431 0 1.04855930805206 19.4350891113281 20.4429200589657
28.6718043684959 390.820045441389 14404.1390452981 11.1328779160976 0 19.0418520867825 1026.40974578261 20.819704324007 125.223430067301 25.9864386916161 315.648556739092 1.18204706907272 31.9693727493286 78.2155256867409 50.5420690476894 25793.8854692578 8655.7792224586 56.5068602859974 1163.9879424572 8.19005453586578 24968.2653904259 2535.16770598292 0 908.864064753056 58.0173946619034 2177.17880788445 18287.3178561926 6393.93171331286 99.4551530778408 8500.70119968057 11.4255502820015 3.29742354154587 23.8114709556103 3233.05463570356 229.922622740269 4937.59200692177 3015.21192055941 4699.48720183969 1912.98118582368 778.048750400543 44.5144349634647 16.2184548377991 219.556556463242 129.527718305588 224.83435600996 124.011221826077 28.8103867471218 0.383772104978561 0.436962783336639 3.50833535194397 57.1628250181675 427.791480094194 0.527201771736145 0 2.12079831957817 41.5216493606567 7.30308970808983 16.6682432889938 4.2520272731781 13.1570085287094 0 2.04437735676765 7.90322551131248 0 636.634056419134 96.0310753285885 3.16529268026352 48.5866233706474 0 142.879858076572 467.932506263256 1384.65071493387 91.6239691972733 11.671112537384 217.026930570602 1449.92492029071 118.630244761705 5.94829529523849 46.1026449203491 0.417618304491043 0 0 71.7570083737373 96.9940972924232
445.255138367414 984.679307222366 175.429491877556 4005.94294840097 25.7602488994598 874.98051571846 4512.81679022312 765.800140351057 12551.0882928967 1561.30205133557 57.4287255108356 1763.79022216797 153.149691969156 1272.58813795447 517.567030966282 2084.04966804385 37.5714075267315 7.68012124300003 45.717229783535 3096.48818168044 963.284469693899 7970.72463899851 908.864064753056 0 287.651163101196 181.418954491615 2809.74162954092 43360.0795333683 1523.19933375716 3600.32710427046 6.23307400941849 42.263296931982 360.864223092794 879.86501532793 47.4982959330082 1702.8764141202 191.082191735506 619.924654394388 181.96787750721 767.637243121862 126.718406498432 15.2656739354134 388.342992067337 23.3005246222019 250.045664280653 63.5632200539112 97.0275295674801 18.8606353700161 3.04677474498749 39.655425876379 10.8735819458961 63.1992996931076 197.17221608758 0.524930477142334 111.081612959504 967.603533878922 159.316804975271 582.956849396229 453.373098701239 5.37615182995796 57.5752945244312 4.79897177219391 203.468449324369 10.1468811929226 110.957917332649 16.7646641731262 1.958490639925 6.34403216838837 76.7314223945141 210.511211782694 135.801524370909 200.927915334702 1290.38617870212 9.08611181378365 37.8041535615921 184.974567264318 1616.58203518391 209.257795363665 314.047632932663 0 6.31830087304115 20.4860697984695 189.540430903435 27.5251330733299
0 3522.74730703235 57.4710232615471 0.420153498649597 0 3.70422506332397 10.3777849376202 3.61814141273499 278.051729500294 1.93796461820602 2084.12736299634 3.6478226184845 9505.65429192781 10.3518727421761 6.41460236907005 18.147693157196 94.1863276660442 351.319692999125 738.699820071459 1.08432513475418 20.5859078168869 1150.12125629187 58.0173946619034 287.651163101196 0 2132.48296061158 8300.44301578403 54.1146833300591 5.36199915409088 36.219153791666 175.52771127224 1.86218744516373 1.17196661233902 297.015650689602 5.90974697470665 129.074052542448 4766.03500530124 781.94775891304 90.0937821865082 11.6081548929214 1.26497793197632 3283.91385245323 18.3058838844299 416.295355767012 70.4002644121647 11.4001161456108 0 0 139.877040505409 1.33791184425354 42.5315805971622 11.9325708150864 0 0 0.324195712804794 3.36779206991196 0.670510768890381 1.74706637859344 1.30814862251282 254.556618899107 0.495316833257675 710.546417921782 1.00804337859154 0 1.37384152412415 8.43134462833405 164.074718624353 127.930045872927 0 0 6.32295536994934 5.40954631567001 9.46618741750717 853.386765003204 702.471454054117 606.187010794878 2.04173052310944 2.23359328508377 3.6037771999836 67.9630701839924 0 0 27.7657559514046 1.25009173154831
7.46428605914116 2327.62073546648 14150.4519184232 1.57640275359154 1.28684866428375 24.4500004947186 38.6394299864769 35.7371292710304 190.316072314978 5.58664867281914 11368.4761766195 7.18546006083488 2726.97476243973 56.4098035991192 6.75705581903458 58.9173679053783 6997.95272246003 5500.74917057157 12525.0911916196 0.597827315330505 624.804337412119 479.730831891298 2177.17880788445 181.418954491615 2132.48296061158 0 39649.3163919747 189.496924996376 45.1341075897217 81.345041513443 2803.13209119439 5.84660065174103 1.05580544471741 3509.86359241605 77.3008026182652 2130.86726897955 6407.96544227004 6161.37283867598 1229.2804351449 93.6541475951672 33.2539868950844 106.347949892282 146.234809845686 590.655046761036 254.418624997139 52.2588735222816 9.38019803166389 0.466528981924057 37.3934798240662 6.02638691663742 229.14894220233 181.408298045397 1.54430252313614 0 0.715675443410873 12.3651154637337 3.25609657168388 15.6618777215481 0.803727239370346 268.593712389469 1.16550660133362 369.742472559214 13.0599296987057 0.954133033752441 10.1926575601101 219.385495454073 233.702070474625 587.03945338726 0 9.63692075014114 32.2941373288631 44.1298394799232 16.251434892416 667.395274609327 3117.82329836488 2812.1795527637 6.91757896542549 2.2303740978241 11.8097839057446 57.9457283616066 1.36135530471802 1.20348310470581 127.227487385273 45.6713707745075
20.0632983148098 9215.64878562093 18617.3878433108 23.8007489740849 4.00985607504845 27.603616386652 656.260086387396 51.241355329752 1170.15380838513 30.3814449906349 4341.66027408838 41.6873221695423 7413.6928319335 99.659183382988 69.5207129716873 11766.6261515617 5563.54205220938 1090.35101824999 4624.69324555993 13.3869766592979 4867.46953055263 6897.21096906066 18287.3178561926 2809.74162954092 8300.44301578403 39649.3163919747 0 3782.61905395985 85.8636491596699 1615.24334236979 3290.21259248257 3.70054090023041 16.8809189200401 5250.02647399902 236.958526581526 6066.89058068395 9958.9163184464 9885.69837316871 3355.93927130103 683.023383915424 101.423681616783 179.791745305061 503.965393155813 892.143877804279 845.577434778214 276.690081387758 44.8382903039455 10.2491765022278 36.2796084284782 9.7311874628067 643.903359800577 2003.3774561584 1.46772128343582 0 5.28053963184357 96.9759836792946 19.2820549309254 27.5521917641163 16.2893777191639 252.38013073802 0 320.19826605916 35.6869066059589 2.40511539578438 418.793763667345 675.86375951767 202.889219582081 717.353835403919 1.49987953901291 105.097927808762 680.804470449686 1425.89746639132 93.5468259453773 630.104402631521 3738.69494846463 7446.1937507391 94.7901148796082 17.3890408277512 81.089375346899 62.2086248397827 0.454633414745331 2.27952829003334 362.752213150263 135.722685098648
765.48101246357 229.100298315287 549.423217087984 13116.5828449726 13.9218209683895 636.197573691607 22326.5044415295 850.081053346395 3299.69195780158 8319.65543341637 45.8843130469322 1391.02156686783 49.9271949529648 1713.56976649165 231.985160559416 4904.17907878757 44.8800277709961 7.50359955430031 21.9387177526951 5899.31916353106 11080.8751662374 2293.23918989301 6393.93171331286 43360.0795333683 54.1146833300591 189.496924996376 3782.61905395985 0 2193.50967279077 21882.2003442645 11.4673941135406 32.5138995945454 537.620420664549 1218.67245155573 75.9357229173183 2252.14627599716 326.272608280182 789.576052546501 277.632421791553 541.019812047482 148.331405997276 8.55431261658669 293.361434370279 27.364325016737 143.694410979748 45.6069751083851 106.592339858413 25.5730093419552 3.5689697265625 35.1483358442783 11.385528922081 73.9751439988613 183.273511737585 0.979166746139526 144.755412250757 840.795978277922 149.041586473584 497.718190431595 598.562205284834 7.4189293384552 73.0036284327507 2.56351137161255 165.349400520325 18.3820668458939 154.513050198555 14.3646314144135 0.509491503238678 4.55010330677032 140.525639384985 251.777156352997 148.807890444994 262.481430202723 1225.70567408204 6.52741977572441 35.3371303379536 171.9428370893 1463.20527696609 148.418548956513 276.269624680281 0.876825332641602 1.30104845762253 22.3422880768776 141.231127053499 30.457930535078
20212.2125976682 12.0581370294094 11.6891137361526 202.069418340921 271.96033141017 1941.80363789201 6014.12700505555 2735.0815538764 911.769703924656 1319.65254718065 194.333286851645 220.666650563478 34.6851375102997 10091.4680279791 46.2485982477665 35.8894324302673 5.31449022889137 4.86072933673859 19.4906260371208 214.498011529446 79.8944339752197 154.838923722506 99.4551530778408 1523.19933375716 5.36199915409088 45.1341075897217 85.8636491596699 2193.50967279077 0 9033.03142219782 0.733114123344421 2116.38197362423 11905.8101502061 2934.84765559435 57.1683393418789 2196.58265757561 114.840946257114 851.229329973459 135.797287672758 444.857464909554 784.513649582863 9.41493338346481 63.19228759408 6.47566449642181 35.7269461452961 11.3628534078598 18.9187481999397 3.25074297189713 0.994370996952057 11.2122900784016 1.47489014267921 9.49465796351433 15.796459197998 0 14.2911487519741 223.075330585241 33.5200978517532 122.244168281555 52.156728208065 4.91833734512329 2.15348541736603 0 58.1393345445395 0.765922009944916 11.42437890172 0.438201397657394 0 1.04612481594086 5.66036236286163 30.1313663423061 24.5144543647766 22.4500760436058 277.649073928595 0 3.59994250535965 10.2952652275562 355.392755806446 67.033055216074 83.3423974812031 0 1.06781625747681 5.25265410542488 30.8720541596413 18.712868899107
3575.95546370745 119.277117669582 636.675315827131 77.3842453658581 7.00440809130669 175.617118299007 19952.3832682669 807.448527932167 1685.55134448409 351.642843961716 17.4952472150326 33.2345132231712 22.4341703951359 3352.35680821538 55.100865393877 1802.08376610279 32.5690455138683 1.47311422228813 6.88382491469383 60.7696563005447 34145.2524589598 1848.63039085269 8500.70119968057 3600.32710427046 36.219153791666 81.345041513443 1615.24334236979 21882.2003442645 9033.03142219782 0 0 14.2840123474598 335.852509647608 1662.56110408902 149.247834607959 4331.34343600273 691.879330545664 1340.66490015388 597.137341827154 472.094367474318 83.9074286520481 7.39096900820732 168.877195090055 21.6651064455509 91.0259347558022 47.243175983429 24.917013913393 8.16716375946999 0 19.8962353765965 7.40210875868797 68.9794237911701 10.6782377362251 0 16.4831270575523 309.337230235338 21.3731119036674 159.17917189002 46.1242445260286 4.67184060811996 5.38558655977249 0.989513993263245 55.3500962406397 1.00713047385216 194.012117654085 14.9177287817001 0.503732085227966 7.36770901083946 6.23934173583984 363.798022538424 239.338315457106 282.660222381353 563.721498250961 1.59137293696404 30.6472648978233 201.35287386179 555.498604565859 83.9243630766869 246.78826713562 0 3.94453084468842 13.6700811386108 59.7709524929523 54.4425631165504
0 50.8781988024712 31.1410103738308 0 0 2.78453594446182 0 0.572949528694153 7.26128178834915 1.01740050315857 1802.32209891081 0 1563.41878247261 4.28253436088562 0 0.886492192745209 25.0911902785301 250.4845033288 132.818605512381 0 3.99796366691589 16.9330212473869 11.4255502820015 6.23307400941849 175.52771127224 2803.13209119439 3290.21259248257 11.4673941135406 0.733114123344421 0 0 0 0 96.4228318333626 0 36.2937406897545 239.767844408751 207.708658456802 17.1926834583282 0 1.40765941143036 13.8454625606537 0.898634016513824 18.1464733183384 2.86120092868805 0 0 0 9.81741079688072 0.555970966815948 3.08254045248032 2.80945432186127 0 0 0 0 0 0 0 19.0438395142555 0 45.7351607978344 0 0 0 2.39183622598648 16.2775857150555 10.8868820667267 0 0 0 0 0 43.2850022912025 45.320132791996 50.5369550287724 0 0 0 4.66934788227081 0 0 2.16202110052109 0.432498753070831
30.2294827699661 0.353352874517441 2.80417722463608 5.1600998044014 1132.48758286238 3933.1391466558 88.0380075871944 2526.08726096153 28.3140855133533 71.0379169583321 90.0259151160717 28.6817010343075 8.97410869598389 1967.88631182909 81.0187525749207 2.30900073051453 1.30135858058929 0.663195788860321 10.6952018141747 12.9117375910282 1.05354204773903 0.754515707492828 3.29742354154587 42.263296931982 1.86218744516373 5.84660065174103 3.70054090023041 32.5138995945454 2116.38197362423 14.2840123474598 0 0 1.42304915189743 1261.59997066855 2.01973006129265 168.185382694006 11.0835818648338 191.679685741663 22.4763262569904 510.476194620132 1772.0968708694 5.99875086545944 3.96194064617157 0 0 1.7714227437973 0.300098359584808 0 0 0 0 0 2.66472792625427 0 0 7.72790905833244 1.16217133402824 2.02183380723 4.83065724372864 0 1.21815717220306 0 0.832632064819336 0 0.790933072566986 0.443560779094696 0 0 0 0 0 0 5.72861042618752 0 0 0.804648458957672 13.8517311513424 1.83956289291382 3.30330497026443 0 0 1.78972232341766 1.34652745723724 0
