0 103.44754074682 113.582247945238 87.1816925683917 61.2248761161475 73.7556086920073 28.6017872698701 34.3783061996704 71.2432229498405 77.6392831736825 74.7734057953894 86.8041990468145 117.901704891719 16.5920859087014 95.4083333698561 105.753480402444 78.8489227294922 0 115.520557589002 87.6400939033891 79.0485971116512 77.218339478019 89.1284374787774 75.4167447424386 0 119.94689092676 125.260428659175 72.1803611022288 18.0710638522097 32.9185032867634 0 78.5619071271898 32.3046869590135 43.8883706450053 111.864841898401 57.4684331979385 74.6158193056794 51.3878155974016 53.9786972899992 64.6617152348002 56.7759782510029 0 142.282032017653 124.138427734375 158.689896719472 151.52906517878 123.655891783689 0 0 130.017750583688 0 134.864059448242 133.209306495863 0 158.510732557428 136.305673820656 163.022185119585 88.3202094262691 162.552132773638 210.47282409668 0 0 158.089369841438 186.069686889648 134.930306877677 196.141204833984 0 0 181.461721761745 142.662240413254 113.639982215739 147.669212506975 122.108222641966 0 173.539203136818 209.086341697221 132.119534330988 160.03327745815 137.502247251568 0 191.271079388748 121.799949645996 147.346722919048 179.134816401514
103.44754074682 0 39.7800599122952 131.455475734536 128.650203829147 136.09556908885 111.23170328792 132.743861545617 69.7677001189065 131.085986021102 56.0558698137617 110.325459309162 39.9954928041422 118.237717897713 115.995422586352 64.1883355286036 44.9359910977497 56.396992875014 49.6868555261177 129.866912193927 61.104837460482 27.3724381913751 50.5590485760106 77.264237312199 23.4419040577835 41.3489297634961 33.2195238869868 87.7969303084118 117.502079153424 70.5815402221596 65.8501158438032 175.164001464844 125.377334594727 54.8262174836116 146.313254340141 69.6817635899062 40.2135761643193 52.5072055217157 60.2121569825469 91.9719047193979 107.714432310199 44.9843066908445 90.3979861576961 52.9787358413026 75.358944117158 89.9197198791669 125.839066369061 82.5819422927663 55.4151032038093 117.89701970368 23.7341932314246 57.9344152149674 83.1204130174429 0 0 142.45310957884 215.21760559082 95.0019027206481 167.072498143599 71.4464836716385 141.789794921875 58.3474904928978 230.284423828125 0 88.0442628126653 71.4870703717971 92.0342678351504 77.7557319364506 0 110.433097677636 47.0098924665567 89.5544749813286 95.5468010283483 41.1716900667751 65.6365062186242 62.3804063846192 152.173037196089 118.123077392578 117.554148936712 96.5111176347512 0 0 78.3176072957162 149.50747543287
113.582247945238 39.7800599122952 0 125.694753220746 85.3803299487253 110.752071765934 92.0546620079778 84.9317426733976 90.8333481117653 143.476536193759 74.6420017576833 147.507982413592 80.2745592260759 104.870262670421 88.5937912857474 61.3626471085124 32.7507819451554 75.221260747838 60.7241134023565 135.190977027256 34.6950225991481 46.9360364809422 20.1936112554458 85.978272887888 70.2519311388417 26.2724715708715 27.571458877558 70.2409825326725 111.893185760375 49.1532544788291 89.0010093052119 91.7473699508863 86.156561850525 44.7005605964483 121.396287048158 57.3673425245629 37.4956769859012 46.531201215743 49.9192271586296 60.663953045321 61.4967059107251 84.7817500397913 114.258084096597 91.2985549490344 100.182694059354 107.552241270358 120.426993999208 119.527457664977 0 153.978465660556 57.7637225539251 85.0013733812057 0 0 171.272579883112 146.334930348362 152.654473451956 126.288184611889 187.497623843722 126.570102672997 0 130.081638421257 163.527270417205 0 105.200984660693 96.9527864629221 137.044496656654 114.095213685895 168.568710162236 128.80043886309 64.5238899628916 100.624562355586 136.889652711563 101.967794443694 93.6656941070313 86.0717004349326 144.125521859594 158.123612327765 133.837813647248 189.701301422592 0 0 99.3651738157289 132.259474064616
87.1816925683917 131.455475734536 125.694753220746 0 105.590602545725 66.6785761561213 48.8510641472773 101.561369852753 62.3997737901539 22.7176099844711 147.972832440178 38.272722099336 144.747175884075 98.4261455079507 73.596913642817 101.292030859961 200.211441040039 0 0 13.2919597849016 96.9068389484695 93.8145980670517 101.710680733571 24.7087974215319 136.759246826172 159.218305214832 133.63914307384 20.3572966266449 103.818889977768 82.6698050723554 0 146.006446664232 86.3886518886955 101.766823104452 171.790377262106 108.300933449785 124.519205917267 106.461386941192 116.359189187318 75.951213485156 115.987657706952 0 152.761882812829 218.375839233398 169.118365862471 184.995992882179 106.127951775238 192.858538104409 0 137.429968235074 175.818923187333 194.468647290811 66.7625710750383 0 142.385144215064 135.378972209614 165.906857420047 86.7266822298125 143.840306413385 200.849182128906 34.4568195279857 220.919357299805 158.18434647415 112.127142407563 142.719954287239 0 0 0 45.9848288438318 158.752522652038 150.424834004941 177.007113761515 101.253682780425 0 192.845687866211 167.543817462405 131.998810080277 166.1656530292 152.431647436788 0 0 168.709646945608 170.77771505317 185.949997843632
61.2248761161475 128.650203829147 85.3803299487253 105.590602545725 0 15.0964789934565 99.3931517956935 33.3726209033459 57.3084288179995 108.921938276122 48.886847962129 58.1946723573028 179.151824951172 40.5648956280462 17.6923089947318 0 168.339447021484 0 104.486920688034 99.9002707326055 0 98.0456619262695 0 95.2086371087314 0 75.0720672607422 109.558707388899 110.793999859334 22.8598869581924 103.820870665781 0 11.0459473149494 107.852287396997 15.3857329935745 130.135284423828 64.6454073300893 62.4485778808594 34.3084446064696 36.6914365094442 13.9216306555072 9.9070088834637 60.279598236084 0 0 0 0 0 0 0 0 0 0 0 0 247.310470581055 168.923785686472 0 119.893266307688 193.822311401367 0 0 0 0 0 0 0 0 210.397750854492 0 0 119.550651550293 0 175.647024104669 0 0 0 196.739227294922 0 0 0 0 0 191.365951538086 133.373611450195
73.7556086920073 136.09556908885 110.752071765934 66.6785761561213 15.0964789934565 0 42.266458467068 22.3521906514171 60.988501700209 23.7226599116999 69.9846016805445 25.2269229320422 93.4827798416579 38.4527011727451 20.0982868128023 105.316568769371 94.7662438221478 117.404262476414 109.352833907839 44.1097411131051 99.1779089650221 104.149249237265 99.3079740633815 71.7552400400445 119.659705511303 98.5478168056606 134.032558340913 74.4230340290721 38.457495058999 70.9378598910755 106.713167380281 16.9170150569877 85.4112574911762 36.7182320689804 103.453903855911 74.8691184076704 95.4976650306184 57.5760131037866 56.3806208165542 18.1049141712296 17.0608682219611 65.4382243058491 157.974236935763 160.67123903029 160.788083252624 171.518920056985 146.855205993674 220.496643066406 0 150.508159021922 0 190.811284119421 143.749078154381 0 148.975645095376 138.251146886324 156.637838561242 94.6149462104713 145.477080160618 0 93.136495385948 0 159.306156743416 149.759960313824 149.217788347343 238.553558349609 0 0 144.272583379524 148.703961290276 145.023991967308 180.610823587177 121.166166729139 0 0 181.304571127699 133.438640010674 164.898116068818 159.200775512363 0 0 165.904872264132 172.603392329028 175.100160314546
28.6017872698701 111.23170328792 92.0546620079778 48.8510641472773 99.3931517956935 42.266458467068 0 43.9331522079708 54.3418128802894 21.5015578218864 126.191670333526 51.648738751132 140.558160893689 40.8371462859547 78.9897989864612 76.7525383700538 128.734940820793 142.933966708173 149.530057625767 50.4588386170204 64.6124665989003 70.7218952982665 72.5393132738496 50.6970703776404 131.577856833335 131.061243798715 94.6829357146187 33.5879934453509 57.5672915368068 26.7037944956811 0 110.814575564802 57.4058249852692 68.0077066750636 134.225442681776 76.3279268982615 91.1683072044292 74.9083631245269 79.600624551456 74.8369563407797 84.1942524714825 118.427812039524 136.470537555938 143.416774270879 146.666013752763 146.563606478793 129.374279835534 159.673677437653 163.804024200354 120.961617076005 148.930967903921 152.515261563692 123.088860584741 121.12809753418 132.980090486791 120.143210552021 139.719609865839 72.4677570463655 127.609256119291 164.234715453624 128.098453026802 178.551741350197 145.888326447428 115.053599704933 128.261849759397 166.264328784036 0 200.668594243333 123.97375764655 138.124262840032 113.057823968261 139.886829636419 104.854928169775 153.28256171877 177.1132565384 153.140253639854 116.765525215063 147.569137538044 123.510967436094 0 203.531219482422 122.812441781204 137.418038641345 164.196242748318
34.3783061996704 132.743861545617 84.9317426733976 101.561369852753 33.3726209033459 22.3521906514171 43.9331522079708 0 80.391672756982 39.072595225648 66.4721880447701 63.3924564630913 72.6441356403943 16.9831237278125 32.8216064721609 134.717324502889 89.1156807725192 106.430258283665 98.2532291749892 86.1485435304002 92.9134719069823 103.556574223918 108.162506041383 86.7317878465394 105.556103692516 103.372403662848 114.888700072452 89.2783833039393 38.2288231563278 54.4094338970987 149.127746582031 22.9099597834849 81.2141097528662 39.8213074510772 152.360520843509 65.677813391391 83.2123252456255 49.273504223466 46.3369463520095 27.6298858281566 27.5767674850119 69.1197358975133 156.916308913676 174.804376333339 167.322258119139 159.447148209804 151.659698668149 171.554174909673 0 151.876147051721 221.011428833008 174.639059249245 156.986120171802 0 168.267061219232 146.676626256732 172.940991940537 99.1208164557876 171.830033752007 186.545562744141 171.6686454427 0 174.521853473057 143.56462097168 144.552894196177 187.503234863281 0 0 149.659444843416 186.388987732395 136.816562768892 182.549533153222 132.729980550464 0 153.577225077212 177.352803041565 141.318368157103 177.411071198609 151.117270342353 0 217.374389648438 169.631740420985 156.732161487494 156.532034525697
71.2432229498405 69.7677001189065 90.8333481117653 62.3997737901539 57.3084288179995 60.988501700209 54.3418128802894 80.391672756982 0 69.3152876931872 123.750123983975 27.2109586959533 107.806566428696 79.3658430658658 28.7438733846153 62.8854468796194 109.558831276144 120.908530772272 122.190690311214 56.4191095043867 66.6305494063563 28.708561450706 81.2467678435296 23.2866313030976 94.1614314517557 107.590784734384 86.8446959689799 52.2518131515988 69.659533198795 40.8744642312943 135.515148850493 110.453792673396 62.4444340345444 73.983147991328 144.777685898732 76.5461637709537 92.6242493916637 87.2386520694284 88.4118632862222 24.4477557119451 91.0447737567252 104.977901113207 94.6001613471127 109.579995197624 112.137743499996 106.805333370314 62.2720693206248 101.52477629704 125.24193572998 81.2589231505865 103.913459254342 115.055821446882 71.2884404791335 118.754732332015 90.0126735100619 77.4219103017149 103.833910302232 24.7597073150612 87.1328187177741 169.052448168886 66.1287191806181 120.895683640271 103.803024644064 61.7525920437268 84.6650744232411 136.504322179808 153.110016255642 152.428720655984 78.0642105074941 85.2025222645157 54.4324730375404 104.959924292868 56.3834312680821 127.311980819973 146.92939885843 129.335811734575 77.3770741125614 106.611655224319 79.2401217188017 189.914901733398 144.409404575376 86.9107085499794 104.223418469914 161.101675277437
77.6392831736825 131.085986021102 143.476536193759 22.7176099844711 108.921938276122 23.7226599116999 21.5015578218864 39.072595225648 69.3152876931872 0 125.405110496486 25.6918592148062 135.177289474045 45.5340534592359 72.2430963559507 111.278391193669 142.123675006168 149.597106933594 142.683721325536 14.7675103900234 104.467937472347 103.483663940191 112.964306577306 65.7990969509549 137.541875905521 159.410582664432 126.937317328373 27.8339707637128 94.3495058182973 66.9962993206102 158.908767700195 114.284148379377 86.8671035640184 88.4311548219838 149.842483936036 93.8368678882431 111.861544499122 91.4141133924107 90.7967617626458 83.0846691600792 96.3929472234273 130.416656391224 154.971598049958 147.488891601562 164.672411064075 169.936593187192 117.789862054772 177.717393957331 180.471801757812 179.690505981445 159.905260386734 170.33763401269 144.158138082175 119.935890197754 147.314064640304 135.726926017791 158.525388965481 90.7243449380673 144.128865694764 0 79.4994816456628 232.81819152832 159.503230291409 121.45698299263 156.330446405718 190.411209106445 0 0 139.003943904384 180.022044984453 139.317719907744 186.980216205383 118.67582422359 0 207.515054543192 189.006664763653 134.820646134124 173.309336685957 172.802688192005 0 175.956665039062 171.077223687127 165.636761593309 196.726895750557
74.7734057953894 56.0558698137617 74.6420017576833 147.972832440178 48.886847962129 69.9846016805445 126.191670333526 66.4721880447701 123.750123983975 125.405110496486 0 113.394886548628 18.0599626653112 66.5149649316892 0 124.507754844904 51.3284751152252 23.4679412144982 30.8530327204839 143.482568034454 61.4028789749331 91.3705374830809 54.1582688074267 136.088445095818 31.7655727084986 35.0795328666551 53.2647807428488 124.243685234031 59.1697243055009 110.391312792135 34.5319175370024 60.3356067432011 85.4998474121094 22.385004617344 112.744470072418 70.9184039413202 24.0379536739593 21.5152457497958 46.2874247617974 72.8146335691262 61.4879496898661 14.5898958974964 133.696845950595 70.2676211516559 108.255204912596 105.83346541821 231.895034790039 147.077337732638 62.8999011731871 0 80.2074282768061 125.450354061194 227.009036487696 0 242.059020996094 193.384066831075 119.612274169922 148.206268744804 201.42752735249 85.7689991112058 0 66.5136353220448 191.656051281222 0 144.200751535708 131.72376268679 97.0678597985065 104.050125869895 0 168.02276963925 125.399681673111 165.028604190859 193.251127290661 60.0633999371998 99.0342729803493 96.8614753391195 211.994462878815 199.99821472168 173.710426175482 98.8545660483338 0 212.682113647461 115.485103050587 169.747230043009
86.8041990468145 110.325459309162 147.507982413592 38.272722099336 58.1946723573028 25.2269229320422 51.648738751132 63.3924564630913 27.2109586959533 25.6918592148062 113.394886548628 0 129.474758395739 73.0726594921443 21.6343516762822 0 0 0 0 13.3345225814581 107.536259396096 69.112184689185 140.51002721558 29.9943042832921 136.71172464682 153.729198144614 122.17600529479 47.2173839347695 100.163317833057 88.545111799427 0 98.9676200085947 103.23678115904 92.5691461268011 28.6557255276279 103.153889466791 115.295850553892 93.882917543292 101.540405674496 23.6969419535572 89.3591750175877 111.298377990723 173.485938564391 172.081264757032 190.803303200772 176.145614624023 67.577476846981 0 0 0 0 0 69.8319947584056 0 138.643012835581 120.748039514467 165.633432603851 75.4845289344673 123.07660414889 0 17.823825970837 0 141.508257180477 83.3687108764104 142.444218184775 0 0 209.479400634766 37.4529085516338 131.04112446702 0 162.44988612504 106.546915047592 0 213.599340267869 163.199737011018 115.060671814926 167.80612283026 125.08761678391 0 214.263702392578 0 162.846011933619 199.582204545968
117.901704891719 39.9954928041422 80.2745592260759 144.747175884075 179.151824951172 93.4827798416579 140.558160893689 72.6441356403943 107.806566428696 135.177289474045 18.0599626653112 129.474758395739 0 83.5473441128548 146.930174198344 119.62147630022 74.0747365463403 42.0121470270838 57.4023099402039 115.712158203125 95.1270514744726 76.5720528212829 86.4078156147254 122.152403274906 14.9765892221953 34.5211773301798 28.8221445570936 115.717046379004 80.0062364438935 107.144493303573 15.2692817302147 69.9070906740599 0 32.7403226518421 102.346803448456 42.3347959430832 21.0361092386228 23.8491150905329 31.6133725024719 37.4625543529967 12.4365773731077 11.0283815918039 125.446144997865 48.5793275186871 89.6786858093085 92.1507628193388 0 106.526701242824 45.3396889963326 176.378540039062 80.3086023535282 133.092355468472 0 0 151.326253529441 206.076744296185 0 133.540100097656 0 67.0945580024888 0 53.4942281914522 145.241061838606 0 87.4309539794922 125.938598008248 81.6781118051565 92.0690911757253 0 0 113.722469508778 165.51923149586 170.072662467887 42.3461666800052 87.1733173189312 85.7989168118221 173.173899138834 173.626691311154 0 84.6874083895541 0 0 93.041587818944 93.9494111316269
16.5920859087014 118.237717897713 104.870262670421 98.4261455079507 40.5648956280462 38.4527011727451 40.8371462859547 16.9831237278125 79.3658430658658 45.5340534592359 66.5149649316892 73.0726594921443 83.5473441128548 0 75.2141489136423 110.900410206025 101.22077474584 110.699123658326 97.2270751053607 85.9554043489158 85.0083991350009 93.2452371654191 98.6836906334837 84.2299358225418 103.475868317817 104.092475115759 118.101621853676 83.7008901923425 29.778029633631 44.6977439381042 119.103697263668 18.3437496495568 46.8476887354319 39.6655664644174 126.989682645983 61.4738882403469 77.4727890813373 46.463194198494 53.3960172092894 45.5623570674798 39.3823904796545 64.4910585147549 161.774931707339 202.4770393952 175.210280246512 160.479548229186 165.058265120915 175.130348130976 201.938491821289 148.368578875282 154.192827009535 184.208493513981 156.338403118932 0 166.123536822605 148.949115129477 173.201401074596 94.5174231932127 155.109688129453 189.535586811947 176.190601990355 227.451156616211 169.236531915133 158.470613006114 145.508821298088 179.722482411951 0 209.684646606445 146.747979772052 156.676849624724 138.335481696955 163.017733846518 129.314927209795 0 195.524662996332 186.713638709525 139.745110582029 169.384243693865 143.504108207776 0 191.809158325195 167.26646053514 168.56473943348 157.770911692819
95.4083333698561 115.995422586352 88.5937912857474 73.596913642817 17.6923089947318 20.0982868128023 78.9897989864612 32.8216064721609 28.7438733846153 72.2430963559507 0 21.6343516762822 146.930174198344 75.2141489136423 0 93.3668720352333 160.067245483398 0 0 63.4833414230156 52.7819860370517 75.2768305465019 84.9585850216447 49.2354348634806 146.697118350001 128.495128079973 109.381957014029 79.0945055361694 80.6002940407136 65.6966718870497 0 35.9765986198074 66.87056894538 49.6522446239005 53.2340009677081 45.9653863421615 55.3478155922988 51.761825906742 27.4390738371184 10.7686194774529 26.9414861071314 0 131.057262977855 74.3594351587364 161.384931951917 62.0207009903063 64.676277642151 0 0 0 108.28849878259 126.698492619274 99.7551263189098 0 122.956052301669 138.501216829263 0 91.0450141737181 128.673203559392 0 54.1820614551999 0 170.731288744424 62.5267486572266 0 0 0 143.932891845703 109.291682259797 134.153869710308 0 124.723216566988 110.433063458867 0 174.617889404297 132.824933860083 122.203660974638 0 177.869552612305 0 0 123.896102905273 131.84147644043 93.8397076097861
105.753480402444 64.1883355286036 61.3626471085124 101.292030859961 0 105.316568769371 76.7525383700538 134.717324502889 62.8854468796194 111.278391193669 124.507754844904 0 119.62147630022 110.900410206025 93.3668720352333 0 89.6175797749757 142.149467413976 119.468749574619 60.7843566909781 14.9277553294452 36.0915980439849 15.2868773211819 38.9128316175777 105.423778860853 98.9169043936425 25.4682745996488 32.7069223127063 95.1877160705929 40.1467710104001 132.68274270787 174.078463050417 85.4114308055361 64.7913881227101 150.528083530272 74.5747644081832 55.8963127905263 68.7721105908271 74.9700760134487 79.8915816364192 96.4158556099259 0 114.779096951392 93.4579359037908 113.51906919448 113.265211584741 118.176094354737 124.546405304774 200.311767578125 107.679578614333 111.941509282476 109.126091411783 131.426727294922 0 136.33051396921 135.059017848595 168.673784524702 83.5046823376932 151.842383750254 151.225603529561 0 0 158.217242750205 0 95.8284858777645 120.738274049324 157.272212934664 136.907450863609 0 104.691579223024 58.5602458231815 99.0111639666191 108.865728728647 183.807651559951 135.521933706989 105.700194822571 121.496468412236 154.564178603632 123.622285345728 0 0 121.49137878418 114.178181478039 155.481614105959
78.8489227294922 44.9359910977497 32.7507819451554 200.211441040039 168.339447021484 94.7662438221478 128.734940820793 89.1156807725192 109.558831276144 142.123675006168 51.3284751152252 0 74.0747365463403 101.22077474584 160.067245483398 89.6175797749757 0 50.2654075725131 20.1091872893213 0 23.9281500382419 77.4129491794667 15.0722242475549 117.242114053803 60.5019072959202 34.6819977745297 52.4345618586013 107.272476140415 110.344611425452 84.5826832412164 79.054160789092 77.1249389648438 0 32.7043522097002 138.223907632734 62.9056439702245 37.0108494298381 38.2402146781844 50.6517045809325 63.6370987410293 55.526233788955 61.1257407883706 124.530359876142 84.4888595283018 106.541606820539 131.24524594448 0 0 0 185.37788072397 58.1058151623494 94.5872440883282 0 0 0 176.736056830788 0 131.09567905425 203.918931039193 125.446890265452 0 97.3014477803575 179.512404738401 0 126.518615459604 99.6175019015451 114.883336823224 106.156502234664 0 0 101.90567036456 126.660103534221 171.546773293078 80.988811204481 92.0430636642313 91.9234847852102 175.920485577449 200.32145690918 153.184971493579 131.905507217748 0 0 102.949589640518 131.227390131464
0 56.396992875014 75.221260747838 0 0 117.404262476414 142.933966708173 106.430258283665 120.908530772272 149.597106933594 23.4679412144982 0 42.0121470270838 110.699123658326 0 142.149467413976 50.2654075725131 0 15.8566443158861 0 73.0470485994424 97.5665092867702 60.2962031467684 142.992484566085 44.7930575981602 27.2594542923781 56.3355311241911 86.0775331913641 81.594053299502 144.959203269994 46.4829363112867 99.3760528564453 0 50.5924137399 103.616416931152 81.0431804423589 42.2531895109025 49.1353917875628 60.5935174266582 84.894344659615 62.8044013977051 52.8739103378965 143.3386218884 73.4776628396209 110.677032610602 0 0 0 75.0536411657132 164.959243774414 109.293141840707 151.850946730736 0 0 175.945083618164 195.595108032227 0 208.940460205078 0 91.2590554361368 0 76.1238851830861 0 0 158.420974731445 109.093330383301 102.758464291065 106.326219201919 0 234.841049194336 168.454605102539 207.906967163086 176.165496826172 63.7846740558944 102.790288885182 101.337026520047 0 0 0 107.222435141052 0 0 121.993197074371 0
115.520557589002 49.6868555261177 60.7241134023565 0 104.486920688034 109.352833907839 149.530057625767 98.2532291749892 122.190690311214 142.683721325536 30.8530327204839 0 57.4023099402039 97.2270751053607 0 119.468749574619 20.1091872893213 15.8566443158861 0 163.268997192383 53.5612455821796 90.8606883876336 39.4156879391579 134.164990402583 45.9684767481801 32.8418657185855 57.4569117611643 124.298552975958 95.7294232407693 108.861182009022 58.3411183164221 101.193105008056 0 42.6500727352147 138.204458512927 72.388044854461 43.6707336234975 46.1512777354431 58.8235128729863 100.468366128003 89.7115501495305 60.8249339661387 120.925180249483 83.4199163188445 112.200243010741 113.877388381835 142.801724067376 166.106889376512 81.2223657928043 156.058455804513 71.6454920392676 123.360339552813 0 0 0 166.008409635392 0 0 0 104.602409997493 0 83.1859443436009 205.603116004939 0 132.900117999094 112.234934446957 108.73236365225 104.589848831171 173.201217651367 143.880373139013 124.671688647635 145.931640361049 183.122405335753 69.062200892787 98.8443186391693 98.8203478162046 176.465045465895 222.218322753906 165.794985535113 109.710877181498 0 0 103.335776865041 138.50137501439
87.6400939033891 129.866912193927 135.190977027256 13.2919597849016 99.9002707326055 44.1097411131051 50.4588386170204 86.1485435304002 56.4191095043867 14.7675103900234 143.482568034454 13.3345225814581 115.712158203125 85.9554043489158 63.4833414230156 60.7843566909781 0 0 163.268997192383 0 122.570241231521 88.7996362075622 108.835101739745 20.7274053559089 133.066432640144 153.883346557617 126.488654279789 25.6617144031818 103.343419332345 88.6404872874432 0 129.539599830389 86.8833888325537 98.2528315035097 144.452541009023 101.882153188695 78.1664505004883 98.5163441438047 104.262653995034 72.4447036888339 107.130291400797 135.298239572764 154.102344811987 185.041702270508 156.850830852709 158.689830186352 112.40713041645 173.14357189094 0 147.186343358504 0 0 90.8582194006549 0 141.685659311058 130.668810345602 156.826428958648 87.2046312703968 141.252908432711 209.595260620117 38.3863982655645 0 152.459061716729 110.74637782629 173.101598428308 0 0 0 132.468336153868 163.731077875611 111.216476671809 163.861734928202 113.510206736632 0 178.807278410719 179.447538933316 129.705517750113 174.834425772241 144.076480517637 0 151.539840698242 157.52278137207 170.001926722038 205.367513059329
79.0485971116512 61.104837460482 34.6950225991481 96.9068389484695 0 99.1779089650221 64.6124665989003 92.9134719069823 66.6305494063563 104.467937472347 61.4028789749331 107.536259396096 95.1270514744726 85.0083991350009 52.7819860370517 14.9277553294452 23.9281500382419 73.0470485994424 53.5612455821796 122.570241231521 0 41.3902060649176 26.9884707680927 34.7347663678345 85.3887057699724 51.5796335470565 47.1390961905992 24.4503140029791 81.7267152626947 17.5979268356539 90.9733718548114 93.2311365899911 44.386096169899 23.8418771379656 103.527598177554 37.2250743568424 24.5812813870185 27.8545684153967 33.7849824177102 43.5799427231296 52.5383951233144 66.5945664613019 104.753604051276 96.1221670316681 110.286996402731 101.403707111537 115.371622681971 101.488450701654 149.523986816406 123.208648681641 82.9490419501786 92.2985025473623 0 0 162.873575509043 132.2432589412 150.448972735224 93.1820542413884 176.872602122777 153.736001339179 126.476860046387 0 162.372260201361 0 88.8749388777473 107.942113360298 171.573776245117 117.675697507677 185.87744140625 106.51550201013 61.1948363081099 94.9127981217148 108.780971784171 85.2487371838713 116.858613462495 93.2002730352004 120.620463269176 135.705036072695 115.368588615529 0 0 126.799065425693 120.361268550425 119.772905137433
77.218339478019 27.3724381913751 46.9360364809422 93.8145980670517 98.0456619262695 104.149249237265 70.7218952982665 103.556574223918 28.708561450706 103.483663940191 91.3705374830809 69.112184689185 76.5720528212829 93.2452371654191 75.2768305465019 36.0915980439849 77.4129491794667 97.5665092867702 90.8606883876336 88.7996362075622 41.3902060649176 0 47.5672936333722 33.7401028151321 63.211704705082 79.5806833771621 41.6819112122192 50.8066858410214 68.9187769127709 29.0499267676508 100.478219102585 129.844024658203 62.8515780324155 60.9955204092994 129.051216413021 63.7697812909158 53.4036031800691 61.4315412259155 60.2769623452472 70.3437898433587 88.4865176703365 79.3936474140822 83.8041361244053 79.8154520734222 109.658507820541 91.8456280344688 116.276766639364 0 83.3967064370732 127.084888783716 74.1500771596383 86.2028982758528 80.3906041940479 0 165.73287720001 119.240408341756 172.121152092613 57.6906254114966 133.246719224773 120.874919775298 0 92.3502497841137 147.031730250245 0 65.0278725255327 107.289959161549 147.610203312206 121.466886098302 148.351246798339 65.2390836502576 36.0781488928131 77.4017634798518 76.6183365490103 77.3208868963827 111.412426630984 90.4800913237366 97.2875509494041 131.510891794028 91.5514601897586 114.787762720372 0 187.799621582031 111.233308987498 143.863540911089
89.1284374787774 50.5590485760106 20.1936112554458 101.710680733571 0 99.3079740633815 72.5393132738496 108.162506041383 81.2467678435296 112.964306577306 54.1582688074267 140.51002721558 86.4078156147254 98.6836906334837 84.9585850216447 15.2868773211819 15.0722242475549 60.2962031467684 39.4156879391579 108.835101739745 26.9884707680927 47.5672936333722 0 61.5019661730309 79.3759946456472 44.0957823150352 32.9551361667432 46.4707829557006 92.1310906036697 32.9283475970618 91.9057595988683 108.263170219421 80.651127568213 36.4160836687992 134.349607502841 64.7206879663326 41.6620188298891 45.9537059249212 58.4030520808052 71.1923140212507 72.8722936691606 88.8175507049713 120.294483298435 97.7423696732765 107.945185539644 112.700276591523 131.456856694115 187.529754638672 148.502288818359 124.912406269708 66.0212078699351 92.3224457280669 176.125381469727 0 178.264464301886 147.444826486814 171.085870413879 104.130931216316 174.29295652004 132.716302520045 0 116.202806695908 166.266180855399 0 96.6242671773854 106.189167562724 153.945389508124 115.759002150394 0 114.4715063647 62.2974809762937 102.05304777289 114.751641124596 105.56966054791 108.014564743354 94.3392364893369 132.568987087172 154.339400369114 127.135217189777 208.799240112305 0 0 112.526634169484 152.537183541772
75.4167447424386 77.264237312199 85.978272887888 24.7087974215319 95.2086371087314 71.7552400400445 50.6970703776404 86.7317878465394 23.2866313030976 65.7990969509549 136.088445095818 29.9943042832921 122.152403274906 84.2299358225418 49.2354348634806 38.9128316175777 117.242114053803 142.992484566085 134.164990402583 20.7274053559089 34.7347663678345 33.7401028151321 61.5019661730309 0 105.919533974777 119.955805105767 80.4774457151052 17.0043514530406 75.4177034274406 44.3271113676144 141.903272586489 124.388875194294 65.9508565849279 78.0004939691948 143.924426309532 82.8681787225005 89.7048447136857 88.7426201377598 91.6001023894503 58.6864066869871 97.1286739922687 120.097948244545 118.199434484014 118.573532072643 128.102967904918 125.551765820847 112.767045719987 145.596154725254 141.667949663177 116.482356549916 115.756587333982 130.89322299511 74.6490477014999 161.943801879883 125.525177711247 108.653110470454 131.372825552559 58.9247850301136 119.26785200411 176.626851757839 88.5511639177639 172.243048527307 129.877056669777 90.3243448290221 109.331234981123 156.910238442335 187.86454173011 169.986105505878 114.823588055698 110.134990571369 77.9000173774928 119.434184125302 91.8970574143263 136.385170080566 151.685191529942 133.413646018584 105.405296109016 130.596529151628 103.437315535662 0 173.552291128333 116.576678025141 121.53380180019 170.461336484758
0 23.4419040577835 70.2519311388417 136.759246826172 0 119.659705511303 131.577856833335 105.556103692516 94.1614314517557 137.541875905521 31.7655727084986 136.71172464682 14.9765892221953 103.475868317817 146.697118350001 105.423778860853 60.5019072959202 44.7930575981602 45.9684767481801 133.066432640144 85.3887057699724 63.211704705082 79.3759946456472 105.919533974777 0 40.362744321947 26.0332245429217 117.267087697869 108.560745635186 100.745108639856 44.5739793356842 79.7045390050143 115.909856892111 45.4340337647853 148.450366866973 76.7793676427231 17.4796022755278 41.6088590019919 58.7713510493586 112.100402873343 123.822799682617 14.4567275446029 104.138306354743 39.0698502068667 73.2849173497225 94.9451571768777 0 0 32.5995658111988 224.735626220703 60.5107295054134 99.6199069207594 0 0 178.016036987305 182.688825445372 180.493576049805 96.3751072788891 191.737576590359 58.3263455143126 166.313125610352 38.2675611896517 210.122146947182 0 157.718963623047 97.7825117373951 73.2995100968952 78.1901711544328 0 0 95.0268026709909 143.398255457989 120.754599540356 26.8575217620848 71.6141250563368 72.2212740329982 152.424545275399 140.548793766031 151.311802544359 74.7762141552758 0 0 76.2412950590433 151.824798319584
119.94689092676 41.3489297634961 26.2724715708715 159.218305214832 75.0720672607422 98.5478168056606 131.061243798715 103.372403662848 107.590784734384 159.410582664432 35.0795328666551 153.729198144614 34.5211773301798 104.092475115759 128.495128079973 98.9169043936425 34.6819977745297 27.2594542923781 32.8418657185855 153.883346557617 51.5796335470565 79.5806833771621 44.0957823150352 119.955805105767 40.362744321947 0 29.3630141931534 71.5065587132515 100.4231328357 86.0607046273666 24.4026089775707 88.8252495428782 98.0474853515625 49.9274931843546 136.729936733281 72.0679396536097 40.9907123894358 50.0283416968345 58.9535035421199 81.1969170516031 77.5247430186831 60.995688390673 122.927299051042 73.8263672422921 104.685280362715 114.179029339249 152.750911557385 211.780227661133 70.6229062574113 157.029776441894 64.2148700712729 99.398490411623 112.037455036301 0 218.478301976555 176.749140005801 176.283771248327 152.963935315017 198.174075244254 96.1002657808528 174.00798034668 76.8917273130313 184.470810149949 174.083419799805 133.331107779157 100.350879512226 99.7333489327878 99.98023577394 0 138.367152919784 119.199352602275 138.026242041751 176.648197244186 62.7607123186036 90.3538420491156 91.115424420174 182.911815517658 164.589450675546 153.805383137485 106.948974335147 126.589576721191 151.63037109375 102.405572001928 154.010552422548
125.260428659175 33.2195238869868 27.571458877558 133.63914307384 109.558707388899 134.032558340913 94.6829357146187 114.888700072452 86.8446959689799 126.937317328373 53.2647807428488 122.17600529479 28.8221445570936 118.101621853676 109.381957014029 25.4682745996488 52.4345618586013 56.3355311241911 57.4569117611643 126.488654279789 47.1390961905992 41.6819112122192 32.9551361667432 80.4774457151052 26.0332245429217 29.3630141931534 0 72.0341072799561 110.957501069986 59.1508790392872 18.6104752675893 109.761707208116 107.906424893123 59.6691470114329 142.226470586519 73.7682113427501 45.8431686878802 59.3233956826531 65.3802302253359 82.6069873309143 78.2684320136444 62.578223981961 116.088452078759 80.6941310209397 102.87192498312 105.531015980612 132.086233034172 122.66462404204 75.9971371465428 153.894488884648 57.9954730402008 89.2616716557206 181.24989263023 0 174.144751403011 152.17109052412 174.624362075496 131.13055949414 188.097541468621 101.020147313694 0 82.6934955385722 172.512990262292 176.777184356271 97.1994192164926 100.320588616299 102.926409506886 102.832408472684 151.619988964269 120.18207792982 66.6254873318509 100.518405533157 132.735777542786 64.8120936823798 91.6717626052728 90.0461833593923 146.473786340414 175.285780909145 136.259210503188 111.824053223896 230.930313110352 214.548137147333 101.844464119085 156.963630365399
72.1803611022288 87.7969303084118 70.2409825326725 20.3572966266449 110.793999859334 74.4230340290721 33.5879934453509 89.2783833039393 52.2518131515988 27.8339707637128 124.243685234031 47.2173839347695 115.717046379004 83.7008901923425 79.0945055361694 32.7069223127063 107.272476140415 86.0775331913641 124.298552975958 25.6617144031818 24.4503140029791 50.8066858410214 46.4707829557006 17.0043514530406 117.267087697869 71.5065587132515 72.0341072799561 0 76.7484111582736 29.9726268385545 44.8040616708148 129.986264040306 69.3678962322334 78.8348259026011 148.440412825855 85.1216852992578 80.5589113315269 88.143088765015 91.4726592061441 82.3295451583186 99.465900914403 133.259208774924 129.253417454897 123.440191531201 139.416060633377 138.570261933296 120.045641597508 154.758411585221 169.203598901061 129.620174826324 130.402853019494 137.090669857597 131.338577985934 142.944412231445 135.796897491143 120.895134919513 142.415175799863 72.6867572764462 133.64384451942 159.0025546438 107.860353336022 168.385502793245 146.449828409234 120.01316158936 113.465859677427 169.651293219497 242.034408569336 190.191566552156 132.365056555756 115.369115479544 81.3546351986502 127.825991911288 103.733175534836 136.774193407925 155.101455326058 135.905125008779 117.715097025952 142.756912565147 114.999792774893 172.107788085938 201.299381614036 133.756609939328 134.946558107887 175.314242567716
18.0710638522097 117.502079153424 111.893185760375 103.818889977768 22.8598869581924 38.457495058999 57.5672915368068 38.2288231563278 69.659533198795 94.3495058182973 59.1697243055009 100.163317833057 80.0062364438935 29.778029633631 80.6002940407136 95.1877160705929 110.344611425452 81.594053299502 95.7294232407693 103.343419332345 81.7267152626947 68.9187769127709 92.1310906036697 75.4177034274406 108.560745635186 100.4231328357 110.957501069986 76.7484111582736 0 24.2970654717644 96.0024185180664 18.7880583620084 16.2599440663382 29.4690586040207 112.439977437746 55.6945730668036 56.453133342515 43.6029128023563 48.8545343134488 47.8021954820412 30.9487501277527 71.2868896271545 145.236310188275 159.494078024323 160.881158266258 146.088511648229 155.594088694378 192.104890367004 127.852432250977 138.013830051 185.843684873009 153.249490146061 151.221150570827 0 162.592170221726 141.100467926715 163.852303792325 90.3577288768248 159.796314361315 172.376874415113 165.101355847511 0 173.171094743951 175.413238525391 158.978958249986 182.384490966797 0 130.510330200195 154.82827264218 127.903113297516 109.052556568347 141.957972556997 125.062664668238 0 168.608411156456 157.577907855027 136.394728275141 154.255967278849 130.769272391074 0 231.383224487305 139.716882478353 159.856204119203 132.207869214213
32.9185032867634 70.5815402221596 49.1532544788291 82.6698050723554 103.820870665781 70.9378598910755 26.7037944956811 54.4094338970987 40.8744642312943 66.9962993206102 110.391312792135 88.545111799427 107.144493303573 44.6977439381042 65.6966718870497 40.1467710104001 84.5826832412164 144.959203269994 108.861182009022 88.6404872874432 17.5979268356539 29.0499267676508 32.9283475970618 44.3271113676144 100.745108639856 86.0607046273666 59.1508790392872 29.9726268385545 24.2970654717644 0 0 110.091222304504 44.902713130004 29.5148218002483 110.655611620501 37.8415322195435 31.8470534969012 36.9113335817583 40.8847683403244 47.8731623654719 66.4872278017409 104.068454404712 105.756249350922 91.2983343307264 121.870545172719 107.28216610295 117.391045259356 118.086450059418 0 107.969328790311 98.1455290585725 104.700713296776 119.944260451002 0 153.710051607829 109.968232780409 143.510552770203 65.2844077849857 134.737678739672 155.196533780759 132.348898006707 171.676620483398 135.359295850952 140.937199633447 83.9835953819185 127.383344141396 130.733245849609 146.56417882746 140.243181713642 90.7822603386759 52.0387669639226 94.6549135327845 89.4861635403224 144.026673855859 136.719124422809 108.045941566089 101.886442935512 124.996194049227 99.1315134108349 0 165.593554248732 105.033596716016 111.627849443383 132.997544910869
0 65.8501158438032 89.0010093052119 0 0 106.713167380281 0 149.127746582031 135.515148850493 158.908767700195 34.5319175370024 0 15.2692817302147 119.103697263668 0 132.68274270787 79.054160789092 46.4829363112867 58.3411183164221 0 90.9733718548114 100.478219102585 91.9057595988683 141.903272586489 44.5739793356842 24.4026089775707 18.6104752675893 44.8040616708148 96.0024185180664 0 0 0 0 67.4348145904119 0 95.3674212206322 51.0209909812283 61.7980400109227 70.9015579575288 0 89.7005233764648 56.7457514471332 156.723327636719 75.0089897843003 91.9761403473539 0 0 0 77.1485590767606 210.773223876953 99.532885673712 129.619366920262 0 0 0 0 0 0 0 97.5136991171484 0 76.0473068908022 0 0 0 129.154924522359 105.872423546604 112.321656159489 0 0 0 0 0 73.0153539935163 106.597886057498 102.499940505571 0 0 0 110.564223205352 0 0 111.914317414226 195.475601196289
78.5619071271898 175.164001464844 91.7473699508863 146.006446664232 11.0459473149494 16.9170150569877 110.814575564802 22.9099597834849 110.453792673396 114.284148379377 60.3356067432011 98.9676200085947 69.9070906740599 18.3437496495568 35.9765986198074 174.078463050417 77.1249389648438 99.3760528564453 101.193105008056 129.539599830389 93.2311365899911 129.844024658203 108.263170219421 124.388875194294 79.7045390050143 88.8252495428782 109.761707208116 129.986264040306 18.7880583620084 110.091222304504 0 0 69.7679377620921 23.3867173547879 118.997838426592 70.2172287935544 79.7589197293854 43.5204919289448 53.860304169818 27.1639419112463 16.1404656079961 65.732469647759 187.175619768935 0 0 209.007202148438 181.578033447266 0 0 0 0 0 216.328873103933 0 0 187.673591451699 217.212462447063 127.744339849165 195.209996735991 0 140.539566040039 0 221.881125285538 0 193.665283203125 236.028747558594 0 0 0 0 0 0 176.293814760435 0 0 161.836029052734 185.712806935048 206.060697636815 167.13092395162 0 0 192.105270385742 218.921249389648 0
